ProductId,Average_Rating,Rating_Count
B001MA0QY2,4.321385902031063,7533
B0043OYFKU,4.310456197012515,2477
B0000YUXI0,4.405039664022398,2143
B003V265QW,4.365421455938697,2088
B000ZMBSPE,4.42234198922097,2041
B003BQ6QXK,4.625651720542232,1918
B004OHQR1Q,4.4657824933687005,1885
B00121UVU0,4.538084874863983,1838
B000FS05VG,4.159848961611076,1589
B000142FVW,4.46790757381258,1558
B0046VGPHQ,4.440677966101695,1475
B001JKTTVQ,4.040871934604905,1468
B000TKH6G2,4.400290065264684,1379
B00150LT40,4.4373610081541885,1349
B003S516XO,4.4335560504825535,1347
B0056GDG90,4.046511627906977,1333
B006IBM21K,4.653482373172829,1163
B006L1DNWY,4.214223764093669,1153
B001AO0WCG,4.507922535211268,1136
B003UH0528,4.67870036101083,1108
B000UVZU1S,4.247963800904977,1105
B000VPPUEA,4.0251396648044695,1074
B0002JKPA4,4.0544933078393885,1046
B000L596FE,4.571572580645161,992
B00639DLV2,4.5616717635066255,981
B0058E3XJI,4.208245243128964,946
B007Q0WW0S,4.688888888888889,945
B008U1Q4DI,4.367974549310711,943
B005BF1M10,4.235421166306695,926
B008U12YV4,4.207567567567567,925
B004VFXVJW,4.237723214285714,896
B000ASDGK8,4.3108108108108105,888
B000HRVC5I,4.540112994350283,885
B00I073WLE,4.4818181818181815,880
B000OYJ9AO,4.517919075144508,865
B00016XJ4M,4.492307692307692,845
B004GQZX4M,4.023980815347722,834
B0009FHJRS,4.260869565217392,828
B002DOO1VA,4.11002444987775,818
B00CFRBIC0,4.5964912280701755,798
B00067YSLO,4.340880503144654,795
B0030O3VRW,4.09079283887468,782
B001UHN0I6,4.3402328589909445,773
B002WTC37A,4.205692108667529,773
B001RMP7M6,4.2109375,768
B008MP481M,4.350326797385621,765
B003V21WO2,4.279470198675496,755
B004Z209HS,4.548257372654155,746
B00IALDHDI,4.090785907859079,738
B004YBW5T0,4.186394557823129,735
B009HULKLW,4.348773841961853,734
B000P22TIY,4.3717421124828535,729
B002MZ8BK2,4.259310344827586,725
B005Y6F4WO,4.4875,720
B0009OAGXI,4.1360448807854135,713
B002JSL6QI,4.383638928067701,709
B005UBN5AQ,4.682719546742209,706
B00006IV2F,4.34375,704
B003MJ7Z0O,4.09,700
B009RNUH4A,4.336676217765043,698
B003FBI9LS,4.277858176555716,691
B0009XH6TG,4.079825834542816,689
B000S0CKRS,4.059679767103348,687
B00176B9JC,4.250363901018923,687
B0090UJFYI,4.362043795620438,685
B002MSN3QQ,4.585043988269795,682
B0002Z8HAI,4.442647058823529,680
B00C7DYBX0,4.044709388971684,671
B003QKL5YQ,4.208083832335329,668
B0001ZYLAO,4.351351351351352,666
B000F35R00,4.580060422960725,662
B004TSFBNK,4.69894099848714,661
B007TNHQOY,4.216463414634147,656
B003COAFPQ,4.276827371695179,643
B006U98T08,4.010954616588419,639
B000UM2KCY,4.395833333333333,624
B000CC08VC,4.281098546042003,619
B000ELP5KA,4.44336569579288,618
B009GEUPDS,4.337662337662338,616
B000PLUZL8,4.197068403908795,614
B000WNLFBI,4.056013179571664,607
B002RXW5BA,4.281198003327787,601
B000142C1A,4.276666666666666,600
B003V264WW,4.262103505843072,599
B0047ETXD0,4.208681135225375,599
B009GIOVKC,4.578595317725752,598
B0012J30LY,4.204355108877722,597
B0079R6BD2,4.010084033613445,595
B0085WHBHU,4.1632996632996635,594
B008B4FKLG,4.109983079526227,591
B0000CC64W,4.322033898305085,590
B001U9M2EW,4.429301533219761,587
B00005O0MZ,4.082051282051282,585
B005GHP5UC,4.352136752136752,585
B0002Z8QG8,4.454388984509467,581
B000UPRSKA,4.134513274336284,565
B000ODNSR0,4.662522202486678,563
B00132ZG3U,4.341030195381883,563
B00004TUBL,4.634408602150538,558
B0000AFUTL,4.60573476702509,558
B00D6EDGYE,4.440860215053763,558
B002QI1E9K,4.296229802513465,557
B00GP184WO,4.373429084380611,557
B008TBTA6C,4.563176895306859,554
B000C1ZDTU,4.204339963833634,553
B005X2F7KI,4.337568058076225,551
B00CNOUZE2,4.658181818181818,550
B000NWGCZ2,4.569852941176471,544
B000R80ZTQ,4.187022900763359,524
B001TJXI5U,4.396946564885496,524
B0083QNBCM,4.139579349904397,523
B000F63TW0,4.380769230769231,520
B008O4YM4Y,4.475915221579961,519
B004FEKA3E,4.0505836575875485,514
B004DIXYWG,4.1364522417154,513
B002TPQPEE,4.521484375,512
B00178TVXG,4.500978473581213,511
B006ZBP8NM,4.103921568627451,510
B008RVYJS8,4.301960784313725,510
B000OQ2DL4,4.455795677799607,509
B002CSPKSU,4.232741617357002,507
B00GFBWWWC,4.598409542743539,503
B003ILUQPM,4.141153081510934,503
B0009V8N5E,4.2235528942115765,501
B00FAEOCP0,4.429141716566866,501
B006QO4BRM,4.014,500
B000RRKCVS,4.256,500
B00021C1LI,4.458917835671342,499
B0007IQMVG,4.331325301204819,498
B0007W1R58,4.042338709677419,496
B003F2T0M4,4.238383838383839,495
B00L5JHZJO,4.526639344262295,488
B003UNP20W,4.728778467908903,483
B001HTYJLO,4.336798336798337,481
B0009OAHVO,4.320833333333334,480
B002UU9Q6W,4.05,480
B0013TM9UQ,4.541666666666667,480
B000IOFQWK,4.160751565762004,479
B000L9YYTS,4.3691983122362865,474
B0008IV7BU,4.29957805907173,474
B001HKR6WM,4.1395348837209305,473
B000ZLVUYO,4.5190677966101696,472
B005OSQGN8,4.2756410256410255,468
B0023A7JF4,4.316239316239316,468
B006ZAPMT8,4.059957173447537,467
B000X2STQ2,4.105150214592275,466
B001DKQ3O8,4.47741935483871,465
B0000Y3LAC,4.079913606911447,463
B0030HMQTS,4.449244060475162,463
B001ET77NY,4.719222462203024,463
B002X9XV48,4.292841648590022,461
B007O7AZBG,4.780911062906725,461
B0009MHJE4,4.195652173913044,460
B004XA81ZE,4.626086956521739,460
B0092MCO88,4.215686274509804,459
B002QANC2A,4.32244008714597,459
B00H93NJLS,4.6965065502183405,458
B0018DAUKI,4.649122807017544,456
B001330XFA,4.41978021978022,455
B000B8FW0Y,4.550884955752212,452
B001OMI93S,4.269911504424779,452
B00325D0WK,4.12751677852349,447
B001MWV40U,4.436241610738255,447
B0007CXX82,4.237668161434978,446
B001C6H6F8,4.3589164785553045,443
B004LJ0ZK6,4.110859728506787,442
B000TAE0RK,4.403628117913832,441
B0030HKJ8I,4.237442922374429,438
B001CT0AGC,4.020642201834862,436
B00D9NV20C,4.752314814814815,432
B000G33KEO,4.4292343387471,431
B000GHWSG6,4.4581395348837205,430
B009SCRSHE,4.200466200466201,429
B00GS83884,4.704918032786885,427
B00F008GFQ,4.868544600938967,426
B0000UTUW4,4.356973995271868,423
B002A9JONI,4.12085308056872,422
B000U0F9GA,4.341288782816229,419
B004K3D0FK,4.294258373205742,418
B002TSA90M,4.354066985645933,418
B002QI1F8A,4.233173076923077,416
B00CE2JC9W,4.279518072289156,415
B000YJ2SLG,4.595180722891566,415
B004TSFE28,4.640096618357488,414
B000Q8LFX2,4.263922518159807,413
B005F4BH8A,4.598062953995157,413
B00021AK4I,4.310679611650485,412
B000052YM7,4.196601941747573,412
B002B9DWBC,4.114355231143552,411
B000C1UFP2,4.452322738386308,409
B00008J2XQ,4.586206896551724,406
B000KFX10G,4.6182266009852215,406
B0063TFLG0,4.019900497512438,402
B000NNDNYY,4.7925,400
B00126IXLO,4.265664160401003,399
B001183N8G,4.050125313283208,399
B002XQ1YT0,4.258793969849246,398
B00GJX58PE,4.889447236180905,398
B001G7OCSM,4.204030226700252,397
B0058L24O6,4.02020202020202,396
B0009OAHC8,4.195431472081219,394
B004ZD2M6I,4.206632653061225,392
B001S261Q6,4.40153452685422,391
B003SSTL42,4.038659793814433,388
B0036BI56G,4.129198966408269,387
B000OZDOCW,4.568475452196383,387
B00BD822BI,4.385012919896641,387
B000PHRIQM,4.380829015544041,386
B006ZA0A5Y,4.380208333333333,384
B00G2TQNZ4,4.589473684210526,380
B000F37UNM,4.4605263157894735,380
B0067JF88M,4.229551451187335,379
B00D3M0CRS,4.577836411609499,379
B0009XH6SC,4.153846153846154,377
B001ABLKK2,4.485411140583555,377
B000050B6U,4.175066312997347,377
B002QG6P9G,4.551724137931035,377
B0026J10CU,4.610079575596817,377
B005WTKB2Q,4.677333333333333,375
B004R6HIR6,4.112903225806452,372
B007BJ3KQ4,4.21505376344086,372
B002QFGQAK,4.243243243243243,370
B003H0U5BY,4.4135135135135135,370
B005H8PTR4,4.333333333333333,369
B0019LWU2K,4.581521739130435,368
B005X2F7JY,4.073770491803279,366
B001ET76EY,4.324175824175824,364
B0027A7CLG,4.068870523415978,363
B00397XUIK,4.2430939226519335,362
B0033EUIO8,4.238888888888889,360
B00C8G2VLK,4.641666666666667,360
B009HKAWFC,4.1364902506963785,359
B004TSFE6Y,4.343575418994414,358
B000G666HE,4.577464788732394,355
B00C8YCFU4,4.594366197183098,355
B00021DJ32,4.501408450704226,355
B001DYM62C,4.309859154929577,355
B000GCQV9G,4.096045197740113,354
B002L6NZHG,4.2719546742209635,353
B00A0IWSIO,4.423295454545454,352
B0000UTUVU,4.339031339031339,351
B002CSPIKA,4.2628571428571425,350
B003UTEE32,4.123209169054442,349
B000C1Z1HE,4.364942528735632,348
B002OVV7F0,4.202312138728324,346
B0020MMCJI,4.137426900584796,342
B000052YP6,4.642228739002933,341
B0010XUU9M,4.46041055718475,341
B000KVH1QU,4.179411764705883,340
B00A6H2DD4,4.218289085545723,339
B0050EB0BE,4.466076696165191,339
B006T6Y56E,4.147492625368732,339
B004DIUWAI,4.014749262536873,339
B000C1Z6TC,4.353982300884955,339
B00KWFDBKE,4.757396449704142,338
B0036QQWAC,4.491124260355029,338
B004H85FTM,4.455621301775148,338
B00178VX50,4.406528189910979,337
B005D0WXPC,4.071216617210682,337
B0059NA3MI,4.192878338278931,337
B0012QD7EC,4.214285714285714,336
B000I20Q72,4.309523809523809,336
B0057JCYYE,4.3104477611940295,335
B00006598X,4.504504504504505,333
B00563K6VO,4.051204819277109,332
B000PI36W6,4.3202416918429005,331
B002RGRJC2,4.018126888217522,331
B00008CMOQ,4.336363636363636,330
B001LF4I8I,4.245454545454545,330
B000O3OZD6,4.193939393939394,330
B004FJHEHY,4.4363636363636365,330
B00D6EDGZI,4.328267477203648,329
B000JVA80C,4.307926829268292,328
B00FFANXMM,4.553516819571866,327
B002HEW7Z8,4.20679012345679,324
B000EPA4FW,4.037267080745342,322
B004HFBC9W,4.285714285714286,322
B008PEXV3Q,4.043613707165109,321
B007SZCG0C,4.459375,320
B0006M5566,4.5141065830721,319
B000Q7XDR4,4.470219435736677,319
B00BFFQMBA,4.462264150943396,318
B000UV3HW2,4.644654088050315,318
B009RNUH8G,4.4905063291139244,316
B0009V1YRS,4.0284810126582276,316
B00014WW38,4.284810126582278,316
B002LE8OX8,4.238095238095238,315
B0002YFQ6W,4.580952380952381,315
B003PFBCTU,4.194888178913738,313
B000052YMR,4.706070287539936,313
B000E8O8UQ,4.207667731629393,313
B000C1Z2D2,4.480769230769231,312
B002LIXTFC,4.362179487179487,312
B003UJHSUI,4.218649517684887,311
B005XUFU8E,4.472668810289389,311
B0012XO2W6,4.551612903225807,310
B0036LMFYO,4.184466019417476,309
B000EY4YLS,4.44336569579288,309
B000G1MT2U,4.188311688311688,308
B00GCQMSVA,4.543973941368078,307
B0009OAGRE,4.348534201954397,307
B007RT19V6,4.527687296416938,307
B002B4IQ9A,4.03921568627451,306
B005TKZS76,4.542483660130719,306
B000L8GL8G,4.42483660130719,306
B00008MNZH,4.039344262295082,305
B00264NW7G,4.528052805280528,303
B0013CSGBE,4.257425742574258,303
B000H88QOM,4.365448504983389,301
B005KSZKTI,4.1395348837209305,301
B000BTO6CI,4.438538205980066,301
B00CYA5E1O,4.1033333333333335,300
B00006FRW7,4.223333333333334,300
B003GDK6F2,4.409395973154362,298
B002N5MKMG,4.3367003367003365,297
B000QE5GU4,4.351351351351352,296
B00641UCY8,4.253378378378378,296
B00092M2VO,4.0508474576271185,295
B0009STDD8,4.4,295
B007Q22HMY,4.4271186440677965,295
B0022077CK,4.576271186440678,295
B004DIXYUI,4.030508474576271,295
B000RUJJAU,4.340136054421769,294
B002GDIKK6,4.370748299319728,294
B000ALDK1A,4.3447098976109215,293
B0019IC2N0,4.324232081911263,293
B0009PVV4A,4.294520547945205,292
B000Q2RP7I,4.640410958904109,292
B000F0QCWA,4.301369863013699,292
B00028OC4K,4.364261168384879,291
B000JL7Z5S,4.3068965517241375,290
B007U90J5U,4.679310344827586,290
B001XVYBGO,4.429065743944637,289
B003RF82UK,4.228373702422146,289
B0009XH6V4,4.204152249134948,289
B004LEJ8R2,4.356401384083045,289
B000052XZP,4.059027777777778,288
B00DLRNSSK,4.256944444444445,288
B000KNHJ5G,4.456445993031359,287
B00HNKRYP4,4.43205574912892,287
B0009JQFF6,4.062717770034843,287
B00CGN9LQ8,4.405594405594406,286
B00D0ANSAG,4.79020979020979,286
B003ZTVDBS,4.712280701754386,285
B000E8VI9U,4.017543859649122,285
B001OVQSJG,4.252631578947368,285
B006RFZ66K,4.049122807017544,285
B005HO0A1I,4.598591549295775,284
B003VI0HVA,4.014134275618375,283
B000F6RFX4,4.198581560283688,282
B004KQT68C,4.336879432624113,282
B003IU9HI0,4.067615658362989,281
B008U5JB3Y,4.142348754448399,281
B003TQU1Q0,4.5587188612099645,281
B005XP4YNQ,4.142348754448399,281
B000EM79QM,4.601423487544484,281
B00CHMWAY8,4.690391459074733,281
B000980PGM,4.555555555555555,279
B000TW2JQC,4.405017921146953,279
B001B1831U,4.60431654676259,278
B002O0D8P8,4.348920863309353,278
B002PR2GLM,4.129963898916968,277
B009YSSLAU,4.25,276
B001T0HHDS,4.5144927536231885,276
B002Q6UK9M,4.384057971014493,276
B0019IVEEI,4.398550724637682,276
B00G75X158,4.5978260869565215,276
B005SJSQIG,4.156363636363636,275
B0009MHJS0,4.306569343065694,274
B004XJNQXW,4.285714285714286,273
B006UET5UG,4.334558823529412,272
B0094GHGQM,4.198529411764706,272
B0020MMCZW,4.5,272
B0089JVDPK,4.470588235294118,272
B000052ZTY,4.390334572490707,269
B003YM5RA4,4.713754646840148,269
B003B6S36S,4.438661710037175,269
B003ICXCG6,4.141791044776119,268
B0053L2E1O,4.254681647940075,267
B006ZBKH2Y,4.258426966292135,267
B00HNSS8X8,4.172932330827067,266
B000UWH3SU,4.135338345864661,266
B000R87B1Q,4.142857142857143,266
B006L16BHS,4.158490566037736,265
B00028M3N2,4.445283018867925,265
B008RS4LO8,4.0,265
B000I5MJ8S,4.621212121212121,264
B0018SAJAY,4.121212121212121,264
B001UREIFU,4.166666666666667,264
B000BY2N7S,4.15530303030303,264
B002WJOOIQ,4.125,264
B002CMLS50,4.178707224334601,263
B005I2MP62,4.490494296577947,263
B0084HCIHY,4.240458015267175,262
B00ATFJ8NQ,4.333333333333333,261
B0000536P3,4.287356321839081,261
B002CMLS46,4.256704980842912,261
B004DHYZU2,4.467432950191571,261
B0039UT9QE,4.196153846153846,260
B002N5MI2S,4.55,260
B006OMHR1S,4.365384615384615,260
B00IP42FBA,4.796153846153846,260
B001BAG38G,4.123076923076923,260
B002GENWU8,4.111969111969112,259
B002TPO0W8,4.328185328185328,259
B00AO4EKSU,4.135658914728682,258
B007ZXR4I6,4.558139534883721,258
B000S8JB68,4.209302325581396,258
B000YJ2SKM,4.3604651162790695,258
B000F8JUJY,4.387596899224806,258
B001CTQMIC,4.214007782101167,257
B000W0YAOA,4.377431906614786,257
B000VV1ZMU,4.396887159533074,257
B00CXADQ4M,4.2412451361867705,257
B0038TVH3Y,4.01953125,256
B006U95N34,4.6484375,256
B0017SWIU4,4.296875,256
B00EYSNWXG,4.28125,256
B002RUH3OM,4.69140625,256
B000WZR1R8,4.08203125,256
B004N7DQHA,4.78515625,256
B004TSF8R4,4.756862745098039,255
B000OFB5QO,4.333333333333333,255
B000H6P7HS,4.1607843137254905,255
B000052YOL,4.188235294117647,255
B003YUDRNK,4.1607843137254905,255
B00HJD8NLY,4.834645669291339,254
B001G7PPNI,4.34251968503937,254
B0092SVTGA,4.1936758893280635,253
B005VX8S4G,4.288537549407114,253
B00D76IRXQ,4.5770750988142295,253
B0006O2IQ4,4.715415019762846,253
B005MG86TY,4.466403162055336,253
B0049OLZ84,4.217391304347826,253
B004S2G4FG,4.563492063492063,252
B000TMM2PU,4.235059760956175,251
B00FZ1CGME,4.302788844621514,251
B002VQTI4K,4.46613545816733,251
B00DM14TYC,4.294820717131474,251
B005LN66Y0,4.46215139442231,251
B0009OAI8G,4.636,250
B000W96VLQ,4.608,250
B00DCF7QW0,4.052,250
B0016836RY,4.288,250
B0039UTO3M,4.0120481927710845,249
B000RGZK02,4.232931726907631,249
B00AHF1GK6,4.221774193548387,248
B0049WJA9C,4.620967741935484,248
B00005NAOD,4.431451612903226,248
B000AO2NXS,4.173387096774194,248
B0035RE2TA,4.294354838709677,248
B0036QFZ46,4.668016194331984,247
B004KG2XDW,4.0242914979757085,247
B0007506U2,4.361788617886178,246
B001UE60E0,4.587755102040816,245
B004KATCFK,4.1959183673469385,245
B003AKHQG8,4.114754098360656,244
B000F8HWXU,4.471311475409836,244
B008B9DU22,4.241803278688525,244
B00AHF1GTM,4.282786885245901,244
B000TUC9AA,4.155737704918033,244
B005UL1B34,4.567901234567901,243
B0021EY2O8,4.337448559670782,243
B001ET78L0,4.533057851239669,242
B0013QOIGC,4.615702479338843,242
B000SX3380,4.293388429752066,242
B001FS0HAY,4.25206611570248,242
B000ZICQ36,4.240663900414938,241
B004BUDK6G,4.2987551867219915,241
B000BB9L0S,4.655601659751038,241
B0070O5UH2,4.053941908713693,241
B009RNUH7M,4.2,240
B000GCVZSI,4.05,240
B005HO0A18,4.558333333333334,240
B009FKNGGQ,4.045833333333333,240
B004MUG8V4,4.548117154811716,239
B000FH4T3M,4.196652719665272,239
B00IBS9QC6,4.874476987447698,239
B000AU9PEC,4.487394957983193,238
B002WTC37U,4.53781512605042,238
B002LE54P4,4.142857142857143,238
B000EEX7TI,4.23109243697479,238
B009FKNGRA,4.476793248945148,237
B007HOCQVS,4.050632911392405,237
B006BA3BAY,4.160337552742616,237
B006U9D6D8,4.177966101694915,236
B0049J7P3S,4.3940677966101696,236
B002QY86BI,4.2076271186440675,236
B000GUZ8HY,4.27542372881356,236
B0012C8TXU,4.495762711864407,236
B0043OSKZG,4.372881355932203,236
B00493YBXG,4.029661016949152,236
B001HTTBWQ,4.438297872340425,235
B001EM1BBK,4.519148936170213,235
B003N4ST94,4.25531914893617,235
B006YC3UP0,4.127659574468085,235
B004HSO124,4.417021276595745,235
B008WG7X8Q,4.212765957446808,235
B000OLE7V8,4.23404255319149,235
B000W3QDJ2,4.417021276595745,235
B001E5EDJY,4.208510638297873,235
B006ZENPYS,4.221276595744681,235
B002UUT38I,4.3760683760683765,234
B001AD0HL8,4.064102564102564,234
B002CML1XE,4.3931623931623935,234
B001QTW2FK,4.2905982905982905,234
B007ML0OY2,4.021367521367521,234
B00FYPL3N4,4.247863247863248,234
B00FH692PQ,4.416309012875536,233
B000KJJX0Y,4.339055793991417,233
B000RZLL38,4.291845493562231,233
B00JJVG6HC,4.690987124463519,233
B0058P6S2Q,4.366379310344827,232
B003SSTKHU,4.35064935064935,231
B000C234ZY,4.333333333333333,231
B001DOA73C,4.229437229437229,231
B0028RC5N8,4.41991341991342,231
B005FJQQMC,4.337662337662338,231
B004MIKDBW,4.369565217391305,230
B000QUM5LG,4.6347826086956525,230
B00092M2ZU,4.1869565217391305,230
B00DQUVXPW,4.247826086956522,230
B002NGMEVC,4.436681222707423,229
B004INQ65S,4.139737991266376,229
B009DDGHFC,4.0174672489082965,229
B00011QTZI,4.288209606986899,229
B00AO4EMKQ,4.366812227074236,229
B002NGMENA,4.039301310043668,229
B000C1UBFG,4.280701754385965,228
B001FOFI0W,4.666666666666667,228
B000052YOR,4.530701754385965,228
B0014UAHQW,4.06140350877193,228
B0051SDC2Y,4.224669603524229,227
B005BG02BU,4.325991189427313,227
B0080GV0Z0,4.475770925110132,227
B000VEQLHQ,4.039823008849558,226
B003TG9C74,4.306666666666667,225
B003ES7GRA,4.0488888888888885,225
B00CNTJHQO,4.346666666666667,225
B0001EL658,4.044444444444444,225
B0013OFRUK,4.222222222222222,225
B00021AYF8,4.665178571428571,224
B002CSOYIC,4.03125,224
B001T8JLRK,4.035714285714286,224
B0073P01RC,4.348214285714286,224
B00B2B2VGW,4.517857142857143,224
B004ITB3IW,4.232142857142857,224
B00006JT6O,4.09375,224
B00683MOWK,4.300448430493273,223
B002QASVFS,4.3991031390134525,223
B0012RYDWG,4.309417040358745,223
B000IEL5FC,4.2242152466367715,223
B00AEYGIR6,4.481981981981982,222
B00365DABC,4.423423423423423,222
B00A41G09A,4.626126126126126,222
B0000Y3FRG,4.728506787330317,221
B000PQDKU6,4.389140271493213,221
B000177FXW,4.5565610859728505,221
B00CJ01QT8,4.209090909090909,220
B009G0OO7U,4.281818181818182,220
B000PW7K38,4.527272727272727,220
B0029ERWH4,4.368181818181818,220
B000BX1Z00,4.429223744292237,219
B001MX89Y8,4.178082191780822,219
B00028LN1K,4.328767123287672,219
B001H54SQ4,4.269406392694064,219
B0043OWJG2,4.678899082568807,218
B00170E81O,4.055045871559633,218
B000I1OYNK,4.4495412844036695,218
B0009OAHRS,4.348623853211009,218
B0011UYY9Q,4.623853211009174,218
B002LSTMB2,4.215596330275229,218
B000CSDDDG,4.626728110599078,217
B003V808ZA,4.129032258064516,217
B00113HO90,4.566820276497696,217
B00AO4EL34,4.253456221198157,217
B00021CNCK,4.333333333333333,216
B000C1W2DK,4.449074074074074,216
B0000Y3D4G,4.623255813953488,215
B000GHYSVE,4.511627906976744,215
B004GC2LLE,4.73953488372093,215
B003RW2K0G,4.4186046511627906,215
B000VBDWQC,4.32093023255814,215
B002QHFG3Q,4.153488372093023,215
B0012RSXNG,4.5607476635514015,214
B00G0EJYFW,4.565420560747664,214
B00356UHT0,4.392523364485982,214
B0037AO682,4.093457943925234,214
B000QSDHPG,4.088785046728972,214
B0038B9ALI,4.200934579439252,214
B007TL60IE,4.098130841121495,214
B000NYL3NQ,4.565420560747664,214
B00014DZ2K,4.690140845070423,213
B0000535RD,4.093896713615023,213
B00AINMFAC,4.488262910798122,213
B003B9DWMA,4.328638497652582,213
B000A3I2X4,4.187793427230047,213
B006FKLRIS,4.460093896713615,213
B00008ZPGA,4.474178403755869,213
B000X2W6LQ,4.34433962264151,212
B003EBNLIA,4.40566037735849,212
B008FX7B9M,4.639810426540285,211
B0030HAF4G,4.208530805687204,211
B004GIM68G,4.691943127962086,211
B006X1DCFK,4.502369668246446,211
B008U2Y9BQ,4.199052132701421,211
B000127UUA,4.814285714285714,210
B00AE0790U,4.147619047619048,210
B0043TUSME,4.080952380952381,210
B004ATTGSY,4.061904761904762,210
B003UF0RB4,4.609523809523809,210
B004MUG8SM,4.69377990430622,209
B001LVA0XO,4.019138755980861,209
B004NCFOZM,4.617224880382775,209
B001R201DQ,4.54066985645933,209
B0000YUX4O,4.177884615384615,208
B001KYNXKY,4.5,208
B005G9E98O,4.105769230769231,208
B000OZF8W6,4.36231884057971,207
B000TK99NU,4.314009661835748,207
B001EDHAU0,4.086956521739131,207
B000U2AQNY,4.492753623188406,207
B00014DMQE,4.270531400966184,207
B000JI9JYQ,4.640776699029126,206
B000NLHXEC,4.655339805825243,206
B0019CU2GU,4.121359223300971,206
B003ODETES,4.014563106796117,206
B000JL3U1Q,4.558252427184466,206
B000NB1OMO,4.380487804878049,205
B00164FKWW,4.5512195121951216,205
B004TSFBJO,4.53170731707317,205
B00027D8IC,4.078048780487805,205
B001MA7QFO,4.536585365853658,205
B0084PXVX6,4.64390243902439,205
B003TNQG4E,4.53170731707317,205
B005TI7LHS,4.004878048780488,205
B00535OW6A,4.053921568627451,204
B001UHN0HM,4.2745098039215685,204
B004WG4CQ6,4.504901960784314,204
B00005NFBJ,4.142156862745098,204
B00A0J084Y,4.192118226600985,203
B000J41MNG,4.211822660098522,203
B000XTFP0I,4.103448275862069,203
B000XE5260,4.192118226600985,203
B002VH64KA,4.6683168316831685,202
B000ASDX3S,4.138613861386139,202
B001IAINFU,4.257425742574258,202
B005WTYEYW,4.400990099009901,202
B000ORV3NC,4.356435643564357,202
B0003009NK,4.301980198019802,202
B001CJFEYK,4.01980198019802,202
B006X1H2P6,4.288557213930348,201
B0002JKQ8K,4.5721393034825875,201
B0000C0XL8,4.462686567164179,201
B00631JA8S,4.47,200
B001E763NQ,4.615,200
B000TKH6FI,4.306532663316583,199
B001LNTNGC,4.1708542713567835,199
B00008BNZ4,4.271356783919598,199
B006Z43V38,4.080402010050252,199
B002LFLPEC,4.316582914572864,199
B001I45ZFC,4.64321608040201,199
B002N0U37A,4.296482412060302,199
B001DKK7Y0,4.454545454545454,198
B000OQ6YTG,4.282828282828283,198
B0038YW3BY,4.222222222222222,198
B000F4DLBG,4.297979797979798,198
B001KYO7OA,4.111111111111111,198
B00070E8IS,4.267676767676767,198
B001ARQWW2,4.277777777777778,198
B005UKRRKG,4.44949494949495,198
B000052YJH,4.702020202020202,198
B00027D0DU,4.186868686868687,198
B00181OKDI,4.3604060913705585,197
B0009OAHWI,4.3908629441624365,197
B00HZ7IRSI,4.477157360406092,197
B0009953JA,4.553299492385787,197
B000KOHSQA,4.1938775510204085,196
B0018MIT70,4.479591836734694,196
B0009OAHOG,4.204081632653061,196
B006GTKSHY,4.724489795918367,196
B000V2ACH8,4.6020408163265305,196
B002PBCAEQ,4.26530612244898,196
B0001EKWPI,4.717948717948718,195
B00AVP37G8,4.143589743589744,195
B007ROCZVY,4.517948717948718,195
B001H270RQ,4.512820512820513,195
B004HFBDE6,4.271794871794872,195
B0077S35WS,4.543589743589743,195
B00BRGUNV2,4.061855670103093,194
B004TTXMQ2,4.195876288659794,194
B000VEN3RW,4.180412371134021,194
B00CJ0TZ1E,4.829896907216495,194
B00128WK4I,4.216494845360825,194
B003EMIX8W,4.731958762886598,194
B000GCQ04C,4.412371134020619,194
B0016P4P4K,4.55440414507772,193
B00A4GHF9Y,4.274611398963731,193
B0018BTA2Y,4.5025906735751295,193
B00GOJMIWO,4.661458333333333,192
B00127C83M,4.0625,192
B008Q0E714,4.8125,192
B000C1ZA0C,4.612565445026178,191
B004Z67NSM,4.549738219895288,191
B00I6CRX04,4.2565445026178015,191
B00008ZPG9,4.041884816753926,191
B006XJ0Y0I,4.326315789473684,190
B0028MITHO,4.0473684210526315,190
B000WUD83E,4.505263157894737,190
B004CASKMO,4.368421052631579,190
B00AR03HRG,4.663157894736842,190
B0009N5EZY,4.294736842105263,190
B000053L6W,4.147368421052631,190
B005Z2X5JQ,4.326315789473684,190
B0006ZEVU4,4.315789473684211,190
B00GMAWI66,4.726315789473684,190
B000Z91JAQ,4.468421052631579,190
B004LP4CVS,4.465608465608466,189
B001FWXMGG,4.481481481481482,189
B003ZBL820,4.243386243386244,189
B0013L3XMM,4.01058201058201,189
B00APV7OWG,4.507936507936508,189
B003NXM9HS,4.169312169312169,189
B00CQGUSZ8,4.196808510638298,188
B008JVZMDM,4.1861702127659575,188
B00B99O5WK,4.0638297872340425,188
B0041W9S4W,4.404255319148936,188
B0000ZHH5G,4.680851063829787,188
B00A0J09G6,4.304812834224599,187
B0009V2S8M,4.550802139037433,187
B001HTCYPC,4.46524064171123,187
B006WMYMRW,4.037433155080214,187
B0009N35D2,4.245989304812834,187
B00BB8ZHIU,4.32620320855615,187
B0052BHMOO,4.150537634408602,186
B00283O7LK,4.688172043010753,186
B002Y26V00,4.60752688172043,186
B00BRW1AFO,4.682795698924731,186
B003H2MR2W,4.446236559139785,186
B000RYSXWG,4.403225806451613,186
B0083VCV1O,4.408602150537634,186
B0048KSGZO,4.354838709677419,186
B000G8LWZI,4.2,185
B00A0J09C0,4.286486486486487,185
B00942W51C,4.043243243243243,185
B001LF4G4Y,4.594594594594595,185
B0029OAL86,4.135135135135135,185
B0026RCMAG,4.221621621621622,185
B0033AYPXC,4.562162162162162,185
B00008X5CH,4.118918918918919,185
B0063I3R9O,4.394594594594595,185
B002QFGKUQ,4.032432432432432,185
B000068U49,4.190217391304348,184
B004CDQ73K,4.456521739130435,184
B001CT0954,4.375,184
B008LQX8J0,4.0,184
B002K4YMIA,4.201086956521739,184
B006X1KROY,4.358695652173913,184
B001VA8PWI,4.224043715846994,183
B0040WHH64,4.060109289617486,183
B0006M56BK,4.185792349726776,183
B000HGIQRG,4.743169398907104,183
B000NJG82W,4.148351648351649,182
B006Z8BN02,4.241758241758242,182
B000ZOHOQO,4.131868131868132,182
B0027Z2720,4.818681318681318,182
B000BH92J2,4.164835164835165,182
B000C1ZCAK,4.428571428571429,182
B00A1Y177A,4.818681318681318,182
B006MRM2TW,4.038674033149171,181
B002WUVOBA,4.104972375690608,181
B001CPM03C,4.668508287292818,181
B004W8XLAM,4.176795580110498,181
B004MOU4C4,4.56353591160221,181
B001QOGXOG,4.397790055248619,181
B007XA49O8,4.56353591160221,181
B004NJ8WFO,4.272222222222222,180
B002WR58XS,4.272222222222222,180
B003I4BCXE,4.15,180
B00163JVJQ,4.372222222222222,180
B009TVWB1W,4.35,180
B005PZ2PNK,4.061111111111111,180
B000UBN5S8,4.238888888888889,180
B008BNTVHG,4.388888888888889,180
B000V26BQY,4.188888888888889,180
B002WDIPR8,4.427777777777778,180
B00009YJSJ,4.385474860335195,179
B00GHK20PK,4.553072625698324,179
B004530AB2,4.430167597765363,179
B00099E8ZA,4.5474860335195535,179
B00700H128,4.379888268156424,179
B0017ZDH52,4.4692737430167595,179
B000WZ6P34,4.754189944134078,179
B001H3JQ0E,4.636871508379889,179
B0009ET5JE,4.301675977653631,179
B002IT3KD0,4.353932584269663,178
B002KMXO36,4.393258426966292,178
B0009OAFUM,4.477528089887641,178
B004LUVN10,4.067415730337078,178
B001CYC4EI,4.421348314606742,178
B008ZHP9W4,4.440677966101695,177
B002B8BCA6,4.254237288135593,177
B00011QUKW,4.096045197740113,177
B0076J9RZW,4.406779661016949,177
B002RDBL7Y,4.52542372881356,177
B00IT69F62,4.751412429378531,177
B0089JVEPO,4.0,177
B001QYBURQ,4.175141242937853,177
B000052YM4,4.261363636363637,176
B0047WX5B8,4.011363636363637,176
B00IT1HKV4,4.738636363636363,176
B001ET76E4,4.7102272727272725,176
B001MP0T2Q,4.125,176
B00021B95W,4.181818181818182,176
B0009XH6UU,4.340909090909091,176
B00B1M0XCG,4.2272727272727275,176
B0016B5LAQ,4.0,176
B0022V2PKI,4.1647727272727275,176
B00GQ9I9IO,4.7371428571428575,175
B00GQ0GD4A,4.725714285714286,175
B001720JL0,4.402298850574713,174
B004BEBVZ4,4.2298850574712645,174
B00283SN92,4.264367816091954,174
B000S01TBG,4.649425287356322,174
B000NE6QP6,4.390804597701149,174
B0009OAIQI,4.385057471264368,174
B000052ZB4,4.080459770114943,174
B00EA5B2VW,4.396551724137931,174
B00FW6ELDY,4.586206896551724,174
B003XRZQ42,4.2988505747126435,174
B0045OR410,4.606936416184971,173
B00IDWP4IA,4.710982658959537,173
B002NGMEVM,4.179190751445087,173
B003GC4GH2,4.410404624277457,173
B000C1W38O,4.421965317919075,173
B002KP1WIW,4.3468208092485545,173
B00G5WO2VK,4.7398843930635834,173
B007004PZO,4.468208092485549,173
B000PNTQW0,4.203488372093023,172
B003T18TE6,4.540697674418604,172
B001NG0TXI,4.575581395348837,172
B000TTPZQ6,4.476744186046512,172
B00I46E8DC,4.912790697674419,172
B0002YE8WA,4.156976744186046,172
B000PHKE0O,4.558139534883721,172
B00004TUBV,4.269005847953216,171
B001ET734C,4.619883040935672,171
B00G052NFE,4.4678362573099415,171
B00A6O1AP4,4.233918128654971,171
B000JWM7FA,4.333333333333333,171
B0000AJ3PU,4.547058823529412,170
B001ET76OO,4.447058823529412,170
B003ZX32ZO,4.605882352941176,170
B0056KD6N2,4.470588235294118,170
B0053PTTU4,4.064705882352941,170
B007ISRNJS,4.511764705882353,170
B0011DMHZG,4.752941176470588,170
B009DU4QYE,4.176470588235294,170
B000A7VRYG,4.694117647058824,170
B000H88PCU,4.076470588235294,170
B003VMU63K,4.541176470588235,170
B00120IJSC,4.194117647058824,170
B003CTU5MO,4.195266272189349,169
B000CECSAO,4.544378698224852,169
B006HJPT7W,4.0828402366863905,169
B0007WZ7YU,4.420118343195266,169
B002SYXHTC,4.615384615384615,169
B0009EXOO6,4.591715976331361,169
B001TAIFZM,4.076923076923077,169
B000UGVVHK,4.2485207100591715,169
B0047F71SS,4.3609467455621305,169
B000GHGGKK,4.57396449704142,169
B006Z8B5HS,4.313609467455621,169
B0036I8BPE,4.355029585798817,169
B008RTNSJQ,4.396449704142012,169
B004W0OE0G,4.071005917159764,169
B000HIYE0M,4.2023809523809526,168
B007WFZ0XI,4.660714285714286,168
B000C1UAY8,4.523809523809524,168
B001QOGXO6,4.529761904761905,168
B00A0IWSN4,4.232142857142857,168
B003DVNKU0,4.029761904761905,168
B000ZV0D9W,4.523809523809524,168
B004BCT7G6,4.511904761904762,168
B00117CH5M,4.494047619047619,168
B001QFDTWO,4.488095238095238,168
B002M06SMU,4.321428571428571,168
B00KAL5JAU,4.761904761904762,168
B002VRLGX0,4.339285714285714,168
B0039NMCPG,4.065868263473054,167
B004WC2H8A,4.568862275449102,167
B000C1W6TK,4.3532934131736525,167
B0030MNNFO,4.634730538922156,167
B003USIHZY,4.161676646706587,167
B000RLXG6W,4.437125748502994,167
B000AAC8VO,4.610778443113772,167
B000US084U,4.437125748502994,167
B000FNCS5M,4.179640718562874,167
B000UPOBRI,4.203592814371257,167
B0082D69H0,4.156626506024097,166
B005OZF1S2,4.620481927710843,166
B00450MNBU,4.204819277108434,166
B007PQYHJW,4.283132530120482,166
B0019N6RFO,4.192771084337349,166
B0013TXEQE,4.578313253012048,166
B000VLH8W6,4.331325301204819,166
B0002WUHTU,4.451807228915663,166
B000N8CN4U,4.126506024096385,166
B000FZXGCE,4.524096385542169,166
B002HEW7X0,4.186746987951807,166
B0009OAIE0,4.626506024096385,166
B00AZSNW3E,4.403614457831325,166
B00008KA7P,4.289156626506024,166
B0014UEEXY,4.325301204819277,166
B0006FMK98,4.16969696969697,165
B0002JGU30,4.157575757575757,165
B001AN0UTC,4.224242424242425,165
B004VMGTY4,4.2,165
B0013UAPVK,4.303030303030303,165
B003JTA1IU,4.224242424242425,165
B005M1S68U,4.551515151515152,165
B000OZI8HS,4.13939393939394,165
B007JBF99U,4.036363636363636,165
B002HEW8C0,4.393939393939394,165
B0006B66D8,4.503030303030303,165
B002XPVHZ2,4.5182926829268295,164
B006KXA7EU,4.225609756097561,164
B001FB5NTG,4.865853658536586,164
B0050INH2U,4.201219512195122,164
B000092OX4,4.2073170731707314,164
B000URYTOQ,4.036585365853658,164
B0002DUSR0,4.121951219512195,164
B000P251I4,4.170731707317073,164
B001ET7HJI,4.286585365853658,164
B000E3A6F2,4.609756097560975,164
B001K6CPYC,4.2560975609756095,164
B00194Q7BC,4.306748466257669,163
B0065JCV84,4.355828220858895,163
B000052XW5,4.245398773006135,163
B000V1QLEM,4.190184049079755,163
B000XY9LT4,4.3128834355828225,163
B00ARX98R6,4.5030674846625764,163
B0000535RA,4.030674846625767,163
B001FB5IIM,4.693251533742331,163
B000TBW0NA,4.5,162
B001699TI8,4.5246913580246915,162
B00479FP4Q,4.635802469135802,162
B00GPWYF94,4.45679012345679,162
B0017U10SI,4.302469135802469,162
B0006MSVCG,4.290123456790123,162
B00KHH2VOY,4.802469135802469,162
B00BMVV3MK,4.39751552795031,161
B000C1UF3Y,4.192546583850931,161
B00157S30Q,4.22360248447205,161
B002XQ1Y86,4.3602484472049685,161
B000QTFT2Y,4.625,160
B00198ZPU2,4.575,160
B001R2S8HM,4.28125,160
B004D2DR0Q,4.15,160
B004NYSL9Q,4.0,160
B00GW1HKHW,4.53125,160
B00129XP8M,4.23125,160
B004YZMKKU,4.11875,160
B000F4EMP0,4.182389937106918,159
B004LCZEJK,4.188679245283019,159
B000C1VT3Y,4.534591194968553,159
B005IUGRBI,4.339622641509434,159
B000TDFA3K,4.2578616352201255,159
B000N8DMIQ,4.389937106918239,159
B001Q8560Y,4.2075471698113205,159
B0089JVEOK,4.50314465408805,159
B000HK1ON0,4.69811320754717,159
B002Z7EOOE,4.270440251572327,159
B001FYV0HM,4.477987421383648,159
B004FAJFDO,4.082278481012659,158
B008PUJBJS,4.6835443037974684,158
B007IY97U0,4.227848101265823,158
B00I32AN4K,4.7974683544303796,158
B003EUR1D2,4.006329113924051,158
B000Q8PV96,4.018987341772152,158
B001PNFFLK,4.544303797468355,158
B0046D754G,4.3354430379746836,158
B004KAVHG2,4.0,158
B000273PEO,4.050955414012739,157
B001CT02B0,4.070063694267516,157
B0010H93A0,4.050955414012739,157
B002MJG5T2,4.044585987261146,157
B0018OWHQM,4.165605095541402,157
B00121PZZG,4.191082802547771,157
B002QA1VDW,4.222929936305732,157
B001441QCW,4.267515923566879,157
B0000632EE,4.146496815286624,157
B00028MLG6,4.656050955414012,157
B003E0Z3JQ,4.407643312101911,157
B00AO4E9MC,4.280254777070064,157
B00KHGIK54,4.75796178343949,157
B002G3K1TY,4.503184713375796,157
B00340T6XU,4.261146496815287,157
B000TZJVBK,4.343949044585988,157
B0019QL0OY,4.3630573248407645,157
B00BFM3HRU,4.583333333333333,156
B00EJSONGG,4.294871794871795,156
B001ET78BU,4.339743589743589,156
B000E7YL1I,4.416666666666667,156
B00014D5O8,4.296774193548387,155
B000NSH2L4,4.7290322580645165,155
B000XE67WI,4.219354838709678,155
B0002YLY9K,4.567741935483871,155
B0067F998G,4.445161290322581,155
B003OELYFO,4.483870967741935,155
B0011Z3WU8,4.451612903225806,155
B000CEQZZS,4.135483870967742,155
B005PYWS60,4.212903225806452,155
B00E5LEQVE,4.458064516129032,155
B0006Q3O3S,4.103225806451613,155
B00CBHZPNW,4.487012987012987,154
B008T85MU8,4.3441558441558445,154
B001D67O3G,4.240259740259741,154
B0070TSNO4,4.292207792207792,154
B0061DC7SI,4.3896103896103895,154
B000VOHR88,4.324675324675325,154
B002RTIS24,4.642857142857143,154
B000O03F4O,4.422077922077922,154
B000GZD1JG,4.2272727272727275,154
B00IMHN0B4,4.686274509803922,153
B000PHRIYE,4.588235294117647,153
B006OKAKC8,4.666666666666667,153
B004TSFEBY,4.69281045751634,153
B004B3YC9M,4.640522875816994,153
B000J2652Q,4.137254901960785,153
B001L2BEWE,4.169934640522876,153
B0006HCE60,4.411764705882353,153
B000PKWAWQ,4.440789473684211,152
B000BZB1FC,4.559210526315789,152
B006BES3LC,4.190789473684211,152
B00CNE2GOO,4.355263157894737,152
B000JG1QDA,4.1381578947368425,152
B000SWY02O,4.421052631578948,152
B00CIX1SLW,4.131578947368421,152
B004D8T7F4,4.3355263157894735,152
B000P279E8,4.3355263157894735,152
B004W5RCNM,4.177631578947368,152
B002N6SBJ6,4.25,152
B0011UR1H8,4.394736842105263,152
B0000531WZ,4.355263157894737,152
B000C1VSUS,4.569536423841059,151
B005OU4J6C,4.105960264900662,151
B004NMR6TY,4.3509933774834435,151
B0071OF8CI,4.304635761589404,151
B008R56PVI,4.311258278145695,151
B003AY949G,4.788079470198675,151
B00413BIMG,4.364238410596027,151
B000PHUKEE,4.788079470198675,151
B000PP15L8,4.529801324503311,151
B002BFIH2U,4.397350993377484,151
B0012L1DD4,4.033112582781457,151
B000P22UUG,4.346666666666667,150
B00016RIIA,4.306666666666667,150
B007D1VGSY,4.453333333333333,150
B00396VE7U,4.426666666666667,150
B004D2DPNK,4.34,150
B0045S0HXI,4.273333333333333,150
B001GNBW0W,4.293333333333333,150
B0045W22SW,4.706666666666667,150
B0000530EZ,4.406666666666666,150
B00AE07H0M,4.006711409395973,149
B002S8TOYU,4.0,149
B005Z41P28,4.389261744966443,149
B00017XWJ8,4.449664429530201,149
B007JT7ARQ,4.25503355704698,149
B00005TZU8,4.587837837837838,148
B003G08A9E,4.263513513513513,148
B000C21BT0,4.033783783783784,148
B001ECQ55M,4.027027027027027,148
B003Q33LJ0,4.155405405405405,148
B00015HBD8,4.662162162162162,148
B000UVWGGA,4.722972972972973,148
B000K7E2G6,4.081081081081081,148
B003B8G5IY,4.148648648648648,148
B000US0804,4.094594594594595,148
B005ACLU3E,4.25,148
B0027WPJRI,4.469387755102041,147
B000GDDKIU,4.35374149659864,147
B000T7P0KO,4.360544217687075,147
B00014GT78,4.1020408163265305,147
B001FYXA6G,4.687074829931973,147
B001ECQ5CA,4.465753424657534,146
B00AO4E9E0,4.3493150684931505,146
B000H3CPE4,4.636986301369863,146
B0013ZCPIG,4.280821917808219,146
B002ZTT9II,4.2534246575342465,146
B00004U9UY,4.726027397260274,146
B000R9A56I,4.589041095890411,146
B003AKZCPU,4.1506849315068495,146
B000SSDTOI,4.383561643835616,146
B00557OUEU,4.568493150684931,146
B002XY7HDE,4.068965517241379,145
B0050QJ1HM,4.289655172413793,145
B001FB5IIC,4.551724137931035,145
B000JLCW56,4.36551724137931,145
B000C1UDPO,4.1931034482758625,145
B002HEW8QQ,4.324137931034483,145
B00ENU1SP4,4.124137931034483,145
B0047ELPNQ,4.379310344827586,145
B0089MUOOS,4.6482758620689655,145
B000BIXP5S,4.462068965517242,145
B001EJOPXE,4.6689655172413795,145
B003SRBYP2,4.475862068965517,145
B000ZJ2842,4.227586206896552,145
B00B1IV2A2,4.3310344827586205,145
B0028K3J8K,4.041379310344827,145
B00A0IWRT4,4.386206896551724,145
B004D8JQ4G,4.451388888888889,144
B000H74SE0,4.472222222222222,144
B000GG1944,4.347222222222222,144
B001CENUPU,4.680555555555555,144
B005EFYXLI,4.020833333333333,144
B002LE8OWO,4.479166666666667,144
B0009OAHBE,4.180555555555555,144
B005TI7NQW,4.201388888888889,144
B0081JG2T0,4.694444444444445,144
B0021F8HH0,4.298611111111111,144
B000BU7G1A,4.277777777777778,144
B006UET4XE,4.333333333333333,144
B003YJ6I78,4.631944444444445,144
B001ET7A4K,4.576388888888889,144
B003EO466S,4.419580419580419,143
B007ZR2RIE,4.251748251748252,143
B001ET79H8,4.363636363636363,143
B001410OG4,4.0979020979020975,143
B000C2372Y,4.216783216783217,143
B0012134EK,4.0979020979020975,143
B00KCFAZTE,4.559440559440559,143
B00A363EPO,4.335664335664336,143
B00027CDYM,4.328671328671328,143
B004I2VYCE,4.818181818181818,143
B0006IXSG4,4.384615384615385,143
B0009OAHIM,4.223776223776224,143
B000CPIMNA,4.608391608391608,143
B00AE07IEM,4.3426573426573425,143
B000V70MWS,4.76056338028169,142
B000PY15I2,4.507042253521127,142
B000O2TBEK,4.211267605633803,142
B0046DZQDS,4.246478873239437,142
B00381A7OW,4.647887323943662,142
B0002QB1SC,4.584507042253521,142
B00175XIRY,4.570422535211268,142
B003GE49A4,4.5,142
B003HG4GQI,4.401408450704225,142
B003GVCU62,4.563380281690141,142
B000VD1UM8,4.112676056338028,142
B006ND9ZOK,4.50354609929078,141
B005CGREGA,4.468085106382978,141
B002UPYITM,4.0,141
B003RR4A2M,4.177304964539007,141
B0046KG8DS,4.177304964539007,141
B005EHHWPA,4.581560283687943,141
B008PTPSF0,4.092198581560283,141
B0009OAGT2,4.26241134751773,141
B0001TMDF0,4.535714285714286,140
B001E96L2W,4.085714285714285,140
B007M81B4M,4.207142857142857,140
B006ZUNMLS,4.142857142857143,140
B0000533CC,4.0928571428571425,140
B002HRENPW,4.3,140
B003D6F5HQ,4.285714285714286,140
B000C1VX6M,4.442857142857143,140
B000GI3U6C,4.578571428571428,140
B00HDZGF4K,4.792857142857143,140
B000GD03TO,4.228571428571429,140
B000XTD226,4.129496402877698,139
B0038TVHGG,4.086330935251799,139
B0006GZCVK,4.100719424460432,139
B0064TWUPO,4.323741007194244,139
B000XE6336,4.424460431654676,139
B001BOFIRO,4.294964028776978,139
B0017KGOY8,4.273381294964029,139
B0027VCNGO,4.784172661870503,139
B00400B7RQ,4.424460431654676,139
B005TKVM2G,4.676258992805756,139
B0094G3M6A,4.151079136690647,139
B00AUV77TG,4.273381294964029,139
B0000535UT,4.179856115107913,139
B000JKPDQ2,4.474820143884892,139
B00CC7TBHM,4.179856115107913,139
B007B1D0YY,4.086330935251799,139
B001ECQ4JE,4.503597122302159,139
B008QMPTSM,4.194244604316546,139
B000C1UFDE,4.525179856115108,139
B00107BB82,4.405797101449275,138
B000T9BMBS,4.804347826086956,138
B000OO7546,4.282608695652174,138
B00011JOR8,4.442028985507246,138
B001HBHLF8,4.586956521739131,138
B00BB8ZIRK,4.413043478260869,138
B00027D6SE,4.195652173913044,138
B0041R15AC,4.3768115942028984,138
B000C1W3JS,4.2101449275362315,138
B002SV0XYW,4.166666666666667,138
B000TZWCG6,4.326086956521739,138
B005XIM6J2,4.22463768115942,138
B000C1Z8MW,4.398550724637682,138
B0050PZ0SW,4.233576642335766,137
B00AE07EGO,4.255474452554744,137
B00021C5Y6,4.62043795620438,137
B0002YE8V6,4.1678832116788325,137
B003J4TJTM,4.343065693430657,137
B002ULRAQE,4.08029197080292,137
B005IHS8KY,4.204379562043796,137
B009CZR3Y0,4.328467153284672,137
B007YQURGU,4.233576642335766,137
B001JQLNJG,4.700729927007299,137
B00005NFBD,4.430656934306569,137
B000V1BDIG,4.2846715328467155,137
B002PBCABY,4.102189781021898,137
B000EM9D6Q,4.386861313868613,137
B008VSYO5A,4.175182481751825,137
B0084BPHY6,4.189781021897811,137
B002XHA5A8,4.262773722627737,137
B00KQBR9FM,4.686131386861314,137
B003XKY57S,4.350364963503649,137
B001F51TR2,4.45985401459854,137
B000SQW8A6,4.182481751824818,137
B001JQLNNC,4.022058823529412,136
B005V1J9PK,4.860294117647059,136
B007JT7AIK,4.095588235294118,136
B004WAGFQC,4.4411764705882355,136
B000OP7LTY,4.4338235294117645,136
B003OGT4KE,4.073529411764706,136
B0053TDRQM,4.198529411764706,136
B00AZBVKAS,4.088235294117647,136
B004AMCBQA,4.536764705882353,136
B002ZNJJLQ,4.801470588235294,136
B000052YJM,4.1911764705882355,136
B002ZNJU7Y,4.213235294117647,136
B000JVCBFC,4.288888888888889,135
B0019LP8UQ,4.696296296296296,135
B00A6VN56E,4.42962962962963,135
B00AO379NE,4.4148148148148145,135
B000EX5JO0,4.037037037037037,135
B0021MLVA8,4.511111111111111,135
B001E0VBDK,4.7481481481481485,135
B000C1ZFBG,4.192592592592592,135
B002C1JEPM,4.266666666666667,135
B003XTMRSS,4.059259259259259,135
B000C1Z19M,4.488888888888889,135
B000141O6E,4.42962962962963,135
B003U7OYK2,4.088888888888889,135
B005TI7NPI,4.274074074074074,135
B0037MQIT0,4.111111111111111,135
B000VUYDJI,4.619402985074627,134
B000LUX3VC,4.417910447761194,134
B0094KPK70,4.052238805970149,134
B001IACZEK,4.477611940298507,134
B0040QZU64,4.522388059701493,134
B0009I4MCU,4.544776119402985,134
B007IAE5WY,4.7611940298507465,134
B001F51PXA,4.597014925373134,134
B0013JSK7M,4.17910447761194,134
B00011QVHO,4.149253731343284,134
B00CF5W2D6,4.656716417910448,134
B004GFR3GY,4.037313432835821,134
B004NYWR7S,4.149253731343284,134
B002BWOXXK,4.425373134328358,134
B0027CH02A,4.164179104477612,134
B002K8W58K,4.1716417910447765,134
B00CJ3MDJW,4.507462686567164,134
B00I4ZERGG,4.507462686567164,134
B004IZJ2QG,4.611940298507463,134
B000RQ1DAI,4.112781954887218,133
B003A88KDS,4.338345864661654,133
B004DPBPQ6,4.481203007518797,133
B002QF4UYY,4.120300751879699,133
B000K1MUH0,4.075187969924812,133
B0024WDWU2,4.368421052631579,133
B002B649V2,4.015037593984962,133
B0038IA8XA,4.593984962406015,133
B0034F9K36,4.69172932330827,133
B004Y4JNZ6,4.112781954887218,133
B0009ET5O4,4.323308270676692,133
B0006IJA5C,4.3007518796992485,133
B001A7YGS4,4.568181818181818,132
B001QT3GOQ,4.075757575757576,132
B006MMOVOQ,4.386363636363637,132
B004H5GD6E,4.712121212121212,132
B00G8OQODY,4.128787878787879,132
B001ECQ4IU,4.325757575757576,132
B002ZTV9SG,4.2727272727272725,132
B002B4EFCC,4.2272727272727275,132
B0009AF6NW,4.492424242424242,132
B002S8RWYY,4.03030303030303,132
B0006I9YK8,4.053030303030303,132
B000RTPT8M,4.053030303030303,132
B0030T174Q,4.603053435114504,131
B003S16H5A,4.3893129770992365,131
B000JL5V0E,4.320610687022901,131
B00181WCN8,4.4961832061068705,131
B004WPWOS0,4.320610687022901,131
B002HWS7RM,4.351145038167939,131
B000LTQA6I,4.0534351145038165,131
B004S6BXLW,4.244274809160306,131
B00ARX9X6M,4.450381679389313,131
B0000Y3COC,4.1679389312977095,131
B001DBPZQE,4.419847328244275,131
B008AMKZUU,4.580152671755725,131
B009M1K396,4.687022900763359,131
B0009F3O8Q,4.549618320610687,131
B0047AKVW6,4.442748091603053,131
B005CXN7X2,4.648854961832061,131
B005OTEH3S,4.053846153846154,130
B001EJOPTS,4.846153846153846,130
B007DGRT3K,4.7384615384615385,130
B003TPTGDK,4.069230769230769,130
B005ZAYQYG,4.092307692307692,130
B0006OU078,4.1461538461538465,130
B0028Q01Q2,4.5,130
B000R8U1XQ,4.030769230769231,130
B004L8J15C,4.123076923076923,130
B001KYVOJQ,4.369230769230769,130
B0034KYDPG,4.276923076923077,130
B001ACCZ5K,4.246153846153846,130
B000H0XV3G,4.1461538461538465,130
B004KPYWM8,4.376923076923077,130
B009ARXD12,4.453846153846154,130
B00GG0THQ6,4.6461538461538465,130
B00479VTG4,4.338461538461538,130
B0092MCQZ4,4.248062015503876,129
B005MZ4A7C,4.224806201550388,129
B000OYNCES,4.627906976744186,129
B0028BKV4E,4.255813953488372,129
B000094ZDX,4.131782945736434,129
B000TAA9Q6,4.147286821705427,129
B00HE1GYD0,4.852713178294573,129
B006T8T0P8,4.186046511627907,129
B006CD6616,4.255813953488372,129
B004X8K93S,4.038759689922481,129
B008U5XS2O,4.372093023255814,129
B004KXKG20,4.0852713178294575,129
B0020MM8WO,4.40625,128
B001JQLNMS,4.0078125,128
B00464EC1E,4.5859375,128
B000ILKUZ6,4.4296875,128
B00B1DRA94,4.171875,128
B00397SNMS,4.3359375,128
B001PPMLS8,4.71875,128
B00I65AGHI,4.4375,128
B00DCNBST4,4.609375,128
B003V57Q5I,4.6484375,128
B000AU15E0,4.3515625,128
B000SWY05Q,4.4375,128
B000XTCFME,4.109375,128
B007OU499W,4.5078125,128
B000C1Z6GU,4.21875,128
B002D48QNE,4.0546875,128
B00AB4W2H4,4.244094488188976,127
B000QT9OP2,4.149606299212598,127
B004M2Y7RY,4.590551181102362,127
B003NEZ0R8,4.338582677165355,127
B004STJ0UU,4.503937007874016,127
B000SSNSAS,4.669291338582677,127
B000C21CO4,4.330708661417323,127
B004EAWKO6,4.425196850393701,127
B00074XC68,4.062992125984252,127
B00028OSI0,4.2362204724409445,127
B00B7N7CTQ,4.338582677165355,127
B004IR6TY2,4.5984251968503935,127
B000XJ0PG2,4.181102362204724,127
B00A20OQYE,4.2204724409448815,127
B003S19S9W,4.700787401574803,127
B003KJC2F4,4.476190476190476,126
B003AMEUS8,4.079365079365079,126
B003P85MAM,4.111111111111111,126
B000FCRQ6O,4.238095238095238,126
B003XFKACM,4.507936507936508,126
B00021AM9G,4.507936507936508,126
B00E3R3ZNK,4.126984126984127,126
B000CNTT9I,4.507936507936508,126
B0045K1N8E,4.261904761904762,126
B00AGZEG4U,4.642857142857143,126
B007WW1AOE,4.16,125
B0037MFCHE,4.072,125
B000EEZAXO,4.336,125
B00155O190,4.504,125
B002UEOBPE,4.016,125
B002LZ0GEM,4.24,125
B00A0IWRU8,4.216,125
B003TQPRGY,4.4,125
B000I5KCIW,4.6,125
B003Y04OK0,4.44,125
B001PEZAHI,4.52,125
B000KQ9TME,4.376,125
B0001TJX2Q,4.48,125
B008K0WMVW,4.464,125
B001EBBKNU,4.304,125
B002LE8P7S,4.68,125
B003JUY38I,4.352,125
B000LY3X8Q,4.24,125
B008VHGW7Y,4.556451612903226,124
B003U4LGV0,4.548387096774194,124
B001JQLNMI,4.241935483870968,124
B000VEMWB0,4.532258064516129,124
B004GEXU5S,4.016129032258065,124
B000C1ZEY4,4.451612903225806,124
B002Y27PQ4,4.120967741935484,124
B0032CDFCS,4.685483870967742,124
B007CMS5C4,4.024193548387097,124
B004MTCKSU,4.282258064516129,124
B001JKYD4Y,4.048387096774194,124
B005TI2AAQ,4.475806451612903,124
B00428EJXU,4.370967741935484,124
B000GUN98O,4.693548387096774,124
B000C1Z3LS,4.540322580645161,124
B000X2DMEG,4.088709677419355,124
B00A78TEAM,4.298387096774194,124
B008V1I2MI,4.201612903225806,124
B000O5RVJO,4.169354838709677,124
B001O08CQY,4.145161290322581,124
B000PKZG22,4.217741935483871,124
B001FB5IN2,4.626016260162602,123
B003O4BWV0,4.544715447154472,123
B0006ZHK7A,4.512195121951219,123
B00021C49W,4.333333333333333,123
B00006IV22,4.162601626016261,123
B001H9289Y,4.308943089430894,123
B003LQZTV0,4.439024390243903,123
B004ZMCUIO,4.658536585365853,123
B008DWSJ1O,4.894308943089431,123
B0001Y74VS,4.195121951219512,123
B00ANTO6YO,4.796747967479675,123
B004K9UAKM,4.252032520325203,123
B002JDUMFO,4.195121951219512,123
B000GI0VEQ,4.475409836065574,122
B00124CQUA,4.614754098360656,122
B00AO4EBOI,4.032786885245901,122
B0009P4PZC,4.221311475409836,122
B0043TURKC,4.163934426229508,122
B008B7QY0E,4.401639344262295,122
B003RCZSJ6,4.19672131147541,122
B0001TQ9WI,4.491803278688525,122
B002UUT3YM,4.188524590163935,122
B004EFG4BG,4.598360655737705,122
B0074OLDLK,4.540983606557377,122
B0076P7R1W,4.631147540983607,122
B001C60YA2,4.254098360655738,122
B003TQTFVW,4.10655737704918,122
B001A82DYC,4.508196721311475,122
B003K9KZHG,4.352459016393443,122
B0006IHDQ0,4.512396694214876,121
B001DJ9JJU,4.355371900826446,121
B001G7PLBY,4.7190082644628095,121
B002DPUY10,4.371900826446281,121
B0020MMD0G,4.0,121
B00016X604,4.239669421487603,121
B004SU8EKG,4.256198347107438,121
B00A0IWRRG,4.082644628099174,121
B003SSXKV2,4.404958677685951,121
B000AA5VZY,4.2809917355371905,121
B000EBIDJ0,4.446280991735537,121
B008A1TI4K,4.776859504132231,121
B000GOVYE6,4.7272727272727275,121
B00CDGR29G,4.669421487603306,121
B000MI85FC,4.619834710743802,121
B001C69L6K,4.628099173553719,121
B004Y9PLB6,4.537190082644628,121
B003X9E236,4.776859504132231,121
B0018CQKXK,4.595041322314049,121
B006FRS9O6,4.628099173553719,121
B002CMLHF6,4.520661157024794,121
B004X9BSIC,4.333333333333333,120
B007L0CBZO,4.508333333333334,120
B001W2K51O,4.275,120
B004S9SEWK,4.35,120
B00H09L558,4.691666666666666,120
B007RTR9FQ,4.216666666666667,120
B0013KY6QA,4.125,120
B001390336,4.483333333333333,120
B00KD73PBQ,4.833333333333333,120
B0098JU8T2,4.225,120
B001E96P0U,4.1,120
B000XYPNMS,4.183333333333334,120
B00604MSSC,4.175,120
B00AM7BSXO,4.176470588235294,119
B00AE07CTI,4.436974789915967,119
B001PHFVPG,4.226890756302521,119
B0002Z8MLC,4.26890756302521,119
B000C1Z4XA,4.1344537815126055,119
B003TOW1H4,4.764705882352941,119
B000V10N7I,4.26890756302521,119
B000196U04,4.369747899159663,119
B009F5GIHK,4.352941176470588,119
B005OZH88I,4.3277310924369745,119
B005O0GBHC,4.277310924369748,119
B002DP19ZU,4.470588235294118,119
B001FWXI6U,4.176470588235294,119
B000127UVY,4.7899159663865545,119
B007RTR8A2,4.126050420168068,119
B0034E702U,4.436974789915967,119
B003JTF3VK,4.336134453781512,119
B0086LC49K,4.008474576271187,118
B0012RQZ72,4.406779661016949,118
B003PL2D6A,4.110169491525424,118
B001BWY2JQ,4.5423728813559325,118
B0000UJJH0,4.567796610169491,118
B0008GGH58,4.093220338983051,118
B0009R33U8,4.220338983050848,118
B0011Z3X8O,4.52542372881356,118
B000JQLNO2,4.38135593220339,118
B000YB1XRO,4.838983050847458,118
B007CDSFKU,4.508474576271187,118
B002B4GGUG,4.483050847457627,118
B003LR3MQ8,4.686440677966102,118
B00B33Y2JI,4.186440677966102,118
B003ZS4WJY,4.220338983050848,118
B002B8VE4U,4.127118644067797,118
B007JT7AIA,4.170940170940171,117
B000X1YING,4.299145299145299,117
B008RM6V4M,4.0,117
B00GYF65TK,4.068376068376068,117
B001BR97A0,4.461538461538462,117
B000FCR7MM,4.555555555555555,117
B0009OAGSI,4.632478632478633,117
B000Y038CS,4.145299145299146,117
B00113HNB4,4.538461538461538,117
B00068CG3U,4.3247863247863245,117
B00JK5ZN76,4.358974358974359,117
B0007R7ABS,4.521367521367521,117
B004EDYQX6,4.3076923076923075,117
B000PB2XHM,4.461538461538462,117
B000P9B3R0,4.05982905982906,117
B007PG783Y,4.3760683760683765,117
B0015XNAS0,4.085470085470085,117
B007TLJP2W,4.632478632478633,117
B003P7VX24,4.367521367521367,117
B008X9KKSM,4.752136752136752,117
B001BKFF76,4.034188034188034,117
B009U9990E,4.401709401709402,117
B0039VOSPU,4.153846153846154,117
B000052YM3,4.120689655172414,116
B00027EG9C,4.396551724137931,116
B000BTO6E6,4.25,116
B001CY87TE,4.474137931034483,116
B001JQLNM8,4.0,116
B00139XON2,4.232758620689655,116
B000VTRJMM,4.594827586206897,116
B000BTQRFM,4.344827586206897,116
B0061KQEVW,4.232758620689655,116
B00BX7DGIC,4.603448275862069,116
B000Q7UKC0,4.2844827586206895,116
B003VMFITM,4.767241379310345,116
B00005B9FV,4.396551724137931,116
B000XU49MW,4.732758620689655,116
B004Q1GCFG,4.637931034482759,116
B0000Y3CRY,4.275862068965517,116
B00CGKJ7QU,4.232758620689655,116
B004OZ8PMM,4.181034482758621,116
B001CD31XM,4.086206896551724,116
B001LNG4YG,4.293103448275862,116
B0030HAE2Y,4.172413793103448,116
B009HBDK2S,4.198275862068965,116
B000C1UF1G,4.747826086956522,115
B00BROQU8Y,4.4,115
B003NSPOF2,4.130434782608695,115
B005WKJB6C,4.6695652173913045,115
B003CHMS4O,4.434782608695652,115
B00IT4POOG,4.495652173913044,115
B001DI776S,4.252173913043478,115
B001E11CPQ,4.043478260869565,115
B000EBAHHG,4.6173913043478265,115
B001711FMI,4.626086956521739,115
B00ITXVZK4,4.626086956521739,115
B003M57E9A,4.165217391304348,115
B000WZRBOQ,4.3478260869565215,115
B000X040QW,4.2956521739130435,115
B001CD2HRI,4.582608695652174,115
B000FCY95A,4.6,115
B000VDYXT0,4.017391304347826,115
B00023KDAW,4.478260869565218,115
B007JT7AGC,4.3130434782608695,115
B00AV1IJME,4.139130434782609,115
B005X8H7ZK,4.269565217391304,115
B0088Y7VOI,4.008695652173913,115
B0011TS91G,4.157894736842105,114
B00AE07BMQ,4.280701754385965,114
B004VMGT2Q,4.035087719298246,114
B0009OAIBI,4.245614035087719,114
B00ELN94GS,4.807017543859649,114
B00ARCQHBC,4.008771929824562,114
B000NOLZDY,4.254385964912281,114
B001KYS930,4.0,114
B000V33OGS,4.140350877192983,114
B009RNUH7C,4.078947368421052,114
B0050QLDGY,4.219298245614035,114
B00158MYUA,4.131578947368421,114
B006LRRQK8,4.508771929824562,114
B000EMDK2Y,4.105263157894737,114
B0068G8DTA,4.2368421052631575,114
B00AWLB9G6,4.385964912280702,114
B0051V1EQW,4.201754385964913,114
B003OFHX7Q,4.201754385964913,114
B001ECQ4YO,4.307017543859649,114
B00JL2TURM,4.743362831858407,113
B0009OAI40,4.221238938053097,113
B006QO4C1W,4.097345132743363,113
B00373DIYM,4.327433628318584,113
B001F51TTA,4.619469026548672,113
B008YQ0R9G,4.433628318584071,113
B000P231AO,4.1415929203539825,113
B007MO562Y,4.734513274336283,113
B003NRYG1Q,4.442477876106195,113
B001FWXJ4G,4.424778761061947,113
B001DKRMB6,4.716814159292035,113
B002D48QRA,4.238938053097345,113
B006DR2BO2,4.0,113
B000EVGOQY,4.008849557522124,113
B002LJUD7S,4.495575221238938,113
B003MC1ZSE,4.548672566371682,113
B004YGLSD4,4.106194690265487,113
B0028P1S38,4.0265486725663715,113
B009HULDYG,4.0,112
B007RTR8T8,4.125,112
B00DQG0PJQ,4.160714285714286,112
B000P6I3WG,4.375,112
B0002A65LQ,4.25,112
B004INUY06,4.080357142857143,112
B001EWF2F6,4.544642857142857,112
B0019XZ57U,4.517857142857143,112
B005XQ8BOI,4.330357142857143,112
B00BPDFQK0,4.446428571428571,112
B0045WDQFA,4.491071428571429,112
B000MT1GHA,4.5,112
B003RD1MV8,4.008928571428571,112
B00AE07FUE,4.205357142857143,112
B000JLEZN8,4.410714285714286,112
B00AE07B9O,4.294642857142857,112
B00G7UPGZQ,4.580357142857143,112
B00CNWY1YY,4.535714285714286,112
B00KCTER3U,4.669642857142857,112
B000P22TUW,4.473214285714286,112
B001P76O6G,4.508928571428571,112
B0002RPTX4,4.214285714285714,112
B000M8BE3C,4.258928571428571,112
B003XKW8RM,4.375,112
B0069SC0OQ,4.375,112
B0000950LF,4.232142857142857,112
B0045SU5ZI,4.366071428571429,112
B000C210MI,4.267857142857143,112
B00772AKMM,4.72972972972973,111
B0041TGNCU,4.495495495495495,111
B000LPJASC,4.504504504504505,111
B00020DY2O,4.1891891891891895,111
B00021PDN6,4.621621621621622,111
B001L413AU,4.1891891891891895,111
B00543733U,4.18018018018018,111
B000QB77NQ,4.045045045045045,111
B000VP9BWW,4.468468468468468,111
B000GF1E54,4.063063063063063,111
B002HLS14C,4.36936936936937,111
B003M5UOBK,4.09009009009009,111
B0009OAI1S,4.297297297297297,111
B000QE6U54,4.27027027027027,111
B001QVG64G,4.27027027027027,111
B0052FXPVY,4.126126126126126,111
B0031NK6J8,4.135135135135135,111
B001AL4DBA,4.513513513513513,111
B00239YCXM,4.243243243243243,111
B000BIUGV4,4.261261261261262,111
B006K26D9E,4.4324324324324325,111
B004MPZLVC,4.1909090909090905,110
B0026P3GVW,4.081818181818182,110
B004Y0HC80,4.054545454545455,110
B0015Q0VCA,4.681818181818182,110
B00028F0NM,4.054545454545455,110
B003VGMOR2,4.581818181818182,110
B0061JQY40,4.345454545454546,110
B00GGXFJ7O,4.509090909090909,110
B002PBGBX2,4.2272727272727275,110
B005KF5WYO,4.4818181818181815,110
B004NMTMUK,4.6,110
B001I6U028,4.2272727272727275,110
B0011DKKGY,4.154545454545454,110
B002NGMEQC,4.081818181818182,110
B0073B3F06,4.486238532110092,109
B006MRM2TC,4.137614678899083,109
B000C1Z7U0,4.394495412844036,109
B0007XFB2W,4.08256880733945,109
B000C1VX5S,4.238532110091743,109
B000AA5VD6,4.3577981651376145,109
B000GG13TU,4.614678899082569,109
B00007KQF3,4.348623853211009,109
B006UETAB0,4.165137614678899,109
B0045YVW0E,4.1192660550458715,109
B003K5H2VM,4.431192660550459,109
B000X20Y4C,4.522935779816514,109
B00008KA8D,4.541284403669724,109
B0039OVDJ6,4.4036697247706424,109
B000O54H0U,4.605504587155964,109
B00AAR9I60,4.110091743119266,109
B0009OAGZ6,4.486238532110092,109
B000SSDTOS,4.63302752293578,109
B007JT7AEY,4.348623853211009,109
B001P2O06W,4.614678899082569,109
B007K449CE,4.174311926605505,109
B001EM8MNA,4.064814814814815,108
B008KPO2MY,4.157407407407407,108
B00AE07CPM,4.12037037037037,108
B001CJJ5XG,4.462962962962963,108
B000H3O90C,4.277777777777778,108
B0062GYYSA,4.361111111111111,108
B001A3ATP2,4.0092592592592595,108
B000C2105U,4.453703703703703,108
B0018C3V5A,4.648148148148148,108
B004BCTBAS,4.444444444444445,108
B002XHAEMC,4.074074074074074,108
B004BBNYNY,4.37037037037037,108
B0038QLU66,4.62962962962963,108
B00120U5D4,4.148148148148148,108
B000QA7HNC,4.101851851851852,108
B007P7Q4Y2,4.518518518518518,108
B007JLUL1G,4.592592592592593,108
B00385WMIC,4.037037037037037,108
B004Q0NVU6,4.435185185185185,108
B000Y144SE,4.166666666666667,108
B001FB5IG4,4.444444444444445,108
B002DQMZ5M,4.166666666666667,108
B00CP4QKT4,4.601851851851852,108
B004GV8H7C,4.425925925925926,108
B00016WW8Q,4.527777777777778,108
B0001AGMWE,4.333333333333333,108
B002HK2GI0,4.373831775700935,107
B0043OSIVM,4.261682242990654,107
B00AE07BDU,4.242990654205608,107
B004I5RU2Y,4.009345794392523,107
B0001433OU,4.364485981308412,107
B009LYB2E4,4.327102803738318,107
B0002KS5VE,4.411214953271028,107
B004VWCEDE,4.242990654205608,107
B001NJGARY,4.542056074766355,107
B006NDDXNE,4.542056074766355,107
B001FWXHC0,4.542056074766355,107
B003HG4VLS,4.11214953271028,107
B006B5M2ZY,4.308411214953271,107
B000OYHN2K,4.570093457943925,107
B001L2G6YU,4.02803738317757,107
B002WJ6HD6,4.588785046728972,107
B008COP6NM,4.392523364485982,107
B0044XXO84,4.401869158878505,107
B009ERIUNY,4.11214953271028,107
B004D267JO,4.0,107
B006U420FS,4.08411214953271,107
B0000ZHOEU,4.4485981308411215,107
B009GD05NO,4.644859813084112,107
B003JVVJZM,4.542056074766355,107
B000GCKCDW,4.355140186915888,107
B001E15III,4.130841121495327,107
B00AE07BI0,4.1415094339622645,106
B001G7PIJ4,4.40566037735849,106
B000H0JYYG,4.40566037735849,106
B001UHSVOY,4.311320754716981,106
B0047PPO0U,4.169811320754717,106
B001FYZLPE,4.490566037735849,106
B0036QTJDO,4.330188679245283,106
B00AO4E9L8,4.235849056603773,106
B000WHWIWO,4.2075471698113205,106
B0000UTUS8,4.10377358490566,106
B0001EKTZQ,4.509433962264151,106
B001W2X8AO,4.216981132075472,106
B000136P7S,4.69811320754717,106
B001MS7GY2,4.30188679245283,106
B005Z446JC,4.518867924528302,106
B00280M12A,4.660377358490566,106
B00120VWTK,4.254716981132075,106
B001N81U3O,4.1415094339622645,106
B002VBRPZO,4.150943396226415,106
B0020122ZS,4.40566037735849,106
B00FDK0V4M,4.60377358490566,106
B00AHH00TC,4.735849056603773,106
B001DKGJQU,4.556603773584905,106
B002LFLXDA,4.39622641509434,106
B0000ZLEX2,4.056603773584905,106
B000066CKS,4.490566037735849,106
B000VOLKWW,4.443396226415095,106
B008DK8J6G,4.40566037735849,106
B0018ZPZJC,4.0754716981132075,106
B00069FJUG,4.10377358490566,106
B00387F42G,4.113207547169812,106
B000AM82US,4.188679245283019,106
B002GP5XD6,4.6415094339622645,106
B000VOHQW0,4.330188679245283,106
B0009HIFRY,4.443396226415095,106
B000LJCNG4,4.266666666666667,105
B001U2KP8Y,4.333333333333333,105
B004WPGXMI,4.247619047619048,105
B0015A807Y,4.561904761904762,105
B00662Z24A,4.152380952380953,105
B003J48F3I,4.438095238095238,105
B000NJHNLW,4.314285714285714,105
B000C1VWCM,4.723809523809524,105
B005FKAQ7M,4.228571428571429,105
B001TSJ7ZQ,4.085714285714285,105
B004SS8WWS,4.133333333333334,105
B002UJ31HS,4.076190476190476,105
B003VN1ING,4.476190476190476,105
B000C230QM,4.542857142857143,105
B00AE07GX0,4.142857142857143,105
B000X1MCW0,4.085714285714285,105
B000HEIRRM,4.152380952380953,105
B00AWLB9I4,4.190476190476191,105
B005EII0QO,4.3238095238095235,105
B000RO3EMA,4.561904761904762,105
B00099Z2OQ,4.133333333333334,105
B00GJYQCB2,4.866666666666666,105
B003SYYEG6,4.0476190476190474,105
B002RS6JPI,4.076190476190476,105
B00ALV8EJM,4.085714285714285,105
B0076L73BK,4.142857142857143,105
B00H8Z2LNY,4.3238095238095235,105
B00GLE8SNK,4.552380952380952,105
B00479DRFA,4.485714285714286,105
B00A0IWRUI,4.180952380952381,105
B002F4Z18A,4.142857142857143,105
B00A0IWTDI,4.247619047619048,105
B0028K3J7Q,4.0095238095238095,105
B002XHACTM,4.238095238095238,105
B0032Z1WPC,4.142857142857143,105
B000GG2HOU,4.096153846153846,104
B00ALV8EL0,4.25,104
B002N5MKM6,4.201923076923077,104
B000GX57BI,4.6923076923076925,104
B003RJ165Y,4.721153846153846,104
B0000AS54S,4.788461538461538,104
B0062A5VQ0,4.480769230769231,104
B000C1Z7PA,4.211538461538462,104
B00B76ALVO,4.4423076923076925,104
B00429S19C,4.355769230769231,104
B008O1V33A,4.115384615384615,104
B00076XR3O,4.326923076923077,104
B0022H6JQI,4.721153846153846,104
B003CYDA9O,4.644230769230769,104
B00ALV8EJW,4.0,104
B003IX36H0,4.480769230769231,104
B00I134Y82,4.759615384615385,104
B003AVNK0S,4.740384615384615,104
B001MIZMP2,4.4326923076923075,104
B0045W4X16,4.805825242718447,103
B004MKEMPI,4.310679611650485,103
B00AQ8NIC8,4.300970873786408,103
B00BIFWYTG,4.388349514563107,103
B000LGNQPY,4.087378640776699,103
B008B9L6WS,4.747572815533981,103
B003TU4CB6,4.300970873786408,103
B004HCI9JQ,4.475728155339806,103
B006O09VFA,4.543689320388349,103
B008148R8E,4.271844660194175,103
B000REO5JQ,4.359223300970874,103
B00BRWA92Y,4.378640776699029,103
B000C1Z6VA,4.485436893203883,103
B00DEXA0LY,4.368932038834951,103
B0010LIYNS,4.300970873786408,103
B0000Y3GIE,4.524271844660194,103
B000U4WNC4,4.543689320388349,103
B000C1VSXU,4.475728155339806,103
B000EBIDIQ,4.368932038834951,103
B00141XJJS,4.155339805825243,103
B003U604Q6,4.0,103
B00JX979CQ,4.883495145631068,103
B00A0J09GG,4.349514563106796,103
B003T1G0XI,4.466019417475728,103
B00AE07BC6,4.106796116504855,103
B00B868SK4,4.823529411764706,102
B002KQ7E9M,4.392156862745098,102
B0098JU8TW,4.068627450980392,102
B000C1Z29Q,4.5,102
B000E0K7NQ,4.4411764705882355,102
B004EFPUC0,4.627450980392157,102
B002OO16QC,4.676470588235294,102
B001GIOV8C,4.019607843137255,102
B00AE078TM,4.205882352941177,102
B009JKDCEI,4.5588235294117645,102
B0000531SW,4.137254901960785,102
B00AE07FXQ,4.176470588235294,102
B003F7X0G6,4.607843137254902,102
B0022PG9G0,4.029411764705882,102
B002Q52YKG,4.068627450980392,102
B00025WYK2,4.637254901960785,102
B001LQY1X4,4.029411764705882,102
B001H54VJI,4.588235294117647,102
B000V2ACHI,4.627450980392157,102
B004JLEGTC,4.705882352941177,102
B000052YQ2,4.568627450980392,102
B001EWF2SI,4.715686274509804,102
B00AAIOP44,4.098039215686274,102
B0019ANSAO,4.7254901960784315,102
B005OZJYUS,4.647058823529412,102
B0046HJM1Q,4.352941176470588,102
B000C235M6,4.333333333333333,102
B001CN3QKK,4.485148514851486,101
B000HJ4INE,4.287128712871287,101
B006RWW7VU,4.5049504950495045,101
B00CF7HBA8,4.524752475247524,101
B003AKZCQE,4.584158415841584,101
B007OYKE6A,4.188118811881188,101
B000LNWUIG,4.178217821782178,101
B004220C6E,4.633663366336633,101
B007K449EC,4.089108910891089,101
B004MKHYQM,4.435643564356436,101
B001A7WV0Y,4.554455445544554,101
B002D48QRK,4.108910891089109,101
B0017K8HJS,4.178217821782178,101
B00023DIBI,4.742574257425742,101
B00AZRGH64,4.306930693069307,101
B000GCLTVG,4.346534653465347,101
B001KYNZGG,4.069306930693069,101
B007L5IB0I,4.465346534653466,101
B002RAR0B8,4.732673267326732,101
B0046VGIRI,4.217821782178218,101
B001FORJXQ,4.514851485148514,101
B00DG03Y7M,4.603960396039604,101
B005MZMET8,4.336633663366337,101
B004061V30,4.35,100
B0053P6UTC,4.59,100
B0009F3M6A,4.68,100
B005KCAGEI,4.84,100
B005UFN3VS,4.19,100
B00161BUME,4.27,100
B005FVSH0O,4.03,100
B008X20VRO,4.58,100
B0012RV5UO,4.45,100
B001BAN0FK,4.04,100
B000WI0640,4.33,100
B00HHR0SYW,4.83,100
B003BR4LBS,4.38,100
B000VOJOMA,4.69,100
B002ZSW7OC,4.47,100
B00429BV3K,4.59,100
B000REOEYM,4.12,100
B00DFEGDV8,4.54,100
B000VSZDVW,4.28,100
B000C230QC,4.67,100
B00BZ1QN2C,4.6,100
B001TI8XBU,4.1,100
B000KONYPY,4.15,100
B0013JHGPO,4.19,100
B003C268NQ,4.595959595959596,99
B000O2TBFE,4.585858585858586,99
B00A0IWT9C,4.0606060606060606,99
B0033GLYQM,4.111111111111111,99
B00120XR0M,4.363636363636363,99
B004R6CAGU,4.434343434343434,99
B005OKPZR4,4.525252525252525,99
B004TXY0TG,4.484848484848484,99
B006FXOKDY,4.737373737373737,99
B001KYU1H2,4.333333333333333,99
B0000BV14G,4.282828282828283,99
B0009EXONC,4.565656565656566,99
B00016X06O,4.05050505050505,99
B003POFQ7K,4.151515151515151,99
B007L5H7XK,4.545454545454546,99
B000KPO99I,4.040404040404041,99
B000P22TW0,4.262626262626263,99
B002XWZH6A,4.2727272727272725,99
B003YCCLIA,4.232323232323233,99
B000GHIBQM,4.212121212121212,99
B0052GADTK,4.262626262626263,99
B002KAA8KK,4.212121212121212,99
B000142NMI,4.111111111111111,99
B00260GZTW,4.757575757575758,99
B0015FSH86,4.626262626262626,99
B0002TSCZY,4.444444444444445,99
B001ET704A,4.252525252525253,99
B000NIY7QM,4.717171717171717,99
B00021D6JE,4.040404040404041,99
B007SA3CD2,4.252525252525253,99
B004J6WCBQ,4.484848484848484,99
B0045U707M,4.387755102040816,98
B004076PYE,4.244897959183674,98
B00065IBKK,4.010204081632653,98
B003S191LC,4.551020408163265,98
B0047TGS5G,4.36734693877551,98
B000OD5V8E,4.36734693877551,98
B000EGMHKQ,4.5,98
B001B2RX10,4.255102040816326,98
B0061YRVNS,4.091836734693878,98
B00385WMJ6,4.285714285714286,98
B00137B2S8,4.459183673469388,98
B000LRISO2,4.336734693877551,98
B005AVMQCO,4.612244897959184,98
B001FWXISS,4.183673469387755,98
B0000YV6YK,4.081632653061225,98
B000HM5LHI,4.6938775510204085,98
B00028OPZ6,4.061224489795919,98
B000FBF58G,4.061224489795919,98
B002YFN49I,4.948979591836735,98
B006K3ONSQ,4.357142857142857,98
B004FRSTWK,4.1938775510204085,98
B00021DUM2,4.642857142857143,98
B001SAUBOQ,4.418367346938775,98
B000PI9MO2,4.020408163265306,98
B00AAJTDLI,4.26530612244898,98
B001CZL7VS,4.23469387755102,98
B004673A8C,4.377551020408164,98
B00A0IWTEW,4.112244897959184,98
B001D1648M,4.795918367346939,98
B004IFOXFQ,4.561224489795919,98
B0000536EK,4.73469387755102,98
B002HEW7QM,4.183673469387755,98
B000C234DQ,4.3061224489795915,98
B005PHZBAW,4.071428571428571,98
B001CD3T2U,4.357142857142857,98
B000GP78S6,4.185567010309279,97
B0009OAHNM,4.123711340206185,97
B00GM3G6WK,4.391752577319588,97
B001FXYHCS,4.43298969072165,97
B001DQEGPA,4.371134020618556,97
B0000C4COV,4.587628865979381,97
B0049424FM,4.391752577319588,97
B000ZQCCPU,4.309278350515464,97
B002XY1NHU,4.463917525773196,97
B000RYH38Q,4.453608247422681,97
B0007V6PFQ,4.618556701030927,97
B0009OAI7C,4.247422680412371,97
B000EZOC1O,4.65979381443299,97
B0075GXW0W,4.020618556701031,97
B001G52ZHO,4.463917525773196,97
B000BTO6EG,4.34020618556701,97
B0015U5JD2,4.237113402061856,97
B0012QYX18,4.556701030927835,97
B004EDWMBO,4.412371134020619,97
B00012C0IC,4.752577319587629,97
B008AH12C0,4.381443298969073,97
B007ISRNCA,4.412371134020619,97
B000Q30NDA,4.061855670103093,97
B0014LL3FK,4.010309278350515,97
B000052YN5,4.494845360824742,97
B0007CXXE6,4.56701030927835,97
B003509EVS,4.175257731958763,97
B009X0J8TC,4.072916666666667,96
B0034KYDRE,4.15625,96
B00A0IWTBA,4.208333333333333,96
B001FWXIBU,4.09375,96
B000E75ES2,4.020833333333333,96
B000052XZX,4.28125,96
B00GMRJWPY,4.833333333333333,96
B001U5B5HQ,4.65625,96
B000YBZIAC,4.166666666666667,96
B0068Y0EXK,4.135416666666667,96
B001F51TDG,4.4375,96
B001B7PVRS,4.520833333333333,96
B006ON74II,4.4375,96
B001E25USU,4.114583333333333,96
B000JVEEZC,4.53125,96
B00181SM6O,4.479166666666667,96
B001BSH2E2,4.03125,96
B002B46H6Y,4.010416666666667,96
B000GWXTQY,4.46875,96
B0083ZLXFU,4.5,96
B002V83JT8,4.135416666666667,96
B00199YUBG,4.5,96
B0045W2TDA,4.895833333333333,96
B0051E3426,4.208333333333333,96
B000TBXWNW,4.1875,96
B0027UUDFS,4.322916666666667,96
B0072XUY7W,4.135416666666667,96
B00385WMI2,4.4375,96
B008JUBEBW,4.520833333333333,96
B0019TYZ66,4.1875,96
B004DC2PM2,4.020833333333333,96
B00JLPM8AK,4.729166666666667,96
B00G8WB8MI,4.572916666666667,96
B003GXC0T2,4.46875,96
B000V4PL22,4.270833333333333,96
B0009ML5M6,4.4375,96
B000H3EO34,4.1875,96
B007S0CM2Y,4.354166666666667,96
B003E3IOPS,4.347368421052631,95
B00161IKD6,4.410526315789474,95
B0091JL3IO,4.589473684210526,95
B003OGSX4M,4.252631578947368,95
B0006OJQ14,4.71578947368421,95
B0002Z8SE8,4.157894736842105,95
B000WTHKVQ,4.536842105263158,95
B003156NMU,4.315789473684211,95
B004LIG6SC,4.589473684210526,95
B000VJ7PC6,4.621052631578947,95
B007E0FQ1W,4.4,95
B001N3FBZW,4.031578947368421,95
B000P20VAC,4.2,95
B000G7AWIM,4.6421052631578945,95
B000F3XXZG,4.294736842105263,95
B000YT5NIG,4.873684210526315,95
B0020MM8TW,4.4,95
B0028NA9US,4.673684210526316,95
B000AA2XQ4,4.589473684210526,95
B001PUR1GK,4.578947368421052,95
B0007WL21M,4.652631578947369,95
B002XA00FU,4.2631578947368425,95
B000VOP7YO,4.221052631578948,95
B00A7W13Q6,4.28421052631579,95
B00685KUGA,4.0,95
B000C1W44M,4.5,94
B0018QO5CO,4.031914893617022,94
B003EH20VI,4.0638297872340425,94
B0000534VO,4.212765957446808,94
B007EITOSK,4.042553191489362,94
B005WKFHYC,4.24468085106383,94
B001KYQ3DS,4.4787234042553195,94
B000C1Z9EE,4.51063829787234,94
B000AAAWEO,4.223404255319149,94
B0011DQMHA,4.457446808510638,94
B005EM5DT2,4.542553191489362,94
B000XSF1X0,4.23404255319149,94
B004LC4MHK,4.659574468085107,94
B000VUX4T8,4.627659574468085,94
B004V9600U,4.351063829787234,94
B002DP75R6,4.191489361702128,94
B004LRO7DO,4.787234042553192,94
B003LYDBCG,4.074468085106383,94
B000F4GIPC,4.202127659574468,94
B0027UQDB6,4.297872340425532,94
B005OAYNAY,4.095744680851064,94
B0049CERRC,4.223404255319149,94
B0006GBEYE,4.180851063829787,94
B000FV69MC,4.301075268817204,93
B001A5S3BM,4.473118279569892,93
B002RXK1UC,4.505376344086022,93
B00198OG7U,4.408602150537634,93
B00AE07932,4.354838709677419,93
B001A38Q52,4.419354838709677,93
B002XHACJW,4.139784946236559,93
B009Q1YPVY,4.10752688172043,93
B007FZR99I,4.612903225806452,93
B0056Z278M,4.602150537634409,93
B006WQF3B2,4.376344086021505,93
B0016A8DT8,4.688172043010753,93
B000NPWQU4,4.333333333333333,93
B002D48QI4,4.591397849462366,93
B005ELMXP0,4.053763440860215,93
B00CJQBTJE,4.462365591397849,93
B0002X9038,4.010752688172043,93
B003BMNE4I,4.053763440860215,93
B000VRTE9A,4.397849462365591,93
B004YRTZG0,4.21505376344086,93
B00FEMO2I0,4.0,93
B000GX77NO,4.483870967741935,93
B004Y9L926,4.139784946236559,93
B002OJDJ6M,4.397849462365591,93
B00699IIW8,4.086021505376344,93
B008D5ZR5M,4.139784946236559,93
B00164DUY2,4.56989247311828,93
B003MJG19K,4.516129032258065,93
B005SBCNHE,4.462365591397849,93
B004O752PI,4.236559139784946,93
B0034XRY7W,4.075268817204301,93
B00ATET9T0,4.065217391304348,92
B000C1W032,4.489130434782608,92
B0009VIJV2,4.195652173913044,92
B0024SCPOA,4.684782608695652,92
B001LF4G44,4.282608695652174,92
B0027CT5VO,4.184782608695652,92
B00EYGFFBU,4.108695652173913,92
B0046KHE1S,4.4021739130434785,92
B00004U9V2,4.760869565217392,92
B00B22BCJS,4.5,92
B003SZEQ2W,4.076086956521739,92
B001F51T3Q,4.467391304347826,92
B000LJCNAK,4.0978260869565215,92
B001FWXIVU,4.336956521739131,92
B000P20U80,4.521739130434782,92
B002HZAZEM,4.119565217391305,92
B005JFPGX2,4.413043478260869,92
B000CED0VK,4.434782608695652,92
B009P4ZJXK,4.086956521739131,92
B00AHH00MO,4.684782608695652,92
B001AZS6R8,4.119565217391305,92
B00A4DSLK4,4.4021739130434785,92
B00937VHNA,4.510869565217392,92
B00198PV7Y,4.586956521739131,92
B0042L07YM,4.086956521739131,92
B000629ZHG,4.021739130434782,92
B002D4CXII,4.641304347826087,92
B005C3ZYWE,4.369565217391305,92
B0058CJUWO,4.0978260869565215,92
B0006Q00IK,4.195652173913044,92
B007LANY2S,4.608695652173913,92
B007SIG5HY,4.25,92
B000C1VT0W,4.358695652173913,92
B0013ND45G,4.315217391304348,92
B002LL57Z4,4.021739130434782,92
B0001TSJPI,4.282608695652174,92
B00AO6UKQO,4.417582417582418,91
B007KNAA2S,4.395604395604396,91
B00GXBEV0A,4.373626373626373,91
B0028CX8FW,4.010989010989011,91
B000JMB3JQ,4.1208791208791204,91
B000AMA43Q,4.670329670329671,91
B000L3JYMG,4.362637362637362,91
B00DHOET6W,4.428571428571429,91
B0000535UM,4.0,91
B002RS6JW6,4.582417582417582,91
B001ET76FI,4.626373626373627,91
B009QZCAM6,4.252747252747253,91
B0053Z5IHM,4.010989010989011,91
B001E763PE,4.637362637362638,91
B000V2MBZ4,4.516483516483516,91
B001CC1VV2,4.4945054945054945,91
B000K9NZJE,4.285714285714286,91
B002WC8E9S,4.241758241758242,91
B000FQUGXA,4.406593406593407,91
B004CQXYYC,4.241758241758242,91
B0002Z81O0,4.131868131868132,91
B000XU49RW,4.252747252747253,91
B0012CD32W,4.010989010989011,91
B007ZN5CA8,4.131868131868132,91
B0019RVJGC,4.406593406593407,91
B005WTITNO,4.538461538461538,91
B003HUJQN2,4.538461538461538,91
B000KQBQTI,4.450549450549451,91
B001ET6XNO,4.351648351648351,91
B008MJ1V3G,4.626373626373627,91
B000JBWZR6,4.5054945054945055,91
B002KCCEGO,4.615384615384615,91
B000FGS0RO,4.3076923076923075,91
B002BDVRF6,4.065934065934066,91
B001E96MZ8,4.384615384615385,91
B008RIAI2W,4.164835164835165,91
B006ZEV036,4.384615384615385,91
B000GCHKKK,4.648351648351649,91
B00005V5P6,4.736263736263736,91
B001T8S7T8,4.318681318681318,91
B0011XZZF0,4.188888888888889,90
B000THCTOO,4.622222222222222,90
B001EUS8G8,4.433333333333334,90
B0039YQG3E,4.0,90
B001E6O9M4,4.2,90
B004ULUVU4,4.666666666666667,90
B0018V1DWE,4.711111111111111,90
B00005REAQ,4.166666666666667,90
B007MBE786,4.533333333333333,90
B0016ZZW7E,4.644444444444445,90
B00008O2X5,4.266666666666667,90
B00CXDVRU4,4.622222222222222,90
B005FFVATK,4.777777777777778,90
B0007CIEBI,4.444444444444445,90
B003JFBXMM,4.155555555555556,90
B004UKENRC,4.177777777777778,90
B003AG35US,4.3,90
B000C1UD4K,4.277777777777778,90
B000PB26Q0,4.4222222222222225,90
B001JDHR4Y,4.411111111111111,90
B0014C8COY,4.544444444444444,90
B004TS06HG,4.2,90
B000NL34JU,4.811111111111111,90
B000C21AC8,4.777777777777778,90
B001DJDP7C,4.566666666666666,90
B001E5ECTK,4.011111111111111,90
B000OIHHYK,4.711111111111111,90
B004JLEGM4,4.544444444444444,90
B0043IX95I,4.177777777777778,90
B00187EX6G,4.5777777777777775,90
B001CXD1AA,4.4,90
B0012J30PU,4.433333333333334,90
B000WZSWZ8,4.677777777777778,90
B00AU82TP6,4.544444444444444,90
B000HLH758,4.233333333333333,90
B004Y5M8QQ,4.366666666666666,90
B006X4LU9W,4.7444444444444445,90
B000C1VSJE,4.5777777777777775,90
B006WQBZ96,4.0,90
B000RZQGS8,4.022222222222222,90
B000YZ4MSC,4.566666666666666,90
B008PK5NRC,4.377777777777778,90
B0000CGKLV,4.133333333333334,90
B00005V5OU,4.333333333333333,90
B005ZXH3OS,4.611111111111111,90
B000052YMX,4.488888888888889,90
B000W7EZJS,4.655555555555556,90
B0009OXHC0,4.2444444444444445,90
B000C1UEZI,4.2555555555555555,90
B000TNQVPG,4.066666666666666,90
B003GC4GHM,4.277777777777778,90
B006QFXROO,4.011111111111111,90
B000PBQ7LK,4.707865168539326,89
B004D58LWW,4.146067415730337,89
B005FZ6OAA,4.49438202247191,89
B003GCWJFS,4.550561797752809,89
B00CIZ0DNO,4.393258426966292,89
B001MIZMN4,4.617977528089888,89
B003H3KLLA,4.202247191011236,89
B0013F8JXG,4.48314606741573,89
B00164FVH6,4.617977528089888,89
B000P1S0NI,4.112359550561798,89
B000142JDG,4.269662921348314,89
B004GW8GRM,4.449438202247191,89
B000OY5W3M,4.561797752808989,89
B006VYG9YU,4.449438202247191,89
B00D7MZ224,4.314606741573034,89
B000C1UEYY,4.235955056179775,89
B001DU4XPY,4.359550561797753,89
B0006OU06E,4.0,89
B001DBC8K0,4.224719101123595,89
B004600K00,4.224719101123595,89
B003QSMID0,4.426966292134831,89
B00ISDOYV2,4.202247191011236,89
B001ADPTY8,4.269662921348314,89
B000052YM8,4.337078651685394,89
B002MO3CG6,4.213483146067416,89
B007RVHDAK,4.258426966292135,89
B000O5UWTA,4.359550561797753,89
B000C1VYFW,4.696629213483146,89
B000KQ1E5Y,4.775280898876405,89
B000BRSHXE,4.382022471910112,89
B0009R16O8,4.617977528089888,89
B001824J5G,4.146067415730337,89
B000ZOFUOC,4.561797752808989,89
B000C1Z1UG,4.47191011235955,89
B0000535U2,4.191011235955056,89
B0030GFXMQ,4.426966292134831,89
B004VQ7CSM,4.404494382022472,89
B00016KMIS,4.46067415730337,89
B004QLOFTG,4.213483146067416,89
B001MP7HYY,4.573033707865169,89
B000YZM5P4,4.113636363636363,88
B0046ZHQAW,4.784090909090909,88
B000NP7K1E,4.068181818181818,88
B002UL10HO,4.7272727272727275,88
B00BMVNMTM,4.284090909090909,88
B008HBMVZ6,4.181818181818182,88
B001FB5IMI,4.715909090909091,88
B00DG7YJQA,4.454545454545454,88
B009OWSHQE,4.943181818181818,88
B005OZFV50,4.693181818181818,88
B000TNOUA4,4.204545454545454,88
B0001EL9AK,4.409090909090909,88
B0031ZV8OS,4.5,88
B002P3L99G,4.556818181818182,88
B004TA7B04,4.0227272727272725,88
B000FP7ZLM,4.556818181818182,88
B000PZ8E62,4.625,88
B0002Z8LLI,4.3977272727272725,88
B000E9FRA0,4.6477272727272725,88
B002NV8Y3E,4.25,88
B002CMVU7Q,4.25,88
B0000Y3DAK,4.568181818181818,88
B000BIVY10,4.193181818181818,88
B000GI0WAY,4.386363636363637,88
B00027CGWQ,4.556818181818182,88
B006OHM11Y,4.1022727272727275,88
B0009MYMVM,4.590909090909091,88
B000XE1TUI,4.488636363636363,88
B001NNR45M,4.011363636363637,88
B000H3I3Y0,4.261363636363637,88
B00AN9CHY0,4.340909090909091,88
B0013NBWAA,4.75,88
B000PKYCJA,4.534090909090909,88
B0009OAHRI,4.32183908045977,87
B0001DDJZO,4.091954022988506,87
B002PBHQP4,4.195402298850575,87
B0017BGQR2,4.068965517241379,87
B000NGH3X8,4.264367816091954,87
B003B2RJLM,4.183908045977011,87
B0009OAHQ4,4.367816091954023,87
B005MZS03C,4.310344827586207,87
B003Z4OD24,4.689655172413793,87
B00371PJ1E,4.310344827586207,87
B000U01WJ8,4.666666666666667,87
B008B4TIPA,4.32183908045977,87
B0047SBPSW,4.344827586206897,87
B000B8IEB8,4.310344827586207,87
B004SPLCJQ,4.367816091954023,87
B0009BVK0E,4.206896551724138,87
B000FN6TPM,4.758620689655173,87
B000EGOG46,4.137931034482759,87
B000RCLXFC,4.758620689655173,87
B001KTWJGI,4.528735632183908,87
B000U0XGME,4.241379310344827,87
B007AU0FXA,4.747126436781609,87
B000EVGQ8U,4.333333333333333,87
B003T75D9E,4.459770114942529,87
B000TXIQJU,4.264367816091954,87
B001GTK8P6,4.67816091954023,87
B000FSG2Y0,4.310344827586207,87
B0019I83N8,4.528735632183908,87
B000LJGRG6,4.436781609195402,87
B0010NRXYM,4.482758620689655,87
B001CYC4I4,4.057471264367816,87
B004EAFM78,4.195402298850575,87
B003YC4FQ6,4.402298850574713,87
B005QDL1K4,4.482758620689655,87
B001KYVLSU,4.333333333333333,87
B001ET6Y4C,4.471264367816092,87
B000XE961C,4.2298850574712645,87
B004VYHMU2,4.505747126436781,87
B002CIXVVI,4.655172413793103,87
B002FOTGFY,4.252873563218391,87
B001JQLNJ6,4.448275862068965,87
B009YCJVNW,4.172413793103448,87
B004NFTGA8,4.0344827586206895,87
B000093I60,4.712643678160919,87
B004KKIB5M,4.2298850574712645,87
B003XOY70Y,4.137931034482759,87
B001FWXGYY,4.488372093023256,86
B0058NANJC,4.395348837209302,86
B0039W0UOM,4.209302325581396,86
B005LH3X2E,4.058139534883721,86
B0028QXB6E,4.325581395348837,86
B004JLGC12,4.406976744186046,86
B003N80NUS,4.255813953488372,86
B001VD8DDG,4.593023255813954,86
B000ZCVVI8,4.034883720930233,86
B0085Y98VA,4.569767441860465,86
B00GMXIZE2,4.488372093023256,86
B00I0N24TY,4.604651162790698,86
B002YHRXI4,4.616279069767442,86
B001FXF6CS,4.4186046511627906,86
B000HJ4IPW,4.069767441860465,86
B0032K5YSI,4.209302325581396,86
B000C1W4T2,4.4186046511627906,86
B00H09C5V6,4.813953488372093,86
B00008CMOS,4.430232558139535,86
B000C213E8,4.174418604651163,86
B0082HNFXM,4.6976744186046515,86
B002DMK0EE,4.453488372093023,86
B0002M6ZLY,4.4186046511627906,86
B0020YLEYK,4.058139534883721,86
B000C1Z6DS,4.511627906976744,86
B000P9DS4Q,4.22093023255814,86
B000C1Z6TW,4.406976744186046,86
B008FZ562E,4.034883720930233,86
B003VMZYSC,4.813953488372093,86
B000JD4N9M,4.3023255813953485,86
B004MJIL92,4.72093023255814,86
B004TDJTYW,4.674418604651163,86
B004JHT3MQ,4.058139534883721,86
B000FGCW0U,4.255813953488372,86
B0030F0U3Y,4.529411764705882,85
B001DHNBYQ,4.682352941176471,85
B009S9BDJQ,4.458823529411765,85
B001KYS1YM,4.188235294117647,85
B0038TYTSO,4.1647058823529415,85
B0002Z8SZW,4.5058823529411764,85
B00BM4GG9C,4.4941176470588236,85
B006840FE8,4.305882352941176,85
B003KDJ5KK,4.023529411764706,85
B001CEWDHG,4.2,85
B000MGSJBY,4.847058823529411,85
B0013FAF3I,4.129411764705883,85
B00AKYYSCM,4.2823529411764705,85
B005TTSDYW,4.4941176470588236,85
B00152SA1S,4.7176470588235295,85
B003VMZTCI,4.5058823529411764,85
B003VPTA2U,4.1647058823529415,85
B001ET7LAI,4.270588235294118,85
B001E7BEEE,4.305882352941176,85
B005NBRX2O,4.458823529411765,85
B007C27HAA,4.588235294117647,85
B0009F3OS6,4.458823529411765,85
B001A6K9NG,4.047058823529412,85
B000GRENPA,4.2823529411764705,85
B002USQUNQ,4.211764705882353,85
B004YJNK3W,4.482352941176471,85
B0006NY35E,4.305882352941176,85
B0002B0R14,4.435294117647059,85
B001EWETAK,4.094117647058823,85
B00021DDR4,4.6,85
B005WKFS6E,4.341176470588235,85
B001NYMTOC,4.305882352941176,85
B004DK5CCY,4.588235294117647,85
B002D48QSE,4.435294117647059,85
B00B0GOSNI,4.470588235294118,85
B00K7ER6LU,4.976470588235294,85
B004IUN7JO,4.094117647058823,85
B0089GNP7C,4.741176470588235,85
B002WPZNRQ,4.070588235294117,85
B004BARCP6,4.011904761904762,84
B001R66FFA,4.178571428571429,84
B004KU9PN4,4.7976190476190474,84
B007HTSVAS,4.345238095238095,84
B00JF3RYPM,4.333333333333333,84
B003AVNLP2,4.095238095238095,84
B001JK6N3I,4.5,84
B000T4UR9Q,4.190476190476191,84
B0057TPUPY,4.059523809523809,84
B006RFZ5ZM,4.0476190476190474,84
B00KAB1TBI,4.404761904761905,84
B007H590U2,4.238095238095238,84
B004C1VIPY,4.107142857142857,84
B0017TK2TC,4.845238095238095,84
B003XWG880,4.4523809523809526,84
B003MIQZTC,4.583333333333333,84
B00406ZI3E,4.4523809523809526,84
B004JXZKWM,4.2976190476190474,84
B0042GH78G,4.416666666666667,84
B003UMNO6C,4.154761904761905,84
B0012TP5EO,4.607142857142857,84
B000F4GIPM,4.380952380952381,84
B003BMGAUI,4.0,84
B002T5B4T0,4.190476190476191,84
B008LD8ZGO,4.416666666666667,84
B0061KQF2K,4.214285714285714,84
B001E96L6I,4.464285714285714,84
B000SJ9G0I,4.309523809523809,84
B004J749W0,4.773809523809524,84
B001H928KI,4.511904761904762,84
B00385WMJQ,4.071428571428571,84
B001KYPZRS,4.321428571428571,84
B0042L1XJK,4.404761904761905,84
B00HSE4WJ6,4.654761904761905,84
B00014FTTM,4.190476190476191,84
B0016M1PVY,4.5,84
B00006K14U,4.226190476190476,84
B00ARX8GGA,4.607142857142857,84
B000FZDPWU,4.4523809523809526,84
B00127O510,4.4523809523809526,84
B00013YYS0,4.559523809523809,84
B000OC3L4Q,4.7023809523809526,84
B002MO780W,4.154761904761905,84
B000FCNW26,4.369047619047619,84
B00443XOTS,4.154761904761905,84
B000FTO5HU,4.714285714285714,84
B00015XAQ0,4.0120481927710845,83
B001G7PNU8,4.481927710843373,83
B0007V9API,4.024096385542169,83
B005NLOLLU,4.783132530120482,83
B008532S7W,4.132530120481928,83
B00480JHWK,4.72289156626506,83
B0018QE1IC,4.216867469879518,83
B0007X74E0,4.421686746987952,83
B0011EIZI8,4.385542168674699,83
B008DLT9H8,4.421686746987952,83
B002NGMF6Q,4.036144578313253,83
B004CG80BE,4.469879518072289,83
B007NYB0DC,4.433734939759036,83
B000SDI6MI,4.614457831325301,83
B004YBC5K4,4.469879518072289,83
B005XRZO0G,4.554216867469879,83
B004INEX3U,4.445783132530121,83
B002M7FHFM,4.27710843373494,83
B00EEIM0OS,4.759036144578313,83
B0000CDVN6,4.228915662650603,83
B0002FBOLW,4.457831325301205,83
B0073KABJ0,4.530120481927711,83
B002GOXELA,4.228915662650603,83
B0040H00PE,4.132530120481928,83
B002DPUY56,4.144578313253012,83
B0038QGNRW,4.325301204819277,83
B003UM6TJG,4.433734939759036,83
B001UG6JZ8,4.518072289156627,83
B00168538E,4.192771084337349,83
B0046OFO3Y,4.650602409638554,83
B000VDAFHE,4.325301204819277,83
B000BTY330,4.337349397590361,83
B00AIQOKDY,4.325301204819277,83
B001ET77YI,4.674698795180723,83
B001CZKXG8,4.240963855421687,83
B0010VSUI2,4.120481927710843,83
B000C1VWJU,4.27710843373494,83
B00117F5PG,4.253012048192771,83
B001MJT6IA,4.433734939759036,83
B0009R34JI,4.795180722891566,83
B001CT053U,4.313253012048193,83
B0010AYN6Q,4.182926829268292,82
B003VX1KF2,4.670731707317073,82
B00DLAY0LQ,4.548780487804878,82
B001E8JE54,4.414634146341464,82
B0001XLSQ6,4.341463414634147,82
B001E25G0W,4.365853658536586,82
B001C1LBG8,4.060975609756097,82
B006WVCF40,4.121951219512195,82
B005KJ35D0,4.109756097560975,82
B004N0ULSO,4.304878048780488,82
B000GX4BSS,4.475609756097561,82
B0002U476G,4.304878048780488,82
B0009OAI6I,4.585365853658536,82
B00021DG80,4.195121951219512,82
B0009V8N4U,4.2560975609756095,82
B004DBXKWW,4.146341463414634,82
B0007CXXGO,4.426829268292683,82
B002X31FUG,4.414634146341464,82
B000O3GQ1A,4.341463414634147,82
B00A99XF0Y,4.487804878048781,82
B003TTB4SG,4.097560975609756,82
B002LA53V8,4.634146341463414,82
B0009ET3SC,4.682926829268292,82
B00G6U4ZI6,4.402439024390244,82
B000N043DW,4.317073170731708,82
B00028LURW,4.121951219512195,82
B0019QU5P4,4.7439024390243905,82
B000VOPG0E,4.353658536585366,82
B0017OEGX0,4.2317073170731705,82
B003QITYNC,4.280487804878049,82
B0052FZ3CI,4.524390243902439,82
B0056UDXDK,4.280487804878049,82
B004V904J8,4.182926829268292,82
B000GCV588,4.621951219512195,82
B001QXKDRA,4.426829268292683,82
B00385WMH8,4.512195121951219,82
B00497BELY,4.353658536585366,82
B003HD04DK,4.451219512195122,82
B007RNYA36,4.353658536585366,82
B00GYLZKGS,4.597560975609756,82
B0016ISD04,4.390243902439025,82
B0052D4416,4.573170731707317,82
B0082ZD63S,4.2439024390243905,82
B001E0VOW8,4.703703703703703,81
B004WITU6Q,4.654320987654321,81
B009ND81NS,4.493827160493828,81
B0019LRD9A,4.037037037037037,81
B000GHYSL4,4.617283950617284,81
B001ET6XDE,4.395061728395062,81
B002N6UH6Q,4.493827160493828,81
B005UBN3L2,4.135802469135802,81
B005TT8TPU,4.234567901234568,81
B0038QQ7OQ,4.333333333333333,81
B001DKQ47E,4.37037037037037,81
B0001431AG,4.061728395061729,81
B00CAW7SD8,4.382716049382716,81
B0013FKZ3S,4.333333333333333,81
B000BZ4YB0,4.209876543209877,81
B000X1LOJM,4.728395061728395,81
B004HLY464,4.246913580246914,81
B0033041GI,4.234567901234568,81
B000NJE14E,4.012345679012346,81
B000C1UETE,4.111111111111111,81
B000W3WP1W,4.209876543209877,81
B0032DHP6O,4.209876543209877,81
B005YRD5PQ,4.691358024691358,81
B004DP7DPI,4.098765432098766,81
B005YB42EA,4.728395061728395,81
B001RQOSBS,4.333333333333333,81
B000C21B1S,4.444444444444445,81
B0013B2H4W,4.012345679012346,81
B00H594L1S,4.716049382716049,81
B002VECKKG,4.308641975308642,81
B002SKTTVQ,4.567901234567901,81
B00157RZ14,4.061728395061729,81
B0008F6ZDI,4.037037037037037,81
B0047DK2RW,4.419753086419753,81
B00K2O3NV2,4.765432098765432,81
B001FYV87O,4.283950617283951,81
B001CJJ5QS,4.6419753086419755,81
B000AMHWCW,4.555555555555555,81
B00007FCQ1,4.54320987654321,81
B00008PC1O,4.407407407407407,81
B001V9OO60,4.580246913580247,81
B0017IAF2M,4.074074074074074,81
B000N2ZMP8,4.444444444444445,81
B004FEO38C,4.2592592592592595,81
B002LC9OES,4.481481481481482,81
B0042KY1UY,4.271604938271605,81
B004XL4IN2,4.333333333333333,81
B00014DKKC,4.419753086419753,81
B0026I6SM8,4.716049382716049,81
B00008WFSM,4.333333333333333,81
B000UUO5VA,4.654320987654321,81
B009L0YD6M,4.432098765432099,81
B000N2IGWY,4.148148148148148,81
B004BD9152,4.061728395061729,81
B001ADP0OM,4.1625,80
B004BCT93C,4.1375,80
B000I5JEAO,4.325,80
B001E96MTY,4.525,80
B001GTK9SC,4.7,80
B0024H42E2,4.4,80
B0032RMX3U,4.5125,80
B00AN44OKA,4.25,80
B004Y0V0VA,4.1375,80
B000R4DZRE,4.5,80
B000SGQWY4,4.1125,80
B000N2FAD2,4.275,80
B005OZRRAW,4.2375,80
B008DWDW8Y,4.8125,80
B000E7UDWO,4.425,80
B00BWB3YTA,4.3125,80
B0098U0SQO,4.7,80
B004BARCRY,4.225,80
B00021PALG,4.675,80
B0007IFB2W,4.3625,80
B005BI383W,4.4875,80
B000PKUYYW,4.4375,80
B000XSPQ62,4.05,80
B000ULRDJU,4.3,80
B000C21096,4.0375,80
B00F4TQ49I,4.1,80
B00CYDSAO4,4.6125,80
B00006ISER,4.525,80
B000C219QA,4.2875,80
B000YC718S,4.4625,80
B006KXDWJC,4.35,80
B000O7JK0A,4.225,80
B00AMYORHQ,4.4375,80
B000C1Z4YY,4.2375,80
B00EYMWQRA,4.5125,80
B000PHP8L4,4.425,80
B000VDFKLK,4.2784810126582276,79
B00CBNK74I,4.620253164556962,79
B00FPROWWU,4.962025316455696,79
B006FIGPLY,4.151898734177215,79
B007S2CJY8,4.3924050632911396,79
B000EA0L5K,4.3164556962025316,79
B001DKF08S,4.670886075949367,79
B000TDG2PU,4.531645569620253,79
B0083JDFY8,4.30379746835443,79
B00B33W754,4.417721518987341,79
B005FK3M46,4.341772151898734,79
B005V1G1R4,4.860759493670886,79
B000WYJTZG,4.10126582278481,79
B004P2RZUC,4.405063291139241,79
B001EYFYNO,4.405063291139241,79
B0018209PU,4.443037974683544,79
B007FI5QT0,4.189873417721519,79
B005KJ353U,4.0886075949367084,79
B002U0UZCG,4.3924050632911396,79
B004LCD8D4,4.379746835443038,79
B000B45BUE,4.1265822784810124,79
B001N1JEJS,4.063291139240507,79
B003SJ0FSW,4.139240506329114,79
B00546F4CY,4.025316455696203,79
B00152W1YU,4.658227848101266,79
B004C4BUGI,4.215189873417722,79
B004KXLIVS,4.2025316455696204,79
B001UHN0NG,4.379746835443038,79
B004CR3D4W,4.2784810126582276,79
B001CJE0MC,4.139240506329114,79
B001JQLNLY,4.1265822784810124,79
B003G42Y6A,4.860759493670886,79
B00385WMK0,4.620253164556962,79
B000052Z9F,4.544303797468355,79
B004DBXLU8,4.2784810126582276,79
B002DUDEQ2,4.481012658227848,79
B001AVWSLW,4.063291139240507,79
B000NYL3UE,4.189873417721519,79
B00EYZY5VC,4.2025316455696204,79
B004BCTB9E,4.291139240506329,79
B0006LNKYG,4.227848101265823,79
B000YDMM2M,4.253164556962025,79
B003QUONE0,4.063291139240507,79
B004UE9S9Q,4.518987341772152,79
B0002UEDWE,4.544303797468355,79
B004SSRSRS,4.405063291139241,79
B00467AXL4,4.6075949367088604,79
B007GM1CBQ,4.358974358974359,78
B002DPUXZ2,4.217948717948718,78
B002TW16IW,4.730769230769231,78
B0016BFD4K,4.589743589743589,78
B000XE6FS4,4.5,78
B0086JQBAA,4.551282051282051,78
B00ESZVJCG,4.871794871794871,78
B008BCNL3C,4.230769230769231,78
B00GYB1AQM,4.089743589743589,78
B0064ION50,4.153846153846154,78
B000VNIZGM,4.538461538461538,78
B003IXP6P0,4.487179487179487,78
B00CO1VBDS,4.076923076923077,78
B001N444JK,4.602564102564102,78
B005KBCBPG,4.153846153846154,78
B000GW4B2K,4.358974358974359,78
B0002OCNMC,4.384615384615385,78
B0039UTTC8,4.512820512820513,78
B0002NIAC0,4.461538461538462,78
B003MUYUU6,4.435897435897436,78
B0009VNI40,4.256410256410256,78
B000GCPWSC,4.743589743589744,78
B003607ZNG,4.384615384615385,78
B003EGYDI2,4.4743589743589745,78
B000T9ZCL4,4.5,78
B002N5MKLW,4.384615384615385,78
B004BIZBF6,4.153846153846154,78
B000TAVKUK,4.371794871794871,78
B001BMLJU6,4.0256410256410255,78
B00064H44K,4.576923076923077,78
B004D2826K,4.333333333333333,78
B000KBHG88,4.371794871794871,78
B0012DL8B4,4.051282051282051,78
B00B8KWFJU,4.1923076923076925,78
B00910ZHJE,4.358974358974359,78
B000C1UFHU,4.32051282051282,78
B000GHGWKY,4.371794871794871,78
B005CWJF2K,4.166666666666667,78
B00HM6IXH2,4.128205128205129,78
B004SSFE8S,4.705128205128205,78
B001D0NARQ,4.82051282051282,78
B003M09LPK,4.487179487179487,78
B00FU574H2,4.1923076923076925,78
B000P20QTI,4.538461538461538,78
B005XY43IS,4.512820512820513,78
B006L6A06Q,4.298701298701299,77
B005GQ6HUK,4.376623376623376,77
B000NCTQV4,4.116883116883117,77
B00576OC1U,4.714285714285714,77
B000P20RPQ,4.246753246753247,77
B005HR7Q6M,4.51948051948052,77
B001CJE0Y0,4.376623376623376,77
B000VOLLG2,4.1688311688311686,77
B001841FKQ,4.428571428571429,77
B001B1T2SS,4.6103896103896105,77
B00H7NKNE6,4.818181818181818,77
B005V0H9SA,4.090909090909091,77
B000V193RY,4.415584415584416,77
B000P3X8JC,4.246753246753247,77
B001ESIZA4,4.012987012987013,77
B0019LLEIG,4.688311688311688,77
B004JK28GG,4.194805194805195,77
B00FRDPMQC,4.1558441558441555,77
B000XEBDK4,4.12987012987013,77
B0046KFZC8,4.064935064935065,77
B000127VFE,4.714285714285714,77
B004Y9D90Q,4.35064935064935,77
B000WOU3I8,4.376623376623376,77
B0002DM5GC,4.779220779220779,77
B000BIXP62,4.012987012987013,77
B000P275T2,4.220779220779221,77
B00ATDTZ0Y,4.688311688311688,77
B00AE07FUO,4.038961038961039,77
B006R4DGCC,4.259740259740259,77
B00JC77VEK,4.701298701298701,77
B00014JKG0,4.545454545454546,77
B007BXMKGQ,4.1558441558441555,77
B001CT09UE,4.467532467532467,77
B001BAFQOS,4.012987012987013,77
B006GWDBZ2,4.48051948051948,77
B003Y55NXM,4.233766233766234,77
B001EJOPOI,4.8311688311688314,77
B002A0W3PI,4.662337662337662,77
B00110Q8FO,4.402597402597403,77
B002SPVA7M,4.324675324675325,77
B0042L0CUQ,4.779220779220779,77
B0009YDO32,4.35064935064935,77
B001KYQBUI,4.5064935064935066,77
B005B9NWRS,4.644736842105263,76
B00I1ISDZM,4.697368421052632,76
B000NSR6AQ,4.342105263157895,76
B002Y26RUE,4.2105263157894735,76
B00513GE6K,4.5394736842105265,76
B000C1VT9S,4.078947368421052,76
B000I82POI,4.394736842105263,76
B0012RXAGG,4.355263157894737,76
B0099EHM86,4.0394736842105265,76
B00DJQQEGQ,4.894736842105263,76
B0006ZHCK0,4.302631578947368,76
B002KANWU8,4.2368421052631575,76
B0015H0TS0,4.644736842105263,76
B0013KY296,4.105263157894737,76
B002FGKPWK,4.368421052631579,76
B003GCZOX2,4.697368421052632,76
B001F51TNQ,4.407894736842105,76
B00FU6LCNS,4.552631578947368,76
B001LNOEMK,4.578947368421052,76
B002BPY7H4,4.026315789473684,76
B007B3T47Y,4.2894736842105265,76
B004WPHE3K,4.0,76
B003282VZE,4.302631578947368,76
B005FOPQT6,4.473684210526316,76
B004WD2UC2,4.618421052631579,76
B000FCTITM,4.407894736842105,76
B000GZES7A,4.105263157894737,76
B001TSB9MA,4.644736842105263,76
B000056KK0,4.7368421052631575,76
B001AQ6HDM,4.144736842105263,76
B003STPN4S,4.697368421052632,76
B0047YPMPI,4.407894736842105,76
B000Q34X8Q,4.342105263157895,76
B001RQI512,4.197368421052632,76
B000FPVMCU,4.5,76
B001ADQUWS,4.184210526315789,76
B0035CTRHW,4.657894736842105,76
B0073B3ESY,4.75,76
B0033WSTXM,4.473684210526316,76
B006RFZ98K,4.052631578947368,76
B001CLXNZ0,4.355263157894737,76
B00G3HM9ZI,4.473684210526316,76
B004OV8986,4.407894736842105,76
B001E96M58,4.644736842105263,76
B003BQIZX4,4.618421052631579,76
B001ELTPUU,4.394736842105263,76
B000OYLBJG,4.342105263157895,76
B000093A0U,4.526315789473684,76
B001UHN0MM,4.5394736842105265,76
B00383HHT8,4.0394736842105265,76
B000VON4NK,4.697368421052632,76
B0039OLUDU,4.776315789473684,76
B001BQXV4O,4.578947368421052,76
B000EE803Q,4.605263157894737,76
B008IDOI1S,4.697368421052632,76
B0019LT2I0,4.631578947368421,76
B00408QTOY,4.907894736842105,76
B0010O3URU,4.157894736842105,76
B005MTK4RI,4.693333333333333,75
B004675BIE,4.08,75
B00021BEXY,4.173333333333333,75
B006RFZ8NG,4.1866666666666665,75
B002BGT7DM,4.44,75
B0001M7D7A,4.16,75
B007HO1A9W,4.48,75
B000C1VWAE,4.053333333333334,75
B000052YN7,4.8,75
B0038TYTI4,4.306666666666667,75
B00G0Q5V0M,4.613333333333333,75
B008LEQENE,4.453333333333333,75
B00GTC1JHQ,4.36,75
B00DZ3YTGK,4.866666666666666,75
B0040PDKPI,4.573333333333333,75
B002HMYF8W,4.68,75
B0000536M2,4.1866666666666665,75
B00JTY6WQ4,4.8,75
B000K7J1PI,4.36,75
B000052ZSS,4.573333333333333,75
B001OQH6HY,4.72,75
B00021DTEG,4.56,75
B003RFA4QA,4.64,75
B000C1Z1B0,4.653333333333333,75
B001UOLI4C,4.466666666666667,75
B004813W5M,4.226666666666667,75
B0082XRJXS,4.48,75
B0028R0WFG,4.493333333333333,75
B000C1VT70,4.466666666666667,75
B000UPO54M,4.493333333333333,75
B00D76IPK6,4.64,75
B000VON818,4.48,75
B0046CMBK0,4.293333333333333,75
B003GZWYVO,4.173333333333333,75
B005CSKFJQ,4.013333333333334,75
B000BI5UHO,4.733333333333333,75
B002DPUY6A,4.36,75
B000TDBJHQ,4.573333333333333,75
B0036BWIBO,4.413333333333333,75
B0085L0APQ,4.1466666666666665,75
B000WZP3WI,4.333333333333333,75
B000LY3X7W,4.28,75
B000WZIV72,4.76,75
B002K8MK0I,4.133333333333334,75
B005OZQSQQ,4.746666666666667,75
B00I6R90Q4,4.613333333333333,75
B001LNOEKW,4.213333333333333,75
B003F7WQGQ,4.666666666666667,75
B004J31KOO,4.213333333333333,75
B0026DWB7Y,4.546666666666667,75
B003GLJ6PA,4.293333333333333,75
B001PRJ9XQ,4.44,75
B0014568D8,4.2,75
B000GD037G,4.346666666666667,75
B00AF63QQE,4.256756756756757,74
B005JJ4GX4,4.202702702702703,74
B00ANFYEQS,4.445945945945946,74
B0002L992C,4.445945945945946,74
B001ECQ4R6,4.675675675675675,74
B003MY14J2,4.5,74
B00AYR8BK0,4.202702702702703,74
B00GTBZNP6,4.243243243243243,74
B0045WBFAI,4.391891891891892,74
B002IDPHBE,4.027027027027027,74
B005ELPNLG,4.527027027027027,74
B00AYLYETS,4.648648648648648,74
B000052Y6Z,4.04054054054054,74
B000FPWUOO,4.0675675675675675,74
B00016X68Q,4.094594594594595,74
B000UWDF0A,4.243243243243243,74
B005WQB6G4,4.243243243243243,74
B008B9MDZ2,4.5,74
B00BB5YHFC,4.527027027027027,74
B001UHN0OA,4.297297297297297,74
B00092M32C,4.445945945945946,74
B0050VKEWS,4.527027027027027,74
B00AWLB9EI,4.175675675675675,74
B00GYB17XI,4.4324324324324325,74
B0007CXXYG,4.283783783783784,74
B00ITY6XK0,4.648648648648648,74
B00080DK86,4.364864864864865,74
B00021EA9Y,4.27027027027027,74
B005ME8WK4,4.256756756756757,74
B001E5EBCS,4.472972972972973,74
B000C231SE,4.297297297297297,74
B000RSJKTM,4.581081081081081,74
B002BFX6EO,4.202702702702703,74
B00C2S73DA,4.45945945945946,74
B001PN55KQ,4.337837837837838,74
B00CA05FO4,4.0675675675675675,74
B000VT54QA,4.108108108108108,74
B001E2RGY6,4.175675675675675,74
B004CQXZ5U,4.648648648648648,74
B000GDF48Y,4.0675675675675675,74
B002C89J96,4.027027027027027,74
B00ATY942M,4.148648648648648,74
B001UGL84U,4.22972972972973,74
B005K49XXQ,4.081081081081081,74
B0055Y9AIY,4.351351351351352,74
B000WM2V9O,4.581081081081081,74
B00021D5FY,4.297297297297297,74
B004LE0YW0,4.472972972972973,74
B0046HLPNY,4.581081081081081,74
B002RL8NGI,4.27027027027027,74
B0007CXXDM,4.22972972972973,74
B0054Y0PMK,4.1891891891891895,74
B001910FOA,4.608108108108108,74
B003ULT3H2,4.54054054054054,74
B0001MROQA,4.324324324324325,74
B0096OBH4Y,4.4324324324324325,74
B001ECQ4L2,4.824324324324325,74
B0001ZA3Y2,4.486486486486487,74
B006MRPMMG,4.243243243243243,74
B0040I2B3W,4.121621621621622,74
B0047RWN3E,4.351351351351352,74
B009A291L8,4.621621621621622,74
B000WHXL98,4.04054054054054,74
B000E8TGJY,4.135135135135135,74
B000PB271E,4.2465753424657535,73
B00AWLBACE,4.5479452054794525,73
B002NGMEUS,4.315068493150685,73
B004HFNFU6,4.123287671232877,73
B0051PUWI4,4.123287671232877,73
B000H3CPO4,4.397260273972603,73
B005AZSE44,4.602739726027397,73
B000MVYJ0O,4.575342465753424,73
B003NXX58K,4.671232876712328,73
B000CIBVP8,4.561643835616438,73
B000P275TW,4.712328767123288,73
B003EH20ZO,4.301369863013699,73
B00A8L5ULU,4.794520547945205,73
B00HD7SCLM,4.068493150684931,73
B008VE6PJC,4.698630136986301,73
B008RG9MKS,4.424657534246576,73
B003414XXC,4.383561643835616,73
B0047PSV14,4.315068493150685,73
B0092LDWWQ,4.109589041095891,73
B0045A2DPG,4.410958904109589,73
B003APID5G,4.219178082191781,73
B001G7GR5S,4.767123287671233,73
B000GDA07E,4.027397260273973,73
B00187OEWO,4.095890410958904,73
B00HB2JQNM,4.027397260273973,73
B0031D1MDM,4.6438356164383565,73
B0009WB49K,4.52054794520548,73
B001IB0NOS,4.123287671232877,73
B004CDV7EY,4.36986301369863,73
B002ZMDEC2,4.397260273972603,73
B0016Q1RI6,4.328767123287672,73
B001FSK8QM,4.068493150684931,73
B006L6A10G,4.424657534246576,73
B00GSZNT04,4.315068493150685,73
B00EU6NK66,4.397260273972603,73
B00GTBZHUW,4.465753424657534,73
B001FB5HSS,4.2465753424657535,73
B00GTBZN4C,4.315068493150685,73
B001P5TC8U,4.36986301369863,73
B00GTBZOVE,4.068493150684931,73
B00AVQ0JI6,4.041095890410959,73
B009GMYMQ6,4.410958904109589,73
B000JL5MK8,4.342465753424658,73
B00CQ7XQY2,4.465753424657534,73
B0016L0VHE,4.287671232876712,73
B001E96NIE,4.136986301369863,73
B002XTZUNI,4.3561643835616435,73
B000OD31WW,4.0,73
B006RFZ9IK,4.328767123287672,73
B00HNKRWX8,4.054794520547945,73
B000S7ZT6U,4.191780821917808,73
B0085XS98Y,4.47945205479452,73
B00BCMNTPS,4.013698630136986,73
B00BC3YL2W,4.506849315068493,73
B0045SU05I,4.410958904109589,73
B003X18NPW,4.136986301369863,73
B000V9PYHY,4.506849315068493,73
B0009OAGS8,4.410958904109589,73
B0028R4SRO,4.534246575342466,73
B000C2148S,4.342465753424658,73
B00937VAQE,4.041095890410959,73
B002VLEVCY,4.0,72
B000C212QC,4.263888888888889,72
B000X2UCJO,4.125,72
B000LJCND2,4.375,72
B00FZESMKG,4.472222222222222,72
B00H28JKO0,4.694444444444445,72
B0011E46CM,4.722222222222222,72
B002T5NMGS,4.652777777777778,72
B000GCW1P4,4.375,72
B008F5D4Y6,4.236111111111111,72
B000NBBN1G,4.486111111111111,72
B007YAS63M,4.013888888888889,72
B006L6AA8Y,4.25,72
B00CPBIW9I,4.611111111111111,72
B001M9KX78,4.263888888888889,72
B002IULDP6,4.805555555555555,72
B005D2SFAC,4.263888888888889,72
B009GEUPPG,4.375,72
B00BTFKGNG,4.375,72
B006QB4BSE,4.597222222222222,72
B004VUJX44,4.361111111111111,72
B0002JGIZA,4.222222222222222,72
B00846IUA4,4.430555555555555,72
B001AXIWGA,4.347222222222222,72
B004N1EQNO,4.0,72
B000067DYG,4.625,72
B008D5HAHU,4.388888888888889,72
B003NRYG9I,4.152777777777778,72
B001ILMGDO,4.416666666666667,72
B002HRENRA,4.180555555555555,72
B003MGRT2Q,4.763888888888889,72
B002NGMEV2,4.291666666666667,72
B00GZ18LL8,4.236111111111111,72
B001AFGLI4,4.0,72
B004SPDEWE,4.527777777777778,72
B00EHMN8JM,4.166666666666667,72
B00AFCP6F2,4.194444444444445,72
B001G0JNT2,4.736111111111111,72
B005DU5MY6,4.458333333333333,72
B000NB3VNO,4.458333333333333,72
B0057UR38A,4.722222222222222,72
B002DPUY60,4.236111111111111,72
B006KFWPNO,4.625,72
B000XFWO10,4.152777777777778,72
B002QFMY42,4.166666666666667,72
B000O3BDHW,4.638888888888889,72
B0041R7C4A,4.486111111111111,72
B004V6BIZU,4.597222222222222,72
B00EOP3MJI,4.222222222222222,72
B0011DGH0C,4.402777777777778,72
B001CJFEKY,4.236111111111111,72
B000KPZ7SK,4.013888888888889,72
B0058DC6YM,4.069444444444445,72
B009LY2GC6,4.111111111111111,72
B00IKD3MX6,4.875,72
B00AE07EIM,4.388888888888889,72
B004L18FY2,4.25,72
B00HSNWXYI,4.333333333333333,72
B000GXGROY,4.577464788732394,71
B003A870SE,4.267605633802817,71
B0046771N2,4.71830985915493,71
B000GIOBY2,4.098591549295775,71
B004WAHWTQ,4.211267605633803,71
B00021DPHW,4.661971830985915,71
B000E7UDOC,4.52112676056338,71
B007E62538,4.76056338028169,71
B004GCVQM4,4.52112676056338,71
B001E96PM8,4.788732394366197,71
B005V3ATZM,4.154929577464789,71
B000B8VBJK,4.056338028169014,71
B003K44E6Y,4.52112676056338,71
B007MYLM1I,4.197183098591549,71
B00770JW9Q,4.619718309859155,71
B002DVHTFI,4.422535211267606,71
B005SRTDWQ,4.042253521126761,71
B005VRA5YI,4.225352112676056,71
B000C23698,4.52112676056338,71
B00KWE08Q0,4.859154929577465,71
B003BMJGL8,4.577464788732394,71
B001ET776Q,4.830985915492958,71
B00884GXE2,4.126760563380282,71
B000W0HA7Y,4.169014084507042,71
B0013NHSYE,4.056338028169014,71
B003VMZHKM,4.408450704225352,71
B009NCM6JY,4.28169014084507,71
B000C2109Q,4.507042253521127,71
B0006LNMIU,4.098591549295775,71
B006MLLRIK,4.577464788732394,71
B00AWLBAE2,4.154929577464789,71
B0013RQWFQ,4.211267605633803,71
B000VYHG9S,4.76056338028169,71
B004510NLQ,4.042253521126761,71
B001SYWTFG,4.140845070422535,71
B00HSNWXV6,4.169014084507042,71
B0000CNR0J,4.183098591549296,71
B00C2BHZD0,4.549295774647887,71
B001ADOV4W,4.253521126760563,71
B00CBYAP0S,4.746478873239437,71
B000LQA6UM,4.28169014084507,71
B000AADG8I,4.084507042253521,71
B002BWPXGQ,4.0,71
B002IGQ7L0,4.352112676056338,71
B006FM3UVS,4.169014084507042,71
B00GTC1FFW,4.126760563380282,71
B000GP1AXK,4.154929577464789,71
B000C1W70S,4.253521126760563,71
B005C2NAO4,4.225352112676056,71
B00GTC02LA,4.464788732394366,71
B00B4TR3KG,4.52112676056338,71
B0012UK304,4.47887323943662,71
B002L6O1R4,4.154929577464789,71
B00GTBZI6A,4.394366197183099,71
B0015G9EGY,4.71830985915493,71
B001G2LWDK,4.492957746478873,71
B002UQAUGG,4.366197183098592,71
B004TSF996,4.140845070422535,71
B00GTBZWPW,4.140845070422535,71
B0002JG2NI,4.507042253521127,71
B000VOJOLQ,4.408450704225352,71
B00JGCU60W,4.314285714285714,70
B008HBMRRS,4.271428571428571,70
B008DF6XB4,4.285714285714286,70
B008FIH4IK,4.128571428571429,70
B000A409J8,4.557142857142857,70
B003FS3L9G,4.385714285714286,70
B00HSNWXTI,4.071428571428571,70
B007USPWS0,4.042857142857143,70
B00FLRHYCE,4.0,70
B001OG1CWY,4.642857142857143,70
B0017JV8I6,4.114285714285714,70
B001KPSO5M,4.514285714285714,70
B002F07RA4,4.585714285714285,70
B00152SZL8,4.257142857142857,70
B002LA1D9Y,4.642857142857143,70
B00138Y8NI,4.185714285714286,70
B000EGIQB0,4.5285714285714285,70
B0009OAHQY,4.1571428571428575,70
B000C1Z1YC,4.114285714285714,70
B0033PSM6S,4.142857142857143,70
B000EGSD1S,4.185714285714286,70
B000GS8T0Y,4.171428571428572,70
B0085BVFZK,4.614285714285714,70
B00112RH9I,4.285714285714286,70
B00GYB17TC,4.1571428571428575,70
B004R0GQXO,4.628571428571429,70
B000P8FNGS,4.557142857142857,70
B002UUT39M,4.314285714285714,70
B001T8I108,4.257142857142857,70
B002D48QNO,4.328571428571428,70
B00GUTLC0C,4.514285714285714,70
B0020MM874,4.442857142857143,70
B004CQXZD2,4.571428571428571,70
B0013N9U86,4.457142857142857,70
B000G686X6,4.871428571428571,70
B009O5BC22,4.114285714285714,70
B001QT3GVO,4.314285714285714,70
B0019GXOXY,4.114285714285714,70
B002X9W5OK,4.457142857142857,70
B007OT1OPU,4.2,70
B008JBOTDG,4.7,70
B004FLR418,4.4,70
B000BKXGXW,4.214285714285714,70
B005V1A05S,4.714285714285714,70
B00HPC1CHQ,4.671428571428572,70
B004MGAGP2,4.128571428571429,70
B009DUJCVQ,4.542857142857143,70
B00GTBZXA6,4.3,70
9790790961,4.271428571428571,70
B000VOJB50,4.4,70
B000PSPK7U,4.542857142857143,70
B004DBUAKM,4.3428571428571425,70
B00A4F86KC,4.242857142857143,70
B003VMAL5I,4.671428571428572,70
B004OE9RO8,4.642857142857143,70
B0012RST8K,4.185714285714286,70
B003BVK29E,4.5285714285714285,70
B0026IFLG2,4.0285714285714285,70
B00GTBZHCA,4.260869565217392,69
B0041OF7YU,4.536231884057971,69
B003S5LWRO,4.6231884057971016,69
B005GMY8DC,4.260869565217392,69
B003TQV9PW,4.0144927536231885,69
B00COVNG7W,4.72463768115942,69
B000PHVTVC,4.188405797101449,69
B004SXTF38,4.840579710144928,69
B008LQSOJO,4.217391304347826,69
B000C1W5GY,4.63768115942029,69
B004BCVALG,4.521739130434782,69
B00011QUIY,4.72463768115942,69
B00028O7ZO,4.681159420289855,69
B00363H8IU,4.608695652173913,69
B00A6O1BF8,4.246376811594203,69
B004L4AMIG,4.608695652173913,69
B003156NJ8,4.188405797101449,69
B004QNIC1G,4.6231884057971016,69
B007VEPVZC,4.333333333333333,69
B00JQP1SP6,4.768115942028985,69
B007MKVTSS,4.028985507246377,69
B004O3TZUK,4.0,69
B001P24STQ,4.202898550724638,69
B0006B12KK,4.36231884057971,69
B000T0HUAY,4.420289855072464,69
B006XDJCCU,4.130434782608695,69
B000GIL12C,4.318840579710145,69
B005I8RH78,4.304347826086956,69
B0023AV2XO,4.101449275362318,69
B002T3V294,4.391304347826087,69
B000C1VXQ2,4.550724637681159,69
B009799H04,4.27536231884058,69
B0019JF0Q0,4.6231884057971016,69
B0039UT7DE,4.318840579710145,69
B00013YZ7U,4.6231884057971016,69
B003N21THK,4.246376811594203,69
B0031NRC86,4.304347826086956,69
B000G3JVSS,4.115942028985507,69
B004667U2A,4.173913043478261,69
B001ET7892,4.434782608695652,69
B000U0CAYY,4.144927536231884,69
B000ZFI2PA,4.521739130434782,69
B00HM6JLNW,4.130434782608695,69
B000RY4DJS,4.115942028985507,69
B003ZS6OJK,4.463768115942029,69
B004D281CK,4.130434782608695,69
B003ITMPI0,4.536231884057971,69
B00HSNWZFU,4.028985507246377,69
B0075J4TDI,4.405797101449275,69
B002KC07RM,4.159420289855072,69
B00HGJZI2I,4.3478260869565215,69
B003GU09PC,4.434782608695652,69
B001FQPPWQ,4.63768115942029,69
B0011AD7H6,4.666666666666667,69
B002ZG96HA,4.101449275362318,69
B009LUS2GY,4.594202898550725,69
B00EOP3O3C,4.130434782608695,69
B00138Y8TW,4.6231884057971016,69
B000BPEPA0,4.2898550724637685,69
B0019LRYQW,4.3768115942028984,69
B003UNPS0Q,4.565217391304348,69
B00112JBLU,4.521739130434782,69
B003BK96RY,4.72463768115942,69
B001I6DZCA,4.666666666666667,69
B003JN6J0A,4.260869565217392,69
B004HYMJRC,4.294117647058823,68
B008RPMOZE,4.294117647058823,68
B002WQ8XNG,4.338235294117647,68
B000H30FGY,4.617647058823529,68
B004DEJIA2,4.411764705882353,68
B002WQ93F8,4.205882352941177,68
B000U26ZZM,4.132352941176471,68
B0012V05VK,4.25,68
B001ET7J6E,4.0588235294117645,68
B0018QQZMW,4.5,68
B00DU2MN5U,4.176470588235294,68
B002CML1R0,4.3088235294117645,68
B000P3X7XO,4.455882352941177,68
B000BIZSYO,4.235294117647059,68
B00EYUZZVQ,4.485294117647059,68
B001MA5VUQ,4.4411764705882355,68
B00027CDY2,4.294117647058823,68
B000NHZSKC,4.338235294117647,68
B0012KG0YC,4.411764705882353,68
B00GJ4X3MI,4.720588235294118,68
B0019227LS,4.485294117647059,68
B000GIH1MG,4.397058823529412,68
B000P3X8HY,4.573529411764706,68
B006H2Z5KK,4.147058823529412,68
B000GHYU1C,4.264705882352941,68
B0032O52QS,4.147058823529412,68
B0050CFD1O,4.632352941176471,68
B000EMDKG0,4.382352941176471,68
B0013L7H06,4.411764705882353,68
B00G2GNKDK,4.161764705882353,68
B0067N2SJU,4.132352941176471,68
B001KYQ0G8,4.294117647058823,68
B0067V4C14,4.294117647058823,68
B005OZW3ZG,4.647058823529412,68
B003APYUWQ,4.661764705882353,68
B00HNKRWI8,4.1911764705882355,68
B002YPZ85G,4.132352941176471,68
B00A0MBBW4,4.25,68
B0047WYO1I,4.147058823529412,68
B001MXKG6M,4.3088235294117645,68
B00HSNWZKU,4.5,68
B001V9LUZS,4.411764705882353,68
B000VN8K2G,4.6911764705882355,68
B001DNZJW2,4.235294117647059,68
B00005333G,4.426470588235294,68
B008QMWVP6,4.235294117647059,68
B008X20V6A,4.014705882352941,68
B007IUPZJG,4.25,68
B005EII2OY,4.352941176470588,68
B000OQ5424,4.367647058823529,68
B001E96N48,4.514705882352941,68
B005K1UULI,4.1911764705882355,68
B0056A1ADA,4.397058823529412,68
B00CPISW7S,4.220588235294118,68
B000NSIGE6,4.1911764705882355,68
B0055E61KY,4.367647058823529,68
B004UIN6ZO,4.676470588235294,68
B001441QE0,4.147058823529412,68
B007FAOUOA,4.617647058823529,68
B002VECKK6,4.205882352941177,68
B000NJJFBI,4.3088235294117645,68
B009B7E450,4.5588235294117645,68
B000EGMCFG,4.529411764705882,68
B0009OAHEQ,4.176470588235294,68
B00021DE14,4.343283582089552,67
B0023RSY9W,4.164179104477612,67
B001KYQ4HS,4.507462686567164,67
B0050OC180,4.164179104477612,67
B007CY2C76,4.3283582089552235,67
B000F5AFYG,4.358208955223881,67
B001TSQYHA,4.358208955223881,67
B0013VY4AM,4.656716417910448,67
B00GDLML02,4.850746268656716,67
B002K649KE,4.104477611940299,67
B004CZXNQ2,4.164179104477612,67
B002HSWFWY,4.701492537313433,67
B00DSLFNQ4,4.2388059701492535,67
B000CSYYZM,4.149253731343284,67
B005EYSKQS,4.223880597014926,67
B00BOBKSLK,4.597014925373134,67
B00GRUM71M,4.522388059701493,67
B0049LRA2C,4.537313432835821,67
B0018C0HLQ,4.059701492537314,67
B0009RFAPY,4.582089552238806,67
B001CJFEX6,4.552238805970149,67
B00HSNWXZM,4.08955223880597,67
B000KQ9WMQ,4.507462686567164,67
B006BD93M6,4.507462686567164,67
B009HVMVLY,4.373134328358209,67
B000MC5US8,4.462686567164179,67
B00HNKRWII,4.343283582089552,67
B004FRZNMO,4.253731343283582,67
B001PTFXKW,4.432835820895522,67
B001ENWY38,4.522388059701493,67
B000HGW7G2,4.626865671641791,67
B0009ET5H6,4.656716417910448,67
B00ACB6H9A,4.134328358208955,67
B00011QVIS,4.402985074626866,67
B001CBDVRK,4.701492537313433,67
B0028N0NR2,4.791044776119403,67
B005I03536,4.268656716417911,67
B000146LKS,4.074626865671642,67
B000P20QM0,4.253731343283582,67
B006TUS9LC,4.134328358208955,67
B002HK2GWG,4.313432835820896,67
B000C2136Q,4.7611940298507465,67
B001619XP0,4.104477611940299,67
B001KYRMBU,4.402985074626866,67
B002HEW8I4,4.2835820895522385,67
B0082BX3IA,4.82089552238806,67
B002U20DYO,4.3283582089552235,67
B007MF8846,4.08955223880597,67
B0039LZW78,4.3283582089552235,67
B0006Q00ZI,4.567164179104478,67
B004HR2PAK,4.3283582089552235,67
B000GA7214,4.104477611940299,67
B00CM2AQE4,4.835820895522388,67
B000CSH3YG,4.164179104477612,67
B005E56EJC,4.134328358208955,67
B007JWX3PQ,4.462686567164179,67
B00264E23Y,4.537313432835821,67
B00CST4AS4,4.402985074626866,67
B00BB8ZIW0,4.2388059701492535,67
B008S6INZC,4.432835820895522,67
B001U0OQN6,4.343283582089552,67
B0001AQCII,4.537313432835821,67
B003YJ9YBU,4.492537313432836,67
B001LF4G6W,4.0,67
B004UA2RYI,4.17910447761194,67
B004W1GRKK,4.2388059701492535,67
B008HLGP1W,4.552238805970149,67
B000O01CJO,4.17910447761194,67
B002CMLS8M,4.223880597014926,67
B001S9B2LS,4.545454545454546,66
B00066D4M4,4.363636363636363,66
B001D0812A,4.2727272727272725,66
B000R8WOT0,4.454545454545454,66
B0018HH444,4.484848484848484,66
B00IS6XPQY,4.181818181818182,66
B000BPGSFA,4.742424242424242,66
B005GHMPE6,4.212121212121212,66
B000EMWHDM,4.4393939393939394,66
B009YSTOAG,4.303030303030303,66
B00C0UQRHS,4.151515151515151,66
B005VMHWRQ,4.363636363636363,66
B005SHR4LS,4.0,66
B001CT079C,4.606060606060606,66
B0020MMD4W,4.348484848484849,66
B00127U7QM,4.348484848484849,66
B002PMGOEW,4.378787878787879,66
B001EDBJ3Y,4.015151515151516,66
B001MS7HF0,4.075757575757576,66
B001ET77PM,4.7727272727272725,66
B002DPUY4W,4.4393939393939394,66
B007Z5P6OI,4.333333333333333,66
B002C8ZX6E,4.212121212121212,66
B0062PIHZW,4.484848484848484,66
B00806EKLG,4.4393939393939394,66
B00GYB107Q,4.045454545454546,66
B00178RONK,4.045454545454546,66
B0014TDE5E,4.424242424242424,66
B000C1VY9I,4.0606060606060606,66
B0009OAISG,4.106060606060606,66
B005EIIAPA,4.257575757575758,66
B0018RG2VU,4.287878787878788,66
B005EWTL2C,4.196969696969697,66
B00005323F,4.833333333333333,66
B003VMM74Q,4.575757575757576,66
B00FXW4GFU,4.348484848484849,66
B0006ZYPVE,4.590909090909091,66
B001GGX0EK,4.318181818181818,66
B003VMW2B4,4.757575757575758,66
B003E1EUA8,4.515151515151516,66
B00535NI7E,4.0606060606060606,66
B007FMXL52,4.378787878787879,66
B001395GGA,4.454545454545454,66
B00CCG7UQC,4.5,66
B0009F3R7E,4.333333333333333,66
B00CCUHA3G,4.181818181818182,66
B000EVEKMY,4.045454545454546,66
B00E00X3RS,4.818181818181818,66
B000C1ZE1M,4.46969696969697,66
B001CSOZU0,4.151515151515151,66
B00C2AYH3W,4.5,66
B001EJOPW0,4.7272727272727275,66
B000ARDBH2,4.333333333333333,66
B000ULLKMG,4.348484848484849,66
B000052ZB2,4.4393939393939394,66
B002NYERPU,4.636363636363637,66
B002RT71ZY,4.636363636363637,66
B000WN5K0A,4.696969696969697,66
B000C1VWIQ,4.378787878787879,66
B00871KNMY,4.2272727272727275,66
B0015C0RIC,4.393939393939394,66
B000BUFFPO,4.015151515151516,66
B002LE8P8W,4.2727272727272725,66
B0036Q4RZE,4.045454545454546,66
B00A6UH0GG,4.4393939393939394,66
B004AZKLGE,4.303030303030303,66
B000W3VABS,4.681818181818182,66
B002Z7FVTQ,4.757575757575758,66
B000QE7DV4,4.363636363636363,66
B005KUGUBS,4.484848484848484,66
B00392FQSM,4.454545454545454,66
B0006GDATQ,4.666666666666667,66
B0053ZA1ME,4.7727272727272725,66
B00H5V3T2I,4.151515151515151,66
B00ANAL68M,4.909090909090909,66
B001MW1MKM,4.46969696969697,66
B005FHVZG6,4.2153846153846155,65
B0076D1YF4,4.2153846153846155,65
B002L6M068,4.123076923076923,65
B0012ILUC6,4.430769230769231,65
B00440CYBU,4.415384615384616,65
B00021DDYW,4.446153846153846,65
B00428DLCK,4.323076923076923,65
B001ALPKXA,4.230769230769231,65
B001VJZEGE,4.384615384615385,65
B0025N244K,4.430769230769231,65
B008JHQ8HU,4.569230769230769,65
B000OQ8W8M,4.430769230769231,65
B0035RKSYS,4.061538461538461,65
B001V9OWNU,4.323076923076923,65
B000MAOWP2,4.184615384615385,65
B004C9R8X2,4.384615384615385,65
B00HSNWXVQ,4.476923076923077,65
B003A4HSVM,4.615384615384615,65
B0037BQKTO,4.153846153846154,65
B0019LVG52,4.584615384615384,65
B0037BOLVS,4.138461538461539,65
B0009I4M02,4.446153846153846,65
B001KWGT1Q,4.153846153846154,65
B001T88N0G,4.676923076923077,65
B00GTC0DFK,4.0,65
B004L81VXW,4.615384615384615,65
B0034KYDTM,4.276923076923077,65
B002EF0FAE,4.107692307692307,65
B000GHVLUK,4.107692307692307,65
B000C1VVF0,4.492307692307692,65
B002WQ1AKE,4.276923076923077,65
B00429S27I,4.584615384615384,65
B000C216OK,4.507692307692308,65
B0046MK34G,4.338461538461538,65
B002BFY9VS,4.8307692307692305,65
B005G9LPAY,4.184615384615385,65
B00BLDCXOQ,4.507692307692308,65
B0001TO3NA,4.2615384615384615,65
B000OUTTP8,4.046153846153846,65
B007ME4MT2,4.6461538461538465,65
B002T71I3U,4.523076923076923,65
B004DBUAGG,4.630769230769231,65
B003E10YDK,4.553846153846154,65
B00GW4OVF8,4.876923076923077,65
B001E8ISJW,4.015384615384615,65
B000P257CO,4.123076923076923,65
B00I60FXU8,4.246153846153846,65
B002HEW7V2,4.4,65
B004XGLDG2,4.4,65
B001MXWZFM,4.076923076923077,65
B003A1W770,4.430769230769231,65
B006VYF4BY,4.461538461538462,65
B004Y9GTYE,4.2153846153846155,65
B0042L09HC,4.461538461538462,65
B00GW61EB0,4.7846153846153845,65
B0080EEMCA,4.430769230769231,65
B008KNK7UW,4.461538461538462,65
B0001FF80G,4.6461538461538465,65
B002LMNJDA,4.384615384615385,65
B000YB5NGQ,4.569230769230769,65
B0001TOH8G,4.446153846153846,65
B0009OAIB8,4.21875,64
B000GCWJV0,4.609375,64
B000OGBLQ2,4.28125,64
B000NJE40K,4.71875,64
B003WHF148,4.609375,64
B0061YRVMO,4.3125,64
B003SZCZ0C,4.46875,64
B0002DLEJG,4.078125,64
B000BR50M0,4.578125,64
B000WZPE5O,4.296875,64
B003TWU1K0,4.5,64
B000V96R1G,4.3125,64
B003X3S26U,4.515625,64
B001LF4BEE,4.34375,64
B000C20P6U,4.65625,64
B000IOI4CY,4.296875,64
B00121TEQW,4.53125,64
B000VA7V6U,4.671875,64
B002CVTY0C,4.578125,64
B005E95YRQ,4.625,64
B000I7S8XG,4.109375,64
B0036FTF5W,4.171875,64
B005KL2IAY,4.4375,64
B00ADKVDM6,4.328125,64
B0051SF376,4.609375,64
B001AQ3PO6,4.0,64
B002C7EYUQ,4.5625,64
B000UEAARO,4.484375,64
B00CM6Q6X0,4.6875,64
B000GREPOY,4.234375,64
B0002JSQKA,4.171875,64
B005S10A6A,4.8125,64
B002IRIGZO,4.0,64
B000MVVK7E,4.21875,64
B003Y57G7I,4.078125,64
B000PQSI2Q,4.28125,64
B002ZAKOJK,4.359375,64
B003RBQYR2,4.0625,64
B000L6IGS6,4.265625,64
B000E7UFS6,4.265625,64
B000PT951G,4.171875,64
B002TSA93Y,4.296875,64
B000ORV5HQ,4.546875,64
B0001OOAII,4.296875,64
B0039BGHW2,4.046875,64
B005NIX5VU,4.15625,64
B001EUS64M,4.4375,64
B0010XTUN4,4.578125,64
B00DPTW8JY,4.296875,64
B0034KYDSI,4.234375,64
B004KIB688,4.609375,64
B006BNFXHU,4.34375,64
B001E23YV0,4.59375,64
B001JT1IPM,4.078125,64
B0009OAHV4,4.328125,64
B005TTY53U,4.484375,64
B001U8L104,4.21875,64
B000142P12,4.15625,64
B000C219LA,4.515625,64
B004BCTAJA,4.09375,64
B00GTXB51K,4.46875,64
B001LFHYOI,4.296875,64
B0013NB5WK,4.46875,64
B0038ZKJEQ,4.046875,64
B000GFZWE8,4.15625,64
B000BIUGTQ,4.1875,64
B00135JEYY,4.484375,64
B0001433VI,4.359375,64
B004BYR13K,4.140625,64
B0017TOHFW,4.4375,64
B000C21A7I,4.28125,64
B00176MUNG,4.125,64
B000C1Z4X0,4.523809523809524,63
B0033ROOS6,4.238095238095238,63
B008AIXTKC,4.5396825396825395,63
B000BRO6O8,4.079365079365079,63
B003KIU14O,4.365079365079365,63
B005EMSGDW,4.190476190476191,63
B000FFCXZ0,4.174603174603175,63
B000C1Z63I,4.0476190476190474,63
B001KYO2M2,4.253968253968254,63
B00140TXWQ,4.365079365079365,63
B006RFZ81S,4.095238095238095,63
B0052TLJEU,4.285714285714286,63
B0036RFMCA,4.698412698412699,63
B005XG2P0Y,4.0476190476190474,63
B008U5XRX4,4.634920634920635,63
B004BE6EBU,4.396825396825397,63
B001M58XW4,4.222222222222222,63
B00154MOEU,4.253968253968254,63
B00085DX0Q,4.142857142857143,63
B000HGMVH2,4.222222222222222,63
B001DO1LRS,4.142857142857143,63
B000QURQQU,4.476190476190476,63
B002IS6S62,4.365079365079365,63
B00563CM5M,4.158730158730159,63
B0086I7AIS,4.333333333333333,63
B000P9B3NY,4.111111111111111,63
B001A82DY2,4.301587301587301,63
B0072HXAD8,4.158730158730159,63
B004OT29MA,4.0,63
B007E0FR84,4.2063492063492065,63
B004ZLBEW8,4.317460317460317,63
B004FKD3HI,4.0,63
B004MKNUAG,4.380952380952381,63
B0017MO8AS,4.238095238095238,63
B00154NY5S,4.682539682539683,63
B000LJBYAU,4.412698412698413,63
B007U54P36,4.111111111111111,63
B006JFHGDE,4.523809523809524,63
B0026HG26Q,4.238095238095238,63
B000143K2A,4.063492063492063,63
B003H87S0C,4.412698412698413,63
B001964BDQ,4.111111111111111,63
B002HHNRF4,4.253968253968254,63
B00FEMQUKS,4.301587301587301,63
B000NKL3D0,4.492063492063492,63
B001E6OC44,4.174603174603175,63
B003YBP0N4,4.222222222222222,63
B004HE94SE,4.4603174603174605,63
B003OSCS3C,4.158730158730159,63
B0009F3NGE,4.0,63
B009NI9R86,4.507936507936508,63
B0010TQYZK,4.126984126984127,63
B00DTTYF6E,4.698412698412699,63
B0045H854W,4.063492063492063,63
B003QAPTAW,4.095238095238095,63
B000RO6ZDA,4.238095238095238,63
B004R7PP3O,4.396825396825397,63
B000VUO8VG,4.158730158730159,63
B005BEF5EQ,4.857142857142857,63
B003VMV7D8,4.5396825396825395,63
B000V58ANS,4.682539682539683,63
B0063VG5UY,4.476190476190476,63
B004HYOP7O,4.015873015873016,63
B000REKQDK,4.746031746031746,63
B001MA9QQQ,4.396825396825397,63
B000P276WS,4.619047619047619,63
B000CR1WUI,4.571428571428571,63
B000KE5OBG,4.015873015873016,63
B002LE8P6O,4.158730158730159,63
B000GDA04W,4.476190476190476,63
B006Y8F75A,4.333333333333333,63
B004H4VQ4Y,4.301587301587301,63
B003EMZYJ8,4.666666666666667,63
B000C1Z8JK,4.619047619047619,63
B0013E9NFU,4.222222222222222,63
B0000VC1YC,4.761904761904762,63
B0074AUSK6,4.857142857142857,63
B001PUI2VI,4.285714285714286,63
B002UL10HY,4.031746031746032,63
B0002V84VY,4.095238095238095,63
B003LSDQJA,4.142857142857143,63
B001PX1AIC,4.920634920634921,63
B000EPHRO8,4.285714285714286,63
B005H152J6,4.2063492063492065,63
B0046BTAI2,4.301587301587301,63
B00FW2BR0S,4.857142857142857,63
B00112TIE0,4.241935483870968,62
B0061GQV0U,4.290322580645161,62
B0006G2EX4,4.612903225806452,62
B002ZNJI8K,4.0,62
B0002PCH2M,4.338709677419355,62
B003V3AZJY,4.419354838709677,62
B003VN9FRW,4.467741935483871,62
B004Y5NA1I,4.451612903225806,62
B00GMZUS2M,4.612903225806452,62
B008XWYBF2,4.209677419354839,62
B000V5BXP0,4.193548387096774,62
B00HFDZ3UW,4.548387096774194,62
B001V98QS2,4.403225806451613,62
B000PI97WY,4.451612903225806,62
B000U6PW7K,4.516129032258065,62
B003H3HPM8,4.32258064516129,62
B004YNJZUA,4.274193548387097,62
B003V556O6,4.790322580645161,62
B0083OZ14U,4.290322580645161,62
B009SCHEVO,4.080645161290323,62
B00ALB397Y,4.306451612903226,62
B004GMLAZC,4.338709677419355,62
B000G666QK,4.129032258064516,62
B008J7HPTU,4.661290322580645,62
B006YUOHXQ,4.403225806451613,62
B002OMDMJS,4.290322580645161,62
B006OMJ0FE,4.145161290322581,62
B001KMR9WY,4.661290322580645,62
B000I1TNB8,4.370967741935484,62
B0036FTEVC,4.467741935483871,62
B0009VQ8X8,4.483870967741935,62
B001CJCFBK,4.32258064516129,62
B006Z9ACMG,4.532258064516129,62
B002SWAFVM,4.387096774193548,62
B0000530O9,4.274193548387097,62
B007NHCQQE,4.290322580645161,62
B000KOLXKM,4.17741935483871,62
B000L9FBTA,4.274193548387097,62
B000C21CX0,4.274193548387097,62
B001B7MAU4,4.451612903225806,62
B0030GMBNK,4.258064516129032,62
B008K1YYM6,4.661290322580645,62
B000VS8VZM,4.67741935483871,62
B00AXSQCGK,4.032258064516129,62
B005TT8RPM,4.435483870967742,62
B009A6D04I,4.516129032258065,62
B007H5HJ96,4.016129032258065,62
B004016SXI,4.306451612903226,62
B0017R7TYK,4.258064516129032,62
B00KQVTX06,4.82258064516129,62
B0073SBK4M,4.096774193548387,62
B004LGX7XG,4.064516129032258,62
B004J7OYP2,4.290322580645161,62
B000RY5YY6,4.548387096774194,62
B0034ZGZR0,4.290322580645161,62
B00I2495QG,4.870967741935484,62
B0014568CO,4.306451612903226,62
B002LE8OVA,4.145161290322581,62
B000GDC4J6,4.403225806451613,62
B001IIBP2U,4.741935483870968,62
B000MVC1CW,4.338709677419355,62
B00564TEQG,4.32258064516129,62
B002LV317A,4.048387096774194,62
B005OZM810,4.774193548387097,62
B00ESYBV66,4.483870967741935,62
B005KT4T44,4.32258064516129,62
B00GTZCKXA,4.193548387096774,62
B000AEERFA,4.435483870967742,62
B00BG4MI3Q,4.129032258064516,62
B00247XQS0,4.387096774193548,62
B001F51V3E,4.354838709677419,62
B003Y58F14,4.209677419354839,62
B001Q88FO8,4.209677419354839,62
B004A8LFJI,4.612903225806452,62
B000GG193K,4.419354838709677,62
B0009MJE74,4.209677419354839,62
B000P41F8W,4.290322580645161,62
B00GTBZ85Q,4.225806451612903,62
B008DF54K0,4.161290322580645,62
B001ECQ4TO,4.516129032258065,62
B001POYT16,4.048387096774194,62
B000KEOQR4,4.048387096774194,62
B004DBVQ14,4.241935483870968,62
B004Q27KRO,4.096774193548387,62
B00A54KPU6,4.467741935483871,62
B00B8P5CTA,4.032258064516129,62
B000SASZ9K,4.096774193548387,62
B007RS4R4I,4.82258064516129,62
B003Z2N30E,4.516129032258065,62
B00266YYH6,4.483870967741935,62
B00HD4F8DK,4.290322580645161,62
B002CGSDCW,4.338709677419355,62
B000VOP79O,4.32258064516129,62
B00D5KVDOE,4.854838709677419,62
B003XQ4K9U,4.758064516129032,62
B002VZTF6C,4.163934426229508,61
B00BB8LBLW,4.163934426229508,61
B00009WO0W,4.672131147540983,61
B000MASTMO,4.147540983606557,61
B0009MCWZU,4.737704918032787,61
B002H8TVVM,4.311475409836065,61
B000GI3TXQ,4.459016393442623,61
B009JVVRK8,4.016393442622951,61
B003OGV21S,4.590163934426229,61
B000GIL1UE,4.491803278688525,61
B007MF5UOM,4.524590163934426,61
B0030F6BDW,4.409836065573771,61
B007822G8W,4.426229508196721,61
B00011JOQY,4.262295081967213,61
B001KFDHZE,4.508196721311475,61
B000142NDC,4.262295081967213,61
B000F41ZEG,4.60655737704918,61
B0050QLE4U,4.049180327868853,61
B000P276AK,4.639344262295082,61
B00017X8PQ,4.573770491803279,61
B0013HX2VS,4.344262295081967,61
B005M4GDKU,4.032786885245901,61
B0016A2D3K,4.590163934426229,61
B000052YN6,4.868852459016393,61
B00H416L6U,4.573770491803279,61
B000052YJC,4.60655737704918,61
B0069UA4GK,4.344262295081967,61
B000K5E83K,4.180327868852459,61
B00CQ05FES,4.377049180327869,61
B005K09UV0,4.032786885245901,61
B001DSG9GC,4.655737704918033,61
B0001XKA38,4.065573770491803,61
B000N758A2,4.409836065573771,61
B001F40C94,4.213114754098361,61
B0000AN9LA,4.131147540983607,61
B000E7WG56,4.475409836065574,61
B005ZLCIU4,4.524590163934426,61
B000WNLH66,4.704918032786885,61
B00DDXH3SI,4.622950819672131,61
B0014LLC3I,4.245901639344262,61
B00ARZ5BOI,4.327868852459017,61
B002NWMN26,4.344262295081967,61
B00CHV3LNS,4.409836065573771,61
B009G0E9CK,4.344262295081967,61
B000NVIFFS,4.229508196721311,61
B001LF4G7G,4.327868852459017,61
B000NT17J6,4.459016393442623,61
B003E0KC2Y,4.262295081967213,61
B003PF406M,4.508196721311475,61
B0014TAIQM,4.590163934426229,61
B00454VRP4,4.39344262295082,61
B000FUIV5G,4.278688524590164,61
B004UMYEIS,4.114754098360656,61
B000JL69OG,4.032786885245901,61
B000W3T4O8,4.508196721311475,61
B004CQXZCS,4.180327868852459,61
B00012NKGS,4.131147540983607,61
B004C6MSGC,4.081967213114754,61
B000C1VX3A,4.60655737704918,61
B000ALFROS,4.491803278688525,61
B000VSYD4K,4.360655737704918,61
B002CMLJU4,4.442622950819672,61
B005OZDYCW,4.819672131147541,61
B00CP0R5LK,4.19672131147541,61
B000G62HRM,4.245901639344262,61
B00AQ9JIDK,4.590163934426229,61
B005AVMR28,4.754098360655738,61
B007KAI40Q,4.377049180327869,61
B00028MLHA,4.163934426229508,61
B0012DOK9Q,4.131147540983607,61
B008OO6MY2,4.016393442622951,61
B002PF87L2,4.081967213114754,61
B007PWRXHO,4.433333333333334,60
B00005V5OW,4.25,60
B004EPTR74,4.283333333333333,60
B000C1UBRO,4.616666666666666,60
B008UBEABQ,4.716666666666667,60
B000052YKM,4.433333333333334,60
B006T8BYAM,4.15,60
B0058GW8HE,4.3,60
B008RVZMFW,4.533333333333333,60
B0014JXVR0,4.25,60
B0007CWVLM,4.15,60
B000VOJPI8,4.066666666666666,60
B003N1WS9O,4.5,60
B000PK4XRQ,4.25,60
B004B9C8MO,4.75,60
B004MAO6NQ,4.6,60
B000TC36KU,4.633333333333334,60
B0014JKKGK,4.433333333333334,60
B001ET788S,4.233333333333333,60
B001PUQ3NC,4.116666666666666,60
B0002JIUDS,4.383333333333334,60
B0014LZIWY,4.5,60
B002C6H84Q,4.15,60
B000V500YU,4.033333333333333,60
B00005OAA6,4.3,60
B0012QK3HG,4.25,60
B005WYYYY2,4.4,60
B00014D322,4.283333333333333,60
B0039JYPVO,4.533333333333333,60
B007JPRBCY,4.316666666666666,60
B001H943F6,4.1,60
B004EE1EC6,4.35,60
B00214AMTW,4.316666666666666,60
B000S97MAY,4.033333333333333,60
B00DHQCJTO,4.0,60
B004D5BO8A,4.333333333333333,60
B006N9LWWW,4.533333333333333,60
B00943D1JQ,4.366666666666666,60
B0009OAH0A,4.3,60
B004IH3PJ4,4.566666666666666,60
B004S2FY7K,4.55,60
B001SGLDCO,4.733333333333333,60
B000GRB3SA,4.35,60
B00803IHDQ,4.783333333333333,60
B00CWZ0BLE,4.2,60
B001DKO9JO,4.7,60
B000E7UDJW,4.45,60
B0050GPSW4,4.033333333333333,60
B000XCS9U8,4.4,60
B003824I2I,4.666666666666667,60
B002UUT3A6,4.016666666666667,60
B000THCPDO,4.283333333333333,60
B0012RUKCI,4.616666666666666,60
B001BBML6I,4.45,60
B004C380X0,4.183333333333334,60
B00GUC7XAW,4.133333333333334,60
B003VMXOXO,4.566666666666666,60
B000TFADXA,4.616666666666666,60
B003YDZON8,4.233333333333333,60
B002TTR3SW,4.266666666666667,60
B0020MMFZ4,4.6,60
B00HIDT94U,4.483333333333333,60
B003TNVSTW,4.266666666666667,60
B003YC6GKO,4.583333333333333,60
B004FHZKOA,4.333333333333333,60
B000EGOKV0,4.716666666666667,60
B000PEJRFA,4.416666666666667,60
B0012RQZGS,4.4,60
B001G0JNP6,4.166666666666667,60
B0009VD8YU,4.25,60
B005P0M69I,4.633333333333334,60
B004T7XJ44,4.322033898305085,59
B001F51RNI,4.4576271186440675,59
B00GTC1HB4,4.067796610169491,59
B005EM895W,4.610169491525424,59
B004CZ3V8W,4.220338983050848,59
B005OZGDO8,4.5423728813559325,59
B001FB5IFU,4.762711864406779,59
B002FCLAXC,4.0,59
B003NW8M1Q,4.016949152542373,59
B000C230GW,4.338983050847458,59
B00I6RD7DQ,4.677966101694915,59
B00062ADJA,4.728813559322034,59
B007SAC6XE,4.440677966101695,59
B004WN2HZ2,4.220338983050848,59
B000GGKQH0,4.711864406779661,59
B0052FRF92,4.711864406779661,59
B00CO5FJDC,4.593220338983051,59
B00021W26M,4.338983050847458,59
B003ZYL2DW,4.508474576271187,59
B00BG3FNKM,4.88135593220339,59
B003EN3S86,4.186440677966102,59
B000IYIH4E,4.288135593220339,59
B0012K1R3G,4.491525423728813,59
B000KQB0YE,4.372881355932203,59
B0002XY3QC,4.406779661016949,59
B00AEIVIGS,4.491525423728813,59
B00027DDEQ,4.1525423728813555,59
B005EMQKHG,4.728813559322034,59
B001LNOEM0,4.576271186440678,59
B0002RI2PG,4.11864406779661,59
B000YB70PS,4.677966101694915,59
B0070TSNTY,4.067796610169491,59
B0017686ZC,4.661016949152542,59
B007REBBW8,4.728813559322034,59
B001ECQ5IE,4.5423728813559325,59
B0009OAHH8,4.203389830508475,59
B0042SHWXY,4.237288135593221,59
B0091391DE,4.084745762711864,59
B003T1CQDQ,4.47457627118644,59
B00066N988,4.796610169491525,59
B00BJ7TDA6,4.762711864406779,59
B0000AN9L9,4.576271186440678,59
B000GFZWDO,4.661016949152542,59
B0002SGSNI,4.0508474576271185,59
B000052Z8D,4.711864406779661,59
B003FBI9KY,4.016949152542373,59
B005GQ6F4I,4.406779661016949,59
B005XCCE4A,4.135593220338983,59
B0017CTW6I,4.169491525423729,59
B00A3WV66C,4.101694915254237,59
B00BKUHJ0S,4.288135593220339,59
B0026S9OQK,4.237288135593221,59
B004APYBJW,4.711864406779661,59
B001181W7K,4.491525423728813,59
B000A3V2PE,4.423728813559322,59
B000C213M0,4.4576271186440675,59
B000C2370G,4.47457627118644,59
B003Y3D2N2,4.135593220338983,59
B000VZDWB8,4.491525423728813,59
B005ST4DOC,4.559322033898305,59
B00448JT4M,4.508474576271187,59
B005JRGJ5O,4.559322033898305,59
B009SUHZKQ,4.508474576271187,59
B003B1BWA2,4.47457627118644,59
B0029OIWNC,4.47457627118644,59
B00GNA9K3E,4.11864406779661,59
B0027TSO5A,4.11864406779661,59
B004BD11DM,4.084745762711864,59
B000N2N65Q,4.694915254237288,59
B004V928GA,4.1525423728813555,59
B004K0MVKS,4.389830508474576,59
B000U5O650,4.101694915254237,59
B000K71P66,4.0508474576271185,59
B000VCS8QK,4.6440677966101696,59
B007O7AZ3O,4.271186440677966,59
B0012FSFGI,4.084745762711864,59
B000A35L56,4.051724137931035,58
B005NFNXHO,4.482758620689655,58
B001D9VC04,4.120689655172414,58
B005593XAA,4.0344827586206895,58
B000WBBHXG,4.620689655172414,58
B000IIHDT0,4.258620689655173,58
B002NGMEQM,4.103448275862069,58
B001NXBXYK,4.258620689655173,58
B001D5599I,4.275862068965517,58
B001DHI0R4,4.517241379310345,58
B001P24STG,4.258620689655173,58
B00180R7PM,4.241379310344827,58
B008LF5U7E,4.103448275862069,58
B003IWTX9Q,4.431034482758621,58
B004Q8PE1C,4.327586206896552,58
B001B4SEY8,4.344827586206897,58
B0054JDN8S,4.172413793103448,58
B0018N5I9Q,4.0344827586206895,58
B002D4KCPY,4.379310344827586,58
B00BXS0IKU,4.241379310344827,58
B00J5KIS3M,4.620689655172414,58
B0002YE8IO,4.206896551724138,58
B007XX4EOK,4.689655172413793,58
B0012RUL40,4.155172413793103,58
B003ONJH8Q,4.327586206896552,58
B002AA13M2,4.620689655172414,58
B001E76B0G,4.793103448275862,58
B00EP2P3ME,4.620689655172414,58
B0010VUWNS,4.017241379310345,58
B000BIZSYY,4.344827586206897,58
B001QOAO7I,4.724137931034483,58
B00JDTFBR6,4.396551724137931,58
B008NCOVTS,4.862068965517241,58
B0011294I0,4.4655172413793105,58
B000052Z9B,4.448275862068965,58
B004IM0KYM,4.155172413793103,58
B00AONXUIW,4.224137931034483,58
B003K2D49Y,4.189655172413793,58
B0009OAGWE,4.275862068965517,58
B009U9JUK8,4.224137931034483,58
B000PHVRYG,4.155172413793103,58
B004J28YDK,4.362068965517241,58
B000BTM2K6,4.4655172413793105,58
B000GJL22K,4.224137931034483,58
B001E96N2U,4.551724137931035,58
B00KH6F6TM,4.9655172413793105,58
B003PLFJBQ,4.137931034482759,58
B001LEYYJ2,4.655172413793103,58
B001V9LUO4,4.603448275862069,58
B001CB5OE8,4.344827586206897,58
B000KQ9TPG,4.396551724137931,58
B000R92XIG,4.568965517241379,58
B000BIUGSM,4.120689655172414,58
B007DGUREI,4.379310344827586,58
B005I0JWEM,4.258620689655173,58
B0015Y9ABK,4.103448275862069,58
B00B4YY1GU,4.206896551724138,58
B001MF0V3S,4.310344827586207,58
B0087P9PB0,4.431034482758621,58
B005OZOIKY,4.258620689655173,58
B000V2FB88,4.275862068965517,58
B001G7PWD6,4.827586206896552,58
B001JZ5PZA,4.810344827586207,58
B0046MMCFY,4.344827586206897,58
B001G7PZB0,4.293103448275862,58
B000C1UEAI,4.741379310344827,58
B001EWET96,4.068965517241379,58
B000ACB09I,4.603448275862069,58
B0015XV1TA,4.137931034482759,58
B000V2ACI2,4.517241379310345,58
B0043F6NAO,4.310344827586207,58
B001G7PMOK,4.5,58
B007GM2U0S,4.327586206896552,58
B001ET7BF8,4.310344827586207,58
B005IC3PMA,4.706896551724138,58
B00EDN7P3U,4.241379310344827,58
B0058PRZJ6,4.620689655172414,58
B00191QBM0,4.689655172413793,58
B002TIU434,4.137931034482759,58
B001CMT83A,4.224137931034483,58
B004CNRDBU,5.0,58
B000HJT1CW,4.473684210526316,57
B000N2ZYGU,4.192982456140351,57
B0029T5PBE,4.666666666666667,57
B000UVZLHQ,4.491228070175438,57
B0015UQBHU,4.298245614035087,57
B000GHF3IG,4.157894736842105,57
B00401PYJM,4.035087719298246,57
B001680RPS,4.280701754385965,57
B000VON5F2,4.298245614035087,57
B0057QZNZ4,4.333333333333333,57
B006OHM542,4.2105263157894735,57
B002ZW3FNA,4.543859649122807,57
B000XEB31S,4.4035087719298245,57
B00361DFQQ,4.017543859649122,57
B003JMYU20,4.017543859649122,57
B00BB8ZJPG,4.157894736842105,57
B000HGFGKG,4.385964912280702,57
B000E7YL3G,4.192982456140351,57
B000C1Z4AI,4.421052631578948,57
B007TCJZMG,4.7368421052631575,57
B000GHVCM2,4.508771929824562,57
B000C1Z3J0,4.333333333333333,57
B00317FSMY,4.175438596491228,57
B000IOBEG2,4.385964912280702,57
B0084X9E20,4.4035087719298245,57
B000GHVJWA,4.017543859649122,57
B000PGJ4LA,4.280701754385965,57
B008YI2U12,4.192982456140351,57
B002UGO15M,4.280701754385965,57
B0015IYNR2,4.5964912280701755,57
B000052ZBD,4.368421052631579,57
B000N2Q8FG,4.315789473684211,57
B000C1Z782,4.368421052631579,57
B000X2SURU,4.543859649122807,57
B005KGKMT8,4.192982456140351,57
B000C215IW,4.578947368421052,57
B0058W05IM,4.473684210526316,57
B0030DE8F2,4.0701754385964914,57
B0010ERASK,4.245614035087719,57
B000F7UUHQ,4.192982456140351,57
B005GDAZCE,4.5964912280701755,57
B005BTCPRG,4.087719298245614,57
B000N4HZ8I,4.245614035087719,57
B00B6U1JYO,4.175438596491228,57
B005P0OBSM,4.456140350877193,57
B005MT7I5O,4.280701754385965,57
B0032CI2IU,4.245614035087719,57
B001RVFZQU,4.631578947368421,57
B0019V5E96,4.0,57
B000PU0ZK0,4.333333333333333,57
B003D67BQO,4.491228070175438,57
B000C1UF16,4.157894736842105,57
B00729TNT6,4.684210526315789,57
B004GJCN8I,4.684210526315789,57
B0070Z6HNM,4.614035087719298,57
B001FT3OZI,4.157894736842105,57
B003B6JDZS,4.421052631578948,57
B0007CXWRE,4.280701754385965,57
B00014FGTK,4.035087719298246,57
B002BU010G,4.105263157894737,57
B000GDF48O,4.7368421052631575,57
B002BQ3EHM,4.491228070175438,57
B000V1QTBM,4.508771929824562,57
B0011EO7WQ,4.421052631578948,57
B002K8W1UC,4.12280701754386,57
B005F5HHL0,4.280701754385965,57
B0019CS6VI,4.017543859649122,57
B0094GFW68,4.315789473684211,57
B000BBF4MM,4.473684210526316,57
B0012C7POY,4.245614035087719,57
B001FB5IS2,4.719298245614035,57
B000BIVY24,4.105263157894737,57
B00014DU6G,4.315789473684211,57
B0051I5TIO,4.56140350877193,57
B003CHBKSY,4.175438596491228,57
B000QUKAUE,4.280701754385965,57
B000P6WIHC,4.508771929824562,57
B0041OXTCW,4.052631578947368,57
B005UXZN04,4.43859649122807,57
B0020MM61W,4.4035087719298245,57
B000BIUGX2,4.017543859649122,57
B00012NI7E,4.473684210526316,57
B000VYFD52,4.543859649122807,57
B0019CU6T8,4.4035087719298245,57
B0014UCJPE,4.701754385964913,57
B00157DO4Q,4.508771929824562,57
B002D4JABQ,4.5964912280701755,57
B001TMXAR8,4.0,56
B002LFNX1K,4.071428571428571,56
B005FT35LW,4.625,56
B00247QR0E,4.428571428571429,56
B004BCT7A2,4.142857142857143,56
B0016KZ0BC,4.160714285714286,56
B0026HVKUE,4.5,56
B000143O7G,4.428571428571429,56
B0014CKX2I,4.321428571428571,56
B000052YMQ,4.642857142857143,56
B00GTC1HCI,4.142857142857143,56
B005O54SVS,4.232142857142857,56
B00G9MV6TM,4.446428571428571,56
B002FJ11UW,4.482142857142857,56
B001GELIBO,4.142857142857143,56
B001ERM0AG,4.535714285714286,56
B002TSA948,4.571428571428571,56
B00G7ZC4AG,4.535714285714286,56
B00478RILK,4.017857142857143,56
B00267AETM,4.267857142857143,56
B00B5LOQZI,4.267857142857143,56
B000Q6KZW6,4.642857142857143,56
B000I3Z39W,4.410714285714286,56
B001E77OUM,4.732142857142857,56
B004O655DS,4.607142857142857,56
B001KYGV94,4.303571428571429,56
B000YL8NOK,4.857142857142857,56
B003VMTZ8C,4.517857142857143,56
B0046EBOFG,4.267857142857143,56
B000056W74,4.607142857142857,56
B002UEF3OM,4.142857142857143,56
B007KJ04EG,4.321428571428571,56
B003BPOS72,4.517857142857143,56
B000ABOLZ4,4.75,56
B009GEUP6A,4.107142857142857,56
B000U6E9DS,4.196428571428571,56
B0009VDBWY,4.125,56
B004Y4JOFK,4.071428571428571,56
B000217M26,4.071428571428571,56
B007RIEYGO,4.75,56
B0070CJTZS,4.875,56
B00686R4QI,4.196428571428571,56
B0041IF0ZM,4.142857142857143,56
B000EGMBP2,4.267857142857143,56
B000Q0VBOS,4.267857142857143,56
B004OEO0E0,4.571428571428571,56
B0009OAGUG,4.125,56
B00468KRH8,4.25,56
B0045YRLT0,4.321428571428571,56
B0076XEQJ0,4.607142857142857,56
B000C218C0,4.214285714285714,56
B003UNT4P6,4.482142857142857,56
B000XFSUWW,4.482142857142857,56
B000PR4F9K,4.25,56
B0060GFV3Y,4.696428571428571,56
B00132FPFY,4.625,56
B0001EL5R2,4.125,56
B002RL8IWW,4.303571428571429,56
B00066D2JE,4.303571428571429,56
B005EIIEQA,4.142857142857143,56
B0010EBGS0,4.482142857142857,56
B0009R5B8A,4.428571428571429,56
B009JKJMTW,4.607142857142857,56
B001ET788I,4.375,56
B005FLREEE,4.678571428571429,56
B0001MKV38,4.678571428571429,56
B002CML1LQ,4.678571428571429,56
B0026ZD0WM,4.589285714285714,56
B003OGUQS8,4.535714285714286,56
B002UBOFFI,4.107142857142857,56
B001BOKR3E,4.089285714285714,56
B000FVCNEK,4.267857142857143,56
B004PBKD8Y,4.107142857142857,56
B00H1M8QZG,4.125,56
B0016KTQ0I,4.035714285714286,56
B001RIRIKE,4.035714285714286,56
B008VTKIRW,4.303571428571429,56
B0019QHUTI,4.160714285714286,56
B003Z4QHP0,4.553571428571429,56
B004F0UZD8,4.125,56
B0068DF82S,4.089285714285714,56
B00021AWW8,4.571428571428571,56
B000GZJJ38,4.517857142857143,56
B000KVJMVW,4.660714285714286,56
B000NK64AM,4.785714285714286,56
B004FKPWWC,4.553571428571429,56
B001EJOO6M,4.803571428571429,56
B003OGV7UO,4.160714285714286,56
B000E7YJSI,4.446428571428571,56
B00132AI1K,4.303571428571429,56
B006Z8AP6K,4.517857142857143,56
B007OT1XWE,4.035714285714286,56
B003WKWE90,4.321428571428571,56
B00F029RNY,4.017857142857143,56
B002789BAS,4.267857142857143,56
B001EJOPV6,4.732142857142857,56
B001D3O0XQ,4.517857142857143,56
B000L196TE,4.327272727272727,55
B001ET768U,4.745454545454545,55
B004R6TMUM,4.636363636363637,55
B003KZC4GA,4.5636363636363635,55
B001ET765I,4.181818181818182,55
B0013NE2Y8,4.254545454545455,55
B0015Z90NC,4.254545454545455,55
B00CHFRIDS,4.8,55
B000R8ZAMI,4.327272727272727,55
B002D4B6Y0,4.6909090909090905,55
B004IFAJKE,4.545454545454546,55
B008BT2P7S,4.545454545454546,55
B0006PJSES,4.236363636363636,55
B0009OAGYM,4.054545454545455,55
B00C8FVY3M,4.1454545454545455,55
B00BXKET7G,4.4,55
B00117VR1M,4.818181818181818,55
B004YWGP7W,4.472727272727273,55
B000C20ZSS,4.654545454545454,55
B009FKNHUG,4.618181818181818,55
B002QAV560,4.2727272727272725,55
B002LE8P64,4.363636363636363,55
B0013OXGNU,4.109090909090909,55
B0019JAQPA,4.2,55
B000C212RG,4.618181818181818,55
B0014A5P8C,4.2,55
B0013OJUWQ,4.290909090909091,55
B004I27M4S,4.290909090909091,55
B008J71TOC,4.0181818181818185,55
B00123O14U,4.327272727272727,55
B001R5SBHG,4.454545454545454,55
B000MQSIOW,4.5636363636363635,55
B0010T9RYU,4.363636363636363,55
B003ZE3KBO,4.581818181818182,55
B001DYHMLM,4.181818181818182,55
B002G392OE,4.636363636363637,55
B000YBNL2Y,4.745454545454545,55
B00AEY1SQW,4.254545454545455,55
B0002JHI1I,4.418181818181818,55
B007BSA5ZO,4.636363636363637,55
B001OXO6DO,4.4,55
B0086XX0AK,4.581818181818182,55
B0006BDO5G,4.345454545454546,55
B002L890GE,4.4363636363636365,55
B0036FTF48,4.2,55
B005JDPS7I,4.381818181818182,55
B000052Y6H,4.490909090909091,55
B004AI565W,4.818181818181818,55
B00AFCOVYO,4.636363636363637,55
B008DK8S80,4.636363636363637,55
B000PKZFTQ,4.745454545454545,55
B004WPHRZA,4.090909090909091,55
B001ARUX8G,4.490909090909091,55
B00DGZ3ZBW,4.290909090909091,55
B00GM6H9BO,4.7272727272727275,55
B009YKK78C,4.6,55
B000X9WXSU,4.7272727272727275,55
B00444WFW4,4.327272727272727,55
B003FXE6VI,4.2,55
B000P2301E,4.127272727272727,55
B00065AFFE,4.236363636363636,55
B00B1UAC10,4.2,55
B000050FET,4.109090909090909,55
B0016PLX22,4.509090909090909,55
B003BX213M,4.4,55
B006ENQHLS,4.109090909090909,55
B0000537JL,4.345454545454546,55
B003UNQUDU,4.2,55
B0018DL6JM,4.8,55
B003RIPAS4,4.472727272727273,55
B000980PGC,4.545454545454546,55
B0091BSDV2,4.472727272727273,55
B000VV1YOY,4.418181818181818,55
B00486YELS,4.509090909090909,55
B000N8S3CG,4.5636363636363635,55
B000C235LW,4.6909090909090905,55
B0002M80KS,4.254545454545455,55
B00CFNVWRA,4.0,55
B000GHVD44,4.454545454545454,55
B000MAOWOS,4.218181818181818,55
B000C235A8,4.218181818181818,55
B00DQ2I0G0,4.672727272727273,55
B003F4H49S,4.527272727272727,55
B00CBK017Y,4.090909090909091,55
B002CEV1W8,4.4,55
B004SU8EX8,4.527272727272727,55
B0030FAATI,4.2727272727272725,55
B000JL7Z9Y,4.418181818181818,55
B0058T8QVI,4.527272727272727,55
B0047SCT8W,4.166666666666667,54
B000C237HO,4.407407407407407,54
B002RW9C3A,4.518518518518518,54
B000Q384SQ,4.37037037037037,54
B000CQPRBE,4.2592592592592595,54
B000C1ZBYM,4.7407407407407405,54
B004FKP2BI,4.648148148148148,54
B000GHWTLK,4.111111111111111,54
B00HZDYHGI,4.7407407407407405,54
B004AC06FS,4.425925925925926,54
B005C5IVQ8,4.5,54
B000R858R0,4.018518518518518,54
B002XO4LDI,4.111111111111111,54
B002XPRT72,4.611111111111111,54
B003TP9KTA,4.037037037037037,54
B00B1ZRTP2,4.222222222222222,54
B0049WCULW,4.5,54
B001ECQ4PS,4.555555555555555,54
B001ECQ4RG,4.425925925925926,54
B00BF27PGY,4.203703703703703,54
B000C1ZFJI,4.037037037037037,54
B004EKDS1U,4.111111111111111,54
B000C1ZFFW,4.074074074074074,54
B00AYZOFS4,4.2407407407407405,54
B000NJE0PO,4.111111111111111,54
B004IZX4OM,4.777777777777778,54
B000NJE3M4,4.018518518518518,54
B002RGMI6Y,4.333333333333333,54
B00D13HSR6,4.555555555555555,54
B0007SMKIU,4.2592592592592595,54
B0058I6508,4.314814814814815,54
B000E1CN6Y,4.37037037037037,54
B00BCHGD6K,4.2407407407407405,54
B0007CXYP4,4.7407407407407405,54
B001ET6XMK,4.092592592592593,54
B003VUAOOI,4.222222222222222,54
B001PTK3TS,4.111111111111111,54
B002F5WLOQ,4.481481481481482,54
B005EWF284,4.351851851851852,54
B000FGAAC2,4.203703703703703,54
B001PTFWSA,4.407407407407407,54
B00A2Y4OS8,4.12962962962963,54
B002F34UQ0,4.092592592592593,54
B0052BHMOE,4.407407407407407,54
B005260HJG,4.481481481481482,54
B0062W4TD4,4.462962962962963,54
B004BCEFUY,4.611111111111111,54
B000A6XGY6,4.5,54
B005OA7YKU,4.314814814814815,54
B00E8X79V8,4.407407407407407,54
B0029L1LI8,4.277777777777778,54
B001CT05G2,4.055555555555555,54
B000C233LO,4.574074074074074,54
B000NRQ89M,4.648148148148148,54
B000C1Z5RU,4.7407407407407405,54
B002K8UB9A,4.185185185185185,54
B00BGVNNNI,4.611111111111111,54
B00B3XZ76A,4.166666666666667,54
B006MUT06M,4.185185185185185,54
B00BE6EAKK,4.407407407407407,54
B004MSUBE6,4.203703703703703,54
B001D9UZTS,4.111111111111111,54
B002XITY36,4.518518518518518,54
B002T5OBO0,4.648148148148148,54
B0030E9V62,4.796296296296297,54
B001ET7JC8,4.148148148148148,54
B000B9J3GM,4.074074074074074,54
B00DPU6ZAG,4.314814814814815,54
B001P7AWXC,4.166666666666667,54
B002HWS7UY,4.666666666666667,54
B007TC0HIC,4.555555555555555,54
B003OH2Q80,4.2592592592592595,54
B000X1LOKQ,4.018518518518518,54
B00CG5SBXU,4.518518518518518,54
B007S64A0A,4.444444444444445,54
B007IDGJKM,4.203703703703703,54
B007OUMS1I,4.203703703703703,54
B0016KVK34,4.425925925925926,54
B0083K4WTE,4.574074074074074,54
B000ZV5SLK,4.074074074074074,54
B003N41WWA,4.203703703703703,54
B0011FMDU8,4.611111111111111,54
B003DRDHG6,4.333333333333333,54
B000052Z9C,4.055555555555555,54
B008H42554,4.092592592592593,54
B000260KIO,4.12962962962963,54
B001169LHK,4.037037037037037,54
B003D97NY6,4.407407407407407,54
B007J0RFZC,4.648148148148148,54
B000YYP2Z0,4.203703703703703,54
B003ASW4T4,4.296296296296297,54
B0090ELFQK,4.074074074074074,54
B00GDKBUDM,4.703703703703703,54
B008LR5U22,4.018518518518518,54
B008J7PT4S,4.277777777777778,54
B009CUYUVY,4.185185185185185,54
B0091L4SS4,4.37037037037037,54
B00GDJTN3M,4.777777777777778,54
B000052WY7,4.111111111111111,54
B003SZQ8SC,4.277777777777778,54
B0019FLYP0,4.296296296296297,54
B001AWDWWA,4.037037037037037,54
B00HHVMNM8,4.722222222222222,54
B001E96NYS,4.490566037735849,53
B001G2B8NO,4.584905660377358,53
B000BLS0NM,4.415094339622642,53
B000M30ZDM,4.509433962264151,53
B0009QZYII,4.490566037735849,53
B001BHNHAG,4.245283018867925,53
B003ZS8MNG,4.622641509433962,53
B000JDULDY,4.0,53
B0014AX89K,4.2075471698113205,53
B000LPOPVO,4.6415094339622645,53
B001LZFUX0,4.452830188679245,53
B000TCWX68,4.754716981132075,53
B000YM8VU0,4.339622641509434,53
B004HAMIJA,4.716981132075472,53
B00BSKJ6AG,4.773584905660377,53
B001U403NY,4.0,53
B004Y9GS0E,4.0,53
B0026I2WNW,4.69811320754717,53
B000RC2V4Y,4.264150943396227,53
B0007N5758,4.3584905660377355,53
B000Q6D3MA,4.3584905660377355,53
B002EA6BK2,4.660377358490566,53
B004NWMASQ,4.226415094339623,53
B00B0ZQWH4,4.735849056603773,53
B0084FDSYI,4.2075471698113205,53
B001N444EK,4.471698113207547,53
B003VMVBVG,4.018867924528302,53
B001ET7MJI,4.716981132075472,53
B007ROD3AG,4.30188679245283,53
B001EXJPIU,4.132075471698113,53
B00CDJAMNG,4.377358490566038,53
B004BCT7B6,4.0754716981132075,53
B005NWO9G6,4.39622641509434,53
B00ATS24EI,4.679245283018868,53
B008SGKHEW,4.509433962264151,53
B004WO9EDY,4.169811320754717,53
B0010V37DA,4.320754716981132,53
B0041YMUMM,4.716981132075472,53
B000VUWUB6,4.2075471698113205,53
B000U3OJ0Y,4.433962264150943,53
B002BEHQWI,4.339622641509434,53
B002D48QRU,4.3584905660377355,53
B00EO9CLC8,4.3584905660377355,53
B0007ZG1FG,4.0,53
B004BWPQS4,4.245283018867925,53
B003XS3JC2,4.113207547169812,53
B005UGVIQ4,4.6415094339622645,53
B005FZWN78,4.433962264150943,53
B004667UHA,4.339622641509434,53
B00317FUP4,4.3584905660377355,53
B004AZ8VDO,4.509433962264151,53
B006YFCHSS,4.226415094339623,53
B000B5S2LS,4.830188679245283,53
B000ZZU97O,4.60377358490566,53
B004CLPHS8,4.660377358490566,53
B007FAOPP4,4.660377358490566,53
B000HKCA7Y,4.339622641509434,53
B0041ERPPE,4.6415094339622645,53
B000E7WHDM,4.509433962264151,53
B007M819DU,4.566037735849057,53
B002KAL6NI,4.452830188679245,53
B0000536A3,4.60377358490566,53
B0067H6JGY,4.0,53
B001G7PZ6A,4.245283018867925,53
B00GJCCH40,4.509433962264151,53
B005NWMR56,4.528301886792453,53
B000COMJNK,4.320754716981132,53
B002VA4FXU,4.471698113207547,53
B00021KD2C,4.132075471698113,53
B004MUI3HQ,4.6415094339622645,53
B003OH0KBA,4.69811320754717,53
B004ZLZR8A,4.528301886792453,53
B0009GGY96,4.39622641509434,53
B0006V7T9I,4.433962264150943,53
B002S54Y66,4.452830188679245,53
B00BN7FFBI,4.226415094339623,53
B004C7U9GW,4.452830188679245,53
B0024HGT0C,4.283018867924528,53
B000S6QGIQ,4.339622641509434,53
B00ADR6M2U,4.339622641509434,53
B00068A0AQ,4.547169811320755,53
B002LFQ5MO,4.245283018867925,53
B006MRM2P6,4.113207547169812,53
B004KEWXQQ,4.433962264150943,53
B006NZQ0K0,4.283018867924528,53
B000N94XPQ,4.113207547169812,53
B000NJHONY,4.0,53
B000VOLKEA,4.471698113207547,53
B002IABT32,4.735849056603773,53
B0014UFYCO,4.339622641509434,53
B004HNFYF2,4.547169811320755,53
B000IMPD3O,4.2075471698113205,53
B002UKP0R6,4.150943396226415,53
B004HYEZ06,4.245283018867925,53
B00CFNMZ7Q,4.226415094339623,53
B002LHITWG,4.754716981132075,53
B00J3K9W6G,4.943396226415095,53
B003ASFJIC,4.30188679245283,53
B003O5NGJK,4.811320754716981,53
B0006PS3XU,4.320754716981132,53
B003LA90RU,4.5,52
B000OV40LA,4.538461538461538,52
B000XE906S,4.480769230769231,52
B00132O442,4.269230769230769,52
B001CM1XX8,4.346153846153846,52
B002LPDTYG,4.134615384615385,52
B008C560FO,4.019230769230769,52
B001KWW4YM,4.423076923076923,52
B000T7QLAC,4.326923076923077,52
B003A9UL20,4.134615384615385,52
B009GEUPAG,4.25,52
B000141L58,4.576923076923077,52
B006CRL3G0,4.096153846153846,52
B003CEA88U,4.634615384615385,52
B000C210DC,4.769230769230769,52
B000C2ZKVK,4.326923076923077,52
B000TZZG8C,4.173076923076923,52
B0009OAIIG,4.153846153846154,52
B002RL8IWC,4.211538461538462,52
B0068RM86S,4.4423076923076925,52
B0002714IS,4.211538461538462,52
B0061RAHG8,4.403846153846154,52
B0086LC0L2,4.403846153846154,52
B000CIU7H6,4.3076923076923075,52
B0009OAHKA,4.4423076923076925,52
B003UGV05U,4.211538461538462,52
B008NDVHTY,4.173076923076923,52
B007RIC79K,4.346153846153846,52
B00AILKE6G,4.403846153846154,52
B001CT09AO,4.788461538461538,52
B0012M65M2,4.538461538461538,52
B006RFYH92,4.115384615384615,52
B004SGFD7M,4.403846153846154,52
B0047WWDNO,4.384615384615385,52
B000HZW5CY,4.326923076923077,52
B0009OAI2C,4.384615384615385,52
B007I01TK0,4.346153846153846,52
B002G7J0LU,4.576923076923077,52
B00A4ZJSYK,4.5,52
B001T8UFPM,4.461538461538462,52
B000YHLOC2,4.596153846153846,52
B0076HRUQC,4.538461538461538,52
B000OW9QCW,4.673076923076923,52
B009EE9JFK,4.230769230769231,52
B000BKLCDS,4.25,52
B0036UW5VS,4.403846153846154,52
B000VG7GDW,4.519230769230769,52
B001QDDJB2,4.288461538461538,52
B002CMLH6A,4.788461538461538,52
B000OUJ04S,4.153846153846154,52
B006QKY720,4.288461538461538,52
B003NXKG8C,4.346153846153846,52
B001G6U818,4.596153846153846,52
B006T8BWOA,4.096153846153846,52
B004X8IFUW,4.365384615384615,52
B0015XWQLW,4.25,52
B001MP0QEW,4.288461538461538,52
B00BAVQZ5W,4.3076923076923075,52
B0009R14XQ,4.5,52
B00BGVME1K,4.3076923076923075,52
B006SQKIHU,4.5576923076923075,52
B000BJ7WNS,4.211538461538462,52
B003EPW434,4.423076923076923,52
B00122CP30,4.115384615384615,52
B00BMHBKDG,4.115384615384615,52
B000GDA06A,4.711538461538462,52
B004GVC0B6,4.788461538461538,52
B001UHN0E0,4.4423076923076925,52
B0012K3RFM,4.403846153846154,52
B004FE9JDG,4.0,52
B0019LVFI0,4.365384615384615,52
B0073OC9S2,4.1923076923076925,52
B0016HMWYI,4.673076923076923,52
B008U5RUW8,4.3076923076923075,52
B001ET7EE6,4.634615384615385,52
B008O7FHTK,4.134615384615385,52
B000VOLO6O,4.5576923076923075,52
B002HEIGKS,4.480769230769231,52
B003XUMQ7E,4.25,52
B00016XJ8S,4.288461538461538,52
B000V5BXNM,4.076923076923077,52
B000NPVDB2,4.134615384615385,52
B000U6CS4K,4.25,52
B000ALDLJG,4.096153846153846,52
B000P8DLF8,4.673076923076923,52
B004FS6X9U,4.3076923076923075,52
B00F0QVKEE,4.346153846153846,52
B002XITZJY,4.346153846153846,52
B000H3EO9I,4.211538461538462,52
B000IMJS0S,4.25,52
B000R1VH8Q,4.230769230769231,52
B000052YP4,4.230769230769231,52
B008VKEA9I,4.153846153846154,52
B003YELGF2,4.403846153846154,52
B003MTPE5M,4.176470588235294,51
B000W9WZ34,4.215686274509804,51
B00GOXV6VY,4.705882352941177,51
B006Y7U1TS,4.1568627450980395,51
B004JK20LY,4.784313725490196,51
B0019CBAZW,4.235294117647059,51
B000PU6A7C,4.411764705882353,51
B00125SH5C,4.313725490196078,51
B0068ZWGIU,4.352941176470588,51
B008UPSGPS,4.313725490196078,51
B0040QC9YK,4.235294117647059,51
B00EP5S7HE,4.1568627450980395,51
B003YID7SC,4.1568627450980395,51
B001E96L72,4.607843137254902,51
B00IOZWC2M,4.882352941176471,51
B00ILH0IE2,4.470588235294118,51
B001BVGJPC,4.529411764705882,51
B000CNKC62,4.196078431372549,51
B005599QTW,4.450980392156863,51
B003JT4S7U,4.470588235294118,51
B000052YMG,4.627450980392157,51
B004L5HPGC,4.509803921568627,51
B0006B0VNY,4.745098039215686,51
B0055Q6MYM,4.098039215686274,51
B000C1VTJI,4.03921568627451,51
B004JHT37Q,4.098039215686274,51
B00ATRYAFK,4.313725490196078,51
B001ET72C0,4.784313725490196,51
B000NC2QN4,4.176470588235294,51
B000URKWQU,4.588235294117647,51
B001ET76C6,4.333333333333333,51
B0000531GD,4.176470588235294,51
B001A3ZF7Y,4.1568627450980395,51
B000SBWIU6,4.490196078431373,51
B005MGS8U6,4.666666666666667,51
B000GCTBNY,4.137254901960785,51
B000P252H4,4.450980392156863,51
B000P22WX6,4.588235294117647,51
B000P20QMK,4.294117647058823,51
B004Z1L3JC,4.313725490196078,51
B001EJOPPM,4.627450980392157,51
B008LC4IU2,4.078431372549019,51
B007BF7HCG,4.352941176470588,51
B0018DNGQI,4.1568627450980395,51
B003RSY1NE,4.2745098039215685,51
B000S8FJQY,4.078431372549019,51
B000NE6PCA,4.235294117647059,51
B00AE07JJ6,4.196078431372549,51
B005C2NBAM,4.333333333333333,51
B00EL1HZ34,4.1568627450980395,51
B000FBNYRU,4.2745098039215685,51
B000V0X61O,4.607843137254902,51
B001T7TNGK,4.196078431372549,51
B00I0EYB2Q,4.764705882352941,51
B00J2CXNLA,4.372549019607843,51
B001P5WZE8,4.215686274509804,51
B001FT75SA,4.313725490196078,51
B004B8T8CS,4.509803921568627,51
B0009OAGTW,4.470588235294118,51
B009OT1YSK,4.294117647058823,51
B007BV13ES,4.235294117647059,51
B008OEZ0N6,4.098039215686274,51
B006WVCCQQ,4.137254901960785,51
B004WC37SY,4.411764705882353,51
B001H9657K,4.294117647058823,51
B004X9BRRO,4.431372549019608,51
B00021DZCC,4.137254901960785,51
B008CNGYKW,4.607843137254902,51
B001E96NHK,4.470588235294118,51
B00JPK2K0Y,4.823529411764706,51
B00EDNIA0M,4.509803921568627,51
B007AAUXI2,4.392156862745098,51
B003N3GIDE,4.431372549019608,51
B0002Q8W9I,4.490196078431373,51
B0027U1D5W,4.0,51
B00DD6DCK8,4.568627450980392,51
B005DU1H54,4.313725490196078,51
B000052Y5F,4.431372549019608,51
B003WXJD28,4.078431372549019,51
B001A8BM62,4.745098039215686,51
B003Q332Y4,4.568627450980392,51
B0042KWIBI,4.176470588235294,51
B001M6VK2S,4.0,51
B0041576WK,4.2745098039215685,51
B0087QFTOG,4.333333333333333,51
B004C26RNQ,4.196078431372549,51
B004CSW1QM,4.294117647058823,51
B0091W3622,4.666666666666667,51
B006RFZ8C2,4.117647058823529,51
B001E95K1U,4.764705882352941,51
B006X230Q0,4.333333333333333,51
B000C21CLW,4.588235294117647,51
B00642AC74,4.196078431372549,51
B001E96MQC,4.549019607843137,51
B00A4CD416,4.0588235294117645,51
B000EIWKO2,4.235294117647059,51
B00120VWRW,4.235294117647059,51
B001F51TS6,4.607843137254902,51
B003AVNLLG,4.352941176470588,51
B00D12OHFS,4.607843137254902,51
B0047F708O,4.03921568627451,51
B000TUUGAK,4.431372549019608,51
B0009DVP6Q,4.549019607843137,51
B00EMHZWNM,4.607843137254902,51
B006X76TT0,4.03921568627451,51
B003D1TNHY,4.313725490196078,51
B00JK3ZHIS,4.8431372549019605,51
B00776CLLG,4.215686274509804,51
B000KFX23M,4.66,50
B0047ELOYG,4.22,50
B00KGDRCZW,4.72,50
B001JPH44K,4.56,50
B004IQA3TU,4.58,50
B000XE4CHK,4.44,50
B001ET6YL0,4.3,50
B000P27CKY,4.42,50
B001FB5ILE,4.68,50
B00AZUHKSK,4.38,50
B0013YYNDM,4.86,50
B00BQEGRWY,4.56,50
B0036FTF3E,4.36,50
B000GI3TZ4,4.62,50
B000ASNTRS,4.46,50
B003JBGMZ4,4.34,50
B002PBESOQ,4.0,50
B00404WRIK,4.48,50
B002ZNJIJE,4.68,50
B000VRRE2O,4.02,50
B000VV21U0,4.08,50
B000C1Z5WU,4.72,50
B004B6RFWU,4.5,50
B002TLT388,4.44,50
B003JA5OJA,4.12,50
B000GHUFP2,4.28,50
B002ZNJI80,4.36,50
B00AKFUPEG,4.22,50
B008J5N5PU,4.42,50
B001E0ZIWU,4.54,50
B000Q1HX62,4.06,50
B0038J3MNM,4.4,50
B000XE6C3M,4.42,50
B000NCTX6C,4.68,50
B0081NLR0K,4.38,50
B001G7QYY2,4.82,50
B0032E614U,4.18,50
B004SPIJ0G,4.52,50
B00902KYPU,4.5,50
B004IS92G8,4.86,50
B0013N483I,4.72,50
B004P7CA8Y,4.46,50
B002XQ1QZM,4.32,50
B003PDBDU0,4.02,50
B00GR4TPW2,4.68,50
B004DF4WR0,4.68,50
B006M1AQDM,4.58,50
B009WLX83Y,4.22,50
B000A3TBB6,4.1,50
B000VZ9UFU,4.14,50
B002PA2LNC,4.44,50
B002CXPO7W,4.58,50
B001GIOW72,4.02,50
B003ZZHD6Q,4.06,50
B0009ET6BQ,4.06,50
B002BWPXH0,4.48,50
B000C1W50U,4.32,50
B001UE7D28,4.22,50
B004N3T6QE,4.48,50
B000IF3D38,4.04,50
B00J5D8BY0,4.78,50
B001441QFE,4.42,50
B000P24EI2,4.08,50
B000VOLCO8,4.14,50
B00119TL2W,4.38,50
B006LAAWRE,4.04,50
B001BLKX86,4.32,50
B005LZT9GU,4.06,50
B000C1VYSE,4.22,50
B000BBGP4I,4.72,50
B008MAON08,4.22,50
B000X2FPXC,4.16,50
B0052D4ILM,4.48,50
B001KYW9TA,4.28,50
B004E98U14,4.06,50
B001CJCFE2,4.0,50
B001KYO08S,4.38,50
B0044TIP0K,4.02,50
B004E79EQQ,4.26,50
B000A3WXPC,4.62,50
B0044SH66U,4.38,50
B002HK2GLW,4.1,50
B005BQ7KBU,4.12,50
B008320WGO,4.48,50
B00005NASR,4.56,50
B0012J135O,4.14,50
B008V9JG02,4.2,50
B00ILQUAE6,4.3,50
B00GTC1KZ2,4.12,50
B006HKR6OK,4.22,50
B000TFQH5I,4.58,50
B00H7M32FO,4.76,50
B004Z92VJA,4.74,50
B004VTWA1I,4.64,50
B000GDDKJ4,4.18,50
B0000536M3,4.14,50
B000I3NC40,4.74,50
B005IDTVC2,4.06,50
B0065R18TY,4.38,50
B0007CXXJQ,4.0,50
B002AC2RW0,4.8,50
B000E0G09Q,4.42,50
B0000537HB,4.84,50
B0055B08GA,4.28,50
B000V3RZ04,4.48,50
B000C1Z4V2,4.48,50
B0086UE95S,4.08,50
B000P20UCG,4.72,50
B000VF023E,4.16,50
B0095WMJF8,4.06,50
B00A7V7WWG,4.52,50
B003A1DWRO,4.2,50
B002VHNES0,4.36,50
B00015HBEM,4.36,50
B000E6101S,4.74,50
B00H5A513O,4.84,50
B006OZF24E,4.08,50
B000NW4I7G,4.22,50
B001M9YQBW,4.387755102040816,49
B0030VVV7W,4.755102040816326,49
B00129IUYQ,4.489795918367347,49
B002R2OLYA,4.448979591836735,49
B004NA63AY,4.591836734693878,49
B001CJFEJU,4.448979591836735,49
B00EWDP45C,4.653061224489796,49
B000T5KATM,4.448979591836735,49
B0016DA62C,4.551020408163265,49
B003WWL5QG,4.469387755102041,49
B0011E1BMA,4.428571428571429,49
B000VQ9GU8,4.775510204081633,49
B00110DWCQ,4.285714285714286,49
B005VZA0KO,4.653061224489796,49
B003E0W9W0,4.26530612244898,49
B00B5IJ79Q,4.551020408163265,49
B000C1VYSO,4.36734693877551,49
B0071DQOXQ,4.795918367346939,49
B000VOLNLA,4.0,49
B003FODWVC,4.571428571428571,49
B0040QTABK,4.26530612244898,49
B001KYQO0K,4.469387755102041,49
B00DD94A4W,4.489795918367347,49
B000KE88FU,4.469387755102041,49
B008B91H0E,4.510204081632653,49
B0013KYRIM,4.489795918367347,49
B001FB5IEG,4.489795918367347,49
B002LFLRFY,4.061224489795919,49
B004RBZ9MM,4.122448979591836,49
B00AN5L8PS,4.081632653061225,49
B0000535VH,4.142857142857143,49
B001MIZBNA,4.26530612244898,49
B00112BT88,4.6938775510204085,49
B000CNIHF0,4.469387755102041,49
B003ART1L4,4.244897959183674,49
B007152I9S,4.1020408163265305,49
B003SSVKBY,4.1020408163265305,49
B002C7DK7Y,4.387755102040816,49
B000VOPITS,4.26530612244898,49
B0006SFXXK,4.551020408163265,49
B000C21A82,4.081632653061225,49
B004PBVHZ2,4.755102040816326,49
B003CIZQGA,4.020408163265306,49
B000BIUGXM,4.122448979591836,49
B00EP49AX0,4.448979591836735,49
B000DIN3A8,4.63265306122449,49
B00G4SDPHC,4.612244897959184,49
B004W17O7A,4.040816326530612,49
B004R7R8G6,4.36734693877551,49
B002CMLHB0,4.285714285714286,49
B004K0HELY,4.244897959183674,49
B0082D9SUK,4.285714285714286,49
B00373FPG6,4.142857142857143,49
B00FAR3LP4,4.387755102040816,49
B000R9C0PW,4.1020408163265305,49
B0017DQGQ6,4.653061224489796,49
B002BAW730,4.061224489795919,49
B008LV9C4A,4.142857142857143,49
B000U1W3YK,4.122448979591836,49
B000NPY5XA,4.428571428571429,49
B001AMOKNU,4.224489795918367,49
B00AACC0AG,4.469387755102041,49
B000GNUUCO,4.285714285714286,49
B00AU55L2M,4.142857142857143,49
B000EGIEYY,4.489795918367347,49
B009WLX9NS,4.387755102040816,49
B001U2FOV2,4.469387755102041,49
B0009OAI18,4.653061224489796,49
B0049UYZ7Q,4.408163265306122,49
B000GHWPDW,4.285714285714286,49
B001D0IWDS,4.122448979591836,49
B00162TBTW,4.73469387755102,49
B005UOAJLQ,4.489795918367347,49
B000R92XHM,4.510204081632653,49
B00CEK81YQ,4.551020408163265,49
B000IOBEQ2,4.387755102040816,49
B001SBM9A4,4.36734693877551,49
B001AO0WDA,4.612244897959184,49
B003XQ7A38,4.387755102040816,49
B000OQ20HQ,4.551020408163265,49
B003S5HTHG,4.448979591836735,49
B002FTT1G8,4.673469387755102,49
B008EN87M8,4.040816326530612,49
B008SGIH1W,4.612244897959184,49
B008LOI2X4,4.448979591836735,49
B0009VNI2C,4.489795918367347,49
B000052YM0,4.36734693877551,49
B0063A42GE,4.326530612244898,49
B003N1WQIW,4.448979591836735,49
B003K75SDY,4.3061224489795915,49
B005I4QTJY,4.0,49
B001MS7H78,4.142857142857143,49
B00FRDPNA2,4.428571428571429,49
B009IRON0O,4.612244897959184,49
B006K240WQ,4.489795918367347,49
B007M81B5Q,4.061224489795919,49
B001U52C9Q,4.204081632653061,49
B005851HJU,4.142857142857143,49
B000O9O4YU,4.040816326530612,49
B005I0JWGK,4.244897959183674,49
B000VER1RU,4.061224489795919,49
B005SWRTP4,4.3061224489795915,49
B0016JIKXI,4.163265306122449,49
B001JQLNRS,4.408163265306122,49
B00KQ4PEBU,4.73469387755102,49
B000QZ3DDA,4.285714285714286,49
B005IAACKA,4.428571428571429,49
B009Y2117G,4.142857142857143,49
B0028Q8I6C,4.244897959183674,49
B008098AVO,4.387755102040816,49
B00D42KZQU,4.612244897959184,49
B002EKD768,4.551020408163265,49
B0045W9Y56,4.122448979591836,49
B00021D4R8,4.204081632653061,49
B000C1VW6S,4.714285714285714,49
B00AQFGLAW,4.551020408163265,49
B005TI2A74,4.836734693877551,49
B004NYTR8U,4.1020408163265305,49
B006OHM0JM,4.326530612244898,49
B002LZYVWA,4.061224489795919,49
B002RTA8YU,4.479166666666667,48
B00G9CS2IK,4.5,48
B000C1W5LE,4.3125,48
B0002CTSRM,4.354166666666667,48
B002C3G8U4,4.104166666666667,48
B000C1W5TG,4.104166666666667,48
B00CEPM91M,4.9375,48
B000NZAIC2,4.854166666666667,48
B000IEMGGE,4.229166666666667,48
B000WZL1ZQ,4.708333333333333,48
B003JN0OAQ,4.208333333333333,48
B000U6MLJC,4.708333333333333,48
B004BCT8JW,4.083333333333333,48
B001KYNW2I,4.25,48
B001U2IPUE,4.229166666666667,48
B009A9LBL4,4.145833333333333,48
B005A2M7WC,4.458333333333333,48
B00A3XEY88,4.416666666666667,48
B004018VP6,4.833333333333333,48
B003JMYYQW,4.270833333333333,48
B0013EGUT2,4.041666666666667,48
B00161FCAA,4.125,48
B000OP3R7O,4.3125,48
B009CRUDRW,4.520833333333333,48
B004RS87RY,4.020833333333333,48
B001E3DW0C,4.104166666666667,48
B000H8GPO0,4.458333333333333,48
B009ARXDHQ,4.395833333333333,48
B0006O0IBG,4.75,48
B00171ARH2,4.291666666666667,48
B0009F3O18,4.270833333333333,48
B000WZIR9O,4.395833333333333,48
B005CROHJQ,4.520833333333333,48
B002XQ1VAM,4.604166666666667,48
B000087L6T,4.375,48
B004A7T7F8,4.395833333333333,48
B0013JTQHK,4.6875,48
B000NWHKQ2,4.125,48
B000052WYL,4.104166666666667,48
B000MS07DA,4.375,48
B003VMZRYI,4.541666666666667,48
B00592D70E,4.729166666666667,48
B0027TUK7A,4.229166666666667,48
B00BDJFLT2,4.333333333333333,48
B000GR7KCS,4.229166666666667,48
B000052WWR,4.291666666666667,48
B00DJWNBXY,4.208333333333333,48
B000C1Z6C4,4.520833333333333,48
B00028MLKC,4.625,48
B002NBF8SI,4.291666666666667,48
B003B6LGOY,4.416666666666667,48
B00203MP9E,4.083333333333333,48
B002LE8PCS,4.229166666666667,48
B0009KN6BQ,4.9375,48
B00203KPDC,4.395833333333333,48
B0009I4M98,4.708333333333333,48
B000052YKS,4.666666666666667,48
B000N2O2PE,4.416666666666667,48
B00454UF70,4.0625,48
B003EYNA06,4.6875,48
B00AYARK2C,4.854166666666667,48
B005MEOJVK,4.4375,48
B003OGZC2S,4.520833333333333,48
B00866D82C,4.645833333333333,48
B001DS545O,4.541666666666667,48
B001MV5TX4,4.479166666666667,48
B000TFJHZ0,4.75,48
B004GFPOX8,4.020833333333333,48
B0018C6V98,4.5625,48
B00306CISI,4.666666666666667,48
B001EWF1XE,4.4375,48
B005KL3B64,4.5,48
B004MB8KNC,4.625,48
B00GTAJB78,4.3125,48
B00B9UE8P8,4.416666666666667,48
B000TGCJWC,4.229166666666667,48
B000O7AI3I,4.625,48
B000YP66WC,4.354166666666667,48
B006PKVYMC,4.354166666666667,48
B00016WUEW,4.25,48
B002A1FD1I,4.729166666666667,48
B001NPF5HY,4.541666666666667,48
B0002Z0R9C,4.666666666666667,48
B006CRIUV6,4.145833333333333,48
B000BD0SEE,4.5625,48
B001FO2GW0,4.458333333333333,48
B004C112DW,4.0625,48
B000KM3NDO,4.4375,48
B003552INO,4.666666666666667,48
B004ZD2LIW,4.520833333333333,48
B000FTYOQC,4.770833333333333,48
B006CCNDYA,4.125,48
B0030CER7W,4.416666666666667,48
B000TBZDR0,4.770833333333333,48
B00027C8Q0,4.520833333333333,48
B002AQF3PO,4.4375,48
B0001TQ5MW,4.395833333333333,48
B005UZX2FK,4.416666666666667,48
B004TSFB1M,4.645833333333333,48
B00CWDBMSM,4.458333333333333,48
B00014EH2C,4.625,48
B000CR0J0M,4.395833333333333,48
B001DYLHJA,4.083333333333333,48
B008P0S02M,4.166666666666667,48
B006OHM5T2,4.020833333333333,48
B00025G1IS,4.6875,48
B00B406WDY,4.5625,48
B0051D2KTA,4.708333333333333,48
B001V9LUXK,4.333333333333333,48
B002HWS7V8,4.333333333333333,48
B0002TSD08,4.333333333333333,48
B009RROHRE,4.583333333333333,48
B000YDMM54,4.645833333333333,48
B001PLOCVG,4.416666666666667,48
B00395KAPS,4.541666666666667,48
B000X315P8,4.625,48
B000052YL1,4.458333333333333,48
B001B9BDPA,4.229166666666667,48
B000IIA5UO,4.4375,48
B000UJ246Y,4.020833333333333,48
B005UKNUAC,4.5625,48
B00BOCSTM4,4.229166666666667,48
B00CSS9ZHG,4.208333333333333,48
B002I5LO2S,4.666666666666667,48
B002MAYNMM,4.270833333333333,48
B000GDF498,4.270833333333333,48
B00023IXMC,4.666666666666667,48
B000C233NM,4.520833333333333,48
B00196UB1M,4.4375,48
B004NEDTUM,4.395833333333333,48
B0014272H2,4.404255319148936,47
B004AIAVYS,4.9361702127659575,47
B004YRUDIY,4.553191489361702,47
B001CJE0X6,4.23404255319149,47
B004V9QP0A,4.659574468085107,47
B0049CJKK6,4.76595744680851,47
B007XN2NMK,4.319148936170213,47
B0017DI8QM,4.74468085106383,47
B005AO9SLS,4.787234042553192,47
B00A2Y3LD2,4.127659574468085,47
B00B4LKHCK,4.191489361702128,47
B00555PVHW,4.1063829787234045,47
B00159W1MA,4.340425531914893,47
B001D0IWEC,4.617021276595745,47
B004284VWO,4.702127659574468,47
B003DVCY0C,4.48936170212766,47
B0028RFYFE,4.0638297872340425,47
B005SJ708I,4.23404255319149,47
B002DPUY42,4.340425531914893,47
B001U02HNC,4.531914893617022,47
B004006U2I,4.212765957446808,47
B003AU7GQS,4.0638297872340425,47
B001P71PF6,4.319148936170213,47
B000V4PSDY,4.382978723404255,47
B004N73POE,4.319148936170213,47
B007V5CMJE,4.276595744680851,47
B006ZLFWTW,4.0,47
B000GCW9F6,4.276595744680851,47
B005TI7Q3C,4.276595744680851,47
B000LRG6X2,4.382978723404255,47
B001U2DIYC,4.617021276595745,47
B000056CN5,4.25531914893617,47
B007QOKGPW,4.23404255319149,47
B003SOO86M,4.595744680851064,47
B000NIR610,4.468085106382978,47
B004OUKAP2,4.76595744680851,47
B0009OAHF0,4.042553191489362,47
B005J4Y0O4,4.127659574468085,47
B00FAVBKX0,4.25531914893617,47
B001E96P1E,4.446808510638298,47
B005I4R75O,4.638297872340425,47
B001U3QTRO,4.276595744680851,47
B000XE247K,4.191489361702128,47
B00JFSFDB4,4.659574468085107,47
B0076PNQNU,4.212765957446808,47
B000IQ2ZYK,4.0212765957446805,47
B000XE0030,4.382978723404255,47
B002A4D5YM,4.340425531914893,47
B004VDGDJ4,4.319148936170213,47
B0012GVT7O,4.23404255319149,47
B00014DGCO,4.446808510638298,47
B004D7I7CO,4.617021276595745,47
B0002ARKTW,4.723404255319149,47
B003081VGG,4.595744680851064,47
B00A4627F6,4.276595744680851,47
B0030GFXO4,4.531914893617022,47
B0054MSD62,4.340425531914893,47
B00A7H8ECW,4.574468085106383,47
B006QREEZS,4.0,47
B002A09UP4,4.531914893617022,47
B002HEW7YO,4.127659574468085,47
B00CHSS3WK,4.361702127659575,47
B0064RT5L8,4.042553191489362,47
B00FRDPP6O,4.1063829787234045,47
B000V87HBQ,4.191489361702128,47
B001AFIQAK,4.0212765957446805,47
B000HGMU0K,4.787234042553192,47
B001B8OLXM,4.382978723404255,47
B0002BPIZO,4.340425531914893,47
B000C1UC8C,4.74468085106383,47
B000KI8J00,4.319148936170213,47
B0006FMKB6,4.361702127659575,47
B0037W6PJS,4.425531914893617,47
B0002SI7DW,4.74468085106383,47
B00842FL1Y,4.0638297872340425,47
B00123IF9C,4.659574468085107,47
B000EZZVQY,4.553191489361702,47
B000ZPHQZM,4.595744680851064,47
B000C1Z6AG,4.425531914893617,47
B000P2528I,4.74468085106383,47
B004M7L1XW,4.340425531914893,47
B004DBXL7G,4.51063829787234,47
B00APVZ7HA,4.574468085106383,47
B005RRBR9O,4.48936170212766,47
B001KYVKL8,4.085106382978723,47
B000C1UBHE,4.191489361702128,47
B0031IZY8G,4.531914893617022,47
B00GTBZ8B0,4.148936170212766,47
B005F5J5Z6,4.085106382978723,47
B0084A5NOQ,4.340425531914893,47
B003E23HGU,4.340425531914893,47
B00ISW92F6,4.085106382978723,47
B001E96M94,4.659574468085107,47
B00GJ1UK3G,4.276595744680851,47
B001MP2P50,4.085106382978723,47
B001QD4RUY,4.404255319148936,47
B007N4D4ZO,4.595744680851064,47
B00016XJ7O,4.531914893617022,47
B004KG2P94,4.446808510638298,47
B000ALBJ40,4.595744680851064,47
B000V9RRD8,4.340425531914893,47
B002HTZJQM,4.74468085106383,47
B0022C8PAQ,4.829787234042553,47
B000VJRCNI,4.340425531914893,47
B003KLV8DE,4.0,47
B0029F2HO6,4.723404255319149,47
B001DMPAVI,4.638297872340425,47
B000FIFJBM,4.148936170212766,47
B00752ZINU,4.361702127659575,47
B00A78WSXC,4.297872340425532,47
B002EQQ11K,4.319148936170213,47
B007NNU2WI,4.085106382978723,47
B000K73C4O,4.0,47
B0018QE376,4.468085106382978,47
B000LNQ90Q,4.574468085106383,47
B00DU6VY3S,4.319148936170213,47
B001E8HI8E,4.446808510638298,47
B000P2769G,4.702127659574468,47
B000C2106E,4.382978723404255,47
B0036W800G,4.404255319148936,47
B001SFMPTU,4.25531914893617,47
B006T8BWRC,4.404255319148936,47
B002NN6WZE,4.23404255319149,47
B000MUTRT8,4.574468085106383,47
B004SGZ610,4.425531914893617,47
B004TH6QDU,4.0,47
B0009QZXP2,4.382978723404255,47
B006L67FKK,4.804347826086956,46
B004NHVTJW,4.217391304347826,46
B00118RJIQ,4.630434782608695,46
B00150DC04,4.0,46
B003I5SC22,4.043478260869565,46
B000FD98VY,4.717391304347826,46
B00ANW4LLY,4.217391304347826,46
B00C8GBZAS,4.521739130434782,46
B0052L1YZC,4.695652173913044,46
B0002COX8G,4.586956521739131,46
B003SSXRME,4.5,46
B00150GP3U,4.478260869565218,46
B0014JBZVE,4.673913043478261,46
B0011FO67G,4.6521739130434785,46
B001F51TGI,4.586956521739131,46
B004OFPH3W,4.239130434782608,46
B0002XBTVO,4.6521739130434785,46
B005BYXMS2,4.565217391304348,46
B003I3B3YI,4.217391304347826,46
B001CLIEEU,4.543478260869565,46
B005H0ED92,4.5,46
B004W4P7AI,4.086956521739131,46
B0007CXYKO,4.260869565217392,46
B004TSF95U,4.304347826086956,46
B005GQ6FYS,4.304347826086956,46
B001UEIMZK,4.543478260869565,46
B0009Y6RHM,4.434782608695652,46
B001ADOXKO,4.565217391304348,46
B00347VFBY,4.434782608695652,46
B001QTLNK0,4.456521739130435,46
B007XXOPLC,4.391304347826087,46
B00BKSOKNE,4.043478260869565,46
B0083XGNWK,4.282608695652174,46
B000FBX8VC,4.326086956521739,46
B000NB5AWY,4.695652173913044,46
B000BIZSUS,4.413043478260869,46
B003FOG1JW,4.478260869565218,46
B0008FUY0I,4.369565217391305,46
B001G7PLZ0,4.630434782608695,46
B0012BSKBM,4.304347826086956,46
B003FO70Z6,4.717391304347826,46
B0049VQGL8,4.369565217391305,46
B000C1VWTA,4.565217391304348,46
B000RYLN6O,4.739130434782608,46
B000J3ZMQA,4.6521739130434785,46
B003DDBKXW,4.326086956521739,46
B00AVUE1S6,4.478260869565218,46
B00014EKJC,4.413043478260869,46
B001AMQJAW,4.369565217391305,46
B000EVKXKM,4.369565217391305,46
B00068AZ88,4.043478260869565,46
B0031BQN10,4.608695652173913,46
B0082XRJ5Q,4.478260869565218,46
B002ERZIPY,4.521739130434782,46
B004H53CW2,4.304347826086956,46
B004H53CY0,4.086956521739131,46
B003C1V5NA,4.673913043478261,46
B00171ETM6,4.608695652173913,46
B002B4K6FC,4.478260869565218,46
B00AEM0WDE,4.130434782608695,46
B001LOSEVQ,4.543478260869565,46
B000OCZV0S,4.1521739130434785,46
B0043TRC28,4.217391304347826,46
B002RS6KH0,4.391304347826087,46
B006FD1OOW,4.3478260869565215,46
B004673HQC,4.1521739130434785,46
B0006SIPGW,4.760869565217392,46
B003YFLI04,4.8478260869565215,46
B0069VYSFM,4.673913043478261,46
B000R92WNC,4.543478260869565,46
B001EWF2TM,4.782608695652174,46
B008QWW9GM,4.065217391304348,46
B007TIM8A6,4.565217391304348,46
B0000536EW,4.565217391304348,46
B000VFUS0Q,4.543478260869565,46
B002BAXNOM,4.043478260869565,46
B00J8UJNU6,4.456521739130435,46
B004C36Z5A,4.695652173913044,46
B001T8MD8Y,4.217391304347826,46
B00CELI1K4,4.217391304347826,46
B00170FF9I,4.195652173913044,46
B000NVR9GY,4.304347826086956,46
B007RYTYVI,4.739130434782608,46
B000EZQGU4,4.826086956521739,46
B000NSVZ58,4.1521739130434785,46
B003H6C764,4.586956521739131,46
B002NV21DS,4.369565217391305,46
B000P27AYM,4.369565217391305,46
B0067YTJ0K,4.586956521739131,46
B00H2YL8W6,4.6521739130434785,46
B000F3197U,4.1521739130434785,46
B003UHKJ5G,4.673913043478261,46
B000GCICTS,4.478260869565218,46
B002D6M94E,4.326086956521739,46
B001FB5IFK,4.760869565217392,46
B005ITT44G,4.065217391304348,46
B003CE8BAW,4.369565217391305,46
B000UYOXSG,4.434782608695652,46
B00E5BKMU8,4.173913043478261,46
B00385WMIM,4.282608695652174,46
B000O1JVU0,4.521739130434782,46
B0020MMGRQ,4.043478260869565,46
B003OGYO7W,4.521739130434782,46
B002SICH1C,4.369565217391305,46
B000MZX6QI,4.195652173913044,46
B001884QDK,4.173913043478261,46
B00BPJ139C,4.543478260869565,46
B0000Y3LKM,4.913043478260869,46
B001544IQW,4.304347826086956,46
B004I00FQC,4.3478260869565215,46
B0049QELEC,4.260869565217392,46
B005IC3C1O,4.717391304347826,46
B009MLSJ38,4.326086956521739,46
B00FRDPRQ2,4.369565217391305,46
B000C1VW7M,4.369565217391305,46
B003UTRNXK,4.173913043478261,46
B0045VJPT2,4.173913043478261,46
B0043D4FPQ,4.434782608695652,46
B00AFECPAE,4.413043478260869,46
B00EZZRRHK,4.065217391304348,46
B002CPRK9U,4.326086956521739,46
B00BWSZ9HI,4.760869565217392,46
B000XE1ZI4,4.478260869565218,46
B002RC83GC,4.3478260869565215,46
B006J6R23M,4.260869565217392,46
B00152VJUW,4.326086956521739,46
B000Z8YTMW,4.282608695652174,46
B000NN7FSO,4.086956521739131,46
B000P20TZO,4.543478260869565,46
B0009VQ8KQ,4.3478260869565215,46
B001CWF2US,4.1521739130434785,46
B001DYFIR2,4.5,46
B000O7K9HI,4.239130434782608,46
B005UHS6C2,4.1521739130434785,46
B0012RXW1O,4.369565217391305,46
B000ERL33W,4.6521739130434785,46
B0018S6MO6,4.021739130434782,46
B0042TH4PE,4.195652173913044,46
B003CSSZK4,4.3478260869565215,46
B000B5NEMU,4.6521739130434785,46
B002K8OEHK,4.326086956521739,46
B000FKGSJC,4.630434782608695,46
B002VECJV6,4.239130434782608,46
B00028Q892,4.478260869565218,46
B000PI3BS0,4.0,46
B0007X74CW,4.413043478260869,46
B00655DP1K,4.260869565217392,46
B00094O6D4,4.695652173913044,46
B00850YARQ,4.021739130434782,46
B000FLGU30,4.304347826086956,46
B0007M3ZKI,4.533333333333333,45
B000VG0MU6,4.311111111111111,45
B00AKZHC88,4.066666666666666,45
B007GM30PC,4.288888888888889,45
B003P4VC46,4.133333333333334,45
B002XITZJ4,4.177777777777778,45
B002LHIQKQ,4.044444444444444,45
B001J7CAA6,4.177777777777778,45
B001ET7IQK,4.444444444444445,45
B000052Y0S,4.222222222222222,45
B00CCUFFOC,4.8,45
B000C1Z7S2,4.088888888888889,45
B005P02U8A,4.5777777777777775,45
B000C1Z5RK,4.533333333333333,45
B0007CXXIC,4.4222222222222225,45
B0001XDU2Q,4.2,45
B001KOTRJA,4.377777777777778,45
B00027C7O8,4.355555555555555,45
B001229LC8,4.533333333333333,45
B000G62ESY,4.2,45
B008CZBZMM,4.377777777777778,45
B003PARWS0,4.155555555555556,45
B00766SGE8,4.177777777777778,45
B0012IXO7A,4.111111111111111,45
B004TURQMW,4.4,45
B005TI2AII,4.311111111111111,45
B003DGKFV2,4.377777777777778,45
B00HJCC9BA,4.466666666666667,45
B001ET7BQC,4.644444444444445,45
B000VSYB06,4.222222222222222,45
B0010VLJ58,4.4222222222222225,45
B0019ZD6P6,4.533333333333333,45
B000TADQDO,4.066666666666666,45
B000PAYDYO,4.4222222222222225,45
B000KNBHV8,4.177777777777778,45
B0012E2I8A,4.155555555555556,45
B0000531II,4.222222222222222,45
B003DQZDB4,4.355555555555555,45
B004LEFDJE,4.6,45
B004S3M2V0,4.333333333333333,45
B004SSM396,4.5777777777777775,45
B0016S0Y4M,4.911111111111111,45
B004V4MQ2Q,4.488888888888889,45
B0012RWNRS,4.266666666666667,45
B000WJ5XNI,4.155555555555556,45
B005H1541C,4.311111111111111,45
B000R94SFW,4.355555555555555,45
B001KYRNAK,4.022222222222222,45
B000300CEG,4.155555555555556,45
B000300CCS,4.288888888888889,45
B000FJU4HK,4.155555555555556,45
B004Z5H0XG,4.5777777777777775,45
B00BKH9HRE,4.533333333333333,45
B000XEB610,4.5777777777777775,45
B003TJGNH8,4.2444444444444445,45
B006I8KLRU,4.8,45
B001E6VHB0,4.7555555555555555,45
B000U0ISV8,4.088888888888889,45
B000Z4NV66,4.2,45
B000SRTOC0,4.688888888888889,45
B006I8YQ1M,4.466666666666667,45
B002Y26RWM,4.066666666666666,45
B0064O7YFA,4.911111111111111,45
B003156OJC,4.111111111111111,45
B001U23VB2,4.6,45
B0030TZK6M,4.4222222222222225,45
B00AQZUO28,4.555555555555555,45
B00BHLNV34,4.511111111111111,45
B004JZT328,4.622222222222222,45
B000TZT9E4,4.511111111111111,45
B00557MWPE,4.511111111111111,45
B00019A97E,4.222222222222222,45
B000GXBGIG,4.155555555555556,45
B001AKUR7A,4.511111111111111,45
B004DF94SM,4.533333333333333,45
B0057Y6IJG,4.066666666666666,45
B000JF9Q1U,4.4,45
B002RT720I,4.6,45
B001CJCFMY,4.222222222222222,45
B001CZIIWE,4.066666666666666,45
B001LNOCWW,4.6,45
B0053HB130,4.2444444444444445,45
B0089TDTWK,4.155555555555556,45
B0009EILHG,4.022222222222222,45
B007AVOE4U,4.6,45
B00452S9UM,4.333333333333333,45
B008VSY4LO,4.222222222222222,45
B007T70X0Y,4.2444444444444445,45
B001P26BD2,4.0,45
B001CJE0MW,4.288888888888889,45
B000CNME22,4.0,45
B000C1VTMK,4.822222222222222,45
B002D48QMK,4.711111111111111,45
B00686SP9I,4.444444444444445,45
B001LFM4WA,4.6,45
B006QFUQN4,4.5777777777777775,45
B000PW39D8,4.466666666666667,45
B001TXB4G6,4.0,45
B007FWBZF0,4.155555555555556,45
B00E9VZC4U,4.644444444444445,45
B000VL52GU,4.533333333333333,45
B000L1AY3G,4.622222222222222,45
B0007TC04S,4.111111111111111,45
B000R2868O,4.111111111111111,45
B0057FETAK,4.488888888888889,45
B006OZF398,4.088888888888889,45
B00518N2JC,4.377777777777778,45
B000WBO3W8,4.488888888888889,45
B00DJKU1Y8,4.6,45
B003D19U0O,4.4222222222222225,45
B000O1JD4E,4.711111111111111,45
B003MUQRWU,4.622222222222222,45
B00GM31224,4.266666666666667,45
B000XE87IA,4.488888888888889,45
B0015GQ8JK,4.177777777777778,45
B0031M7MZK,4.866666666666666,45
B00FRZ1DS6,4.177777777777778,45
B000C1VXI0,4.155555555555556,45
B000GCXSHO,4.311111111111111,45
B00FPZXIOA,4.133333333333334,45
B000WBLA4C,4.5777777777777775,45
B001B7CJDM,4.266666666666667,45
B0014LQ9JA,4.488888888888889,45
B000HX4JWK,4.377777777777778,45
B0011N77IS,4.377777777777778,45
B000VZ9UI2,4.177777777777778,45
B004NYZ5AE,4.113636363636363,44
B00BYE9Y0I,4.4772727272727275,44
B0001TODNK,4.5227272727272725,44
B002672512,4.136363636363637,44
B0001LH6R8,4.568181818181818,44
B0013KA0BA,4.886363636363637,44
B000HEIJ8E,4.75,44
B004I79FLG,4.613636363636363,44
B000E7YJNI,4.113636363636363,44
B005XL6EVU,4.431818181818182,44
B001OOB6K4,4.5,44
B002MJOZTE,4.090909090909091,44
B005G5DTZC,4.409090909090909,44
B00EU7DBQ4,4.5227272727272725,44
B00EYUZLIS,4.636363636363637,44
B001NM85Q0,4.136363636363637,44
B00005A77D,4.568181818181818,44
B001ESE2KG,4.295454545454546,44
B001279Z0G,4.181818181818182,44
B00507T7XO,4.25,44
B000AA5VZ4,4.4772727272727275,44
B004Q85JV2,4.386363636363637,44
B0042X83UA,4.636363636363637,44
B000SIS5JW,4.2727272727272725,44
B005KVQAUS,4.5227272727272725,44
B000CESY2A,4.431818181818182,44
B00AY1L5W2,4.590909090909091,44
B000NP60RY,4.659090909090909,44
B0076H8R8C,4.5227272727272725,44
B000Q46HBQ,4.545454545454546,44
B00JNI1DZQ,4.9772727272727275,44
B004SS6IKG,4.159090909090909,44
B001LV70GY,4.0227272727272725,44
B0006BDPQY,4.159090909090909,44
B00GMQDN64,4.590909090909091,44
B0041QVYS6,4.318181818181818,44
B000BPXZCY,4.25,44
B005UKOXMG,4.613636363636363,44
B007EZ2HI2,4.409090909090909,44
B00G053H6I,4.0227272727272725,44
B005KL8BG4,4.5227272727272725,44
B000P275RY,4.7727272727272725,44
B00H0LVCVI,4.681818181818182,44
B001JKNJL2,4.136363636363637,44
B00979C5EE,4.431818181818182,44
B00DQ2ILQY,4.409090909090909,44
B0012O8AAK,4.5227272727272725,44
B008D5I61Y,4.386363636363637,44
B003DW6W3Q,4.318181818181818,44
B005UBN3NU,4.2727272727272725,44
B00028LQ30,4.295454545454546,44
B00J3CZZ56,4.909090909090909,44
B006VDRQEI,4.295454545454546,44
B00AR1FU20,4.704545454545454,44
B00095MA8G,4.363636363636363,44
B000P275OM,4.5227272727272725,44
B004YL08FS,4.5,44
B008J4VOM2,4.795454545454546,44
B0011WJ5K2,4.136363636363637,44
B000YTGT6Q,4.2727272727272725,44
B0015KS49I,4.431818181818182,44
B0018RESOS,4.454545454545454,44
B002RT70Y6,4.5227272727272725,44
B000KQ7U84,4.2727272727272725,44
B001FE16QC,4.386363636363637,44
B000P9FP10,4.5,44
B00HNTBTOC,4.795454545454546,44
B000NFEX5K,4.295454545454546,44
B006W3P14Y,4.181818181818182,44
B007LB38O6,4.431818181818182,44
B0019CQN1S,4.409090909090909,44
B000PHP86E,4.431818181818182,44
B003N4MIDM,4.5,44
B000ULJN9S,4.5227272727272725,44
B0054Y0FAW,4.0227272727272725,44
B001D3Q124,4.363636363636363,44
B0012NQBQG,4.568181818181818,44
B0080D1Q52,4.295454545454546,44
B0009EXOXW,4.2727272727272725,44
B000P20RAQ,4.545454545454546,44
B004FKNYWW,4.5,44
B004W75SLI,4.2727272727272725,44
B0051VQKU2,4.863636363636363,44
B0090ELFRO,4.318181818181818,44
B000GI0S9Y,4.25,44
B005C4WPUW,4.568181818181818,44
B001AHJJJA,4.4772727272727275,44
B003BKYYVW,4.2272727272727275,44
B00470L8XW,4.681818181818182,44
B000VSGU7I,4.2272727272727275,44
B0014G59F0,4.590909090909091,44
B000XVA2EK,4.431818181818182,44
B000FBK5IQ,4.068181818181818,44
B0034CM18U,4.25,44
B000VOLONM,4.181818181818182,44
B002HK2H1G,4.4772727272727275,44
B000JL3OYE,4.113636363636363,44
B004AO5D0E,4.0,44
B00427WJVK,4.568181818181818,44
B007PTGHKQ,4.636363636363637,44
B0034KSQ1I,4.5227272727272725,44
B002I5DMDC,4.590909090909091,44
B0060OLV80,4.5227272727272725,44
B0007CXY5O,4.4772727272727275,44
B00BOJB0AK,4.5227272727272725,44
B007CVLI9M,4.386363636363637,44
B007CY0EHG,4.0227272727272725,44
B000VTQCIY,4.295454545454546,44
B004CZXL9Q,4.0,44
B0028YXIR8,4.5227272727272725,44
B002WBGBZS,4.181818181818182,44
B001QF3GHM,4.409090909090909,44
B000ZMEW66,4.113636363636363,44
B000C1W3C0,4.363636363636363,44
B000VZS3VW,4.4772727272727275,44
B008NB8VUY,4.204545454545454,44
B00ADRH2OM,4.2727272727272725,44
B00HAT8EKW,4.5227272727272725,44
B003O52BHS,4.113636363636363,44
B002BXGV52,4.2727272727272725,44
B000A0ADT8,4.159090909090909,44
B005HIGYYQ,4.2272727272727275,44
B000C1W6YA,4.2272727272727275,44
B000GR9OIQ,4.409090909090909,44
B000FOVLEA,4.568181818181818,44
B0032ONFG2,4.363636363636363,44
B0071GQ78U,4.340909090909091,44
B006PKVYIQ,4.2272727272727275,44
B000QF95G4,4.909090909090909,44
B000Z61PEY,4.113636363636363,44
B001PHDT4Q,4.068181818181818,44
B000NGLR8A,4.863636363636363,44
B001BKO2ZC,4.613636363636363,44
B002HEW8EI,4.204545454545454,44
B005AVMPA2,4.613636363636363,44
B00028PFF0,4.454545454545454,44
B003LRK6G2,4.545454545454546,44
B000195GAY,4.659090909090909,44
B006L0XVEU,4.409090909090909,44
B003E0VPA2,4.4772727272727275,44
B000V8BL18,4.409090909090909,44
B0094G3LQ6,4.431818181818182,44
B0009MYMJY,4.090909090909091,44
B000OQ94SY,4.818181818181818,44
B001F51TVI,4.636363636363637,44
B00014D138,4.113636363636363,44
B0002QWTWY,4.068181818181818,44
B003ZKEI8W,4.590909090909091,44
B0019Z64C8,4.386363636363637,44
B008ML1M06,4.5227272727272725,44
B007RDVQ3S,4.068181818181818,44
B001O1XUDI,4.372093023255814,43
B008NE2QH0,4.534883720930233,43
B000VONARU,4.674418604651163,43
B004UBCWXS,4.3023255813953485,43
B007VC9DKI,4.209302325581396,43
B001YTD3G4,4.0,43
B000P250TE,4.488372093023256,43
B000FQOQ5Y,4.3023255813953485,43
B003HFO5OC,4.0,43
B001D0CWQG,4.255813953488372,43
B006FXKP0Q,4.627906976744186,43
B00B5BKJ0O,4.116279069767442,43
B0052BHMNU,4.488372093023256,43
B003IW4AS0,4.72093023255814,43
B00198O40Y,4.441860465116279,43
B000GCSD60,4.1395348837209305,43
B007XA7ZLM,4.325581395348837,43
B00081J4P8,4.767441860465116,43
B001NP5IK8,4.046511627906977,43
B004NMYM96,4.093023255813954,43
B006OBXHKO,4.348837209302325,43
B0001TSWWS,4.325581395348837,43
B00506U4HI,4.162790697674419,43
B004H4TWJU,4.046511627906977,43
B007HT5ZB6,4.558139534883721,43
B003O4BJQS,4.813953488372093,43
B0002Z8P1E,4.558139534883721,43
B0014AAQCC,4.093023255813954,43
B006OUBWSO,4.1395348837209305,43
B0050LLKGC,4.744186046511628,43
B000GCWMSK,4.604651162790698,43
B00GMWMMOC,4.0,43
B008Y48XP8,4.069767441860465,43
B001ET725W,4.534883720930233,43
B00AAG9M2Q,4.441860465116279,43
B004U6PP1E,4.813953488372093,43
B000XTDYJW,4.186046511627907,43
B000X2H6R0,4.162790697674419,43
B00CBXGZ4O,4.813953488372093,43
B000J41UO2,4.488372093023256,43
B000UUF7DA,4.441860465116279,43
B004MTF3KC,4.813953488372093,43
B001CUU9KI,4.069767441860465,43
B000LOGSVU,4.372093023255814,43
B0034QW0J6,4.348837209302325,43
B000GW55BG,4.348837209302325,43
B001ET7MAW,4.488372093023256,43
B000RUKQM0,4.488372093023256,43
B00BCAQVSC,4.3023255813953485,43
B002WPZNTE,4.116279069767442,43
B0019CGUFC,4.046511627906977,43
B002GJ7GR8,4.255813953488372,43
B006I8CS5I,4.651162790697675,43
B000IOBETE,4.72093023255814,43
B007ZBUQ1A,4.209302325581396,43
B000TFPGP0,4.5813953488372094,43
B000BIVY0G,4.348837209302325,43
B0009N4JP0,4.627906976744186,43
B00158UZA6,4.348837209302325,43
B000142OC2,4.790697674418604,43
B000P275GU,4.558139534883721,43
B001Q2FMA4,4.465116279069767,43
B000FYZ6U0,4.511627906976744,43
B0009OMNGQ,4.4186046511627906,43
B000URVDRW,4.395348837209302,43
B0051UKI4W,4.4186046511627906,43
B009ESX1MI,4.627906976744186,43
B000BIXP3K,4.627906976744186,43
B00AXDCVB0,4.4186046511627906,43
B002NCTEZA,4.023255813953488,43
B003STU190,4.441860465116279,43
B004FL07LC,4.162790697674419,43
B002RL8IYA,4.116279069767442,43
B0050CCQK0,4.534883720930233,43
B003ZUZCDC,4.767441860465116,43
B000C1Z1KQ,4.488372093023256,43
B001G7PJAC,4.511627906976744,43
B00021AQCY,4.046511627906977,43
B0037AI70K,4.116279069767442,43
B0043BUW78,4.046511627906977,43
B000Z8ZJMQ,4.4186046511627906,43
B002L6PWZO,4.534883720930233,43
B003FBG88E,4.27906976744186,43
B002Z7FSK8,4.0,43
B001V9LULM,4.488372093023256,43
B005JV1YRI,4.162790697674419,43
B0007UNGFY,4.232558139534884,43
B000GHWUQ4,4.1395348837209305,43
B003JCLP6E,4.0,43
B000C1Z2B4,4.116279069767442,43
B005ZZ088Y,4.209302325581396,43
B001G7R3QK,4.4186046511627906,43
B0058CJV9G,4.069767441860465,43
B000KHZIJG,4.209302325581396,43
B00729TO36,4.604651162790698,43
B004XWC856,4.604651162790698,43
B000C1Z1H4,4.255813953488372,43
B00AZOTTPS,4.186046511627907,43
B002XITZ6M,4.534883720930233,43
B001KYQ05O,4.023255813953488,43
B004HYJ3LW,4.372093023255814,43
B000P8NV3K,4.395348837209302,43
B0081E6THU,4.255813953488372,43
B002RT71Y0,4.534883720930233,43
B000WHYB1A,4.767441860465116,43
B004XC6YUG,4.348837209302325,43
B000AADG0G,4.4186046511627906,43
B002Z13TKK,4.674418604651163,43
B005OZEFKM,4.744186046511628,43
B0033DPIGW,4.093023255813954,43
B000181TMY,4.27906976744186,43
B00D0NKL58,4.534883720930233,43
B003PDI2QI,4.534883720930233,43
B0091OCC48,4.255813953488372,43
B004X1ZUZM,4.093023255813954,43
B001LNOER0,4.511627906976744,43
B004DBU9QW,4.372093023255814,43
B0016OCTHQ,4.488372093023256,43
B0006O9ZAG,4.5813953488372094,43
B00IAMTLS2,4.674418604651163,43
B00405UD4Y,4.511627906976744,43
B004S9CDJK,4.5813953488372094,43
B0034KYDQU,4.116279069767442,43
B003DL3YW4,4.604651162790698,43
B001U2BUJW,4.441860465116279,43
B002MZU5Z6,4.3023255813953485,43
B003AX4V9U,4.465116279069767,43
B0091XL4B6,4.465116279069767,43
B005EHID3U,4.372093023255814,43
B003JKFEL8,4.511627906976744,43
B000ALFTVO,4.651162790697675,43
B00822YOIM,4.441860465116279,43
B0098LFSLS,4.232558139534884,43
B002RT712W,4.1395348837209305,43
B003ZUOCN8,4.813953488372093,43
B0074UK2KC,4.441860465116279,43
B0002D532A,4.162790697674419,43
B004DK4CH0,4.465116279069767,43
B00120XR1G,4.6976744186046515,43
B00005AVC7,4.395348837209302,43
B003UI4WZS,4.046511627906977,43
B001E96KZ0,4.27906976744186,43
B00JYY576U,4.883720930232558,43
B00CDYKRU4,4.162790697674419,43
B005FHOT6O,4.372093023255814,43
B00BF26UOW,4.4186046511627906,43
B002OLLSU4,4.069767441860465,43
B0016G2BJK,4.837209302325581,43
B005OKQ1A4,4.674418604651163,43
B004HKWSTU,4.023255813953488,43
B0011DJICG,4.348837209302325,43
B005P0QN56,4.395348837209302,43
B0000532YN,4.209302325581396,43
B0037IESXC,4.3023255813953485,43
B0020MMDWY,4.186046511627907,43
B004CQXZPA,4.27906976744186,43
B000EEBWJ0,4.232558139534884,43
B000BVDC2G,4.0,43
B00469CIMO,4.6976744186046515,43
B000NJMRI6,4.190476190476191,42
B0052LZHKK,4.642857142857143,42
B00BPYS5FC,4.5476190476190474,42
B000O2P21Q,4.357142857142857,42
B004JK5R1O,4.476190476190476,42
B0017K81TY,4.023809523809524,42
B001AMOKR6,4.190476190476191,42
B000H3EPY2,4.261904761904762,42
B000BIUGRI,4.404761904761905,42
B005JFW1HQ,4.357142857142857,42
B00112AJCU,4.690476190476191,42
B002C2OZRS,4.5,42
B006OMHUZQ,4.523809523809524,42
B008XCNJ0K,4.523809523809524,42
B0018BT9ZM,4.380952380952381,42
B000WNLH4S,4.404761904761905,42
B003CN78GG,4.523809523809524,42
B002XQ1RCE,4.095238095238095,42
B001LNOCW2,4.642857142857143,42
B002C7487U,4.261904761904762,42
B000U63CCM,4.190476190476191,42
B001P60R1A,4.5476190476190474,42
B00ISW92FG,4.523809523809524,42
B000XZKVHE,4.5,42
B003QDAZAI,4.380952380952381,42
B0034UBHNM,4.5,42
B0046MLZWU,4.238095238095238,42
B006O0APQO,4.333333333333333,42
B0002DTV0K,4.333333333333333,42
B001E96MMQ,4.166666666666667,42
B00DH0TRYA,4.642857142857143,42
B001ET78QU,4.095238095238095,42
B00DAGJ3JK,4.595238095238095,42
B0018QE47K,4.428571428571429,42
B004KEX6OE,4.523809523809524,42
B0050OX4O0,4.380952380952381,42
B003O9RE1C,4.738095238095238,42
B002WVGBEO,4.738095238095238,42
B0009EXM52,4.809523809523809,42
B001KYQ6QM,4.309523809523809,42
B0077ZW4OG,4.214285714285714,42
B002N5MI3W,4.428571428571429,42
B002KANXHK,4.4523809523809526,42
B005Q8P3OE,4.666666666666667,42
B008UEXNW0,4.428571428571429,42
B007X1X54C,4.095238095238095,42
B003VMOGSQ,4.023809523809524,42
B00190178O,4.523809523809524,42
B00019ODAI,4.357142857142857,42
B0002X4F0Q,4.571428571428571,42
B0060BQJBW,4.238095238095238,42
B0016BHMKS,4.190476190476191,42
B0036YTW2E,4.357142857142857,42
B002LWQ3II,4.5476190476190474,42
B000VOLJGO,4.238095238095238,42
B000GCZZZC,4.285714285714286,42
B005DUA5BG,4.261904761904762,42
B000FKJYV6,4.5476190476190474,42
B000PKYBXM,4.738095238095238,42
B0014WKHT2,4.095238095238095,42
B007IM3RZI,4.190476190476191,42
B006LPVGCO,4.190476190476191,42
B003BPL57S,4.523809523809524,42
B005LD5EHA,4.357142857142857,42
B000C1Z2AU,4.119047619047619,42
B000IEXLHW,4.261904761904762,42
B0030H0MK8,4.0476190476190474,42
B000GCY2PG,4.5476190476190474,42
B0060NKL2S,4.261904761904762,42
B00GWBR5N6,4.333333333333333,42
B000C1VW7C,4.880952380952381,42
B003TA799S,4.523809523809524,42
B0036LJ0HO,4.571428571428571,42
B000NWF1Q8,4.333333333333333,42
B00023IZMA,4.119047619047619,42
B0021YVAS4,4.357142857142857,42
B006429D7O,4.476190476190476,42
B00ANJJUEU,4.119047619047619,42
B005J5TIYK,4.619047619047619,42
B000CNIHEG,4.142857142857143,42
B001ET7KAY,4.119047619047619,42
B000R810A4,4.309523809523809,42
B001FOBFRW,4.642857142857143,42
B00A7FS2OO,4.0,42
B007SJ3BWA,4.523809523809524,42
B000NSQNR8,4.142857142857143,42
B004AWNVSC,4.190476190476191,42
B005GDAZ9W,4.357142857142857,42
B00347FTXE,4.4523809523809526,42
B005TW5N0G,4.333333333333333,42
B001OBVQAW,4.380952380952381,42
B000VOHSUU,4.714285714285714,42
B0006PS3Y4,4.190476190476191,42
B0006BDPJG,4.523809523809524,42
B00BRW8D4U,4.642857142857143,42
B005MIFELK,4.380952380952381,42
B001CT09W2,4.857142857142857,42
B000GCURBO,4.214285714285714,42
B004GWQIH2,4.595238095238095,42
B00011FTPY,4.5,42
B007MXNCGC,4.571428571428571,42
9790778309,4.761904761904762,42
B004DOYM2Q,4.0,42
B001NZUBUU,4.4523809523809526,42
B004Y6G910,4.214285714285714,42
B00142AI82,4.0476190476190474,42
B006UK3G0U,4.571428571428571,42
B006GQG9GQ,4.619047619047619,42
B009YSXB3M,4.214285714285714,42
B009SJ7DFE,4.380952380952381,42
B005MMYAZM,4.0476190476190474,42
B003IRXZTK,4.119047619047619,42
B0093P3AUU,4.142857142857143,42
B00317FT4G,4.619047619047619,42
B001CZDM20,4.571428571428571,42
B003FBK9YS,4.476190476190476,42
B000ATZ8BW,4.571428571428571,42
B009ESL1U2,4.761904761904762,42
B002TNK7ZY,4.0,42
B006A9VKCC,4.261904761904762,42
B00BCR899E,4.023809523809524,42
B002ZNJYRA,4.595238095238095,42
B002Z3R7F6,4.071428571428571,42
B000E7YJV0,4.619047619047619,42
B00DNK4YB0,4.309523809523809,42
B00016WVAK,4.595238095238095,42
B0017728SM,4.642857142857143,42
B0045VPQ2M,4.428571428571429,42
B003XCVRQS,4.309523809523809,42
B007ROD14E,4.0,42
B000YII6HM,4.761904761904762,42
B001KNHM4I,4.523809523809524,42
B009S99Z8W,4.404761904761905,42
B007TAQZ8A,4.738095238095238,42
B001KOTQIW,4.238095238095238,42
B00H167AT0,4.119047619047619,42
B001FWXMF2,4.523809523809524,42
B003JLV8TY,4.071428571428571,42
B001P24VHK,4.309523809523809,42
B000C20Z3I,4.5476190476190474,42
B005A5Y55G,4.666666666666667,42
B001ARQYV6,4.690476190476191,42
B0076L9BHE,4.095238095238095,42
B000FQVQWK,4.5476190476190474,42
B006J5V6ZI,4.714285714285714,42
B0043W2C48,4.285714285714286,42
B00AY90J1C,4.357142857142857,42
B000IO8JYM,4.095238095238095,42
B005F1ILHS,4.642857142857143,42
B005JRGIDC,4.666666666666667,42
B003IK9SLQ,4.261904761904762,42
B0009OAHVY,4.0476190476190474,42
B0045WFN56,4.023809523809524,42
B000V1ZGR0,4.4523809523809526,42
B00170QJFC,4.809523809523809,42
B0058X0JIM,4.238095238095238,42
B003ZX0QD0,4.619047619047619,42
B0056VE108,4.380952380952381,42
B00541OSRQ,4.166666666666667,42
B004ZWGXS2,4.357142857142857,42
B00076HTP6,4.4523809523809526,42
B000P279N4,4.523809523809524,42
B0018QE21I,4.634146341463414,41
B0007YJAAK,4.121951219512195,41
B001ET7LGC,4.585365853658536,41
B00AELX08E,4.317073170731708,41
B000FU0U5U,4.7560975609756095,41
B004PKAMTU,4.7317073170731705,41
B00B8ME5IC,4.609756097560975,41
B000VOJHE0,4.439024390243903,41
B004PCRUJS,4.7317073170731705,41
B00020E1P8,4.7560975609756095,41
B000SF2Y7Y,4.7560975609756095,41
B000C2365C,4.585365853658536,41
B0049RBZRC,4.560975609756097,41
B007E2K41W,4.146341463414634,41
B00892ZLM8,4.634146341463414,41
B007H9NO82,4.634146341463414,41
B003Z4UKGM,4.634146341463414,41
B00022WA8Q,4.219512195121951,41
B000IJOHX4,4.146341463414634,41
B00080L00Q,4.512195121951219,41
B005KW8K00,4.219512195121951,41
B0017QDKDA,4.048780487804878,41
B005JLLG8U,4.609756097560975,41
B009KEVSS0,4.634146341463414,41
B001EZ38CC,4.7073170731707314,41
B004ROW0QM,4.0,41
B0020MMMCK,4.609756097560975,41
B00ACMHJY6,4.390243902439025,41
B00B9ZQ6TE,4.463414634146342,41
B0018N0E4K,4.170731707317073,41
B00CIUZ3BQ,4.560975609756097,41
B00HQ214U0,4.2682926829268295,41
B003E1AQGA,4.317073170731708,41
B001EWF29M,4.2682926829268295,41
B00DGGG1IU,4.317073170731708,41
B002W9D1Z8,4.2439024390243905,41
B002N5MI5U,4.0,41
B001F0RBRE,5.0,41
B001FYXAKW,4.195121951219512,41
B009HZ6ZT4,4.487804878048781,41
B003EODUSI,4.097560975609756,41
B000WZR44S,4.585365853658536,41
B000N2LV3K,4.560975609756097,41
B00186X7SM,4.439024390243903,41
B0084A5N0A,4.609756097560975,41
B001FWXHHU,4.439024390243903,41
B000G309E8,4.365853658536586,41
B004HGOF4K,4.2926829268292686,41
B005Z49PQG,4.219512195121951,41
B003RS8ZYU,4.146341463414634,41
B001A3S9AY,4.658536585365853,41
B001A3W8QA,4.146341463414634,41
B000NJG8B8,4.317073170731708,41
B006C6BKEG,4.682926829268292,41
B00579WLU6,4.512195121951219,41
B001ECQ3YU,4.780487804878049,41
B003X3UBPU,4.780487804878049,41
B003H60F3G,4.170731707317073,41
B004Y4HX58,4.365853658536586,41
B000PKUZ5U,4.146341463414634,41
B00607B6VO,4.390243902439025,41
B0016M52EU,4.146341463414634,41
B0036IV7MS,4.390243902439025,41
B009CA7T4O,4.658536585365853,41
B002BQP3GC,4.170731707317073,41
B004CNH5FY,4.536585365853658,41
B002KPWZPG,4.609756097560975,41
B001MURXP2,4.048780487804878,41
B0098TKSLU,4.780487804878049,41
B002XQ1SXW,4.414634146341464,41
B003H83U36,4.073170731707317,41
B001ECQ4TY,4.658536585365853,41
B00GGR7YGO,4.682926829268292,41
9746427962,4.609756097560975,41
B0054S8NRU,4.780487804878049,41
B003U23R8M,4.317073170731708,41
B000W3OD3A,4.2682926829268295,41
B001EJOPZC,4.487804878048781,41
B004Z215XA,4.097560975609756,41
B00BS9X5CW,4.634146341463414,41
B001CYRV64,4.512195121951219,41
B00ATDTYS2,4.317073170731708,41
B004669J24,4.097560975609756,41
B008ZIFQGC,4.365853658536586,41
B000ME1GUC,4.512195121951219,41
B0046753EG,4.317073170731708,41
B0006PLOX6,4.512195121951219,41
B000EGK528,4.121951219512195,41
B000OR778C,4.146341463414634,41
B002B8DR6I,4.7073170731707314,41
B00ARX8SF4,4.487804878048781,41
B008STA7IK,4.097560975609756,41
B0041W52TM,4.121951219512195,41
B005EM8FSI,4.439024390243903,41
B002RS6L10,4.195121951219512,41
B004L80CTQ,4.170731707317073,41
B00BQU2ZG0,4.2682926829268295,41
B0038JKYAQ,4.146341463414634,41
B003V57LRQ,4.414634146341464,41
B00G7S424O,4.829268292682927,41
B003GRD5ZG,4.804878048780488,41
B002CLXS5Y,4.2926829268292686,41
B002Z13TL4,4.463414634146342,41
B001LTVF7G,4.439024390243903,41
B002RY14LQ,4.487804878048781,41
B004JWR9PO,4.121951219512195,41
B0063VIQDI,4.634146341463414,41
B0046VDR8Q,4.414634146341464,41
B0060ALFW6,4.170731707317073,41
B001LQJBUW,4.170731707317073,41
B001619Z8A,4.146341463414634,41
B001LNOEWK,4.853658536585366,41
B001ARBGYG,4.390243902439025,41
B0064EJ44O,4.2926829268292686,41
B002D48QWA,4.341463414634147,41
B000GAXILM,4.390243902439025,41
B001U1Z1FM,4.341463414634147,41
B00BEUB15S,4.2682926829268295,41
B000C1W39S,4.195121951219512,41
B002DMK0KI,4.414634146341464,41
B004DH1BQI,4.609756097560975,41
B008PQ5YC0,4.414634146341464,41
B000MS073K,4.560975609756097,41
B000N8EWXA,4.780487804878049,41
B008RZ6KB8,4.073170731707317,41
B005804WG0,4.439024390243903,41
B000GCMXWK,4.7073170731707314,41
B004I27M48,4.2926829268292686,41
B001AZIY6Q,4.414634146341464,41
B002SZ30K2,4.585365853658536,41
B003FP86SK,4.365853658536586,41
B00KTLBEEQ,4.439024390243903,41
B0090Q3GBU,4.2439024390243905,41
B001T8W7QM,4.585365853658536,41
B0012ZSP40,4.682926829268292,41
B000NYIJTM,4.2439024390243905,41
B000C1ZFHA,4.317073170731708,41
B001ET76QC,4.804878048780488,41
B00GNA9WG4,4.341463414634147,41
B000142AZ8,4.195121951219512,41
B009653PQ6,4.2439024390243905,41
B00GNA9KKM,4.585365853658536,41
B004TSM71Y,4.048780487804878,41
B0017JOEVY,4.609756097560975,41
B000C213WA,4.487804878048781,41
B001CL88QO,4.390243902439025,41
B000E99ZCQ,4.7317073170731705,41
B004510MT4,4.097560975609756,41
B004EBSHEC,4.634146341463414,41
B009F8WETS,4.609756097560975,41
B00GGHTG7E,4.317073170731708,41
B000B91LLW,4.365853658536586,41
B00504TYLM,4.146341463414634,41
B001I90NL8,4.658536585365853,41
B002LAS68K,4.146341463414634,41
B00006IGL8,4.121951219512195,41
B0041KLRYS,4.414634146341464,41
B000B9W3CI,4.634146341463414,41
B00196Z98C,4.024390243902439,41
B007K3D1BK,4.2926829268292686,41
B000C214OW,4.317073170731708,41
B000UR5MG0,4.0,41
B006O8DKJK,4.2439024390243905,41
B00CIYD7WY,4.2439024390243905,41
B0051OKLUO,4.2439024390243905,41
B00H2QJ1Z0,4.609756097560975,41
B00AWPOE1E,4.317073170731708,41
B000E7SRYA,4.2439024390243905,41
B0051UPN7E,4.609756097560975,41
B000TAV7VM,4.365853658536586,41
B006PKVNB4,4.414634146341464,41
B00203KP8C,4.658536585365853,41
B0052457X4,4.219512195121951,41
B004FO6U2Y,4.146341463414634,41
B0017JVI1S,4.634146341463414,41
B004N8H2H4,4.487804878048781,41
B006L5BPCU,4.512195121951219,41
B004BUY5RY,4.073170731707317,41
B004ZMTK1Y,4.097560975609756,41
B004MBJKRC,4.951219512195122,41
B000YB20YY,4.682926829268292,41
B004UHRTVW,4.024390243902439,41
B007M81A8O,4.097560975609756,41
B007M81AAC,4.2682926829268295,41
B001797W40,4.2439024390243905,41
B006HWGSEM,4.2439024390243905,41
B000PHZ8W8,4.7073170731707314,41
B004UDTV58,4.853658536585366,41
B001CT097C,4.317073170731708,41
B00384UOZG,4.365853658536586,41
B001MBLAKA,4.45,40
B004Z1V0LS,4.55,40
B002HM3EM0,4.15,40
B0014DYEAE,4.6,40
B00EZ80KIU,4.425,40
B000M4Q2SS,4.75,40
B006L7SF4O,4.225,40
B000BK1P9E,4.675,40
B006L677XU,4.075,40
B00CGQECJ6,4.375,40
B004GV8HA4,4.225,40
B002FJW4F8,4.5,40
B004AQKY2Y,4.9,40
B002RTXF40,4.15,40
B000056W5Y,4.125,40
B00AP1BTZE,4.55,40
B008AWX246,4.375,40
B002G5BSE4,4.175,40
B000BIUGU0,4.25,40
B002IOTG9M,4.25,40
B000B5H5IY,4.575,40
B00161DDLU,4.075,40
B001E5D0L6,4.6,40
B004GJVJC4,4.15,40
B00C8FVXQA,4.45,40
B000BIVY3I,4.05,40
B004GK2BUM,4.075,40
B000142PUS,4.0,40
B0067H6MC0,4.0,40
B000VXUUR4,4.325,40
B000V321BM,4.325,40
B001PTFXAM,4.175,40
B009IR6SA2,4.55,40
B002PE9I7U,4.325,40
B007XKCEBI,4.6,40
B001OAHF5I,4.825,40
B002LMJO5M,4.35,40
B004XJRVHY,4.675,40
B007BNDOHA,4.725,40
B003CGYUH8,4.075,40
B006R7E6KA,4.45,40
B00J9SUTWS,4.925,40
B0011DUE9C,4.4,40
B002RS6KU2,4.2,40
B006BL75SW,4.625,40
B000141Q44,4.425,40
B0053T4HI4,4.7,40
B0018921BS,4.125,40
B00011JI88,4.375,40
B006C59UHQ,4.725,40
B0030DK7E8,4.775,40
B0013TTSW8,4.3,40
B000056I89,4.175,40
B0015KO3LQ,4.225,40
B00092M33G,4.025,40
B004ZWH39A,4.425,40
B000Y8X0LE,4.0,40
B004ZV9DT4,4.3,40
B001RAULDI,4.525,40
B0006B0W0G,4.325,40
B002H9L62I,4.5,40
B000MAQWA0,4.0,40
B0044FP2R8,4.15,40
B004XNEH9U,4.075,40
B001U0OQNG,4.2,40
B002F57VL4,4.525,40
B00GMWMMOW,4.225,40
B000M4AAWW,4.4,40
B00BUSYXJU,4.1,40
B003USGPL2,4.35,40
B003E8CJWM,4.75,40
B003IX3CEM,4.325,40
B004G55L86,4.575,40
B001BHUFTW,4.725,40
B0015SBOLU,4.025,40
B003HCZCB0,4.325,40
B000O5WGHG,4.375,40
B001DJ2V0E,4.05,40
B00GN5L14A,4.2,40
B001R654TS,4.15,40
B000BTUL9A,4.125,40
B000VHWV6S,4.375,40
B002F58Q9A,4.65,40
B0032H2F4C,4.25,40
B00FKCV96M,4.6,40
B008YFY9TQ,4.675,40
B005ETAVU6,4.5,40
B002NZJ6GO,4.475,40
B0012RUJDS,4.2,40
B001ET78CE,4.575,40
B000E7WH6Y,4.55,40
B002B4LUF2,4.3,40
B007N16KOY,4.45,40
B001ET775C,4.625,40
B002B8NZ38,4.7,40
B0073G9RZS,4.425,40
B001V9LUWQ,4.45,40
B005OU2Y1E,4.375,40
B004OES6X6,4.0,40
B003X3ZLXW,4.6,40
B00J44VWDC,4.95,40
B0001EKYQA,4.4,40
B000OQBLIK,4.45,40
B000SX0Z9K,4.375,40
B0009OAGNS,4.65,40
B001UQM73G,4.45,40
B0009OAGOC,4.3,40
B0000531WM,4.225,40
B0041SETV8,4.275,40
B002PBACLY,4.125,40
B0009MSHR2,4.075,40
B001EWF3F0,4.25,40
B001ES8GGC,4.7,40
B001GIOV1Y,4.025,40
B004UKT228,4.025,40
B005IHM9FE,4.45,40
B0017D818W,4.0,40
B004BV7CHI,4.775,40
B008BREPKA,4.3,40
B001EWF38C,4.475,40
B000C212OY,4.575,40
B001I90NM2,4.725,40
B00BCYHUUG,4.1,40
B000H3I0JS,4.75,40
B000C212QW,4.075,40
B00DSYFYRE,4.7,40
B000052Y25,4.125,40
B002TLT2TS,4.45,40
B000NNKAFE,4.325,40
B00406ZIBQ,4.0,40
B000052YQU,4.5,40
B004LWAJB8,4.175,40
B002XITZ6W,4.425,40
B00AKHWTK2,4.3,40
B002XITY4U,4.575,40
B001V9LV20,4.375,40
B0006Q232Q,4.525,40
B000GJ01MM,4.6,40
B003NV70GU,4.475,40
B00A3WPK0U,4.375,40
B003YBP0XY,4.5,40
B000NKHNI4,4.65,40
B0049WBWH0,4.525,40
B0048O358S,4.55,40
B004W1SJDI,4.6,40
B000E4AR8C,4.2,40
B001ET7HGG,4.675,40
B000EMDKT2,4.625,40
B00BEGEQKE,4.725,40
B000MQRZBE,4.075,40
B005QAGXGE,4.2,40
B003E0YX5Q,4.775,40
B009AUSJUO,4.875,40
B004D282AQ,4.325,40
B00B1O8AYC,4.1,40
B002Y2HDQG,4.0,40
B008HBMW78,4.05,40
B008HBMRIC,4.325,40
B000EPNE54,4.775,40
B003ZYKUYY,4.5,40
B004NOHA6G,4.1,40
B000Z8YX78,4.25,40
B000C231WK,4.275,40
B004JSGF4O,4.325,40
B0022TV7N6,4.2,40
B002SMXEFG,4.425,40
B000VT3QPQ,4.5,40
B000C2365M,4.175,40
B000C1W6P4,4.175,40
B0012F4OPO,4.525,40
B000GI0TSE,4.3,40
B000TAVK8W,4.025,40
B0007CXWXI,4.45,40
B002T5ARRU,4.85,40
B001E96PIC,4.625,40
B0049U660K,4.325,40
B004KRYVZ4,4.2,40
B0020JESMU,4.475,40
B0006NYCT6,4.95,40
B003JTEAJQ,4.5,40
B000225ZL0,4.275,40
B001W49XZQ,4.461538461538462,39
B0052FZORC,4.153846153846154,39
B001I6NZ0W,4.282051282051282,39
B0009I4MGQ,4.205128205128205,39
B005HIH97C,4.461538461538462,39
B000PHVNE0,4.0256410256410255,39
B0014X8WAM,4.538461538461538,39
B001I90NNQ,4.358974358974359,39
B0017DGOE0,4.641025641025641,39
B002LYVSCM,4.230769230769231,39
B007WIHC7C,4.102564102564102,39
B00FRDPNM0,4.3076923076923075,39
B00C0CVAY6,4.410256410256411,39
B0026IJ1IG,4.461538461538462,39
B000VWP156,4.205128205128205,39
B001HG0QA0,4.512820512820513,39
B0020KG4VC,4.615384615384615,39
B0050PRDPA,4.564102564102564,39
B00362LGJ8,4.717948717948718,39
B000J3Z72O,4.717948717948718,39
B0094GGRTY,4.051282051282051,39
B00EABZTBU,4.794871794871795,39
B004TXJ9W4,4.128205128205129,39
B00B9FU21M,4.153846153846154,39
B000NRV00Y,4.384615384615385,39
B0009OAI4A,4.512820512820513,39
B000VY2ZAI,4.410256410256411,39
B0000537SD,4.17948717948718,39
B00AHH00R4,4.538461538461538,39
B002UJLJEA,4.512820512820513,39
B000WMHKD6,4.128205128205129,39
B00AX9Y1FS,4.871794871794871,39
B003EUSRNA,4.076923076923077,39
B0012F0I7C,4.512820512820513,39
B000PHP864,4.153846153846154,39
B0017QA4EI,4.410256410256411,39
B00164RON0,4.769230769230769,39
B000N2JXKS,4.512820512820513,39
B005J5TO0S,4.589743589743589,39
B007SPPLO0,4.282051282051282,39
B0098SP1DG,4.282051282051282,39
B000G32C70,4.538461538461538,39
B000C1Z2Z0,4.6923076923076925,39
B000C1Z3CW,4.461538461538462,39
B000R2YFZW,4.102564102564102,39
B001T8HZAA,4.076923076923077,39
B002M6IZ48,4.3076923076923075,39
B0009953KE,4.461538461538462,39
B00852F7YY,4.615384615384615,39
B00ED3EKZ6,4.230769230769231,39
B0084ETOFG,4.487179487179487,39
B000C211TK,4.205128205128205,39
B009A0VGKY,4.333333333333333,39
B003GDDGQI,4.3076923076923075,39
B000C1UFCA,4.589743589743589,39
B00375L8JC,4.461538461538462,39
B009AVFFWI,4.0256410256410255,39
B007ROD3O2,4.435897435897436,39
B0015Z5BU8,4.0,39
B00133S5KA,4.743589743589744,39
B000C1W2KS,4.743589743589744,39
B000RGGOCU,4.564102564102564,39
B000GCIBLW,4.153846153846154,39
B000GHYWTM,4.333333333333333,39
B00EEQCNQ0,4.076923076923077,39
B0058PKPNE,4.282051282051282,39
B001KYRWP6,4.102564102564102,39
B001G25WR2,4.435897435897436,39
B000JGKG2M,4.282051282051282,39
B0015IW3PG,4.717948717948718,39
B002Q7Q11W,4.769230769230769,39
B0009R34CK,4.3076923076923075,39
B00013Z15A,4.282051282051282,39
B00GUNRJDW,4.076923076923077,39
B000C1ZFAW,4.256410256410256,39
B000KM1PVG,4.717948717948718,39
B002UQN4AU,4.102564102564102,39
B007YT34YE,4.256410256410256,39
B0017QNP1W,4.076923076923077,39
B0054EU4Z8,4.384615384615385,39
B001IIM5TC,4.641025641025641,39
B001GF95JK,4.256410256410256,39
B0020MMDF6,4.410256410256411,39
B0017BD4RC,4.615384615384615,39
B001JL40V4,4.153846153846154,39
B000KQ746W,4.256410256410256,39
B00384YBE6,4.153846153846154,39
B000QX7YCI,4.589743589743589,39
B0001EL9DC,4.0256410256410255,39
B0011NR3EQ,4.384615384615385,39
B001NFX2QK,4.3076923076923075,39
B001STSCKM,4.615384615384615,39
B005EZ0AQK,4.538461538461538,39
B0041TBQUO,4.487179487179487,39
B001V6SN5G,4.076923076923077,39
B001SPP5JW,4.512820512820513,39
B002RS6KFW,4.564102564102564,39
B00803FTBO,4.410256410256411,39
B000ILKUT2,4.538461538461538,39
B0012RUJCY,4.717948717948718,39
B000VQEUK4,4.0256410256410255,39
B001S9YJ1S,4.743589743589744,39
B000JFFTDE,4.3076923076923075,39
B003TPA9XG,4.076923076923077,39
B002LHKS0C,4.769230769230769,39
B008KPGC9U,4.461538461538462,39
B006QV3IQA,4.256410256410256,39
B005RFD1N6,4.615384615384615,39
B002ZNJI5S,4.589743589743589,39
B003QU8WWY,4.333333333333333,39
B005VTTG0U,4.333333333333333,39
B002BW3LT2,4.384615384615385,39
B0019LV2QU,4.282051282051282,39
B00303YYTW,4.128205128205129,39
B008J54PQ8,4.666666666666667,39
B000O902LY,4.589743589743589,39
B00BISIMYO,4.846153846153846,39
B001AVNE9C,4.128205128205129,39
B006QFKL02,4.153846153846154,39
B005XOWZII,4.256410256410256,39
B002Z635Z4,4.512820512820513,39
B0002Z1JK8,4.153846153846154,39
B0002FCD5I,4.410256410256411,39
B0039UT9PU,4.3076923076923075,39
B001D06VSG,4.769230769230769,39
B0026UIFUE,4.538461538461538,39
B006VX3RW8,4.205128205128205,39
B003DDI8CI,4.0,39
B000P22UU6,4.384615384615385,39
B000NSS0FG,4.0,39
B002C5KVL4,4.17948717948718,39
B000UUH6NY,4.384615384615385,39
B003TZAWB0,4.333333333333333,39
B001DRIFWE,4.538461538461538,39
B000I4YTDW,4.589743589743589,39
B00BBD508C,4.717948717948718,39
B000DIN3D0,4.435897435897436,39
B00BLW4430,4.666666666666667,39
B003AOPM3I,4.333333333333333,39
B00HFG0FAM,4.282051282051282,39
B00347QARS,4.17948717948718,39
B00BC0KXCW,4.102564102564102,39
B003TUYLAS,4.743589743589744,39
B003ART1J6,4.384615384615385,39
B001FB5IKK,4.615384615384615,39
B00021VLLE,4.641025641025641,39
B000ZV3VJ6,4.641025641025641,39
B0061YSLKA,4.0,39
B004LPXPT8,4.3076923076923075,39
B00HP49992,4.0256410256410255,39
B00EYZY5TY,4.205128205128205,39
B000US2564,4.282051282051282,39
B006NKJSNQ,4.6923076923076925,39
B001ANOOOE,4.102564102564102,39
B002LITTAG,4.666666666666667,39
B001BQXTQO,4.128205128205129,39
B000K6MPPM,4.3076923076923075,39
B00GSKNOK4,4.358974358974359,39
B001BPRXK8,4.461538461538462,39
B001E724VG,4.538461538461538,39
B0002E4WOO,4.538461538461538,39
B00CK2IA3K,4.641025641025641,39
B0007CXXDC,4.076923076923077,39
B001E5EAO2,4.128205128205129,39
B000VF5WVG,4.205128205128205,39
B008QWDHBS,4.871794871794871,39
B001DJ9H7Y,4.0256410256410255,39
B00BLF99H8,4.512820512820513,39
B000FELJ7Y,4.358974358974359,39
B004JIDUWE,4.615384615384615,39
B008L2UOWS,4.794871794871795,39
B000XFFW64,4.333333333333333,39
B004D6IY6Y,4.410256410256411,39
B000E7YKI2,4.666666666666667,39
B005NOPAAS,4.589743589743589,39
B006EPN8RC,4.205128205128205,39
B0007CXWUG,4.410256410256411,39
B008BUXW3S,4.358974358974359,39
B00658HCPM,4.410256410256411,39
B0064F4CXG,4.333333333333333,39
B001DCL4XQ,4.769230769230769,39
B004IRXSGE,4.82051282051282,39
B004O6184I,4.589743589743589,39
B0062W4T98,4.3076923076923075,39
B000E7YJYC,4.615384615384615,39
B003ONLAXQ,4.564102564102564,39
B0019X5N54,4.256410256410256,39
B004D281V6,4.153846153846154,39
B00CBK4FC6,4.743589743589744,39
B00BC9QI1S,4.0256410256410255,39
B00F8GVIWK,4.564102564102564,39
B006QC740A,4.641025641025641,39
B000E7WGDS,4.461538461538462,39
B000W66146,4.7368421052631575,38
B000UDC21C,4.815789473684211,38
B000MSFRVM,4.7894736842105265,38
B008X3PDOE,4.631578947368421,38
B003ZYM8CQ,4.868421052631579,38
B006E5A3PW,4.2631578947368425,38
B000C230TO,4.2631578947368425,38
B004HOB5IQ,4.2105263157894735,38
B0084BPHRI,4.552631578947368,38
B000AQI2EK,4.2105263157894735,38
B002BDW2NW,4.2105263157894735,38
B002VA4FUS,4.421052631578948,38
B000EVQMN4,4.526315789473684,38
B005Z1W4SK,4.052631578947368,38
B0020MM6Q2,4.315789473684211,38
B00DWKRHNS,4.131578947368421,38
B005EII104,4.578947368421052,38
B00H0CVFGO,4.973684210526316,38
B0034E4YEC,4.526315789473684,38
B0007CXY2C,4.631578947368421,38
B001G7HMEI,4.184210526315789,38
B000YT4TYK,4.657894736842105,38
B0002JBF1W,4.526315789473684,38
B00D42KZRO,4.7368421052631575,38
B0001EKUQ4,4.7894736842105265,38
B004L5L4FU,4.868421052631579,38
B000QYZSFM,4.052631578947368,38
B004NMVP82,4.078947368421052,38
B0041FXETY,4.684210526315789,38
B0070CPUME,4.2894736842105265,38
B00B187C6A,4.526315789473684,38
B001AH8PZY,4.342105263157895,38
B001ARSVTY,4.157894736842105,38
B00135G668,4.7105263157894735,38
B007ROD1GW,4.026315789473684,38
B002UN9F5G,4.157894736842105,38
B002Z3NMCI,4.105263157894737,38
B0028FXRMS,4.078947368421052,38
B007ROL0Y2,4.578947368421052,38
B0079M7VN6,4.315789473684211,38
B002LHOJNE,4.157894736842105,38
B008GFVOOM,4.684210526315789,38
B0028C6UO8,4.2368421052631575,38
B0013556LO,4.394736842105263,38
B002DMK0KS,4.157894736842105,38
B00112BW5I,4.578947368421052,38
B001362KHQ,4.7105263157894735,38
B002JUVH56,4.2631578947368425,38
B0013FFX7Q,4.2631578947368425,38
B000A3ZMPA,4.315789473684211,38
B00C0HF1J6,4.157894736842105,38
B001GF7W0Y,4.394736842105263,38
B001EWF3KU,4.2894736842105265,38
B00880WKPC,4.052631578947368,38
B0009F3RY2,4.2105263157894735,38
B0013A1DMU,4.684210526315789,38
B00CH7JAS2,4.605263157894737,38
B0082CWU9C,4.2368421052631575,38
B003YJ8L78,4.684210526315789,38
B007HKZNXK,4.026315789473684,38
B0063JFZRK,4.473684210526316,38
B0063IHXQC,4.0,38
B00GWF4AS0,4.815789473684211,38
B002SR8XSO,4.315789473684211,38
B003UVLO7E,4.605263157894737,38
B0021MFJ38,4.0,38
B0038TP7OE,4.315789473684211,38
B001UHMWBM,4.526315789473684,38
B0071S7EWQ,4.684210526315789,38
B003USJW3A,4.605263157894737,38
B008RUTQ3C,4.026315789473684,38
B008B9K8JA,4.7105263157894735,38
B0009ION0G,4.184210526315789,38
B0013NB6II,4.105263157894737,38
B009ZA0F1U,4.026315789473684,38
B000TSZ1KW,4.026315789473684,38
B0015TI57A,4.631578947368421,38
B008K262A2,4.2894736842105265,38
B0007CXYEU,4.2631578947368425,38
B0012ZTW2E,4.7894736842105265,38
B00HDZ77Y2,4.342105263157895,38
B0062JUMUG,4.184210526315789,38
B002DNAQHO,4.342105263157895,38
B006W6Y64M,4.052631578947368,38
B000NT2EE8,4.315789473684211,38
B001E8WMEY,4.052631578947368,38
B00474JA2Y,4.947368421052632,38
B004I33M00,4.2631578947368425,38
B000V1EM34,4.368421052631579,38
B000OCI99S,4.2105263157894735,38
B009ZQZ1YA,4.421052631578948,38
B001BHOQRO,4.2894736842105265,38
B001CL9XHW,4.473684210526316,38
B000O3UC0Q,4.342105263157895,38
B005FKTDLW,4.157894736842105,38
B001BKKXZU,4.5,38
B000Q6D0AA,4.657894736842105,38
B00014DSE0,4.078947368421052,38
B00188150C,4.2894736842105265,38
B001R5UJQM,4.5,38
B0012NA81A,4.7368421052631575,38
B003F26DCO,4.5,38
B000COJHNU,4.2368421052631575,38
B001CJJ5MM,4.342105263157895,38
B003BQ5B0E,4.605263157894737,38
B004M81IL6,4.2368421052631575,38
B0037ZM5OY,4.2105263157894735,38
B001FSK70Y,4.026315789473684,38
B002F17ZXW,4.342105263157895,38
B004ZZXPEY,4.2894736842105265,38
B001JHZ6W0,4.394736842105263,38
B002GYQ0FW,4.552631578947368,38
B00E19S2II,4.578947368421052,38
B004EBPBGE,4.421052631578948,38
B0002Z8P8W,4.631578947368421,38
B004R63JPQ,4.578947368421052,38
B005SV1R1W,4.605263157894737,38
B008MAPGEK,4.184210526315789,38
B00A6VQDLI,4.552631578947368,38
B003OSHWEM,4.2368421052631575,38
B00IM7O15S,4.578947368421052,38
B000052YE1,4.368421052631579,38
B001HFCA3C,4.078947368421052,38
B0026TOCK2,4.7631578947368425,38
B001FB5TPE,4.631578947368421,38
B0018DE7VQ,4.7105263157894735,38
B007CMT6TA,4.394736842105263,38
B002XGMHXW,4.394736842105263,38
B009ESL1SY,4.815789473684211,38
B000BFTAMS,4.578947368421052,38
B003OGQYC0,4.0,38
B003ABIDAA,4.5,38
B000142ZFS,4.315789473684211,38
B001BR4J8K,4.5,38
B0010XE0ZW,4.605263157894737,38
B00CC5AF6A,4.657894736842105,38
B000O2OWFS,4.5,38
B000FLPHL6,4.5,38
B003T2V3FW,4.342105263157895,38
B002HU6HVM,4.578947368421052,38
B004FEBHWC,4.473684210526316,38
B000VCN6KI,4.131578947368421,38
B002HQP48I,4.5,38
B0008GIZKS,4.578947368421052,38
B005FQRSOK,4.657894736842105,38
B00340UTWC,4.2368421052631575,38
B0034RLFGE,4.052631578947368,38
B000KQD470,4.2894736842105265,38
B0014X3J64,4.5,38
B00C3DKQD8,4.157894736842105,38
B0050ZIF9S,4.578947368421052,38
B004BYUQAU,4.394736842105263,38
B00362Y8MA,4.2631578947368425,38
B00524U4J6,4.157894736842105,38
B004BYOE58,4.5,38
B00ESZVK8E,4.868421052631579,38
B0001MKV2Y,4.578947368421052,38
B004AI5756,5.0,38
B009MIYE94,4.0,38
B0034ZYVXU,4.7105263157894735,38
B0095PLXU2,4.105263157894737,38
B000CNMM2O,4.7105263157894735,38
B000CQWFEQ,4.657894736842105,38
B0046NPGZQ,4.368421052631579,38
B0006PLPE4,4.2631578947368425,38
B00CNTUFFG,4.473684210526316,38
B00HZSF744,4.5,38
B004US07YC,4.157894736842105,38
B007ZSQ5HM,4.2105263157894735,38
B0002JISX0,4.657894736842105,38
B001ET7EAU,4.2105263157894735,38
B00AZBWA5W,4.473684210526316,38
B000NVVDWA,4.184210526315789,38
B00466VJ04,5.0,38
B000LMIJLE,4.2631578947368425,38
B005SJAGIE,4.105263157894737,38
B00GVB39BO,4.842105263157895,38
B00062ADA4,4.2631578947368425,38
B0054Y3T46,4.5,38
B00183OMWK,4.342105263157895,38
B00390FH5G,4.131578947368421,38
B002TASNMQ,4.605263157894737,38
B00170U4O4,4.2894736842105265,38
B00IU079YM,4.947368421052632,38
B001FB5TNQ,4.657894736842105,38
B006GQTZ8A,4.5,38
B00BJ0QHFW,4.2894736842105265,38
B005EZLB5O,4.026315789473684,38
B00DTQ0AYS,4.631578947368421,38
B000NVSVMK,4.131578947368421,38
B009NPOXVK,4.342105263157895,38
B001ECQ5DO,4.473684210526316,38
B004PKLY5Q,4.526315789473684,38
B000PJ2R0C,4.2368421052631575,38
B000GEY2Q8,4.131578947368421,38
B000X86BU2,4.315789473684211,38
B001NU2L8U,4.7894736842105265,38
B0012RUK96,4.2368421052631575,38
B000F6UJ32,4.184210526315789,38
B000VPG39Q,4.7105263157894735,38
B00C4O1LQW,4.351351351351352,37
B005V247N8,5.0,37
B00170BJDY,4.648648648648648,37
B000262NSY,4.324324324324325,37
B000TKH6CQ,4.216216216216216,37
B004BYR12Q,4.486486486486487,37
B000IVCH5C,4.864864864864865,37
B000MUZA1W,4.378378378378378,37
B000LEHMUQ,4.297297297297297,37
B005P0WVKC,4.405405405405405,37
B0009PHGBM,4.378378378378378,37
B000C1Z5UC,4.5675675675675675,37
B004O2PQK4,4.351351351351352,37
B009ARXD7Q,4.27027027027027,37
B002P9O45Q,4.162162162162162,37
B008H5GGGM,4.675675675675675,37
B005UC1V24,4.216216216216216,37
B005Z17Q8S,4.4324324324324325,37
B000PIXLB2,4.027027027027027,37
B004K4MV4A,4.378378378378378,37
B000MUV9NU,4.216216216216216,37
B000V56MB0,4.351351351351352,37
B0041X9HQK,4.513513513513513,37
B0013925KA,4.027027027027027,37
B000RBMHWG,4.513513513513513,37
B0010BM8P8,4.378378378378378,37
B0002DNZAC,4.162162162162162,37
B004NH2Y6Y,4.675675675675675,37
B004W3OR14,4.648648648648648,37
B001V9LV6G,4.405405405405405,37
B005DRXW9G,4.243243243243243,37
B0084FIET2,4.4324324324324325,37
B003A86J18,4.783783783783784,37
B003DAXHW2,4.324324324324325,37
B007MS4XOW,4.72972972972973,37
B00H8YF1VE,4.675675675675675,37
B005HIKMB2,4.216216216216216,37
B0001ZWP6Q,4.702702702702703,37
B003JT4F3C,4.405405405405405,37
B00BD7EBVS,4.0,37
B003WYB1BI,4.648648648648648,37
B00028MNTG,4.1891891891891895,37
B001JJBE2E,4.45945945945946,37
B000NWBQ6M,4.324324324324325,37
B002XITX8C,4.5675675675675675,37
B001E96MUI,4.513513513513513,37
B000OLCM4W,4.405405405405405,37
B001ELZI60,4.783783783783784,37
B008THEY7G,4.675675675675675,37
B003POG822,4.918918918918919,37
B000EMDK6K,4.108108108108108,37
B0019SWVBI,4.378378378378378,37
B004VT1RYE,4.351351351351352,37
B000EBIDJA,4.621621621621622,37
B008SYWGW0,4.351351351351352,37
B000OP3DIM,4.081081081081081,37
B00005T83D,4.4324324324324325,37
B000MPFKZ8,4.594594594594595,37
B004KTCU0K,4.486486486486487,37
B00A8DHDQ8,4.135135135135135,37
B00EIRG5IW,4.027027027027027,37
B003KNQ8OQ,4.4324324324324325,37
B00BD3P5YY,4.324324324324325,37
B003KLRN5G,4.45945945945946,37
B000NKHICK,4.621621621621622,37
B00ENYB3IW,4.4324324324324325,37
B00770YJ3A,4.675675675675675,37
B004SU8ELA,4.594594594594595,37
B004885USW,4.135135135135135,37
B000NN5HFW,4.405405405405405,37
B000WMIOJK,4.486486486486487,37
B000NUOJOK,4.5675675675675675,37
B000052XYQ,4.378378378378378,37
B00390RRX6,4.27027027027027,37
B0039BGHX6,4.135135135135135,37
B004W2OQNY,4.351351351351352,37
B0001UWRCI,4.675675675675675,37
B00AJXYP22,4.45945945945946,37
B0071888CG,4.486486486486487,37
B001KYW2LA,4.243243243243243,37
B003VHYRCQ,4.297297297297297,37
B0069HXKNM,4.135135135135135,37
B006E4OTTO,4.5675675675675675,37
B002RS6KRK,4.0,37
B0013Y53C2,4.837837837837838,37
B0011Z1VD8,4.621621621621622,37
B005659H3U,4.513513513513513,37
B007TFKDBK,4.45945945945946,37
B001F6VDGI,4.27027027027027,37
B00IXVY8HO,4.972972972972973,37
B00803CEQW,4.45945945945946,37
B004A7VG70,4.216216216216216,37
B000YGDRIW,4.72972972972973,37
B002RS6JTE,4.297297297297297,37
B007ZOG42C,4.4324324324324325,37
B0018NGHJQ,4.621621621621622,37
B00062A0JI,4.216216216216216,37
B001O4EOSU,4.783783783783784,37
B004YZ9GOS,4.1891891891891895,37
B003IQNLAY,4.054054054054054,37
B003ZW2M5Q,4.72972972972973,37
B0002J9Y9W,4.243243243243243,37
B001B2RVXA,4.135135135135135,37
B00CWTYFVW,4.405405405405405,37
B000YZ4N6S,4.756756756756757,37
B007SIF4BC,4.027027027027027,37
B0017UEKM6,4.243243243243243,37
B00117O6WO,4.351351351351352,37
B009ZBMVHU,4.513513513513513,37
B0018QE47U,4.135135135135135,37
B003AYTXGA,4.702702702702703,37
B003AYYUKY,4.5675675675675675,37
B0057N3TPS,4.324324324324325,37
B002PNITDU,4.648648648648648,37
B001MXM1OM,4.351351351351352,37
B008KJMIOE,4.27027027027027,37
B008AZBNAS,4.216216216216216,37
B004HJI066,4.378378378378378,37
B000AMBF5W,4.513513513513513,37
B0013RUJXM,4.162162162162162,37
B000HEKO4G,4.702702702702703,37
B007AS62J8,4.297297297297297,37
B001N444HW,4.594594594594595,37
B006H2Z58C,4.648648648648648,37
B000MASTNI,4.54054054054054,37
B000SIGZB2,4.54054054054054,37
B000142MGA,4.405405405405405,37
B006LFPF9E,4.243243243243243,37
B00BLQZ8RM,4.5675675675675675,37
B003ZS6ONQ,4.1891891891891895,37
B00E8LUBZ6,4.72972972972973,37
B0002RUM9U,4.4324324324324325,37
B008N1057Q,4.891891891891892,37
B000FFT8KS,4.297297297297297,37
B00CC7Y0G4,4.378378378378378,37
B0051UTN3E,4.756756756756757,37
B002HEW7UI,4.324324324324325,37
B004QLRW82,4.1891891891891895,37
B009UTCT6U,4.621621621621622,37
B001FWXFVS,4.324324324324325,37
B002HZVOLA,4.513513513513513,37
B000SI2T0S,4.243243243243243,37
B000FDCXY8,4.918918918918919,37
B004FDGYU8,4.1891891891891895,37
B00BT597EA,4.243243243243243,37
B002QAR8QG,4.297297297297297,37
B001G2L1O0,4.45945945945946,37
B000P22U2Y,4.648648648648648,37
B004E3031K,4.54054054054054,37
B000YB6TIM,4.756756756756757,37
B000YB3NL8,4.621621621621622,37
B004ZF04PW,4.621621621621622,37
B007UUE824,4.45945945945946,37
B003IMIWRK,4.72972972972973,37
B00260HH1C,4.216216216216216,37
B000HJUWRU,4.324324324324325,37
B000B9T1AK,4.4324324324324325,37
B001BBSK5Y,4.405405405405405,37
B00AUDXILU,4.108108108108108,37
B003TWOAWK,4.72972972972973,37
B001FYZE2O,4.513513513513513,37
B000VWP3GS,4.4324324324324325,37
B0030F2X6G,4.297297297297297,37
B000NZPE8U,4.864864864864865,37
B003RZPCU8,4.1891891891891895,37
B00005R1H3,4.027027027027027,37
B006Y7U4T0,4.027027027027027,37
B003AYEFSG,4.45945945945946,37
B003MBZ2G6,4.216216216216216,37
B002RT72C6,4.648648648648648,37
B00920R8QI,4.324324324324325,37
B004JFTMM4,4.297297297297297,37
B000R8UET2,4.648648648648648,37
B001E5ECCW,4.486486486486487,37
B003JMWU1S,4.702702702702703,37
B000XE4BFI,4.837837837837838,37
B001LIF44M,4.243243243243243,37
B002LJUD6O,4.837837837837838,37
B008R56PAY,4.486486486486487,37
B000AAU2B2,4.027027027027027,37
B0006BCV8M,4.405405405405405,37
B003YJ384E,4.45945945945946,37
B0081SGUC0,4.4324324324324325,37
B000C1VSSK,4.162162162162162,37
B000OFAASI,4.5675675675675675,37
B001G7QGO0,4.72972972972973,37
B00597QNBY,4.0,37
B000C1UFM0,4.675675675675675,37
B002D48QVQ,4.54054054054054,37
B000C1UED0,4.378378378378378,37
B005OS47IE,4.513513513513513,37
B0037BR534,4.405405405405405,37
B008B9PVJC,4.081081081081081,37
B001GBIU36,4.621621621621622,37
B00COVKCDS,4.945945945945946,37
B000MYUEP0,4.756756756756757,37
B00699J7KK,4.216216216216216,37
B000C1UCCS,4.054054054054054,37
B007RL6TY6,4.621621621621622,37
B000W9IWMM,4.378378378378378,37
B0067H6JCI,4.216216216216216,37
B003QLM12A,4.72972972972973,37
B00AVUDDJO,4.388888888888889,36
B00BLVTY04,4.722222222222222,36
B00CPABTSK,4.583333333333333,36
B000GDDKJO,4.583333333333333,36
B0037MOMIO,4.416666666666667,36
B002SOT8JA,4.138888888888889,36
B001P60R0Q,4.222222222222222,36
B003KWZ8VG,4.361111111111111,36
B002LA27Q2,4.5,36
B0006NXP0I,4.805555555555555,36
B000O540FW,4.527777777777778,36
B00E68NX60,4.861111111111111,36
B001CT09TK,4.5,36
B0073ZAZRI,4.277777777777778,36
B007RLGK9K,4.527777777777778,36
B000IWY1XC,4.472222222222222,36
B0013718S2,4.305555555555555,36
B002RJUNUO,4.722222222222222,36
B00AYEPE6C,4.527777777777778,36
B001V9LV2A,4.583333333333333,36
B002APDAZK,4.305555555555555,36
B0036Z2HMK,4.083333333333333,36
B001LNOEN4,4.777777777777778,36
B000UTNW3I,4.527777777777778,36
B001LNOELQ,4.527777777777778,36
B0006Q3P50,4.0,36
B004ZYFG3I,4.583333333333333,36
B006J7FSE6,4.111111111111111,36
B001E5E9W0,4.388888888888889,36
B0041OR9N2,4.722222222222222,36
B00EW801V4,4.472222222222222,36
B0012JT9OG,4.305555555555555,36
B003QCOG0E,4.305555555555555,36
B00027C8K6,4.75,36
B000BF3VA0,4.722222222222222,36
B0094X5X92,4.472222222222222,36
B006OZF74O,4.305555555555555,36
B005BKQD6O,4.527777777777778,36
B000143CCI,4.416666666666667,36
B00KQWBJ5W,4.833333333333333,36
B000277N7Y,4.666666666666667,36
B001AMMSMK,4.055555555555555,36
B00BQDO1TG,4.416666666666667,36
B000GJ01H2,4.916666666666667,36
B000RUJ7EI,4.472222222222222,36
B002HWS7NQ,4.416666666666667,36
B000PSTSSC,4.305555555555555,36
B004BUY1HI,4.611111111111111,36
B001PTFWG2,4.25,36
B0019KK37U,4.222222222222222,36
B0006HRCL2,4.027777777777778,36
B0050PWTMM,4.416666666666667,36
B00CFT28G8,4.0,36
B006YIUK98,4.194444444444445,36
B005FNVINA,4.361111111111111,36
B00CLVB1TU,4.388888888888889,36
B001INQE94,4.611111111111111,36
B002XHB7NC,4.388888888888889,36
B000BKLBES,4.305555555555555,36
B002AIW84G,4.083333333333333,36
B00BSU7H5W,4.0,36
B004EFECYC,4.333333333333333,36
B000C20ZS8,4.222222222222222,36
B000VBH8MQ,4.472222222222222,36
B0012LIHUG,4.333333333333333,36
B008YS8F7A,4.694444444444445,36
B0012KHYNI,4.527777777777778,36
B005AZFREE,4.333333333333333,36
B000JKIE4A,4.527777777777778,36
B001U6B188,4.361111111111111,36
B002XITZMG,4.472222222222222,36
B004LT9EDU,4.472222222222222,36
B00GJXGMSQ,4.805555555555555,36
B000674XNM,4.111111111111111,36
B002XQ1TB8,4.083333333333333,36
B0015KQUO4,4.472222222222222,36
B005708HQ2,4.527777777777778,36
B004VMQ35E,4.333333333333333,36
B005CRP69Q,4.222222222222222,36
B004DJUHMA,4.194444444444445,36
B000HX4JN4,4.388888888888889,36
B005E9VPFG,4.861111111111111,36
B0006BDMIU,4.416666666666667,36
B005Z798TW,4.444444444444445,36
B0015YNBF6,4.333333333333333,36
B003CIJE4U,4.222222222222222,36
B00028PXAC,4.222222222222222,36
B000C1W35C,4.361111111111111,36
B00FS1FGPA,4.444444444444445,36
B000BVCSP8,4.666666666666667,36
B002C1ZHLM,4.388888888888889,36
B000JWQ4E0,4.166666666666667,36
B004XNPE9C,4.583333333333333,36
B002JPWOK8,4.555555555555555,36
B000K9CEGO,4.583333333333333,36
B0037BUJNW,4.527777777777778,36
B003WJ6H8U,4.472222222222222,36
B002RT71XG,4.444444444444445,36
B006VLRZO6,4.638888888888889,36
B00BE2OKXQ,4.361111111111111,36
B00AREI3S0,4.25,36
B002ZG8LKS,4.388888888888889,36
B001T8SB12,4.805555555555555,36
B001DTZK0C,4.805555555555555,36
B00016X68G,4.0,36
B0006NYV60,4.166666666666667,36
B009YSTOE2,4.25,36
B000ALIL78,4.388888888888889,36
B006BW34TA,4.027777777777778,36
B0015Y72FG,4.194444444444445,36
B0068T115K,4.472222222222222,36
B001MXW67Y,4.555555555555555,36
B003AT1CLE,4.25,36
B0080HEARE,4.055555555555555,36
B000C1Z4UI,4.222222222222222,36
B00016KM8S,4.0,36
B000YDHPOW,4.166666666666667,36
B0055E425A,4.055555555555555,36
B006X2IMGS,4.611111111111111,36
B007Z8ZQAE,4.611111111111111,36
B00BFJGM5M,4.75,36
B0012RSTKI,4.416666666666667,36
B001715WH2,4.444444444444445,36
B001L40OQY,4.416666666666667,36
B000EODWZW,4.222222222222222,36
B005EVOLI2,4.027777777777778,36
B0012R23UK,4.277777777777778,36
B000EGILR4,4.444444444444445,36
B006HI60EY,4.472222222222222,36
B003B6WXVY,4.0,36
B002G789OY,4.583333333333333,36
B003V9L37Q,4.361111111111111,36
B00174GJC6,4.055555555555555,36
B0055JCZJK,4.388888888888889,36
B000GCIC6Q,4.694444444444445,36
B001TH8Y4C,4.166666666666667,36
B0056GIKI2,4.361111111111111,36
B00BMMI1I8,4.222222222222222,36
B000W5K1E8,4.305555555555555,36
B0016P3P9Q,4.416666666666667,36
B0056BJD0Q,4.055555555555555,36
B00ANL55Y2,4.944444444444445,36
B001KZ1AM6,4.583333333333333,36
B001ECQ4X0,4.555555555555555,36
B009CZVVRA,4.388888888888889,36
B003AYEG4O,4.166666666666667,36
B004DBXLNU,4.555555555555555,36
B0012RXAF2,4.277777777777778,36
B00028OU5Q,4.416666666666667,36
B0058Z9JKE,4.5,36
B00B2SUW84,4.75,36
B00140RXHS,4.472222222222222,36
B001KNWSG0,4.444444444444445,36
B002DC78T4,4.583333333333333,36
B00AZD8L1W,4.166666666666667,36
B0000AJ3PT,4.722222222222222,36
B001SB9CL8,4.388888888888889,36
B0034XRYAO,4.444444444444445,36
B00B2ARNRU,4.277777777777778,36
B000E7WFUC,4.611111111111111,36
B000SQ92RI,4.222222222222222,36
B000C230XU,4.638888888888889,36
B004N1W3RK,4.472222222222222,36
B00D2IFG8S,4.444444444444445,36
B0017QNO1S,4.027777777777778,36
B00EV93BC0,4.0,36
B008VSJFQ8,4.527777777777778,36
B00B6K5X32,4.777777777777778,36
B00IIFOEM4,4.222222222222222,36
B003NQJ8OM,4.083333333333333,36
B0022NHBFK,4.638888888888889,36
B000P258QE,4.361111111111111,36
B004B8Y8T6,4.277777777777778,36
B00120U5E8,4.361111111111111,36
B00021UR3C,4.222222222222222,36
B003ZI01RG,4.333333333333333,36
B000PHISKW,4.666666666666667,36
B0009OAHJG,4.5,36
B0017JBQEC,4.166666666666667,36
B0076H7REM,4.472222222222222,36
B002MBNZMA,4.583333333333333,36
B000FQNOQG,4.25,36
B005LZT9G0,4.333333333333333,36
B001ET7HZ2,4.388888888888889,36
B001G7R3L0,4.194444444444445,36
B0018ZTKC0,4.333333333333333,36
B001EXZJ8K,4.0,36
B001ET78CY,4.361111111111111,36
B008UXYQ8G,4.361111111111111,36
B005OZR0RC,4.277777777777778,36
B005H40MMK,4.305555555555555,36
B000OWHKMU,4.361111111111111,36
B001H5QZK6,4.388888888888889,36
B007JLU57G,4.611111111111111,36
B001ET789M,4.166666666666667,36
B003YPX8P2,4.388888888888889,36
B007IVTA0U,4.055555555555555,36
B004OG90X4,4.611111111111111,36
B002LE8P9G,4.5,36
B0020MMDBK,4.638888888888889,36
B001FYZ4T2,4.194444444444445,36
B001FB5IRI,4.805555555555555,36
B00FIUITDM,4.277777777777778,36
B008A3WGTM,4.694444444444445,36
B00A8WQKAO,4.361111111111111,36
B000CPJKK4,4.0,36
B004NREC82,4.305555555555555,36
B003ZUZDD6,4.138888888888889,36
B00BB3KB8G,4.277777777777778,36
B0001ZZ7TS,4.305555555555555,36
B005I64ZDY,4.222222222222222,36
B008CC4FPY,4.444444444444445,36
B000VJ1FJU,4.694444444444445,36
B0017REB3C,4.305555555555555,36
B005REYEXS,4.055555555555555,36
B0011S49IY,4.416666666666667,36
B00CO9MFAS,4.305555555555555,36
B0017OJ2F2,4.472222222222222,36
B0009I4MKW,4.222222222222222,36
B002W1PJSI,4.5,36
B00BZ77QK4,4.416666666666667,36
B00GTK90R4,4.722222222222222,36
B004BF92EU,4.5,36
B000VFWV4W,4.5,36
B000C2359E,4.277777777777778,36
B000P20PSU,4.361111111111111,36
B000T5CSR4,4.027777777777778,36
B0011DIWGY,4.138888888888889,36
B005R3H2HY,4.277777777777778,36
B000IOAA3K,4.666666666666667,36
B004S3TWEU,4.305555555555555,36
B002VPE7Q0,4.527777777777778,36
B0011Z9N74,4.055555555555555,36
B007C49D0K,4.361111111111111,36
B0076DZAIQ,4.444444444444445,36
B004BEBBXG,4.305555555555555,36
B0020MMCUC,4.666666666666667,36
B000C235E4,4.638888888888889,36
B007IVRASY,4.138888888888889,36
B004O3RXJK,4.472222222222222,36
B00GJG9JBA,4.085714285714285,35
B0009MYOJC,4.457142857142857,35
B000CNOBKU,4.257142857142857,35
B002WTCD8O,4.085714285714285,35
B005DUA7M8,4.0,35
B003EH23N8,4.571428571428571,35
B006QHXDKK,4.114285714285714,35
B00F334DFW,4.371428571428571,35
B003H84918,4.828571428571428,35
B003U28VJW,4.2,35
B000GDC4HI,4.114285714285714,35
B000PIMUR8,4.742857142857143,35
B004NUX8FW,4.2,35
B000C1Z6G0,4.4,35
B003KPIIKQ,4.285714285714286,35
B0033PSM4K,4.057142857142857,35
B00AMKSWXK,4.257142857142857,35
B000R712GC,4.6,35
B000EGILRE,4.571428571428571,35
B0002KS5J6,4.628571428571429,35
B0028QVAGW,4.257142857142857,35
B001BAROMK,4.0285714285714285,35
B006RN8F06,4.085714285714285,35
B005F4EACU,4.714285714285714,35
B00BWAH68G,4.3428571428571425,35
B004JLBBZO,4.685714285714286,35
B003G1K226,4.457142857142857,35
B004SSTOCK,4.371428571428571,35
B000NQ0EHU,4.542857142857143,35
B00DEG8N9W,4.4,35
B0046UCZ2G,4.0,35
B001E6R61U,4.085714285714285,35
B001DYM5Y6,4.457142857142857,35
B004JLBC7G,4.428571428571429,35
B000195R7G,4.4,35
B00GPDRFPO,4.942857142857143,35
B001711E5G,4.457142857142857,35
B004P5R57M,4.371428571428571,35
B0014Y2VYO,4.085714285714285,35
B004HJCHJ2,4.457142857142857,35
B007W608N4,4.314285714285714,35
B00AZY5PT2,4.514285714285714,35
B0072J36WQ,4.485714285714286,35
B006QXKIDY,4.571428571428571,35
B0014ZWGK2,4.285714285714286,35
B008CC4HBG,4.6,35
B0011292ZK,4.171428571428572,35
B004Q1HGX8,4.685714285714286,35
B006KWA6EW,4.171428571428572,35
B006VGMS8E,4.742857142857143,35
B000ZIK9LC,4.571428571428571,35
B0042H4GIY,4.2,35
B000C1Z4WG,4.285714285714286,35
B0038VRVDC,4.228571428571429,35
B000A0S660,4.428571428571429,35
B003CYWTQY,4.371428571428571,35
B006HMARMG,4.228571428571429,35
B001CL6QG8,4.3428571428571425,35
B001FB5TNG,4.314285714285714,35
B001501N7I,4.4,35
B0000AFUTI,4.4,35
B002M50FQK,4.542857142857143,35
B00BDOT1A2,4.6571428571428575,35
B000VUZVQM,4.371428571428571,35
B005CB59DK,4.714285714285714,35
B001G1CEO2,4.085714285714285,35
B000OP1WH6,4.314285714285714,35
B003PH5GGS,4.171428571428572,35
B005PYSNCS,4.428571428571429,35
B00DHG3KRY,4.6,35
B000YZ5C8Q,4.628571428571429,35
B000VWS1U8,4.485714285714286,35
B0018S8MTO,4.8,35
B0006ON4IU,4.714285714285714,35
B004LEM8UG,4.6571428571428575,35
B00015HBEC,4.171428571428572,35
B007XTWMJS,4.285714285714286,35
B008E9MTQW,4.6,35
B003EAIWKI,4.542857142857143,35
B003NXTU0M,4.3428571428571425,35
B00021WZVE,4.0285714285714285,35
B007BQO6YM,4.085714285714285,35
B000JF508S,4.171428571428572,35
B000VF7ASY,4.0285714285714285,35
B001E765R0,4.0285714285714285,35
B004STRHZA,4.628571428571429,35
B003VMF5S6,4.485714285714286,35
B000Q33C4M,4.514285714285714,35
B001RRRVMU,4.457142857142857,35
B005HGWGVS,4.4,35
B0050I2V9A,4.6,35
B000Z96JDI,4.142857142857143,35
B0037FO44I,4.142857142857143,35
B009ASC0UQ,4.228571428571429,35
B004TH6Q9Y,4.457142857142857,35
B003X5B81Y,4.685714285714286,35
B00133HK3I,4.571428571428571,35
B0085326L0,4.285714285714286,35
B000PAW9ZO,4.714285714285714,35
B001MTFMOM,4.6,35
B005HGWH26,4.2,35
B005M9J0M8,4.057142857142857,35
B000YB3OQ2,4.6571428571428575,35
B0073FET84,4.857142857142857,35
B005KE1IH0,4.628571428571429,35
B001ET6XCA,4.628571428571429,35
B000C1UDZY,4.428571428571429,35
B001VMJSCW,4.742857142857143,35
B00017UZ5C,4.4,35
B000XE4RXO,4.6,35
B002VI5X1U,4.371428571428571,35
B001P1ZC92,4.228571428571429,35
B005FW9JR8,4.771428571428571,35
B006DWF3F6,4.114285714285714,35
B003W4JTU8,4.142857142857143,35
B001DIMDQM,4.828571428571428,35
B0028WOURW,4.457142857142857,35
B003XP0JIW,4.114285714285714,35
B003WNXZZO,4.3428571428571425,35
B003NHVB5A,4.457142857142857,35
B003XNZZLU,4.857142857142857,35
B006VDXFYS,4.171428571428572,35
B0045H668Y,4.6571428571428575,35
B008L625CG,4.8,35
B0006U81GY,4.885714285714286,35
B000OCLFX0,4.0285714285714285,35
B007CMQ9B8,4.142857142857143,35
B003GMS8NK,4.257142857142857,35
B000MAQW9Q,4.171428571428572,35
B0010KU2NO,4.285714285714286,35
B006MX4DF2,4.428571428571429,35
B0079J991Q,4.085714285714285,35
B000TUQWDA,4.542857142857143,35
B0055STYHC,4.6,35
B000FLIJB6,4.485714285714286,35
B00DYRU5A6,4.371428571428571,35
B001NRB5BM,4.457142857142857,35
B0009OAHQE,4.314285714285714,35
B0012K1A5Q,4.485714285714286,35
B001DLB6CQ,4.285714285714286,35
B0020MM9FK,4.371428571428571,35
B001KYROFE,4.2,35
B00BRUS5T0,4.457142857142857,35
B003IX7CFM,4.714285714285714,35
B004UA2SLU,4.257142857142857,35
B0071XOIIY,4.257142857142857,35
B00C01C43S,4.057142857142857,35
B007AVUG92,4.542857142857143,35
B0096E8C7E,4.171428571428572,35
B004BV07FM,4.371428571428571,35
B007C2B9T0,4.314285714285714,35
B002DMWK74,4.371428571428571,35
B001B611L4,4.085714285714285,35
B000Q9YQ0U,4.571428571428571,35
B001FWXHSE,4.285714285714286,35
B0029U0YKA,4.371428571428571,35
B001B7EXZY,4.171428571428572,35
B008YKNHN0,4.285714285714286,35
B00EYZY684,4.171428571428572,35
B000IOAA6C,4.428571428571429,35
B003O4H2L4,4.514285714285714,35
B008A1101O,4.4,35
B00115RF7O,4.057142857142857,35
B001C2E10A,4.171428571428572,35
B000GIOCC8,4.4,35
B0091XPADY,4.3428571428571425,35
B0009OMNVG,4.628571428571429,35
B0026LA91Q,4.257142857142857,35
B0002279LY,4.314285714285714,35
B00C9NK31M,4.428571428571429,35
B003ZM9KWO,4.914285714285715,35
B001ADBPVO,4.6,35
B0002260L4,4.285714285714286,35
B00CTHQ9TI,4.0285714285714285,35
B002Z6CFUU,4.4,35
B001KYQCYS,4.142857142857143,35
B0020MMC6Q,4.457142857142857,35
B006JZ0IRA,4.514285714285714,35
B007977GI6,4.085714285714285,35
B002IGERH6,4.628571428571429,35
B001CE73F8,4.171428571428572,35
B004HK9CY4,4.257142857142857,35
B000S6VI7K,4.485714285714286,35
B008QZUHZE,4.6,35
B004DBPT2G,4.314285714285714,35
B000X2H76U,4.142857142857143,35
B000C1W71M,4.4,35
B002LPFZLQ,4.0285714285714285,35
B003F6VJ0G,4.3428571428571425,35
B001CE8JDI,4.057142857142857,35
B003YBP1D8,4.2,35
B00GDJZH5K,4.857142857142857,35
B001QWCCWK,4.0285714285714285,35
B00BQMIGTI,4.571428571428571,35
B005B0XL6E,4.371428571428571,35
B000IXXBRS,4.571428571428571,35
B000UBVWY2,4.3428571428571425,35
B001QX2OIG,4.085714285714285,35
B007X8ZTNK,4.171428571428572,35
B00HO2XYEQ,4.685714285714286,35
B00EC21OIE,4.0285714285714285,35
B00373MSNE,4.0285714285714285,35
B001TWKLZM,4.171428571428572,35
B006Q5E6JY,4.485714285714286,35
B00JJ3QMFQ,4.371428571428571,35
B000P250NK,4.628571428571429,35
B002MGN72I,4.3428571428571425,35
B00028NL5Q,4.057142857142857,35
B00020Z2I8,4.628571428571429,35
B001FORIQE,4.114285714285714,35
B001N2OGK4,4.0285714285714285,35
B00I80TBHM,4.485714285714286,35
B004HA6F2G,4.3428571428571425,35
B00176QPAA,4.314285714285714,35
B0077P0OU2,4.257142857142857,35
B0010OMN4G,4.6,35
B0037LMS0Y,4.0285714285714285,35
B002BXISJ4,4.428571428571429,35
B000YDI7MG,4.228571428571429,35
B002AMUFOC,4.457142857142857,35
B000C1W3CU,4.514285714285714,35
B00B4CYVBC,4.6,35
B0001LH6YG,4.114285714285714,35
B003L0LWYY,4.171428571428572,35
B002BY2RJ0,4.428571428571429,35
B00006L9KZ,4.142857142857143,35
B000UTDAH6,4.542857142857143,35
B00GQI67KW,4.314285714285714,35
B000R92VAQ,4.6571428571428575,35
B005LW3G9Y,4.628571428571429,35
B001LNOEKC,4.714285714285714,35
B00AZ73YSS,4.514285714285714,35
B00161I2NO,4.314285714285714,35
B00AY49DR8,4.142857142857143,35
B004LXXLD0,4.6571428571428575,35
B005SUHY56,4.171428571428572,35
B0066TGLSY,4.0,35
B004IS73O6,4.171428571428572,35
B00BBKYIAG,4.4,35
B008TN1Z9U,4.4,35
B004I2ZVKU,4.514285714285714,35
B003VV8C0A,4.5,34
B009WK0M6G,4.176470588235294,34
B00D76IQRI,4.676470588235294,34
B004KELK4C,4.470588235294118,34
B002CGSDEU,4.4411764705882355,34
B00ANAPF4S,4.176470588235294,34
B007SLCOXU,4.764705882352941,34
B0032R48MO,4.176470588235294,34
B00B8VXYZS,4.5,34
B00AU9VX3Y,4.352941176470588,34
B004BG8ZJM,4.588235294117647,34
B00153SS6E,4.411764705882353,34
B00HDL5VA8,4.676470588235294,34
B003AYEV4Y,4.088235294117647,34
B000C1W49M,4.352941176470588,34
B000C1W4HE,4.5,34
B003IIJH3M,4.4411764705882355,34
B004RSW46E,4.676470588235294,34
B009WI26RQ,4.264705882352941,34
B008HBMVJW,4.4411764705882355,34
B004W2OQPM,4.205882352941177,34
B004DMEXQS,4.264705882352941,34
B005OZD9QS,4.647058823529412,34
B004X853U2,4.117647058823529,34
B000GHVIGM,4.5588235294117645,34
B001DHFVS0,4.323529411764706,34
B000XE5TSG,4.735294117647059,34
B0020S5F9G,4.029411764705882,34
B001B54XL0,4.5,34
B006FY1CW0,4.735294117647059,34
B002MYCJW4,4.029411764705882,34
B00HGG9KDO,4.647058823529412,34
B003HGOIOS,4.5588235294117645,34
B004IQIVL2,4.617647058823529,34
B00D0NLJM2,4.264705882352941,34
B000HVD5ZE,4.617647058823529,34
B00H6TPT90,4.823529411764706,34
B003E1B6UU,4.764705882352941,34
B0013EMBHM,4.411764705882353,34
B005IPJXVY,4.176470588235294,34
B001LNOCXQ,4.382352941176471,34
B0067YUIJQ,4.470588235294118,34
B000VOHNZ0,4.0,34
B0043B3EN2,4.205882352941177,34
B00379X70G,4.705882352941177,34
B002PKI3K2,4.176470588235294,34
B000656VQQ,4.205882352941177,34
B001G7PWCM,4.676470588235294,34
B0080D1U1W,4.617647058823529,34
B00326QY4K,4.5588235294117645,34
B000FIJ2VK,4.411764705882353,34
B00D8U570W,4.147058823529412,34
B00CNXK6WO,4.705882352941177,34
B000EVGOS2,4.735294117647059,34
B006TURZA8,4.676470588235294,34
B0043TR2JQ,4.5,34
B0035GJVME,4.0,34
B004OEKRD8,4.852941176470588,34
B0056B3D20,4.676470588235294,34
B0058RFU5A,4.029411764705882,34
B002LMCFFS,4.0588235294117645,34
B000U9WY96,4.5,34
B0000Y3D4Q,4.323529411764706,34
B00CA51RQE,4.088235294117647,34
B0091XOZMG,4.382352941176471,34
B00891FKD4,4.676470588235294,34
B0081RZ2X4,4.0,34
B0013LZHUS,4.117647058823529,34
B001BBB18C,4.676470588235294,34
B000A3V1XC,4.235294117647059,34
B000SO654I,4.176470588235294,34
B004PEG3T4,4.4411764705882355,34
B0016A18YU,4.588235294117647,34
B005C1741A,4.735294117647059,34
B001EWF27E,4.911764705882353,34
B000EOOZSK,4.529411764705882,34
B0054QLED2,4.411764705882353,34
B00GHHOKH4,4.705882352941177,34
B00EU8N0Y6,4.323529411764706,34
B0049CEVRI,4.176470588235294,34
B001AIUVKU,4.5588235294117645,34
B007I2GQA6,4.205882352941177,34
B004HYRH06,4.088235294117647,34
B0042KWMHS,4.411764705882353,34
B003NU7I6S,4.647058823529412,34
B004GFLYEG,4.4411764705882355,34
B002OU7V42,4.4411764705882355,34
B0001ZZH0M,4.029411764705882,34
B005CDIYFI,4.411764705882353,34
B004K6ZJNI,4.4411764705882355,34
B000IVB1G8,4.088235294117647,34
B002G60MAO,4.735294117647059,34
B0044300BS,4.617647058823529,34
B00127S53E,4.323529411764706,34
9788072216,4.529411764705882,34
B004667U3Y,4.382352941176471,34
B000C238H8,4.294117647058823,34
B00GHXHSPY,4.529411764705882,34
B003IRS70C,4.088235294117647,34
B000C1VSK8,4.264705882352941,34
B0038N804E,4.411764705882353,34
B007BF7D8Y,4.4411764705882355,34
B000U2AUDK,4.294117647058823,34
B001AMWZ5U,4.735294117647059,34
B001CZKWRI,4.205882352941177,34
B002IUHX0A,4.823529411764706,34
B00315B4CY,4.147058823529412,34
B003R2R3TE,4.382352941176471,34
B00126WQRQ,4.529411764705882,34
B00304XY24,4.0588235294117645,34
B00AEM0W70,4.735294117647059,34
B000GF7BZG,4.529411764705882,34
B001U2FOSA,4.147058823529412,34
B0064GBCL0,4.382352941176471,34
B001E6Y5H8,4.235294117647059,34
B001P1ZEL8,4.470588235294118,34
B000052YKI,4.205882352941177,34
B001FYSHL4,4.470588235294118,34
B001JQLNRI,4.5588235294117645,34
B0034KW5TW,4.588235294117647,34
B0050M8GMC,4.617647058823529,34
B000GI3U4Y,4.147058823529412,34
B0012RYDR6,4.264705882352941,34
B004L48O36,4.647058823529412,34
B007IY96LK,4.735294117647059,34
B003BMPCMK,4.352941176470588,34
B00BSPVDE8,4.5588235294117645,34
B009CNA3ZI,4.294117647058823,34
B005KQRH50,4.529411764705882,34
B007M0S8KA,4.470588235294118,34
B00007FCPX,4.4411764705882355,34
B001CJE0HW,4.029411764705882,34
B004L5FXIE,4.5,34
B000PKIMGO,4.5,34
B005GMYQ52,4.088235294117647,34
B000GDF46Q,4.5588235294117645,34
B000N773K0,4.294117647058823,34
B0001EKY0G,4.5,34
B0007CXXO6,4.647058823529412,34
B000IN7BX8,4.235294117647059,34
B0076HP5YG,4.676470588235294,34
B00B46UFD6,4.352941176470588,34
B003OW8H38,4.529411764705882,34
B008CYHZS6,4.794117647058823,34
B000IO3GO0,4.705882352941177,34
B000NW4LDW,4.470588235294118,34
B0012QW06I,4.411764705882353,34
B001KYRWG0,4.588235294117647,34
B000NE6D0E,4.617647058823529,34
B001FSK740,4.0588235294117645,34
B001R4BODU,4.323529411764706,34
B0012IXIWQ,4.676470588235294,34
B001UTG1U8,4.0,34
B0009QZYH4,4.382352941176471,34
B001ECQ5FC,4.294117647058823,34
B00B3622MY,4.147058823529412,34
B0041U2U8U,4.676470588235294,34
B000B9WF8U,4.235294117647059,34
B003F8EWXK,4.029411764705882,34
B001HK54D0,4.352941176470588,34
B000QE5KRI,4.117647058823529,34
B0048IDICC,4.352941176470588,34
B0006PJTB0,4.088235294117647,34
B001HITLQI,4.0,34
B002MVD29G,4.411764705882353,34
B006QMY1RE,4.470588235294118,34
B00170BJD4,4.794117647058823,34
B00DIJPH5I,4.911764705882353,34
B00BAK7JTE,4.0588235294117645,34
B003I3NEZ4,4.911764705882353,34
B0009MHUTI,4.382352941176471,34
B0000683O5,4.411764705882353,34
B0057MHTAA,4.470588235294118,34
B005XH1EJG,4.529411764705882,34
B00084YBWG,4.411764705882353,34
B000CJPFW2,4.205882352941177,34
B004LLTO6A,4.0588235294117645,34
B00CRKHGUS,4.735294117647059,34
B000J4K0YI,4.470588235294118,34
B003EGZZ1G,4.205882352941177,34
B000FGC99O,4.0588235294117645,34
B004LL8S1C,4.235294117647059,34
B0015MMQG8,4.911764705882353,34
B001KOTRAY,4.588235294117647,34
B001ECQ566,4.705882352941177,34
B00BCBSJG8,4.5,34
B000FYXTDQ,4.4411764705882355,34
B004MSRDE2,4.0588235294117645,34
B008A376KG,4.0588235294117645,34
B005HJ20SO,4.088235294117647,34
B00D2GT02S,4.294117647058823,34
B00363HVZK,4.264705882352941,34
B0036Q7ZYY,4.294117647058823,34
B00A40XXV4,4.235294117647059,34
B002LC4Z5G,4.4411764705882355,34
B000TD4QYY,4.0588235294117645,34
B000HDP00U,4.735294117647059,34
B0029XFHSQ,4.705882352941177,34
B000ORV0K8,4.676470588235294,34
B0022WM78W,4.5588235294117645,34
B001V9LUXA,4.588235294117647,34
B000XVDNCI,4.352941176470588,34
B0009R5B4E,4.5588235294117645,34
B005O1AASW,4.4411764705882355,34
B002DV6HH4,4.588235294117647,34
B0037MK6AW,4.235294117647059,34
B002U29T80,4.588235294117647,34
B000H3GDZQ,4.264705882352941,34
B0002716FO,4.382352941176471,34
B002HK2GOO,4.235294117647059,34
B004LWGLCY,4.705882352941177,34
B002LZ1SP8,4.323529411764706,34
B001FWXHMU,4.529411764705882,34
B003JTCYH6,4.323529411764706,34
B0014W47FC,4.294117647058823,34
B007P0MO2U,4.470588235294118,34
B006Q5XAWS,4.294117647058823,34
B001COYRSY,4.029411764705882,34
B00506XJIY,4.147058823529412,34
B0009QZZ4Q,4.323529411764706,34
B004QWD9QA,4.235294117647059,34
B000052YMV,4.4411764705882355,34
B008TOKWHA,4.5,34
B0041K5I48,4.088235294117647,34
B008K2EG50,4.764705882352941,34
B0014UCJPO,4.5588235294117645,34
B000BIUGUA,4.382352941176471,34
B00028O0HE,4.323529411764706,34
B00C3N2U78,4.352941176470588,34
B004LSJSBY,4.088235294117647,34
B003JZCQI2,4.470588235294118,34
B002ACKKMO,4.4411764705882355,34
B0094ELMBY,4.647058823529412,34
B006BZ6ZU2,4.4411764705882355,34
B0072CV36Y,4.617647058823529,34
B005MIFIQG,4.0588235294117645,34
B00CP52RXG,4.735294117647059,34
B003FBKBKU,4.294117647058823,34
B000PKZFFU,4.470588235294118,34
B00HST6XPC,4.911764705882353,34
B004HIIMT2,4.029411764705882,34
B0001VOIVU,4.454545454545454,33
B00FOGKPAK,4.666666666666667,33
B00FIUQ498,4.181818181818182,33
B00FDMGOB4,4.606060606060606,33
B000BIZSVC,4.2727272727272725,33
B009NN2O86,4.121212121212121,33
B000MGEHCO,4.151515151515151,33
B000E177N8,4.393939393939394,33
B005SPEWLA,4.121212121212121,33
B002RS6J4E,4.242424242424242,33
B00GWT8UWI,4.424242424242424,33
B00013A038,4.090909090909091,33
B000172R76,4.393939393939394,33
B000VXUUQK,4.363636363636363,33
B009HULINW,4.181818181818182,33
B00HI6FN3S,4.454545454545454,33
B006Y7U4S6,4.393939393939394,33
B004ISE5O2,4.696969696969697,33
B00AREI3BC,4.03030303030303,33
B004FM6L0C,4.545454545454546,33
B00FXGZCFE,4.515151515151516,33
B000BRGAOM,4.575757575757576,33
B000HVD5X6,4.333333333333333,33
B00ED38WDC,4.606060606060606,33
B0013EBM22,4.484848484848484,33
B00AKFZP3C,4.303030303030303,33
B007K1OB0M,4.03030303030303,33
B0026I8M72,4.393939393939394,33
B005LXU3D0,4.666666666666667,33
B000O1NJZ8,4.515151515151516,33
B000I6KRIG,4.696969696969697,33
B00BHR8PE8,4.454545454545454,33
B00CP2IYU4,4.2727272727272725,33
B0019AA9YM,4.303030303030303,33
B00005321Z,4.454545454545454,33
B0056B2M2W,4.818181818181818,33
B00DULW2YS,4.636363636363637,33
B002DMK0LC,4.515151515151516,33
B004XA81OU,4.454545454545454,33
B00EEWFFK0,4.636363636363637,33
B006TURTK4,4.363636363636363,33
B000HLPKJ8,4.2727272727272725,33
B00EYZY6SY,4.454545454545454,33
B001F5XH8G,4.484848484848484,33
B007HARL9E,4.454545454545454,33
B003LBWQQQ,4.181818181818182,33
B0011E86GO,4.515151515151516,33
B004BCVEAS,4.333333333333333,33
B000TD2QXC,4.090909090909091,33
B000EVGOHI,4.575757575757576,33
B007XAV626,4.151515151515151,33
B002DZ65ZO,4.575757575757576,33
B00KECCJTY,4.666666666666667,33
B00121U0ME,4.515151515151516,33
B000FXXTN2,4.575757575757576,33
B006OHM6FK,4.424242424242424,33
B0001TOZCE,4.787878787878788,33
B0058NLTFY,4.7272727272727275,33
B0080D1W8I,4.424242424242424,33
B000VCU232,4.2727272727272725,33
B005U6ZA22,4.03030303030303,33
B000SRVQ26,4.545454545454546,33
B009ET0VZ2,4.393939393939394,33
B002PMUZM4,4.666666666666667,33
B0041I4VJI,4.333333333333333,33
B006UQUS4Q,4.484848484848484,33
B0011EN3FS,4.393939393939394,33
B0011DIXJU,4.121212121212121,33
B000GIL0JQ,4.757575757575758,33
B007B469MG,4.575757575757576,33
B000W8ULS6,4.212121212121212,33
B0011WHFL8,4.454545454545454,33
B000NJJBTE,4.424242424242424,33
B005LQ8B6I,4.151515151515151,33
B000NSIG8M,4.393939393939394,33
B00A8G7TIC,4.484848484848484,33
B0009OAGYC,4.212121212121212,33
B00116W1MC,4.757575757575758,33
B004SIIHXM,4.878787878787879,33
B00IXX8YMM,4.03030303030303,33
B004I08H6W,4.2727272727272725,33
B006G647BU,4.575757575757576,33
B000XTCFOC,4.121212121212121,33
B003V9N1RQ,4.181818181818182,33
B0032D1ESO,4.575757575757576,33
B00012C5IW,4.151515151515151,33
B0009EXOP0,4.545454545454546,33
B006TLZQ4O,4.454545454545454,33
B005OYTSG4,4.0606060606060606,33
B006NAMC2U,4.03030303030303,33
B009JA8QXU,4.575757575757576,33
B006WQ2SUQ,4.757575757575758,33
B008AKUBLK,4.424242424242424,33
B001ET787Y,4.151515151515151,33
B009SBMRXK,4.2727272727272725,33
B0042ZB70Q,4.181818181818182,33
B00I48BHQG,4.0,33
B005V1ZKGW,4.757575757575758,33
B000ILKUHY,4.333333333333333,33
B004BCVICC,4.242424242424242,33
B002F50FYE,4.333333333333333,33
B00512CT56,4.393939393939394,33
B00GRBVM0S,4.9393939393939394,33
B0055TA53I,4.424242424242424,33
B001DDBFHU,4.242424242424242,33
B00005R1H2,4.090909090909091,33
B000O3MHW2,4.454545454545454,33
B0070Z7KME,4.2727272727272725,33
B0061Y2CQ4,4.454545454545454,33
B00AEG51YK,4.151515151515151,33
B004ED9RB2,4.545454545454546,33
B001A5N8TO,4.0606060606060606,33
B00469V5QO,4.606060606060606,33
B005ZIC6Q8,4.515151515151516,33
B000LW1I2Q,4.0,33
B00FRDPR4O,4.03030303030303,33
B00187Y4M4,4.0,33
B001FB5TLI,4.575757575757576,33
B0053UCMP8,4.333333333333333,33
B007146A16,4.2727272727272725,33
B0023ASBSS,4.454545454545454,33
B000GDDKL2,4.212121212121212,33
B000O2KACM,4.878787878787879,33
B001KWB85S,4.696969696969697,33
B00GVHLG9A,4.484848484848484,33
B002WTC3A2,4.575757575757576,33
B000E7SSCG,4.424242424242424,33
B00092M386,4.0606060606060606,33
B000I3IQQ4,4.484848484848484,33
B002WTC398,4.454545454545454,33
B004SY3WSQ,4.484848484848484,33
B000ALDJ7A,4.545454545454546,33
B000B63O0Q,4.393939393939394,33
B0016B7QAY,4.242424242424242,33
B0037MDBMC,4.606060606060606,33
B001CT09O0,4.7272727272727275,33
B007Q35I1U,4.2727272727272725,33
B007YT34TY,4.090909090909091,33
B0047DLDX4,4.545454545454546,33
B003O3C06M,4.757575757575758,33
B005I0JWU6,4.0606060606060606,33
B001RVFUMY,4.2727272727272725,33
B002KFWPM4,4.393939393939394,33
B001CL9XI6,4.151515151515151,33
B002QB52W2,4.575757575757576,33
B004754E0Q,4.515151515151516,33
B0057VH8QQ,4.0,33
B002XQ1YMM,4.575757575757576,33
B0011FR66E,4.7272727272727275,33
B000RGBWPO,4.393939393939394,33
B0036OJEFO,4.575757575757576,33
B006JZ46KU,4.515151515151516,33
B003WQV828,4.303030303030303,33
B002H3X6E0,4.818181818181818,33
B000VEG964,4.151515151515151,33
B00147QL8S,4.515151515151516,33
B0057V0YWQ,4.242424242424242,33
B001MSR7UU,4.0,33
B003083ZW4,4.303030303030303,33
B0012C6PD6,4.636363636363637,33
B002KW3I28,4.121212121212121,33
B003VSH574,4.151515151515151,33
B0036UXD4Q,4.606060606060606,33
B007AS61TE,4.151515151515151,33
B0072F80DK,4.424242424242424,33
B0045U8W3S,4.575757575757576,33
B00AXXHCLY,4.484848484848484,33
B000WZIX0W,4.393939393939394,33
B000VEPHYY,4.181818181818182,33
B001N444F4,4.393939393939394,33
B001CT03P0,4.121212121212121,33
B005RTYPAK,4.303030303030303,33
B000CEORE4,4.363636363636363,33
B0089B4GK2,4.636363636363637,33
B007N1D4A2,4.303030303030303,33
B0092TVLVW,4.090909090909091,33
B000NN3H86,4.636363636363637,33
B004FQI462,4.151515151515151,33
B005LZT9FG,4.575757575757576,33
B005XG2P0E,4.484848484848484,33
B0052G78U2,4.242424242424242,33
B003P69QIS,4.181818181818182,33
B00005RFPV,4.575757575757576,33
B00DBRP3A6,4.090909090909091,33
B000X1YIOU,4.454545454545454,33
B007BJO6SU,4.2727272727272725,33
B000NU2OOM,4.303030303030303,33
B006QGBJWK,4.303030303030303,33
B00C77HSAE,4.666666666666667,33
B0006PLOWW,4.424242424242424,33
B0065WQ0M4,4.363636363636363,33
B000C1ZB8I,4.121212121212121,33
B000V9M8B4,4.0606060606060606,33
B002VTPQ7K,4.333333333333333,33
B0065M05P2,4.333333333333333,33
B005NWO9MU,4.363636363636363,33
B000NG6D7K,4.2727272727272725,33
B000FPPW9O,4.484848484848484,33
B001JOYDRM,4.212121212121212,33
B000HVBB3W,4.0606060606060606,33
B00BPXLTI8,4.090909090909091,33
B003NXIXUK,4.484848484848484,33
B00445MH4E,4.7272727272727275,33
B001ZSBI8Y,4.575757575757576,33
B000C218N4,4.696969696969697,33
B002PBC9Y2,4.454545454545454,33
B000AYKVOG,4.636363636363637,33
B0038O0YEC,4.484848484848484,33
B005P0S192,4.424242424242424,33
B00456RP12,4.212121212121212,33
B0021PGP7O,4.7272727272727275,33
B003MWZI32,4.9393939393939394,33
B001126XOI,4.484848484848484,33
B00AO7AOOG,4.878787878787879,33
B007C92LXG,4.575757575757576,33
B000OQKTP6,4.424242424242424,33
B005HO0A1S,4.909090909090909,33
B001FB5LW0,4.454545454545454,33
B0078PXU7U,4.424242424242424,33
B0049D54NW,4.484848484848484,33
B004V4XNIW,4.090909090909091,33
B001U4M4YA,4.03030303030303,33
B009T12JJG,4.454545454545454,33
B0010BBCFK,4.2727272727272725,33
B004CGHFWY,4.424242424242424,33
B0017QKAFG,4.606060606060606,33
B000C1VWRC,4.333333333333333,33
B0073A39AI,4.363636363636363,33
B000EGMHSI,4.121212121212121,33
B0091I7VTU,4.393939393939394,33
B002CT01M4,4.212121212121212,33
B003VL77SI,4.454545454545454,33
B001KYS87M,4.666666666666667,33
B004AUEVAG,4.333333333333333,33
B000H2PN08,4.333333333333333,33
B0009H04LO,4.484848484848484,33
B0009TNBVC,4.212121212121212,33
B000LQS9F6,4.757575757575758,33
B0052P0XBO,4.575757575757576,33
B008H2YNDS,4.2727272727272725,33
B006L5BQ1A,4.242424242424242,33
B004JVXXXM,4.121212121212121,33
B00BFYJPUG,4.0606060606060606,33
B000C1Z66U,4.7272727272727275,33
B003BI08K0,4.303030303030303,33
B004O290TW,4.848484848484849,33
B005BXEWOG,4.03030303030303,33
B0015KKU2M,4.212121212121212,33
B000W7OL0Q,4.878787878787879,33
B006CQQYOC,4.1875,32
B000GG85DM,4.1875,32
B000YLFHPS,4.25,32
B000VO1O96,4.28125,32
B000R28H4W,4.125,32
B00E56I6M4,4.1875,32
B00385WMKA,4.25,32
B007AO3LJG,4.53125,32
B000MK9SGA,4.5625,32
B0013V3F52,4.75,32
B003SR88S8,4.53125,32
B005KSBVHI,4.1875,32
B002VRPXNO,4.21875,32
B00EA5AKLK,4.25,32
B000Y18UKM,4.8125,32
B00B97BCHI,4.25,32
B000GWF57U,4.4375,32
B001CJJ5NQ,4.15625,32
B007XTEG06,4.09375,32
B002HEW87A,4.625,32
B000BL281C,4.6875,32
B004Q1B5CG,4.75,32
B00312PRU2,4.1875,32
B0030F4XJQ,4.5625,32
B00152TQH0,4.65625,32
B001FZMXOU,4.125,32
B001P1ZEMC,4.4375,32
B001CNCLSS,4.5,32
B000P231CW,4.5625,32
B006K25ZYI,4.5625,32
B0039OVDSC,4.59375,32
B000WWXR60,4.4375,32
B008VLYKSI,4.03125,32
B002H6SUOI,4.46875,32
B0045U701S,4.21875,32
B001PLH58I,4.34375,32
B002QRPG2W,4.34375,32
B003SZ23RC,4.15625,32
B001C42QO6,4.09375,32
B000GCY2CY,4.6875,32
B00513X3BY,4.625,32
B003BPMK9A,4.0625,32
B004AJYOT0,4.46875,32
B00ADR6L08,4.625,32
B002QZXIPQ,4.5625,32
B003TFUGMK,4.65625,32
B003THQBUY,4.21875,32
B0030UG27W,4.0625,32
B0011DY7G8,4.21875,32
B007WNVYW6,4.125,32
B004FO07FK,4.34375,32
B00456YRRW,4.28125,32
B001CE1I68,4.09375,32
B000CNP3I4,4.21875,32
B002RCZ7R0,4.03125,32
B000GCVVSW,4.4375,32
B0023GAIGK,4.0625,32
B000YDF6CA,4.34375,32
B0011UWXM6,4.71875,32
B003Z6RFP4,4.625,32
B002VWK9J2,4.78125,32
B000P3X7NO,4.5625,32
B004GSK7UA,4.625,32
B001O0DBWY,4.71875,32
B000IF6PEW,4.3125,32
B006GQEI0A,4.3125,32
B002ROMF0A,4.5625,32
B007Z8XSNQ,4.15625,32
B004YT44SC,4.15625,32
B002FC99ZS,4.84375,32
B008WA2K9O,4.15625,32
B00563HE5A,4.1875,32
B00005IBW0,4.4375,32
B001NQIPMU,4.375,32
B003C1V5IU,4.75,32
B004BASKAC,4.1875,32
B004GYQLFE,4.25,32
B000GG190I,4.34375,32
B000W3X4PI,4.1875,32
B001B87SFA,4.6875,32
B004Z1ZRD0,4.53125,32
B00AEM0WMU,4.1875,32
B004GF8RYG,4.15625,32
B000980PH6,4.3125,32
B001CT08KU,4.4375,32
B0039VMLWW,4.15625,32
B000GCUV2Y,4.5,32
B000HJN4U2,4.6875,32
B00145WKZ8,4.78125,32
B00F6P3DTO,4.03125,32
B0002L2JLU,4.125,32
B004ZWH3WC,4.40625,32
B00JFP04VG,4.96875,32
B00FRDPRBW,4.03125,32
B000W2P6DW,4.375,32
B00L3KEIZO,4.875,32
B000QUK7Q6,4.71875,32
B0044AZ9P8,4.0,32
B000UUQAY0,4.40625,32
B0054Y0EN0,4.5625,32
B00BM1WKT0,4.34375,32
B000QUOD8Y,4.46875,32
B000UUX048,4.40625,32
B00AYSBR96,4.875,32
B00143S6YO,4.40625,32
B000XE8ZLE,4.71875,32
B00AYSXBPO,4.21875,32
B00279BKRY,4.71875,32
B006UJ7HKQ,4.28125,32
B0051BIF1Y,4.8125,32
B000AA5VBI,4.375,32
B0059JS2PC,4.6875,32
B001ECQ4TE,4.84375,32
B004IVM0EG,4.09375,32
B0000EZ1OG,4.5,32
B00BPUAUB8,4.375,32
B0035UZ0FW,4.25,32
B000RZP0FS,4.5625,32
B0009V1YRI,4.21875,32
B004X1P91C,4.46875,32
B000VOHQHU,4.03125,32
B0006I8YW2,4.53125,32
B00K7PO996,4.5,32
B008R1GPZ8,4.15625,32
B004JFBPDS,4.5,32
B007OAQCMY,4.28125,32
B001ECQ3PY,4.3125,32
B0047ARSKE,4.0625,32
B00023KCLC,4.3125,32
B00871KNXI,4.1875,32
B00FU5I7YQ,4.0,32
B000EH0NEC,4.40625,32
B004CHMZX2,4.375,32
B00112IE2M,4.5,32
B0012DNODY,4.625,32
B008SBJD7Y,4.59375,32
B000MT1VCK,4.5,32
B000C1UEOY,4.40625,32
B004IIACFS,4.46875,32
B001738HJ0,4.53125,32
B00022AUMY,4.75,32
B00A8ODE7Y,4.1875,32
B00CUEJIO8,4.21875,32
B004X8K0UK,4.625,32
B003A8EKTG,4.03125,32
B003EZVBXI,4.875,32
B0002FCDHQ,4.1875,32
B0073ZGJAA,4.15625,32
9790781687,4.53125,32
B0088909ME,4.5,32
B000FNEVQQ,4.28125,32
B000GHVKEW,4.1875,32
B00A63WI6K,4.65625,32
B001ARUXU4,4.21875,32
B0000531WD,4.4375,32
B0091W09SG,4.4375,32
B00BVGWL2W,4.28125,32
B000V2OZ6M,4.3125,32
B003A6KL3C,4.0,32
B005D7F4VU,4.59375,32
B009LJ81DY,4.4375,32
B0009HKOJG,4.75,32
B0016BLWEU,4.375,32
B00BPPP5WC,4.875,32
B0016BIQ9O,4.625,32
B003WGQAVM,4.59375,32
B000NOMDTY,4.09375,32
B000EMDK4M,4.46875,32
B005I72MXI,4.03125,32
B001ET7KJ0,4.0625,32
B001E96LSQ,4.78125,32
B00A2Y2RQ4,4.90625,32
B001282G2E,4.21875,32
B002CL847G,4.53125,32
B001E95K3I,4.53125,32
B00JK09NEA,4.0625,32
B000WCPFKQ,4.875,32
B000C233MI,4.3125,32
B00BETYXV8,4.25,32
B0071HNUZC,4.53125,32
B0035LT8WM,4.21875,32
B00714TCX4,4.4375,32
B007I6PSME,4.65625,32
B003VSCO2K,4.6875,32
B00J11SZS8,4.65625,32
B00A30AQUG,4.5,32
B0036Z0HL8,4.46875,32
B003VMXH1S,4.34375,32
B000C1VW6I,4.84375,32
B008FAINNI,4.53125,32
B00649TYNA,4.5,32
B001E96OX8,4.5625,32
B006ZCPZMA,4.09375,32
B00CDTHC6G,4.3125,32
B00DTY9WA8,4.40625,32
B003AVNLLQ,4.0,32
B005R4LSX2,4.9375,32
B005P0XHEG,4.125,32
B001394VAW,4.28125,32
B001KYQ4VO,4.4375,32
B002T3Y8X6,4.09375,32
B005QPKKJK,4.0625,32
B0035QVFGY,4.375,32
B0016A7CHW,4.53125,32
B00DYEWD0Y,4.21875,32
B000C1W6UY,4.1875,32
B009ANKCOW,4.59375,32
B002UKP0QM,4.125,32
B004O2KPRI,4.09375,32
B000WE67MO,4.375,32
B002ONG7TE,4.59375,32
B005SPETHW,4.71875,32
B0015S7ZW2,4.53125,32
B0047ZIN5S,4.75,32
B00C7B37RI,4.59375,32
B000R8K9B0,4.125,32
B0041FDD2C,4.5625,32
B000FZVSNI,4.3125,32
B004842XGI,4.1875,32
B004BWBFSY,4.46875,32
B00076XSHY,4.4375,32
B00GXE7JP6,4.25,32
B0058KIAHC,4.65625,32
B001G7PU4M,4.3125,32
B000VON7SC,4.0625,32
B000GHG06A,4.125,32
B000FZXGH4,4.375,32
B001B0UQHA,4.21875,32
B002RT71NQ,4.59375,32
B004UO38YM,4.5625,32
B002AMUF6K,4.28125,32
B004I29JRQ,4.1875,32
B0043876K2,4.0625,32
B004DGLCFE,4.5,32
B008JH1CB2,4.1875,32
B0021W0B0O,4.6875,32
B0001MC06Y,4.25,32
B000GCOIMI,4.125,32
B005UXYX9Q,4.59375,32
B0069WVQZG,4.1875,32
B000052YMS,4.125,32
B000MUT76G,4.4375,32
B00068QRNK,4.625,32
B008X4HBLQ,4.3125,32
B005UMM6BY,4.21875,32
B006VJMM50,4.59375,32
B000C2102I,4.875,32
B004OFII2E,4.125,32
B001TH8Y3S,4.46875,32
B00A6TSSYK,4.375,32
B000KPSSJK,4.09375,32
B00289C338,4.78125,32
B009RJPJZ6,4.625,32
B008DROBOS,4.53125,32
B001MV5UEC,4.4375,32
B007AG3540,4.59375,32
B000052Y33,4.1875,32
B000OV084I,4.25,32
B000X81832,4.65625,32
B000052ZB1,4.40625,32
B0006Q8FJG,4.21875,32
B001JB55SQ,4.59375,32
B007RX3AFA,4.71875,32
B000273RI8,4.53125,32
B000TD7VZ0,4.375,32
B0009OAI1I,4.375,32
B001B153BS,4.0,32
B003P53KYU,4.375,32
B00FXH7YZ4,4.25,32
B001ABYSFQ,4.580645161290323,31
B00CFCO22S,4.32258064516129,31
B000TVCFH6,4.806451612903226,31
B003FTWI8K,4.612903225806452,31
B004AME6K4,4.419354838709677,31
B000Q428NM,4.516129032258065,31
B006J42NB0,4.548387096774194,31
B000CI9W90,4.483870967741935,31
B001OXFI40,4.612903225806452,31
B002TYBGUS,4.354838709677419,31
B001ET6XKM,4.129032258064516,31
B001ET77Q6,4.161290322580645,31
B0045EAMXW,4.548387096774194,31
B001E96NKC,4.516129032258065,31
B0028T2TD2,4.354838709677419,31
B001ET6XVG,4.193548387096774,31
B0006NZ42A,4.903225806451613,31
B0032S2WUS,4.903225806451613,31
B0016J6M2E,4.32258064516129,31
B002IJNVGG,4.32258064516129,31
B00H93O97Q,4.387096774193548,31
B007VTJE50,4.129032258064516,31
B000C230VC,4.225806451612903,31
B0009OAI3G,4.290322580645161,31
B00074LNUK,4.032258064516129,31
B000RH1RUI,4.096774193548387,31
B000052YOV,4.806451612903226,31
B0006NZMC2,4.516129032258065,31
B0000537NH,4.161290322580645,31
B00518N02Q,4.354838709677419,31
B008FX4LO0,4.193548387096774,31
B0009OAIMW,4.32258064516129,31
B00ADRGWNE,4.258064516129032,31
B0001BO9YQ,4.548387096774194,31
B007P7OPQQ,4.774193548387097,31
B0061VVVQO,4.645161290322581,31
B0009OAIRC,4.612903225806452,31
B000IO6NFE,4.580645161290323,31
B00KNIL36E,4.935483870967742,31
B000N2OC2C,4.387096774193548,31
B001RB7UL8,4.129032258064516,31
B0019EX1WU,4.096774193548387,31
B000EMW88G,4.67741935483871,31
B002XQ1WKG,4.129032258064516,31
B0016JNQYG,4.354838709677419,31
B00CYA5E14,4.419354838709677,31
B00CP4QZ8U,4.709677419354839,31
B006RBGCJO,4.548387096774194,31
B004BGQMV0,4.387096774193548,31
B00F4YE4VS,4.645161290322581,31
B006OHM1M8,4.451612903225806,31
B000P230OQ,4.129032258064516,31
B007PCB5OQ,4.870967741935484,31
B002KGW6VI,4.290322580645161,31
B001FWXG08,4.451612903225806,31
B008CZBYBE,4.709677419354839,31
B003ZTE1XA,4.387096774193548,31
B002LQ2BE4,4.451612903225806,31
B000XYPUF8,4.193548387096774,31
B000ORM4EE,4.032258064516129,31
B005SAAM2S,4.290322580645161,31
B004V1OV1I,4.064516129032258,31
B000NVSI96,4.290322580645161,31
B0048ICI3C,4.129032258064516,31
B000TKH6CG,4.548387096774194,31
B000HP7IM6,4.032258064516129,31
B0007CXWQA,4.193548387096774,31
B005XRTOYI,4.193548387096774,31
B0041TXR1A,4.67741935483871,31
B00J3B4NNM,4.741935483870968,31
B00203Q9B4,4.32258064516129,31
B0029SAGAK,4.741935483870968,31
B00A5XWKXM,4.741935483870968,31
B008OINZAM,4.354838709677419,31
B0002Z8JY2,4.451612903225806,31
B00AE76HO2,4.225806451612903,31
B005SPEU30,4.516129032258065,31
B007JXZ88K,4.870967741935484,31
B009TAQAOW,4.645161290322581,31
B00GYN9A08,4.774193548387097,31
B000C1ZC0A,4.064516129032258,31
B003KPKB5G,4.225806451612903,31
B008TGMJMO,4.193548387096774,31
B00CFDWESQ,4.032258064516129,31
B003ZS928U,4.32258064516129,31
B0012R78FK,4.516129032258065,31
B003FBRVAS,4.129032258064516,31
B0030GFXOY,4.516129032258065,31
B000LB8XKW,4.129032258064516,31
B0047W3QBW,4.0,31
B000KEOO3U,4.709677419354839,31
B0029F2HQY,4.548387096774194,31
B008S8MIR4,4.516129032258065,31
B003YB58VI,4.580645161290323,31
B007ONF4OI,4.32258064516129,31
B000BJUPHI,4.258064516129032,31
B00023J4BG,4.290322580645161,31
B004UGN818,4.193548387096774,31
B006R1FZLA,4.580645161290323,31
B000IHGVFI,4.290322580645161,31
B000NW4OIE,4.709677419354839,31
B0090BCWQU,4.870967741935484,31
B005R4TO6K,4.387096774193548,31
B004Q16Z94,4.838709677419355,31
B000KM1656,4.516129032258065,31
B003YBLD9E,4.32258064516129,31
B001WWUUBY,4.225806451612903,31
B001BR2OGE,4.129032258064516,31
B002950XLU,4.387096774193548,31
B000WN2T9U,4.419354838709677,31
B0020BWQVI,4.129032258064516,31
B00198ICN4,4.709677419354839,31
B000068DWL,4.67741935483871,31
B004C0SUE2,4.161290322580645,31
B00HCMRHBY,4.258064516129032,31
B000NSFJCI,4.0,31
B001P6DOCY,4.838709677419355,31
B000EGYRGS,4.451612903225806,31
B000S01TAC,4.612903225806452,31
B008SB4ZY0,4.451612903225806,31
B000NSQNIW,4.193548387096774,31
B0009VO8N0,4.67741935483871,31
B000JL80RU,4.161290322580645,31
B005EHFUJ0,4.451612903225806,31
B000MAOWO8,4.129032258064516,31
B001ET7N38,4.096774193548387,31
B008CZBZY0,4.774193548387097,31
B0006B65PC,5.0,31
B006VLYG98,4.741935483870968,31
B001DZGYSS,4.225806451612903,31
B004WPHT1M,4.258064516129032,31
B004P5B14A,4.354838709677419,31
B0006HR8G6,4.870967741935484,31
B00AQH9F8U,4.387096774193548,31
B004OFI54K,4.645161290322581,31
B001D0EKE8,4.580645161290323,31
B00017UYMG,4.129032258064516,31
B000Z603OC,4.064516129032258,31
B00466NKBK,4.129032258064516,31
B002V0ALLK,4.483870967741935,31
B00HSE4WIC,4.580645161290323,31
B002WJHL0Y,4.419354838709677,31
B009RNUH54,4.419354838709677,31
B003GDKMVK,4.548387096774194,31
B0015HEDK0,4.548387096774194,31
B008L7D23G,4.290322580645161,31
B000Q2ZP34,4.612903225806452,31
B0056H82O8,4.387096774193548,31
B000YD47JS,4.645161290322581,31
B004OFYMW4,4.774193548387097,31
B00ATH2YL2,4.516129032258065,31
B004DXN0J8,4.290322580645161,31
B001GBF412,4.516129032258065,31
B000O1NVW4,4.419354838709677,31
B000HHOPDE,4.096774193548387,31
B000GFSVFA,4.193548387096774,31
B001LFIKOG,4.419354838709677,31
B00IEUCFGA,4.67741935483871,31
B007HNKIG4,4.741935483870968,31
B008R5WM06,4.935483870967742,31
B008VGHOX6,4.741935483870968,31
B003CBXRL8,4.032258064516129,31
B00C76ZGU4,4.32258064516129,31
B00IRMZ6S4,4.645161290322581,31
B0065GFYKE,4.258064516129032,31
B007HLWNT6,4.548387096774194,31
B00ABTJAJM,4.806451612903226,31
B0067H6MBQ,4.741935483870968,31
B00B7ZFMA0,4.548387096774194,31
B0088HN7TI,4.064516129032258,31
B00920E03M,4.064516129032258,31
B000VHH712,4.258064516129032,31
B00FRJKBFI,4.741935483870968,31
B0058PILR6,4.354838709677419,31
B0000Y3CSI,4.161290322580645,31
B005679UIA,4.67741935483871,31
B004X9BRU6,4.451612903225806,31
B00064A5L4,4.129032258064516,31
B000EVEKTM,4.451612903225806,31
B007TA89ZM,4.290322580645161,31
B005NPKDQ8,4.290322580645161,31
B003GXC0RY,4.32258064516129,31
B000WY3AQA,4.483870967741935,31
B000H30FGE,4.483870967741935,31
B001TAJSAI,4.67741935483871,31
B00KYXSF00,4.741935483870968,31
B00DY7SEQI,4.354838709677419,31
B003Z4QGRE,4.225806451612903,31
B00375L8QA,4.483870967741935,31
B005JTSS6K,4.516129032258065,31
B000P0IDYU,4.129032258064516,31
B001E0VWRA,4.741935483870968,31
B002J6YCBQ,4.709677419354839,31
B001EYBG18,4.548387096774194,31
B0002F1H6E,4.387096774193548,31
B001G5IDOI,4.064516129032258,31
B002D7UZ94,4.032258064516129,31
B0018NS54Q,4.935483870967742,31
B00182F2BG,4.580645161290323,31
B00893JLSW,4.258064516129032,31
B003ZXMXCC,4.419354838709677,31
B00AOUCN1K,4.548387096774194,31
B008RGTHHQ,4.838709677419355,31
B009GPM1F2,4.129032258064516,31
B006B8KNU2,4.258064516129032,31
B00FRDPSE8,4.161290322580645,31
B003Q3SLEK,4.741935483870968,31
B000993N42,4.548387096774194,31
B001MYLLYC,4.354838709677419,31
B004PH2V7E,4.064516129032258,31
B004DIZZH8,4.064516129032258,31
B003EH22KC,4.419354838709677,31
B000EZU8P8,4.387096774193548,31
B002D48QIE,4.419354838709677,31
B000J10II4,4.548387096774194,31
B002DRL5SY,4.387096774193548,31
B0016AZE4K,4.32258064516129,31
B00F0IWQNG,4.612903225806452,31
B00138UGMU,4.290322580645161,31
B007SOWKUY,4.387096774193548,31
B000JLAVAO,4.354838709677419,31
B003YD0IIE,4.193548387096774,31
B000JLAUVE,4.838709677419355,31
B001RSAM6Q,4.129032258064516,31
B00AY4ZZES,4.548387096774194,31
B001339RX4,4.161290322580645,31
B005HTNSUI,4.419354838709677,31
B0015347LY,4.032258064516129,31
B002GQ3FA8,4.258064516129032,31
B009LKP0KU,4.354838709677419,31
B005792YVW,4.451612903225806,31
B0011NMKE4,4.354838709677419,31
B0049WV3LU,4.483870967741935,31
B002CML1HA,4.225806451612903,31
B000UER0AO,4.645161290322581,31
B00I9LAZNO,4.741935483870968,31
B0002Z90RM,4.67741935483871,31
B00AEMMZCA,4.225806451612903,31
B00B215GZK,4.354838709677419,31
B001EU9U9M,4.258064516129032,31
B000W23D46,4.612903225806452,31
B002UNFEP6,4.064516129032258,31
B004XY1CY2,4.096774193548387,31
B000XE8ZTG,4.516129032258065,31
B003RCZNZU,4.516129032258065,31
B000RAPKMQ,4.161290322580645,31
B006HJOI0Q,4.548387096774194,31
B005BQWP74,4.419354838709677,31
B00016WXEY,4.290322580645161,31
B002M9YFJ4,4.32258064516129,31
B000LJPWVC,4.225806451612903,31
B001T8QJSO,4.032258064516129,31
B005IH0KDC,4.32258064516129,31
B000P20V0M,4.290322580645161,31
B00BG5HJ16,4.290322580645161,31
B002UQ5VBK,4.32258064516129,31
B003EO46R2,4.064516129032258,31
B001O9LN0C,4.483870967741935,31
B00KXG8JF4,4.935483870967742,31
B003R3K8F4,4.129032258064516,31
B00AAHY05O,4.580645161290323,31
B003N209EO,4.548387096774194,31
B001AKJTC4,4.709677419354839,31
B005NZH154,4.645161290322581,31
B0035AN2WU,4.0,31
B000RBE5TE,4.064516129032258,31
B00JQ12U0M,4.838709677419355,31
B000BTXXI6,4.466666666666667,30
B000KI0FY8,4.833333333333333,30
B004HYL1CQ,4.533333333333333,30
B000C214FG,4.4,30
B001VNP1CC,4.8,30
B002AMUFEW,4.433333333333334,30
B00IIWVJ2U,4.1,30
B000P6W7C8,4.2,30
B00006BN4H,4.4,30
B002JNTEBW,4.266666666666667,30
B0085QU1GY,4.433333333333334,30
B000P20RQU,4.8,30
B008X2133K,4.0,30
B0013KY6I8,4.233333333333333,30
B002PIPIHK,4.533333333333333,30
B004HLSZYQ,4.333333333333333,30
B000DT7G2S,4.266666666666667,30
B003H2LG56,4.233333333333333,30
B008OBUZ5W,4.7,30
B000066SYB,4.633333333333334,30
B00B53KQDW,4.833333333333333,30
B0026P3HI4,4.2,30
B000FW7VNC,4.466666666666667,30
B0011DHA3A,4.0,30
B0085XXNBC,4.5,30
B007XK8L2Y,4.5,30
B00006L9KW,4.0,30
B000OV5LRM,4.533333333333333,30
B00510I42K,4.466666666666667,30
B00BCYLRP0,4.6,30
B008K8D7TK,4.466666666666667,30
B00BB9WBC4,4.066666666666666,30
B002MWXQP0,4.133333333333334,30
B0027WIJD4,4.266666666666667,30
B00BBABG88,4.166666666666667,30
B00BKSPQNW,4.3,30
B00GBQSS56,4.766666666666667,30
B004JZNKH2,4.4,30
B00BFWD6GC,5.0,30
B0001411PS,4.333333333333333,30
B004PCJW7G,4.3,30
B00H1NWX8Q,4.533333333333333,30
B004NMYMJG,4.433333333333334,30
B000BPOIM0,4.133333333333334,30
B00508Y0EO,4.133333333333334,30
B004JQXKVW,4.3,30
B0090GUS02,4.733333333333333,30
B000C1VW4A,4.566666666666666,30
B002G552KU,4.0,30
B002P9FGWQ,4.033333333333333,30
B000JL3OP8,4.266666666666667,30
B002H6SVMY,4.633333333333334,30
B000ZZQMCK,4.266666666666667,30
B000Z65AA4,4.133333333333334,30
B0038U4TRO,4.4,30
B00139TXUU,4.3,30
B008BSYM0C,4.333333333333333,30
B007Y55GVC,4.333333333333333,30
B000C1VWN6,4.666666666666667,30
B0084A5QUM,4.666666666666667,30
B000FP3MAA,4.433333333333334,30
B00384TLQE,4.433333333333334,30
B0083V8SE8,4.166666666666667,30
B00CHGOP1U,4.666666666666667,30
B0011DL98M,4.6,30
B002JF6GMA,4.566666666666666,30
B008M2ASBO,4.066666666666666,30
B000GCVWL8,4.433333333333334,30
B008XMY3IW,4.6,30
B000FQMMS2,4.433333333333334,30
B000XDZVLC,4.3,30
B002GZYEMM,4.5,30
B0011DL6R6,4.433333333333334,30
B000NWCRI8,4.333333333333333,30
B000EMDK3I,4.566666666666666,30
B002CMLH9W,4.166666666666667,30
B00BAVOZYK,4.433333333333334,30
B000XE0D00,4.566666666666666,30
B00CMZ4JTE,4.466666666666667,30
B00HM8PWEM,4.5,30
B008LUGLMC,4.266666666666667,30
B002OD13MU,4.1,30
B001S4C8MK,4.0,30
B000BR766S,4.5,30
B0020MMDNS,4.166666666666667,30
B0010H5NQ8,4.333333333333333,30
B004LGWRC8,4.466666666666667,30
B000KJRK2M,4.0,30
B002D4KAHE,4.4,30
B000XE49GO,4.1,30
B002B4JP90,4.066666666666666,30
B000C1UE9O,4.466666666666667,30
B000C1Z7BY,4.233333333333333,30
B000C219EW,4.6,30
B004CCUAHU,4.533333333333333,30
B0028D4PXU,4.0,30
B0028CBWC8,4.5,30
B004IDJ5E2,4.566666666666666,30
B008U5P0HA,4.633333333333334,30
B002DMJM52,5.0,30
B000PI37GQ,4.166666666666667,30
B000C1ZBYC,4.166666666666667,30
B004I6J49U,4.8,30
B00110U75Q,4.466666666666667,30
B004GW4N8S,4.333333333333333,30
B00I9HIS64,4.433333333333334,30
B002D48R3I,4.133333333333334,30
B004SQ69J8,4.966666666666667,30
B009062W9W,4.0,30
B001TVURZW,4.433333333333334,30
B0093JZ47S,4.433333333333334,30
B000F4IL70,4.066666666666666,30
B000ESCSYO,4.366666666666666,30
B002K8MJZ4,4.2,30
B001UPHQ7E,4.166666666666667,30
B002NBFBLW,4.433333333333334,30
B002HEN2W0,4.666666666666667,30
B002FCDC7Y,4.7,30
B000Z605J0,4.666666666666667,30
B001UTDW5U,4.166666666666667,30
B000NSQNEG,4.433333333333334,30
B008QTH40Q,4.2,30
B001SAQBEA,4.266666666666667,30
B000PJ22O8,4.333333333333333,30
B00DCBIYZ2,4.833333333333333,30
B004LE1CV2,4.6,30
B0043OYFJQ,4.266666666666667,30
B001KUTR9E,4.633333333333334,30
B00GS7OKHS,4.466666666666667,30
B009L781P4,4.533333333333333,30
B001O1B756,4.433333333333334,30
B000MX5NVQ,4.333333333333333,30
B00534WZIS,4.6,30
B0002COXWC,4.666666666666667,30
B001LNOEQQ,4.7,30
B009WI0VFK,4.4,30
B007MJVWTK,4.133333333333334,30
B0061WKNOO,4.333333333333333,30
B003UI3M86,4.433333333333334,30
B0061S8N7W,4.266666666666667,30
B0032T4P7A,4.633333333333334,30
B0007CXY04,4.066666666666666,30
B000R94SJS,4.533333333333333,30
B00GWOJ9UU,4.833333333333333,30
B0007CXYFE,4.166666666666667,30
B007RDI0NW,4.0,30
B0007CZXQC,4.7,30
B000VPG5EE,4.266666666666667,30
B004420H30,4.733333333333333,30
B0055HK65W,4.166666666666667,30
B001E96MQM,4.666666666666667,30
B001LLGOQQ,4.3,30
B003VZNCQK,4.233333333333333,30
B005OZXHEW,4.5,30
B005F1A12G,4.633333333333334,30
B000674Z8A,4.833333333333333,30
B002TUU2EI,4.766666666666667,30
B005FYTGYC,4.4,30
B00CTBW5NS,4.8,30
B00375L8WY,4.033333333333333,30
B0007RBYA6,4.266666666666667,30
B000VOP9V0,4.3,30
B00CA8ZEIS,4.3,30
B005OBZTHE,4.333333333333333,30
B003VMJ01Y,4.4,30
B003VMGT72,4.633333333333334,30
B0002Z0Q6G,4.2,30
B001CJVP02,4.533333333333333,30
B003SR8A1S,4.733333333333333,30
B0042WM5RS,4.266666666666667,30
B001EXZ8V8,4.433333333333334,30
B000UT8800,4.333333333333333,30
B005OZOZ16,4.733333333333333,30
B0043ZJQSA,4.3,30
B006C552AA,4.6,30
B000MXM4J0,4.466666666666667,30
B003L3OQ76,4.366666666666666,30
B006KH2UMS,4.666666666666667,30
B00CRM2SUE,4.5,30
B003YNB752,4.566666666666666,30
B005F1IMFO,4.1,30
B001I90NN6,4.6,30
B001D0BH3K,4.366666666666666,30
B0054KK6DC,4.4,30
B0054Y6DVM,4.233333333333333,30
B009ASC0OC,4.7,30
B000MT0T5U,4.1,30
B0036ZAAVK,4.033333333333333,30
B00027CC4S,4.566666666666666,30
B001ET6YAG,4.933333333333334,30
B0016L3QDK,4.666666666666667,30
B005DVEHYQ,4.3,30
B00736QUEE,4.466666666666667,30
B0016JDLO6,4.466666666666667,30
B0006PJSKC,4.766666666666667,30
B001ET727A,4.6,30
B002RJUPS4,4.733333333333333,30
B001KZMCO6,4.766666666666667,30
B002XO8EH2,4.2,30
B0006PKGJY,4.1,30
B001OGL94U,4.233333333333333,30
B000VUT3O8,4.166666666666667,30
B007URZFKQ,4.633333333333334,30
B006GACVYQ,4.233333333333333,30
B00AN4AS2S,4.033333333333333,30
B0006PJSSO,4.166666666666667,30
B00158P1E6,4.366666666666666,30
B002XGVHY2,4.533333333333333,30
B00D86VPHK,4.0,30
B0072J3VGM,4.5,30
B006HKE2TC,4.3,30
B001ET7BDK,4.266666666666667,30
B0009TRBQI,4.366666666666666,30
B001O5MNUK,4.4,30
B000TNQVJC,4.5,30
B001LF4DN8,4.7,30
B000A3XH16,4.3,30
B007OT1R7K,4.233333333333333,30
B0003009WQ,4.5,30
B000UICT6U,4.433333333333334,30
B003XUMQWO,4.366666666666666,30
B00HS2SXPM,4.2,30
B000IQSU0I,4.766666666666667,30
B005EFNXBY,4.6,30
B003X4I7HS,4.533333333333333,30
B005TMMBJC,4.6,30
B001ET77PC,4.5,30
B001O8BMFE,4.433333333333334,30
B001A3RXN8,4.666666666666667,30
B00347A5IS,4.4,30
B0030GFXP8,4.033333333333333,30
B003VMG3RI,4.166666666666667,30
B003ZKQIY4,4.233333333333333,30
B00095W7D4,4.466666666666667,30
B00CA5UBGG,4.3,30
B0002EZXUG,4.2,30
B006X33FGE,4.7,30
B009ZB6MKM,4.333333333333333,30
B000QXBCZI,4.566666666666666,30
B000VJTH8G,4.2,30
B007IX2DL6,4.233333333333333,30
B001AQO9MI,4.633333333333334,30
B0035TEFWM,4.1,30
B002ULA2VE,4.533333333333333,30
B009GC2VUK,4.233333333333333,30
B000GHIVHQ,4.433333333333334,30
B0002SEHKO,4.2,30
B0006IHDR4,4.866666666666666,30
B001MKOKVM,4.133333333333334,30
B009TH42D6,4.166666666666667,30
B006MGR58Q,4.333333333333333,30
B00081A024,4.533333333333333,30
B000GDA056,4.566666666666666,30
B0043CKN3U,4.0,30
B009G0E59M,4.0,30
B0057GUL5G,4.766666666666667,30
B003VHCXWW,4.233333333333333,30
B002RS6KSY,4.0,30
B000VOHH56,4.033333333333333,30
B009I0KSQO,4.1,30
B009I0KXIW,4.8,30
B00AF9D4JK,4.166666666666667,30
B003UXYTHY,4.633333333333334,30
B007H3897Y,4.066666666666666,30
B00AFIT9F4,4.433333333333334,30
B005IXG9Y0,4.066666666666666,30
B00JSAE0ZE,4.133333333333334,30
B001G47SI6,4.533333333333333,30
B0068J5K52,4.333333333333333,30
B001E0VWT8,4.7,30
B002RT711S,4.366666666666666,30
B00J9E8MPS,4.7,30
B001AWZ5MA,4.166666666666667,30
B009IIL45A,4.266666666666667,30
B003V3ISS4,4.266666666666667,30
B006OZEYR0,4.5,30
B00ES0Z206,4.766666666666667,30
B001GIOW7C,4.133333333333334,30
B00ETBQ5FA,4.033333333333333,30
B002YJIKHU,4.1,30
B000146LJE,4.6,30
B001FBCLS2,4.466666666666667,30
B0018LFWTE,4.2,30
B000H83I0Y,4.1,30
B0017JT658,4.4,30
B003Z922MC,4.866666666666666,30
B0014XECEW,4.866666666666666,30
B0014W0FOY,4.666666666666667,30
B0052MTJO4,4.2,30
B0036238Y4,4.4,30
B0009OAHN2,4.033333333333333,30
B006LUC52E,4.1,30
B007APTJ0U,4.366666666666666,30
B005NY79OI,4.233333333333333,30
B00CRQPNX4,4.966666666666667,30
B000VHE8ZU,4.633333333333334,30
B000VHCGMM,4.366666666666666,30
B0009OAING,4.2,30
B007S0PLEK,4.133333333333334,30
B005G7QK9C,4.033333333333333,30
B001F51T9U,4.266666666666667,30
B0007Y83CQ,4.266666666666667,30
B006LYO53M,4.1,30
B00992L8E2,4.366666666666666,30
B002RT7294,4.433333333333334,30
B000GDA06U,4.4,30
B0009O4QZW,4.033333333333333,30
B001NW7QM4,4.666666666666667,30
B00BV5EX88,4.310344827586207,29
B002XQ1RAG,4.689655172413793,29
B000KOO8AY,4.448275862068965,29
B0083HT86E,4.482758620689655,29
B006YVTQN6,4.068965517241379,29
B001TK666M,4.172413793103448,29
B008SE7W2Y,4.206896551724138,29
B0016A3USM,4.551724137931035,29
B00011JOSC,4.206896551724138,29
B0081GMI6E,4.448275862068965,29
B000NCTXFI,4.137931034482759,29
B001AATJZG,4.172413793103448,29
B001AMBAIS,4.551724137931035,29
B00DSPFI56,4.0,29
B001E6UM4S,4.551724137931035,29
B004Y9GL10,4.9655172413793105,29
B003V3G9NU,4.344827586206897,29
B001T8IOU0,4.724137931034483,29
B005XZ833S,4.241379310344827,29
B001MIZBZI,4.827586206896552,29
B000IVB14A,4.379310344827586,29
B0037LG7L0,4.344827586206897,29
B002XO882S,4.517241379310345,29
B004CDWZ9K,4.758620689655173,29
B004W2XOIM,4.517241379310345,29
B0059U4AQ6,4.482758620689655,29
B000V193RE,4.413793103448276,29
B00BEIJCLA,4.758620689655173,29
B000WBLYQG,4.517241379310345,29
B003PC6Z0O,4.551724137931035,29
B000R8SAOI,4.310344827586207,29
B00J7Q1AV6,4.862068965517241,29
B005XRZP32,5.0,29
B000GG882K,4.137931034482759,29
B000W70QJ6,4.310344827586207,29
B000NWMOBS,4.103448275862069,29
B003QBF3N4,4.241379310344827,29
B000A4TQRO,4.068965517241379,29
B000R3UC6M,4.206896551724138,29
B000H8C9FE,4.724137931034483,29
B000ALBLXE,4.344827586206897,29
B000V36SZW,4.655172413793103,29
B000JYB3IK,4.620689655172414,29
B001E5E2EA,4.620689655172414,29
B001A6DGPE,4.9655172413793105,29
B002YMTLPM,4.724137931034483,29
B001MSEHYE,4.206896551724138,29
B009OY8GK4,4.172413793103448,29
B00578XSYK,4.379310344827586,29
B00CGQMVRQ,4.551724137931035,29
B003APDEEG,4.517241379310345,29
B001T8QIIA,4.172413793103448,29
B001MQBXDY,4.0,29
B002K8XXQ8,4.241379310344827,29
B000ZJJA0M,4.517241379310345,29
B000ZV0BU8,4.586206896551724,29
B0082C55RQ,4.206896551724138,29
B002BPY5O4,4.379310344827586,29
B0042PEBMM,4.0344827586206895,29
B00CEIDWK6,4.137931034482759,29
B002JWMA3C,4.482758620689655,29
B00B785M0C,4.620689655172414,29
B005Z4QT7E,4.310344827586207,29
B000GHVH5Y,4.482758620689655,29
B006Z9E5ZG,4.586206896551724,29
B0013934XW,4.275862068965517,29
B004IBBQ28,4.310344827586207,29
B003AYEG30,4.310344827586207,29
B002B4NP00,4.068965517241379,29
B00716H7U2,4.931034482758621,29
B0042XCGCG,4.689655172413793,29
B00HFGDRPC,4.241379310344827,29
B00BUMDR1Q,4.551724137931035,29
B000BW4U58,4.310344827586207,29
B004WIEHJ6,4.172413793103448,29
B002Y7A8CC,4.586206896551724,29
B00GWRAFD2,4.9655172413793105,29
B005Z49L7O,4.241379310344827,29
B000VHAA5M,4.827586206896552,29
B0017DQ0U8,4.482758620689655,29
B003Z2PYW4,4.724137931034483,29
B007KB8ZW2,4.413793103448276,29
B0027CRZT8,4.551724137931035,29
B00C1XA9HI,4.413793103448276,29
B0009OAGWY,4.379310344827586,29
B003LR5QWQ,4.413793103448276,29
B007K69D7S,4.758620689655173,29
B004PEM3S4,4.241379310344827,29
B00BAY4DY4,4.103448275862069,29
B001FBOC2A,4.206896551724138,29
B0000536F0,4.344827586206897,29
B00ACECT4Y,4.724137931034483,29
B000RYKBA8,4.620689655172414,29
B000CPJPT0,4.344827586206897,29
B001FSK8PS,4.551724137931035,29
B000CNP49M,4.241379310344827,29
B003LYJQSO,4.724137931034483,29
B0018FNVE8,4.413793103448276,29
B005LW0BI8,4.137931034482759,29
B0035UTVSY,4.448275862068965,29
B00D5KN5YA,4.482758620689655,29
B00ANJQ8RC,5.0,29
B001W2TAOC,4.103448275862069,29
B000FZVSOC,4.137931034482759,29
B0001M3KI6,4.655172413793103,29
B001F0QX0K,4.206896551724138,29
B00CNXKLA6,4.172413793103448,29
B00AJOJ0GW,4.724137931034483,29
B0009PL4D8,4.689655172413793,29
B001795T6I,4.655172413793103,29
B000FZDPWK,4.448275862068965,29
B000DIN3GC,4.655172413793103,29
B001F36O7O,4.448275862068965,29
B000DIN39Y,4.655172413793103,29
B0041LQX5K,4.275862068965517,29
B001F3CQZI,4.137931034482759,29
B001F51RH4,4.172413793103448,29
B001W0QHF4,4.172413793103448,29
B00AB1JVGC,4.379310344827586,29
B000SSGFDK,4.275862068965517,29
B000P25170,4.517241379310345,29
B0040YRFAK,4.241379310344827,29
B0011E2RTQ,4.793103448275862,29
B001GIM7R4,4.241379310344827,29
B000WS6NP6,4.379310344827586,29
B000VOJGEG,4.482758620689655,29
B0039OQ0FI,4.103448275862069,29
B002UQN0J0,4.517241379310345,29
B000N2KJTW,4.689655172413793,29
B001G2PEBG,4.379310344827586,29
B0020MMGF8,4.241379310344827,29
B004A8TVXA,4.103448275862069,29
B00005OM26,4.482758620689655,29
B004RJ6Y7I,4.448275862068965,29
B00243FMA4,4.620689655172414,29
B000S9983S,4.517241379310345,29
B0088JJ7YK,4.620689655172414,29
B007H21OM2,4.241379310344827,29
B003ZZQ2JA,4.310344827586207,29
B000LL5IVE,4.344827586206897,29
B00355G1N2,4.206896551724138,29
B00C1EX99C,4.206896551724138,29
B0048NTJ0W,4.137931034482759,29
B0001Y74WM,4.0344827586206895,29
B001H3JK3W,4.0,29
B00CHWA1Q2,4.413793103448276,29
B000VJRUQ2,4.310344827586207,29
B004T9ER1G,4.206896551724138,29
B0020MM79I,4.068965517241379,29
B0012BVXQ6,4.482758620689655,29
B000VOLCPC,4.551724137931035,29
B0089N2MO2,4.758620689655173,29
B000S0ES1O,4.482758620689655,29
B000C2317A,4.172413793103448,29
B008XWY8Y6,4.103448275862069,29
B007EHN6EO,4.413793103448276,29
B000FV6UA8,4.0,29
B001FY52CG,4.379310344827586,29
B000CI9XGM,4.344827586206897,29
B000JL69XC,4.689655172413793,29
B00852IFWK,4.448275862068965,29
B0019IZ6B0,4.827586206896552,29
B0010SYLB0,4.206896551724138,29
B005DOYJTG,4.586206896551724,29
B008DGDQ3Q,4.655172413793103,29
B0019GE8ZC,4.413793103448276,29
B000WEPAHW,4.344827586206897,29
B004MKRO6M,4.9655172413793105,29
B0084NY50G,4.103448275862069,29
B004BYNLIO,4.310344827586207,29
B0019D2ZUK,4.344827586206897,29
B000052YOC,4.758620689655173,29
B005UBN57O,4.103448275862069,29
B00CB87BQ0,4.689655172413793,29
B000JL3WNW,4.241379310344827,29
B003XW1EZM,4.310344827586207,29
B00A82MRFG,4.310344827586207,29
B000RLURG4,4.241379310344827,29
B002X4AGMS,4.620689655172414,29
B0009XH6M8,4.103448275862069,29
B00D6XRZOM,4.241379310344827,29
B0010K9NH0,4.482758620689655,29
B004LSLE0C,4.517241379310345,29
B003XHCTEC,4.551724137931035,29
B000052Y31,4.137931034482759,29
B00CAYUCQQ,4.137931034482759,29
B001UG2G0K,4.655172413793103,29
B001KYUHGM,4.551724137931035,29
B003JTAWOS,4.0,29
B0074FSFXI,4.206896551724138,29
B000RGZTMQ,4.896551724137931,29
B001EO5WWW,4.0,29
B004VUIVAQ,4.275862068965517,29
B001EPIK84,4.758620689655173,29
B003JT8PKQ,4.655172413793103,29
B0019698P2,4.344827586206897,29
B00112L1BS,4.172413793103448,29
B003K5JVHU,4.482758620689655,29
B000C1Z9ZS,4.620689655172414,29
B001EVZ2AM,4.517241379310345,29
B00G2X616Q,4.275862068965517,29
B0028S0V1K,4.0344827586206895,29
B000070IWM,4.310344827586207,29
B00112DUFS,4.275862068965517,29
B00022F1DW,4.551724137931035,29
B005P11F4O,4.793103448275862,29
B001EWF3FK,4.172413793103448,29
B0001KBPBC,4.344827586206897,29
B005FFPVAE,4.344827586206897,29
B00ENJYRI0,4.137931034482759,29
B000NNCA16,4.517241379310345,29
B0036AK7AO,4.724137931034483,29
B002WJRJX8,4.275862068965517,29
B0028M9SWO,4.0,29
B0012NIU2E,4.0344827586206895,29
B004BCXAH8,4.068965517241379,29
B001V9LUVW,4.172413793103448,29
B000C1Z6RY,4.689655172413793,29
B001KOTQU0,4.724137931034483,29
B002LE8P82,4.344827586206897,29
B001V0OI4M,4.620689655172414,29
B00170F6A6,4.655172413793103,29
B001K9X9W6,4.793103448275862,29
B000LAG5TY,4.068965517241379,29
B000C1Z6P6,4.793103448275862,29
B0007CXY0E,4.310344827586207,29
B000H3CPQM,4.931034482758621,29
B0041T9F5C,4.413793103448276,29
B0007CXY5E,4.517241379310345,29
B0018TA94O,4.620689655172414,29
B005Q8QKLY,4.206896551724138,29
B008C4SQO8,4.0344827586206895,29
B003FBMFMC,4.344827586206897,29
B00HVKJCPG,4.310344827586207,29
B00014HDT6,4.620689655172414,29
B003URDOVC,4.793103448275862,29
B000K9AGEQ,4.206896551724138,29
B000FH4I1U,4.379310344827586,29
B00466OG04,4.137931034482759,29
B004HGHD44,4.206896551724138,29
B001CEKOOK,4.379310344827586,29
B006R1HC3Y,4.689655172413793,29
B000YEQZ1K,4.379310344827586,29
B003IQA5LW,4.482758620689655,29
B000VYIH3M,4.379310344827586,29
B000Y8SJCO,4.0344827586206895,29
B001SKWB1C,4.448275862068965,29
B001SJ9NDW,4.689655172413793,29
B004H6YD1K,4.068965517241379,29
B00BIAKTMU,4.103448275862069,29
B001CT098Q,4.0,29
B0054J6WPE,4.655172413793103,29
B00EA5B7HG,4.275862068965517,29
B00BTNKRIM,4.448275862068965,29
B006GOQ8RI,4.689655172413793,29
B004DGKTEO,4.448275862068965,29
B008ORT4NU,4.379310344827586,29
B004Z1O6U0,4.551724137931035,29
B00INB4HZW,4.827586206896552,29
B006HJQVCO,4.0344827586206895,29
B0054MSBDM,4.103448275862069,29
B0014XQ83K,4.413793103448276,29
B009TD9P9G,4.206896551724138,29
B003IUGO5E,4.827586206896552,29
B000HGONKA,4.241379310344827,29
B000BC11KU,4.896551724137931,29
B00GJ48NVO,4.931034482758621,29
B002H937FW,4.448275862068965,29
B009VJ0T84,4.0344827586206895,29
B0002RUNKI,4.344827586206897,29
B001R4CLG4,4.655172413793103,29
B00AYLYDIK,4.344827586206897,29
B003UE0HG0,4.689655172413793,29
B00AZBWPSO,4.379310344827586,29
B006FJMPZS,4.517241379310345,29
B007WGNF7U,4.896551724137931,29
B004EWV81K,4.206896551724138,29
B006NBZ1MC,4.172413793103448,29
B00GJQAD4M,4.793103448275862,29
B007TP0V8U,4.862068965517241,29
B007THNPBS,4.344827586206897,29
B0045U2Z72,4.586206896551724,29
B000KQDUKQ,4.551724137931035,29
B002FBFQME,4.482758620689655,29
B0037LOQ9U,4.0,29
B00DM5XEO4,4.275862068965517,29
B0031O5QF6,4.413793103448276,29
B000HLCIY8,4.689655172413793,29
B000Q2Y04Y,4.482758620689655,29
B00F3N9QTA,4.689655172413793,29
B003TNITJO,4.206896551724138,29
B000O2PLGC,4.310344827586207,29
B00BJ6BH6K,4.724137931034483,29
B0051A5PCC,4.0344827586206895,29
B006H2ZASC,4.551724137931035,29
B008JB0V06,4.172413793103448,29
B000YA27AW,4.586206896551724,29
B00459ZRRS,4.103448275862069,29
B002Z7FVC8,4.551724137931035,29
B000VZIKHO,4.551724137931035,29
B000HZEKDG,4.517241379310345,29
B007XX4EYU,4.482758620689655,29
B000O7JOT2,4.206896551724138,29
B000Z3V4FM,4.241379310344827,29
B0050707MY,4.379310344827586,29
B004FL774C,4.413793103448276,29
B0096WUELS,4.310344827586207,29
B0045H1K3A,4.206896551724138,29
B006MPZKCA,4.793103448275862,29
B001QT5FMM,4.0344827586206895,29
B00BT8XWAW,4.379310344827586,29
B00AYCOLMC,4.551724137931035,29
B003B6NU7U,4.344827586206897,29
B001CZKXVS,4.103448275862069,29
B00HNWNXAW,4.413793103448276,29
B001R1E250,4.137931034482759,29
B00HAZ4MBQ,4.482758620689655,29
B004HYLTTG,4.517241379310345,29
B002QN4EF6,4.586206896551724,29
B0050N4DRS,4.068965517241379,29
B004DFOY46,4.206896551724138,29
B003R1BDRI,4.448275862068965,29
B001B5A6QQ,4.103448275862069,29
B006GQCMJO,4.379310344827586,29
B004HFNVIW,4.068965517241379,29
B0014ZB5J0,4.344827586206897,29
B003UW3I5O,4.172413793103448,29
B00GY1V2X8,4.103448275862069,29
B000KQ73AY,4.137931034482759,29
B007VD887Q,4.068965517241379,29
B000BHL34Y,4.068965517241379,29
B000HM5YQG,4.172413793103448,29
B00BAXYL6U,4.107142857142857,28
B0033PCDZY,4.464285714285714,28
B005Y23A3S,4.285714285714286,28
B002BTETIC,4.107142857142857,28
B001CBEQME,4.714285714285714,28
B000C1Z53E,4.357142857142857,28
B000YLBQ6W,4.714285714285714,28
B007WR91L8,4.785714285714286,28
B001BBK4E4,4.357142857142857,28
B0048CAUTC,4.25,28
B0040ZG3MK,4.178571428571429,28
B00GY5XVWY,4.357142857142857,28
B005XSZS60,4.678571428571429,28
B004151946,4.107142857142857,28
B000ZX64YS,4.607142857142857,28
B004H02HA0,4.785714285714286,28
B000FKLMEI,4.321428571428571,28
B001ET7BJ4,4.607142857142857,28
B004TGSHPG,4.785714285714286,28
B006HKAF3Y,4.357142857142857,28
B007K0PUDA,4.107142857142857,28
B00ALI4BYM,4.285714285714286,28
B005GQS6UY,4.714285714285714,28
B005GQ1PD4,4.035714285714286,28
B002710G9A,4.357142857142857,28
B000P251NE,4.107142857142857,28
B0007M2400,4.714285714285714,28
B000F6CGO2,4.321428571428571,28
B000067BL6,4.107142857142857,28
B001782OO4,4.642857142857143,28
B0010EPQ36,4.642857142857143,28
B000NUG5LK,4.178571428571429,28
B000C2179E,4.25,28
B001394CZG,4.214285714285714,28
B007U90J7S,4.892857142857143,28
B006EGMFCA,4.428571428571429,28
B0006O4MCM,4.607142857142857,28
B00CP4QLC0,4.678571428571429,28
B003PGH45U,4.607142857142857,28
B00DUEVOQ2,4.642857142857143,28
B000GCTDSW,4.142857142857143,28
B000EHN2DG,4.785714285714286,28
B004E4GHRS,4.285714285714286,28
B000XEBEWQ,4.678571428571429,28
B002EHH4AQ,4.285714285714286,28
B002UD5IY8,4.142857142857143,28
B000E7UE3W,4.392857142857143,28
B00103DUZS,4.464285714285714,28
B000YB5T3S,4.392857142857143,28
B004AUG5TQ,4.535714285714286,28
B001FQR524,4.535714285714286,28
B007QE1ZR0,4.178571428571429,28
B0091IQNTE,4.5,28
B002P3L08Q,4.642857142857143,28
B002Q803Q0,4.607142857142857,28
B00BSV0FFA,4.285714285714286,28
B0053V6NDE,4.321428571428571,28
B00FNCT8EE,4.178571428571429,28
B006R3CORG,4.357142857142857,28
B00008DHS5,4.642857142857143,28
B00551LUH6,4.75,28
B00GHNOQ54,4.714285714285714,28
B001392TJM,4.392857142857143,28
B005OZC2MU,4.392857142857143,28
B00014HF94,4.607142857142857,28
B005MIFIWK,4.178571428571429,28
B005MIFIW0,4.392857142857143,28
B009W43ZCU,4.285714285714286,28
B004Z1VC02,4.5,28
B00EU7DBPK,4.535714285714286,28
B000QUI920,4.821428571428571,28
B00HYGRJZM,4.928571428571429,28
B005O6PCE4,4.035714285714286,28
B001I6U0IM,4.214285714285714,28
B00HEQKY7M,4.535714285714286,28
B0001EKYL0,4.5,28
B002T4894O,4.285714285714286,28
B003U4YR1Q,4.5,28
B002U23A2G,4.535714285714286,28
B005DI4KQ4,4.214285714285714,28
B005C7HM84,4.0,28
B0054MSBPU,4.428571428571429,28
B000X5REO2,4.5,28
B000WLW9Y2,4.5,28
B000052YJE,4.75,28
B002HHTEN8,4.142857142857143,28
B003XWEFEE,4.678571428571429,28
B001EPQ1US,4.678571428571429,28
B003JT8P6U,4.357142857142857,28
B006GQFHYG,4.25,28
B000RJDZSS,4.714285714285714,28
B005E9SA7C,4.642857142857143,28
B001BKNG2C,4.714285714285714,28
B00ITAANDW,4.928571428571429,28
B001ET72U2,4.857142857142857,28
B000P1TYG0,4.464285714285714,28
B000SST81Q,4.75,28
B000QHF8OU,4.285714285714286,28
B000VCL52Y,4.321428571428571,28
B000XYWSBM,4.928571428571429,28
B003NTKXCK,4.214285714285714,28
B006RU9WO2,4.5,28
B00IZQ66V8,4.785714285714286,28
B001IBSPPM,4.25,28
B001F0S2MM,4.642857142857143,28
B005OHQUTO,4.357142857142857,28
B002T5GLAW,4.357142857142857,28
B004DTM8VI,4.321428571428571,28
B001PAQHCO,4.535714285714286,28
B007OT1TBE,4.071428571428571,28
B000C1Z19C,4.428571428571429,28
B000O1NORG,4.071428571428571,28
B00156R8QC,4.392857142857143,28
B000052Z5B,4.642857142857143,28
B002SVAJK0,4.5,28
B002XNZJVW,4.75,28
B003ZA2OE2,4.321428571428571,28
B0011DJ4RK,4.607142857142857,28
B000ULPFP4,4.821428571428571,28
B005EIPIZ0,4.428571428571429,28
B001FB5HZG,4.678571428571429,28
B00A6AK6SK,4.428571428571429,28
B002TSA94S,4.178571428571429,28
B005X6OC3W,4.428571428571429,28
B007BF7ENI,4.035714285714286,28
B000VHTU80,4.5,28
B004B9COVY,4.678571428571429,28
B003UA5HCS,4.678571428571429,28
B00015GWQU,4.642857142857143,28
B000LRFYA8,4.464285714285714,28
B002LE8P5U,4.714285714285714,28
B005GMYPJ4,4.25,28
B0009OAGQU,4.607142857142857,28
B00EIKCTES,4.785714285714286,28
B001105Y7M,4.928571428571429,28
B003ODK3FM,4.75,28
B000FQ4ZX2,4.321428571428571,28
B004U3XOHY,4.107142857142857,28
B00CYOYL3C,4.285714285714286,28
B003A247ZY,4.535714285714286,28
B0012J30KU,4.392857142857143,28
B0006SFXYY,4.0,28
B000JO2NWA,4.535714285714286,28
B0027EWWIK,4.107142857142857,28
B000JCAG8K,4.178571428571429,28
B001ELU2UW,4.928571428571429,28
B00157YWYC,4.857142857142857,28
B002X9QNKM,4.142857142857143,28
B00AU9P2AO,4.107142857142857,28
B00474YQN2,4.428571428571429,28
B005CTMWUU,4.428571428571429,28
B001ET77TI,4.571428571428571,28
B005NWO9J8,4.285714285714286,28
B005OS8NZC,4.464285714285714,28
B008DSSYTK,4.571428571428571,28
B0017J22V8,4.035714285714286,28
B002QGDBIO,4.25,28
B000H0U77O,4.107142857142857,28
B0033UOO42,4.25,28
B002VWL2AM,4.0,28
B000GFZWAM,4.107142857142857,28
B0002X3SH2,4.607142857142857,28
B00005B503,4.285714285714286,28
B0012NWEZI,4.392857142857143,28
B00ENDM3GE,4.0,28
B004RC4FSK,4.321428571428571,28
B000KQ73KE,4.178571428571429,28
B00AQHE87S,4.642857142857143,28
B0018XYG4E,4.607142857142857,28
B001G8JSS0,4.714285714285714,28
B001C2NF5M,4.357142857142857,28
B000NZT6KM,4.464285714285714,28
9790786948,4.357142857142857,28
B00FOGWSOG,4.357142857142857,28
B006I8T1IU,4.607142857142857,28
B004RHYWLA,4.428571428571429,28
B00021C9BA,4.75,28
B000Z606EO,4.321428571428571,28
B005JVZGCW,4.678571428571429,28
B00D0NP5E0,4.785714285714286,28
B0037BWEZS,4.535714285714286,28
B007TCQGJG,4.25,28
B000GHL1YG,4.428571428571429,28
B004UOKWPA,4.535714285714286,28
B00023IXDQ,4.75,28
B000W8JZIS,4.821428571428571,28
B007HU26Z8,4.285714285714286,28
B006428HO4,4.464285714285714,28
B003QAD9UE,4.178571428571429,28
B001CT09KE,4.285714285714286,28
B000RO0I9M,4.035714285714286,28
B001E763K4,4.571428571428571,28
B001TH8Y4M,4.607142857142857,28
B000V56MAQ,4.0,28
B00BC4D1B8,4.535714285714286,28
B000MGOZ30,4.357142857142857,28
B007TKI2S6,4.142857142857143,28
B000AADF20,4.5,28
B005K85P3E,4.892857142857143,28
B006I336FO,4.357142857142857,28
B00AQBDZLE,4.25,28
B003VJU2O6,4.714285714285714,28
B001E6UJJ6,4.428571428571429,28
B000BTAVIQ,4.035714285714286,28
B0046HJM6Q,4.357142857142857,28
B000JR39M0,4.357142857142857,28
B008QY9PTY,4.535714285714286,28
B00DQHX1IM,4.785714285714286,28
B00AREI6DC,4.357142857142857,28
B002DMQRXW,4.357142857142857,28
B004RUMF5M,4.535714285714286,28
B009I0KVOI,4.464285714285714,28
B00329U5LK,4.25,28
B0006D3IAU,4.035714285714286,28
B003MNETXQ,4.357142857142857,28
B005PHMT84,4.535714285714286,28
B004DC4XA4,4.428571428571429,28
B005JDPJ3G,4.464285714285714,28
B00CF6M0NC,4.892857142857143,28
B000H9C1UG,4.5,28
B003ZYU7VK,4.285714285714286,28
B00CXSY91I,4.678571428571429,28
B000V1GHMS,4.607142857142857,28
B000Z4NDLO,4.214285714285714,28
B005JDPIRS,4.571428571428571,28
B001G7PLDW,4.464285714285714,28
B00GJW40MW,4.678571428571429,28
B000P8559S,4.607142857142857,28
B000Z4NFA8,4.714285714285714,28
B005J5T5VG,4.607142857142857,28
B000NYL4AS,4.25,28
B009HKAYAK,4.428571428571429,28
B00AFSJXHS,4.392857142857143,28
B0045HWN22,4.142857142857143,28
B002JNV8JI,4.428571428571429,28
B00150IIR6,4.535714285714286,28
B002GN6JCW,4.285714285714286,28
B004NTHBQ0,4.321428571428571,28
B0000YV6BI,4.357142857142857,28
B001EWF346,4.678571428571429,28
B001V9LUR6,4.392857142857143,28
B0013ND5X2,4.821428571428571,28
B004YDQH56,4.357142857142857,28
B000B9N0N4,4.5,28
B001AROTDG,4.035714285714286,28
B004G91LAO,4.107142857142857,28
B002RT71S6,4.428571428571429,28
B007SOIAUS,4.214285714285714,28
B00247ATBW,4.464285714285714,28
B008IH8SUQ,4.035714285714286,28
B0045VBTPU,4.071428571428571,28
B009I12STI,4.321428571428571,28
B001EWF2RO,4.678571428571429,28
B0001437D2,4.464285714285714,28
B000J10IJ8,4.892857142857143,28
B004HYLRA2,4.214285714285714,28
B00COAYSWA,4.535714285714286,28
B004DBXKM2,4.214285714285714,28
B004Y0UWIC,4.214285714285714,28
B00GXPHY82,5.0,28
B004XAY036,4.535714285714286,28
B007011MD6,4.607142857142857,28
B00GTWR7AO,4.392857142857143,28
B000EMDKC4,4.428571428571429,28
B003Y686VC,4.071428571428571,28
B001E96LAO,4.214285714285714,28
B0042UDBFK,4.214285714285714,28
B004T49ZEK,4.25,28
B000NRT07O,4.857142857142857,28
B0017O1VHY,4.357142857142857,28
B001126XI4,4.5,28
B000C230LW,4.392857142857143,28
B001LNOEMU,4.607142857142857,28
B005A5W9F4,4.428571428571429,28
B007ZH6TVA,4.642857142857143,28
B00440AMNM,4.571428571428571,28
B004QS0E0S,4.035714285714286,28
B0099PYDXM,4.25,28
B000C231ZW,4.107142857142857,28
B004QRX6U4,4.035714285714286,28
B001E96L1S,4.678571428571429,28
B0040B821Y,4.607142857142857,28
B007RKC284,4.357142857142857,28
B004CZSVZ0,4.714285714285714,28
B0026I4E9M,4.214285714285714,28
B004O3YE2Y,4.285714285714286,28
B000QD3HQK,4.428571428571429,28
B00374LSVQ,4.178571428571429,28
B001E96NEI,4.5,28
B001ET7EA0,4.607142857142857,28
B000XTCIPI,4.321428571428571,28
B004AMC1LA,4.5,28
B00150B7VA,4.357142857142857,28
B003EGWQ36,4.25,28
B000F8IONM,4.678571428571429,28
B0060M92CO,4.285714285714286,28
B001CB4OCQ,4.178571428571429,28
B001E96NZM,4.392857142857143,28
B0012DDW6S,4.571428571428571,28
B000NN3H18,4.607142857142857,28
B000URWZ8S,4.535714285714286,28
B0037LMURA,4.607142857142857,28
B003AQGX1Q,4.785714285714286,28
B0042TVA90,4.357142857142857,28
B007D4S6HA,4.642857142857143,28
B000AUTHEA,4.321428571428571,28
B0045D7BG4,4.5,28
B001E96MW6,4.428571428571429,28
B003WOFAO2,4.285714285714286,28
B001641KGM,4.821428571428571,28
B00E0T1FOM,5.0,28
B00344F5AO,4.357142857142857,28
B000C1VSSU,4.107142857142857,28
B000142TU4,4.357142857142857,28
B000O9FRXW,4.5,28
B002PBGBB4,4.071428571428571,28
B00K4FD59E,4.607142857142857,28
B00189ZKWK,4.214285714285714,28
B007F17NMA,4.25,28
B000NHOXYO,4.857142857142857,28
B00141G48Q,4.357142857142857,28
B002CML02Q,4.392857142857143,28
B0051POX8O,4.607142857142857,28
B0012RT25E,4.428571428571429,28
B00GFHNEXW,4.178571428571429,28
B004YRPRJE,4.035714285714286,28
B003Q19TW0,4.75,28
B0045DYL8U,4.392857142857143,28
B009IROB4W,4.392857142857143,28
B000KU930S,4.035714285714286,28
B004KAW540,4.214285714285714,28
B001K1GY9E,4.785714285714286,28
B0063I3M5I,4.714285714285714,28
B003VMXNCG,4.0,28
B003FB2A4A,4.642857142857143,28
B003Y7TKQQ,4.25,28
B00AQ23SNI,4.178571428571429,28
B001E76FFW,4.214285714285714,28
B000SBGX8Y,4.892857142857143,28
B000XE09LS,4.428571428571429,28
B0089Q0JZS,4.392857142857143,28
B002HRENYI,4.285714285714286,28
B0011FPIGO,4.392857142857143,28
B000JJU5UW,4.535714285714286,28
B000PILEWA,4.714285714285714,28
B0017P7BOA,4.178571428571429,28
B000C1UER6,4.535714285714286,28
B003IHKXCC,4.071428571428571,28
B00B187C9M,4.214285714285714,28
B009SQGO0W,4.5,28
B001RCLRWU,4.035714285714286,28
B005ECLAIU,4.464285714285714,28
B003HUJOWA,4.5,28
B000BRPMJG,4.214285714285714,28
B0046KJ3SA,4.678571428571429,28
B00H3MATM2,4.107142857142857,28
B005OT3S2E,4.555555555555555,27
B001F19ACC,4.666666666666667,27
B0007NZPY6,4.333333333333333,27
B003KXUNA6,4.481481481481482,27
B000BLMKMO,4.037037037037037,27
B003FBKAA6,4.518518518518518,27
B00175YVOS,4.592592592592593,27
B003YJ6BMU,4.555555555555555,27
B007Y06Y3G,4.444444444444445,27
B008MAU8XY,4.222222222222222,27
B005FYHC9S,4.111111111111111,27
B000QS87PG,4.555555555555555,27
B000OZN24M,4.444444444444445,27
B00014DTY4,4.62962962962963,27
B001CL9XIQ,4.481481481481482,27
B007Y099SS,4.851851851851852,27
B006R8AB0I,4.444444444444445,27
B003TX0BX6,4.222222222222222,27
B001J6O5OQ,4.333333333333333,27
B000VOPFIC,4.444444444444445,27
B006JKXJ4E,4.666666666666667,27
B004GAKOBA,4.555555555555555,27
B0000531WL,4.222222222222222,27
B0050KLBXU,4.333333333333333,27
B001IIPVZW,4.777777777777778,27
B000E1VWA2,4.555555555555555,27
B0012NWA2A,4.407407407407407,27
B00469V3R0,4.148148148148148,27
B001F20YMG,4.592592592592593,27
B001QOP2KM,4.074074074074074,27
B005KK797W,4.185185185185185,27
B000URVDJA,4.37037037037037,27
B0011NK95G,4.703703703703703,27
B000VOJLIC,4.592592592592593,27
B005KC1H5K,4.703703703703703,27
B00FH3DWAU,4.444444444444445,27
B0018662UW,4.148148148148148,27
B001GEHOGM,4.407407407407407,27
B001GED09C,4.37037037037037,27
B0017QSTDQ,4.7407407407407405,27
B00F4JDVE4,4.592592592592593,27
B003ZSVT1I,4.296296296296297,27
B001FWXMIY,4.037037037037037,27
B0025Z267S,4.888888888888889,27
B000M8U212,4.814814814814815,27
B000BF45Z0,4.37037037037037,27
B0087FAU32,4.7407407407407405,27
B003N789UK,4.296296296296297,27
B005HIGY46,4.518518518518518,27
B0051UPMES,4.444444444444445,27
B0026IJF96,4.481481481481482,27
B004T19PBG,4.222222222222222,27
B0039I4ENY,4.037037037037037,27
B004T19PAC,4.777777777777778,27
B007ILHI5Y,4.333333333333333,27
B00351VOUQ,4.296296296296297,27
B000PBM6B0,4.222222222222222,27
B003ZS6OJU,4.407407407407407,27
B005L4ULCC,4.555555555555555,27
B000XT89S8,4.444444444444445,27
B0040880QE,4.518518518518518,27
B000NRAUPK,4.444444444444445,27
B005JRTEK6,4.0,27
B001QKX4I8,4.555555555555555,27
B005JRGH0G,4.518518518518518,27
B003BMJGKE,4.407407407407407,27
B001G73YQI,4.518518518518518,27
B00LLPT4HI,4.925925925925926,27
B009I0LFKM,4.851851851851852,27
B000KJXKAS,4.814814814814815,27
B000CBD0W2,4.703703703703703,27
B000VO01SG,4.296296296296297,27
B00005LBRR,4.0,27
B0049U05KM,4.444444444444445,27
B00AFCOZN6,4.62962962962963,27
B004S0ETHI,4.296296296296297,27
B0017WNHXM,4.0,27
B0035COC5Y,4.555555555555555,27
B005IUGXBM,4.703703703703703,27
B001832P60,4.37037037037037,27
B00099QZOW,4.2592592592592595,27
B000VOHP8U,4.333333333333333,27
B000N2KMEY,4.62962962962963,27
B0009F3OX6,4.333333333333333,27
B0009F3OR2,4.592592592592593,27
B001QAA1GG,4.407407407407407,27
B004072TCG,4.518518518518518,27
B0020MMM7U,4.555555555555555,27
B000NPY0WG,4.703703703703703,27
B0011UVCKU,4.333333333333333,27
B000VOHPQW,4.666666666666667,27
B0017SQ3B4,4.481481481481482,27
B004TB8F7Q,4.333333333333333,27
B0000533G8,4.481481481481482,27
B00ABBUV16,4.148148148148148,27
B004P2TYKG,4.296296296296297,27
B004TX0MLQ,4.555555555555555,27
B003Z4UJX6,4.7407407407407405,27
B001F51VKM,4.074074074074074,27
B00456E0NS,4.814814814814815,27
B000CR2FYA,4.407407407407407,27
B00BB3K2QW,4.148148148148148,27
B001PKXTWA,4.0,27
B002VWK9G0,4.555555555555555,27
B00456E93E,4.703703703703703,27
B000NSTZAU,4.074074074074074,27
B0037QGE9A,4.555555555555555,27
B0012HSPV6,4.0,27
B00F5KDWYQ,4.2592592592592595,27
B00AC3G0ZY,4.518518518518518,27
B00BKHN67Q,4.0,27
B008657ER8,4.185185185185185,27
B001WAKUC0,4.592592592592593,27
B007XJ22N4,4.703703703703703,27
B000QF8O8O,4.2592592592592595,27
B002QFMJU6,4.333333333333333,27
B006QREFI4,4.37037037037037,27
B006L1O9DG,4.185185185185185,27
B0001MKV42,4.407407407407407,27
B002W9H6HC,4.7407407407407405,27
B006L6U0JI,4.037037037037037,27
B001I90NR2,4.888888888888889,27
B0030GSEWC,4.444444444444445,27
B003BOM2JY,4.444444444444445,27
B00E07VB6G,4.148148148148148,27
B008B3081Y,4.555555555555555,27
B007AE0270,4.148148148148148,27
B0050Q58XI,4.481481481481482,27
B007WA4EJY,4.074074074074074,27
B000P20S2S,4.592592592592593,27
B001QXC8B4,4.703703703703703,27
B00415T6BY,4.666666666666667,27
B003TJDZKG,4.703703703703703,27
B005GQ6IPY,4.0,27
B000P250ZI,4.148148148148148,27
B00081PZ2Y,4.296296296296297,27
B003981CTS,4.333333333333333,27
B00CRYE9U4,4.148148148148148,27
B003EGSBI0,4.111111111111111,27
B003ZK7SNE,4.777777777777778,27
B002UEGTUE,4.7407407407407405,27
B00BKNYCAU,4.074074074074074,27
B006PIOSZ4,4.2592592592592595,27
B000C21BPY,4.555555555555555,27
B0026PRTWO,4.037037037037037,27
B0095WGOX6,4.37037037037037,27
B0040VGR3Y,4.555555555555555,27
B0001Y74TA,4.037037037037037,27
B007CNDZIW,4.148148148148148,27
B001FWXFUO,4.814814814814815,27
B000GX9HIW,4.2592592592592595,27
B005LU5G44,4.592592592592593,27
B002R10VFE,4.407407407407407,27
B005LZT9HO,4.333333333333333,27
B003SSXV5C,4.037037037037037,27
B005GQ6L0G,4.333333333333333,27
B00IFVHJBO,4.962962962962963,27
B00IFVHJCI,4.888888888888889,27
B000P22ZT2,4.592592592592593,27
B0039UTU9U,4.074074074074074,27
B000CPZ17U,4.592592592592593,27
B004FLSW8C,4.37037037037037,27
B009VGIHS6,4.111111111111111,27
B0014DH6EK,4.666666666666667,27
B003NHEOPY,4.037037037037037,27
B00005375C,4.592592592592593,27
B004EMJ9EI,4.222222222222222,27
B000HS6O64,4.111111111111111,27
B003T0CRFO,4.444444444444445,27
B0016JA07M,4.222222222222222,27
B001NXOBIU,4.111111111111111,27
B002SQ6YRC,4.0,27
B003HDATIU,4.37037037037037,27
B004W3GKVO,4.2592592592592595,27
B001MCBWQ6,4.62962962962963,27
B001KZPJL4,4.2592592592592595,27
B000EPA4GQ,4.666666666666667,27
B000052XEG,4.296296296296297,27
B008H5GFWC,4.185185185185185,27
B004LL5NKQ,4.333333333333333,27
B000QUNDDK,4.925925925925926,27
B0058RVR6G,4.555555555555555,27
B001MA9MRY,4.518518518518518,27
B000GHWX3Y,4.37037037037037,27
B004D282LU,4.296296296296297,27
B003ATJNF6,4.407407407407407,27
B004Z2NPK6,4.37037037037037,27
B00CN3AYUI,4.777777777777778,27
B00G5KZ7HU,4.407407407407407,27
B0036Z1HFS,4.333333333333333,27
B0000Y3C3I,4.296296296296297,27
B004X8KP9Q,4.185185185185185,27
B0054Y2D2A,4.407407407407407,27
B000ZECIDS,4.666666666666667,27
B0055S4DCI,4.222222222222222,27
B000O7PL2G,4.111111111111111,27
B004Z94468,4.148148148148148,27
B000U0K64A,4.814814814814815,27
B003XFRSF4,4.333333333333333,27
B00HNYES2C,4.851851851851852,27
B002AMUICG,4.37037037037037,27
B004LYV2OE,4.962962962962963,27
B003HD28FW,4.592592592592593,27
B000KBDEOI,4.555555555555555,27
B009NK508A,4.296296296296297,27
B006GHAIZI,4.333333333333333,27
B0065JDMSC,4.2592592592592595,27
B004M3JI72,4.7407407407407405,27
B006SFJ21O,4.481481481481482,27
B0042AV27E,4.2592592592592595,27
B0012XO0PU,4.185185185185185,27
B0042APDU6,4.296296296296297,27
B001D4NJGO,4.148148148148148,27
B000NARU2S,4.222222222222222,27
B000G7XRCA,4.148148148148148,27
B00D76IR3G,4.481481481481482,27
B002Y78G0I,4.407407407407407,27
B00B0MIVKS,4.185185185185185,27
B007PKSWQM,4.2592592592592595,27
B000BP81IM,4.333333333333333,27
B0019N9A9E,4.185185185185185,27
B001MIZMO8,4.222222222222222,27
B007PKRMEU,4.37037037037037,27
B0054QJCQI,4.0,27
B003FXG314,4.555555555555555,27
B00HBYCQX2,4.2592592592592595,27
B002XHFIQE,4.148148148148148,27
B001TSG056,4.037037037037037,27
B003AT2ZCY,4.37037037037037,27
B000Q31IVG,4.851851851851852,27
B000TR5ESW,4.0,27
B00BTWHNEY,4.444444444444445,27
B004HEC9J0,4.777777777777778,27
B0006NYUXE,4.592592592592593,27
B0006NYUYI,4.296296296296297,27
B000R961M0,4.2592592592592595,27
B002BWQ680,4.296296296296297,27
B0055DZ4NK,4.962962962962963,27
B00BF3J61K,4.148148148148148,27
B007ROCZ3C,4.37037037037037,27
B006CVXR10,4.555555555555555,27
B003GQQDQK,4.111111111111111,27
B0006NYDOU,4.777777777777778,27
B002S0OHSG,4.222222222222222,27
B009P3CCYA,4.518518518518518,27
B000GCT8ZA,4.481481481481482,27
B0055KOCR2,4.666666666666667,27
B0002COWKU,4.222222222222222,27
B001LO1GRK,4.37037037037037,27
B00FSKHX34,4.2592592592592595,27
B003D7FE80,4.037037037037037,27
B000A6X9CK,4.7407407407407405,27
B002C4V3WG,4.2592592592592595,27
B00C516RC2,4.703703703703703,27
B00CGYE63K,4.851851851851852,27
B000HDSVWY,4.222222222222222,27
B0072AJLNI,4.518518518518518,27
B001U1YTDC,4.148148148148148,27
B0002A65MA,4.407407407407407,27
B000ZIRJRE,4.2592592592592595,27
B004H9L95A,4.296296296296297,27
B00375L8QK,4.7407407407407405,27
B003B3OJ7S,4.296296296296297,27
B002SIKCNW,4.777777777777778,27
B002JCSLWG,4.2592592592592595,27
B008G8MRLS,4.037037037037037,27
B0042PE8LQ,4.333333333333333,27
B00J44UVZW,5.0,27
B001LTVF2G,4.296296296296297,27
B000GHWUGE,4.074074074074074,27
B00DR8UYQW,4.703703703703703,27
B003PL2CQQ,4.074074074074074,27
B000C1UEC6,4.037037037037037,27
B00604MRN8,4.2592592592592595,27
B000C1VTRU,4.777777777777778,27
B00142DT2O,4.37037037037037,27
B001LFCHI6,4.518518518518518,27
B003FZGQFK,4.2592592592592595,27
B001394D1Y,4.481481481481482,27
B001S4AM14,4.407407407407407,27
B001DKEW6O,4.185185185185185,27
B007ROD0ZE,4.481481481481482,27
B0044C0PA0,4.592592592592593,27
B000C1UF6Q,4.407407407407407,27
B000F6NXJY,4.148148148148148,27
B0019ADP2A,4.666666666666667,27
B001AWG0BK,4.37037037037037,27
B001RD37ZO,4.2592592592592595,27
B0029S7OC8,4.518518518518518,27
B004I6O3LO,4.185185185185185,27
B00854JXVK,4.777777777777778,27
B008PTI0Z0,4.296296296296297,27
B000TAE2E6,4.037037037037037,27
B000QYCXR8,4.407407407407407,27
B001T8MTV0,4.333333333333333,27
B00346EFPS,4.0,27
B0043T8O3E,4.37037037037037,27
B00GOYD6L6,4.222222222222222,27
B005TL6W9I,4.222222222222222,27
B007O385QC,4.444444444444445,27
B00AU9DFIK,4.7407407407407405,27
B000052YQY,4.074074074074074,27
B003SDIL7U,4.37037037037037,27
B001UN32KQ,4.0,27
B00A8049SG,4.518518518518518,27
B00IU2C148,5.0,27
B000TDE2W0,4.222222222222222,27
B00GGZRC22,4.074074074074074,27
B0053GF6M8,4.148148148148148,27
B0012RXS18,4.148148148148148,27
B00BO0ZUVE,4.7407407407407405,27
B000C1Z5DY,4.814814814814815,27
B0041U2WLU,4.185185185185185,27
B001MW4VXW,4.222222222222222,27
B001AVNEQA,4.111111111111111,27
B000MVRXA2,4.407407407407407,27
B009M8FB3M,4.555555555555555,27
B004Y59U62,4.2592592592592595,27
B00C7WPEMI,4.666666666666667,27
B0053Y3EIS,4.333333333333333,27
B001DYFI68,4.37037037037037,27
B008U2Y5ME,4.407407407407407,27
B005SPEU44,4.37037037037037,27
B0012RXR9G,4.296296296296297,27
B0034CXMME,4.777777777777778,27
B00CBJXRR6,4.666666666666667,27
B0007CXWWY,4.111111111111111,27
B004Y4HT2U,4.555555555555555,27
B008CCO518,4.518518518518518,27
B002WZI6CU,4.407407407407407,27
B003AYEFT0,4.37037037037037,27
B001V2XMOW,4.185185185185185,27
B0001EKYF6,4.851851851851852,27
B005SHV86K,4.333333333333333,27
B003XUQ3KU,4.185185185185185,27
B009MYO1NC,4.666666666666667,27
B0015H3QTY,4.074074074074074,27
B005E0AGX2,4.7407407407407405,27
B004Y9L4UI,4.185185185185185,27
B0084KMRJ0,4.296296296296297,27
B002DPUY3S,4.37037037037037,27
B00015545K,4.555555555555555,27
B00D0NN4SE,4.666666666666667,27
B004YF5M0U,4.703703703703703,27
B0084HM1DA,4.037037037037037,27
B000YYYZ5S,4.777777777777778,27
B0006HR820,4.7407407407407405,27
B004ZN7PP6,4.0,27
B006YFRE90,4.333333333333333,27
B002YGLN3G,4.962962962962963,27
B0019JF0OW,4.222222222222222,27
B0065WQ0JM,4.555555555555555,27
B003XMUIE0,4.074074074074074,27
B001535JH0,4.222222222222222,27
B000WFE87E,4.888888888888889,27
B0034E8XAS,4.518518518518518,27
B001NFMM8E,4.148148148148148,27
B002YR4Y4K,4.37037037037037,27
B0092E862Y,4.148148148148148,27
B00KTLBDYM,4.111111111111111,27
B001E5D0JS,4.555555555555555,27
B003XUOLUO,4.444444444444445,27
B000NLQSFW,4.222222222222222,27
B00CB83VSW,4.111111111111111,27
B00BBZR6RS,4.851851851851852,27
B008D3JPKM,4.148148148148148,27
B003IXJ6FG,4.2592592592592595,27
B0013NHS3K,4.814814814814815,27
B0016LUBQU,4.518518518518518,27
B00BH3INN0,4.2592592592592595,27
B000BTKFIM,4.814814814814815,27
B004HI5H4U,4.115384615384615,26
B003ZS8MMW,4.461538461538462,26
B006W7RUGM,4.384615384615385,26
B002JQAM3I,4.115384615384615,26
B0006BDO5Q,4.3076923076923075,26
B00GMPYI8M,4.730769230769231,26
B005KSVMBS,4.576923076923077,26
B001DYK6LU,4.6923076923076925,26
B000O2PDKQ,4.884615384615385,26
B002C99ZWG,4.5,26
B000V1DBAE,4.5,26
B006972O6G,4.3076923076923075,26
B00EZ7HMHS,4.0,26
B002JUKVM6,4.538461538461538,26
B004KEQNE4,4.961538461538462,26
B004HJ1QGC,4.346153846153846,26
B003QOTDB4,4.038461538461538,26
B004I5FEEK,4.5,26
B008KNAJDM,4.3076923076923075,26
B0062A47VU,4.384615384615385,26
B001FWXILU,4.269230769230769,26
B0017WNHYG,4.115384615384615,26
B008PFI0YA,4.115384615384615,26
B0067YU8DC,4.230769230769231,26
B00FHB10HY,4.846153846153846,26
B0002EFPWC,4.153846153846154,26
B000Z63Y5C,4.576923076923077,26
B002HU2VEO,4.115384615384615,26
B001DUBYKQ,4.5,26
B003VJKV1A,4.076923076923077,26
B006AUNPJM,4.5,26
B003VJVS4O,4.538461538461538,26
B006AU1XAA,4.5,26
B008K7YIGM,4.538461538461538,26
B008HBMQU6,4.576923076923077,26
B003N3J41M,4.115384615384615,26
B002VD66RA,4.615384615384615,26
B0006GZC4W,4.038461538461538,26
B002D48QOI,4.615384615384615,26
B002XQ1XLE,4.076923076923077,26
B004HX2504,4.3076923076923075,26
B000H83Q4W,4.615384615384615,26
B006VDSO0I,4.423076923076923,26
B001DXBQ9W,4.1923076923076925,26
B00IH49VBU,4.846153846153846,26
B002VCJHU4,4.115384615384615,26
B00D3ZM29Q,4.038461538461538,26
B006YUOJY8,4.423076923076923,26
B001DVPQEA,4.230769230769231,26
B008HYKBRS,4.115384615384615,26
B005JRTFSC,4.653846153846154,26
B004DBVPVK,4.846153846153846,26
B0067YU4KO,4.3076923076923075,26
B007EZ0CC0,4.884615384615385,26
B0070Y8V0A,4.461538461538462,26
B000M8YIHG,4.1923076923076925,26
B001G31UWW,4.576923076923077,26
B000FTIYWM,4.576923076923077,26
B00BPDUHI6,4.576923076923077,26
B000CEOT38,4.6923076923076925,26
B000TYBVTG,4.5,26
B00HV0BOHK,4.730769230769231,26
B001AV5WOC,4.230769230769231,26
B0051BWV28,4.384615384615385,26
B0067HEMHW,4.038461538461538,26
B007F2XNR8,4.8076923076923075,26
B0002T58Q0,4.653846153846154,26
B000P277NG,4.0,26
B00642FBHK,4.461538461538462,26
B00068Y9VM,4.576923076923077,26
B0089E4L04,4.038461538461538,26
B000XPTFMG,4.1923076923076925,26
B000O2OEPG,4.5,26
B003SGRJVG,4.1923076923076925,26
B001FO0H80,4.384615384615385,26
B001ET6ZRI,4.961538461538462,26
B0010XPQPK,4.423076923076923,26
B003XTCO7M,4.653846153846154,26
B001CYESB0,4.538461538461538,26
B0030GFXNA,4.461538461538462,26
B001ET73JM,4.153846153846154,26
B000F5EGFA,4.038461538461538,26
B000052YQ0,4.076923076923077,26
B003E1K71O,4.615384615384615,26
B009SNBFRW,4.461538461538462,26
B000NUW8W0,4.653846153846154,26
B005TI7Q2S,4.3076923076923075,26
B000H30ESI,4.730769230769231,26
B004BRC844,4.769230769230769,26
B003XQD0GE,4.653846153846154,26
B003SSTOYE,4.384615384615385,26
B003NSABXW,4.923076923076923,26
B004OXE1KY,4.076923076923077,26
B003AJAKSK,4.538461538461538,26
B0010PO62C,4.461538461538462,26
B00F5KE8VM,4.038461538461538,26
B004C1148K,4.038461538461538,26
B001F51TIQ,4.346153846153846,26
B000F4GLAY,4.5,26
B00GR835AG,4.615384615384615,26
B000IEVQRY,4.538461538461538,26
B0010SWFJ0,4.461538461538462,26
B00H9BLUES,4.423076923076923,26
B004BCT98W,4.230769230769231,26
B007A7PTWA,4.269230769230769,26
B000KHPFMQ,4.615384615384615,26
B000I7JWJK,4.3076923076923075,26
B00BJ7T8BU,4.923076923076923,26
B0011293H2,4.153846153846154,26
B008MA83HC,4.846153846153846,26
B003BFTSKO,4.615384615384615,26
B0018ZMQE4,4.230769230769231,26
B001EXHSLQ,4.461538461538462,26
B006I337GC,4.538461538461538,26
B001EXHT2O,4.1923076923076925,26
B003TZFS1Y,4.1923076923076925,26
B003SK7PVQ,4.769230769230769,26
B009WLXAOQ,4.5,26
B000HJT1FE,4.076923076923077,26
B001ET7M98,4.3076923076923075,26
B003YFG6VK,4.730769230769231,26
B004E6PSNK,5.0,26
B004O3UIT2,4.153846153846154,26
B001ET7HXO,4.846153846153846,26
B004OEBT1C,4.230769230769231,26
B000FGCW28,4.461538461538462,26
B005OTVVWS,4.5,26
B00CTSQ6LI,4.1923076923076925,26
B0002Z8I1G,4.538461538461538,26
B0034BPP1G,4.423076923076923,26
B00194U9RK,4.346153846153846,26
B001EXZ9QW,4.3076923076923075,26
B000X1LVAE,4.461538461538462,26
B004BOS5BM,4.653846153846154,26
B00CTIB0ZA,4.115384615384615,26
B003156OK6,4.076923076923077,26
B006I333X4,4.730769230769231,26
B005RR0RRW,4.8076923076923075,26
B000MWHHBG,4.384615384615385,26
B000X1MCYI,4.461538461538462,26
B006I3361S,4.0,26
B004LY0X26,4.423076923076923,26
B000ULBBUC,4.769230769230769,26
B000VKGNGO,4.884615384615385,26
B004C5I664,4.230769230769231,26
B000OO0EKS,4.076923076923077,26
B001ECQ3Y0,4.6923076923076925,26
B00ESYFMWU,4.115384615384615,26
B0018DP2JW,4.076923076923077,26
B006TURZ3U,4.230769230769231,26
B003PGF7R2,4.076923076923077,26
B006EOCS1U,4.384615384615385,26
B00DMOWZQ8,4.230769230769231,26
B000GZBWGK,4.576923076923077,26
B002VTHXLC,4.538461538461538,26
B0028RWCR2,4.615384615384615,26
B004FNM20E,4.3076923076923075,26
B003DKEATQ,4.346153846153846,26
B003PEO0VI,4.576923076923077,26
B003AOO4H8,4.153846153846154,26
B000KEIO7C,4.538461538461538,26
B00A44PKJ8,4.384615384615385,26
B000OLALCM,4.538461538461538,26
B0030HPY74,4.3076923076923075,26
B001FWXHUW,4.0,26
B000NRSZUM,4.538461538461538,26
B0071Q5PL0,4.115384615384615,26
B004KHX5EM,4.5,26
B003WHBIRC,4.230769230769231,26
B00DQ1N1P6,4.884615384615385,26
B007DKWPOY,4.461538461538462,26
B001E96OD8,4.269230769230769,26
B009OYN7F8,4.653846153846154,26
B0030HNS04,4.423076923076923,26
B000YP8YNQ,4.576923076923077,26
B000FIWGO0,4.230769230769231,26
B0034ZHMRW,4.038461538461538,26
B003WPN7E6,4.0,26
B005Y5VL4U,4.653846153846154,26
B0006PJSK2,4.653846153846154,26
B004LTF20Y,4.769230769230769,26
B0018LVKIQ,4.6923076923076925,26
B000H3WNXM,4.230769230769231,26
B0073SBJAC,4.230769230769231,26
B000N2IGPG,4.115384615384615,26
B003U9K9J0,4.230769230769231,26
B000X8H61U,4.269230769230769,26
B004DP8QYA,4.076923076923077,26
B000TKB1IQ,4.230769230769231,26
B002AQX3NS,4.230769230769231,26
B000052Y2K,4.6923076923076925,26
B003Z4SH9E,4.5,26
B004P2XQSM,4.269230769230769,26
B001ELAKA4,4.1923076923076925,26
B000VHEFP8,4.230769230769231,26
B005NXI9ZC,4.6923076923076925,26
B0010H77GC,4.769230769230769,26
B0002JIHT0,4.230769230769231,26
B004H09KEQ,4.230769230769231,26
B002B91LSS,4.3076923076923075,26
B00021VCVS,4.115384615384615,26
B002J6Z6HK,4.8076923076923075,26
B003XCZEOY,4.538461538461538,26
B004CDX0IK,4.269230769230769,26
B0019WFWMY,4.538461538461538,26
B004PKM8XI,4.423076923076923,26
B004LJ2GK8,4.769230769230769,26
B000VHZT5I,4.6923076923076925,26
B006FJKK1Y,4.153846153846154,26
B005MYI9BG,4.5,26
B008E3COYA,4.769230769230769,26
B004PECMDU,4.1923076923076925,26
B001ET78BA,4.461538461538462,26
B00355AY1C,4.346153846153846,26
B0048B4XYQ,4.615384615384615,26
B000R8WDYG,4.3076923076923075,26
B00433P91A,4.3076923076923075,26
B004TN00PY,4.653846153846154,26
B00BZ77LFO,4.6923076923076925,26
B000VON106,4.538461538461538,26
B0046KGAR2,4.423076923076923,26
B000AAAWSK,4.346153846153846,26
B001MA7QLI,4.576923076923077,26
B0013IT86U,4.6923076923076925,26
B0001X0TXO,4.5,26
B00203IOHQ,4.076923076923077,26
B005FEO5G6,4.615384615384615,26
B000C02ZP6,4.346153846153846,26
B003EYXTSY,4.1923076923076925,26
B003765306,4.1923076923076925,26
B0046KJ16Y,4.3076923076923075,26
B001TVF7O8,4.115384615384615,26
B00372DYFQ,4.346153846153846,26
B000W9T96U,4.6923076923076925,26
B007K6MIKC,4.3076923076923075,26
B000A4094I,4.115384615384615,26
B004WP28UE,4.653846153846154,26
B00162SB8E,4.538461538461538,26
B00APBR9QM,4.461538461538462,26
B00018KV1E,4.115384615384615,26
B00H168ZDK,4.346153846153846,26
B001LNOEPW,4.153846153846154,26
B003F25CNK,4.0,26
B0059S1ELM,4.538461538461538,26
B0081Z7SDI,4.076923076923077,26
B0000WURP6,4.076923076923077,26
B00439OI2U,4.269230769230769,26
B005BH9LKC,4.846153846153846,26
B001STTTGI,4.384615384615385,26
B005HIH1HA,4.1923076923076925,26
B001N0H0SG,4.6923076923076925,26
B009GGTKC8,4.5,26
B00ARRFJ2A,4.3076923076923075,26
B001SX7MJU,4.269230769230769,26
B0056AY5GY,4.538461538461538,26
B0013OJVXE,4.576923076923077,26
B001STFWT6,4.1923076923076925,26
B00AS5GHKO,4.346153846153846,26
B0043WC676,4.461538461538462,26
B000W40IKQ,4.423076923076923,26
B000GG146C,4.1923076923076925,26
B000Q2ZP0W,4.615384615384615,26
B000J10IRU,4.423076923076923,26
B007SNM6OK,4.423076923076923,26
B000VUYX9S,4.230769230769231,26
B00203MPJY,4.115384615384615,26
B000GCND4W,4.8076923076923075,26
B0081E6X2Q,4.461538461538462,26
B001MP2P64,4.230769230769231,26
B000VOLM16,4.923076923076923,26
B003M04GZK,4.653846153846154,26
B001MSET8I,4.576923076923077,26
B0012DKB1W,4.730769230769231,26
B000BW76TK,4.1923076923076925,26
B000R3215W,4.423076923076923,26
B0040R53TC,4.884615384615385,26
B000C21CRG,4.576923076923077,26
B002RT71CM,4.8076923076923075,26
B001MW38KY,4.423076923076923,26
B002PNBZIQ,4.5,26
B000GHWTJW,4.5,26
B000VOPEWE,4.730769230769231,26
B009EF9NFU,4.115384615384615,26
B0016P5WI8,4.730769230769231,26
B000G1MARE,4.769230769230769,26
B002O17CWW,4.269230769230769,26
B0009VNI5E,4.615384615384615,26
B0001EKYLA,4.1923076923076925,26
B0009VS7B4,4.653846153846154,26
B005E2VMM4,4.038461538461538,26
B00E250U3Q,4.153846153846154,26
B005FU9SDU,4.615384615384615,26
B0009WH0DY,4.538461538461538,26
B002T5HI4A,4.423076923076923,26
B003F7JJ8Y,4.846153846153846,26
B001KYQ4X2,4.769230769230769,26
B000RTDUOW,4.461538461538462,26
B001IFXEOA,4.6923076923076925,26
B003K5IDCO,4.115384615384615,26
B004VTTT4E,4.769230769230769,26
B00B3MGWTM,4.461538461538462,26
B001JHBIKO,4.653846153846154,26
B0085K3AOU,4.1923076923076925,26
B0009R360U,4.6923076923076925,26
B003FBKBI2,4.230769230769231,26
B0041R9AZE,4.653846153846154,26
B007MV4BQY,4.538461538461538,26
B001V9LUQ2,4.1923076923076925,26
B008ZHHYGI,4.423076923076923,26
B007N1D4OI,4.1923076923076925,26
B000WGVLUU,4.076923076923077,26
B000C1Z6X8,4.153846153846154,26
B0009QZZBE,4.576923076923077,26
B003901LEW,4.115384615384615,26
B00853EKYG,4.0,26
B002T7105G,4.423076923076923,26
B00429DOYO,4.230769230769231,26
B00166633A,4.538461538461538,26
B001HU6DZS,4.3076923076923075,26
B003FXCFZC,4.615384615384615,26
B0036Z0TUC,4.615384615384615,26
B001382ACE,4.653846153846154,26
B00B1U577Y,4.038461538461538,26
B000IO6NGI,4.538461538461538,26
B007QEDZJ6,4.038461538461538,26
B0012JLFLG,4.730769230769231,26
B000WM19TW,4.615384615384615,26
B001HSYSWU,4.615384615384615,26
B001HSXTU2,4.3076923076923075,26
B0046UHA6M,4.615384615384615,26
B000C1VTY8,4.884615384615385,26
B000GHYSUU,4.576923076923077,26
B000C211H2,4.1923076923076925,26
B0009XPAAS,4.346153846153846,26
B001KYTWZ4,4.346153846153846,26
B00AN506NI,4.038461538461538,26
B005CZL9HQ,4.730769230769231,26
B00FMRVW76,4.038461538461538,26
B000PO03BC,4.576923076923077,26
B001W0SK90,4.115384615384615,26
B00B4LKGIK,4.230769230769231,26
B000C1W1DG,4.615384615384615,26
B00B22BC3O,4.423076923076923,26
B003JOKVVC,4.269230769230769,26
B004UA2SF6,4.538461538461538,26
B0009YDONC,4.269230769230769,26
B0009OAJF8,4.615384615384615,26
B0009OAJEO,4.346153846153846,26
B000G735WM,4.6923076923076925,26
B002OOGVBM,4.346153846153846,26
B0055KCB48,4.615384615384615,26
B000IZRBV8,4.3076923076923075,26
B00BPN130M,4.846153846153846,26
B0035LCSCO,4.230769230769231,26
B0017RGCJ8,4.230769230769231,26
B0053GBEZ6,4.269230769230769,26
B00CFCMP6I,4.423076923076923,26
B001REJFSG,4.461538461538462,26
B000JELYKM,4.230769230769231,26
B005IMHDW8,4.615384615384615,26
B0053ZK5TI,4.576923076923077,26
B000W16Q2I,4.346153846153846,26
B00545D34Q,4.384615384615385,26
B001RUYKVW,4.730769230769231,26
B000VW1CRM,4.538461538461538,26
B000QUAYQY,4.769230769230769,26
B000W2Q6SG,4.884615384615385,26
B001RVJBD8,4.576923076923077,26
B0054PKQEQ,4.038461538461538,26
B002RL8IU4,4.269230769230769,26
B00ATUZ9FM,4.730769230769231,26
B001R94ETG,4.038461538461538,26
B000VWPQ9C,4.1923076923076925,26
B002RL8IUY,4.230769230769231,26
B000Q980K2,4.923076923076923,26
B0095BGU6I,4.038461538461538,26
B0017UAMC8,4.5,26
B00457UCUM,4.846153846153846,26
B002V15XUS,4.884615384615385,26
B00456SX54,4.038461538461538,26
B0037MKHB0,4.423076923076923,26
B0052G15UG,4.615384615384615,26
B001QXC8CS,4.423076923076923,26
B0052JMME6,4.3076923076923075,26
B001PLGQXI,4.846153846153846,26
B00FZIUHI2,4.153846153846154,26
B00B6LR6LI,4.6923076923076925,26
B0050I2VTA,4.3076923076923075,26
B001GIJO7K,4.1923076923076925,26
B0001ZZKIG,4.230769230769231,26
B002Q7Z00A,4.115384615384615,26
B004691EYM,4.8,25
B004VYN4LS,4.36,25
B0050PMZNK,4.64,25
B000FGAGDU,4.24,25
B00HS68LNW,4.6,25
B00ANF0QYM,4.72,25
B00028LV4Y,4.04,25
B000MANVP4,4.12,25
B00A6P0JOQ,4.36,25
B002QFRFB4,4.16,25
B003OSWSH8,4.28,25
B00EA5AEP2,4.32,25
B006QT7OYY,4.56,25
B000TK99JE,4.52,25
B001CJVK6Q,4.24,25
B003SRIN0G,4.44,25
B00474EGEG,4.64,25
B006L9PW3Y,4.16,25
B001KYU58M,4.4,25
B002B1K6JG,4.04,25
B00027CFHW,4.68,25
B000HX6JT6,4.04,25
B002ADDGFG,4.36,25
B001UHN0LS,4.48,25
B0014BB6W0,4.04,25
B002XHC42K,4.12,25
B004VWBWHS,4.12,25
B00GR9JA8G,4.56,25
B0036QYAAQ,4.08,25
B0014B9GKY,4.16,25
B00AMYNT8E,4.4,25
B0012ZS30G,4.32,25
B005VTPR4E,4.16,25
B0033ZDSIA,4.76,25
B000GDDKKS,4.12,25
B0012X5RX4,4.84,25
B006JZ0L7C,4.56,25
B000EGMBXY,4.0,25
B001ECQDVS,4.24,25
B003XC61SC,4.0,25
B0083MXEM8,4.8,25
B00BDJNURC,4.24,25
B00CLLAE8O,4.08,25
B005C2NBC0,4.28,25
B004CG0XIW,4.44,25
B000O5158C,4.72,25
B001ECQ5EI,4.48,25
B0016AV55W,4.2,25
B003JN4M8G,4.2,25
B002SPLKL8,4.4,25
B0050I2WUI,4.56,25
B003RE66FY,4.64,25
B006JALQW6,4.52,25
B0002Z8QHW,4.88,25
B007Y55GY4,4.28,25
B000IVC46E,4.72,25
B000REIM1S,4.24,25
B000H3NF5W,4.04,25
B00937QPEQ,4.08,25
B0073SBJPC,4.24,25
B001EJOP7K,4.36,25
B000GDDKLM,4.0,25
B002R58WBU,4.04,25
B00B22BCGQ,4.4,25
B000QJ2BZC,4.8,25
B002H9378E,4.44,25
B0031O48IC,4.48,25
B003FU1HQI,4.32,25
B000HKTBT4,4.2,25
B000052XR3,4.64,25
B002B4LUFW,4.52,25
B002XO4LWE,4.12,25
B007PV2JV0,4.0,25
B0015DIF58,4.44,25
B0019EZ7HM,4.08,25
B001KYQ4W8,4.24,25
B005F4EFMA,4.48,25
B001BR1XS4,4.4,25
B000C1Z868,4.68,25
B00CBM7A26,4.84,25
B001JTEKSO,4.44,25
B0012RST58,4.64,25
B000X1LV72,4.04,25
B00AKTKQ8C,4.64,25
B000E7SS6C,4.24,25
B0083AGVM0,4.08,25
B0037LOP2S,4.12,25
B0029F2HM8,4.68,25
B0029F2HOQ,4.96,25
B005EYSOBO,4.0,25
B006OZF7C6,4.68,25
B0009SV1XS,4.36,25
B003SYVKCC,4.44,25
B0007CXWQU,4.12,25
B00D62IU9M,4.68,25
B004FGP1A4,4.52,25
B004DK0CCE,4.4,25
B001JHZ8H8,4.28,25
B002TMUKO8,4.4,25
B000UQKGOY,4.44,25
B005FAPIKM,4.68,25
B0085JT6X0,4.84,25
B000H3CPJ4,4.6,25
B00175W3HK,4.64,25
B0028S8SOM,4.44,25
B0009R5BZS,4.24,25
B00175W39S,4.2,25
B000HFM9ZW,4.28,25
B001BR4M28,4.24,25
B001JQLNJQ,4.84,25
B00391MZH8,4.12,25
B0028TV4CY,4.32,25
B001DKILAC,4.08,25
B005S4H3IA,4.92,25
B002WUCR48,4.0,25
B0012S06US,4.4,25
B000GI0WH2,4.64,25
B001UO227Y,4.52,25
B001KWHPXM,4.04,25
B001KY9U7O,4.88,25
B0019AETLQ,4.52,25
B0036FTF9I,4.32,25
B007OC7E2E,4.72,25
B0052BC3A2,4.24,25
B0016LW1EU,4.52,25
B004FMBU80,4.44,25
B000XTOYLY,4.4,25
B000FBLTJA,4.2,25
B001B2A2LS,4.4,25
B003HFVPTK,4.48,25
B003OMPGFU,4.4,25
B001KYQ4A0,4.72,25
B000RJEDWK,4.76,25
B00026FV2Y,4.76,25
B003SWVV8C,4.4,25
B005EH9ZY6,4.48,25
B003CFB25C,4.04,25
B0076XERS0,4.44,25
B00DA1WYQY,4.28,25
B00D25V2C0,4.6,25
B00BX57IOC,4.44,25
B007WU4SXQ,4.6,25
B00IJK0R4W,4.76,25
B000RMPOYI,4.6,25
B006MMZ7K8,4.2,25
B0001EL0WC,4.56,25
B00F12F5QQ,4.16,25
3227001381,4.56,25
B007WR959Q,4.24,25
B0029U0Y64,4.12,25
B003OFB0RK,4.68,25
B0016O92XU,4.4,25
B00E81GE84,4.4,25
B009AMMLBA,4.28,25
B00HUOJLU4,4.28,25
B004Z1Y7P4,4.24,25
B00658N04Y,4.2,25
B003AXEGWW,4.08,25
B00B08MX6A,4.12,25
B002Y7DE0U,4.12,25
B004J6H0F4,4.64,25
B001RTSUAK,4.52,25
B00069160I,4.44,25
B001MKBBUA,4.64,25
B00469O4OO,4.6,25
B006YUIWKA,4.28,25
B006VEAYEG,4.64,25
B00EB1RQHO,4.6,25
B00EE9AD32,4.12,25
B004J0094Y,4.48,25
B004ZLZ77G,4.64,25
B004DQWIIO,4.44,25
B002D48R5G,4.24,25
B006Y7TZTA,4.68,25
B000H83M6O,4.52,25
B00154P3QQ,4.0,25
B008OUZ1I4,4.12,25
B00HBJ3KEQ,4.28,25
B0058QM72U,4.68,25
B00997YO52,4.2,25
B000U0DWIM,4.36,25
B000GCKD36,4.68,25
B000V4YEPM,4.68,25
B003CYFC18,4.24,25
B002Y1I6UO,4.0,25
B003VKRO6E,4.68,25
B001TBH4ZI,4.28,25
B000Z65AZE,4.64,25
B00CPX2FLM,4.6,25
B000H7KY3E,4.76,25
B006H3NP92,4.16,25
B006TUSG92,4.04,25
B0056AJGU4,4.6,25
B0037MFIPK,4.4,25
B002FKK2YM,4.6,25
B004IS92GI,4.84,25
B004DBUAOI,4.16,25
B000Z4QGN6,4.36,25
B000BTRP30,4.24,25
B000J10ISE,4.32,25
B001E0X09S,4.44,25
B00468WD2U,4.24,25
B004Y9JG94,4.44,25
B000XE5FY4,4.52,25
B004DKQCOQ,4.52,25
B000QUSAMO,4.16,25
B001OAKI1Q,4.76,25
B0056VEYMS,4.08,25
B000AMXR6C,4.4,25
B0068Z71YY,4.32,25
B003UYMZUG,4.0,25
B006EU0QV8,4.44,25
B008PAL9PM,4.56,25
B008J1PIGI,4.04,25
B0093QGG3W,4.56,25
B006XDGPKC,4.32,25
B0057UPOJ0,4.04,25
B00F84AVPC,4.04,25
B004IQMBAE,4.4,25
B0067H6KQ8,4.16,25
B00EDY0IJM,4.52,25
B008IEF9BK,4.2,25
B000H8DWJG,4.36,25
B002RL8ITU,4.2,25
B004HYRHEM,4.08,25
B0092MCMGC,4.0,25
B0000ZHGZ2,4.68,25
B000Z4U52O,4.12,25
B00DQHXA56,4.36,25
B003S56KWQ,4.2,25
B00DQHX4WK,4.8,25
B0013V7ZWG,4.4,25
B002Q9Z4IQ,4.52,25
B009PVHU1W,4.24,25
B008H1IDKI,4.0,25
B001E765RA,4.4,25
B001DSUPM6,4.32,25
B000AV1E8G,4.36,25
B004CQ9CI4,4.92,25
B0006O0KOQ,4.6,25
B000OM3OLG,4.76,25
B00508C7O4,4.08,25
B008PJVPE8,4.68,25
B000EM79K8,4.12,25
B003WOU7V8,4.48,25
B00CYHLTZM,4.16,25
B001E96MV2,4.64,25
B000R94NZM,4.52,25
B00CWJZJAS,4.6,25
B004YM41RS,4.04,25
B006103A32,4.0,25
B001E96PLO,4.8,25
B00152A0OI,4.16,25
B001CT08EG,4.28,25
B000HS8XVS,4.12,25
B005Z30020,4.64,25
B003BFTZOS,4.16,25
B00AOJB19G,4.08,25
B003FYEZ9A,4.0,25
B001BGBUYW,4.52,25
B0042SFRTU,4.68,25
B000MS5M9O,4.56,25
B004WKBRSS,4.36,25
B000O5E7IC,4.32,25
B000B9N0OI,4.68,25
B00538B7CO,4.24,25
B0050BQ8DW,4.2,25
B000GHWTPQ,4.64,25
B001P24VEI,4.68,25
B003JMWFK4,4.36,25
B001AKB47C,4.16,25
B0013JR1RC,4.16,25
B00375L8T2,4.8,25
B003CYUS26,4.64,25
B004ZWH4BC,4.48,25
B000O6YJV6,4.72,25
B001E77PKG,4.72,25
B000O1R440,4.6,25
B0058Z7PMI,4.6,25
B00I86AWMY,4.72,25
B003VMXYLG,4.44,25
B002CMLRX8,4.64,25
B00A2MJFSY,4.12,25
B003URJPI8,4.76,25
B0015GIV0Y,4.28,25
B0002GRQ6S,4.2,25
B000IZCFGO,4.76,25
B0013K3G02,4.6,25
B003VMMMUK,4.24,25
B007TG9RG6,4.48,25
B0013FA3LC,4.32,25
B006HL4KXO,4.44,25
B004KG2P26,4.36,25
B000F6Y55A,4.24,25
B00152C4TM,4.76,25
B001SNIR3U,4.56,25
B000KOOCQO,4.36,25
B001P1ZEJK,4.8,25
B005011AAS,4.0,25
B000I4C8LW,4.44,25
B00D9GWVK4,4.72,25
B001RDH3AY,4.56,25
B002XQ1YUO,4.76,25
B005620XIQ,4.52,25
B009PF96D8,4.56,25
B00CLK2EA6,4.6,25
B000O9FRUA,4.44,25
B007DZV03Q,4.2,25
B00AHRGN1Q,4.48,25
B000VIGNAM,4.0,25
B0001ZWTWG,4.68,25
B000P24ER8,4.12,25
B00JR4FKGY,4.24,25
B005MIFD3O,4.64,25
B000VOPF46,4.76,25
B001FORJ7W,4.32,25
B003LDQX40,4.36,25
B004R68Q7M,4.16,25
B00181XMGO,4.52,25
B000VOPE9W,4.36,25
B000P9CHEI,4.48,25
B000VOPDPW,4.08,25
B001VS604A,4.04,25
B000IFB9TI,4.56,25
B007JXLT9M,4.16,25
B000JL7UPS,4.4,25
B005OW7UCK,4.6,25
B003ZI58HE,4.72,25
B0041OUGF0,4.12,25
B000FZXGCY,4.08,25
B001H3OYRE,4.68,25
B009HMZG9C,4.6,25
B000H30FP0,4.44,25
B003F8HQXS,4.12,25
B00121TESA,4.32,25
B000NSGIVY,4.4,25
B0017ZNPEU,4.76,25
B005LR8MSE,4.48,25
B002LSGIIM,4.68,25
B00ADCBMG6,4.68,25
B00BZBIFZU,4.88,25
B009I0LDC2,4.52,25
B004Q89I4Q,4.44,25
B0040KTSFY,4.2,25
B005HWY9CQ,4.68,25
B004UDK6AW,4.48,25
B0020MMGKS,4.44,25
B001HKR7EE,4.0,25
B003F6VJEM,4.44,25
B0009OAICC,4.32,25
B0025Z3EHO,4.88,25
B00BYC1RBE,4.52,25
B001FB5HW4,4.6,25
B004U3XNMA,4.88,25
B008VF55WE,4.32,25
B004UD9EGY,4.24,25
B0039ZHZJC,4.08,25
B005IMFKXM,4.44,25
B002MAX576,4.16,25
B001G2GCO4,4.8,25
B005K0T4OI,4.64,25
B004RC2ITI,4.4,25
B0035LCWB6,4.08,25
B007AI8ZCA,4.64,25
B000WXZE1K,4.12,25
B007HTS7HU,4.48,25
B000GZGT2C,4.88,25
B001XZF8JY,4.56,25
B0018L6V6C,4.6,25
B00B4IGQRI,4.0,25
B00BAY5T1K,4.48,25
B005OKCM2U,4.28,25
B002TYF8XE,4.4,25
B000C2127G,4.0,25
B005JRGJ2M,4.28,25
B000S823SQ,4.6,25
B000WMISI2,4.12,25
B001FB5MZQ,4.84,25
B00355J9K4,4.64,25
B003ZUTWVU,4.32,25
B00394A0CC,4.12,25
B000P20R06,4.52,25
B0017JT964,4.72,25
B000WZPGLQ,4.88,25
B0018CBCAG,4.24,25
B003EMHV08,4.64,25
B005JECMQM,4.68,25
B0017OLMVE,4.12,25
B0012NIXU8,4.04,25
B008BMGLKW,4.16,25
B001FWXIR4,4.12,25
B0011FPIAK,4.76,25
B0009R14NG,4.6,25
B00AKFF9VU,4.36,25
B000VJYUJ2,4.12,25
B00112DX00,4.36,25
B00176F33U,4.28,25
B007D6C1WY,4.12,25
B00176B7NK,4.04,25
B0039MH4DC,4.24,25
B005HNXJOY,4.32,25
B000C230KS,4.28,25
B00006L9L8,4.24,25
B000NNCQ74,4.56,25
B003ZSCOE4,4.32,25
B002NVBW56,4.4,25
B0017UEU62,4.28,25
B003ZYVIX6,4.28,25
B0035RKOOW,4.6,25
B002KJSD8K,4.416666666666667,24
B000C214LA,4.583333333333333,24
B0093W56YQ,4.041666666666667,24
B00163NK9I,4.458333333333333,24
B001B8MUFS,4.916666666666667,24
B0018LLZ2M,4.291666666666667,24
B001TSJU3A,4.416666666666667,24
B001RYUCQ0,4.791666666666667,24
B004Z92PBO,4.833333333333333,24
B0017JV340,4.666666666666667,24
B002IY2EBY,4.25,24
B007UTZQO4,4.291666666666667,24
B002DMK0K8,4.291666666666667,24
B003W5KDFW,4.375,24
B003QLRO7W,4.166666666666667,24
B004KRK2T8,4.125,24
B000U8E1AM,4.25,24
B00016X3G6,4.666666666666667,24
B002612K9K,4.208333333333333,24
B002Q8MNOA,4.708333333333333,24
B00D13JAM2,4.416666666666667,24
B002J6VMPA,4.166666666666667,24
B00E3XQ8RE,4.125,24
B000B58J4S,4.25,24
B004WPHVVK,4.625,24
B0044AAHYG,4.041666666666667,24
B00G6SYUP6,4.0,24
B001RYUEI6,4.625,24
B000HWR7IE,4.291666666666667,24
B00013Z0RE,4.25,24
B000QUNDZS,4.125,24
B00COVA5R6,4.5,24
B005MXAFH8,4.5,24
B0049CUIWA,4.625,24
B001B7PUBK,4.5,24
B005MW04F2,4.333333333333333,24
B0013V8ZB6,4.166666666666667,24
B00B50RX72,4.25,24
B00C5AHTAC,4.833333333333333,24
B002C794DS,4.416666666666667,24
B0002FCCH2,4.291666666666667,24
B000QXGBOU,4.333333333333333,24
B0017JV6EM,4.375,24
B000CQRYUG,4.25,24
B002XQ1XD2,4.291666666666667,24
B009SB9DY6,4.291666666666667,24
B008QDUO68,4.625,24
B00B9K30ZM,4.458333333333333,24
B001GIHKP8,4.291666666666667,24
B004H0UGLW,4.166666666666667,24
B0046D5ASE,4.416666666666667,24
B001AC0HIM,4.791666666666667,24
B000Q33CEC,4.5,24
B002S5N7EQ,4.375,24
B000PY9Y08,4.625,24
B001TVF7PW,4.125,24
B000R92VB0,4.625,24
B0011QHPR8,4.083333333333333,24
B005K85R5A,4.583333333333333,24
B00H1B19JC,4.291666666666667,24
B004KMMEAI,4.166666666666667,24
B000R4DJSY,4.416666666666667,24
B00B9N7MRG,4.041666666666667,24
B0098JU8TM,4.25,24
B003062OAU,4.208333333333333,24
B0006BDQDG,4.083333333333333,24
B00BNB3AT8,4.0,24
B004Y9L6WE,4.666666666666667,24
B006H2Z6T0,4.416666666666667,24
B000JLEZUG,4.583333333333333,24
B006RX09RS,4.041666666666667,24
B002FZAVOS,4.083333333333333,24
B007HM07YS,4.583333333333333,24
B003X4G23O,4.708333333333333,24
B000KKIP3O,4.083333333333333,24
B00AOJVJRU,4.5,24
B00C20F6OG,4.291666666666667,24
B0001TQ9Z0,4.375,24
B0046V52A2,4.041666666666667,24
B00881SGYK,4.5,24
B000TKSBH0,4.5,24
B00EZWS3HG,4.25,24
B000TL5CIA,4.666666666666667,24
B00106TENC,4.708333333333333,24
B001RMP7NK,4.625,24
B000CC4F9I,4.083333333333333,24
B004L5HIOQ,4.5,24
B00JBDEXO6,4.666666666666667,24
B0086EYYHW,4.625,24
B007E5ZEK0,4.375,24
B00167ZEMU,4.666666666666667,24
B000H6F5D4,4.083333333333333,24
B00164FXYW,4.791666666666667,24
B005BDO4TY,4.625,24
B0054J38CE,4.333333333333333,24
B004BA3O1C,4.875,24
B000C214D8,4.625,24
B00021CSBG,4.416666666666667,24
B001GBO58A,4.291666666666667,24
B002XQ1TCC,4.625,24
B001E96OUQ,4.791666666666667,24
B00167Y3Y0,4.25,24
B002JCSLVW,4.375,24
B00260GZSS,4.708333333333333,24
B0049D54TG,4.625,24
B001E96OSI,4.5,24
B00409T4PO,4.708333333333333,24
B00F2RPV4Q,4.041666666666667,24
B003JMYAAW,4.083333333333333,24
B002VWK8HA,4.583333333333333,24
B009JBJSCC,4.916666666666667,24
B00H8ZYUPG,4.5,24
B003U4RQDC,4.708333333333333,24
B00IRVNGZ0,4.708333333333333,24
B00029RD72,4.75,24
B000NBU9SY,4.583333333333333,24
B0043SM4CM,4.25,24
B002RJLM7W,4.5,24
B003232550,4.708333333333333,24
B002Z7FU9C,4.666666666666667,24
B001A7YGQG,4.291666666666667,24
B002VECIFI,4.166666666666667,24
B008F07VS6,4.0,24
B0068CHXLI,4.0,24
B004R7QKHO,4.375,24
B002BWOY3Y,4.583333333333333,24
B000UIEMUQ,4.291666666666667,24
B002XQ1YBI,4.541666666666667,24
B002ZJ1L84,4.208333333333333,24
B001B03KBO,4.916666666666667,24
B00B0N4ID6,4.541666666666667,24
B001E6TDYS,4.208333333333333,24
B000JLEY66,4.666666666666667,24
B004IPAC1U,4.416666666666667,24
B0000Y3GAC,4.25,24
B0001ZWQUQ,4.333333333333333,24
B000ACB0C0,4.5,24
B004HK57X4,4.208333333333333,24
B008HCWR6I,4.291666666666667,24
B000WN2T68,4.833333333333333,24
B001MIZMNE,4.5,24
B001MIZMNY,4.583333333333333,24
B008HRRWHM,4.583333333333333,24
B00AHKC7PO,4.458333333333333,24
B00AD9R6DM,4.041666666666667,24
B00187XSM6,4.291666666666667,24
B005LZQ5GM,4.833333333333333,24
B002ULA2Q4,4.333333333333333,24
B001ASH6FI,4.375,24
B0018IP18O,4.416666666666667,24
B00J6PCGL6,4.583333333333333,24
B00804EK1S,4.541666666666667,24
B00GX8H59C,4.541666666666667,24
B000GCKDUY,4.5,24
B002RTUE26,4.208333333333333,24
B0064GN2RW,4.25,24
B005KK359I,4.375,24
B008RAMOYA,4.708333333333333,24
B001FSDPWG,4.875,24
B004DBVQ4G,4.666666666666667,24
B006ZB4B1M,4.666666666666667,24
B003ZHYFI8,4.291666666666667,24
B001H92G7I,4.083333333333333,24
B001J9LLX6,4.0,24
B002D4VY2O,4.375,24
B002RT71UO,4.625,24
B00AQHKCGE,4.666666666666667,24
B004DBS7TS,4.208333333333333,24
B007CMXIXU,4.083333333333333,24
B00AZQXIE4,4.208333333333333,24
B003UOVWGY,4.416666666666667,24
B006YBC6HY,4.625,24
B000P251DO,4.25,24
B005HPA85K,4.291666666666667,24
B002RS6KBQ,4.333333333333333,24
B0000537KO,4.583333333333333,24
B000ALBLIE,4.375,24
B000Z60414,4.666666666666667,24
B00005UN90,4.041666666666667,24
B00E4XRM6E,4.416666666666667,24
B0002H842C,4.458333333333333,24
9790782667,4.666666666666667,24
B00092M35E,4.166666666666667,24
B008KEMB9G,4.458333333333333,24
B000ETNEDC,4.791666666666667,24
B00BZBUPTE,4.833333333333333,24
B003CGTKUK,4.166666666666667,24
B002Q10SVM,4.083333333333333,24
B003QKH03Q,4.208333333333333,24
B0067H6FW2,4.125,24
B002D4J3VI,4.458333333333333,24
B001DW55NG,4.875,24
B0002I25DK,4.416666666666667,24
B001E6EME4,4.583333333333333,24
B000U5WSGY,4.458333333333333,24
B006U984QW,4.208333333333333,24
B004Y0LX5S,4.166666666666667,24
B00AYZLWBM,4.166666666666667,24
B003VSIETM,4.0,24
B004QQMD9K,4.416666666666667,24
B001M5GMUE,4.083333333333333,24
B009JKIXRE,4.208333333333333,24
B002XREW0C,4.583333333333333,24
B001DK4HT6,4.0,24
B000ALFTUU,4.416666666666667,24
B0012GQNH0,4.625,24
B0034KYDTW,4.125,24
B003NI3DHS,4.416666666666667,24
B001YZ4HVI,4.416666666666667,24
B0017Q86VQ,4.916666666666667,24
B003UHFQQ8,4.541666666666667,24
B008IH3MCK,4.5,24
B001E77UQ0,4.583333333333333,24
B0062VQRU8,4.291666666666667,24
B00065AS60,4.5,24
B000ZJDYTA,4.375,24
B000186XA2,4.5,24
B001AEHC3I,4.0,24
B0059JMJWO,4.458333333333333,24
B006AR6DYY,4.708333333333333,24
B00DVMYZX2,4.583333333333333,24
B0006447HM,4.208333333333333,24
B000CNKC76,4.208333333333333,24
B000WUCJNY,4.5,24
B000C1UECG,4.583333333333333,24
B000AA5W58,4.041666666666667,24
B000JYD0X6,4.375,24
B002ERSS6U,4.583333333333333,24
B008RRKTYK,4.583333333333333,24
B000SEKSKU,4.625,24
B00DR8UXD6,4.375,24
B0026ZPU02,4.083333333333333,24
B002NGGUN0,4.0,24
B008GWHESA,4.958333333333333,24
B001H988KW,4.333333333333333,24
B0058T6UQG,4.083333333333333,24
B008GX8HQW,4.041666666666667,24
B00KPKIV8I,4.708333333333333,24
B000O16ATK,4.541666666666667,24
B0012F97EM,4.5,24
B004QDJD82,4.208333333333333,24
B001O2XRNA,4.458333333333333,24
B00GDTVJ7A,4.791666666666667,24
B0058RWCRY,4.083333333333333,24
B0032CJ9AK,4.416666666666667,24
B008H2UTFE,4.208333333333333,24
B001DXOWA2,4.291666666666667,24
B000UYIQZC,4.291666666666667,24
B003VMDJW0,4.333333333333333,24
B000R8QVHQ,4.791666666666667,24
B0017K81Y4,4.458333333333333,24
B0048GTLSO,4.083333333333333,24
B000V5BXO6,4.125,24
B007IKKO7O,4.166666666666667,24
B001E77NSU,4.166666666666667,24
B000Q31NIO,4.5,24
B003JKA2CE,4.041666666666667,24
B005MQNX2Y,4.958333333333333,24
B0015Z3XYE,4.458333333333333,24
B003ZQWEQO,4.375,24
B002CMLHCO,4.166666666666667,24
B000C1UC1Y,4.833333333333333,24
B003VMXSIK,4.541666666666667,24
B000OF8C7E,4.625,24
B004D2821K,4.625,24
B0009I4J4G,4.625,24
B006U1MAAG,4.5,24
B002CMLS0A,4.625,24
B002CMLRQA,4.375,24
B000T26QXY,4.791666666666667,24
B000XAMJQK,4.291666666666667,24
B0007P9JN2,4.125,24
B0014B5LM6,4.791666666666667,24
B000B9WF62,4.25,24
B003XWC7PI,4.458333333333333,24
B008Z016X2,4.333333333333333,24
B005TT8RA2,4.291666666666667,24
B00070QQ42,4.0,24
B005TT8T4G,4.416666666666667,24
B007H4HP7S,4.291666666666667,24
B005TT8V2Q,4.291666666666667,24
B00420QV02,4.041666666666667,24
B000MZFHVK,4.416666666666667,24
B00359FB5M,4.25,24
B000FQ4ZSM,4.5,24
B001VJV634,4.458333333333333,24
B000HP7IJY,4.375,24
B000OV5PEG,4.375,24
B003MX6FXI,4.041666666666667,24
B001ET78CO,4.458333333333333,24
B00F5KDZ4S,4.416666666666667,24
B000C1Z4OO,4.25,24
B00GBMTWDC,4.375,24
B007G193XG,4.083333333333333,24
B000E7WGE2,4.291666666666667,24
B004ODGKGW,4.708333333333333,24
B000052Z8B,4.833333333333333,24
B004EJRU9M,4.708333333333333,24
B001KSR8XS,4.333333333333333,24
B001ET77SE,4.458333333333333,24
B005EHRTSA,4.625,24
B0079PV3LO,4.375,24
B0084Y1LFM,4.666666666666667,24
B001154U1S,4.416666666666667,24
B00213T7E4,4.625,24
B00DN7RNJI,4.166666666666667,24
B001CL6QHC,4.666666666666667,24
B007FLKKZM,4.041666666666667,24
B000NVFM0E,4.375,24
B001VVAANE,4.708333333333333,24
B004ECHLUM,4.708333333333333,24
B002R8D3FW,4.5,24
B000JPTCV4,4.25,24
B001KYRGNO,4.333333333333333,24
B009HBQT1W,4.291666666666667,24
B00C2DK7ZG,4.625,24
B007W1VUI6,4.625,24
B00027OQQA,4.541666666666667,24
B0010PXW5Y,4.875,24
B005V1QLUG,4.833333333333333,24
B004A7JDF2,4.416666666666667,24
B003OQF2GO,4.291666666666667,24
B000S83B00,4.25,24
B000MASTM4,4.291666666666667,24
B0075PW2HW,4.25,24
B000B9V2QQ,4.583333333333333,24
B001R1E2FK,4.958333333333333,24
B002LAS7WU,4.333333333333333,24
B001KYOB6O,4.208333333333333,24
B000C1Z1JM,4.041666666666667,24
B000GCW9ME,4.208333333333333,24
B000VC7NCA,4.208333333333333,24
B00JMJ6E5A,4.541666666666667,24
B0050N4HRE,4.083333333333333,24
B000FZDPX4,4.791666666666667,24
B00366E8I0,4.083333333333333,24
B003ADP9NW,4.625,24
B0002RUNXU,4.458333333333333,24
B001PMLH5O,4.125,24
B005QAJWJE,4.166666666666667,24
B00CXWSYOC,4.375,24
B0041STQHA,4.708333333333333,24
B000FZZ4EW,4.0,24
B008NE2OEK,4.458333333333333,24
B00B3MJXSE,4.0,24
B00FEZ9RQO,4.208333333333333,24
B0085CYW36,4.791666666666667,24
B00JORTP5G,4.708333333333333,24
B0007CXY72,4.583333333333333,24
B004O3YD8Y,4.333333333333333,24
B001VD2DMI,4.0,24
B0000530I7,4.208333333333333,24
B000X1HNUG,4.5,24
B000WQBR2M,4.625,24
B000BIRGTE,4.583333333333333,24
B000K6HR8W,4.083333333333333,24
B003YEWHH8,4.375,24
B000NHXG24,4.666666666666667,24
B0088P2RVE,4.708333333333333,24
B0012P37VG,4.541666666666667,24
B00518ZIF8,4.541666666666667,24
B000FDCXYI,4.25,24
B0014JWJR8,4.75,24
B000VEURGM,4.125,24
B006OR4W6Q,4.75,24
B000C1Z9Z8,4.708333333333333,24
B0047LL4P8,4.833333333333333,24
B007867TQW,4.458333333333333,24
B004BCZ5MQ,4.25,24
B000MX9XOY,4.333333333333333,24
B008CC4CXY,4.416666666666667,24
B001PP3OIE,4.708333333333333,24
B001KNSHJC,4.5,24
B001943US0,4.5,24
B000146L62,4.666666666666667,24
B003E0W4Q6,4.083333333333333,24
B001KOTQQ4,4.5,24
B007NQO5EG,4.333333333333333,24
B005OWNWC2,4.375,24
B005SM8CT6,4.583333333333333,24
B002T5OM1M,4.25,24
B0012RX2PK,4.375,24
B0017ZOXRS,4.625,24
B00CJ29P7Q,4.0,24
B000E0I5IK,4.375,24
B00121UVSC,4.333333333333333,24
B000H3EPHO,4.708333333333333,24
B000FOA90C,4.25,24
B007MJKI9K,4.5,24
B009U07WE8,4.333333333333333,24
B0047TMDCI,4.291666666666667,24
B003TBPG5G,4.333333333333333,24
B00C32Z3GO,4.583333333333333,24
B0051S594I,4.333333333333333,24
B000UPQXGA,4.25,24
B00CNXJND2,4.291666666666667,24
B0007CXX50,4.583333333333333,24
B00B7FALLA,4.458333333333333,24
B00853EYZQ,4.458333333333333,24
B0051UPMSY,4.625,24
B000BIXP4E,4.583333333333333,24
B00AWH074K,4.083333333333333,24
B002I9M5UO,4.541666666666667,24
B0007CXWTW,4.916666666666667,24
B00GRPRRL2,4.666666666666667,24
B0096BQKVM,4.541666666666667,24
B004OESDI4,4.291666666666667,24
B00HFBQ8EO,4.041666666666667,24
B0002ZVDMM,4.291666666666667,24
B000B82TD2,4.125,24
B009NQEQUC,4.541666666666667,24
B005XQ8DE6,4.041666666666667,24
B000C1VXM6,4.708333333333333,24
B000GHYRT2,4.125,24
B0036RFMI4,4.541666666666667,24
B001CT09B8,4.25,24
B0038QV9X0,4.208333333333333,24
B00JQ2UXOQ,4.875,24
B0019X2C3A,4.041666666666667,24
B005WTLB9S,4.375,24
B00CNG149U,4.083333333333333,24
B0019R0V52,4.083333333333333,24
B0044UGH54,4.5,24
B0016BBHC2,4.375,24
B004W5M3LS,4.625,24
B004OZY4GI,4.125,24
B00028MX5U,4.75,24
B004GHIEZQ,4.416666666666667,24
B000IO8KCS,4.083333333333333,24
B003XJXU3Y,4.5,24
B00028OTY8,4.708333333333333,24
B004CEJTOS,4.416666666666667,24
B004W46UN6,4.5,24
B000VHA9YO,4.208333333333333,24
B000V99VPA,4.416666666666667,24
B003JNQV7G,4.541666666666667,24
B000C239PO,4.333333333333333,24
B004LL7B24,4.416666666666667,24
B001G7R2UM,4.708333333333333,24
B001CT095O,4.416666666666667,24
B000SA8FRM,4.208333333333333,24
B004W1VYI0,4.75,24
B001G7R3P6,4.791666666666667,24
B004OVFMRW,4.791666666666667,24
B000YB1U8Q,4.791666666666667,24
B0016GNT7S,4.833333333333333,24
B0053QZAII,4.208333333333333,24
B0083V8UFU,4.0,24
B000G9A8IO,4.5,24
B005CBI5BS,4.625,24
B006I334GU,4.083333333333333,24
B008AZ0E80,4.25,24
B000VLYLSA,4.166666666666667,24
B00BTB3IH6,4.541666666666667,24
B004GDH4JC,4.5,24
B0006PLORC,4.083333333333333,24
B0016FVJQC,4.541666666666667,24
B000FGZ31U,4.833333333333333,24
B000HK1NK4,4.708333333333333,24
B0009OAID6,4.666666666666667,24
B002BA5F16,4.625,24
B002GWMC6K,4.083333333333333,24
B0006PJRP8,4.333333333333333,24
B000HRVIWU,4.5,24
B000JVTYIY,4.291666666666667,24
B00A6SONHM,4.708333333333333,24
B00I5GGJ3S,4.583333333333333,24
B007AS626G,4.083333333333333,24
B006HKCR9O,4.5,24
B00383ZTXE,4.083333333333333,24
B00HRGBSYW,4.666666666666667,24
B003LDMVNM,4.791666666666667,24
B007Y7XOVO,4.208333333333333,24
B00119YLFO,4.5,24
B009NL88TC,4.708333333333333,24
B00243FWMM,4.333333333333333,24
B001F51SZA,4.833333333333333,24
B000NVSP0S,4.833333333333333,24
B0039OLUC6,4.75,24
B00HK3JU3S,4.5,24
B001BBINYM,4.0,24
B001CP2FNM,4.083333333333333,24
B000EGNB74,4.083333333333333,24
B0017GQ4WE,4.208333333333333,24
B009TQ1JVK,4.173913043478261,23
B001CTLCD2,4.434782608695652,23
B00005JTWA,4.826086956521739,23
B000Q8R6W6,4.304347826086956,23
B00FHNR5US,4.869565217391305,23
B00502NMTO,4.391304347826087,23
B00LCEROA2,5.0,23
B007FIYBIC,4.3478260869565215,23
B00354V0AC,4.043478260869565,23
B001B1QMKO,4.130434782608695,23
B00CFJ5AM2,4.521739130434782,23
B009I0KSVO,4.6521739130434785,23
B00AFISVWQ,4.478260869565218,23
B0080JFPGM,4.260869565217392,23
B0039K33ES,4.173913043478261,23
B000LLYFUE,4.782608695652174,23
B00121S0O4,4.3478260869565215,23
B006OMJ0PO,4.565217391304348,23
B004QLZ87Y,4.173913043478261,23
B006GQE27E,4.043478260869565,23
B001E0R22Y,4.869565217391305,23
B006OMHTCK,4.086956521739131,23
B002DXXDOM,4.391304347826087,23
B0051A0E6Y,4.043478260869565,23
B006UUYLLS,4.217391304347826,23
B00BM1WDB0,4.695652173913044,23
B006OOVZN2,4.304347826086956,23
B000FBNYSY,4.086956521739131,23
B007FIUFN2,4.478260869565218,23
B001RK8ZXG,4.782608695652174,23
B00016QZBG,4.260869565217392,23
B001CCQ77U,4.304347826086956,23
B0051AZ9KA,4.217391304347826,23
B003ZZPLGA,4.565217391304348,23
B00ECNVSSE,4.478260869565218,23
B004YM9SVM,4.304347826086956,23
B003MNL4R0,4.6521739130434785,23
B000CLH4GU,4.913043478260869,23
B002GEQB0Q,4.565217391304348,23
B000141JFU,4.043478260869565,23
B003062QDU,4.043478260869565,23
B004SNHP3A,4.260869565217392,23
B000P3NG7Q,4.782608695652174,23
B008VVWUEE,4.304347826086956,23
B004S3X778,4.478260869565218,23
B0002T58NI,4.565217391304348,23
B001CX3V1Y,4.304347826086956,23
B002HTXH5W,4.782608695652174,23
B00FZ84P7Q,4.217391304347826,23
B00AFCPAPI,4.521739130434782,23
B0056CSU4K,4.3478260869565215,23
B000KQ6OC2,4.521739130434782,23
B004YASBDK,4.434782608695652,23
B006NYE18Y,4.217391304347826,23
B001BR4PQ6,4.565217391304348,23
B000UC2E2U,4.173913043478261,23
B00AWRGYNI,4.086956521739131,23
B001CAZUD4,4.391304347826087,23
B002URH6K8,4.3478260869565215,23
B000NP6F10,4.304347826086956,23
B003SEACFS,4.3478260869565215,23
B001OMI94W,4.391304347826087,23
B000142U9E,4.608695652173913,23
B009UFYXFE,4.173913043478261,23
B00COD5H9U,4.521739130434782,23
B002V79GEG,4.521739130434782,23
B001283998,4.0,23
B000S7B1TY,4.739130434782608,23
B00BTISDW4,4.3478260869565215,23
B006HJR2Q8,4.478260869565218,23
B0030UF6JM,4.869565217391305,23
B004YH8CR8,4.391304347826087,23
B00021AKJI,4.304347826086956,23
B003ZYM7EA,4.0,23
B0014RA68E,4.0,23
B004AI31NG,4.782608695652174,23
B002PUGGGA,4.826086956521739,23
B00E6WDJGA,4.782608695652174,23
B00GAVOE1O,4.0,23
B004AI3FIM,4.3478260869565215,23
B000KJRK22,4.130434782608695,23
B000GCUVNS,4.565217391304348,23
B0056AD5BK,4.6521739130434785,23
B00AU831VC,4.826086956521739,23
B004DPBPC0,4.217391304347826,23
B0017T29JS,4.391304347826087,23
B00143WQI6,4.434782608695652,23
B000659LS6,4.3478260869565215,23
B000F4D0P8,4.173913043478261,23
B008MC015W,4.173913043478261,23
B000VOHNXC,4.478260869565218,23
B008P0RZDC,4.565217391304348,23
B0002LD82O,4.043478260869565,23
B009I30L90,4.217391304347826,23
B00014DMRI,4.391304347826087,23
B0039LMMSA,4.6521739130434785,23
B000Q6RHQ8,4.086956521739131,23
B000GCTDAK,4.608695652173913,23
B0002OZBCQ,4.0,23
B003C4AUCY,4.608695652173913,23
B00FPKSJDA,4.521739130434782,23
B00ATDTYNM,4.478260869565218,23
B00B7V65HS,4.434782608695652,23
B00538KNP6,4.217391304347826,23
B007UMXY0Y,4.521739130434782,23
B000UXX2D4,4.173913043478261,23
B004A6YI4Y,4.217391304347826,23
B0031EM85C,4.478260869565218,23
B004FMFD0Q,4.434782608695652,23
B000F8L1G4,4.3478260869565215,23
B004A7VF58,4.217391304347826,23
B006F3YFM0,4.3478260869565215,23
B00150DBN2,4.565217391304348,23
B001G60HU0,4.739130434782608,23
B008L2UOEG,4.739130434782608,23
B00B840UKW,4.695652173913044,23
B0054Y2744,4.478260869565218,23
B004ROW4ZO,4.304347826086956,23
B003SP907S,4.434782608695652,23
B005IC3TOY,4.565217391304348,23
B00449OCLG,4.086956521739131,23
B004DM7SF6,4.478260869565218,23
B00B83VXYK,4.130434782608695,23
B003TRQP0K,4.0,23
B002R5XKHQ,4.478260869565218,23
B004FWIWMM,4.478260869565218,23
B002Q7JYRA,4.695652173913044,23
B0002Z8RGC,4.304347826086956,23
B00C0TI114,4.130434782608695,23
B00005NFC5,4.478260869565218,23
B0002Z8JFQ,4.0,23
B001ODOM9M,4.478260869565218,23
B006TAHLWU,4.565217391304348,23
B00AEM0W84,4.608695652173913,23
B000P9EMTG,4.6521739130434785,23
B001O4G1E0,4.695652173913044,23
B000142KZ8,4.130434782608695,23
B006SBMKH6,4.086956521739131,23
B000XV83Y6,4.130434782608695,23
B001DLFHWQ,4.608695652173913,23
B00016QRG4,4.260869565217392,23
B005HYMQGA,4.173913043478261,23
B002IADO4Y,4.6521739130434785,23
B000K24ONW,4.782608695652174,23
B001G7QYZQ,4.0,23
B0014C1XQI,4.565217391304348,23
B002IUT09C,4.739130434782608,23
B000UO3GGQ,4.391304347826087,23
B003BS1ZYS,4.3478260869565215,23
B004E6309E,4.434782608695652,23
B0089AABLQ,4.521739130434782,23
B004SUHGOQ,4.695652173913044,23
B0052DNBR4,4.826086956521739,23
B0002RUOJI,4.3478260869565215,23
B00303STIY,4.260869565217392,23
B00IL8EG1M,4.869565217391305,23
B000VXMO7I,4.3478260869565215,23
B001QXC8BO,4.695652173913044,23
B000BRPMJQ,4.521739130434782,23
B000XE8T4C,4.260869565217392,23
B000UGUB1W,4.043478260869565,23
B001CNES3O,4.304347826086956,23
B0015DHK40,4.043478260869565,23
B000F0DC2I,4.521739130434782,23
B000XE9HBG,4.608695652173913,23
B004ZD2M6S,4.739130434782608,23
B00GAS8616,4.391304347826087,23
B001PBHMQI,4.260869565217392,23
B001G7PWI6,4.043478260869565,23
B001G7QI2A,4.913043478260869,23
B001BBTN32,4.565217391304348,23
B006LFZTWC,4.739130434782608,23
B00381U5FS,4.304347826086956,23
B001G1ZXSQ,4.695652173913044,23
B002IJUW1S,4.217391304347826,23
B00I4ZTGIA,4.304347826086956,23
B0055FF2VW,4.434782608695652,23
B002RKKA0G,4.6521739130434785,23
B006LTF6J4,4.3478260869565215,23
B00DQ28OQ6,4.695652173913044,23
B003BDA09E,4.304347826086956,23
B00440ZYQ2,4.565217391304348,23
B001FYZTEW,4.521739130434782,23
B0011MT99E,4.782608695652174,23
B000QFQ364,4.521739130434782,23
B000KTBKMI,4.782608695652174,23
B0039ORJB2,4.739130434782608,23
B001GGLZOC,4.782608695652174,23
B002Q6JO6W,4.173913043478261,23
B001DKRLVW,4.565217391304348,23
B005JKL6TA,4.478260869565218,23
B00142C8KS,4.130434782608695,23
B005IMHANA,4.391304347826087,23
B0017V3E36,4.913043478260869,23
B001ECQ4HQ,4.304347826086956,23
B005T306QG,4.130434782608695,23
B000VS1VPY,4.043478260869565,23
B00139353Q,4.217391304347826,23
B00BVSN3EA,4.608695652173913,23
B002L2E9AW,4.695652173913044,23
B001FB5H60,4.478260869565218,23
B000TBZHNK,4.0,23
B000KEKLCS,4.782608695652174,23
B004L0BY8C,4.782608695652174,23
B001KPNE2A,4.043478260869565,23
B008S8U48E,4.3478260869565215,23
B00BN9PFUW,4.478260869565218,23
B0029RUOTE,4.260869565217392,23
B0000535UX,4.130434782608695,23
B000MS3XW2,4.739130434782608,23
B004P3K6J8,4.3478260869565215,23
B0012RXVA6,4.695652173913044,23
B003DHFXP4,4.043478260869565,23
B001L433TO,4.130434782608695,23
B003XCIQGW,4.478260869565218,23
B00DSQZL9I,4.565217391304348,23
B005XZ0OP8,4.3478260869565215,23
B003NR7WYO,4.434782608695652,23
B00119V2QU,4.782608695652174,23
B001383J56,4.217391304347826,23
B00HCML5H6,4.043478260869565,23
B00E3N549W,4.565217391304348,23
B001F51V9S,4.130434782608695,23
B005YB42KE,4.521739130434782,23
B005TA8RV0,4.739130434782608,23
B003XYA4EW,4.217391304347826,23
B005YIQ2QY,4.478260869565218,23
B003Z4SGJA,4.0,23
B003LFP79A,4.086956521739131,23
B000H6CACS,4.434782608695652,23
B00076X0BS,4.217391304347826,23
B008UAPB6A,4.217391304347826,23
B005AVMMBO,4.304347826086956,23
B001E96N5C,4.826086956521739,23
B007K3B6CG,4.217391304347826,23
B0009QZYO2,4.3478260869565215,23
B00G6TQSX2,4.695652173913044,23
B000WXX0OS,4.304347826086956,23
B001LGM6NG,4.173913043478261,23
B005GMYPX0,4.217391304347826,23
B0009OAGPG,4.6521739130434785,23
B00BAZ7Y6M,4.304347826086956,23
B00HOHLKY2,4.608695652173913,23
B001E96M9Y,4.3478260869565215,23
B00A8Q0MVS,4.782608695652174,23
B002S8PT8U,4.6521739130434785,23
B003K7EK92,4.434782608695652,23
B004KKUYXE,4.782608695652174,23
B000EM6XQY,4.086956521739131,23
B000R94SL6,4.608695652173913,23
B004O9TRVQ,4.608695652173913,23
B003PK7CU8,4.0,23
B001LFF3NW,4.521739130434782,23
B002KQ05SO,4.565217391304348,23
B00166IQ6W,4.434782608695652,23
B000C1VTRK,4.521739130434782,23
B000N2J92A,4.478260869565218,23
B001LFGNWC,4.043478260869565,23
B000I5IZ0O,4.086956521739131,23
B000E7UF8G,4.043478260869565,23
B005ERACPM,4.3478260869565215,23
B000EK98HW,4.565217391304348,23
B001KOTQXC,4.3478260869565215,23
B009K2V3P0,4.6521739130434785,23
B000GARPSE,4.434782608695652,23
B001LFHYW0,4.478260869565218,23
B004ND8AA2,4.6521739130434785,23
B00KL0HV56,4.869565217391305,23
B009MITBVU,4.739130434782608,23
B0033ZTPLO,4.434782608695652,23
B000NVIFGW,4.608695652173913,23
B000NLS1MK,4.521739130434782,23
B00BD3R1S2,4.869565217391305,23
B003A9VFMU,4.739130434782608,23
B000C1W5W8,4.565217391304348,23
B000ITIVXQ,4.391304347826087,23
B000TDFJZY,4.043478260869565,23
B00FVZB0YY,4.260869565217392,23
B000EA2M3E,4.260869565217392,23
B001EO5X6M,4.913043478260869,23
B00HI0OOT8,4.6521739130434785,23
B001IAPMCM,4.130434782608695,23
B00FMRVW1W,4.695652173913044,23
B000TDEVDU,4.0,23
B008DKYM8K,4.565217391304348,23
B0036QSO58,4.782608695652174,23
B0009X0S9G,4.086956521739131,23
B004VMGU98,4.086956521739131,23
B007OT1TAK,4.0,23
B001UJ7N2I,4.3478260869565215,23
B0075JJGDG,4.695652173913044,23
B000GI0SMG,4.521739130434782,23
B00EO1HS38,4.869565217391305,23
B001ET6XOI,4.6521739130434785,23
B000RT98AW,4.608695652173913,23
B0018QQ9PK,4.521739130434782,23
B008D5D9NY,4.130434782608695,23
B004OGB21M,4.565217391304348,23
B0001EKQRW,4.3478260869565215,23
B001167ZQE,4.130434782608695,23
B0009XAHUG,4.521739130434782,23
B00KBIX8MS,4.521739130434782,23
B004MQ6F8Y,4.173913043478261,23
B005OCGM74,4.826086956521739,23
B000GHYVDO,4.565217391304348,23
B004OUFZP2,4.739130434782608,23
B00006FE30,4.434782608695652,23
B0009OAIQ8,4.478260869565218,23
B005GDAZBK,4.434782608695652,23
B004OUVK4W,4.608695652173913,23
B007KWXH0Q,4.173913043478261,23
B000CRZ02E,4.130434782608695,23
B000TKD1JS,4.086956521739131,23
B0018Q6ZRW,4.086956521739131,23
B005TUO4HG,4.478260869565218,23
B000FQ5UPY,4.434782608695652,23
B0019ADP7K,4.434782608695652,23
B000NNG8XC,4.260869565217392,23
B009NUYRWU,4.739130434782608,23
B001ET7752,4.739130434782608,23
B00288WHVC,4.521739130434782,23
B001EIRRXU,4.304347826086956,23
B0009OAI9A,4.826086956521739,23
B000C1Z4GW,4.260869565217392,23
B000EGIFB6,4.391304347826087,23
B00028LMIY,4.086956521739131,23
B00AB1RF88,4.3478260869565215,23
B0001BNRJO,4.869565217391305,23
B0019CTF36,4.434782608695652,23
B00BB8ZIPW,4.173913043478261,23
B001ET76DU,4.782608695652174,23
B002OFGN6Y,4.565217391304348,23
B003P3G260,4.304347826086956,23
B000EEZB1K,4.3478260869565215,23
B001185HC6,4.217391304347826,23
B009NPOY14,4.0,23
B003949V36,4.043478260869565,23
B005CSIFXY,4.086956521739131,23
B001UE7D3W,4.260869565217392,23
B000TK99L2,4.391304347826087,23
B000H3GDQU,4.695652173913044,23
B003XGH2X6,4.521739130434782,23
B000LSBZ9Q,4.826086956521739,23
B009MQUTR2,4.565217391304348,23
B005FRIJQK,4.0,23
B00119MI4U,4.391304347826087,23
B0000SW90G,4.260869565217392,23
B005AQ1Z0S,4.478260869565218,23
B0034F3VW2,4.304347826086956,23
B000GZ7GH4,4.173913043478261,23
B000Z606TY,4.217391304347826,23
B0013N14UI,4.478260869565218,23
B001MP7HYE,4.3478260869565215,23
B006YDJ71K,4.304347826086956,23
B001FUMVWY,4.956521739130435,23
B002YHZ7BE,4.391304347826087,23
B000I248SU,4.521739130434782,23
B002YK54XC,4.478260869565218,23
B001AQX9GU,4.304347826086956,23
B00E4YN7L2,4.608695652173913,23
B001ARSVT4,4.217391304347826,23
B00CIVMFIE,4.173913043478261,23
B0081HFJR8,4.478260869565218,23
B000ICVM4I,4.521739130434782,23
B00656JYEG,4.608695652173913,23
B003JCYFSY,4.217391304347826,23
B008HCVFIE,4.304347826086956,23
B0046HHGNC,4.391304347826087,23
B001E6TXWA,4.043478260869565,23
B003VHUHO8,4.173913043478261,23
B000RYYI66,4.521739130434782,23
B004UT39DW,4.6521739130434785,23
B006563D20,4.086956521739131,23
B002RTGADS,4.434782608695652,23
B000Z63YFM,4.043478260869565,23
B003QCRRNC,4.0,23
B002D48QN4,4.608695652173913,23
B002RT7HD0,4.6521739130434785,23
B0000Y3LQ6,4.826086956521739,23
B00AQGUAUI,4.217391304347826,23
B007N1CYSA,4.130434782608695,23
B004XJRQHO,4.956521739130435,23
B0018V78OG,4.565217391304348,23
B007SF60QI,4.391304347826087,23
B001EXMIEI,4.3478260869565215,23
B0001Y74TU,4.695652173913044,23
B001E6UJTG,4.0,23
B0034F7F2E,4.173913043478261,23
B003ZS1OGI,4.3478260869565215,23
B00B408ZYS,4.478260869565218,23
B001AWG0IS,4.434782608695652,23
B00AZIZJIA,4.6521739130434785,23
B00578Y7P4,4.608695652173913,23
B001E121RE,4.565217391304348,23
B0002G7ZQ4,4.043478260869565,23
B001EWF3GO,4.173913043478261,23
B0085L060A,4.173913043478261,23
B002NWICGC,4.043478260869565,23
B000T217KG,4.086956521739131,23
B001760T66,4.608695652173913,23
B002JULAPI,4.217391304347826,23
B002LYXMC6,4.6521739130434785,23
B004Y9JKF4,4.478260869565218,23
B00011JOSM,4.739130434782608,23
B003QUB1K4,4.260869565217392,23
B003EXG5XQ,4.043478260869565,23
B002DHNAM8,4.608695652173913,23
B002DCHLVE,4.695652173913044,23
B008134WZ2,4.260869565217392,23
B002RT71WC,4.086956521739131,23
B00085DXII,4.391304347826087,23
B00IAC7YUO,4.3478260869565215,23
B004XYH034,4.0,23
B00816M34Q,4.478260869565218,23
B007CVGMAC,4.434782608695652,23
B00IJGK796,4.739130434782608,23
B004NW1M6C,4.217391304347826,23
B004DBVQ9G,4.3478260869565215,23
B0012NX73Q,4.043478260869565,23
B005PYW5BS,4.434782608695652,23
B00GXFRF8Q,5.0,23
B001T8MD4I,4.782608695652174,23
B0078G93A2,4.3478260869565215,23
B000WZSXZM,4.130434782608695,23
B003AYEFTK,4.565217391304348,23
B000ALIL8M,4.782608695652174,23
B003ZS1O7W,4.695652173913044,23
B002TSA952,4.3478260869565215,23
B000TAJO5S,4.478260869565218,23
B00271PMSU,4.043478260869565,23
B002XQ1XV4,4.391304347826087,23
B001V0QJ58,4.0,23
B000R8WL02,4.3478260869565215,23
B0011294XU,4.0,23
B00853EZQE,4.217391304347826,23
B004NHVTII,4.695652173913044,23
B001E7BCDM,4.565217391304348,23
B00FSBHOBY,4.739130434782608,23
B0006NUDCG,4.217391304347826,23
B00E20VG48,4.695652173913044,23
B001K2DHHA,4.130434782608695,23
B0061SBVLC,4.478260869565218,23
B001ADRJBY,4.130434782608695,23
B00EXUJSWY,4.826086956521739,23
B00BFJGJLE,4.304347826086956,23
B000R90SY2,4.739130434782608,23
B001ZD5HAY,4.0,23
B0048AUEHM,4.869565217391305,23
B001E96L3G,4.608695652173913,23
B005OZTE7Q,4.521739130434782,23
B002742G7M,4.739130434782608,23
B001ADSI3C,4.130434782608695,23
B001EY90DE,4.739130434782608,23
B004KEON0U,4.869565217391305,23
B002UBF2YG,4.130434782608695,23
B001HBN5JO,4.565217391304348,23
B0006NBM5I,4.3478260869565215,23
B0036FTEXU,4.434782608695652,23
B0046KL4SW,4.826086956521739,23
B002CJ57GO,4.6521739130434785,23
B0079HU4IU,4.086956521739131,23
B009P3DJZG,4.826086956521739,23
B002CJ7AI2,4.521739130434782,23
B000PIPZQ6,4.3478260869565215,23
B002CMLH60,4.478260869565218,23
B0028LLO7M,4.391304347826087,23
B000CPLX5Y,4.260869565217392,23
B000VUYEDI,4.608695652173913,23
B000IFD1WG,4.391304347826087,23
B001FQR560,4.6521739130434785,23
B00006L9L1,4.391304347826087,23
B004TM36HO,4.043478260869565,23
B00A298EE8,4.521739130434782,23
B004JLGC6M,4.260869565217392,23
B000E7KVNU,4.260869565217392,23
B00023IZ2A,4.6521739130434785,23
B00ELQQKDU,4.913043478260869,23
B007S5052I,4.391304347826087,23
B003VL2RYM,4.478260869565218,23
B0000Y3FQC,4.565217391304348,23
B002C748AC,4.478260869565218,23
B001AJ4TQG,4.608695652173913,23
B005MQ3Y3M,4.521739130434782,23
B0036FTEK8,4.130434782608695,23
B002UD52IA,4.086956521739131,23
B00636VR6Q,4.521739130434782,23
B00CQ7PM9E,4.3478260869565215,23
B002XQ1XDM,4.521739130434782,23
B00G7TUDLO,4.608695652173913,23
B0081UZHE0,4.260869565217392,23
B004D2C5G8,4.478260869565218,23
B0032J3Z8A,4.260869565217392,23
B004PYOWOC,4.391304347826087,23
B003KIO1NG,4.2727272727272725,22
B003YFUMME,4.454545454545454,22
B000GCWD6G,4.045454545454546,22
B002WTC3C0,4.590909090909091,22
B00BXLW9GI,4.136363636363637,22
B000FFVRUM,4.181818181818182,22
B0039MSTAY,4.2727272727272725,22
B002LITTAQ,4.909090909090909,22
B0030LB1IG,4.136363636363637,22
B003SU590A,4.045454545454546,22
B003XUMQ56,4.0,22
B002R0BFFU,4.818181818181818,22
B003KW8V7E,4.409090909090909,22
B003YIMJRW,4.136363636363637,22
B000J4GC5E,4.7272727272727275,22
B000IQVVGI,4.136363636363637,22
B002WJHL22,4.636363636363637,22
B0045H1JXQ,4.454545454545454,22
B000NGJO94,4.545454545454546,22
B0037YTF4S,4.136363636363637,22
B0030GTYM6,4.409090909090909,22
B003MNRHE4,4.7272727272727275,22
B00BX2ZOR8,4.954545454545454,22
B002V7968C,4.0,22
B003O5ANVY,4.181818181818182,22
B00DIA8EPC,5.0,22
B002I70P12,4.590909090909091,22
B002WJHJZQ,4.7727272727272725,22
B000GCWK8C,4.136363636363637,22
B003A9P6RA,4.2727272727272725,22
B004A20KK4,4.5,22
B0039090A4,4.454545454545454,22
B0036FTF5M,4.454545454545454,22
B003FBMFS6,4.2727272727272725,22
B00D6DJGOE,4.136363636363637,22
B002NQZLA8,4.0,22
B000KOHU4K,4.409090909090909,22
B000H3CPNU,4.590909090909091,22
B00CR1UFZK,4.181818181818182,22
B003FCVI56,4.409090909090909,22
B000LPSGL4,4.181818181818182,22
B0035GJBW4,4.636363636363637,22
B0041PMZCG,4.818181818181818,22
B000GRYX0A,4.545454545454546,22
B000GDC4JQ,4.090909090909091,22
B002IB7UCK,4.7727272727272725,22
B003QUCO50,4.545454545454546,22
B003XT7IWS,4.2727272727272725,22
B00BV5L21O,4.818181818181818,22
B000GHVGSW,4.545454545454546,22
B0032JOA3E,4.2727272727272725,22
B004D3UKIW,4.181818181818182,22
B002PJ6CA6,4.454545454545454,22
B00HV464QW,4.2272727272727275,22
B003QAV7WQ,4.590909090909091,22
B00466RIH2,4.545454545454546,22
B002JE7PDA,4.2272727272727275,22
B0038B9AJU,4.0,22
B00CPO9SHK,4.363636363636363,22
B00CKBGMNQ,4.2727272727272725,22
B002VECJGG,4.2272727272727275,22
B003RPV2MK,4.2272727272727275,22
B00C5IJ01K,4.818181818181818,22
B003PT7TPM,4.136363636363637,22
B003UFMYM4,4.7727272727272725,22
B00375L8LU,4.7272727272727275,22
B00447EY5C,4.636363636363637,22
B000HX2KDK,4.318181818181818,22
B002PE8J02,4.363636363636363,22
B003VSQ9BM,4.5,22
B00C06XIDS,4.5,22
B000JYF1OW,4.5,22
B003VPT9WQ,4.5,22
B000GFRA02,4.590909090909091,22
B000LNEB6A,4.363636363636363,22
B004675CQK,4.136363636363637,22
B003ESNJSK,4.0,22
B00CPKH9Y8,4.318181818181818,22
B004AI8ROY,4.409090909090909,22
B003IZH4ZS,4.409090909090909,22
B003QU72NE,4.5,22
B000GCRAYG,4.590909090909091,22
B00DD0E3PW,4.590909090909091,22
B002Z7FU8I,4.545454545454546,22
B003EGZYTE,4.0,22
B002Z7FU4W,4.590909090909091,22
B003AYEG94,4.7272727272727275,22
B003CIRVOU,4.045454545454546,22
B002JR7ND4,4.409090909090909,22
B00DK4ZRQA,4.318181818181818,22
B000GX570O,4.409090909090909,22
B003868FJG,4.818181818181818,22
B0040ZPNW6,4.2272727272727275,22
B0048NYHLS,4.409090909090909,22
B003VDEKGI,4.545454545454546,22
B000GHIC0W,4.454545454545454,22
B0037CHCQS,4.318181818181818,22
B00HEBIDDO,4.545454545454546,22
B0032EX3H8,4.545454545454546,22
B00CC1BC5W,4.318181818181818,22
B003VCEB54,4.909090909090909,22
B00HQ5K426,4.136363636363637,22
B003M1P2SO,4.2727272727272725,22
B0035NJCLM,4.181818181818182,22
B000IG83VE,4.818181818181818,22
B002JM2UPK,4.7272727272727275,22
B000NFB8S0,4.363636363636363,22
B002Z0QKJS,4.7272727272727275,22
B003H51EV4,4.318181818181818,22
B002ZASTP6,4.2272727272727275,22
B00449C3OE,4.863636363636363,22
B00375L8I8,4.818181818181818,22
B00425YTHE,5.0,22
B002U0NFKK,4.363636363636363,22
B000NVUCH2,4.636363636363637,22
B002NKMGA2,4.181818181818182,22
B002NJ0DE4,4.2727272727272725,22
B000NB3VMA,4.409090909090909,22
B000NVYVH4,4.636363636363637,22
B002NIT7UG,4.545454545454546,22
B00470XOCA,4.363636363636363,22
B003IHOV7A,4.454545454545454,22
B0037MIMLW,4.7272727272727275,22
B004BCT9SM,4.7272727272727275,22
B004756YJA,4.454545454545454,22
B002N48T2M,4.409090909090909,22
B000LRMNB6,4.590909090909091,22
B000M7QLD6,4.590909090909091,22
B003BGSMSM,4.545454545454546,22
B003OPE57C,4.5,22
B000IOBYF8,4.2272727272727275,22
B0035JK7FG,4.7727272727272725,22
B002SZGYU0,4.363636363636363,22
B002R7T2D0,4.409090909090909,22
B002LA33I8,4.545454545454546,22
B000GDF484,4.136363636363637,22
B004EBFBEG,4.7727272727272725,22
B002WCT9TC,4.363636363636363,22
B00CY6IUF0,4.7727272727272725,22
B00BYCCQ2I,4.409090909090909,22
B00C5AHTC0,4.5,22
B0038PW4IK,4.545454545454546,22
B0046NJ0AS,4.590909090909091,22
B002XQ1TL8,4.181818181818182,22
B0038OEELG,4.409090909090909,22
B000GCUOS0,4.7272727272727275,22
B003UA5ECQ,4.318181818181818,22
B000NRE6P0,4.181818181818182,22
B002N5I2XC,4.363636363636363,22
B000KE52X6,4.636363636363637,22
B003F25CVC,4.818181818181818,22
B003WYKQQO,4.681818181818182,22
B003LMPEMS,4.2727272727272725,22
B003B703JC,4.2727272727272725,22
B000JL7Z4O,4.2727272727272725,22
B002SL6LO8,4.2727272727272725,22
B00BYFV45A,4.090909090909091,22
B003BXL00C,4.045454545454546,22
B002XQ1RMY,4.5,22
B00BVSA1AY,4.5,22
B003N21T98,4.636363636363637,22
B00BNAQ0YG,4.590909090909091,22
B0044PGY2A,4.2272727272727275,22
B003169IKI,4.090909090909091,22
B000LJFRBW,4.636363636363637,22
B0046HIP1Y,4.636363636363637,22
B008NXU5M4,4.818181818181818,22
B00B2ROCJK,4.318181818181818,22
B00B83LNWC,4.2272727272727275,22
B002B4LUKM,4.090909090909091,22
B00EE09VBQ,4.818181818181818,22
B00B83G0OS,4.454545454545454,22
B000ALBKGW,4.363636363636363,22
B0014XCGRW,4.5,22
B001E96NA2,4.136363636363637,22
B000146LGC,4.409090909090909,22
B00A4DL2CS,4.7272727272727275,22
B0012M4V7I,4.409090909090909,22
B0006NYV3S,4.681818181818182,22
B00B83V0HK,4.136363636363637,22
B0060GKXOG,4.136363636363637,22
B0014UCK12,4.545454545454546,22
B001E96OT2,4.590909090909091,22
B008R1CPIO,4.045454545454546,22
B008EADHT4,4.318181818181818,22
B002B4Z0HG,4.2727272727272725,22
B000TVM43G,4.5,22
B00BDM80ZQ,4.0,22
B000052XOT,4.545454545454546,22
B001NXM6NC,4.681818181818182,22
B001E765KC,4.636363636363637,22
B0056MYSHI,4.590909090909091,22
B001N444KY,4.7727272727272725,22
B000TZXM5Q,4.318181818181818,22
B0096DY2XS,4.409090909090909,22
B00152F4OY,4.7727272727272725,22
B00GGH84CW,4.954545454545454,22
B0057AWRSG,4.454545454545454,22
B00604MUWG,4.590909090909091,22
B0012NCPGQ,4.181818181818182,22
B005TT8UJK,4.136363636363637,22
B00A7IA6NQ,4.318181818181818,22
B005V1TL12,4.7272727272727275,22
B005V1NPZU,4.863636363636363,22
B0058UCX3O,4.363636363636363,22
B002AKV2SM,4.363636363636363,22
B000VZOJ6U,4.181818181818182,22
B0014FC562,4.409090909090909,22
B000ORY3MU,4.636363636363637,22
B0006ZEVUY,4.7272727272727275,22
B001ET728O,4.181818181818182,22
B002ACQCC6,4.954545454545454,22
B0024JE86C,4.363636363636363,22
B001ET72ZC,4.2272727272727275,22
B004ML4XW4,4.636363636363637,22
B0095CQO2W,4.590909090909091,22
B001ERIXNY,4.590909090909091,22
B000EB8CLE,4.5,22
B00245XPEM,4.590909090909091,22
B00AQ9EOJ8,4.454545454545454,22
B0024921IY,4.5,22
B00A5MQRS2,4.818181818181818,22
B001ECQ7L4,4.5,22
B005XQO688,4.590909090909091,22
B008EL5EQC,4.045454545454546,22
B005X5GFPG,4.636363636363637,22
B00A6O1BTE,4.2272727272727275,22
B001MC84KI,4.681818181818182,22
B0010BQ8EA,4.636363636363637,22
B005WKOGZ8,4.7727272727272725,22
B000WIIM1O,4.090909090909091,22
B001MAAG0Q,4.181818181818182,22
B00654WGDE,4.045454545454546,22
B00IIB82FS,4.954545454545454,22
B00655WLIS,4.2727272727272725,22
B0098QQ88U,4.318181818181818,22
B001P4VYMS,4.545454545454546,22
B001DKQ460,4.7272727272727275,22
B000B7M8CA,4.318181818181818,22
B008KNAHHU,4.2272727272727275,22
B000C235WQ,4.181818181818182,22
B000UF5TQK,4.0,22
B001OMI8Y8,4.0,22
B000XE6FLQ,4.545454545454546,22
B006AHHT38,4.318181818181818,22
B004KETVRU,4.7727272727272725,22
B001DXERMU,4.5,22
B000QUNEES,4.863636363636363,22
B00128ANOW,4.2727272727272725,22
B002CMLHAQ,5.0,22
B006ER7KM4,4.818181818181818,22
B0002Z92R0,4.409090909090909,22
B0015XNAPS,4.181818181818182,22
B00526GQRI,4.545454545454546,22
B006GXKURS,4.909090909090909,22
B001CZKX4K,4.136363636363637,22
B000BBEP2M,4.454545454545454,22
B00E9SIR2C,4.2272727272727275,22
B001PKSY9I,4.090909090909091,22
B0020MMBQC,4.545454545454546,22
B004SUPEOK,4.181818181818182,22
B00005UFEQ,4.136363636363637,22
B001DD894M,4.318181818181818,22
B000UJZWL8,4.590909090909091,22
B001282HLY,4.136363636363637,22
B006FE6RAC,4.318181818181818,22
B008K21OSC,4.863636363636363,22
B001OC89ME,4.409090909090909,22
B000P9DS3W,4.136363636363637,22
B001E51GY4,4.7727272727272725,22
B0055FF3SE,4.636363636363637,22
B002BSV6OI,4.681818181818182,22
B00158JNHC,4.363636363636363,22
B0055HYT78,4.636363636363637,22
B0006GZE0O,4.2727272727272725,22
B000AUTH0E,4.2272727272727275,22
B001O1EE3I,4.090909090909091,22
B000P9B3O8,4.409090909090909,22
B00AT0M68U,4.090909090909091,22
B001O4S23I,4.590909090909091,22
B002BWOXWG,4.7727272727272725,22
B0097OXE4O,4.954545454545454,22
B005516ALC,4.5,22
B001E0MU6C,4.863636363636363,22
B000Z4P538,4.2272727272727275,22
B00J98TQ2M,4.909090909090909,22
B005552JZ4,4.045454545454546,22
B001E0VWNO,4.909090909090909,22
B0068DHF7Y,4.318181818181818,22
B001E0XSAY,4.590909090909091,22
B00EYZY68Y,4.136363636363637,22
B005576GX8,4.090909090909091,22
B007U7QR26,4.636363636363637,22
B001ET76B2,4.136363636363637,22
B00127SBRO,4.818181818181818,22
B00GTC1HG4,4.045454545454546,22
B0009EILZI,4.5,22
B00KNJOLSA,4.7727272727272725,22
B00847TAUC,4.0,22
B004O9TTLO,4.363636363636363,22
B005JDPJQ8,4.7727272727272725,22
B004QBIMB8,4.409090909090909,22
B0000Y3DD2,4.636363636363637,22
B0009EXMB6,4.318181818181818,22
B0000A1VFF,4.7727272727272725,22
B0091XECLA,4.590909090909091,22
B00FUV7JAI,4.454545454545454,22
B0009VO8EO,4.818181818181818,22
B00BBLGHF4,4.636363636363637,22
B0081MH06G,4.2272727272727275,22
B000OZL7X0,4.5,22
B005LD97LE,4.2727272727272725,22
B00AE07EE6,4.363636363636363,22
B005LAE6MM,4.2272727272727275,22
B0000YV1DG,4.454545454545454,22
B0092DUN6M,4.2727272727272725,22
B004O3UG9E,4.681818181818182,22
B0000YUW54,4.2727272727272725,22
B00ES2EZTS,4.2272727272727275,22
B0009WAD1K,4.0,22
B0092429BI,4.636363636363637,22
B001GAOUZY,4.681818181818182,22
B005GJF6DQ,4.409090909090909,22
B000RUMPPQ,4.636363636363637,22
B0009KN8JQ,4.0,22
B0009OAI9K,4.318181818181818,22
B00AHHFTOI,4.545454545454546,22
B0013BRXNC,4.681818181818182,22
B00BAM7F8C,4.363636363636363,22
B004PDG8P4,4.681818181818182,22
B002757CS4,4.318181818181818,22
B00BAY89RG,4.5,22
B000RZLL2O,4.681818181818182,22
B005H41FIU,4.590909090909091,22
B001H943XS,4.363636363636363,22
B0009OAGYW,4.590909090909091,22
B0082C5T40,4.318181818181818,22
B005GQ6EIK,4.0,22
B005F7P7T2,4.545454545454546,22
B001GFCV32,4.363636363636363,22
B00GURSV6W,4.318181818181818,22
B001J61T7M,4.7272727272727275,22
B0026TX0RS,4.2727272727272725,22
B0009R14Q8,4.2272727272727275,22
B005HRA74K,4.0,22
B0009I4MBQ,4.2727272727272725,22
B004P2JGW2,4.318181818181818,22
B0013FDN5K,4.181818181818182,22
B0091JMKS6,4.409090909090909,22
B005DLBON8,4.909090909090909,22
B004NX17J8,4.136363636363637,22
B007YA0FOU,4.7727272727272725,22
B005RFI1YK,4.318181818181818,22
B005RF6EU8,4.681818181818182,22
B0029UJUZA,4.2727272727272725,22
B0007CXY6I,4.681818181818182,22
B001ET7JCS,4.7272727272727275,22
B0007D35M0,4.909090909090909,22
B000ZHF3C8,4.681818181818182,22
B000XE15VG,4.863636363636363,22
B00AAHL2H8,4.136363636363637,22
B001EXJPKS,4.090909090909091,22
B0029RY3TG,4.363636363636363,22
B000P27DUS,4.0,22
B001LK8BNG,4.7727272727272725,22
B005RTVSGY,4.7727272727272725,22
B001LR57KY,4.545454545454546,22
B00A8I8AVA,4.2272727272727275,22
B00BCRO55Q,4.045454545454546,22
B00A8JMYGG,4.7727272727272725,22
B005SUN1SK,4.454545454545454,22
B000E7YK7S,4.7272727272727275,22
B007Y51LNE,4.090909090909091,22
B005A3HCL2,4.045454545454546,22
B00GWSOPRS,4.590909090909091,22
B00A8S6HM4,4.7272727272727275,22
B00APDBEL6,4.7727272727272725,22
B007YQURNS,4.636363636363637,22
B000SZM2OE,4.409090909090909,22
B0007M41YW,4.545454545454546,22
B00850S6BC,4.045454545454546,22
B000OYJ990,4.7272727272727275,22
B00802VL5S,4.090909090909091,22
B00ANLG42O,4.181818181818182,22
B0013YXQ58,4.409090909090909,22
B00B9HLGSS,4.409090909090909,22
B00292BR9K,4.2727272727272725,22
B001KYVLNU,4.045454545454546,22
B0007X74OK,4.090909090909091,22
B005MIFEME,4.636363636363637,22
B001FORJYA,4.5,22
B00B9PSLAG,4.954545454545454,22
B00140RYAO,4.7272727272727275,22
B000E7SSGC,4.2727272727272725,22
B000E7UE1Y,4.454545454545454,22
B001L9FZDG,4.318181818181818,22
B005C2NABM,4.5,22
B008GW663Y,4.590909090909091,22
B004NESVZU,4.818181818181818,22
B0029MICB6,4.590909090909091,22
B002646EWG,4.363636363636363,22
B005ORUB3A,4.5,22
B005C2NBKW,4.136363636363637,22
B0026717Z2,4.590909090909091,22
B0029F2WAU,4.181818181818182,22
B0012S035G,4.2272727272727275,22
B0026H1JOQ,4.0,22
B006IC0AOK,4.681818181818182,22
B000C1UE8U,4.2727272727272725,22
B0073FO9AM,4.181818181818182,22
B007OT1YO6,4.636363636363637,22
B002FJ10WQ,4.2272727272727275,22
B001A7WV1I,4.7272727272727275,22
B0072AJKFC,4.2272727272727275,22
B008VHPKGS,4.181818181818182,22
B007OWPWGE,4.090909090909091,22
B008MAV162,4.136363636363637,22
B001W2KFG4,4.590909090909091,22
B000O7NP38,4.590909090909091,22
B000V6QK5C,4.136363636363637,22
B00005302B,4.7727272727272725,22
B0016L5AA2,4.181818181818182,22
B0019CX8Z2,4.318181818181818,22
B000C1UBYM,4.136363636363637,22
B00005354D,4.590909090909091,22
B000F6UTA0,4.363636363636363,22
B0016WMCR0,4.2272727272727275,22
B0001EL5OU,4.181818181818182,22
B007NXQQS2,4.545454545454546,22
B001TBK4OG,4.454545454545454,22
B00B0RTA30,4.7727272727272725,22
B000VSF00G,4.636363636363637,22
B0070Y3ANS,4.045454545454546,22
B00F9Q6G5I,4.318181818181818,22
B008VR7G74,4.590909090909091,22
B006WC7OQS,4.045454545454546,22
B001AXXISM,4.454545454545454,22
B000C213H0,4.545454545454546,22
B000XE995U,4.318181818181818,22
B000PHMNAS,4.363636363636363,22
B008D2952Q,4.7272727272727275,22
B00B4Y4CKK,4.681818181818182,22
B000C213V6,4.590909090909091,22
B001AZSUV0,4.318181818181818,22
B00ILCCUN4,4.636363636363637,22
B004H6SHYO,4.7272727272727275,22
B004Y9M2U4,4.363636363636363,22
B001SRCKWK,4.5,22
B000F3DXLU,4.409090909090909,22
B002EPFA7M,4.590909090909091,22
B002ED86LQ,4.590909090909091,22
B004HE94AM,4.363636363636363,22
B006X632TG,4.454545454545454,22
B006WZ9XVY,4.318181818181818,22
B00B4RJP72,4.2727272727272725,22
B001B0TLYE,4.909090909090909,22
B001126Y6A,4.454545454545454,22
B0001Z991K,4.5,22
B000C1Z2J6,4.363636363636363,22
B000VONBV0,4.454545454545454,22
B0017QSXQY,4.909090909090909,22
B0000531C9,4.409090909090909,22
B008ND0RZY,4.409090909090909,22
B007HKFE5C,4.454545454545454,22
B000VOP5M8,4.136363636363637,22
B000C1W5GO,4.090909090909091,22
B000XSBTM2,4.0,22
B000VOHNCI,4.454545454545454,22
B000VOEL6Y,4.363636363636363,22
B000C1W4CE,4.363636363636363,22
B007L5ISQ0,4.636363636363637,22
B0017O38NE,4.2727272727272725,22
B000C1Z4KS,4.2727272727272725,22
B0017JV7HI,4.2272727272727275,22
B0001XAHHC,4.2272727272727275,22
B004FEOM56,4.363636363636363,22
B007K89XOO,4.454545454545454,22
B002HU3FUS,4.0,22
B0001TROEU,4.7272727272727275,22
B008O5CKPQ,4.545454545454546,22
B00BKUHIBI,4.590909090909091,22
B000C1Z4S0,4.454545454545454,22
B001UO9BGE,4.409090909090909,22
B0017ZJWD8,4.363636363636363,22
B000C1ZAKC,4.090909090909091,22
B007A59AOA,4.363636363636363,22
B008MPASJI,4.363636363636363,22
B000C1ZDMW,4.409090909090909,22
B00E3W1WTO,4.5,22
B000C1VSU8,4.545454545454546,22
B007N9Y5TS,4.409090909090909,22
B000VEJV9Q,4.318181818181818,22
B001TVURXY,4.409090909090909,22
B001TVURTI,4.318181818181818,22
B002GZ7RFS,4.545454545454546,22
B000PI0ZCK,4.5,22
B000C1UFLQ,4.409090909090909,22
B002GU622C,4.636363636363637,22
B001V9OGJ0,4.681818181818182,22
B009I0L3UE,4.545454545454546,22
B0017BI7XI,4.954545454545454,22
B000VLXKTG,4.363636363636363,22
B004VYZ0M4,4.090909090909091,22
B007LSIW7W,4.136363636363637,22
B001878E9I,4.409090909090909,22
B00112RP68,4.136363636363637,22
B00B1UQ502,4.2272727272727275,22
B0000531YI,4.5,22
B007BJO6ZS,4.0,22
B000VHH71W,4.636363636363637,22
B00E6A226A,4.7272727272727275,22
B0071HCUYY,4.363636363636363,22
B004JE1Y0I,4.7272727272727275,22
B00IMLLW6A,4.590909090909091,22
B001B9VSFK,4.7727272727272725,22
B00018TMV4,4.818181818181818,22
B001B9S416,4.7272727272727275,22
B000BM9BU2,4.136363636363637,22
B004IQA0DE,4.318181818181818,22
B00GG0I86Q,4.409090909090909,22
B001CD3W04,4.363636363636363,22
B001XUHFJU,4.545454545454546,22
B000BIUGW8,4.2727272727272725,22
B004I298YU,4.318181818181818,22
B0050PSC00,4.636363636363637,22
B00BGA5LWU,4.454545454545454,22
B007S5BB8A,4.136363636363637,22
B001YMZZG2,4.7727272727272725,22
B006TH5DUK,4.7727272727272725,22
B009VXY05S,4.181818181818182,22
B0020J123I,4.318181818181818,22
B004I5DDAW,4.2272727272727275,22
B001CJFEMC,4.545454545454546,22
B001R2ICX2,4.818181818181818,22
B00AXRD8BS,4.318181818181818,22
B0002Z81OK,4.7727272727272725,22
B007R1Y5Y2,4.5,22
B006P66SO0,4.181818181818182,22
B0050JS5M6,4.590909090909091,22
B0011XVS42,5.0,22
B009VUBRKC,4.7272727272727275,22
B008DFR2UU,4.318181818181818,22
B006LPQLSS,4.590909090909091,22
B007RG6ZF4,4.2727272727272725,22
B00880ABUI,4.409090909090909,22
B000BGIYWY,4.0,22
B004IVECCY,4.318181818181818,22
B000EQ66SA,4.590909090909091,22
B0015ZAOLY,4.454545454545454,22
B000C230OE,4.363636363636363,22
B000C214BK,4.636363636363637,22
B000BIZSXA,4.454545454545454,22
B000Q34PES,4.590909090909091,22
B0016BHJEW,4.5,22
B001B61ZTM,4.0,22
B00017V01A,4.181818181818182,22
B00AXL0CQS,4.2272727272727275,22
B00F48C08S,4.909090909090909,22
B006O0CF1C,4.454545454545454,22
B000UWT6YO,4.454545454545454,22
B000C1VYDE,4.0476190476190474,21
B0084SQU0O,4.333333333333333,21
B00D6GOBE6,4.857142857142857,21
B00IN1PUZ8,4.619047619047619,21
B0012SNAKG,4.857142857142857,21
B000QUJ1O0,4.476190476190476,21
B008BQ5TW4,4.571428571428571,21
B001QJDCAY,4.190476190476191,21
B001KYQ5EA,4.714285714285714,21
B000WZRCM2,4.333333333333333,21
B004WKT9WO,4.523809523809524,21
B000GEZU14,4.476190476190476,21
B00AMAWX8A,4.0,21
B0088K2W4Q,4.0476190476190474,21
B00427WJR4,4.9523809523809526,21
B002T4SSHC,4.380952380952381,21
B00420W35O,4.333333333333333,21
B005DHCLF2,4.380952380952381,21
B002OWR4R4,4.0,21
B0082D9RYM,4.0,21
B002OTLCE8,4.857142857142857,21
B005DFRL0O,4.238095238095238,21
B000QUNDDU,4.666666666666667,21
B001OKCXZK,4.571428571428571,21
B00CIVWZQG,4.571428571428571,21
B00BR22AL2,4.285714285714286,21
B003E0Z36Y,4.761904761904762,21
B000PKYCIG,4.666666666666667,21
B002QS1MW4,4.761904761904762,21
B000NLQOOM,4.666666666666667,21
B000X16XTI,4.285714285714286,21
B00B2FJFXA,4.285714285714286,21
B002TSA94I,4.476190476190476,21
B005G5DXWQ,4.761904761904762,21
B00BY9MU86,4.904761904761905,21
B000GDC4IC,4.571428571428571,21
B000GDC4I2,4.095238095238095,21
B0052KBW28,4.0,21
B001PO6NPQ,4.476190476190476,21
B0082D9U12,4.285714285714286,21
B001281PPI,4.523809523809524,21
B001URL34Y,4.666666666666667,21
B0045A7BK8,4.571428571428571,21
B0051YNC7S,4.380952380952381,21
B000C1Z1GU,4.809523809523809,21
B001P95NSO,4.761904761904762,21
B001KUL0DK,4.761904761904762,21
B0042C0AG6,4.190476190476191,21
B00EB10Q1W,4.476190476190476,21
B001KOTRHM,4.666666666666667,21
B000NHXGNI,4.714285714285714,21
B001QH91IS,4.904761904761905,21
B005EMQDD2,4.333333333333333,21
B00538U9QO,4.380952380952381,21
B0039ITKUG,4.476190476190476,21
B000NLBZ9Q,4.190476190476191,21
B000C1W4TC,4.809523809523809,21
B005EQPQO0,4.238095238095238,21
B00BXDPF9Y,4.571428571428571,21
B00AVQ035U,4.333333333333333,21
B00BXIDAQY,4.476190476190476,21
B0041STY0Y,4.0476190476190474,21
B00EA5B5S2,4.428571428571429,21
B0041RIBJ0,4.380952380952381,21
B005F751WK,4.619047619047619,21
B000G62I1M,4.142857142857143,21
B000WJLHE2,4.809523809523809,21
B002RT0JOO,4.333333333333333,21
B000Q2Y0U8,4.809523809523809,21
B000WM30PS,4.714285714285714,21
B004YEYKS6,4.238095238095238,21
B0089E4KPK,4.0,21
B008AGWLJ4,4.0476190476190474,21
B0011DL8T2,4.380952380952381,21
B000AR8W8K,4.761904761904762,21
B004Y9LM8C,4.476190476190476,21
B00DBNDS8Y,4.619047619047619,21
B0051UPMLQ,4.285714285714286,21
B000NIG7YC,4.761904761904762,21
B00392C4UK,4.809523809523809,21
B00502NMU8,4.666666666666667,21
B000GCQZTC,4.380952380952381,21
B001LQL9AC,4.190476190476191,21
B000BW7FXM,4.523809523809524,21
B00005BL1R,4.142857142857143,21
B000BW8ZFE,4.285714285714286,21
B00CIBASLU,4.9523809523809526,21
B000BRQEV6,4.380952380952381,21
B001N444JU,4.523809523809524,21
B00ARIE2BS,4.523809523809524,21
B0057XLHR0,4.761904761904762,21
B0057Z6110,4.714285714285714,21
B0057HQ6C2,4.666666666666667,21
B00E6EWXL0,4.571428571428571,21
B000056EYY,4.809523809523809,21
B0012MVGNA,4.666666666666667,21
B0058FB024,4.380952380952381,21
B0012N2CW8,4.619047619047619,21
B00DBTXKOA,4.476190476190476,21
B004Z2HAZC,4.285714285714286,21
B00862C5X4,4.142857142857143,21
B000KIRSAW,4.285714285714286,21
B004Z1L3E2,4.666666666666667,21
B0058QM77K,4.857142857142857,21
B00CIAB6DK,4.333333333333333,21
B00I16BT4Q,4.666666666666667,21
B001RNNYWA,4.238095238095238,21
B001T8OF62,4.0,21
B001R4CL96,4.238095238095238,21
B002RS6JQW,4.190476190476191,21
B004X8K1G8,4.380952380952381,21
B00ATH9HEY,4.476190476190476,21
B00D7NDJTG,4.714285714285714,21
B0012RXV0Q,4.190476190476191,21
B0012S0306,4.571428571428571,21
B000ALBNGE,4.190476190476191,21
B001TV25XE,4.571428571428571,21
B005C78B9I,4.761904761904762,21
B001OAB7Z2,4.857142857142857,21
B00ATPNRB0,4.9523809523809526,21
B0050WM5LU,4.476190476190476,21
B00B1GPRN2,4.476190476190476,21
B003E236HA,4.238095238095238,21
B005CNQFCW,4.285714285714286,21
B000GF4I84,4.9523809523809526,21
B00ANFOQNY,4.571428571428571,21
B000WFWM86,4.666666666666667,21
B001O8KJ4E,4.380952380952381,21
B003901L92,4.285714285714286,21
B00APEO8Z4,4.380952380952381,21
B0042P99WY,4.0476190476190474,21
B004XNCOQ8,4.0476190476190474,21
B0050JJWR8,4.619047619047619,21
B000GCND9M,4.238095238095238,21
B00E4WWS46,4.523809523809524,21
B0088YVEWI,4.666666666666667,21
B004XJO51O,4.9523809523809526,21
B0011DJ04C,4.523809523809524,21
B0012FEXMI,4.285714285714286,21
B001LFI33E,4.428571428571429,21
B000A3ZMLO,4.190476190476191,21
B0045RTG9A,4.333333333333333,21
B000C1UB4C,4.714285714285714,21
B0046HO9PK,4.380952380952381,21
B00AOJVI4O,4.380952380952381,21
B0055BO4B0,4.285714285714286,21
B004XBDPN6,4.095238095238095,21
B001OHSXCK,4.428571428571429,21
B00A88IJK2,4.095238095238095,21
B000UW3XCA,4.285714285714286,21
B000UZVX06,4.190476190476191,21
B0036YVYFC,4.666666666666667,21
B007Q5LNZS,4.523809523809524,21
B006TURT90,4.238095238095238,21
B0031B54EM,4.0,21
B006T9XRC4,4.428571428571429,21
B001B80FTQ,4.238095238095238,21
B003STY2MM,4.523809523809524,21
B00319V9BG,4.714285714285714,21
B006SMFGQW,4.809523809523809,21
B00C8ZW4ZE,4.857142857142857,21
B001BF5698,4.428571428571429,21
B0002NUTD8,4.666666666666667,21
B000US25DC,4.476190476190476,21
B001B13DHY,4.238095238095238,21
B0016CDHOM,4.857142857142857,21
B0016FWWGS,4.285714285714286,21
B0016J4VDQ,4.190476190476191,21
B006YE9098,4.380952380952381,21
B0036UMM0M,4.380952380952381,21
B00CE2C2CG,4.666666666666667,21
B001AV50OO,4.380952380952381,21
B003QQPV8G,4.142857142857143,21
B0002G215Y,4.142857142857143,21
B001AWVR5O,4.285714285714286,21
B006W7QHNO,4.619047619047619,21
B001AY2AAI,4.571428571428571,21
B00CE9LPYA,4.238095238095238,21
B003R2GDWM,4.476190476190476,21
B001AZPK90,4.142857142857143,21
B0002GRFAU,4.238095238095238,21
B003R5M2KG,4.333333333333333,21
B0030UV448,4.714285714285714,21
B0030TTS9M,4.809523809523809,21
B006HA41JS,4.714285714285714,21
B0015YFTTC,4.571428571428571,21
B0002Z8XDO,4.809523809523809,21
B00CPVTQPW,4.0476190476190474,21
B0002Z8Y38,4.333333333333333,21
B000HJTGLI,4.904761904761905,21
B003JCN2C4,4.285714285714286,21
B006I3353M,4.190476190476191,21
B006I332GM,4.571428571428571,21
B006HJQX04,4.142857142857143,21
B0015VG98U,4.904761904761905,21
B000URD53C,4.380952380952381,21
B006GQDM0M,4.095238095238095,21
B006GQB6BE,4.428571428571429,21
B00HGIAA86,4.857142857142857,21
B00CYRRUH8,4.714285714285714,21
B001DBKC1W,4.142857142857143,21
B0015QIYKQ,4.095238095238095,21
B006FLIEAQ,4.666666666666667,21
B006FJLLHG,4.285714285714286,21
B00CPXTBBY,4.714285714285714,21
B0002Z8OUG,4.476190476190476,21
B001BSIZS4,4.380952380952381,21
B00161HES8,4.0,21
B006OMHTMK,4.761904761904762,21
B003T1CBRM,4.904761904761905,21
B006OHM01A,4.476190476190476,21
B007RNYDX8,4.285714285714286,21
B0016191HU,4.380952380952381,21
B006O0BHKM,4.142857142857143,21
B000186X4I,4.476190476190476,21
B000HLHA7I,4.476190476190476,21
B000UQ3WNQ,4.0476190476190474,21
B003TE6HII,4.476190476190476,21
B009VGDKWO,4.666666666666667,21
B00GNJCZ3M,4.9523809523809526,21
B007RX2TSO,4.285714285714286,21
B001CEPXKU,4.333333333333333,21
B000UMG5AW,4.428571428571429,21
B003JJ1D2S,4.476190476190476,21
B001CL6QKO,4.238095238095238,21
B001CN78PY,4.523809523809524,21
B001AJOEFM,4.333333333333333,21
B0070CF416,4.380952380952381,21
B00FI9BOE4,4.476190476190476,21
B00021AUVG,4.809523809523809,21
B00021CPCS,4.238095238095238,21
B00021CT10,4.666666666666667,21
B003N41ZPY,4.0,21
B00021CXTI,4.666666666666667,21
B00176XPRG,4.0,21
B007D0223I,4.333333333333333,21
B000VIX9NQ,4.285714285714286,21
B00GMDIKV0,4.666666666666667,21
B0034RSNCS,4.333333333333333,21
B000VP53IS,4.476190476190476,21
B007BYGWBE,4.095238095238095,21
B000VHE93Q,4.9523809523809526,21
B003KQZCNG,4.333333333333333,21
B007AKRXC6,4.476190476190476,21
B007A2Z4VQ,4.619047619047619,21
B003KQQVR2,4.714285714285714,21
B000VOHCO2,4.428571428571429,21
B0017WMOIG,4.476190476190476,21
B007GQ8W56,4.714285714285714,21
B0035FF00C,4.142857142857143,21
B000LF8V9G,4.285714285714286,21
B00GLS519U,4.0476190476190474,21
B003LYK2QY,4.571428571428571,21
B0017LGMEO,4.523809523809524,21
B0035UA1GA,4.380952380952381,21
B0017MTBUA,4.428571428571429,21
B007KBLCTA,4.380952380952381,21
B009GLPJ5U,4.285714285714286,21
B007IEA12S,4.0,21
B0017I6XL4,4.333333333333333,21
B00JT74V1O,4.571428571428571,21
B007KPMO66,4.428571428571429,21
B003LDJK5O,4.523809523809524,21
B0036FTE6W,4.619047619047619,21
B0018RF4IW,4.142857142857143,21
B000VG0NA0,4.476190476190476,21
B003K2QF68,4.428571428571429,21
B0073XP3M2,4.0,21
B00CUCNID2,4.238095238095238,21
B00CAOCW5U,4.190476190476191,21
B009NVQW86,4.571428571428571,21
B0019W219G,4.0,21
B0073L982K,4.428571428571429,21
B00028OTAM,4.428571428571429,21
B0001EKRSU,4.857142857142857,21
B0016KWZ2E,4.619047619047619,21
B000I5LDYY,4.0476190476190474,21
B000IT1S1I,4.761904761904762,21
B009OY2REK,4.190476190476191,21
B000V76ANI,4.190476190476191,21
B001ADOTX0,4.285714285714286,21
B00HHN8NES,4.190476190476191,21
B000ITBTYO,4.476190476190476,21
B001AH9ZAS,4.523809523809524,21
B0016JD0PQ,4.714285714285714,21
B00028NL6A,4.0476190476190474,21
B00JPMJK7I,4.9523809523809526,21
B0019LPSX8,4.190476190476191,21
B003KPEHGU,4.666666666666667,21
B00170ZW82,4.476190476190476,21
B00778LTDU,4.238095238095238,21
B00023KDPW,4.333333333333333,21
B007736X86,4.714285714285714,21
B003O6MRGW,4.380952380952381,21
B00772CR82,4.238095238095238,21
B00192MVZU,4.476190476190476,21
B000VDES7C,4.095238095238095,21
B00196B42W,4.476190476190476,21
B0076OFKMG,4.0,21
B00346BHY0,4.380952380952381,21
B007NUHHC4,4.142857142857143,21
B0001EL0CW,4.523809523809524,21
B0019GFZCM,4.0476190476190474,21
B000I7K8XO,4.476190476190476,21
B00016X212,4.666666666666667,21
B000UIBBG4,4.761904761904762,21
B002VWL2BQ,4.190476190476191,21
B00938XITK,4.095238095238095,21
B001F51THW,4.142857142857143,21
B005O23SMQ,4.809523809523809,21
B0007VCKAK,4.666666666666667,21
B00ABD4YUS,4.142857142857143,21
B002VWL2HK,4.0476190476190474,21
B00GSMJG36,4.9523809523809526,21
B002VWL2BG,4.238095238095238,21
B001FSK8S0,4.904761904761905,21
B005NI80RY,4.666666666666667,21
B0013UQQAE,4.857142857142857,21
B005NA8F90,4.857142857142857,21
B003H7MY98,4.238095238095238,21
B003ZDKN06,4.333333333333333,21
B000W3TDIU,4.714285714285714,21
B0007CIECC,4.190476190476191,21
B000TBGXLU,4.523809523809524,21
B000TAPBA0,4.190476190476191,21
B007Y5F1PI,4.142857142857143,21
B003YBJ4GI,4.523809523809524,21
B001ET7N6A,4.142857142857143,21
B00AAGDNA8,4.095238095238095,21
B00B2QWZAY,4.809523809523809,21
B002WN2Y8O,4.380952380952381,21
B002WLOPX8,4.142857142857143,21
B007YQURKQ,4.666666666666667,21
B000MXHG7A,4.380952380952381,21
B005OWMLRE,4.809523809523809,21
B000W30RP8,4.619047619047619,21
B001F0H77I,4.666666666666667,21
B001F0IDY4,4.571428571428571,21
B00C2K3YR2,4.809523809523809,21
B005OS52HE,4.190476190476191,21
B00080KAKW,4.428571428571429,21
B001DK9QXI,4.333333333333333,21
B00FTC6ZBM,4.857142857142857,21
B0013IT4B4,4.714285714285714,21
B001G8WF1M,4.809523809523809,21
B005IC4S6M,4.904761904761905,21
B0040DCZEC,4.476190476190476,21
B000N2O26I,4.761904761904762,21
B005HYNI30,4.380952380952381,21
B002UL63NK,4.190476190476191,21
B001FW1HK4,4.238095238095238,21
B00EP4B0IS,4.666666666666667,21
B002UJJ6MC,4.190476190476191,21
B001H34AWS,4.285714285714286,21
B0009L5Z32,4.666666666666667,21
B0040ZHUH2,4.428571428571429,21
B0040ZU4ZW,4.428571428571429,21
B00AI0ULLU,4.142857142857143,21
B005GR1AP6,4.285714285714286,21
B00AFP786Y,4.095238095238095,21
B00AFNPE4Y,4.095238095238095,21
B000N2MPLW,4.714285714285714,21
B003GS2TC0,4.476190476190476,21
B0008D4PL4,4.190476190476191,21
B00AE06Q86,4.428571428571429,21
B0013NHSSU,4.9523809523809526,21
B001FWXIUQ,4.238095238095238,21
B003ZSFJ5K,4.142857142857143,21
B000980PNU,4.285714285714286,21
B0009DSQMC,4.0,21
B002VA4LKM,4.428571428571429,21
B000JJAVPQ,4.0,21
B005JDPJVI,4.428571428571429,21
B00CGR26B6,4.666666666666667,21
B00AFCOVEO,4.761904761904762,21
B00EQBYSH0,4.380952380952381,21
B005IYYF5E,4.0,21
B0038397AA,4.095238095238095,21
B00381A7OC,4.285714285714286,21
B003VFQXHK,4.380952380952381,21
B0068GKEB0,4.523809523809524,21
B0006FIDP8,4.619047619047619,21
B001E44OFI,4.095238095238095,21
B000U6I6Q4,4.666666666666667,21
B001E5D0IY,4.904761904761905,21
B0067H6G2G,4.380952380952381,21
B0006GZCXS,4.0476190476190474,21
B00015874U,4.238095238095238,21
B001E6O90G,4.380952380952381,21
B00EY950Z8,4.476190476190476,21
B00076ZUJS,4.619047619047619,21
B00014J4L6,4.0,21
B000U5O5Q0,4.761904761904762,21
B002Y2R2KS,4.571428571428571,21
B003VID3KM,4.857142857142857,21
B001E6US10,4.571428571428571,21
B002Y26RVI,4.285714285714286,21
B0064DZ1Y2,4.714285714285714,21
B007VINJQG,4.857142857142857,21
B0068Q5CJY,4.476190476190476,21
B00HFXKYE2,4.9523809523809526,21
B001E01EPU,4.666666666666667,21
B003UW2SVY,4.142857142857143,21
B009Y0BZ74,4.0,21
B001DKQ3PM,4.190476190476191,21
B003J8VP1I,4.714285714285714,21
B000KWDFHI,4.571428571428571,21
B0098JU8YW,4.476190476190476,21
B00GJVTZMI,4.571428571428571,21
B007TCD4GO,4.095238095238095,21
B0015GE2TS,4.761904761904762,21
B003UO3QTU,4.428571428571429,21
B007TF9FDW,4.619047619047619,21
B000HBNAJK,4.523809523809524,21
B003USG7GA,4.238095238095238,21
B00CZE85II,4.333333333333333,21
B00068T8TA,4.666666666666667,21
B002ZBBX4O,4.428571428571429,21
B003IUAY28,4.380952380952381,21
B00697Y8LK,4.095238095238095,21
B0063WN4DE,4.333333333333333,21
B000U03B06,4.095238095238095,21
B0063RTL5O,4.238095238095238,21
B0060M93ZU,4.857142857142857,21
B00C4WJGIO,4.285714285714286,21
B0006NZ8FS,4.761904761904762,21
B00604MWB0,4.571428571428571,21
B001ECQ41M,4.619047619047619,21
B000TLUSX4,4.809523809523809,21
B00CP88G9C,4.761904761904762,21
B005XRZS16,4.619047619047619,21
B005XG2OXM,4.523809523809524,21
B0014LXXTY,4.666666666666667,21
B005WX3LYM,4.571428571428571,21
B001EKASZM,4.380952380952381,21
B003XKQY3G,4.857142857142857,21
B005V0UXJM,4.476190476190476,21
B00A7EY7QM,4.333333333333333,21
B005UBN3GW,4.142857142857143,21
B001ET72AM,4.857142857142857,21
B001ET73T2,4.285714285714286,21
B00070PNGO,4.857142857142857,21
B000U01B44,4.238095238095238,21
B00A3Z2Z1E,4.476190476190476,21
B0063NKM6K,4.428571428571429,21
B003VMS0Z6,4.619047619047619,21
B0006LNHVM,4.285714285714286,21
B001E768AE,4.476190476190476,21
B00014EVQO,4.142857142857143,21
B00A2W4ZX4,4.666666666666667,21
B00C5TPF72,4.9523809523809526,21
B001E7BBNS,4.904761904761905,21
B000MPSOKG,4.523809523809524,21
B0037MMQBO,4.904761904761905,21
B001E95GD2,4.0476190476190474,21
B00A3DBHV0,4.619047619047619,21
B00014EGE6,4.380952380952381,21
B001E96KZK,4.0,21
B0061Q7X1Q,4.428571428571429,21
B0061KQG6K,4.904761904761905,21
B00014DNLS,4.0,21
B003WGNTPW,4.904761904761905,21
B001E96LCM,4.380952380952381,21
B00A3RZNJI,4.333333333333333,21
B003WLYLJA,4.0,21
B005P7G9D0,4.619047619047619,21
B003LRG1VG,4.190476190476191,21
B002B4EF9U,4.0476190476190474,21
B002C67EN6,4.190476190476191,21
B00BGAOJGY,4.333333333333333,21
B000C213A2,4.095238095238095,21
B002BS2PFC,4.190476190476191,21
B000YHQLRK,4.095238095238095,21
B00H6YRB0K,4.142857142857143,21
B00H941PVS,4.666666666666667,21
B000NVMM1G,4.714285714285714,21
B004SU886Q,4.190476190476191,21
B002771T86,4.238095238095238,21
B004GIHQQI,4.0476190476190474,21
B00BKDNYI6,4.095238095238095,21
B002IABQ9E,4.857142857142857,21
B00CKH38HI,4.857142857142857,21
B004CCUA2U,4.571428571428571,21
B002AMUFTW,4.571428571428571,21
B00112688E,4.476190476190476,21
B002M3NV2C,4.238095238095238,21
B000E7SS4E,4.523809523809524,21
B004DAP7HY,4.238095238095238,21
B004RHGW7C,4.190476190476191,21
B00BG238AU,4.428571428571429,21
B00IFVHJE6,4.761904761904762,21
B004PRSRIQ,4.190476190476191,21
B0020MMCRU,4.619047619047619,21
B004SUGXWC,4.809523809523809,21
B00B8YYK2Q,4.095238095238095,21
B000FZZ4DS,4.190476190476191,21
B0048K8SX4,4.714285714285714,21
B000XI8Z5Q,4.190476190476191,21
B003BLBLVC,4.428571428571429,21
B00203SE76,4.190476190476191,21
B004AGM47C,4.523809523809524,21
B004UB1DTC,4.428571428571429,21
B004P2Q48G,4.476190476190476,21
B002FGTMYC,4.476190476190476,21
B000CR2HT8,4.571428571428571,21
B000CNMDXM,4.333333333333333,21
B002B2R3IC,4.333333333333333,21
B002LTHFZ6,4.619047619047619,21
B002C74884,4.238095238095238,21
B0020C1W94,4.238095238095238,21
B0047TIQH4,4.523809523809524,21
B002ABOTTK,4.666666666666667,21
B00481PTDU,4.142857142857143,21
B00BB3K3JS,4.428571428571429,21
B004GWQDI6,4.333333333333333,21
B00260OTA4,4.619047619047619,21
B004U7QZ6C,4.571428571428571,21
B004H04QHC,4.9523809523809526,21
B002G57WP8,4.142857142857143,21
B000C232K6,4.523809523809524,21
B002D48QTS,4.714285714285714,21
B00BKH3Q58,4.333333333333333,21
B000OY3WNO,4.380952380952381,21
B002AHSE5O,4.428571428571429,21
B0020MM6HQ,4.142857142857143,21
B00BNZNG66,4.9523809523809526,21
B002ABTSJ6,4.666666666666667,21
B00BNI4UUE,4.190476190476191,21
B000XCQWIO,4.571428571428571,21
B008DI7WBQ,4.380952380952381,21
B003AYEG8U,4.476190476190476,21
B0029LKJX6,4.476190476190476,21
B00BCAQTEI,4.238095238095238,21
B00BCX5O3C,4.476190476190476,21
B004MJXTC6,4.619047619047619,21
B008EYQNVY,4.666666666666667,21
B004SZH3CG,4.666666666666667,21
B004EIVYM2,4.190476190476191,21
B008JBIH9I,4.238095238095238,21
B004FKW6PS,4.523809523809524,21
B008Q024GO,4.0476190476190474,21
B00B8T3Y0U,4.428571428571429,21
B002BXGBSY,4.571428571428571,21
B002EY8ZLQ,4.571428571428571,21
B004I6J4E0,4.761904761904762,21
B000FSNF2C,4.190476190476191,21
B002F0F666,4.0,21
B000C1ZFKW,4.523809523809524,21
B000C20ZAQ,4.761904761904762,21
B004J100UQ,4.761904761904762,21
B002H3Y3W4,4.761904761904762,21
B000OYFRNW,4.571428571428571,21
B000NSQNOG,4.476190476190476,21
B000E7STVQ,4.380952380952381,21
B00005302X,4.904761904761905,21
B0029KUK72,4.380952380952381,21
B003AHGRP2,4.761904761904762,21
B000C2103W,4.333333333333333,21
B0023QX8F8,4.142857142857143,21
B004RPVPB2,5.0,21
B004DK573I,4.238095238095238,21
B004L1ZDD8,4.571428571428571,21
B004F82HB8,4.571428571428571,21
B000NN5HFM,4.666666666666667,21
B002L9WFXS,4.095238095238095,21
9790794231,4.571428571428571,21
B000Z61V02,4.714285714285714,21
B004ISZWLC,4.095238095238095,21
B00BK5XNHG,4.904761904761905,21
B004QEHKWW,4.428571428571429,21
B00B6A22QS,4.714285714285714,21
B00DOOA6UI,4.9523809523809526,21
B004URZDX8,4.285714285714286,21
B000F7WVFK,4.523809523809524,21
B004HGO540,4.666666666666667,21
B002CML1T8,4.619047619047619,21
B000C214PQ,4.857142857142857,21
B000JV2Y18,4.428571428571429,21
B000C2160O,4.380952380952381,21
B001V9GSN2,4.333333333333333,21
B002D48R1A,4.190476190476191,21
979078127X,4.761904761904762,21
B00B2SV21A,4.476190476190476,21
B0028N1B8C,4.714285714285714,21
B001YUC8R8,4.523809523809524,21
B00BJKUFZK,4.523809523809524,21
B00CN4L5DM,4.714285714285714,21
B002IJL2BC,4.523809523809524,21
B004GDZOY4,4.0,21
B002L3OPFU,4.285714285714286,21
B00E1P7328,4.9523809523809526,21
B002KCAFDI,4.476190476190476,21
B004HLDMEO,4.523809523809524,21
B002JF4Q1S,4.761904761904762,21
B0029Y6F68,4.238095238095238,21
B002CMRKSE,4.142857142857143,21
B000XFUM32,4.571428571428571,21
B003B2TF8C,4.428571428571429,21
B002LZ1QVY,4.095238095238095,21
B003AXJNGQ,4.809523809523809,21
B004BD0XN6,5.0,21
B000FD98MS,4.333333333333333,21
B000ZK3R4Q,4.809523809523809,21
B000XB8Y4A,5.0,21
B000P2598G,4.523809523809524,21
B000C1ZBRO,4.380952380952381,21
B0023B5JFK,4.523809523809524,21
B000CNKC3A,4.571428571428571,21
B008E9KBZ8,4.476190476190476,21
B002HTZ4A8,4.285714285714286,21
B004FGAXK2,4.761904761904762,21
B003CFB8OM,4.428571428571429,21
B0020MMFX6,4.190476190476191,21
B008CZC1IE,4.142857142857143,21
B00BPMWB54,4.333333333333333,21
B0027SU9JU,4.571428571428571,21
B004LX1YES,4.380952380952381,21
B001WAKUCK,4.380952380952381,21
B004SSIW5K,4.428571428571429,21
B001WX0F86,4.714285714285714,21
B00DI9VELE,4.9523809523809526,21
B000X96M8C,4.428571428571429,21
B004NTIWTK,4.333333333333333,21
9790798075,4.0476190476190474,21
B00AO3777W,4.5,20
B000O7CE1W,4.25,20
B0038ZL1BQ,4.25,20
B000A3ZN7W,4.5,20
B000NB79IW,4.75,20
B000TCIGBO,4.5,20
B002X0WLEI,4.75,20
B00164TKRI,4.55,20
B000P2756K,4.0,20
B000V9IQA6,4.9,20
B001LF4CYS,4.9,20
B00BJ58020,4.55,20
B00A7YVOH2,4.75,20
B00852FI4S,4.15,20
B000GHYWCY,4.1,20
B003DH245Q,4.6,20
B0006ZHJM6,4.75,20
B00IROPDPS,4.8,20
B00904MQ7M,4.25,20
B000E8XBSG,4.65,20
B004GMN8KC,4.05,20
B000Z65APY,4.9,20
B0012S0CIE,4.3,20
B0084U5TEU,4.4,20
B002SR53Z0,4.6,20
B005TT8SRO,4.15,20
B003OYU7RU,4.9,20
B0019SQCPY,4.15,20
B008HCWRN6,4.55,20
B001LF4D2Y,4.95,20
B004DWHVE4,4.35,20
B0007CIEV8,4.55,20
B003XW728U,4.25,20
B00F5KDIC2,4.15,20
B000URWZ9C,4.65,20
B001KYU5LE,4.4,20
B00K5B25KM,4.75,20
B00853ES7K,4.2,20
B008S5743A,4.25,20
B00A8QR51I,4.5,20
B009A5ZQA0,4.65,20
B005CMHI7E,4.65,20
B003Y5CFRO,4.2,20
B000XE2A5G,4.5,20
B000M86E3C,4.65,20
B004MQ2RR2,4.1,20
B001LIO0ZG,4.7,20
B002XDQJ1G,4.1,20
B005XIM2O6,4.75,20
B00EX6BVO6,4.5,20
B003DKUI7Y,4.5,20
B0001EQO32,4.75,20
B00196NQC8,4.6,20
B004M0U3YM,4.4,20
B002GNFSPG,4.4,20
B00HGZ2GJA,4.75,20
B00570VSPE,4.4,20
B000KESO86,4.1,20
9788073840,4.3,20
B00A6AK6GC,4.65,20
B0028M5U4E,4.75,20
B002XJ38VO,4.3,20
B008YQQI58,4.1,20
B000P557R6,4.5,20
B002D4GF9Q,4.95,20
B00GXFS6U2,4.55,20
B0057N3OOY,4.25,20
B003OEHSO0,4.3,20
B00347D9FO,4.15,20
B00H4I5I12,5.0,20
B00FLXJ372,4.7,20
B0095IFO22,4.65,20
B00394LNMI,4.45,20
B00A6O1A9A,4.8,20
B004S49AS2,4.1,20
B000VYDD5E,4.45,20
B0055SZG7Y,4.65,20
B005YIN7P8,4.0,20
B002RS6KEI,4.2,20
B004E6G8BQ,4.5,20
B001NTZNRW,4.7,20
B0034CMQWQ,4.35,20
B005YH1AC6,4.85,20
B000052XIA,4.2,20
B003T87PV2,4.65,20
B0086LC1T8,4.4,20
B001ECTZNG,4.4,20
B00HIANHGE,4.15,20
B000WM1G8Q,4.7,20
B002AMUGFA,4.25,20
B008E3COTA,4.25,20
B002XOA16E,4.7,20
B002D4CWV6,4.0,20
B003O9RVJ2,4.7,20
B000LRCSSE,4.15,20
B00G5JG1M6,4.55,20
B00IQ4T3D2,4.0,20
B005AVMOKS,4.8,20
B007OAM9WG,4.25,20
B001M5LZGA,4.1,20
B0019DKRX2,4.1,20
B0085SINBW,4.75,20
B003I7IB62,4.1,20
B006OMHV00,4.5,20
B000R8XDFE,4.4,20
B004INIVT2,4.05,20
B002AMUF38,4.5,20
B008Z86IAU,4.65,20
B004INCW1K,4.35,20
B0014JXUMG,4.25,20
B0085I3A2O,4.85,20
B0006Z31OG,4.15,20
B004MG9W98,4.05,20
B0094X4ZMI,4.45,20
B0025FJ6WQ,4.05,20
B001020P5M,4.7,20
B0006ZEWEE,4.75,20
9788073409,4.25,20
B000R92XE0,4.15,20
B005AQC9NA,4.9,20
B006OMHTXO,4.55,20
B00FEHM8HM,4.65,20
B0001EL5Q8,4.4,20
B00F4VX9G2,4.15,20
B002GEJVVC,4.55,20
B000AIZ1PQ,4.5,20
B0023YDAS0,4.45,20
B0076DY17M,4.35,20
B007NN2CLC,4.0,20
B004C2FBCY,4.7,20
B003I87AAY,4.65,20
B0085Y9DXS,4.3,20
B000GHL3FI,4.7,20
B0076BECGY,4.4,20
B00AQH09DK,4.45,20
B00433VGVW,4.3,20
B005WLVC5O,4.35,20
B007NPX5K2,4.8,20
B00C40RO3U,4.7,20
B0019AKZ0U,4.8,20
B0030M2VAM,4.45,20
B002AMUG7S,4.5,20
B003F8QNNC,4.05,20
B00346B7BI,4.1,20
B002AMUFS8,4.4,20
B004RHO904,4.45,20
B000Z63V96,4.65,20
B00HF8TAP6,4.8,20
B004QD4TFE,4.15,20
B00AN09JKE,4.65,20
B0013EGSF8,4.6,20
B00011JTNC,4.5,20
B006X7ZGVM,4.55,20
B0027ERZKU,4.75,20
B003QJ6QZ0,4.35,20
B000GL8TOM,4.7,20
B00BB3K8UW,4.25,20
B00BB3K5JQ,4.5,20
B004OZTQ8Y,4.5,20
B0013FJ1F6,4.25,20
B000N2O59M,4.7,20
B000GLEMV6,4.1,20
B000P20R4W,4.05,20
B005MKPI9G,4.4,20
B0016I3FQ6,4.65,20
B006X0VQ1S,4.05,20
B004NO7P48,4.1,20
B003ZC31BK,4.45,20
B00AC8NLVK,4.25,20
B000S1P9JI,4.2,20
B0013WL1IE,4.5,20
B0081UZ1ZK,4.2,20
B000P22VS2,4.75,20
B000NSS024,4.4,20
B003Z4MCD6,4.45,20
B0009N4L80,4.7,20
B00BAXVWD0,4.75,20
B001B8RND2,4.35,20
B008LQU6KY,4.75,20
B003Z47YS4,4.5,20
B00BC5ODUA,4.7,20
B000CPLV24,4.35,20
B000SRVQ12,4.05,20
B001HOFCSI,4.1,20
B005GWAR9G,4.5,20
B00BC3GVCA,4.7,20
B0040VUQ2C,4.45,20
B000OCFCZC,5.0,20
B0032EYH7S,4.25,20
B002W0056U,4.8,20
B003GCED0M,4.45,20
B001H54VL6,4.55,20
B000JWO802,4.35,20
B008GIYI56,4.5,20
B007PK4FVI,4.55,20
B004OT1BM4,4.45,20
B003BXT9IW,4.05,20
B007Q79FHE,4.45,20
B001B1OBSO,4.25,20
B004HL1I4A,4.5,20
B0028Q1XT6,4.5,20
B0036YHNFM,4.4,20
B005JF5IDK,4.15,20
B000K2P79C,4.7,20
B005JDPS0U,4.4,20
B003ZS6OFY,4.6,20
B0009ET3QO,4.6,20
B000EZYA52,4.6,20
B000E39WOS,4.5,20
B000E1CMWE,4.25,20
B00AEEIL0I,4.4,20
B000GU619I,4.15,20
B005K95ZVA,4.65,20
B0031TSC34,4.3,20
B001AZXB0A,4.3,20
B003ATHKLA,4.2,20
B00095P17S,4.6,20
B001G55OFO,4.7,20
B001G5O08G,4.7,20
B00DQBYLEQ,4.65,20
B002DYCUW2,4.65,20
B0009C182I,4.35,20
B00CQNMXM2,4.25,20
B004DGK4C6,4.1,20
B0028ACYIG,4.55,20
B004HXWJZK,4.35,20
B000XE9HAC,4.4,20
B005IRYE98,5.0,20
B000S7ZWVC,4.5,20
B007POTA4Q,4.5,20
B005IMHF3K,4.5,20
B000N2JHVS,4.6,20
B003JN4I6W,4.5,20
B000HX2L6Q,4.6,20
B000N2MYDG,4.35,20
B004085QCK,4.85,20
B001G9BJ54,4.7,20
B008FXFH6Q,4.45,20
B006WH3MXW,4.7,20
B000FQ5Q9E,4.6,20
B00BI1743Q,4.15,20
B00AFCP9FO,4.25,20
B001FWXGL2,4.1,20
B001FWXFY0,4.3,20
B005LNZWZ4,4.65,20
B004BCVAOI,4.1,20
B001B2NMRY,4.45,20
B00810KJPC,4.45,20
B001AWL010,4.35,20
B003ZKBBKA,4.65,20
B009AZOM8M,4.05,20
B004N13NEW,4.6,20
B001KOTRGI,4.75,20
B00ITEBAHG,4.75,20
B000EE24NI,4.35,20
B0009VQ8I8,4.55,20
B000W1RGZO,4.1,20
B004QDPC00,4.45,20
B0084A5SW8,4.1,20
B00149K6BE,4.55,20
B0038TVH34,4.15,20
B0026NPDDI,4.1,20
B001KYNZIY,4.75,20
B003PIOA14,4.4,20
B004I7BWLW,4.25,20
B000F4GIMA,4.0,20
B001A7WV2C,4.8,20
B00A9YLL64,4.75,20
B000RMVIR0,4.05,20
B0002L2JY2,4.3,20
B009AGTBG4,4.6,20
B008S20OLW,4.85,20
B003SJ37SM,4.3,20
B003YHHV80,4.4,20
B000WCSH7O,4.55,20
B006RGM2T8,4.35,20
B001KOTQJQ,4.2,20
B001EWF21A,4.6,20
B001BG0YZS,4.35,20
B008RFMQGQ,4.1,20
B001A7YGSE,4.45,20
B00FCGKP5W,4.15,20
B0084I3XGI,4.7,20
B0084SDG56,4.45,20
B00HCGJGUU,4.6,20
B00DV76LU2,4.5,20
B002LCTNEE,4.6,20
B002SZ7FUI,4.15,20
B0009XH6XW,4.35,20
B007R4ONS2,4.25,20
B001ET7EBO,4.5,20
B0073D7B3G,4.7,20
B000LT0SE8,4.7,20
B00149YAXY,4.75,20
B004AJ42F6,4.65,20
B003SSO11K,4.05,20
B000XE8XIY,4.55,20
B000RJHHRS,4.1,20
B001A34JBM,4.4,20
B004MYS2RS,4.4,20
B000GI0RY0,4.3,20
B000GI0RWW,4.3,20
B0042808OY,4.1,20
B000ZV5SZ6,4.45,20
B000OV5ODI,4.55,20
B0094FWCXU,4.2,20
B004BLHG0G,4.4,20
B00315H3DS,4.1,20
B0082IY8MI,4.35,20
B001IEMFQE,4.75,20
B004BNL0G0,4.6,20
B000RT9JGK,4.85,20
B002TTPA46,4.6,20
B000VTLQRQ,4.05,20
B00CVFZ3VS,4.7,20
B0041M5XCI,4.35,20
B007152J10,4.1,20
B0009QZXQ6,4.1,20
B000RRRHJ8,4.8,20
B0093EQX6Y,4.25,20
B005G8CP54,4.75,20
B0009OAHP0,4.75,20
B002U2Q3BG,4.6,20
B009X62WM6,4.4,20
B008RZ6KN6,4.2,20
B001F51RCY,4.2,20
B003HFFRFI,4.65,20
B0009OMNJ8,4.3,20
B0009OMNQ6,4.8,20
B00HQPMIH0,5.0,20
B001F38ZVC,4.55,20
B0009QZYLU,4.65,20
B000LVW25O,4.5,20
B002TJ4UP6,4.1,20
B0071H640U,4.1,20
B000SZNY0K,4.55,20
B000V6NTKQ,4.2,20
B0083S3MYC,4.45,20
B001EXVAFQ,4.15,20
B003CYKOY8,4.55,20
B00I3VRV82,4.6,20
B001JQLNLO,4.7,20
B001463QC8,4.55,20
B004N8TXKS,4.6,20
B000V70T6W,4.8,20
B007OYZ4SS,4.2,20
B009P2C4IA,4.5,20
B000GI3U44,4.85,20
B000VT08AC,4.6,20
B005P00JRE,4.6,20
B005OZZO5W,4.5,20
B00BCK29KQ,4.35,20
B002WJHJX8,4.6,20
B0082Z6CNY,4.1,20
B005OUNCAQ,4.15,20
B005OV73CI,4.7,20
B004ND8HY6,4.1,20
B009SP60TI,4.65,20
B00GUPRMXW,4.55,20
B00IG9L8QM,4.85,20
B00H4BZM9M,4.65,20
B00ENJN8S0,4.9,20
B004GYQM6C,4.45,20
B0041PYJK2,4.7,20
B002LE8P78,4.35,20
B0012H6Y28,4.9,20
B00773FNQO,4.4,20
B006ARAZE8,4.25,20
B004KEOHH4,4.9,20
B000ULNKK6,4.55,20
B000G014ZO,4.15,20
B00HG4OC3Y,4.75,20
B004ZQV68A,4.55,20
B00BEZ3VHY,4.7,20
B007D84PVM,4.1,20
B0045WBARQ,4.85,20
B0045WAXTC,4.7,20
B0018CK3VK,4.2,20
B000BO6ERI,4.85,20
B002NVPXX8,4.6,20
B003EH22SO,4.25,20
B0089BTMEC,4.4,20
B00368WKK6,4.35,20
B00H4RQ7BI,5.0,20
B00152VYN4,4.0,20
B00152VMNG,4.9,20
B00BN152EE,4.05,20
B0045X6DVI,4.5,20
B004JAJBAW,4.3,20
B00021D5Q8,4.2,20
B00188KN50,4.75,20
B004FQML5C,4.6,20
B0065WQ3EO,4.0,20
B0015358TE,4.25,20
B000G014UY,4.25,20
B003N4RGIO,4.05,20
B002KYF068,4.6,20
B001DVPBGI,4.55,20
B000VONBTM,4.6,20
B0010YXJ1C,4.7,20
B00DBRZ0PY,4.55,20
B003AYEFU4,4.0,20
B0065LOP1S,4.3,20
B0065FYPB4,4.4,20
B003EH1WYE,4.1,20
B00152W0AA,4.7,20
B001WRU4JW,4.4,20
B001RVTFOS,4.6,20
B0045YR2GM,4.9,20
B009E87JTE,4.95,20
B006BW8T0E,4.3,20
B000EIC55G,5.0,20
B007BQH7ES,4.25,20
B001THHNSU,4.7,20
B0018IYTGE,4.1,20
B0099A1QDM,4.85,20
B007C6OETS,4.3,20
B001CL4O4O,4.65,20
B0048J0IGK,4.25,20
B002H988H4,4.75,20
B003IGTLIU,4.55,20
B0050ZIPUC,4.1,20
B002KANXB6,4.4,20
B0045UDRF6,4.4,20
B00H8C82IU,4.95,20
B002K8SCQ4,4.15,20
B004LD39NW,4.2,20
B004CELC16,4.5,20
B007MTL2PY,4.2,20
B00634TGPC,4.4,20
B00631A2EE,4.15,20
B000YQLVDK,4.0,20
B000BKXCY0,4.0,20
B001QY9HBM,4.2,20
B003LJMJSS,4.35,20
B000FD7EB0,4.65,20
B000MASTMY,4.35,20
B006JYMHW0,4.6,20
B003IX5JNY,4.8,20
B00JCE89SU,4.9,20
B001R415F2,4.65,20
B0098A8S16,4.75,20
B002Y0IX94,4.0,20
B00017XN7E,4.65,20
B0001TQA22,4.4,20
B00B5HJ5XU,4.45,20
B0034SHUV2,4.75,20
B0047S9VEC,4.1,20
B000WR28Y2,4.45,20
B00CNLEN8Y,4.6,20
B003M5Q3XS,4.2,20
B0050OL23K,4.75,20
B000PI3450,4.75,20
B002QFSIW4,4.2,20
B00CEUCXUO,4.55,20
B003VFI0XU,4.1,20
B0062SM296,4.75,20
B001TOUB7I,4.25,20
B00HG1JFXY,5.0,20
B0017WOI8U,4.2,20
B0068DC2FE,4.35,20
B009WKOOBA,4.2,20
B003TY8UEC,4.0,20
B002NN6Z38,4.85,20
B00AZX3C1Q,4.6,20
B000BYCQ2U,4.75,20
B00686TQGO,4.95,20
B000XTBEYY,4.8,20
B004X42FES,4.2,20
B000Z4P8CG,4.65,20
B000C211KE,4.1,20
B004EHMCJM,4.05,20
B002HJ7YBU,4.1,20
B00B4C35IW,4.3,20
B002PBJLMU,4.25,20
B001E0WQ8Y,4.0,20
B002PLO7KG,4.7,20
B002BWOY6G,4.45,20
B00021A8CW,4.05,20
B0000535SR,4.6,20
B002Z7FSW6,4.75,20
B004JKIY4G,4.65,20
B007L51ET8,4.15,20
B0035JAGAM,4.25,20
B001TEMFRW,4.05,20
B000YIYCSY,4.6,20
B002PJUN56,4.6,20
B000PHZ7GK,4.1,20
B000HA9NZ6,4.8,20
B000XTBEY4,4.5,20
B000KI5L4M,4.65,20
B00DD96JVY,4.65,20
B0017WE32G,4.65,20
B000NNEB8G,4.8,20
B002Z6M22Q,4.9,20
B0011DIYAI,4.35,20
B001T8SBDK,4.25,20
B004KRVBT8,4.3,20
B0035CRMEC,4.65,20
B009I0LAAM,4.3,20
B00021CUF0,4.45,20
B004WP3VNM,4.25,20
B000Z4SIBY,4.55,20
B0006GDUW8,4.9,20
B000C1VSTY,4.4,20
B00BKF2QGK,4.25,20
B000J1GVC6,4.6,20
B000YYP304,4.15,20
B0010Z7RIC,4.4,20
B002NIZRT6,4.1,20
B0006FRHWI,4.45,20
B00178HF34,4.65,20
B006JQ5KU4,4.05,20
B00021CWKS,4.25,20
B00B4SV240,4.45,20
B004WMFV6K,4.5,20
B008N10FX0,4.55,20
B006NCP4OG,4.6,20
B004JLGC6C,4.7,20
B000C1VTQ6,4.25,20
B00664JHVM,4.3,20
B007LQ0JP2,4.2,20
B001VEHXL8,4.85,20
B009ZKLOWO,4.65,20
B000O2T1HW,4.25,20
B000GCR5IC,4.4,20
B00FIUEIY6,4.4,20
B00B18C3NW,4.3,20
B004EUHWQ2,4.45,20
B003IUAZR2,4.5,20
B00979C5AI,4.15,20
B001CS2P84,4.25,20
B001E3ZR50,4.35,20
B002BWOXZ8,4.85,20
B001SZ1UDC,4.2,20
B00016QTUS,4.65,20
B000X25L40,4.8,20
B000IOBEZS,4.65,20
B001VHGI0W,4.85,20
B002KO903M,4.6,20
B0000532VT,4.55,20
B007UQ90O4,4.4,20
B000GBBUFM,4.4,20
B003AYEG8A,4.3,20
B00375ZWL2,4.25,20
B0050QI38A,4.3,20
B001DIG4XU,4.05,20
B002IGL02Q,4.35,20
B001OTQXES,4.75,20
B00HXTD60W,4.4,20
B0012BYBG0,4.35,20
B00A3XJFLO,4.35,20
B002XQ1VF2,4.2,20
B001OQXFOW,4.2,20
B001OOLONI,4.2,20
B00876133C,4.35,20
B0035Y7DRQ,4.15,20
B006M4GAWU,4.75,20
B000052Y68,4.45,20
B00C4YAJI8,4.9,20
B002RJOR7Y,4.7,20
B007843W74,4.3,20
B00873S3AG,4.65,20
B0015N6DBQ,4.2,20
B00AUFS12O,4.4,20
B002CMLRVU,4.7,20
B001P4UUV4,4.3,20
B00D13H8B2,4.4,20
B00C7H2CJG,4.3,20
B003I9K0T6,4.6,20
B00EA5AXD0,4.25,20
B0034JTD0W,4.65,20
B000B9P4RO,4.5,20
B004VQEEF6,4.4,20
B00375SXOK,4.2,20
B006FJG69E,4.7,20
B009LDZ192,4.15,20
B00C7HM818,4.1,20
B004507Q4Y,4.05,20
B00063KHH2,4.15,20
B002XQ1TZ4,4.15,20
B003O534AG,4.2,20
B00062AD18,4.65,20
B000H6DOUU,4.5,20
B003B3DVQ8,4.0,20
B001O4AIXA,4.1,20
B00023IZKW,4.7,20
B008L2VQ7U,5.0,20
B0010KDUA6,4.35,20
B00IIECUU8,4.5,20
B001O1TWQM,4.7,20
B000GFWIOU,4.45,20
B002RS6JCG,4.75,20
B002GV7AL8,4.55,20
B0049PLAHE,4.15,20
B003AKJK3K,4.25,20
B004FELNTO,4.65,20
B00FK9O2ZA,4.6,20
B000C1Z5A2,5.0,20
B006NCOO42,4.55,20
B001D08NDC,4.25,20
B00DEWY1EC,4.05,20
B00023EP88,4.85,20
B002KDK42O,4.35,20
B001OHSXJS,4.1,20
B008Y9JRQM,4.8,20
B0060G2SXA,4.3,20
B000063WU0,4.9,20
B000H6OWC4,4.85,20
B0034EAKYA,4.55,20
B000C1Z78C,4.6,20
B00F2AFCJM,4.65,20
B001E96OXI,4.3,20
B000IZ92U6,4.1,20
B000NP9QRA,4.45,20
B00604MRJC,4.5,20
B00GY3ZOMG,4.85,20
B008NSWQPS,4.55,20
B001ECQ38G,4.25,20
B000ULF98W,4.1,20
B00014DZX4,4.6,20
B000C1UBOW,4.3,20
B000C1ZAD4,4.05,20
B003VPK4NY,4.3,20
B004SZ4KTK,4.5,20
B004CDX09O,4.25,20
B00AVWJUA8,4.45,20
B00H2TZZDY,4.4,20
B002QUQZ88,4.6,20
B006H9CIV2,4.0,20
B004DAT6DK,4.6,20
B001CJFEJA,4.5,20
B001UFO816,4.05,20
B004VWIWIA,4.05,20
B002XTTKOI,4.3,20
B0062OF5L2,4.6,20
B000MPREWA,4.5,20
B00HIHJUQI,4.55,20
B006L6908A,4.6,20
B00GMOB73M,5.0,20
B004K4IYPK,4.4,20
B004EBSFF8,4.4,20
B002N5T6XM,4.1,20
B000EGK550,4.6,20
B00005V5OR,4.2,20
B000EGMBNY,4.0,20
B001UE7D3C,4.05,20
B001E7BB7Y,4.2,20
B0018QE4MK,4.95,20
B0051MQ3TO,4.8,20
B0002Z8F0U,4.05,20
B000PLSP88,4.5,20
B004VYZWHM,4.0,20
B000BDDBH0,4.55,20
B00AVWJQWK,4.05,20
B002NX1M40,4.3,20
B001E8EY2M,4.6,20
B002XVU6DA,4.2,20
B00AWVKGBU,4.95,20
B00A2Y02TI,4.15,20
B00885CTO4,4.1,20
B00IYF6UE8,4.7894736842105265,19
B0031DKJBI,4.2631578947368425,19
B004D267FI,4.157894736842105,19
B000SC2E68,4.7894736842105265,19
B00ESYFEGY,4.105263157894737,19
B00012FJHQ,4.315789473684211,19
B0031DMKVA,4.2105263157894735,19
B0007W0BM8,4.315789473684211,19
B00K2686AS,4.631578947368421,19
B007SPPQV8,4.2631578947368425,19
B003BWYIWU,4.473684210526316,19
B003ZJT8YC,4.2631578947368425,19
B000VUT39S,4.7894736842105265,19
B001G0ML96,4.157894736842105,19
B0000ZHOGI,4.368421052631579,19
B0015KO3MA,4.421052631578948,19
B005O100HI,4.157894736842105,19
B00GOZBVO4,4.473684210526316,19
B000FKHPFI,4.526315789473684,19
B001CWY7JA,4.421052631578948,19
B001D1IE7G,4.526315789473684,19
B00066N8ZM,4.578947368421052,19
B00AB7GWDG,4.2105263157894735,19
B005M1NTW8,4.684210526315789,19
B000GZ7GEM,4.894736842105263,19
B0015S8026,4.631578947368421,19
B002DUOOXO,4.473684210526316,19
B000SJNTAG,4.631578947368421,19
B006G51CDC,4.315789473684211,19
B000EM79NK,4.2105263157894735,19
B000SBWIVA,4.684210526315789,19
B002CL83YU,4.368421052631579,19
B007SWL9LW,4.631578947368421,19
B0037LGCYC,4.2105263157894735,19
B009ATOEE0,4.631578947368421,19
B00066MI0S,4.684210526315789,19
B006SM4SG6,4.421052631578948,19
B002CMLS32,4.368421052631579,19
B000N2JYN4,4.421052631578948,19
B004NN6JZA,5.0,19
B007SXVCWC,4.578947368421052,19
B00C1GS9QI,4.947368421052632,19
B00BC38SPS,4.052631578947368,19
B006TKC9EA,4.421052631578948,19
B004JOJF9U,4.157894736842105,19
B0015FSH8Q,4.526315789473684,19
B001FWXH02,4.2105263157894735,19
B001FB5IE6,4.0,19
B001DJFUF2,4.7368421052631575,19
B004HZCXR2,4.894736842105263,19
B00H5NR5EE,4.052631578947368,19
B0000ZHH2Y,4.368421052631579,19
B009SBIVT4,4.631578947368421,19
B00D3P7T6M,4.2105263157894735,19
B002VJSJ1A,4.684210526315789,19
B004D0N456,4.631578947368421,19
B003U4H3TO,4.7368421052631575,19
B001F5J3RK,4.2631578947368425,19
B001B2L19U,4.368421052631579,19
B001FDUJW0,4.0,19
B002KDNN86,4.105263157894737,19
B003H63QMS,4.052631578947368,19
B002DPUY7E,4.578947368421052,19
B0028RBZWA,4.368421052631579,19
B003U05566,4.473684210526316,19
B002JLQWNM,4.473684210526316,19
B0015GEMSE,4.421052631578948,19
B00815P1S2,4.0,19
B000EN4M8Y,4.368421052631579,19
B0006433N6,4.2631578947368425,19
B00AECFJ82,4.315789473684211,19
B001FWXJGE,4.578947368421052,19
B000926WME,4.473684210526316,19
B003H8LQKK,4.7368421052631575,19
B002CNIWBW,4.842105263157895,19
B001F6MHNG,4.421052631578948,19
B001CZE8HI,4.105263157894737,19
B009SD0HMQ,4.2105263157894735,19
B000662MYK,4.473684210526316,19
B00BH8CFZC,4.578947368421052,19
B00GOY0Q0K,4.052631578947368,19
B000GZASVA,4.842105263157895,19
B000Z03SHM,4.421052631578948,19
B0015GQZ2U,4.421052631578948,19
B00K1GQW5K,4.7368421052631575,19
B0013WKTEQ,4.631578947368421,19
B00091V6EO,4.842105263157895,19
B002C9KWI2,4.368421052631579,19
B005L6JLXU,4.631578947368421,19
B00C1EMBT6,4.2105263157894735,19
B006BHTY4Y,4.631578947368421,19
B00016QYOO,4.368421052631579,19
B000UI9GES,4.2105263157894735,19
B002VKAC3C,4.7368421052631575,19
B000674Z9E,4.315789473684211,19
B00992O4X4,4.052631578947368,19
B006I9O2U6,4.2631578947368425,19
B003TZE5TU,4.631578947368421,19
B004HV9G80,4.578947368421052,19
B000ULJSYI,4.7368421052631575,19
B003RZX1N8,4.421052631578948,19
B00C69JMHA,4.473684210526316,19
B007X8UFMA,4.315789473684211,19
B007RG4N5I,4.0,19
B0015YYTZM,4.315789473684211,19
B0014FBJS2,4.526315789473684,19
B009TWF80M,4.894736842105263,19
B005UBN3O4,4.315789473684211,19
B001E8FG24,4.157894736842105,19
B004J5OG0C,4.842105263157895,19
B0014FBLDK,4.473684210526316,19
B007W15WX0,4.578947368421052,19
B001E95F9M,4.526315789473684,19
B004INIVS8,4.7894736842105265,19
B001E95GTQ,4.105263157894737,19
B003AYCGGY,4.157894736842105,19
B003AXAN3I,4.473684210526316,19
B000MUTHS4,4.052631578947368,19
B000Z656UI,4.684210526315789,19
B001CJCFFQ,4.368421052631579,19
B003XO0NUM,4.473684210526316,19
B00BD3RJ3O,4.2105263157894735,19
B005V6YT5A,4.157894736842105,19
B0006NUD9E,4.7894736842105265,19
B0094WOI12,4.105263157894737,19
B004LH13QI,4.578947368421052,19
B001E768C2,4.7368421052631575,19
B003HVCUAC,4.2631578947368425,19
B005SPESKK,4.842105263157895,19
B002A17IM0,4.684210526315789,19
B001E7675A,4.0,19
B001CL2L6M,4.631578947368421,19
B002XXZZZC,4.105263157894737,19
B0037MINV6,4.473684210526316,19
B000NW0UCI,4.421052631578948,19
B004BVB4MM,4.684210526315789,19
B002X3ZEUI,4.052631578947368,19
B00639DN92,4.7368421052631575,19
B004LE66UO,4.578947368421052,19
B001E77MJ0,4.684210526315789,19
B000TD2QR8,4.631578947368421,19
B00074LNUU,4.0,19
B001ET76GC,4.473684210526316,19
B0014F7ZNK,4.631578947368421,19
B001E7BCJ6,4.2105263157894735,19
B00150INUI,4.2631578947368425,19
B000MQQQVY,4.7894736842105265,19
B002LC5X52,4.631578947368421,19
B000Z61SKU,4.368421052631579,19
B000ORXJ3E,4.7368421052631575,19
B00ICXI5QI,4.7368421052631575,19
B001E96OBU,4.526315789473684,19
B0030HCSO6,4.2105263157894735,19
B004IX45GK,4.052631578947368,19
B003I94AYC,4.7368421052631575,19
B009VD4WDI,4.421052631578948,19
B000UPMGNE,4.7894736842105265,19
B000J4NKSG,4.157894736842105,19
B008R40C22,4.315789473684211,19
B000TNAJ5E,4.105263157894737,19
B006O38GLM,4.7894736842105265,19
B000VXUTFM,4.315789473684211,19
B001ECQ3YA,4.368421052631579,19
B000JYZQVK,4.2105263157894735,19
B00A631EQ0,4.157894736842105,19
B004LXWA5U,4.315789473684211,19
B001ECQ4JO,4.684210526315789,19
B009V0ZMO4,4.368421052631579,19
B002XQ1SE6,4.473684210526316,19
B0095UFAM4,4.473684210526316,19
B003X5KAA4,4.526315789473684,19
B0014TC1YE,4.7894736842105265,19
B004LUQP4U,4.2105263157894735,19
B002XQ1U76,4.842105263157895,19
B005XBG2J4,4.105263157894737,19
B002XQ1X8M,4.631578947368421,19
B000VWSKJU,4.684210526315789,19
B001EPQ52C,4.2631578947368425,19
B005W5OAIG,4.684210526315789,19
B0006NXO40,4.0,19
B0006SFY02,4.0,19
B000MQUKPC,4.105263157894737,19
B007RN0TRW,4.052631578947368,19
B003JJX3N0,4.2631578947368425,19
B001E96M9E,4.421052631578948,19
B000Z61POY,4.631578947368421,19
B007RNFRB0,4.2105263157894735,19
B0095CQOE0,4.684210526315789,19
B00DSW9D7S,4.684210526315789,19
B004DBUAOS,4.473684210526316,19
B000TK99FS,4.473684210526316,19
B00A3Z68VC,4.421052631578948,19
B002AMUG82,4.7368421052631575,19
B002XITZLW,4.7368421052631575,19
B003C1CWWI,4.368421052631579,19
B005X5GR8Q,4.421052631578948,19
B0030HAEG0,4.2631578947368425,19
B001E763UE,4.368421052631579,19
B000OLFXKW,4.2105263157894735,19
B001E5E26I,4.421052631578948,19
B001BB13C6,4.2631578947368425,19
B00A0ENO3G,4.157894736842105,19
B006J5YB2I,4.2105263157894735,19
B001E2TAX6,4.473684210526316,19
B007QHULH2,4.578947368421052,19
B00GJG9JZG,4.157894736842105,19
B009AJ37I4,4.2631578947368425,19
B001BBRPSW,4.842105263157895,19
B000H8DUOI,4.315789473684211,19
B002YX2E2I,4.578947368421052,19
B000W303SE,4.052631578947368,19
B008LOZRJ6,4.578947368421052,19
B002YVFRCE,4.052631578947368,19
B004N8ZUAK,4.368421052631579,19
B0094338QM,4.315789473684211,19
B003HLZ34M,4.578947368421052,19
B005P0N8YU,4.315789473684211,19
B001E5D0BQ,4.578947368421052,19
B008QDP4H2,4.105263157894737,19
B001E5D0T8,4.894736842105263,19
B003VCF9MI,4.105263157894737,19
B0093QBWDQ,4.2631578947368425,19
B004CR17ZE,4.894736842105263,19
B00D3582J0,4.157894736842105,19
B001E0R2YW,4.7368421052631575,19
B002BWRFQW,4.315789473684211,19
B005OFAARY,4.421052631578948,19
B00012K8R2,4.421052631578948,19
B002WBEI3A,4.105263157894737,19
B004CR43GY,4.473684210526316,19
B004JJ3I9I,4.684210526315789,19
B001BAEUQ8,4.947368421052632,19
B002BWOY1Q,4.578947368421052,19
B006IRXP5Q,4.631578947368421,19
B00685A9FC,4.315789473684211,19
B003YNAMNA,4.105263157894737,19
B003156OME,4.315789473684211,19
B003HIDVBW,4.368421052631579,19
B001F0QXFA,4.894736842105263,19
B002D48QIO,4.105263157894737,19
B003156OLA,4.578947368421052,19
B001F0NP7E,4.684210526315789,19
B000EIJM7K,4.2631578947368425,19
B00C7ZTZ5W,4.631578947368421,19
B003STP4S8,4.368421052631579,19
B003YHVN2A,4.7368421052631575,19
B000MWNUVW,4.578947368421052,19
B001E6R69M,4.157894736842105,19
B000Z5MX2I,4.7368421052631575,19
B00165C6Y6,4.105263157894737,19
B001E6SAC4,4.473684210526316,19
B000MN8CVO,4.368421052631579,19
B006JTX3WI,4.526315789473684,19
B003TSJ5T2,5.0,19
B000FKEUL0,4.842105263157895,19
B002LCBBMQ,4.157894736842105,19
B001BNJMAY,4.368421052631579,19
B008IEFCXK,4.578947368421052,19
B007VFAYPI,4.0,19
B003Y5XDNO,4.105263157894737,19
B004L3T8HI,4.631578947368421,19
B000ULOYHO,4.473684210526316,19
B00C64GX9U,4.0,19
B00GRPROVA,4.421052631578948,19
B003HV9A3W,4.315789473684211,19
B001E722V8,4.368421052631579,19
B006K3TZS4,4.578947368421052,19
B002D48QP2,4.473684210526316,19
B000EH4TMY,4.105263157894737,19
B00149UFYW,4.0,19
B002BQIJRM,4.421052631578948,19
B0006HWFVY,4.7368421052631575,19
B00154SJU8,4.052631578947368,19
B00371PO7S,4.315789473684211,19
B008IU4WUS,4.7368421052631575,19
B000E7WG7E,4.315789473684211,19
B009SQ56NS,4.421052631578948,19
B001COTI60,4.842105263157895,19
B0007CXXPK,4.2631578947368425,19
B00310WHNO,4.2105263157894735,19
B005QDYH8M,4.2105263157894735,19
B00GN9OYHW,4.631578947368421,19
B006R0P426,4.7368421052631575,19
B00014JOHA,4.315789473684211,19
B001ET7KEU,4.7368421052631575,19
B001483ELE,4.2105263157894735,19
B001BIOPO2,4.368421052631579,19
B0006IJ73M,4.421052631578948,19
B003TTEHH6,4.421052631578948,19
B006QSPRX0,4.368421052631579,19
B005K84MOW,4.473684210526316,19
B0041RCO5W,4.052631578947368,19
B0038AA4S2,4.526315789473684,19
B002N5MI8C,4.421052631578948,19
B000QSM2TI,4.315789473684211,19
B002RAR0H2,4.473684210526316,19
B005382C2I,4.157894736842105,19
B00BT7UNLY,4.842105263157895,19
B002R8DUAU,4.7368421052631575,19
B00128ESSO,4.315789473684211,19
B00022DP08,4.578947368421052,19
B002H3BRX2,4.421052631578948,19
B000B9UUF0,4.7894736842105265,19
B001PAJ1RM,4.578947368421052,19
B008Y03O7E,4.526315789473684,19
B000PAW6ZW,4.526315789473684,19
B00D92ZBUA,4.315789473684211,19
B0054Y2Q4K,4.7368421052631575,19
B0054Y2F9Q,4.842105263157895,19
B004SL0V42,4.105263157894737,19
B002N3UUX4,4.105263157894737,19
B001OGJVAO,4.105263157894737,19
B0018TA9IA,4.2105263157894735,19
B001OJFZ4M,4.421052631578948,19
B0044DYBMC,4.684210526315789,19
B001ORA3RS,4.315789473684211,19
B00COLG8AO,4.315789473684211,19
B00872H42A,4.0,19
B0044N6RBU,4.894736842105263,19
B0039B3KNQ,4.368421052631579,19
B000235ULO,4.526315789473684,19
B003O1INFQ,4.368421052631579,19
B000VQMU3S,4.052631578947368,19
B000GDC4GO,4.7368421052631575,19
B0018QV1M6,4.0,19
B000VHH6S6,4.157894736842105,19
B008XHCLMC,4.105263157894737,19
B000Q94GPU,4.157894736842105,19
B003NQ7P0Q,4.631578947368421,19
B00005NQB6,4.631578947368421,19
B0020BYZCG,4.157894736842105,19
B004TGZPJC,4.421052631578948,19
B001QX2WGK,4.157894736842105,19
B000GCWPJQ,4.2105263157894735,19
B00KDOV8DG,4.842105263157895,19
B00175X9WI,4.315789473684211,19
B000GCWNPW,4.578947368421052,19
B0010TEWD6,4.526315789473684,19
B0045KNJIQ,4.2631578947368425,19
B001760XB2,4.421052631578948,19
B007AS6194,4.052631578947368,19
B007A4LJW2,4.0,19
B000BB78IA,4.2105263157894735,19
B001PNCRNO,4.157894736842105,19
B000BC2QMC,4.368421052631579,19
B005287VJ8,4.2631578947368425,19
B000C23292,4.842105263157895,19
B00524U54K,4.315789473684211,19
B002H61LIU,4.842105263157895,19
B001PTFWU8,4.7368421052631575,19
B0048Q1J6Q,4.526315789473684,19
B007ADJZC4,4.473684210526316,19
B00126LYJM,4.947368421052632,19
B0036F0KLA,4.0,19
B000O3UL8Y,4.7368421052631575,19
B007N19DDE,4.578947368421052,19
B00871KLRQ,4.578947368421052,19
B00550JBQ4,4.421052631578948,19
B005516A5I,4.7368421052631575,19
B003EYTYB0,4.526315789473684,19
B000VRYXUU,4.526315789473684,19
B0075XRLES,4.2105263157894735,19
B00434YGQS,4.105263157894737,19
B00B86PMC6,4.421052631578948,19
B00435WONE,4.631578947368421,19
B000ABOM0S,4.684210526315789,19
B00AQEQNPQ,4.7894736842105265,19
B0058I6DJ6,4.157894736842105,19
B0076372TQ,4.578947368421052,19
B0019AESOE,4.421052631578948,19
B004A7PAU4,4.421052631578948,19
B002GEE932,4.0,19
B0058AW91A,4.315789473684211,19
B0057Z7RI6,4.684210526315789,19
B002RT71YU,4.894736842105263,19
B0019J4R6Y,4.578947368421052,19
B00EHHUM14,4.2631578947368425,19
B003FBOJLW,4.842105263157895,19
B000R94OGK,4.2631578947368425,19
B000GHVTN4,4.315789473684211,19
B00GGO9DEI,4.684210526315789,19
B000P2YW7U,4.2631578947368425,19
B0019KAAOQ,4.631578947368421,19
B000JL5QS6,4.578947368421052,19
B005A12X6S,4.684210526315789,19
B00FM8AHSU,4.894736842105263,19
B0085N3DZI,4.052631578947368,19
B00597MI4K,4.578947368421052,19
B00597K41E,4.473684210526316,19
B0012NXGRI,4.684210526315789,19
B0043GB5DI,4.368421052631579,19
B00198W37A,4.578947368421052,19
B0010CBGFA,4.578947368421052,19
B000GG13WW,4.631578947368421,19
B003AKL0II,4.315789473684211,19
B008ML21KG,4.526315789473684,19
B00FY435R2,4.842105263157895,19
B0010JLLMG,4.2105263157894735,19
B001O2KLXY,4.842105263157895,19
B002MVJJZW,4.157894736842105,19
B002RRWPTI,4.315789473684211,19
B001O51MGQ,4.315789473684211,19
B000QV2ORU,4.052631578947368,19
B001O821B8,4.315789473684211,19
B000P9ENHC,4.842105263157895,19
B003O4HXE0,4.315789473684211,19
B0034D3HIM,4.368421052631579,19
B000XA0R32,4.894736842105263,19
B003F6TROQ,4.315789473684211,19
B00197WFGK,4.368421052631579,19
B000NDEXHK,4.473684210526316,19
B004RRC7YY,4.7368421052631575,19
B003DKRMQ4,4.842105263157895,19
B000R2IBNY,4.7894736842105265,19
B004GE4I9A,4.684210526315789,19
B004RRH90Q,5.0,19
B00570C6MS,4.7894736842105265,19
B001N444GS,4.631578947368421,19
B00II19J0K,4.894736842105263,19
B004RYT2BS,4.578947368421052,19
B0010GXL6S,4.473684210526316,19
B0056JPBLS,4.7894736842105265,19
B001N9FZJI,4.0,19
B009M9HD00,4.2631578947368425,19
B000GG7NOY,4.526315789473684,19
B002GOU1KC,4.157894736842105,19
B000QX6456,4.684210526315789,19
B00120UH4G,4.421052631578948,19
B0088YQM1Q,4.368421052631579,19
B00390HCVI,4.421052631578948,19
B000X1LV68,4.157894736842105,19
B000KHIFPU,4.526315789473684,19
B000VOJHHW,4.2631578947368425,19
B00FKNXNEC,4.526315789473684,19
B00BR7BV9Y,4.578947368421052,19
B002P9JT42,4.157894736842105,19
B002HRF63U,4.315789473684211,19
B000XGBZYQ,4.7894736842105265,19
B000C1VWA4,4.631578947368421,19
B00B1S4TCK,4.631578947368421,19
B000LJ39TY,4.157894736842105,19
B002HSO2P2,4.157894736842105,19
B00112TIIQ,4.526315789473684,19
B001U5NVFA,4.315789473684211,19
B000C1VXN0,4.473684210526316,19
B007HTOZCG,4.315789473684211,19
B00020IGVS,4.2631578947368425,19
B003MCHX4E,4.842105263157895,19
B00FKSWN8E,4.368421052631579,19
B008B0UTSY,4.684210526315789,19
B003LDLO4E,4.2631578947368425,19
B00B4CVWY6,4.157894736842105,19
B008VDLAIE,4.2105263157894735,19
B0046KN0LQ,4.2105263157894735,19
B002HP5J98,4.0,19
B003A1MKRM,4.157894736842105,19
B004UM38V2,4.315789473684211,19
B00005331Z,4.2105263157894735,19
B008CCO4FA,4.894736842105263,19
B008B8CSB2,4.684210526315789,19
B00E19LRA8,4.2631578947368425,19
B00005304L,4.7368421052631575,19
B000PP261G,4.105263157894737,19
B002OS6BGI,4.578947368421052,19
B000C218NO,4.578947368421052,19
B000POX044,4.2105263157894735,19
B008C9DL5C,4.684210526315789,19
B001UKMP7K,4.684210526315789,19
B0035Y9VOY,4.631578947368421,19
B0047ADXM6,4.105263157894737,19
B003LVIEDA,4.473684210526316,19
B000C1Z7UK,4.368421052631579,19
B00I3SOP0M,4.2105263157894735,19
B002HZWFPY,4.052631578947368,19
B002O4V4HI,4.315789473684211,19
B000G2CFLY,4.421052631578948,19
B001V6QL5K,4.2631578947368425,19
B001UOQ2IY,4.7368421052631575,19
B0017K0SR2,4.368421052631579,19
B000VOLOB4,4.7368421052631575,19
B00I3PZ8QU,4.2105263157894735,19
B001UDRK54,4.684210526315789,19
B0017MSNAE,4.368421052631579,19
B003E0Z0TY,4.052631578947368,19
B004W07XYA,4.526315789473684,19
B0017JRJP2,4.105263157894737,19
B004VYGQCC,4.578947368421052,19
B004FG85XE,4.421052631578948,19
B007J1VERG,4.578947368421052,19
B000C1Z8F4,4.368421052631579,19
B002OLYFCW,4.315789473684211,19
B00475ZXH4,4.894736842105263,19
B00FJFUW40,4.947368421052632,19
B000C1W6XG,4.631578947368421,19
B000G62HYU,4.368421052631579,19
B0035Y1Z9S,4.526315789473684,19
B000WZWY9I,4.894736842105263,19
B000C1UCM8,4.2105263157894735,19
B007HBFZQ4,4.2631578947368425,19
B0034ZY6NK,4.578947368421052,19
B000C214L0,4.7894736842105265,19
B0018BWP1C,4.7368421052631575,19
B0011FWTDY,4.421052631578948,19
B001WRQFLS,4.315789473684211,19
B004Z92C9O,4.421052631578948,19
B000056JPJ,4.315789473684211,19
B001S08WS8,4.157894736842105,19
B00461IZY2,4.2631578947368425,19
B00176YZNE,4.052631578947368,19
B008A199BM,4.473684210526316,19
B000WUJJ0K,4.7368421052631575,19
B00H028KCG,4.0,19
B004832IDC,4.315789473684211,19
B004U3ARC4,4.157894736842105,19
B00AZ0FJB0,4.2631578947368425,19
B002HEW8FC,4.105263157894737,19
B007MCSB78,4.631578947368421,19
B000VOPI2U,4.315789473684211,19
B0045WONR0,4.421052631578948,19
B0045WGOR2,4.315789473684211,19
B0034VD91O,4.631578947368421,19
B00B5H6VAU,4.368421052631579,19
B001ZD3DHI,4.315789473684211,19
B007CMCSNQ,4.368421052631579,19
B001R4CPGA,4.421052631578948,19
B00021E3SM,4.2105263157894735,19
B001RCHCGU,4.578947368421052,19
B007DMGFHU,4.368421052631579,19
B004TPNJLO,4.7894736842105265,19
B003N8Y296,4.315789473684211,19
B0089B4F9Y,4.7894736842105265,19
B00GZLTD2Y,4.7368421052631575,19
B00005AXHO,4.368421052631579,19
B00176GW5I,4.157894736842105,19
B00187DDB2,4.052631578947368,19
B000GCT6NO,4.052631578947368,19
B001T8KQ2O,4.473684210526316,19
B004XUHBK0,4.684210526315789,19
B004UCLDY6,4.368421052631579,19
B002NQ04LO,5.0,19
B000NNG8Z0,4.421052631578948,19
B000WXZES8,4.2105263157894735,19
B003E84M8G,4.7368421052631575,19
B00AZIZHU0,4.0,19
B000C19AZ8,4.526315789473684,19
B004FM6M2O,4.421052631578948,19
B000VOHHGK,4.894736842105263,19
B000XQWH0M,4.473684210526316,19
B001TGZZCW,4.157894736842105,19
B008AM2PGM,4.526315789473684,19
B008VFW66M,4.684210526315789,19
B001T8KE1C,4.7368421052631575,19
B002PYJ3WA,4.2105263157894735,19
B004YOXPI2,4.7368421052631575,19
B0011DNX9K,4.2105263157894735,19
B001SFRS2O,4.105263157894737,19
B00480HS9O,4.0,19
B007FC6ZFU,4.2631578947368425,19
B002HIJK7M,4.368421052631579,19
B00110OKIG,4.947368421052632,19
B00021C708,4.2631578947368425,19
B000BTQ0BS,4.052631578947368,19
B000BVMGGY,4.7368421052631575,19
B000BTQKYA,4.7368421052631575,19
B004Y9LZU2,4.105263157894737,19
B004Y9LAW0,4.2105263157894735,19
B00181YEVQ,4.368421052631579,19
B004Y9JO6Y,4.2105263157894735,19
B00021BD4Y,4.2631578947368425,19
B001T8FRQO,4.631578947368421,19
B004R7QNXK,4.2631578947368425,19
B000AN6O6G,4.2105263157894735,19
B00HQNEB04,4.315789473684211,19
B0009F3O22,4.0,19
B0071HRF94,4.157894736842105,19
B004ATPPRK,4.368421052631579,19
B001JQFE0A,4.2631578947368425,19
B001G7Q0LE,4.157894736842105,19
B005IUGZC4,4.7894736842105265,19
B004Q8B6TG,4.2631578947368425,19
B007K6A1YC,4.052631578947368,19
B000Y8LS8G,4.7894736842105265,19
B0013IQKKM,4.157894736842105,19
B0009VFBBS,4.105263157894737,19
B0091EM1YE,4.0,19
B000GIJ1S8,4.421052631578948,19
B001IZ0ZFQ,4.578947368421052,19
B000XDCGOM,4.2105263157894735,19
B004087VRS,4.526315789473684,19
B001ADU3IA,4.105263157894737,19
B005IL68BQ,4.7368421052631575,19
B001AUQMVK,4.631578947368421,19
B0016HNNY6,4.2631578947368425,19
B0001BOMFC,4.473684210526316,19
B000WBBK7Y,4.421052631578948,19
B004HEASKC,4.947368421052632,19
B005IMHCSI,4.473684210526316,19
B000JL1FFE,4.368421052631579,19
B000IT3RH6,4.2105263157894735,19
B0013KSSIC,4.315789473684211,19
B00L6Q3BH6,4.421052631578948,19
B005EUECZU,4.105263157894737,19
B0009ET74M,4.473684210526316,19
B004QB3B28,4.578947368421052,19
B000S85EFK,4.105263157894737,19
B001G7PNR6,4.578947368421052,19
B000095SDS,4.2105263157894735,19
B006WC45H4,4.368421052631579,19
B0001D35FI,4.421052631578948,19
B00EL11LW0,4.2631578947368425,19
B00AFE2EP0,4.526315789473684,19
B00GBCPM6I,4.7368421052631575,19
B0091X20B4,4.368421052631579,19
B006WEZ562,4.894736842105263,19
B00HDZ7AUS,4.631578947368421,19
B008FXZW98,4.2105263157894735,19
B003D2Z476,4.315789473684211,19
B00BXDOFL8,4.052631578947368,19
B000GI3TUE,4.578947368421052,19
B001K4IKMA,4.368421052631579,19
B002V077R6,4.7368421052631575,19
B00CGUJN82,4.526315789473684,19
B0009ET86Y,4.2631578947368425,19
B001AUGR74,4.157894736842105,19
B000ZLZEVE,4.473684210526316,19
B0082XRHGM,4.894736842105263,19
B000P22X62,4.526315789473684,19
B001ARP2LY,4.368421052631579,19
B000RYBJ3G,4.894736842105263,19
B000N36QHA,4.421052631578948,19
B003GC4H94,4.473684210526316,19
B000K321EU,4.684210526315789,19
B001GR8VDE,4.2105263157894735,19
B0013ALUOQ,4.473684210526316,19
B007P6MPMS,4.421052631578948,19
B001ALLQ0G,4.368421052631579,19
B0032H7UQ0,4.2631578947368425,19
B0013ALU8W,4.052631578947368,19
B004H2P9LC,4.2631578947368425,19
B003Q42C6M,4.368421052631579,19
B00AI5AJ1W,4.7368421052631575,19
B005GTABM2,4.421052631578948,19
B0027AJ106,4.684210526315789,19
B007PM4M3M,4.578947368421052,19
B0000SW8DY,5.0,19
B0013EF31I,4.631578947368421,19
B002UHBU8W,4.368421052631579,19
B002UILQBM,4.368421052631579,19
B003QJ1DS0,4.105263157894737,19
B000ZMCNFI,4.052631578947368,19
B0040QY2ZY,4.368421052631579,19
B00DHODQJS,4.157894736842105,19
B001ANGRAI,4.473684210526316,19
B007PJ6QBG,4.526315789473684,19
B001H9404A,4.2631578947368425,19
B001AHQ344,4.157894736842105,19
B000RTRL4W,4.631578947368421,19
B0070R7SKG,4.473684210526316,19
B00AJG8JOY,4.052631578947368,19
B001IK46S8,5.0,19
B002UL35I6,4.315789473684211,19
B0013FYJD0,4.052631578947368,19
B001GHKM0E,4.526315789473684,19
B005FRGJ6M,4.0,19
B001IN0V5M,4.368421052631579,19
B001AGC1NW,4.052631578947368,19
B003GDKN96,4.157894736842105,19
B000Y8RMWC,4.631578947368421,19
B001I7QKRQ,4.2631578947368425,19
B001395UJ8,4.631578947368421,19
B000S17FUO,4.526315789473684,19
B001GN1VSK,4.052631578947368,19
B004Q1GMNI,4.421052631578948,19
B000P20S9Q,4.157894736842105,19
B00AJ3ZK9E,4.578947368421052,19
B0009OMNJI,4.578947368421052,19
B0041K3TYE,4.0,19
B0041K91FK,4.421052631578948,19
B001ICSQAU,4.7368421052631575,19
B0009I4IU6,4.684210526315789,19
B005ELLP3Q,4.473684210526316,19
B00028OSJ4,4.684210526315789,19
B000XB8058,4.684210526315789,19
B0038BIB86,4.684210526315789,19
B003ZYGYKS,4.2105263157894735,19
B0019UZCFI,4.0,19
B00EIL8RJ8,4.526315789473684,19
B000IVB1BS,4.894736842105263,19
B003BQVN42,4.2105263157894735,19
B005JNK9XQ,4.2105263157894735,19
B000A2CFTW,4.578947368421052,19
B00AF2HQ5U,4.157894736842105,19
B004R0INWG,4.578947368421052,19
B001KYVPGI,4.526315789473684,19
B005CQUYEO,4.631578947368421,19
B0009YGKM4,4.578947368421052,19
B00ANGCCN4,4.0,19
B000F4IL7A,4.368421052631579,19
B002STHGJO,4.894736842105263,19
B005CXPW9O,4.526315789473684,19
B002SVA3R4,4.578947368421052,19
B004DR2WT8,4.526315789473684,19
B0026IFLH6,4.2631578947368425,19
B004BCWQIW,4.473684210526316,19
B00D7NGPX8,4.157894736842105,19
B000XDYX52,4.2631578947368425,19
B005BQ7JAM,4.105263157894737,19
B000SAR2DK,4.473684210526316,19
B0013L9D6M,4.052631578947368,19
B007ONF4FW,4.315789473684211,19
B004R7NK7W,4.526315789473684,19
B0074MDQEE,4.578947368421052,19
B008MCH5J2,4.105263157894737,19
B000I6N8AK,4.578947368421052,19
B001LF4DZG,4.315789473684211,19
B00AEVL220,4.052631578947368,19
B0074BZP80,4.315789473684211,19
B001LF4DOW,4.7894736842105265,19
B0000Y3GIY,4.631578947368421,19
B002SIF4Z8,4.368421052631579,19
B000O752UM,4.842105263157895,19
B00CDQD1FA,4.315789473684211,19
B0013L55U0,4.842105263157895,19
B0001EKU28,4.315789473684211,19
B005JRGHO2,4.7368421052631575,19
B009039M16,4.2631578947368425,19
B0009DTHQQ,4.2631578947368425,19
B000P2762I,4.473684210526316,19
B0042MD7E8,4.2105263157894735,19
B005JFUYNE,5.0,19
B0009K6M8A,4.368421052631579,19
B001G7PLOG,4.0,19
B00B9UE96Q,4.631578947368421,19
B0026JAR2O,4.0,19
B001KYQCDO,4.315789473684211,19
B004DJP5RW,4.0,19
B0028BTVCC,4.894736842105263,19
B001A42RTM,4.631578947368421,19
B00008RCN1,4.0,19
B000HZVS2M,4.368421052631579,19
B001AY3ORQ,4.2105263157894735,19
B005DYJS4C,4.631578947368421,19
B00AMQWQJA,4.578947368421052,19
B001A1V6RY,4.421052631578948,19
B001KYNZ7U,4.526315789473684,19
B005DU20Q4,4.578947368421052,19
B001KYO8LM,4.2105263157894735,19
B000RJ19VI,4.578947368421052,19
B0081NLUC0,4.473684210526316,19
B000CNKJOC,4.0,19
B000E0QHR6,4.7368421052631575,19
B00420Z5JK,4.315789473684211,19
B000I5ZUJI,4.368421052631579,19
B001KYNUKM,4.157894736842105,19
B0038TS83G,4.421052631578948,19
B0037AOI5S,4.388888888888889,18
B00GMSUVDK,4.111111111111111,18
B002KA4FFY,4.666666666666667,18
B003LY66OQ,4.666666666666667,18
B003LUS7C4,4.888888888888889,18
B004HWXJ6Y,4.555555555555555,18
B00021BF06,4.111111111111111,18
B000O1DHL4,4.666666666666667,18
B006GQSS7O,4.111111111111111,18
B007FSE2YK,4.555555555555555,18
B000V04ZLE,5.0,18
B006J5YC68,4.0,18
B00BHJ0I1E,4.166666666666667,18
B00322SH3A,4.555555555555555,18
B007KBFIPY,4.888888888888889,18
B000FETCQE,4.666666666666667,18
B001B2N3AU,4.888888888888889,18
B009RSV1W2,4.5,18
B000FDP8YK,4.388888888888889,18
B006HKAC6O,4.333333333333333,18
B0002JIM9U,4.833333333333333,18
B00DMHU7QK,4.833333333333333,18
B0001AF6QM,4.388888888888889,18
B00C7WMKDO,4.388888888888889,18
B00BKF7HRI,4.888888888888889,18
B0017P35JU,4.055555555555555,18
B000V0OX3Y,4.666666666666667,18
B003MA6YLO,4.0,18
B00CA6O2ZG,4.5,18
B002EA1F8A,4.5,18
B004I0DQ0E,4.333333333333333,18
B003U0P0BQ,4.055555555555555,18
B0017L5P4W,4.611111111111111,18
B003R9XW6U,4.0,18
B000YB1VE4,4.333333333333333,18
B006H2ZBKY,4.555555555555555,18
B007PM4M64,4.5,18
B003LYX3AG,4.166666666666667,18
B000FDB96G,4.888888888888889,18
B009WWLCTA,4.166666666666667,18
B000HX2KQW,4.722222222222222,18
B0001B52D8,4.5,18
B0017LQNQ6,5.0,18
B0032322XA,4.0,18
B000VOHNY6,4.388888888888889,18
B000ULGO7M,4.722222222222222,18
B00017UZCA,4.722222222222222,18
B000LZDJ1G,4.722222222222222,18
B004FFVUU0,4.388888888888889,18
B0017LYVGU,4.333333333333333,18
B007KA7V5U,4.222222222222222,18
B006ID61RO,4.277777777777778,18
B00FJDGDXQ,4.666666666666667,18
B00L3LBUGI,4.777777777777778,18
B00CYHW3VG,4.0,18
B0001XQNQ6,4.111111111111111,18
B009S3PZBO,4.833333333333333,18
B009H987BY,4.611111111111111,18
B006VT0M1G,4.277777777777778,18
B004HEFSGG,4.666666666666667,18
B007HKO296,4.777777777777778,18
B000V2ZX4A,4.833333333333333,18
B006UEUIJS,4.277777777777778,18
B000XJF1AC,4.222222222222222,18
B00BI4C8M0,4.611111111111111,18
B0017YJXYW,4.666666666666667,18
B003JCN210,4.0,18
B0035AUYTY,4.888888888888889,18
B004FF51N2,4.611111111111111,18
B009AVFJ92,4.055555555555555,18
B000ULLLES,4.833333333333333,18
B0017U748S,4.166666666666667,18
B002HU1LN6,4.5,18
B003MBWYOE,4.277777777777778,18
B0002EZWO8,4.388888888888889,18
B002JCSLXA,4.0,18
B00CSEIFUS,4.444444444444445,18
B006TO529A,4.666666666666667,18
B004JJU41I,4.222222222222222,18
B0016B627C,4.777777777777778,18
B0002FCDHG,4.611111111111111,18
B00CW1KZ8W,4.611111111111111,18
B0016G18L2,4.277777777777778,18
B004JFO01W,4.0,18
B006QV2SRK,4.333333333333333,18
B001BKLO9E,4.388888888888889,18
B00GANJR7I,4.611111111111111,18
B000M76PAU,4.611111111111111,18
B004DBXM5C,4.722222222222222,18
B009V0Z7AS,4.5,18
B0072ZXFCQ,4.444444444444445,18
B009T6RTS2,4.111111111111111,18
B000XYROIY,4.166666666666667,18
B00192MW54,4.611111111111111,18
B004I7JLII,4.777777777777778,18
B001707XQG,4.222222222222222,18
B000VRC1EU,4.444444444444445,18
B00028PDWK,4.333333333333333,18
B002FKRS6W,4.944444444444445,18
B004ISRYC2,4.166666666666667,18
B00348AYXS,4.777777777777778,18
B006VDVR4S,4.111111111111111,18
B007OT1V8A,4.5,18
B008L2VPXK,4.777777777777778,18
B0077RAHW0,4.166666666666667,18
B0002Z8NJS,4.055555555555555,18
B004GVBZ6C,4.555555555555555,18
B000IEAYKO,4.333333333333333,18
B00166RTYC,4.388888888888889,18
B003O4BQFW,4.333333333333333,18
B0034F7F5G,4.777777777777778,18
B004IZR2MW,4.277777777777778,18
B0018SB8QS,4.111111111111111,18
B00JZVMTOU,4.944444444444445,18
B000VEOY16,4.388888888888889,18
B003O4FZQS,4.555555555555555,18
B00DP0QRJ0,4.666666666666667,18
B0018UUXE4,4.555555555555555,18
B001A4X0AM,4.111111111111111,18
B003BR0IGK,4.222222222222222,18
B0034EAEBY,4.833333333333333,18
B00336YZ18,4.388888888888889,18
B0002WUHTA,4.777777777777778,18
B003B6FFNC,4.222222222222222,18
B000LAICZ4,4.5,18
B0002NIACK,4.222222222222222,18
B00196AG8U,4.388888888888889,18
B00H8I424W,4.555555555555555,18
B003ONESG2,4.944444444444445,18
B0019FC8EG,4.166666666666667,18
B003754DPS,4.333333333333333,18
B002ISKK8O,4.277777777777778,18
B000I7T2JK,4.666666666666667,18
B0099XPP7W,4.055555555555555,18
B00C8OUYOS,4.611111111111111,18
B0036JJAM6,4.055555555555555,18
B006OR8MKI,4.055555555555555,18
B0075HPJEI,4.777777777777778,18
B000XEATY0,4.055555555555555,18
B006P1EJMS,4.0,18
B004GJ0V2I,4.722222222222222,18
B004IHX6O8,4.777777777777778,18
B003T01IAO,4.666666666666667,18
B00375L8Q0,4.388888888888889,18
B0002RSPIU,4.611111111111111,18
B007R69KEC,4.333333333333333,18
B00164KD5Q,4.0,18
B00347BHBM,4.5,18
B000V98RQ4,4.055555555555555,18
B007NNTAXK,4.5,18
B000URYTTQ,4.166666666666667,18
B0019CZ4QI,4.277777777777778,18
B0019UZB68,4.833333333333333,18
B00762XOA8,4.222222222222222,18
B003STSAB6,4.611111111111111,18
B0019UXS86,4.777777777777778,18
B004E4DRF8,4.555555555555555,18
B004IS73OG,4.555555555555555,18
B009D0PR5Q,5.0,18
B0033RWF6Y,4.0,18
B000273RHO,4.944444444444445,18
B004J0XOTQ,4.555555555555555,18
B003TJEULO,4.888888888888889,18
B006LUCW5O,4.0,18
B007BDEZBY,4.222222222222222,18
B001AHMWN0,4.277777777777778,18
B003NCM8WK,4.222222222222222,18
B000HUACKG,4.0,18
B00BK5XNKS,4.555555555555555,18
B000F3WCGM,4.222222222222222,18
B001764LPG,4.666666666666667,18
B0032K3JH6,4.111111111111111,18
B009JVD576,4.666666666666667,18
B0002SISY0,4.555555555555555,18
B00FFWQFCK,4.0,18
B00712PNIE,4.166666666666667,18
B001CK23P2,4.055555555555555,18
B0034KYDSS,5.0,18
B003705E9M,4.0,18
B001AFHJ8K,4.833333333333333,18
B002H950JI,4.333333333333333,18
B000O3SGSQ,4.833333333333333,18
B002HEW7RQ,4.0,18
B003N90R6W,4.722222222222222,18
B003Q3YD5G,4.944444444444445,18
B009IT8S76,4.222222222222222,18
B004FQK7JE,4.0,18
B000FGAFWM,4.111111111111111,18
B007PKUMKQ,4.388888888888889,18
B004HARMOQ,4.333333333333333,18
B00021CY74,4.611111111111111,18
B009IROLBU,4.777777777777778,18
B001697SLI,4.555555555555555,18
B0002DTTKC,4.5,18
B0018BTCZO,4.611111111111111,18
B007MJKIO0,4.666666666666667,18
B000VOPG86,4.222222222222222,18
B001ALXROO,4.777777777777778,18
B007DVDZBK,4.333333333333333,18
B002ES6Z0K,4.666666666666667,18
B004EDWMDM,4.222222222222222,18
B00GNT4EW2,4.722222222222222,18
B0018QSYW6,4.222222222222222,18
B000UMFVSY,4.111111111111111,18
B0002260N2,4.722222222222222,18
B004I5KXSC,4.666666666666667,18
B0071KFV4C,4.388888888888889,18
B0018QZDC0,4.5,18
B007QV94H6,4.5,18
B009P6CQ1Q,4.333333333333333,18
B00022UAHE,4.333333333333333,18
B0071XQECW,4.222222222222222,18
B004DPBPK2,4.5,18
B0001CI3WE,4.833333333333333,18
B003TJJMSU,4.333333333333333,18
B004G7XZTG,4.277777777777778,18
B002D48QW0,4.166666666666667,18
B00017XYNM,4.611111111111111,18
B0036FTETO,4.555555555555555,18
B000HLAHIW,4.333333333333333,18
B0018QHY5E,4.277777777777778,18
B00DNBH1WS,4.111111111111111,18
B009P98O6E,4.111111111111111,18
B009K9ZHVE,4.888888888888889,18
B001AEQ9CI,4.333333333333333,18
B0032PHYIG,4.166666666666667,18
B0099AL074,4.555555555555555,18
B003NR27N0,4.722222222222222,18
B0002Z8DK2,4.833333333333333,18
B006L21PNW,4.166666666666667,18
B007A10S3G,4.166666666666667,18
B001BBKBG0,4.388888888888889,18
B0002DKMMQ,4.722222222222222,18
B001BBMG40,4.388888888888889,18
B004DN5ZSW,4.5,18
B0071H6ZD6,4.111111111111111,18
B007N1D9OS,4.222222222222222,18
B006RGMP5O,4.055555555555555,18
B003BGG1OE,4.111111111111111,18
B0018QHU6W,4.888888888888889,18
B001AIM1OE,4.222222222222222,18
B000PJ5SNA,4.055555555555555,18
B00016XJ8I,4.666666666666667,18
B003FBKBQO,4.888888888888889,18
B005BA3BSW,4.222222222222222,18
B0025ZZYE0,4.666666666666667,18
B001LFK6RK,4.444444444444445,18
B001LGHZ2S,4.666666666666667,18
B000A6ZOHI,4.833333333333333,18
B0042U9UP0,4.388888888888889,18
B000ZZXJSU,4.222222222222222,18
B004RBZ6FW,4.611111111111111,18
B00D8IM59A,4.666666666666667,18
B005A11VFM,4.222222222222222,18
B001LFCMGI,4.5,18
B00GWZYX82,4.111111111111111,18
B008SEGLNA,4.444444444444445,18
B00IR3DL9O,4.5,18
B001M5H000,4.166666666666667,18
B001M5IE64,4.555555555555555,18
B00591JKVA,4.611111111111111,18
B00390FC9W,4.611111111111111,18
B000R8QVY4,4.388888888888889,18
B0012SFQ6C,4.0,18
B0026I4EI8,4.111111111111111,18
B004AI8N3E,4.944444444444445,18
B004AI7NXA,4.444444444444445,18
B005CT9MQW,4.666666666666667,18
B00GWBR4ZU,4.666666666666667,18
B00FWQAN0O,4.611111111111111,18
B001KYVVOO,4.388888888888889,18
B005CM62BM,4.166666666666667,18
B0042KWK34,4.166666666666667,18
B00852JKK6,4.333333333333333,18
B0042NQZF0,4.277777777777778,18
B005BYVK6S,4.333333333333333,18
B001L7S1K2,4.611111111111111,18
B001L9C2MI,4.0,18
B002614T4Y,4.666666666666667,18
B0024HB9FW,4.111111111111111,18
B0055HXWN0,4.333333333333333,18
B0056GJ9N2,4.5,18
B002MVD2JQ,4.666666666666667,18
B0049VW3VU,4.5,18
B0086STYW8,4.444444444444445,18
B001NU4VZ6,4.611111111111111,18
B0055V62H4,4.111111111111111,18
B00ASR3OBM,4.277777777777778,18
B0055PG284,4.5,18
B0012GHQBM,4.166666666666667,18
B003F17EFA,4.222222222222222,18
B0056KJLCW,4.5,18
B003F16N3Y,4.055555555555555,18
B002129OQQ,4.388888888888889,18
B00ATDTYX2,4.444444444444445,18
B003981CQQ,4.277777777777778,18
B000B3MIH4,4.0,18
B0054Y3TKK,4.5,18
B0020MMM48,4.944444444444445,18
B004SM82ME,4.166666666666667,18
B000QUM5ZC,4.722222222222222,18
B00866Q87E,4.111111111111111,18
B001N5IORC,4.555555555555555,18
B000P3ZDNQ,4.611111111111111,18
B000R4EDE8,4.555555555555555,18
B0012MX2JG,4.722222222222222,18
B00243FKSS,4.666666666666667,18
B004RPRG9C,4.333333333333333,18
B002MKKU56,4.722222222222222,18
B0057VH2HQ,4.277777777777778,18
B001MS7HD2,4.555555555555555,18
B00B7V273E,4.277777777777778,18
B00AR86EF0,4.277777777777778,18
B002RT71HC,4.444444444444445,18
B000NE5NP0,4.555555555555555,18
B00B7LTK52,4.166666666666667,18
B003F64FN4,4.555555555555555,18
B000CLL2LS,4.055555555555555,18
B00AN5U5CA,4.0,18
B002SVIDDK,4.777777777777778,18
B004AW7AFC,4.222222222222222,18
B00CH3SL9A,4.777777777777778,18
B000N3CBHO,4.444444444444445,18
B004PYL4NE,4.277777777777778,18
B0009OAHMS,4.277777777777778,18
B004PYSP4A,4.555555555555555,18
B001HZBA2E,4.111111111111111,18
B000P231K4,4.055555555555555,18
B0013ACK1I,4.666666666666667,18
B0009OAIHW,4.5,18
B005GOW7BA,4.333333333333333,18
B00EOALHKY,4.222222222222222,18
B002TYF30C,4.5,18
B005G3FOWK,4.055555555555555,18
B000RT1O18,4.555555555555555,18
B005FSKKUM,4.833333333333333,18
B00415WVWK,4.333333333333333,18
B0013ANSI2,4.666666666666667,18
B00HCC6J6S,4.166666666666667,18
B004P0JRP0,4.888888888888889,18
B0081UOC6O,4.777777777777778,18
B0038L3P4G,4.611111111111111,18
B004OX8TK2,4.611111111111111,18
B00BB8KW0I,4.5,18
B001GIOW6I,4.111111111111111,18
B00HLUQ1NC,4.166666666666667,18
B001GNBVU8,4.333333333333333,18
B002UD52IU,4.333333333333333,18
B00AH2XIXM,4.055555555555555,18
B00BZO70R6,4.666666666666667,18
B000RZSSJ8,4.0,18
B0009L5Z28,4.333333333333333,18
B004P8A9M2,4.111111111111111,18
B0082OE2BE,4.388888888888889,18
B0000CARJK,4.833333333333333,18
B002LYS96U,4.0,18
B004QBRX5Y,4.333333333333333,18
B001KYNZM0,4.388888888888889,18
B000CNKCA8,4.222222222222222,18
B000ZV1WJ2,5.0,18
B0084ACOB6,4.5,18
B00426QKES,4.888888888888889,18
B00B9Y9X8G,4.055555555555555,18
B0026L7EAA,4.5,18
B0038TWFGW,4.333333333333333,18
B001KYQ6YY,4.111111111111111,18
B0090D93Z6,5.0,18
B0009XH6LO,4.333333333333333,18
B001KYQPJK,4.5,18
B0026IV0WQ,4.611111111111111,18
B001KYRSHI,4.777777777777778,18
B0042A0TMS,4.222222222222222,18
B0026IR3JA,4.0,18
B0042A74OO,4.777777777777778,18
B001KYS6YM,4.833333333333333,18
B002LUSP9A,4.277777777777778,18
B000094ZEM,4.166666666666667,18
B001KOTQY6,4.0,18
B000ZV1W6K,4.277777777777778,18
B0082UHGCU,4.111111111111111,18
B002KC6YHY,4.055555555555555,18
B001J242HK,4.333333333333333,18
B00913VHXQ,4.166666666666667,18
B00135G65Y,4.611111111111111,18
B001JDI3G0,4.111111111111111,18
B004Q881Y4,4.444444444444445,18
B0009R5BWQ,4.555555555555555,18
B0026RR9KO,4.0,18
B0026RAX2A,4.5,18
B00134O2C4,4.111111111111111,18
B005F4DIKU,4.555555555555555,18
B0026Q4J9E,4.722222222222222,18
B00134BY6G,4.333333333333333,18
B005F3VLEQ,4.111111111111111,18
B001JZ26FM,4.111111111111111,18
B000CNMM4M,4.777777777777778,18
B00BX9GLIM,4.222222222222222,18
B001KNTPUC,4.055555555555555,18
B0026PS1JE,4.333333333333333,18
B000C238LO,4.277777777777778,18
B0054MQXSW,4.222222222222222,18
B000B65EYK,4.111111111111111,18
B000NJJD60,4.0,18
B000C1UB9W,4.388888888888889,18
B001VHLH9Y,4.222222222222222,18
B00B4D979W,4.333333333333333,18
B002PH6JRE,4.0,18
B00IKADNAQ,4.222222222222222,18
B001TM6IYA,4.777777777777778,18
B001TOR96E,4.111111111111111,18
B0046KLCPW,4.944444444444445,18
B0039ZX08M,4.0,18
B001TSHYJM,4.5,18
B000KHTE8M,4.611111111111111,18
B001TSLWL8,4.388888888888889,18
B000PU70WG,4.222222222222222,18
B002PBEDT6,4.0,18
B0046MK6ZW,4.166666666666667,18
B000C1ZEJE,4.555555555555555,18
B003A1U4FM,4.166666666666667,18
B00G1RX6TI,4.222222222222222,18
B008BBINFY,4.277777777777778,18
B000NJMR1I,4.722222222222222,18
B0046KG18A,4.0,18
B0046JEZ5W,4.111111111111111,18
B000PZ8DK4,4.277777777777778,18
B004Y9JVWG,4.388888888888889,18
B004Y9JPB8,4.333333333333333,18
B000BUW4LM,4.166666666666667,18
B00E56EJLG,4.722222222222222,18
B001T8M9RY,4.555555555555555,18
B000PY84AO,4.222222222222222,18
B000C211VS,4.611111111111111,18
B001T8OYIG,4.555555555555555,18
B000GCKD2C,4.055555555555555,18
B004XN2HOC,4.611111111111111,18
B001VYRONU,4.388888888888889,18
B001T8S928,4.555555555555555,18
B008VHGYJU,4.888888888888889,18
B004XHY6QU,4.111111111111111,18
B000PWLZDE,4.444444444444445,18
B001VHLI6G,4.277777777777778,18
B000C1VTZC,4.388888888888889,18
B000C1ZCP0,4.666666666666667,18
B001U262JA,4.5,18
B000C1Z890,4.444444444444445,18
B004USS6ZE,4.055555555555555,18
B000C1W5UK,4.277777777777778,18
B001V9HVME,4.0,18
B004VSUO3K,4.333333333333333,18
B000C1Z8L8,4.166666666666667,18
B004VPUL7M,4.388888888888889,18
B000C1Z1BK,4.333333333333333,18
B000C1Z1MO,4.666666666666667,18
B001U2FOU8,4.555555555555555,18
B000WZXG5Y,4.277777777777778,18
B001V9AHE8,4.166666666666667,18
B00E2R8GJY,4.166666666666667,18
B000C1Z6TM,4.0,18
B000NN1XH8,4.444444444444445,18
B001UXRMJS,4.777777777777778,18
B000C1Z4XU,4.5,18
B00112FLO6,4.777777777777778,18
B00B3YX5F4,4.388888888888889,18
B001U2IPS6,4.555555555555555,18
B00CNXJYUO,4.5,18
B000C1VWMW,4.555555555555555,18
B00B1T1KGC,4.944444444444445,18
B003E0Y2YS,4.833333333333333,18
B008CC4FQS,4.277777777777778,18
B008BKCSHO,4.5,18
B001V9LV9I,4.5,18
B001U8F7XQ,4.666666666666667,18
B001V9LV98,4.5,18
B000C1VYC0,4.666666666666667,18
B00112L0K0,4.444444444444445,18
B004W02N40,4.111111111111111,18
B001UFSAL0,4.222222222222222,18
B008AI211A,4.888888888888889,18
B008U2Y600,4.222222222222222,18
B001PNCTX2,4.222222222222222,18
B004SY3X4Y,4.222222222222222,18
B000052YJD,4.0,18
B00B5PFRPW,4.444444444444445,18
B000C21CVM,4.444444444444445,18
B002QV0NLM,4.222222222222222,18
B001Q540KO,4.111111111111111,18
B0045EAMWI,4.611111111111111,18
B0045EFANE,4.722222222222222,18
B0051MQ3M6,4.277777777777778,18
B000NHWFKI,4.444444444444445,18
B004TEOFGS,4.333333333333333,18
B000BIDDNM,4.722222222222222,18
B000Q8R7E8,4.444444444444445,18
B0088E402E,4.444444444444445,18
B000GCWQ3G,4.388888888888889,18
B00DG57EIW,4.388888888888889,18
B001OM04OK,4.555555555555555,18
B00BTKVRXO,4.444444444444445,18
B000C2371A,4.611111111111111,18
B00879RM8E,4.277777777777778,18
B001OOLOTM,4.277777777777778,18
B000C2336Y,4.444444444444445,18
B00539RK1A,4.388888888888889,18
B0049CRA2G,4.055555555555555,18
B000B9NXB8,4.555555555555555,18
B000C233TG,4.222222222222222,18
B00AVUDTW0,4.166666666666667,18
B0020MMCI4,4.666666666666667,18
B0052P0ZX0,4.222222222222222,18
B001216C76,4.5,18
B00BSN2MJU,4.111111111111111,18
B00I49QWPG,4.0,18
B0089N6YA0,4.5,18
B000BR15GK,4.055555555555555,18
B008A76RKW,4.444444444444445,18
B00E5XHMPO,4.222222222222222,18
B0011DP7Q2,4.611111111111111,18
B0011DOVXM,5.0,18
B001S6NW2S,4.722222222222222,18
B004YUIR9I,4.888888888888889,18
B000Q2ZQ24,4.333333333333333,18
B004TI3BKK,4.444444444444445,18
B001SEQN2G,4.444444444444445,18
B000Q2Y0YY,4.888888888888889,18
B000X2FTPQ,4.722222222222222,18
B0011DMI7S,4.333333333333333,18
B004YJ84HE,4.277777777777778,18
B00DFQNP80,4.055555555555555,18
B000NJE22U,4.722222222222222,18
B004YAUZKM,4.666666666666667,18
B000NNJO2E,4.166666666666667,18
B001RVGV0E,4.5,18
B001RVDG48,4.388888888888889,18
B000KJQNVQ,4.611111111111111,18
B00120L1UU,4.611111111111111,18
B000Q6JA5E,4.722222222222222,18
B0048ICI78,4.0,18
B000C2197O,4.166666666666667,18
B000NIEYJW,4.666666666666667,18
B004TNDLLO,4.0,18
B000JLDAPM,4.5,18
B008TOK5RW,4.5,18
B003EIDODA,4.277777777777778,18
B003EHUPOC,4.388888888888889,18
B000Q4CJRW,4.388888888888889,18
B00500HMRO,4.0,18
B0010XIO86,4.611111111111111,18
B003ABAK2Y,4.388888888888889,18
B004OKGPHY,4.666666666666667,18
B0009QZYWO,4.388888888888889,18
B0014CCJ70,4.444444444444445,18
B00A3XRS40,4.666666666666667,18
B0006Q0102,4.111111111111111,18
B002LA047G,4.611111111111111,18
B00GQZLQEM,4.722222222222222,18
B000J584AE,4.388888888888889,18
B002AMUFQK,4.611111111111111,18
B005VEDY1C,4.444444444444445,18
B005VDTREQ,4.388888888888889,18
B003XN9UPM,4.555555555555555,18
B003I7GA4C,4.166666666666667,18
B002AMUFIS,4.666666666666667,18
B005V2TY0O,4.666666666666667,18
B002AMUFGK,4.833333333333333,18
B003XQ0SJ6,5.0,18
B000OTG3EY,4.388888888888889,18
B00EW1IM4Y,4.277777777777778,18
B001ET6ZFK,4.388888888888889,18
B000TKB1RM,4.5,18
B00A6AK6DU,4.666666666666667,18
B001ECQ412,4.277777777777778,18
B00DT4757A,4.611111111111111,18
B002XQ1UQ2,4.388888888888889,18
B00BDEZQHO,4.444444444444445,18
B000TNT09K,4.388888888888889,18
B003X06H7E,4.611111111111111,18
B000MS5M3A,4.888888888888889,18
B000VXVEGA,4.222222222222222,18
B000H40CXY,4.055555555555555,18
B005YXCVZ0,4.777777777777778,18
B00C4KUT5K,4.277777777777778,18
B002XQ1R9W,4.722222222222222,18
B001EDY7YM,4.277777777777778,18
B000TKH6BC,4.0,18
B00A63QUSM,4.944444444444445,18
B005XG2P18,4.722222222222222,18
B000E9A0IE,4.055555555555555,18
B000OUMJXM,4.333333333333333,18
B004N2YJYO,4.444444444444445,18
B003YBP0XO,4.111111111111111,18
B0029U0Y82,4.611111111111111,18
B008RBSB28,4.888888888888889,18
B007Y80R7M,4.722222222222222,18
B005QTQSVA,4.777777777777778,18
B00147QL7E,4.222222222222222,18
B000E7WG8I,4.222222222222222,18
B002LE8OYW,4.055555555555555,18
B000XE2344,4.611111111111111,18
B0029UMOZI,4.611111111111111,18
B003YDT3U8,4.0,18
B000T2SBJG,4.277777777777778,18
B00384C3SW,4.055555555555555,18
B00EV8AS86,5.0,18
B000T2AD9W,4.111111111111111,18
B002LE8P3W,4.5,18
B000SZXV9O,4.444444444444445,18
B000SZVQUU,4.277777777777778,18
B0029RA02A,4.611111111111111,18
B0007KTBPI,4.111111111111111,18
B002WT2XUM,4.777777777777778,18
B007Y6JD2Y,4.833333333333333,18
B002ACKDU8,4.555555555555555,18
B000MVRY88,4.0,18
B003XV654I,4.333333333333333,18
B0014DAB7Y,4.166666666666667,18
B007XMQBLK,4.444444444444445,18
B000E7YM8K,4.277777777777778,18
B001ET78D8,4.5,18
B000OV3XPO,4.444444444444445,18
B000FLJOYM,4.111111111111111,18
B000TB0NJS,4.5,18
B000TAZJ7U,4.666666666666667,18
B000NV7IUG,4.111111111111111,18
B0007CXWSI,4.722222222222222,18
B000KQB1SY,4.555555555555555,18
B001ET7FGS,4.555555555555555,18
B003Y7TH9Q,4.611111111111111,18
B000H3EMMM,4.166666666666667,18
B000EGIF0W,4.555555555555555,18
B004BP7Q2U,4.833333333333333,18
B00014DM5K,4.666666666666667,18
B00GOXD1YY,4.555555555555555,18
B008K2P1KO,4.611111111111111,18
B000OLCLPM,4.833333333333333,18
B00F029PWC,4.388888888888889,18
B000HAVD4U,4.666666666666667,18
B002C08XPU,4.333333333333333,18
B002Z7FU92,4.388888888888889,18
B0015AAAT0,4.888888888888889,18
B002BWOY70,4.722222222222222,18
B00A01X3EE,4.722222222222222,18
B000K9Z3Y4,4.666666666666667,18
B00015XAQA,4.555555555555555,18
B004KS0OE0,4.166666666666667,18
B001E1516M,4.722222222222222,18
B00683PRWO,4.722222222222222,18
B0067YTKU4,4.277777777777778,18
B003IVN0F0,4.611111111111111,18
B00HWJHZHI,4.777777777777778,18
B00BEZG1QW,4.333333333333333,18
B004D2812U,4.166666666666667,18
B000FKHS9Q,4.722222222222222,18
B002CMLS7I,4.222222222222222,18
B006FJFGHC,4.5,18
B006FJD87C,4.944444444444445,18
B000J10IRK,4.277777777777778,18
B003UNQZOE,4.888888888888889,18
B006ELRGKQ,4.166666666666667,18
B003UH4UMO,4.777777777777778,18
B0037IP27S,4.166666666666667,18
B000YQWIMI,4.944444444444445,18
B00066N9DI,4.277777777777778,18
B00HG51IA8,4.388888888888889,18
B000YT6VZ0,4.222222222222222,18
B00CMQ5ADM,4.555555555555555,18
B003IQLLRO,4.388888888888889,18
B000H8DVKG,4.555555555555555,18
B00A35XXH4,4.277777777777778,18
B003VN7D2G,4.5,18
B000TYTRQK,4.111111111111111,18
B003VPK4M0,4.555555555555555,18
B001E7BENU,4.611111111111111,18
B0006LOWWA,4.555555555555555,18
B0062EUQF2,4.444444444444445,18
B002XQ1YFO,4.111111111111111,18
B000H756RS,4.5,18
B00627PS8Y,4.5,18
B000EGK50A,4.055555555555555,18
B002XQ1Y8G,4.555555555555555,18
B002XQ1Y6I,4.777777777777778,18
B002XQ1Y0O,4.5,18
B001E96L86,4.388888888888889,18
B001E96LYA,4.888888888888889,18
B0037QG6SY,4.333333333333333,18
B000FKLMNE,4.555555555555555,18
B000TZZEWK,4.611111111111111,18
B00A0JSTWW,4.611111111111111,18
B003VCIT16,4.666666666666667,18
B000U6ETLK,4.444444444444445,18
B00BDTDSPQ,4.611111111111111,18
B004L1AC70,4.333333333333333,18
B0064VO9M4,4.111111111111111,18
B003VKC1XU,4.833333333333333,18
B0064JD6VQ,4.666666666666667,18
B0064FKGLS,5.0,18
B001E7211O,4.055555555555555,18
B00152RYM4,4.388888888888889,18
B00C2SJDRY,4.666666666666667,18
B000E3FIX2,4.055555555555555,18
B0028VKFIG,4.055555555555555,18
B00291D366,4.388888888888889,18
B00BOJBZMS,4.444444444444445,18
B005MZ70P6,4.444444444444445,18
B002VTT55E,4.055555555555555,18
B00KNIWVKG,4.944444444444445,18
B005MJGUXU,4.277777777777778,18
B000FPVMC0,4.666666666666667,18
B004NR3Z4O,4.555555555555555,18
B0092SKC7M,4.444444444444445,18
B000FPVM70,4.111111111111111,18
B00BC3AUMW,4.611111111111111,18
B003CYZQEG,4.666666666666667,18
B000E127KQ,4.611111111111111,18
B00011ROPC,4.333333333333333,18
B0000Y3E7M,4.5,18
B000Z96R6W,4.055555555555555,18
B00DUFZYC6,4.333333333333333,18
B005JDPGVQ,4.666666666666667,18
B0000Y3F7G,4.666666666666667,18
B0038IE23M,4.055555555555555,18
B004NMA8PS,4.388888888888889,18
B0028BVNQY,4.388888888888889,18
B004O9P6H0,4.277777777777778,18
B005NOPANK,4.5,18
B003ZYK4F4,4.166666666666667,18
B002VS0G9Y,4.388888888888889,18
B000FP3MA0,4.5,18
B00ADQE2Z0,4.777777777777778,18
B00DU4FMY2,4.722222222222222,18
B001FWXH6Q,4.5,18
B0000YUXGW,4.166666666666667,18
B00AAOY5AC,4.277777777777778,18
B001FWXHI4,4.555555555555555,18
B00810SI4Q,4.555555555555555,18
B003ATJNR4,4.166666666666667,18
B001FWXHNE,4.222222222222222,18
B00812ZWOS,4.555555555555555,18
B00819JNLE,4.388888888888889,18
B001FWXM3O,4.277777777777778,18
B0013M50DG,4.388888888888889,18
B004NX5EBA,4.888888888888889,18
B003ZG1X84,4.5,18
B001G5JT3W,4.777777777777778,18
B00D3NPJ4S,4.611111111111111,18
B005M2AQRI,4.888888888888889,18
B0092MCQH2,4.722222222222222,18
B008RQMU02,4.555555555555555,18
B004NWO3EU,4.722222222222222,18
B00081PZ2O,4.5,18
B0009953JU,4.333333333333333,18
B0007V7N66,4.555555555555555,18
B00AE08VSO,4.5,18
B005OZLG2W,4.388888888888889,18
B005IUGXU8,4.166666666666667,18
B003HEVR3A,4.777777777777778,18
B007ZRCBWG,4.111111111111111,18
B005OMWE3K,4.777777777777778,18
B001F2JWYW,4.388888888888889,18
B001G7PP74,4.5,18
B001G7PZRY,4.277777777777778,18
B001F0QXX2,4.833333333333333,18
B0009ET4VI,4.5,18
B001G7PZAG,4.666666666666667,18
B0029O0C3K,4.388888888888889,18
B007Z5XYQK,4.555555555555555,18
B001G7PW9A,4.722222222222222,18
B000FMZSCS,4.555555555555555,18
B000DZDOSC,4.666666666666667,18
B000OYHMZI,4.833333333333333,18
B000E7STAM,4.555555555555555,18
B005IMHF3U,4.388888888888889,18
B00C2QROVS,4.333333333333333,18
B0007TIT7U,4.611111111111111,18
B008FXLRB0,4.411764705882353,17
B0091XJH1K,4.647058823529412,17
B008N1NFLO,4.294117647058823,17
B00CGKC6LI,4.705882352941177,17
B000KOLXOS,4.235294117647059,17
B00GHODSES,4.294117647058823,17
B007VQRQMQ,4.294117647058823,17
B00014FMDU,4.588235294117647,17
B003C3U9GW,4.0,17
B0013NFYO0,4.823529411764706,17
B003FYG1II,4.294117647058823,17
B008FZAFXO,4.176470588235294,17
B0036YOTJK,4.235294117647059,17
B00999CJES,4.411764705882353,17
B00014GUJA,4.294117647058823,17
B0001MSG8K,4.176470588235294,17
B000JWMEQW,4.529411764705882,17
B000X2DMHS,4.294117647058823,17
B00819JRNS,4.117647058823529,17
B00KY5VJ9W,4.882352941176471,17
B008AFJ2CY,4.235294117647059,17
B007LQ3GES,4.647058823529412,17
B0000530NA,4.470588235294118,17
B00FSAT2CY,4.823529411764706,17
B00GAA8QGY,4.705882352941177,17
B000WBLFKQ,4.176470588235294,17
B00819W5SC,4.117647058823529,17
B000KH6PSO,4.9411764705882355,17
B00CFCR2QQ,4.235294117647059,17
B003DZVERM,4.411764705882353,17
B0015FQOJK,4.705882352941177,17
B0091JI3YG,4.235294117647059,17
B0037LEGZ4,4.235294117647059,17
B008OOZEUU,4.352941176470588,17
B000J3YQ6C,4.470588235294118,17
B0013D1RKA,4.235294117647059,17
B003A4HSYY,4.235294117647059,17
B0000DD8VJ,4.764705882352941,17
B000YIVSMW,4.647058823529412,17
B0017JRDYO,4.294117647058823,17
B000053321,4.176470588235294,17
B0038FLV7U,4.294117647058823,17
B003IWKVXS,4.647058823529412,17
B008RY2MT8,4.529411764705882,17
B007TY3IAE,4.647058823529412,17
B00017UZ3E,4.882352941176471,17
B007TXJKES,4.176470588235294,17
B008UV212Q,4.647058823529412,17
B0082994L2,4.529411764705882,17
B00993T7YY,4.352941176470588,17
B0097UW2Y6,4.9411764705882355,17
B003D7LDF8,4.764705882352941,17
B00CIZ9VFA,4.588235294117647,17
B000W8JZII,4.764705882352941,17
B003IX27P2,4.411764705882353,17
B0038BCDAI,4.705882352941177,17
B008CT04I4,4.0588235294117645,17
B00CLKSTZA,4.411764705882353,17
B0016FVJUI,4.352941176470588,17
B0098PRZ5Q,4.235294117647059,17
B000VVD6ZE,4.529411764705882,17
B00L0C529Q,4.764705882352941,17
B00156N866,4.235294117647059,17
B003B3WB50,4.705882352941177,17
B000KOM3JC,4.352941176470588,17
B000YIMXIU,4.235294117647059,17
B0011293B8,4.470588235294118,17
B0081JWSAM,4.176470588235294,17
B00G1L76O0,4.823529411764706,17
B0013JTQ5C,4.235294117647059,17
B00016WSIK,4.411764705882353,17
B00GJSSYEQ,4.764705882352941,17
B0082D9UZS,4.470588235294118,17
B008A3SKOC,4.823529411764706,17
B003DGNTCO,4.352941176470588,17
B003HD7SWA,4.294117647058823,17
B008E0AGEI,4.882352941176471,17
B000VR021Y,4.882352941176471,17
B003981C6G,4.176470588235294,17
B0086V0V18,4.705882352941177,17
B003F2GBPS,4.352941176470588,17
B00853ESW0,4.117647058823529,17
B00853F48M,4.352941176470588,17
B003981C34,4.529411764705882,17
B0012IT03M,4.294117647058823,17
B0016M15QE,4.294117647058823,17
B000VUWSYK,4.529411764705882,17
B00163Y4FM,4.529411764705882,17
B008DUCLZ6,4.470588235294118,17
B008HD0OFI,4.352941176470588,17
B00161JJ90,4.235294117647059,17
B0080AC73U,4.470588235294118,17
B000ZFUP0U,4.294117647058823,17
B000XEAZ9Y,4.235294117647059,17
B003H9L0TQ,4.588235294117647,17
B0001G7420,4.705882352941177,17
B008F2JK0G,4.0,17
B000JJMBSG,5.0,17
B00012FJJY,4.411764705882353,17
B000KFVY46,4.294117647058823,17
B003JMWP68,4.823529411764706,17
9788072208,4.176470588235294,17
B00394ZWSE,4.823529411764706,17
B007XBT0XW,4.705882352941177,17
B00CDQ1CEC,4.529411764705882,17
B00949CTQQ,4.823529411764706,17
B003AMYL8W,4.235294117647059,17
B008Z190NY,4.647058823529412,17
B003JN0LT0,4.235294117647059,17
B0016O92MQ,4.117647058823529,17
B00CR2NBW8,4.117647058823529,17
B007YIAFVK,4.411764705882353,17
B00147QL4W,4.470588235294118,17
B003BIUEFE,4.235294117647059,17
B0012O3PI2,4.764705882352941,17
B008EOOGN6,4.176470588235294,17
B008GWTSAC,4.176470588235294,17
B0012NX5W4,4.294117647058823,17
B008EQXEO6,4.235294117647059,17
B00K5NDOK0,4.705882352941177,17
B0012QD77O,4.0,17
B000VRGGJG,4.470588235294118,17
B00KQC7X5M,4.882352941176471,17
B0085CLYXW,4.352941176470588,17
B00CNGXD4O,4.588235294117647,17
B003HU2WVU,4.764705882352941,17
B009CEXX0O,4.882352941176471,17
B0001EKWNK,4.823529411764706,17
B007Z7QRFI,4.764705882352941,17
B00GD0XW8S,4.705882352941177,17
B00KLZO2JE,4.9411764705882355,17
B000WJG2SS,4.352941176470588,17
B009DCUYE8,4.411764705882353,17
7535842801,4.470588235294118,17
B0089ZK1DY,4.235294117647059,17
B00160XMIA,4.176470588235294,17
B003EH400C,4.176470588235294,17
B00KEGG6S0,5.0,17
B007RS4R9I,4.647058823529412,17
B00CDWSONS,5.0,17
B007WR91KE,4.0,17
B000Z61TX6,4.470588235294118,17
B003I90DH0,4.823529411764706,17
B00CELD3VG,4.235294117647059,17
B007OUXDF8,4.0588235294117645,17
B007WR955U,4.529411764705882,17
B00CHHJQOU,4.176470588235294,17
B0014TMHBG,4.294117647058823,17
B0012YSSGG,4.117647058823529,17
B0089YO6KE,4.117647058823529,17
B009AVFIZW,4.117647058823529,17
B008N07KMK,4.470588235294118,17
B0089YHZ4I,4.176470588235294,17
B00HSX95A8,4.352941176470588,17
B008CZC008,4.352941176470588,17
B0000A4EW3,4.294117647058823,17
B003BWVELI,4.588235294117647,17
B00009OL71,4.9411764705882355,17
B00CP8U4LA,4.529411764705882,17
B0000A1VFG,4.647058823529412,17
B000VWXX06,4.647058823529412,17
B00815PCGS,4.705882352941177,17
B0011U9OXC,4.588235294117647,17
B00121FADI,4.705882352941177,17
B008XWYDEG,4.764705882352941,17
B0010SXGJ8,4.470588235294118,17
B00127X1BA,4.176470588235294,17
B007N58Y5I,4.470588235294118,17
B0013QN5GG,4.764705882352941,17
B0087PWNDC,4.529411764705882,17
B003H70UOE,4.294117647058823,17
B000KK7XQ4,4.588235294117647,17
B0087O5XBW,4.294117647058823,17
B009ASKA9O,4.529411764705882,17
B000W7A5L0,4.588235294117647,17
B003H82NBG,4.529411764705882,17
B0036FSWHE,4.352941176470588,17
B000KDWVYU,5.0,17
B0014TBTTW,4.529411764705882,17
B000J4IRLQ,4.823529411764706,17
B001236EZY,4.705882352941177,17
B003CR7BZK,4.647058823529412,17
B0036B8S7C,4.705882352941177,17
B001737EIK,4.0,17
B00008WM5V,4.9411764705882355,17
B007QAV4T8,4.411764705882353,17
B001N2PJDM,4.294117647058823,17
B009FT5QBU,4.529411764705882,17
B005IQ2BH6,4.705882352941177,17
B000GR7KBO,4.411764705882353,17
B000CED0Z6,4.882352941176471,17
B0009ET8RI,4.176470588235294,17
B0009ET8SW,4.117647058823529,17
B00AFIT6CA,4.176470588235294,17
B00AFITNZ0,4.117647058823529,17
B004RDUILC,4.529411764705882,17
B001G7PZ7Y,4.0588235294117645,17
B001G7Q28K,4.117647058823529,17
B001G7QBK4,4.647058823529412,17
B005IKEUYE,4.117647058823529,17
B004RGKZVM,4.352941176470588,17
B002MGY74K,4.529411764705882,17
B002UQ3YN2,4.470588235294118,17
B001GFG9E4,4.176470588235294,17
B004RKP8ZG,4.176470588235294,17
B00EPG5ZIC,4.705882352941177,17
B004A7T730,4.117647058823529,17
B005HWW6DK,4.764705882352941,17
B005HTKJ00,4.294117647058823,17
B00B8A273Y,4.764705882352941,17
B00AFCMMPY,4.705882352941177,17
B002V5F3EK,4.705882352941177,17
B000GW16E6,4.411764705882353,17
B002VECJSY,4.411764705882353,17
B000960QJA,4.235294117647059,17
B004QY3QKW,4.647058823529412,17
B005KJ359E,4.294117647058823,17
B005KD9FLW,4.588235294117647,17
B002VECJ84,4.823529411764706,17
B000P276GY,4.176470588235294,17
B004R7NJZU,4.352941176470588,17
B004AAM112,4.705882352941177,17
B0025YXLRS,4.294117647058823,17
B0009BH8DW,4.470588235294118,17
B000GTBIEM,4.176470588235294,17
B000GSZMS6,4.705882352941177,17
B000P3GLKA,4.882352941176471,17
B005JJ4H3I,4.882352941176471,17
B0009ET3OG,4.235294117647059,17
B001G7PLIW,4.882352941176471,17
B001G7PLMS,4.0,17
B0023RSYAQ,4.176470588235294,17
B001GS6PU4,4.176470588235294,17
B0009QHEAO,4.176470588235294,17
B005FPN0I4,4.117647058823529,17
B00ENTVLJS,4.764705882352941,17
B001IQ2GLQ,4.647058823529412,17
B00ENTJ1XQ,4.235294117647059,17
B00BXWMTL2,4.352941176470588,17
B001IZ3BMK,4.705882352941177,17
B004SKVBTW,4.705882352941177,17
B0020MMDHY,4.470588235294118,17
B00ELU62MU,4.647058823529412,17
B000ROEHMQ,4.235294117647059,17
B001JQLNR8,4.647058823529412,17
B005F3VM68,4.411764705882353,17
B002N5MI6E,4.588235294117647,17
B002TD6I8O,4.764705882352941,17
B002T8HP68,4.529411764705882,17
B00BX8X92O,4.705882352941177,17
B000P9BR4Y,4.705882352941177,17
B0041NW66I,4.352941176470588,17
B002MO8GCG,4.470588235294118,17
B001H2FDP2,5.0,17
B001H3NDSA,4.176470588235294,17
B001H3WEC6,4.294117647058823,17
B004RRGNXU,4.235294117647059,17
B00B7N82ZO,4.588235294117647,17
B0023BGJOU,4.294117647058823,17
B0040ZU59M,4.0588235294117645,17
B005H7Z38A,4.294117647058823,17
B0009N35C8,4.470588235294118,17
B002UD52HQ,4.0,17
B000GJL3H4,4.235294117647059,17
B0009OAGNI,4.235294117647059,17
B001HKUBL0,4.117647058823529,17
B00H9GS3LQ,4.352941176470588,17
B00BYFGP1I,4.235294117647059,17
B000CCIQUC,4.235294117647059,17
B0049WB4FU,4.0588235294117645,17
B004S00FUS,4.117647058823529,17
B000NPCR5S,4.117647058823529,17
B002299GTS,4.882352941176471,17
B00B6SHU4E,4.117647058823529,17
B001IDZHWO,4.352941176470588,17
B005G0N3DA,4.0588235294117645,17
B001IDZKEO,4.470588235294118,17
B0049QKGN2,4.647058823529412,17
B000GWCJGA,4.588235294117647,17
B005ERF680,4.294117647058823,17
B001ET7L6M,4.705882352941177,17
B004BCX7SA,4.529411764705882,17
B000NT2EO8,4.529411764705882,17
B001ET7FHW,4.352941176470588,17
B001ET7FL8,4.705882352941177,17
B004OCJ8MG,4.235294117647059,17
B00A9ELDS0,4.411764705882353,17
B000DT7FUQ,4.294117647058823,17
B00282D30C,4.470588235294118,17
B0007CXY22,4.588235294117647,17
B001ET7JRI,4.352941176470588,17
B00A9R0BKI,4.470588235294118,17
B0027WJ2E4,4.823529411764706,17
B003YCH216,4.470588235294118,17
B003ZS8MIG,4.235294117647059,17
B005PU0M44,4.117647058823529,17
B005PNZWZK,4.823529411764706,17
B000P20QQG,4.0588235294117645,17
B005P0WZ1C,4.235294117647059,17
B000P20QU2,4.294117647058823,17
B002WN2Y4I,4.705882352941177,17
B000MXD0KC,4.235294117647059,17
B004O46T30,4.647058823529412,17
B004BCXBZE,5.0,17
B001ESE1WU,4.411764705882353,17
B003XNEVTM,4.176470588235294,17
B000MUTD5G,4.0588235294117645,17
B001ET6WQ2,4.647058823529412,17
B001ET6XZ2,4.294117647058823,17
B001ET6Y92,4.9411764705882355,17
B001ET6ZFU,4.117647058823529,17
B000E7UFVI,4.0588235294117645,17
B001ET71LW,4.235294117647059,17
B00D1B1QEE,4.764705882352941,17
B005UBN3MG,4.411764705882353,17
B0029N01IC,4.470588235294118,17
B000MUVFP2,4.176470588235294,17
B00070PNIM,4.529411764705882,17
B000E7SRSG,4.588235294117647,17
B004NMH0ZO,4.588235294117647,17
B004NMLN1Q,4.117647058823529,17
B00BC3ZM52,4.823529411764706,17
B000E3YPFO,4.588235294117647,17
B00I5U1ARE,4.764705882352941,17
B0028S31KI,4.0,17
B002WJHL3Q,4.764705882352941,17
B001FB5HTM,4.705882352941177,17
B0007X74IQ,4.0588235294117645,17
B00IG8ZS1E,4.588235294117647,17
B005N9BUJ8,4.705882352941177,17
B005MR89L8,4.0588235294117645,17
B0026Q45VG,4.705882352941177,17
B005MIFD1G,4.352941176470588,17
B001FORK7Q,4.411764705882353,17
B005MG7PAU,4.352941176470588,17
B001FSK6ZU,4.352941176470588,17
B00BOU1996,4.705882352941177,17
B001FVIHIK,4.117647058823529,17
B000P253AA,4.470588235294118,17
B002VHNBS8,4.294117647058823,17
B00AE07EKK,4.176470588235294,17
B002LYTT7S,4.764705882352941,17
B004QM1RSC,5.0,17
B000P258QY,4.117647058823529,17
B000SE7VSW,4.411764705882353,17
B00IFTTZVS,4.882352941176471,17
B000SOT19O,4.117647058823529,17
B004OSFXRO,4.411764705882353,17
B001F7L2WC,4.705882352941177,17
B00HERKPXY,4.705882352941177,17
B002WJ1MGI,4.529411764705882,17
B000SVVSWU,4.588235294117647,17
B004OXAEAK,4.0,17
B005ORJVEA,4.352941176470588,17
B002WE60OC,4.117647058823529,17
B005OLDCTQ,4.647058823529412,17
B005OKUXEO,4.823529411764706,17
B001F51PVW,4.0588235294117645,17
B005OJ5CKU,4.0,17
B00AB4BEUU,4.823529411764706,17
B00IF9VKUW,4.9411764705882355,17
B003Z47ZEM,4.411764705882353,17
B000N2EUG0,4.823529411764706,17
B005NWMFL2,4.529411764705882,17
B005NWM9WC,4.176470588235294,17
B00BAYMJNQ,4.0588235294117645,17
B001F6796G,4.352941176470588,17
B001F7EQZC,4.0,17
B001KNNCJW,4.294117647058823,17
B001KOTQWS,4.352941176470588,17
B001EJXCH4,4.470588235294118,17
B001QY65BC,4.647058823529412,17
B000C1Z1NI,4.705882352941177,17
B001QB2E4W,4.411764705882353,17
B0051AC9Q2,4.470588235294118,17
B00518N0EO,4.0588235294117645,17
B000BIVXZW,4.0588235294117645,17
B0050WM62I,4.705882352941177,17
B001QXC8OQ,4.235294117647059,17
B000NI7ASE,4.235294117647059,17
B000NGATPW,4.647058823529412,17
B0050PTITE,4.529411764705882,17
B0045M2T12,4.352941176470588,17
B000C1W0E6,4.411764705882353,17
B0050OM5GI,4.0588235294117645,17
B000C1W05A,4.764705882352941,17
B000POYVHY,4.705882352941177,17
B001R2DNI6,4.0588235294117645,17
B00B1ZPFT4,4.294117647058823,17
B0046XL5U6,4.588235294117647,17
B00DB3Z09Y,4.176470588235294,17
B0046X6CNG,4.294117647058823,17
B002QT5508,4.352941176470588,17
B000C1Z1QA,4.411764705882353,17
B001Q24SCC,4.705882352941177,17
B001OOLOQK,4.235294117647059,17
B004UPZRNG,4.235294117647059,17
B0044WNM9Q,4.823529411764706,17
B0053SYDI4,4.0588235294117645,17
B001P328GA,4.764705882352941,17
B00AV8LR4E,4.294117647058823,17
B0052XKE42,4.176470588235294,17
B001V9N2WW,4.705882352941177,17
B00B431SQ2,4.411764705882353,17
B001V9LUYO,4.352941176470588,17
B000B9T17I,4.470588235294118,17
B00EA5AELG,4.235294117647059,17
B002NWOAN6,4.0588235294117645,17
B001V9LUUI,4.176470588235294,17
B001PC2S02,4.0,17
B001PHLDI0,4.117647058823529,17
B000GDA07Y,4.117647058823529,17
B00458IC58,4.529411764705882,17
B001S8S1EK,4.529411764705882,17
B000BRY5TO,4.9411764705882355,17
B001U1KX6O,4.764705882352941,17
B004YNP2A2,4.411764705882353,17
B000BSZUYC,4.588235294117647,17
B000GCSY64,4.0588235294117645,17
B004Y9M3O4,4.588235294117647,17
B001U0PKTU,4.176470588235294,17
B000PZC530,4.705882352941177,17
B001U0OVFY,4.705882352941177,17
B000PSTJ4K,4.588235294117647,17
B000BYVBIU,4.117647058823529,17
B001T8W6SQ,4.588235294117647,17
B0046N41O8,4.176470588235294,17
B0046HGP9S,4.588235294117647,17
B00B1DSCGY,4.294117647058823,17
B004XDSN1S,4.0,17
B00B1DSBSI,4.411764705882353,17
B00B18D5WK,4.705882352941177,17
B000PUGDYM,4.0588235294117645,17
B004X751HI,4.882352941176471,17
B002PILNXI,4.352941176470588,17
B004XADCA8,4.529411764705882,17
B004YT55ZS,4.823529411764706,17
B000C1VTP2,4.470588235294118,17
B00I2OR6YE,4.882352941176471,17
B000C1VXA8,4.705882352941177,17
B001REIFNM,4.411764705882353,17
B00BR47Q7S,4.588235294117647,17
B004ZWH390,4.117647058823529,17
B001RO1HGE,4.294117647058823,17
B004ZGAOCE,4.411764705882353,17
B00E3HYW5A,4.470588235294118,17
B000GCUPMU,4.470588235294118,17
B000NK7KRI,4.764705882352941,17
B001RZ7Y2Y,4.9411764705882355,17
B004Z2SRPY,4.411764705882353,17
B00HADEHUO,4.529411764705882,17
B004Z25NHY,4.529411764705882,17
B002Q7VA3G,4.529411764705882,17
B00H0249S0,4.529411764705882,17
B004Z209J6,4.411764705882353,17
B001S46QRS,4.0588235294117645,17
B000BR5B2Y,4.117647058823529,17
B0046TU86C,4.0588235294117645,17
B002Q6YYRG,4.352941176470588,17
B001U2525K,4.235294117647059,17
B00AU8SXII,4.705882352941177,17
B001OMI9U6,4.470588235294118,17
B005C50W3I,4.352941176470588,17
B005C4HQ38,4.117647058823529,17
B0042KY3RA,4.117647058823529,17
B000NNZSMY,4.0588235294117645,17
B00203KPE6,4.235294117647059,17
B000A3XH4I,4.176470588235294,17
B001LF4DRO,4.764705882352941,17
B00B5H7R2Q,4.764705882352941,17
B001OMI9LA,4.411764705882353,17
B005B5RBNS,4.764705882352941,17
B0042TSB8S,4.764705882352941,17
B001LJJQ7C,4.352941176470588,17
B005A2M82Q,4.235294117647059,17
B000GHVKOC,4.352941176470588,17
B0059KQJI8,4.470588235294118,17
B0059856B6,4.9411764705882355,17
B004TI9KHS,4.176470588235294,17
B000RDQJEQ,4.882352941176471,17
B00DG1B6V2,4.411764705882353,17
B00ITA8HD0,4.529411764705882,17
B00ITA41T4,4.764705882352941,17
B002T5MKIY,4.823529411764706,17
B000N7BARW,4.705882352941177,17
B0020MM7RK,4.117647058823529,17
B000RJFW16,4.529411764705882,17
B005DWJFFQ,4.176470588235294,17
B00AMLI8OW,4.117647058823529,17
B005DL2A8G,4.882352941176471,17
B004TBOBEW,4.176470588235294,17
B005DE7PVK,4.411764705882353,17
B005D9TP4A,4.411764705882353,17
B00AN0QF9W,4.352941176470588,17
B00AN8NL8C,4.764705882352941,17
B005CXIO4Y,4.235294117647059,17
B001KYVL2G,4.411764705882353,17
B000C21COE,4.117647058823529,17
B0020C879M,4.117647058823529,17
B0020BWV7M,4.470588235294118,17
B00597ZQCQ,4.470588235294118,17
B00597S3VW,4.705882352941177,17
B00BQ0Y6GC,4.0588235294117645,17
B0056B0XI2,4.0588235294117645,17
B001NTBTF2,4.235294117647059,17
B00566CYES,4.0588235294117645,17
B004UA2SZG,4.117647058823529,17
B001NTYWFQ,4.0,17
B002NL8C54,4.0588235294117645,17
B000GG1HZU,4.411764705882353,17
B001NXPL84,4.882352941176471,17
B000PHVQIS,4.882352941176471,17
B001VTL4HM,4.764705882352941,17
B000C20ZOC,4.0588235294117645,17
B00ECEANWA,4.470588235294118,17
B001O1KLFS,4.0,17
B001O3ICDY,4.0,17
B00D8YBJ9G,4.294117647058823,17
B002RL8IZ4,4.0,17
B000NG84G8,4.705882352941177,17
B0047VSW94,4.705882352941177,17
B002RL8IVI,4.411764705882353,17
B000QUMBP6,4.117647058823529,17
B0044AEJQ8,4.0,17
B0044CZX1G,4.294117647058823,17
B002RJUOVW,4.294117647058823,17
B000AQHMHI,4.117647058823529,17
B001W8W3SG,4.647058823529412,17
B000FW1NAO,4.764705882352941,17
B000ANRBZ4,4.823529411764706,17
B001XRZ0JK,4.411764705882353,17
B001MA40NA,4.588235294117647,17
B001WBS68E,4.705882352941177,17
B001WAKUDE,4.411764705882353,17
B001MIZBM6,4.176470588235294,17
B00AQBGBJC,4.117647058823529,17
B002RT729Y,4.0588235294117645,17
B00IQMG5QW,4.117647058823529,17
B00B4TR4KU,4.823529411764706,17
B00AQRLSH6,4.411764705882353,17
B0057SX8QS,4.705882352941177,17
B001WAKI9A,4.352941176470588,17
B0043OMAHK,4.588235294117647,17
B000AMA49A,4.823529411764706,17
B001N0OOF8,4.352941176470588,17
B00ARMMKUE,4.647058823529412,17
B00IPQO0W0,4.0588235294117645,17
B0056K61FM,4.352941176470588,17
B00ARTKAGI,4.294117647058823,17
B00BBTORDA,4.588235294117647,17
B004DBS400,4.588235294117647,17
B00GMPGEJI,4.470588235294118,17
B001ASDHYW,4.470588235294118,17
B006WM8796,4.294117647058823,17
B001AVPGD4,4.705882352941177,17
B006WM860Q,4.529411764705882,17
B00329RY00,4.529411764705882,17
B00329NVU2,4.705882352941177,17
B001AXP7Y0,4.352941176470588,17
B004HWOHCE,4.705882352941177,17
B000HZDFV4,4.117647058823529,17
B006VG40QC,4.294117647058823,17
B00BHHX1OC,4.235294117647059,17
B001B04VSK,4.470588235294118,17
B006V2ONP4,4.764705882352941,17
B002DNKL7Y,4.294117647058823,17
B00C9N1OHE,4.470588235294118,17
B004I686CQ,4.647058823529412,17
B001AQGMVY,4.411764705882353,17
B001AMV6YQ,4.0,17
B004HKBLKC,4.882352941176471,17
B004GV9WGM,4.588235294117647,17
B004DPFDV4,4.529411764705882,17
B0072F80ZS,4.470588235294118,17
B0072F80QM,4.529411764705882,17
B000O7NI1C,4.235294117647059,17
B007200FW4,4.823529411764706,17
B002F59OMI,4.411764705882353,17
B00JKCYISO,4.529411764705882,17
B00331DIAM,4.764705882352941,17
B0002COKES,4.411764705882353,17
B0071HI188,4.411764705882353,17
B001ADU3B2,4.588235294117647,17
B0032OYDZY,4.529411764705882,17
B007141UAC,4.470588235294118,17
B002F3TNYE,4.176470588235294,17
B00DPLSXG4,4.882352941176471,17
B000O8Y7TS,4.588235294117647,17
B0032H4FPO,4.764705882352941,17
B006UETE5C,4.117647058823529,17
B00C9GNPYG,4.176470588235294,17
B006LPWIQ2,4.294117647058823,17
B002XITYVS,4.588235294117647,17
B002K8MIF0,4.529411764705882,17
B000URWZ3S,4.0588235294117645,17
B000URVDIG,4.0588235294117645,17
B006ORGR4G,4.470588235294118,17
B006OOLCM6,4.470588235294118,17
B006OMHUL0,4.411764705882353,17
B0030MQ5D6,4.9411764705882355,17
B006OLHC1E,4.647058823529412,17
B006OLGV2A,4.647058823529412,17
B000UQIO5M,4.294117647058823,17
B00F4TXSAG,4.352941176470588,17
B000NYFTV8,4.470588235294118,17
B002D48QMA,4.235294117647059,17
B006NXRD5S,4.235294117647059,17
B0002VNKRM,4.294117647058823,17
B001C9QET4,4.176470588235294,17
B002KA4PMW,4.764705882352941,17
B0002X7RBU,4.117647058823529,17
B0030HFX9S,4.294117647058823,17
B004JKB4B6,4.411764705882353,17
B0030GZXPI,4.529411764705882,17
B002CX3OP6,4.529411764705882,17
B000HOZDZQ,4.470588235294118,17
B004DBS8KQ,4.529411764705882,17
B001B3RFKI,4.0588235294117645,17
B003STS250,4.117647058823529,17
B0031DQ5KW,4.294117647058823,17
B006TURTYA,4.529411764705882,17
B004ILT06W,4.352941176470588,17
B001B7K5CY,4.117647058823529,17
B001B8NDRW,4.705882352941177,17
B001B9KCN4,4.235294117647059,17
B000UV4VUY,4.235294117647059,17
B000NYL3WC,4.764705882352941,17
B001BBQ0Q0,4.411764705882353,17
B004DBXKS6,4.411764705882353,17
B004IQIR52,4.294117647058823,17
B000UTQTRO,4.705882352941177,17
B003SKTYEW,4.294117647058823,17
B000FKGIGK,5.0,17
B006QV2XDY,4.823529411764706,17
B004ITBD82,4.705882352941177,17
B006Q54CW0,4.294117647058823,17
B006PMP0OS,4.470588235294118,17
B004IUJHF2,4.352941176470588,17
B004DBS8TC,4.235294117647059,17
B0033713TO,4.529411764705882,17
B001A1NJOM,4.117647058823529,17
B00355N720,4.470588235294118,17
B00021CMCQ,4.235294117647059,17
B000II57AW,4.764705882352941,17
B000LNG1RC,4.0,17
B00021CY1A,4.0,17
B000FFXF8Y,4.235294117647059,17
B00021DBA8,4.0,17
B0018BVINS,4.352941176470588,17
B003N75VBA,4.352941176470588,17
B00021DPBI,4.411764705882353,17
B0034W4PWK,4.647058823529412,17
B00CC2MRWI,4.0588235294117645,17
B009JOY284,4.588235294117647,17
B007C8F3H8,4.764705882352941,17
B003NGQ0F2,4.705882352941177,17
B007C26TX6,4.294117647058823,17
B007BF7F32,4.647058823529412,17
B0018NPA9E,4.529411764705882,17
B000VLN2XU,4.529411764705882,17
B000VM19GQ,4.705882352941177,17
B0073B6JMW,4.411764705882353,17
B00355VHSG,4.647058823529412,17
B002HZVKGY,4.0588235294117645,17
B003LUCACC,4.529411764705882,17
B00CS2W58I,4.0,17
B003M04D8U,5.0,17
B009GF8OOY,4.588235294117647,17
B002HU22MU,4.294117647058823,17
B0017OP2TC,4.647058823529412,17
B0035NDW04,4.176470588235294,17
B007I6SQEQ,4.352941176470588,17
B004FJOOGI,4.764705882352941,17
B007HMCXYU,4.529411764705882,17
B003MGI89Y,4.823529411764706,17
B007HEP0R0,4.176470588235294,17
B007HCWFMA,4.0,17
B003MMVQAQ,4.470588235294118,17
B0017WLID8,4.588235294117647,17
B0017WRHD8,4.294117647058823,17
B007GEIWMG,4.176470588235294,17
B00021B6KK,4.705882352941177,17
B001821EW2,4.764705882352941,17
B002HEW89S,4.647058823529412,17
B000VHE94U,4.235294117647059,17
B00199C9OG,4.764705882352941,17
B003OH27QG,4.411764705882353,17
B009MURBVK,4.294117647058823,17
B0075Y3JM0,4.588235294117647,17
B004E9HNWG,4.529411764705882,17
B0019CYZGI,4.0,17
B002GYU14I,4.823529411764706,17
B000277N88,4.529411764705882,17
B003435JWY,4.470588235294118,17
B00BJBXMS6,4.470588235294118,17
B004GCC9TI,4.705882352941177,17
B0075EI0Y2,5.0,17
B00DO43WP4,4.117647058823529,17
B0074NYGNS,4.470588235294118,17
B000O6CN46,4.176470588235294,17
B000F61SFK,4.764705882352941,17
B000LSBZ8M,4.705882352941177,17
B0019TX4MW,4.588235294117647,17
B00028ORHC,4.882352941176471,17
B0073DDYG4,4.0588235294117645,17
B00026CZCS,4.588235294117647,17
B00BJMQYXA,4.176470588235294,17
B001991SHK,4.411764705882353,17
B004FS345Q,4.411764705882353,17
B000IF1VZ0,4.117647058823529,17
B000VH5NU4,4.588235294117647,17
B003NTPIZM,4.470588235294118,17
B007A079GQ,4.588235294117647,17
B009KY6TT8,4.176470588235294,17
B000VG01K2,4.411764705882353,17
B003NXZWBS,4.647058823529412,17
B0076I1U9Y,4.352941176470588,17
B0078DXL5I,4.411764705882353,17
B009LLRQS8,4.352941176470588,17
B00777ZIEC,4.705882352941177,17
B004G49I1I,4.529411764705882,17
B009M1TG58,4.0588235294117645,17
B00CBI31SM,4.0588235294117645,17
B00347MIT2,4.294117647058823,17
B0076JVT12,4.294117647058823,17
B000UNM8WK,4.0,17
B004X75S1C,4.764705882352941,17
B00HG520W8,4.176470588235294,17
B000OOKS22,4.0588235294117645,17
B003URLWI4,4.117647058823529,17
B004C1101G,4.411764705882353,17
B002ZFJJO6,4.352941176470588,17
B002AMUG7I,4.470588235294118,17
B0069VGCZ6,4.705882352941177,17
B004KXJR48,4.235294117647059,17
B0069P0OG0,4.764705882352941,17
B003UWSR32,4.764705882352941,17
B006835BZW,4.470588235294118,17
B00D06ARFO,4.411764705882353,17
B004KZKRMW,4.411764705882353,17
B0061Q3X60,4.647058823529412,17
B001E96L4K,4.352941176470588,17
B002AMUIB2,4.529411764705882,17
B0068M4E6A,4.0588235294117645,17
B002L26HO8,4.529411764705882,17
B006A9TFS8,4.0,17
B009Z5BZ6O,4.411764705882353,17
B000OLFXKM,4.470588235294118,17
B000FL9EGU,4.235294117647059,17
B001E7686I,4.705882352941177,17
B000E9DWPW,4.411764705882353,17
B002XQ1USU,4.235294117647059,17
B001E96NDE,4.411764705882353,17
B00A404PSE,4.882352941176471,17
B00066N9H4,4.352941176470588,17
B002ZJZDHE,4.352941176470588,17
B002BWOY4S,4.117647058823529,17
B006B7XHMY,4.529411764705882,17
B006B7WOVY,4.529411764705882,17
B009YZ2DAW,4.529411764705882,17
B000OMR9JO,4.176470588235294,17
B004CSU8IA,4.470588235294118,17
B002YFP2JI,5.0,17
B002XVUJSM,4.764705882352941,17
B002YDUROU,5.0,17
B001E6QWQU,4.0,17
B001E77PM4,4.9411764705882355,17
B00634TJ7M,4.176470588235294,17
B00EXW2OQ4,4.588235294117647,17
B000TZRD4M,4.352941176470588,17
B0006FMR32,4.352941176470588,17
B002AQ508Y,4.235294117647059,17
B001E6UK5Y,4.0588235294117645,17
B0064N525K,4.470588235294118,17
B001E6Y4TM,4.705882352941177,17
B001E6YD2A,4.411764705882353,17
B001E76B74,4.647058823529412,17
B004LXJTGS,4.0588235294117645,17
B000U0CA0I,4.647058823529412,17
B001E7265U,4.588235294117647,17
B000FKXSU4,4.411764705882353,17
B0006HR8GG,4.764705882352941,17
B001E7BDIQ,4.117647058823529,17
B002Z2E804,4.588235294117647,17
B001E3SG2Q,4.470588235294118,17
B003W58FOS,4.352941176470588,17
B00DJ1JJT0,4.705882352941177,17
B000TUFLIC,4.176470588235294,17
B001E440YI,4.411764705882353,17
B002AMUID0,4.352941176470588,17
B002Z0LKJS,4.411764705882353,17
B00BDJ8LIU,4.529411764705882,17
B0062MB95K,4.0,17
B003VS8U8M,4.529411764705882,17
B001E4KA7Y,4.882352941176471,17
B001E5D0V6,4.647058823529412,17
B002XR87YE,4.411764705882353,17
B002YJ7ARG,4.235294117647059,17
B002ZNJB5U,4.117647058823529,17
B000NVSOZY,4.470588235294118,17
B001DCDPIS,4.882352941176471,17
B004MUNJH0,4.117647058823529,17
B00BEZMFA8,4.705882352941177,17
B006I336ZE,4.235294117647059,17
B000UL94MO,4.588235294117647,17
B001CQ22UM,4.529411764705882,17
B00C806JI2,4.117647058823529,17
B002CCNYPM,4.823529411764706,17
B0002Z8MLW,4.823529411764706,17
B000HGQ826,4.705882352941177,17
B000H6AF66,4.0588235294117645,17
B002ZX56D6,4.705882352941177,17
B006HACW9E,4.647058823529412,17
B001CWHSFK,4.705882352941177,17
B005XS3UP6,4.235294117647059,17
B006HAGS7G,4.470588235294118,17
B002KFRNXA,4.411764705882353,17
B004JYNL18,4.647058823529412,17
B001CRX0NO,4.0588235294117645,17
B002XQ1RA6,4.529411764705882,17
B003U4HCJU,4.235294117647059,17
B005YNB32W,4.882352941176471,17
B006GQH096,4.470588235294118,17
B00BCU96A2,4.470588235294118,17
B006K3B6C2,4.0,17
B001CL9XHM,4.117647058823529,17
B00066N91U,4.352941176470588,17
B001CT080K,4.588235294117647,17
B000EM79WQ,4.882352941176471,17
B009YJW7OU,4.176470588235294,17
B001DKVC08,4.411764705882353,17
B004KRV8MS,4.529411764705882,17
B0006PLNSC,4.588235294117647,17
B009YK06NS,4.411764705882353,17
B000NVFEY8,4.705882352941177,17
B006L68P18,4.588235294117647,17
B004JTON5Q,4.647058823529412,17
B0006Q01WK,4.411764705882353,17
B005Z68S62,4.235294117647059,17
B000659LRW,4.9411764705882355,17
B006KT2F76,4.529411764705882,17
B001CJNTBU,4.647058823529412,17
B000H5HY7A,4.0588235294117645,17
B00GQQAQJC,4.294117647058823,17
B000FKJN1C,4.176470588235294,17
B00JA1ABW2,4.823529411764706,17
B006J5YANS,4.117647058823529,17
B001ECQ3AO,4.294117647058823,17
B003UHXY8U,4.823529411764706,17
B006CXOLWM,4.529411764705882,17
B006HJRXDU,4.352941176470588,17
B002I3BLJG,4.25,16
B001TSNBL2,4.5,16
B0029U0Y78,4.25,16
B002HZX7E2,4.25,16
B001UIQ2QC,4.9375,16
B002HUJQA6,4.3125,16
B00118WJVS,5.0,16
B00DN1WBIM,4.0625,16
B002OLLXJ0,4.3125,16
B000O2T8ZM,4.125,16
B000XS8772,4.5625,16
B00299SEMG,4.75,16
B0029MWIQG,4.3125,16
B002AMUFBA,4.375,16
B002HMLY0Y,4.1875,16
B002AMUFHE,4.25,16
B000O2NW1I,4.125,16
B002LK66J6,4.8125,16
B000XDYYU6,4.0625,16
B000P0IDZE,4.0625,16
B0028K3J44,4.1875,16
B000ZK8J3K,4.75,16
B002AMUGCI,5.0,16
B000O2RJFI,4.75,16
B00DUJDG0Y,4.5,16
B000OWTODI,4.6875,16
B000XI3196,4.625,16
B002AMUKH4,4.0,16
B002IGKCJI,4.875,16
B000YDL2XM,4.25,16
B00CMJD43C,4.5625,16
B00DQL0302,4.875,16
B002DMK0FI,4.4375,16
B000YCOL22,4.125,16
B0025FKBHK,4.5,16
B000P2YIAQ,4.25,16
B00GAXJLRE,4.25,16
B000OLE7WW,4.5,16
B003B74CSK,4.3125,16
B000XB7X1A,4.75,16
B00266UK8I,4.0,16
B002DW07YW,4.625,16
B002DYATC0,4.3125,16
B002E0QLP2,4.3125,16
B002N8CD2A,4.125,16
B000YFVO2E,4.8125,16
B002D48QPC,4.5,16
B003B3G91C,4.3125,16
B00G4ZUXIO,4.25,16
B0022TXZF4,4.0,16
B00GEG0FRM,4.125,16
B002CMYX16,4.0,16
B000YLHK58,4.75,16
B0021CAB0Y,4.375,16
B00DY860G8,4.1875,16
B0020MMDMY,4.625,16
B0020MM9HS,4.375,16
B002CMLS28,4.6875,16
B002KDM256,4.5625,16
B003B2FMMK,4.5,16
B0020MM9Z0,4.4375,16
B000OIHI2G,4.375,16
B0020MM9UK,4.375,16
B002CJ778U,4.9375,16
B000PHDEL0,4.3125,16
B000O05AC4,4.375,16
B003AAVAM4,4.1875,16
B000X1M8VK,4.25,16
B00DHE53NK,4.0625,16
B000XYRPAG,4.6875,16
B002G9TUL8,4.5625,16
B000NNCA1Q,4.6875,16
B001V9UYM8,4.8125,16
B000P22TWA,4.25,16
B000PI30DQ,4.5625,16
B000X1XPBM,4.375,16
B003BJJT7W,4.5,16
B000ORLLJS,4.25,16
B000PI67NQ,4.25,16
B000NVU82G,4.625,16
B00DNK4Z96,4.3125,16
B001UM30EA,4.875,16
B001ULD0S2,4.9375,16
B002FKT0WC,4.1875,16
B000PHZ134,4.5625,16
B000Z4QGJU,4.8125,16
B002E4VK40,4.5,16
B002EBINZC,4.3125,16
B002F0FBAM,4.3125,16
B0010ZGC38,4.6875,16
B0010ZLBLQ,4.875,16
B000P255VM,4.4375,16
B000NSQLZ2,4.75,16
B000Z4QVFY,4.9375,16
B000PHUK9E,4.375,16
B002LUF4PI,4.3125,16
B00DSK79FS,4.5625,16
B002FJVIWI,4.25,16
B002CSCK1K,4.75,16
B001TK1W2U,4.6875,16
B00F11045Y,4.75,16
B001DITLFS,4.5,16
B001DKBFP0,4.25,16
B0037LEJBU,4.75,16
B0015KO3MU,4.5,16
B000MFN096,4.6875,16
B0015H2KQ4,4.4375,16
B000UFWRUQ,4.875,16
B002Z684Q4,4.5625,16
B000UEEMN2,4.5625,16
B00F0LA71G,4.5,16
B002ZG8DGK,4.4375,16
B0015EOB50,4.625,16
B0015OEA10,4.625,16
B00GJYMRUC,4.5625,16
B001CGYLOM,4.5,16
B0015Z3J8E,4.25,16
B000KZ4NX0,4.1875,16
B001CJJ5RM,4.4375,16
B001CL4O76,4.25,16
B001CSOBWW,4.4375,16
B000ULLITQ,4.375,16
B001CT053A,4.5,16
B00CPT8HF4,4.5625,16
B003085Y4Q,4.125,16
B0015Y9ADS,4.375,16
B0037AVSQ0,4.4375,16
B001CY87MQ,4.6875,16
B00159Y240,4.4375,16
B0015Z7IH2,4.5625,16
B0014HG8W2,4.875,16
B000VXVEGK,4.625,16
B001ECQ4ZI,4.3125,16
B000TKF13C,4.4375,16
B000KQR8U4,4.5625,16
B0014KPYFG,4.75,16
B0037WXB0Y,4.5,16
B0037YF27C,4.5,16
B001ERNSSO,4.625,16
B001ESE274,4.6875,16
B001ET71EY,4.0625,16
B001ET76FS,4.3125,16
B001ET772U,4.25,16
B001ET774S,4.75,16
B0037Z8WKK,4.5625,16
B001ET777U,4.625,16
B001ET7888,4.5,16
B000TMD4YS,4.375,16
B001ECQ3A4,4.875,16
B002XQ1TCM,4.0,16
B00158N0VM,4.375,16
B001E5EDJ4,5.0,16
B002YFN3QM,5.0,16
B001E6TX3Y,4.0,16
B0037MIL7C,4.0625,16
B000U0F226,4.0,16
B000MOR50C,4.625,16
B001E7B8YU,4.75,16
B00D13EBMG,4.625,16
B002XQEQMC,4.375,16
B00GJ6DNIU,4.1875,16
B001E96L7W,4.25,16
B000TTHUDW,4.5,16
B002XQ1X78,4.1875,16
B002XQ1VC0,4.125,16
B000UPFRXK,4.5,16
B0019GX37G,4.4375,16
B0018PZY66,4.75,16
B00GLLXRWU,4.625,16
B0018Z5R8G,4.5,16
B001903MMS,4.8125,16
B00FECQ0PS,4.0,16
B000VCVM0O,4.5,16
B0016PAXA0,4.9375,16
B00343XYIA,4.75,16
B0019GKZWM,4.1875,16
B0036QRHIS,4.4375,16
B0019LYCBM,4.75,16
B0033WSTXW,4.625,16
B00FMB2XYS,4.125,16
B0033VVJSK,4.25,16
B0033VAJ36,4.5625,16
B000VSYBDI,4.125,16
B001A3YE12,4.25,16
B001A7RBQI,4.875,16
B0018PG2HG,4.0,16
B00173B6IE,4.375,16
B0018MIIMQ,4.125,16
B000VPFPX6,4.25,16
B0017KCLZE,4.6875,16
B00GLPVW0A,4.5625,16
B0017L6I5W,4.5,16
B0017O00YY,4.25,16
B0017OAYTU,4.375,16
B000VOJ82G,4.0,16
B000VOHR6K,4.8125,16
B00355N7P2,4.375,16
B00182LOX6,4.25,16
B00177FPI2,4.1875,16
B0018ARXXI,4.8125,16
B000VJWFXK,4.25,16
B0018CW3IQ,4.1875,16
B001A9GIGU,4.4375,16
B000UQDR5E,4.0,16
B001BDYXY4,4.5,16
B000UZS5H0,4.625,16
B000UZ7RRO,4.1875,16
B001B7G2T4,4.375,16
B0016A7D8K,4.375,16
B001681R8O,4.3125,16
B001BBY7M4,4.3125,16
B003111KHW,4.375,16
B001ABOIWE,4.375,16
B000VUWOW6,4.1875,16
B00F5KE5TM,4.5625,16
B00164E8TI,4.5,16
B00163UR5I,4.625,16
B00161CBV8,4.375,16
B0030JAZOY,4.5625,16
B001B1SSK6,4.125,16
B001B1OPKS,4.5625,16
B001AZXEHU,4.1875,16
B001AFN0EW,4.25,16
B0016JFHEI,4.1875,16
B0032JZYK2,4.4375,16
B0032JMJXM,4.625,16
B000V4PMVM,4.625,16
B001AMXI42,4.375,16
B0032ERJ0A,4.6875,16
B001ASYBS8,4.125,16
B0036US0JY,4.3125,16
B0032CG192,4.8125,16
B0016GJZHG,4.625,16
B001AXSRLU,4.125,16
B00F9GFX16,4.25,16
B0016FZR88,4.75,16
B00FN3BM1U,4.625,16
B0031UZ6VY,4.3125,16
B00380DF3S,4.5,16
B002X0FRCG,4.3125,16
B000NFGT4I,4.375,16
B000R2YG42,4.0625,16
B001MYN3QG,4.875,16
B0012JY42I,4.75,16
B001N0LURS,4.5,16
B00ECU0A18,4.25,16
B000KKVQDA,5.0,16
B002RS6K0C,4.4375,16
B001NXPLWK,4.5625,16
B002RS6JZ8,4.4375,16
B001OB3POM,4.5625,16
B002RJUMRS,4.25,16
B00EAVNAKW,4.1875,16
B001MU1P2E,4.5,16
B002RT722Q,4.8125,16
B002RT72AI,4.125,16
B001MHNQYW,4.125,16
B000RJJDUC,4.0,16
B00GWBR6BM,4.3125,16
B001L1J1B6,4.3125,16
B00D7GG8SM,4.125,16
B00EI23XH8,4.4375,16
B001LFEVSK,4.3125,16
B000R8ZCUS,4.375,16
B001LRG960,4.3125,16
B001M0YSPU,4.125,16
B001MBR0ZO,4.6875,16
B00FYSZDQ4,4.3125,16
B00GYK4Y34,4.5,16
B000RLXCMA,4.4375,16
B001RE0AFS,4.5625,16
B000WSRDM8,4.125,16
B001RVMRCA,4.9375,16
B001RYV0FW,4.625,16
B0011E1D28,4.8125,16
B002Q6UOJI,4.75,16
B000Q2Y0AI,4.125,16
B0011DOUVK,4.5,16
B000PZCGAW,4.4375,16
B002PNV3DI,4.75,16
B001T8S7SO,4.3125,16
B000PX6ZOC,4.9375,16
B001TESDY6,4.3125,16
B0039YQG1Q,4.25,16
B000WY3AN8,4.3125,16
B000Q611U6,4.75,16
B001R4CLE6,4.25,16
B000Q660FM,4.625,16
B000NIEBK4,4.875,16
B001PP3OF2,4.0,16
B001PRSFZ4,4.5,16
B001PTFWTE,4.5625,16
B000WNVPQ8,4.25,16
B002QWKRAS,4.6875,16
B001QAVME6,4.625,16
B000WOVIC8,4.75,16
B002QGB8TS,4.375,16
B001QXYFLU,4.9375,16
B001R18H06,4.5625,16
B001R22918,4.0625,16
B001R2D82W,4.0,16
B0011Z82Y4,4.5625,16
B0012XI1SC,4.5,16
B001KOTQAK,4.5,16
B0013TE70Q,4.5625,16
B002W45JLW,4.6875,16
B0013YU2G4,4.0,16
B001F51VOI,4.375,16
B002VWK9JC,4.4375,16
B001FB5IB4,4.9375,16
B000W6YUE4,4.4375,16
B00FRRVXDY,4.75,16
B001FB5IM8,4.5,16
B001FB5OH2,4.125,16
B002VECJ7K,4.0,16
B001FKHJLC,4.5625,16
B001FUPZD6,4.75,16
B000N2JL32,4.5,16
B001FWXICO,4.3125,16
B001FWXIK6,4.625,16
B001FYT87G,4.3125,16
B002W5KQ8C,4.1875,16
B002WE2LEU,4.1875,16
B00D2V4UBY,4.625,16
B0014AWF0S,4.5625,16
B0014AU758,4.8125,16
B00HF1WJF6,4.6875,16
B001ET7ACW,4.4375,16
B001ET7BI0,4.1875,16
B002WVG8MY,4.5,16
B001ET7ERI,4.25,16
B001ET7GI0,4.3125,16
B001ET7HUW,4.9375,16
B001ET7HW0,4.3125,16
B000KQB0OO,4.125,16
B000T9VZBU,4.75,16
B00D2GT4U6,4.5625,16
B001ET7KC2,4.6875,16
B000T5MGBW,4.625,16
B001EWF38W,4.5,16
B001EWF3DC,4.25,16
B002WJHJXI,4.75,16
B002VECJH0,4.1875,16
B002TYHEQI,4.625,16
B0017JUX5A,4.375,16
B001HX39VQ,4.6875,16
B001I1VYZU,4.0625,16
B00139PD8G,4.25,16
B001I7W97G,4.5,16
B001I82LJG,4.75,16
B002U0LFZC,4.25,16
B00EO7KWM6,4.0,16
B002TUU2ES,4.9375,16
B002VECIE4,4.875,16
B00139461Q,4.25,16
B001IQ3CXW,4.3125,16
B001J4FU38,4.5625,16
B001J9BVYA,4.125,16
B000N58HVQ,4.4375,16
B001JOXI8W,4.625,16
B001JPH2YC,4.1875,16
B001HKVN3U,4.25,16
B001H54VHA,4.125,16
B001H54T9A,4.75,16
B000N2Q694,4.25,16
B002VCV2AM,4.75,16
B001G5HAIS,4.0625,16
B001G5SRYY,4.125,16
B000S97MFE,4.4375,16
B002V9NSGG,4.0,16
B001G7PM4A,4.9375,16
B001G7PP88,4.0,16
B00D47U876,4.0625,16
B000W8NDNG,4.3125,16
B002UV3RHA,4.125,16
B001G9B5J4,4.25,16
B001GBF0A2,4.5,16
B001GION5I,4.6875,16
B000S18AMG,4.3125,16
B002UKP10M,4.0625,16
B001GTTGPE,4.0,16
B002HWS7UE,4.4375,16
B000XEJW1G,4.25,16
B000A3XI4M,4.0625,16
B004DK57M4,4.25,16
B0086V52EY,4.6875,16
B007KAQ52K,4.5,16
B0060RSRUM,4.75,16
B0061H9RDM,4.5,16
B00B9FSLHY,4.0,16
B000IXVGKM,4.0,16
B003Y5W4G6,4.875,16
B000FJ4AWK,4.25,16
B0060NOR6E,4.625,16
B0006NYQTM,4.1875,16
B004Q1HVU6,4.125,16
B005DF5ZPM,4.75,16
B000IW80FW,4.5625,16
B000H3GE2S,4.75,16
B004QDPHY6,4.5,16
B00863X0EG,4.25,16
B003JN53I4,4.625,16
B000CNKJS8,5.0,16
B009GIWESS,4.25,16
B000FK84C6,4.6875,16
B000060K41,4.625,16
B005BTLMO8,4.875,16
B00AOF2BZI,4.375,16
B003YKBE8U,4.0625,16
B00005UFET,4.375,16
B0087HYK5E,4.875,16
B004DBU9TY,4.4375,16
B003JET73K,4.4375,16
B004DAS4QK,4.1875,16
B009GHHW5Y,4.375,16
B008XWYCEM,4.3125,16
B007JL33CA,4.625,16
B003YBVQFU,4.0625,16
B0061WGPO6,4.5,16
B005C48ZL0,4.4375,16
B005C2NAKS,4.5,16
B004DILR1Q,4.4375,16
B0062ACZ0A,4.6875,16
B004DIJLHI,4.3125,16
B00HZ0M7P4,4.6875,16
B0001Y74XG,4.375,16
B003XJZJCE,4.6875,16
B004FQLU1S,4.5,16
B003KWNFOI,4.8125,16
B0009VNI18,4.9375,16
B003KZ9ZZ8,4.125,16
B00BKOV7AC,4.4375,16
B00A6V82C6,4.0,16
B005EG7D64,4.375,16
B00852JRVI,4.9375,16
B00BKSPPVA,4.0,16
B003X00AZY,5.0,16
B000FDCXPM,4.625,16
B00ALV8H6W,4.4375,16
B005ET4PEE,4.3125,16
B004OF47N8,4.125,16
B003VWUD0Q,4.6875,16
B003LZ6KZA,4.8125,16
B0001EKT06,4.8125,16
B007OSJHKU,4.375,16
B0090AYSKE,4.5625,16
B003WLZXSS,4.25,16
B003W89OQI,4.8125,16
B003LLZKBO,4.4375,16
B000CSPALE,4.0625,16
B005EMOFGE,4.5,16
B004F0HOM8,4.4375,16
B0009WY54G,4.5,16
B0006ON74G,4.3125,16
B005DVDNLE,4.375,16
B003XFSVWS,4.0,16
B00IFVHJDM,4.9375,16
B003K5B05Q,4.25,16
B0009X0TO0,4.0625,16
B005DRYFF6,4.0,16
B008Z0NCIE,4.0625,16
B0009XAHVK,4.1875,16
B00KBGHC9K,4.875,16
B0001K55RM,4.3125,16
B0001G7CB8,4.75,16
B003KPGOK2,4.125,16
B003X8749Q,4.25,16
B003X8V2OE,4.0625,16
B005E9361W,4.25,16
B0001GF0I0,4.5,16
B005XLMOJG,4.4375,16
B000CQYKS0,4.5,16
B004PCSOCU,4.9375,16
B003XEJ0KG,4.6875,16
B003K73NP4,4.4375,16
B004D99V72,4.6875,16
B00880WINQ,4.25,16
B005BP8VEQ,4.6875,16
B009YSTOHY,4.0625,16
B00005324U,4.4375,16
B007DGRRG4,4.1875,16
B008BGJCEK,4.5,16
B000C232KG,4.5625,16
B006BRGIWU,4.25,16
B0057XJQPK,4.5625,16
B007CVOKC4,4.5625,16
B003H8E7SS,4.0,16
B00068B7DA,4.25,16
B00068JV1A,4.0,16
B007CMMSTA,4.1875,16
B004STO8WA,4.25,16
B00BOJ9SD6,4.4375,16
B008AT1FFC,4.25,16
B007EE1SQU,4.0625,16
B003HUSLHY,4.3125,16
B004BH0YSG,4.375,16
B008AY0A1C,4.0,16
B003ZYI35W,4.5625,16
B004BG7QTW,4.3125,16
B00021E1YI,4.0,16
B007CMEYY2,4.5,16
B0088AGGDE,4.5,16
B00B5HJH1A,4.25,16
B00IPTSPXC,4.1875,16
B000AM8TWO,4.3125,16
B004098900,4.375,16
B00570AHI8,4.5625,16
B00066N938,4.625,16
B000C218DO,4.0625,16
B00ARMBIYI,4.3125,16
B000AN00W0,4.4375,16
B000FQMY4Y,4.625,16
B008CAFFX2,5.0,16
B0056K8RP4,4.125,16
B00066N93I,4.5625,16
B00066N95G,4.5,16
B00404TBAW,4.0625,16
B00AR18O96,4.5,16
B000JIILEU,4.625,16
B00066N99M,4.75,16
B00AR074S4,4.0,16
B00CGNUTW8,4.3125,16
B00407Z4NC,4.5625,16
B004082AE2,4.1875,16
B004084752,4.25,16
B004B4AWH2,4.0625,16
B009K1D430,4.5,16
B00578Y7YK,4.625,16
B00699X9D6,4.375,16
B007EKIE8Y,4.1875,16
B007HC8VGO,4.4375,16
B00649P3QM,4.3125,16
B000FKK01O,4.8125,16
B00890NWPS,4.0,16
B003Z6ST2C,4.0,16
B000H0W34O,4.5,16
B008WNRQOK,4.4375,16
B005A1QRWY,4.5625,16
B00B7LYI90,4.0,16
B0063UK74U,4.25,16
B00694LI20,4.4375,16
B000FKHY0O,4.875,16
B000FKHI8M,4.0625,16
B005BKRSFO,4.125,16
B003YTEIT8,4.25,16
B004D2DPDK,4.5,16
B00I7DUQZQ,4.875,16
B007HTOQYI,4.0625,16
B005B0XDOY,4.125,16
B007HSP5GC,4.75,16
B0063NKMGA,4.8125,16
B00B83H62I,4.25,16
B008X3PCU4,4.3125,16
B00II4NXO0,5.0,16
B0006BE90K,4.5,16
B007FKKC24,4.1875,16
B000AAAFQO,4.125,16
B004SHYUJI,4.75,16
B00689IEGO,4.0,16
B0058Z8NHY,4.0,16
B00BOAKJKQ,4.5625,16
B009HSH5BS,4.75,16
B0068RXQPA,4.25,16
B009IRO8ZO,4.4375,16
B0058RC260,4.5,16
B004SPY1SU,5.0,16
B003ZWLX2O,4.1875,16
B000FNAAOI,4.5625,16
B003ZS8MDQ,4.625,16
B009I3C8P0,4.375,16
B008A40SDM,4.6875,16
B000J3Z75G,4.8125,16
B000AA5VBS,4.4375,16
B00B6YVBUW,4.375,16
B004S6QU6A,4.5,16
B0065Y5TME,4.625,16
B004C5XXW6,4.75,16
B0065QZPMQ,4.0625,16
B0059KZQ7S,4.375,16
B00021ACW8,4.1875,16
B0089GWPGY,4.375,16
B004FS5JN6,4.0625,16
B000JK2KYU,4.5625,16
B000EVGQ4Y,4.4375,16
B0009F3OE0,4.25,16
B007Z89Y1G,4.875,16
B004I689ZA,5.0,16
B003TXMZGM,5.0,16
B004I0F73I,4.5,16
B003TW89C2,4.6875,16
B00012NJKU,4.8125,16
B0007THDTA,4.5,16
B0009G05W8,4.125,16
B005OJ55T8,4.25,16
B000EW1F1W,4.0625,16
B003PJKNLY,4.25,16
B007UNE2J0,4.3125,16
B004HOI6WY,4.125,16
B005J6FGUE,4.5625,16
B0009ET4SG,4.25,16
B003PZALQU,4.75,16
B000I4CGOQ,4.75,16
B003TMRGWQ,4.625,16
B003TNY0WE,4.0,16
B004L16R0G,4.375,16
B000141K4U,4.375,16
B007UTGNNW,4.0625,16
B00AFEMBFS,4.4375,16
B005IXAC1Q,4.0,16
B000EGMBUM,4.375,16
B004HNLILQ,4.25,16
B00K6OZQZO,4.8125,16
B003U7CXUA,4.125,16
B00AAQY2T4,4.8125,16
B003U7LQCQ,4.125,16
B004HIW25W,4.3125,16
B000I7SD5Y,4.375,16
B0098FIULE,4.5625,16
B0081A2G5I,4.4375,16
B005OZYPNY,4.5625,16
B0098QUHKU,4.75,16
B003OJDIUI,4.1875,16
B0080SZG9Y,4.125,16
B0080MGH5M,4.0625,16
B005IC5RX0,4.1875,16
B007TGGI5E,4.5,16
B0080D1Q66,4.8125,16
B00BHRC7R4,4.625,16
B005IC5Q9A,4.375,16
B0080FY94A,4.1875,16
B00AATKNMQ,4.0625,16
B00AASRDNE,4.625,16
B00011JV0S,4.5625,16
B007UZ44I2,4.125,16
B0001421U2,4.375,16
B00081NF3A,4.125,16
B00014EE48,4.625,16
B004KF1302,4.5,16
B003R22G8M,4.4375,16
B003R1ACWK,4.75,16
B007XCQ9BW,4.1875,16
B005K1TQY0,4.0625,16
B00ADJEU4K,4.5625,16
B004KQDIO0,4.75,16
B004K3PBAC,4.0625,16
B000146LI0,4.625,16
B00BF9Q374,4.625,16
B000HX2LDE,4.1875,16
B000146LNU,4.625,16
B005L87X7E,4.25,16
B00BFM3H20,4.9375,16
B004JZRJMY,4.5625,16
B003S8KQ7I,4.4375,16
B000HX4IT4,4.25,16
B005LQEE1O,4.5625,16
B000EN3IIE,4.6875,16
B003RM36L8,4.3125,16
B005MJ3HNQ,4.4375,16
B003TFINPC,4.375,16
B00IZ3FZN6,4.5,16
B005MXATEC,4.25,16
B005MYYE6U,4.0625,16
B0094KUJUI,4.4375,16
B0009EIN92,4.5625,16
B004KS2NZ8,4.75,16
B005JDPHRY,4.5625,16
B003Q3FPR6,4.6875,16
B004KS0ODG,4.0625,16
B005JM8Z7E,4.25,16
B005JRGICS,4.0625,16
B005ML1U24,4.625,16
B005MPYLFI,4.375,16
B0009DSNUW,4.4375,16
B003QJICTI,4.3125,16
B00AF21598,4.5625,16
B003QD1T9Y,4.1875,16
B0000YGY10,4.4375,16
B003VDGIQI,4.25,16
B0009QZYBU,5.0,16
B005FMLAK2,4.6875,16
B00BJ7TCB6,4.8125,16
B000F73V5Y,4.8125,16
B005FJH5K4,4.5,16
B0000C37DZ,4.0625,16
B004NN0FIW,4.8125,16
B00BJLR8ZE,4.25,16
B007Q28ESA,4.0,16
B0000C37DT,4.0,16
B005FEOFUM,4.8125,16
B000IHC6G6,4.1875,16
B005FYL0OG,4.5,16
B0007A09G8,4.625,16
B000H8C9F4,4.5,16
B005FXXMM0,4.75,16
B003N4QOHS,4.0625,16
B005FPN0MA,4.25,16
B00AJND8X4,4.75,16
B003VCIXXU,4.375,16
B005FSSMFW,4.125,16
B0083HTDMI,4.25,16
B0009R3470,4.8125,16
B0009ION2E,4.625,16
B00846H9WY,4.5625,16
B003VMXXVW,4.5625,16
B0090U0WBS,4.0625,16
B005F5FIJ8,4.5,16
B000F99JUS,4.4375,16
B00A7INXD6,4.125,16
B0009RFAOK,4.125,16
B0000A6063,4.5625,16
B00009LI8T,4.5,16
B0084A5N5K,4.625,16
B007P0ARXS,4.375,16
B009BZZDPM,4.375,16
B0084FBH1O,4.5625,16
B007P82SNM,4.0625,16
B005F9Y016,4.0625,16
B003MUTDUI,4.125,16
B007PUHYL6,4.25,16
B00070FX78,4.6875,16
B005TVX7UK,4.125,16
B0083K4HJ4,4.3125,16
B00C662PG8,4.4375,16
B003MKL23Y,4.75,16
B007PAIEK6,4.125,16
B0091391CK,4.0625,16
B0083S4UV6,4.25,16
B0006ZHKZ2,4.875,16
B0009R35GA,4.375,16
B005UHS46U,4.4375,16
B003N8SLW0,4.875,16
B005G42K8A,4.4375,16
B003V7X8Q2,4.5625,16
B00CBK0LBK,4.75,16
B005H81K6S,4.5625,16
B004H5KQ0I,4.25,16
B00AAGQ56W,4.1875,16
B00ID179Z2,4.5,16
B00017XF68,4.625,16
B003UJM9ZC,4.4375,16
B005GS2H8O,4.5,16
B0081S5OIG,4.625,16
B00017YI5K,4.1875,16
B003UM3KIY,4.1875,16
B005H8C5NA,4.5625,16
B003N8YBL0,4.625,16
B004HECH2Y,4.4375,16
B004LXHMTO,4.875,16
B00016X3YS,4.3125,16
B0000Y3FOO,4.625,16
B005P0WWCY,4.4375,16
B003UHXY62,4.6875,16
B003UI3M3G,4.625,16
B007SPQA36,4.1875,16
B0081UXXNW,4.5,16
B000E8TGIA,4.0625,16
B00BCX34YI,4.5625,16
B003NJKS48,4.6875,16
B003NOJTDE,4.5,16
B004N12A9Q,4.375,16
B009A0VMKI,4.0625,16
B003V0LNCK,4.5,16
B004N78HIS,4.0625,16
B0009OMNNY,4.0625,16
B00BCKLNIU,4.25,16
B003NQVJ12,4.3125,16
B000E7WI5Y,4.75,16
B003UYL9KI,4.75,16
B004GRRPCO,4.0625,16
B003UY8WFS,4.6875,16
B003NXL9KQ,4.0,16
B00AIVE7U0,4.6875,16
B004MO7Z12,4.375,16
B003O2R8WY,4.375,16
B0009OAHI2,4.0625,16
B005GLIM3A,4.6875,16
B003USIB9Q,4.0625,16
B00AE08VYI,4.6875,16
B00703QGQM,4.6875,16
B006ZUJYZQ,4.625,16
B006JAAAHI,4.375,16
B000JLEVGE,4.5,16
B000279AV6,4.25,16
B006J9BCZ8,4.125,16
B000JZ1230,4.125,16
B009SMB5GE,4.25,16
B00CKU28RQ,4.5625,16
B00762XYKI,4.3125,16
B006ZUDW18,4.8125,16
B00466D6X2,4.3125,16
B009QAEW40,4.1875,16
B006JC37O4,4.125,16
B003CNUN2C,4.4375,16
B000JLEZ06,4.5625,16
B0002L2JT2,4.4375,16
B00B15G28W,4.5,16
B000JYNDXS,4.4375,16
B006JSZJLW,4.6875,16
B004887CU6,4.5,16
B008L5EDKY,4.4375,16
B008LABTLK,4.0,16
B00BUYFGH2,4.8125,16
B00L1S4D3U,4.8125,16
B008LF5NFI,4.625,16
B004V44KTS,4.4375,16
B008LF7AUE,4.25,16
B0041TJ98U,4.125,16
B000C1Z6HE,4.0625,16
9790798881,4.4375,16
B0048O2WBY,4.5,16
B0043X2H60,4.125,16
B004ZRHVMY,4.9375,16
B00IM0FSCA,5.0,16
B006HKODSC,4.1875,16
B008ERA2VI,4.0,16
B006TZMW4C,4.5,16
B00IKM5MMG,4.6875,16
B000JL807K,4.375,16
B003F50FKW,4.0625,16
B00CHTK7P0,4.125,16
B004XELUBC,4.125,16
B000C1Z8YU,4.5,16
B00766SG7A,4.25,16
B00L3K91OW,5.0,16
B004URRR4Q,4.5,16
B0041PTXJ4,4.6875,16
B00B42E2U2,5.0,16
B004UR30II,4.125,16
B006Z79SBE,4.375,16
B006SXDA7S,4.5,16
B0076KCJD8,4.4375,16
B000GCUPIE,4.0,16
B00CHW9C6W,4.4375,16
B0071BTZH0,4.0,16
B0046DQNF8,4.1875,16
B004V8C1D6,4.0625,16
B004WMFVW4,4.625,16
B008I9EMNG,4.25,16
B0047DLF8W,4.875,16
B000C1VZQU,4.375,16
B009V87LUE,4.0625,16
B00CJ1YFZY,4.375,16
B00IJZJ9K0,4.875,16
B003DKF5LS,4.0,16
B0042DV8TI,4.3125,16
B0072IL8F4,4.0,16
B000GHVTYI,4.9375,16
B003E0Z0GW,4.8125,16
B008I2E454,4.625,16
B00528M5IU,4.4375,16
B00ARQU8R2,4.6875,16
B00HPH8E8G,5.0,16
B0073Q1MCO,4.125,16
B008KMFSKM,4.5,16
B0051FFFGS,4.75,16
B0073B6JM2,4.5625,16
B0073Q1MDI,4.5,16
B003DQAGMU,4.25,16
B0042LCG9Q,4.5,16
B008J5EZ9U,4.6875,16
B0042KWC0U,4.4375,16
B006OMHUGU,4.25,16
B004WA1V0C,4.875,16
B0042QEFEK,4.625,16
B006OY1NE8,4.1875,16
B00BW5TKHQ,4.5,16
B009OJ7SGC,4.625,16
B008PQ5YAM,4.25,16
B008IK41V8,4.1875,16
B003DSYZHK,4.5625,16
B006NXRE2K,4.0,16
B0002X9CDQ,4.5,16
B004VW9B5I,4.6875,16
B000C1Z5BG,4.125,16
B00426S5B4,4.75,16
B003E6VET8,4.0,16
B008GVPPFU,4.25,16
B008L2PPHM,4.875,16
B00B2EBL2Y,4.5,16
B000GCLTA2,4.8125,16
B000FZVSMO,4.5,16
B0046FRYJK,4.375,16
B0052UUEZ4,4.3125,16
B0071GQQ4U,4.3125,16
B003D49IBM,5.0,16
B000B9P4R4,4.1875,16
B0052YSAVA,4.4375,16
B00480KODQ,4.375,16
B006RD0ORS,4.0,16
B0050PNHBY,4.1875,16
B0002Z8IH0,4.25,16
B00I49QTXG,4.8125,16
B004VOB9E2,4.375,16
B004VOEICC,4.75,16
B00519BC8O,4.25,16
B000C1W6B8,4.5625,16
B009OUM5S2,4.75,16
B0042B4PC2,4.6875,16
B0002XKJ1U,4.75,16
B00AXAL4PM,4.0,16
B004WP4Z64,4.8125,16
B0047KYR2G,4.625,16
B000C1VSIU,4.3125,16
B006LF5WTC,4.8125,16
B000GHVKVA,4.5625,16
B000GCE99U,4.1875,16
B008KUZG2E,5.0,16
B0052P0XPU,4.0625,16
9790789939,4.3125,16
B00429O3EY,4.3125,16
B0047QSNO8,4.0625,16
B008EH0R0O,4.5625,16
B006ZAHBT2,4.375,16
B004YNI484,4.4375,16
B004YNQERM,4.625,16
B000C213LQ,4.5,16
B000052Y23,4.375,16
B008N2YRII,4.25,16
B000BVQ3JU,4.375,16
B003BOEGDO,4.4375,16
B007AKR3OO,4.75,16
B000052YPV,4.75,16
B006GQPCB4,4.125,16
B000GCXWKM,4.5,16
B000052Y21,4.75,16
B00JB6R7NM,4.875,16
B000B1V9G2,4.0,16
B009XRM1QW,4.5625,16
B000GDA088,4.5,16
B00BOVAVC6,4.9375,16
B004Y548K0,4.125,16
B004UJCIL6,4.625,16
B0044KEQK2,4.25,16
B004AIC5ME,4.875,16
B0077S4A2M,4.0,16
B00LAOMUUS,4.625,16
B0041D6Y6G,4.0,16
B000GCY2BA,4.4375,16
B0079DZ0YW,4.25,16
B000ASQ0L0,4.3125,16
B000K3I8CE,4.125,16
B00ILGOVXM,4.625,16
B00BZAHR7S,4.5,16
B009XDMNL4,4.8125,16
B004UBC6VG,4.9375,16
B004Y9L3XQ,4.375,16
B0079QMWEA,4.5625,16
B00KK62714,4.6875,16
B003FJ6HP0,4.3125,16
B0055UUT74,4.125,16
B004Y9LO1M,4.1875,16
B008N9F3GQ,4.8125,16
B00418ZRKU,4.1875,16
B003FCUNZW,4.375,16
B008ND0RVS,4.0625,16
B009K7XLK0,4.5625,16
B000052YME,4.5625,16
B00BY9TTK8,4.75,16
B00BT9K59C,4.6875,16
B005524KWC,4.375,16
B0043X9EO8,4.5625,16
B0040HH41W,4.375,16
B00CH3WP2E,4.5,16
B000C21640,4.0625,16
B000C1ZF48,4.4375,16
B00AZMAA7G,4.875,16
B00440ZYI0,4.6875,16
B0002GR9WY,4.3125,16
B000JK4HF0,4.625,16
B006EKKPCI,4.875,16
B000BP0NN8,4.5625,16
B006UUYLR2,4.066666666666666,15
B002Z7FUY2,4.4,15
B004GRLJ12,4.666666666666667,15
B00F64LT1O,4.066666666666666,15
B001BQXUEU,4.866666666666666,15
B002RCJV4K,4.933333333333334,15
B00161CBVS,4.333333333333333,15
B001AWDI10,5.0,15
B002R046J2,4.466666666666667,15
B00BFW95F8,4.866666666666666,15
B006W7RVLQ,4.6,15
B006QO4BWC,4.0,15
B002Z7FU5G,4.666666666666667,15
B001FSK8T4,4.533333333333333,15
B00081J534,4.333333333333333,15
B00014ECAE,4.4,15
B004GSN8GK,4.133333333333334,15
B000F4INTG,4.866666666666666,15
B003UXGMPQ,4.0,15
B0071S0QJO,4.4,15
B000OI64OE,4.466666666666667,15
B0007CXYA4,4.466666666666667,15
B0016C91GU,4.6,15
B005M2C6PS,4.8,15
B002ZCXV0M,4.133333333333334,15
B0031AR00O,4.266666666666667,15
B002RWBH38,4.0,15
B000VXRMBQ,4.533333333333333,15
B00433FU64,4.733333333333333,15
B00BJNO224,4.4,15
B00AA9BB5Y,4.133333333333334,15
B0030W25B2,4.4,15
B000HB008E,4.4,15
B002GZRZW8,4.466666666666667,15
B004GTJHL4,4.666666666666667,15
B0046KHG7K,4.8,15
B002Z7IS8C,4.333333333333333,15
B002COKRYQ,4.8,15
B001BHUFTC,4.266666666666667,15
B005PYOQ3I,4.733333333333333,15
B000M4PPRM,4.133333333333334,15
B0008ENT88,4.0,15
B00C784RI4,4.266666666666667,15
B009OE10C0,4.4,15
B001AY7R5Q,4.133333333333334,15
B000G7LN1C,4.933333333333334,15
B000V1ZQWK,4.466666666666667,15
B002Z7FU3I,4.266666666666667,15
B002G7CPK8,4.733333333333333,15
B005SKDTGY,4.333333333333333,15
B006VHH3Q0,4.6,15
B002CMLRTW,4.133333333333334,15
B00F9LKB6S,4.533333333333333,15
B006PANZC4,4.666666666666667,15
B003156OHY,4.866666666666666,15
B00DNTRWQU,4.266666666666667,15
B000MKDYZ6,4.533333333333333,15
B000F6VR5Q,4.0,15
B0042TYY8E,4.2,15
B00BFJGJ3M,4.333333333333333,15
B003V7X8T4,4.266666666666667,15
B0014X1KFG,4.733333333333333,15
B00A8LV98I,4.333333333333333,15
B0071XZW84,4.0,15
B0044QDX2S,4.466666666666667,15
B0014X712W,4.733333333333333,15
B009AKXO6S,4.4,15
B002PB7KBO,4.2,15
B001ET78TM,4.4,15
B00316VR52,4.266666666666667,15
B00029V0QC,4.866666666666666,15
B00014D35E,4.333333333333333,15
B0002RSW2E,4.466666666666667,15
B002R25GMQ,4.6,15
B002SGD8JO,4.466666666666667,15
B004GHVN18,4.533333333333333,15
B000NJMRQS,4.666666666666667,15
B000US25IW,4.666666666666667,15
B002PBGBZU,4.866666666666666,15
B004GEVH8A,4.666666666666667,15
B000VWSER8,4.933333333333334,15
B0046KKWTO,4.0,15
B001AXVTZ6,4.4,15
B005LS7FE0,4.266666666666667,15
B002S4JYMG,4.866666666666666,15
B007REKM4Q,4.666666666666667,15
B001AZSUVU,4.066666666666666,15
B006VEBR24,4.866666666666666,15
B002S3U7S2,4.6,15
B00H7LJG5K,4.733333333333333,15
B000V7DONW,4.533333333333333,15
B001ET7ERS,4.0,15
B001ET7BO4,4.066666666666666,15
B00J2D80W6,4.866666666666666,15
B007QBQR2Q,5.0,15
B005T51G18,4.0,15
B000V7N3VA,4.0,15
B00D0ELR2I,4.733333333333333,15
B00H7P41H4,4.6,15
B005SCFYKG,4.6,15
B00BFGM9F2,4.8,15
B002Z5PR2O,4.133333333333334,15
B00014DKB6,4.6,15
B0046UDP1G,4.866666666666666,15
B003VDCBWS,4.2,15
B007RE67UY,4.333333333333333,15
B00BSHAYGY,4.666666666666667,15
B0015XTIVI,4.8,15
B006R6VJBK,4.666666666666667,15
B0015EXTWG,4.4,15
B002DUE380,4.666666666666667,15
B000GGJD4M,4.533333333333333,15
B00GST23X4,4.2,15
B005OH45FK,4.6,15
B001B2RRRU,4.2,15
B0015E5YX8,4.533333333333333,15
B0002DRAT4,4.2,15
B007TTMYW2,4.333333333333333,15
B000OC4A8W,4.8,15
B00GMWJPXI,4.4,15
B000OCJSWA,4.066666666666666,15
B000GGOENC,4.866666666666666,15
B002Q803VK,4.466666666666667,15
B004I29MWS,4.2,15
B000OA9Z2U,4.266666666666667,15
B006RP4M1U,4.4,15
B001B9U0QS,4.733333333333333,15
B000V43SCW,4.933333333333334,15
B0002IP5BE,4.733333333333333,15
B00445PBX8,4.2,15
B004HMLHK4,4.2,15
B00BUIVOWE,4.733333333333333,15
B00DQBMXE6,4.266666666666667,15
B000GH0YQM,4.066666666666666,15
B000GCUEQC,4.133333333333334,15
B000GGUFUI,4.333333333333333,15
B00I1517M6,4.2,15
B001613S74,4.4,15
B001FB5I6Y,4.066666666666666,15
B006U0WKEI,4.066666666666666,15
B001FB5I8C,4.533333333333333,15
B003TJHUDE,4.2,15
B001B3UBBS,4.533333333333333,15
B00ABYGS9M,4.466666666666667,15
B000GG13X6,4.933333333333334,15
B00155AX9M,4.0,15
B003TJTBWC,4.0,15
B003TO3UC4,4.933333333333334,15
B002QFQVC8,4.533333333333333,15
B001FB5IAA,4.533333333333333,15
B00155O0S2,4.666666666666667,15
B001B4KHCA,4.0,15
B005N9PI6O,4.333333333333333,15
B003TPCCWW,4.666666666666667,15
B001F51V48,4.533333333333333,15
B0045KIWYC,4.533333333333333,15
B00159I6NS,4.133333333333334,15
B00159F5MI,4.533333333333333,15
B005NRDF7A,4.133333333333334,15
B0043T4ZU0,4.0,15
B0045W0R2K,4.266666666666667,15
B005NOQRTG,4.6,15
B006U3UF6U,4.466666666666667,15
B000HKGVX8,4.266666666666667,15
B00014WMX8,4.8,15
B006TUSGO2,4.133333333333334,15
B00015G9YU,4.2,15
B0030F3K9A,4.466666666666667,15
B006XDVVEW,4.4,15
B00158OCX2,4.533333333333333,15
B001BAFQMK,4.733333333333333,15
B00AASRC2G,4.133333333333334,15
B001AMG0C4,4.266666666666667,15
B001FORK0I,4.466666666666667,15
B00016XJ92,4.866666666666666,15
B0046AX9EE,4.733333333333333,15
B0007G7OTW,4.133333333333334,15
B00714TCNY,4.266666666666667,15
B002PTP478,4.466666666666667,15
B009PNPGIE,4.8,15
B001EWF37S,4.2,15
B006RGMJNC,4.533333333333333,15
B005P0YLIM,4.733333333333333,15
B006RGMQK8,4.666666666666667,15
B006RHI1S8,4.0,15
B00438ORTU,4.066666666666666,15
B000HOXYKW,4.266666666666667,15
B001FOLN4C,4.4,15
B000T1XB24,4.533333333333333,15
B007SHM65A,4.133333333333334,15
B001B1OCS8,4.133333333333334,15
B001535CTU,4.8,15
B004H2UJYO,4.933333333333334,15
B000MHPFYM,4.133333333333334,15
B004JLCQFI,4.4,15
B000MH5KOW,4.666666666666667,15
B004JL8XS2,4.266666666666667,15
B001FPDIY4,4.933333333333334,15
B00014FN8O,4.733333333333333,15
B003UQA7IQ,4.266666666666667,15
B005POOLL0,5.0,15
B00C8VANOC,4.333333333333333,15
B0046E523G,4.533333333333333,15
B0030VBCR6,4.8,15
B005PNDAKO,4.066666666666666,15
B002F3TJPW,4.266666666666667,15
B002ZG97AG,4.266666666666667,15
B0015XN59Y,4.2,15
B009POGIQC,4.133333333333334,15
B004J90ZMQ,4.333333333333333,15
B004J8T5R8,4.066666666666666,15
B000SY38PM,4.133333333333334,15
B0030KK2K0,4.666666666666667,15
B000O9T2WE,4.533333333333333,15
B00016WU6A,4.6,15
B003UAE5EE,4.4,15
B00EV5CV2U,4.133333333333334,15
B006UEUI8E,4.066666666666666,15
B003U8QOAO,4.4,15
B006ZOG0KY,4.533333333333333,15
B005MUPU9Y,4.6,15
B00CYPLAVC,4.866666666666666,15
B001AU6USK,4.266666666666667,15
B00016WSQM,4.0,15
B000O9LSOO,4.666666666666667,15
B0015304RU,4.533333333333333,15
B001AULFT4,4.733333333333333,15
B002Q23OJ4,5.0,15
B002RT7262,4.333333333333333,15
B00447EWNG,4.666666666666667,15
B005P0S95I,4.266666666666667,15
B0002JVN9Q,4.333333333333333,15
B009PUPD26,4.266666666666667,15
B00ACBH28K,4.733333333333333,15
B00AALMO08,4.4,15
B000O9I2W0,4.733333333333333,15
B00152W46A,4.6,15
B00ACJP00Y,4.2,15
B005TT8WPM,4.333333333333333,15
B004ARQ4IG,4.6,15
B000VNQP00,4.8,15
B002TXL4PG,4.2,15
B004CJP6TK,4.0,15
B00J7GKCSI,5.0,15
B002VWK9EM,4.266666666666667,15
B004CNB2IK,4.2,15
B00JSZ282G,4.933333333333334,15
B00J7A4SAW,4.133333333333334,15
B002TV9CY8,4.4,15
B0017RWBIO,4.133333333333334,15
B001E762BO,4.266666666666667,15
B000VOJAQU,4.4,15
B006HRVFMM,4.733333333333333,15
B004D013YU,4.066666666666666,15
B00BN2UF54,4.4,15
B004D1MNKC,4.266666666666667,15
B002VUQ87G,4.066666666666666,15
B0066NBRDO,4.4,15
B009I0LBLU,4.933333333333334,15
B00667M9R8,4.133333333333334,15
B00032ORCC,4.666666666666667,15
B00021AWV4,4.8,15
B0065UOF28,4.6,15
B001CY837U,4.2,15
B007GFVK6A,4.933333333333334,15
B009HULDDM,4.133333333333334,15
B0049SHP1G,4.666666666666667,15
B00DJ55TZO,4.0,15
B007GMRPHQ,4.666666666666667,15
B00BNMHFWA,4.2,15
B000VOHGEI,4.6,15
B002L636C0,4.533333333333333,15
B001E6Q9IG,4.666666666666667,15
B000VOHHRY,4.733333333333333,15
B007GSW14C,5.0,15
B00C25L2VW,4.2,15
B00193L3RQ,4.533333333333333,15
B001CT09HM,4.933333333333334,15
B002N5MKEE,4.066666666666666,15
B0076K0R3W,4.8,15
B000TXZOJK,4.733333333333333,15
B00BXS0POO,4.8,15
B0062KSIJ2,4.466666666666667,15
B00JTYR8P8,4.933333333333334,15
B00025X9KG,4.666666666666667,15
B000VOLD5Q,4.4,15
B006ILBLW6,4.533333333333333,15
B004DBXKWM,4.266666666666667,15
B000VCW1U4,4.266666666666667,15
B0002Z8XKM,4.6,15
B004DBXLUI,4.333333333333333,15
B0006LUZZ8,4.333333333333333,15
B002WJHL1I,4.0,15
B006IT0SKE,4.066666666666666,15
B0048UFTOU,4.066666666666666,15
B000FK5TDS,4.533333333333333,15
B003YJCESU,4.0,15
B000TW56RQ,4.4,15
B002WJY8SC,4.266666666666667,15
B003YJ8G0U,4.533333333333333,15
B002KDK43I,4.266666666666667,15
B0049CYN3A,4.066666666666666,15
B00BPNIVOS,4.266666666666667,15
B001CT094U,4.2,15
B005LB0206,4.666666666666667,15
B002KDNNBS,4.533333333333333,15
B003YMHZQI,4.6,15
B002N5MI7S,4.4,15
B001E77M8Q,4.266666666666667,15
B000VOJN1M,4.2,15
B00025WZLA,4.133333333333334,15
B0017Q9R2I,4.533333333333333,15
B002K9VKDK,4.466666666666667,15
B002K9FFW2,4.133333333333334,15
B000FKGRT8,4.133333333333334,15
B0067H6JHS,4.133333333333334,15
B003ZS1O2W,4.066666666666666,15
B000TV9RW2,4.533333333333333,15
B002LBE796,4.266666666666667,15
B0018OXOMS,4.133333333333334,15
B002LMPFZU,4.733333333333333,15
B000UJQFH8,5.0,15
B000UJTRT6,4.333333333333333,15
B006C7VS06,4.0,15
B0018DKDU0,4.533333333333333,15
B004AGRAQM,4.8,15
B001DDO3VU,4.266666666666667,15
B007CPBL18,4.266666666666667,15
B002UVAWBE,4.266666666666667,15
B007CQ68NI,4.066666666666666,15
B0018QHW92,4.333333333333333,15
B000N2MDWI,4.6,15
B002M3YWMK,4.333333333333333,15
B00DHOUZ92,4.6,15
B000FQ5T2I,4.2,15
B006BFUZR6,4.333333333333333,15
B002UEMLWE,4.133333333333334,15
B00F0RZ1G6,4.2,15
B006B6SR70,4.533333333333333,15
B00BOWSHW6,4.266666666666667,15
B004AIC5GA,4.866666666666666,15
B0040G2BV6,4.133333333333334,15
B007B6PS4E,4.466666666666667,15
B00064H4BS,4.133333333333334,15
B002LSQR0Q,4.733333333333333,15
B000NSQLMU,4.466666666666667,15
B002ULATWQ,4.066666666666666,15
B00066D618,4.0,15
B000NSGJ4K,4.533333333333333,15
B0018NWQRI,4.533333333333333,15
B002UTPZRC,4.733333333333333,15
B007BIB49K,4.333333333333333,15
B004AQOUSS,4.6,15
B000FQNQNM,4.733333333333333,15
B002UL5ZKC,4.666666666666667,15
B004085P4E,4.6,15
B0018LLNRY,4.2,15
B000UICT4C,4.8,15
B001DJ8CCU,4.466666666666667,15
B0079SJ3FE,4.8,15
B000225ZOC,4.2,15
B006GQSH0C,4.0,15
B000N2KTRE,4.933333333333334,15
B009ZYG2JA,4.733333333333333,15
B00021CSB6,4.4,15
B002VCXIEK,4.6,15
B002VCXS36,4.533333333333333,15
B000NPWQX6,4.666666666666667,15
B0006BDTWY,4.4,15
B000GULJB8,4.6,15
B000GUTBCC,4.466666666666667,15
B002LDXZ7O,4.6,15
B00781ZUMW,4.8,15
B00BPE373M,4.266666666666667,15
B003ZTI0QO,4.333333333333333,15
B003ZTC2E0,4.666666666666667,15
B007FMGRBW,4.066666666666666,15
B00HZHKTEI,4.666666666666667,15
B007FMTX18,4.466666666666667,15
B000VNIIKU,4.8,15
B009I3ORBS,4.066666666666666,15
B009IROB8S,4.533333333333333,15
B0018BYLRS,4.466666666666667,15
B004BCXECE,4.6,15
B000VKBJPE,4.133333333333334,15
B009ZBTDL2,4.133333333333334,15
B000NRAI34,4.266666666666667,15
B0069US0DO,4.4,15
B000696N9C,4.066666666666666,15
B009IRRI1K,4.133333333333334,15
B002VA4FX0,4.266666666666667,15
B0079CQAV0,4.466666666666667,15
B009IROCP0,4.2,15
B003ZXH4OO,4.866666666666666,15
B003ZX9GJ0,4.0,15
B004BL0N06,4.133333333333334,15
B00HZULS4K,4.466666666666667,15
B00BP7JEKO,4.4,15
B006GK5NNW,4.0,15
B004A8O1GW,4.066666666666666,15
B009ZT8ECI,4.733333333333333,15
B009WI5SPI,4.0,15
B001E95GQE,4.466666666666667,15
B00JZ0L7VC,4.4,15
B000TIX8WU,4.6,15
B0019UXR00,4.533333333333333,15
B0016RWPPO,4.466666666666667,15
B007O1XUMS,4.0,15
B00GLEK9DW,4.533333333333333,15
B002HP18VG,4.0,15
B002SVIKLK,4.133333333333334,15
B002HNQW0U,4.266666666666667,15
B001EPQ1LW,4.866666666666666,15
B000MQVWHW,4.466666666666667,15
B001ES6Y4S,4.533333333333333,15
B002HJTJAE,4.133333333333334,15
B00BKFI9I4,4.666666666666667,15
B005VN7YUA,4.6,15
B005VLEGOO,4.8,15
B004FKCH5C,4.466666666666667,15
B0073SBGVE,4.533333333333333,15
B0016WOO9O,4.266666666666667,15
B00171C0CW,4.266666666666667,15
B004FCZRPC,4.2,15
B0006PLPDU,4.133333333333334,15
B002NVBPUS,4.533333333333333,15
B002SZBYTQ,4.266666666666667,15
B000NNAPKE,4.6,15
B00DMCZRH4,4.466666666666667,15
B002SZ4WE0,4.466666666666667,15
B005WX427W,4.333333333333333,15
B00743VJ4W,4.333333333333333,15
B0006Q3PCI,4.2,15
B007NJEZES,4.733333333333333,15
B0073XEGD4,4.666666666666667,15
B00A6RZVL0,4.2,15
B003WXSHTS,4.6,15
B002XQ1Y2M,4.4,15
B001ESN2M0,4.066666666666666,15
B004FQI43U,4.133333333333334,15
B002H6UYZG,4.533333333333333,15
B000NB3VOI,4.733333333333333,15
B002H950MA,4.466666666666667,15
B00477RFM8,4.266666666666667,15
B000F955GA,4.0,15
B005UGVHXI,4.6,15
B002H91BPA,5.0,15
B00D7FMP2G,4.0,15
B000TF1UPA,4.733333333333333,15
B002OLQAQG,4.4,15
B002Y26S08,4.6,15
B00HX250EY,4.666666666666667,15
B007PHS13O,4.4,15
B001BXWSQY,4.2,15
B007PMUQHI,4.6,15
B000H858D4,4.8,15
B001ET6ZNM,4.133333333333334,15
B00C5XDP5C,4.066666666666666,15
B000UPIQF6,4.8,15
B000V98R4G,4.4,15
B003VWP3VA,4.0,15
B00D13F6LG,4.066666666666666,15
B00D13F1F2,4.0,15
B003VV7E7M,4.6,15
B00A7D5VC2,4.733333333333333,15
B005V1XNEI,4.8,15
B007OYXCTQ,4.533333333333333,15
B0002W07KO,4.866666666666666,15
B00D7BZNT2,4.866666666666666,15
B009V11TMW,4.6,15
B001ET6XT8,4.4,15
B006N95DYU,4.666666666666667,15
B005UTH1VC,4.8,15
B001ET6YVA,4.4,15
B0002VE4PO,4.933333333333334,15
B002H988RE,4.466666666666667,15
B007P66IIA,4.8,15
B003XD194W,4.666666666666667,15
B0006NXPC6,5.0,15
B003Y67UD2,5.0,15
B002WTC3CA,4.666666666666667,15
B002TDA9WA,4.266666666666667,15
B004DK4CIO,4.733333333333333,15
B0017JV7QY,4.666666666666667,15
B0001VKL7U,4.466666666666667,15
B0075JI9JI,4.333333333333333,15
B0041TD7A6,4.533333333333333,15
B000VBMX4O,4.533333333333333,15
B0060P25ZC,4.866666666666666,15
B0019GAX8I,4.466666666666667,15
B00BM8Q95Y,4.933333333333334,15
B00027CCOI,4.4,15
B000VONC1Y,4.8,15
B0019GI3SK,4.6,15
B0006NZK9W,4.466666666666667,15
B0002Z8MRG,4.6,15
B003YAR7A4,4.0,15
B000MX4UF6,4.6,15
B007637L88,4.666666666666667,15
B00FJE4K94,4.466666666666667,15
B002JP3ZRO,4.8,15
B004DGOMI8,4.6,15
B000VOLM4I,4.466666666666667,15
B0019BM58E,4.0,15
B002NBJAWI,4.666666666666667,15
B003YEGX4Q,4.533333333333333,15
B0017LSTUY,4.333333333333333,15
B006J5V9IC,4.933333333333334,15
B000N5QV8W,4.6,15
B009MRX2QG,4.066666666666666,15
B001E96L4A,4.133333333333334,15
B000VOLOLO,4.133333333333334,15
B009G3C2HG,4.4,15
B009G25O40,4.4,15
B000N5QWCM,4.2,15
B0048IDZZ2,4.333333333333333,15
B0017KCQ2W,4.266666666666667,15
B001E96L7M,4.933333333333334,15
B00D1IUAQM,4.333333333333333,15
B00C3GSTFC,4.133333333333334,15
B0017DQGM0,4.733333333333333,15
B0074ZYGPE,4.733333333333333,15
B004EMPCLW,4.266666666666667,15
B007MJKI86,4.4,15
B005YXG58O,4.133333333333334,15
B002I9R2QG,4.333333333333333,15
B003XGX6ZY,4.133333333333334,15
B002T5ELA4,4.6,15
B00C441XX8,4.466666666666667,15
B004EWE4FM,4.0,15
B005Z82XAC,4.933333333333334,15
B0002Z8EUG,4.133333333333334,15
B004F0P3BC,4.6,15
B0001K55QS,4.4,15
B001ECQ8DQ,4.333333333333333,15
B001ECQ9GM,4.266666666666667,15
B003XJXYRQ,4.933333333333334,15
B00DLY8ZK4,4.666666666666667,15
B00BX4KX86,4.466666666666667,15
B007LSASW4,4.4,15
B002ISB9NO,4.866666666666666,15
B004E64GW4,4.333333333333333,15
B0006O0UAU,4.8,15
B001E96PKU,4.6,15
B004885RQC,4.4,15
B00604MSPA,4.266666666666667,15
B009ERGG94,4.533333333333333,15
B003XQ929I,4.6,15
B00JVTUA4M,4.6,15
B004243WRS,4.266666666666667,15
B00BLW60TG,4.0,15
B0006O4ME0,4.533333333333333,15
B0001LAF58,4.0,15
B0019IKC3C,4.4,15
B00423J2KU,4.466666666666667,15
B0008F6X62,4.2,15
B004Q5GILU,4.466666666666667,15
B003JNA7AI,4.333333333333333,15
B008RJFO6Q,4.533333333333333,15
B000CNP3PM,4.4,15
B0012K3FFE,4.733333333333333,15
B0026SGLWK,4.066666666666666,15
B00EA5ASEE,4.333333333333333,15
B000RHLK8C,4.4,15
B00B2G03K8,4.333333333333333,15
B001UO65YK,4.133333333333334,15
B00HK4VYH2,4.266666666666667,15
B000QJ40KQ,4.066666666666666,15
B005D94FNQ,4.4,15
B000CNME3G,4.0,15
B004V9JR8C,4.266666666666667,15
B000CNKJVK,4.266666666666667,15
B000ZFCDFA,4.6,15
B0026P3HGQ,4.066666666666666,15
B0052P24CA,4.8,15
B003JO0MYI,4.933333333333334,15
B000IOQXL8,4.4,15
B0012NX8UI,4.266666666666667,15
B005E0RA4U,4.4,15
B0052ONL3W,4.733333333333333,15
B0085VOIIQ,4.8,15
B000KHKKB2,4.266666666666667,15
B003K1F5J2,4.066666666666666,15
B008H4R8EC,4.0,15
B003JVW2FI,4.066666666666666,15
B000IRRLUW,4.333333333333333,15
B003E1UQOW,4.2,15
B00DUUGR72,4.733333333333333,15
B0052P10P2,4.6,15
B0052P1A8E,4.6,15
B000PKZFWI,4.4,15
B008H507PI,4.4,15
B0026VGZTQ,4.0,15
B000XDZWKM,4.4,15
B000RGWM12,4.866666666666666,15
B005BXKHZE,4.266666666666667,15
B000ZMANRI,4.466666666666667,15
B000JLEUVA,4.866666666666666,15
B0026BE778,4.6,15
B008FTWDBM,4.133333333333334,15
B000B9FFAU,4.4,15
B00374F3IU,4.533333333333333,15
B000JLCUD0,4.866666666666666,15
B00266F1T6,4.866666666666666,15
B001OYFIPI,4.466666666666667,15
B000065AAW,4.6,15
B000JLCRKQ,4.8,15
B005C1FNL8,4.2,15
B0012E58OG,4.2,15
B000A3V20E,4.933333333333334,15
B0039LX2W0,4.066666666666666,15
B00DVPXFKS,4.266666666666667,15
B000WN594W,4.466666666666667,15
B008Y9GQYS,4.4,15
B0026FPUR0,4.133333333333334,15
B008FWQK22,4.266666666666667,15
B000CNKJSI,4.266666666666667,15
B0009Y6OUW,4.733333333333333,15
B001P5AD3I,4.333333333333333,15
B00EJD59NM,5.0,15
B003EGS9ZA,4.2,15
B005CWT4W6,4.2,15
B000C1Z5VG,4.333333333333333,15
B0052ZFJMM,4.666666666666667,15
B00GDVX8KE,4.4,15
B005CQM6RC,4.333333333333333,15
B001P2JZ58,4.533333333333333,15
B004V44XSQ,4.6,15
B003EGZXR2,4.4,15
B008G4M4EW,4.933333333333334,15
B00530BU5G,4.4,15
B004V41UV4,4.266666666666667,15
B001P2LYOS,4.6,15
B00371WNC2,4.733333333333333,15
B00CDF9GV4,4.333333333333333,15
B003E1GOWU,4.666666666666667,15
B0035UX73O,4.2,15
B005F2MGNM,4.2,15
B00289A7T0,4.466666666666667,15
B001Q5CX30,4.466666666666667,15
B001Q58FAK,4.466666666666667,15
B00EL27O3E,4.666666666666667,15
B0084NYSTY,4.066666666666666,15
B001KBY6CQ,4.8,15
B000P205C6,4.333333333333333,15
B004WB8ZDC,4.4,15
B0012SI2EU,4.6,15
B001KITB88,4.2,15
B00AWK6MF0,4.333333333333333,15
9790779968,4.533333333333333,15
B008QDKIZK,4.466666666666667,15
B004OKBPWY,4.533333333333333,15
B001Q1YFE4,4.466666666666667,15
B001JT1CTO,4.133333333333334,15
B005F3VLXM,4.466666666666667,15
B005E0RCOI,4.066666666666666,15
B00914KE16,4.533333333333333,15
B000C1VVYG,4.4,15
B0035HAJ1A,4.8,15
B001JJLRKS,4.933333333333334,15
B0000AHS9Y,4.466666666666667,15
B005FAP50U,4.333333333333333,15
B00DUDNFHY,4.0,15
B0090WOP7S,4.866666666666666,15
B004O3ZR34,4.333333333333333,15
B000C1VW8Q,4.533333333333333,15
B004O6KWQ8,4.0,15
B003MBERBW,4.933333333333334,15
B004O6R4QY,4.2,15
B0083ZUNLA,4.133333333333334,15
B00846HME4,4.466666666666667,15
B0009V8KOS,4.133333333333334,15
B00H1QTJLM,4.4,15
B000RLIHNE,4.333333333333333,15
B008599MEI,4.066666666666666,15
B001KYNUBG,4.666666666666667,15
B001PSN2LA,4.6,15
B005EDVYJY,4.466666666666667,15
B00B220DQG,4.666666666666667,15
B0085AZCY6,4.0,15
B005ECL4B8,4.8,15
B005268DEC,4.8,15
B003KQRI1A,4.6,15
B003E0X7R6,4.133333333333334,15
B008ZFHV5Y,4.4,15
B0085FNOAA,4.533333333333333,15
B003E0XQ9A,4.0,15
B008HTSSTG,4.466666666666667,15
9790786875,4.6,15
B000XE47UC,4.533333333333333,15
B000WHY1S8,4.533333333333333,15
B003LDMV1O,4.4,15
B0009VAHEO,4.6,15
B001U5BRDS,4.733333333333333,15
B00008IHO4,4.266666666666667,15
B004OUK4X0,4.533333333333333,15
B00852JCHC,4.866666666666666,15
B001KOTRIQ,4.333333333333333,15
B004OV2EIM,4.066666666666666,15
B0051YND8G,4.0,15
B00008DPP8,4.733333333333333,15
B0009VO8GM,4.533333333333333,15
B00903XBY0,4.466666666666667,15
B00903JVSU,4.266666666666667,15
B001PTFXGG,4.266666666666667,15
B00EKJTVPM,4.866666666666666,15
B00007M9M9,4.2,15
B0009VQ8QA,4.466666666666667,15
B003I7UBSS,4.6,15
B008VHPG76,4.266666666666667,15
B000KQD5BK,4.266666666666667,15
B000PHRZY2,4.333333333333333,15
B0055VQAXK,4.466666666666667,15
B000WY3AJW,4.466666666666667,15
B001WAKI2C,4.266666666666667,15
B000C236FW,4.4,15
B008VG8UQG,4.8,15
B003HYFEPM,4.266666666666667,15
B0011DJGDM,4.533333333333333,15
B000JD4O2S,4.2,15
B005605A9A,4.2,15
B003FV027W,4.533333333333333,15
B0058OW9NO,4.133333333333334,15
B0058OD3NO,4.333333333333333,15
B000AAW0BW,4.466666666666667,15
B0010Z0YCI,4.466666666666667,15
B008B3NUZA,4.333333333333333,15
B000ARL9PI,4.333333333333333,15
B00597ZDMO,4.6,15
B000C2107S,4.266666666666667,15
B001LWUL7S,4.333333333333333,15
B000AA9HOA,4.333333333333333,15
B000P9DRZQ,5.0,15
B0055IQ588,4.6,15
B004SELT7C,4.133333333333334,15
B003I8K2D6,4.933333333333334,15
B008D7DL4Y,4.133333333333334,15
B001O0ZE42,4.2,15
B000AAAVL8,4.133333333333334,15
B000KQR8F4,4.4,15
B001MA2F2I,4.933333333333334,15
B0058UV3SK,4.866666666666666,15
B000052YLX,4.733333333333333,15
B000C212SU,4.8,15
B004SXTEXO,4.0,15
B001OSPLYW,4.2,15
B00EDN2GJI,4.2,15
B000C230GM,4.0,15
B00B5OM58U,4.0,15
B001X8EFTA,4.666666666666667,15
B0057UQ8KE,4.533333333333333,15
B0057R0ANS,4.0,15
B00EDZD2ZS,4.4,15
B00GXED94G,4.2,15
B008CGN46G,4.066666666666666,15
B00EDPWDFS,4.4,15
B000QXSXZA,4.8,15
B004TS9LRW,4.066666666666666,15
B0057542W0,4.0,15
B000KOWC4I,4.733333333333333,15
B0038E4QLO,4.2,15
B008CC4DB0,4.533333333333333,15
B00203KOYM,4.133333333333334,15
B004TO588W,4.666666666666667,15
B00112AJ5C,4.133333333333334,15
B00HLURJ4W,4.866666666666666,15
B000C217FI,4.333333333333333,15
B0056L1JGM,4.2,15
B003FXG2GU,4.533333333333333,15
B001MP0QLK,4.2,15
B00116Y1D4,4.266666666666667,15
B001NSUGF2,4.533333333333333,15
B001145342,4.0,15
B004TYD87A,4.866666666666666,15
B003HGRX2M,4.266666666666667,15
B008BGQSRE,4.666666666666667,15
B00113HQKM,4.333333333333333,15
B008UYCO8O,4.0,15
B0020MM9NM,4.333333333333333,15
B0057WJ1N8,4.2,15
B004SZ2IQ2,5.0,15
B003H6J36G,4.0,15
B000PHH93E,4.0,15
B003G37326,4.4,15
B000AUZ4QK,4.333333333333333,15
B008VSPA12,4.066666666666666,15
B0059802GU,4.4,15
B0088B4L7G,4.066666666666666,15
B003795B3C,4.266666666666667,15
B004RDNIT6,4.466666666666667,15
B00123G9PO,4.066666666666666,15
B005BKQCUQ,4.333333333333333,15
B001OKAQJU,4.733333333333333,15
B000B63Q0Y,4.533333333333333,15
B0024GXC62,4.0,15
B008EXQEWS,4.666666666666667,15
B0088EKBTA,4.8,15
B00IOVRKBO,5.0,15
B000A408JO,4.466666666666667,15
B003JBKVZQ,4.8,15
B005B6071A,4.4,15
B008SC3V4O,4.6,15
B0088NBAXC,4.933333333333334,15
B00243FKRO,4.733333333333333,15
B00GWPE0IU,4.133333333333334,15
B000R8ZB4U,4.4,15
B00375ZPNC,4.666666666666667,15
B000P277J0,4.266666666666667,15
B001OOLOPQ,4.133333333333334,15
B00FYJOP7G,4.066666666666666,15
B001V9LUWG,4.266666666666667,15
B000IZA732,4.0,15
B00G6SAOPG,4.466666666666667,15
B000062WTK,4.466666666666667,15
B00FYPIEDG,4.8,15
B000PI37WK,4.4,15
B004R7R528,4.533333333333333,15
B001LF4BHG,4.533333333333333,15
B001LF4DJ2,4.333333333333333,15
B00127Y21I,4.266666666666667,15
B00548APY4,4.333333333333333,15
B0054GRLJS,4.8,15
B005BQ7J5W,4.133333333333334,15
B008SFHS68,4.0,15
B001LIFKZ0,4.8,15
B000AA5VB8,4.266666666666667,15
B0089AZIUA,4.133333333333334,15
B008DW2640,4.466666666666667,15
B00IRBY2R6,4.4,15
B00B799ZZE,4.8,15
B000KUAKTG,4.4,15
B0055B0PA4,4.266666666666667,15
B008DK9A5A,4.2,15
B001O4WJUA,4.0,15
B000WSE67I,4.066666666666666,15
B004S56ZNY,4.4,15
B00IIBB7A0,4.666666666666667,15
B000055Z3C,4.2,15
B0011FKM56,4.666666666666667,15
B001O4UZII,4.133333333333334,15
B0010P6D00,4.8,15
B000052YJF,4.466666666666667,15
B000052YJN,4.266666666666667,15
B000PHYW5C,4.733333333333333,15
B0089AXWZS,4.066666666666666,15
B0088W9GZ2,4.6,15
B008EK2O6G,4.866666666666666,15
B000CD3C8C,4.333333333333333,15
B001OFPMVC,4.533333333333333,15
B001VFL88Q,4.066666666666666,15
B00EH9QLZ8,4.066666666666666,15
B000X9N5YQ,4.133333333333334,15
B000P5YGD2,4.733333333333333,15
B0011Z6OYO,4.666666666666667,15
B001OCE33I,4.466666666666667,15
B00HLZ8SG0,4.066666666666666,15
B001OBXVVY,4.2,15
B00005J3BP,4.866666666666666,15
B00891EB8E,4.733333333333333,15
B005ASLR0E,4.066666666666666,15
B004RVHUI8,4.2,15
B000YZDVYS,4.266666666666667,15
B001N7SW9K,4.533333333333333,15
B005HYBJXQ,4.0,15
B000LRH55K,4.4,15
B0000Y3GHU,4.466666666666667,15
B0050E30J4,4.266666666666667,15
B0009JN810,4.533333333333333,15
B00B0UFWXO,4.466666666666667,15
B003QKPTBG,4.133333333333334,15
B004Z90XMM,4.666666666666667,15
B0009KN8HS,4.666666666666667,15
9788071813,4.866666666666666,15
B001R4CLEG,4.266666666666667,15
B0013L9V2S,4.266666666666667,15
B001GSEY7U,4.4,15
B00CA6MREO,4.733333333333333,15
B00340LIT0,4.2,15
B0014B7T44,4.2,15
B001GQENLE,4.066666666666666,15
B000I7ZH3K,4.8,15
B003QBJ3AS,4.133333333333334,15
B0013N73QM,4.666666666666667,15
B000I7ZH4O,4.333333333333333,15
B00CB6G0GY,4.666666666666667,15
B0014BLYLS,4.466666666666667,15
B000W7W1QC,4.8,15
B00AF0TGFA,4.266666666666667,15
B0050BLI32,4.733333333333333,15
B004LUJK0Q,4.333333333333333,15
B002AQERCE,4.466666666666667,15
B0009BH85A,4.933333333333334,15
B000XSPUUY,4.533333333333333,15
B0081SQ7UK,4.533333333333333,15
B004MKMHPA,4.2,15
B005GMYPMG,4.6,15
B0009OAGRO,4.0,15
B005K0NAOI,4.066666666666666,15
B000BU7SMM,4.4,15
B005GMY81O,4.0,15
B001HKTC06,4.266666666666667,15
B0050OAHY0,4.266666666666667,15
B0013GFECE,4.466666666666667,15
B001HLCE64,4.666666666666667,15
B004KOFORG,4.333333333333333,15
B00DTEZIXI,4.533333333333333,15
B003QMY6GI,4.733333333333333,15
B0081Q54DS,4.066666666666666,15
B004M6GTHQ,4.4,15
B00CKJV49A,4.2,15
B00DT6MWSA,4.466666666666667,15
B005H5OKYK,4.533333333333333,15
B0014CSY2O,4.066666666666666,15
B005JRTDMA,4.133333333333334,15
B001G581HC,4.333333333333333,15
B000YDE19E,4.133333333333334,15
B00AYWN8OY,4.266666666666667,15
B001G47AJS,5.0,15
B00CK8TGBO,4.6,15
B0009ML9E0,4.4,15
B00HHG128O,5.0,15
B000YDG304,5.0,15
B00CBKOP1M,4.733333333333333,15
B004Y7MJJ0,4.133333333333334,15
B001G7POOI,4.466666666666667,15
B00142A8P0,4.2,15
B004KXGHOQ,4.2,15
B001T8OD9Q,4.066666666666666,15
B004L9395E,4.533333333333333,15
B000141KTK,4.866666666666666,15
B001G93TS4,4.4,15
B001RVKB9G,4.6,15
B00CLID3WG,4.2,15
B005IHEB3M,4.066666666666666,15
B00AFCPBFC,4.6,15
B001413HHC,4.4,15
B004L98FE4,4.066666666666666,15
B00937XBVQ,4.6,15
B001G7R7WK,4.4,15
B001G7R41O,4.733333333333333,15
B001RU1Q3M,4.133333333333334,15
B003PIYC44,4.266666666666667,15
602260074X,4.266666666666667,15
B004XUGY4E,4.133333333333334,15
B007Z3KQCM,4.333333333333333,15
B005IT1K3Y,4.466666666666667,15
B001G7QZ0A,4.666666666666667,15
B000XEAUFS,4.333333333333333,15
B00142E87E,4.4,15
B007YT34VM,4.533333333333333,15
B000W29552,4.266666666666667,15
B001GED0AG,4.466666666666667,15
B001GMOKWU,4.066666666666666,15
B004ZWMDIG,4.666666666666667,15
B0013R9WP8,4.466666666666667,15
B000OO0EIA,4.466666666666667,15
B008M99CGY,4.2,15
B00B0LKBPW,4.466666666666667,15
B005HWY9LC,4.6,15
B00EQI1N08,4.933333333333334,15
B000EGIEX0,4.066666666666666,15
B001G7PLJG,4.666666666666667,15
B00817WDEA,4.066666666666666,15
B003OREV7O,4.2,15
B0014ARCSS,4.333333333333333,15
B003Q49OP4,4.466666666666667,15
B00CLASIBU,4.266666666666667,15
B00L5KTZ0K,5.0,15
B005IHB79I,4.666666666666667,15
B00140N6PG,4.266666666666667,15
B00804EHWU,4.0,15
B003PZJMQK,4.266666666666667,15
8096399322,4.066666666666666,15
B003PZLGYG,4.733333333333333,15
B005JAT13S,4.4,15
B004ZC8JOI,4.666666666666667,15
B00AGIK4J8,4.266666666666667,15
B000EGK4LK,4.0,15
B004ZWMC0A,4.2,15
B00CVDTMI0,4.6,15
B007XH6Z4I,4.4,15
B0009MSHTU,4.4,15
B000OY2S6Q,4.266666666666667,15
B000K6NDEY,4.533333333333333,15
B004NH137U,4.866666666666666,15
B002C8LLRY,5.0,15
B0034ZZ4RM,4.6,15
B0091JII0K,4.066666666666666,15
B00511T65I,4.533333333333333,15
B0013945XU,4.266666666666667,15
B000BIVY3S,4.4,15
B005FT3I6Y,4.8,15
B003AOPLU2,4.733333333333333,15
B000VYVOB4,4.333333333333333,15
B000EN5J3G,4.266666666666667,15
B0000CFNT3,4.866666666666666,15
B000BK96WC,4.266666666666667,15
B0014JWKJ0,4.8,15
B0034UBI40,4.333333333333333,15
B004KG2QA2,4.0,15
B000BTO6B4,4.666666666666667,15
B0050WT2I4,4.866666666666666,15
B003ARUECY,4.533333333333333,15
B00EO8HNR2,4.466666666666667,15
B0013AG03C,4.933333333333334,15
B000C1UFFM,4.266666666666667,15
B004NDH4PE,4.533333333333333,15
B0009OMNW0,4.933333333333334,15
B003RJTTE4,4.6,15
B0082D9WEM,4.666666666666667,15
B007X0VDM4,4.4,15
B001U0OQNQ,4.0,15
B000C1VTOS,4.266666666666667,15
B00ENFS6IG,4.6,15
B001FWXIN8,4.0,15
B000OZF998,4.066666666666666,15
B008K83VW8,4.0,15
B001J9P9ZW,4.0,15
B00H5BX9LO,5.0,15
B007WRUAZ4,4.6,15
B005FE2IDS,4.0,15
B00DR8UWZK,4.6,15
B007WR957S,4.0,15
B008K2P0WS,4.666666666666667,15
B0013643IA,4.466666666666667,15
B004O13Q98,4.6,15
B000XE69U8,4.333333333333333,15
B004KEB4CA,4.0,15
B000LLYE8W,4.533333333333333,15
B001FWXJQY,4.6,15
B001QJQNQY,4.533333333333333,15
B002CIUC2E,4.0,15
B0051AZAOU,4.133333333333334,15
B003DK78GS,4.466666666666667,15
B00290QOTK,4.733333333333333,15
B0091C9G3A,4.2,15
B00138Z50S,4.266666666666667,15
B001QHFXQM,4.866666666666666,15
B00AZIJKBM,4.066666666666666,15
B000YTA4QM,4.133333333333334,15
B003RY6CDU,4.266666666666667,15
B0009R15YY,4.733333333333333,15
B00E51B39M,4.666666666666667,15
B001QXDZLQ,4.333333333333333,15
B004YOX1KE,4.533333333333333,15
B001R1C6N0,4.266666666666667,15
B004KOFLC4,4.533333333333333,15
B003CZ81NI,4.8,15
B0013DR77C,4.933333333333334,15
B003BOIV9E,4.133333333333334,15
B000E7YJWY,4.666666666666667,15
B00E87QZWS,4.266666666666667,15
B0029U0YD2,4.133333333333334,15
B004N3ABCW,4.866666666666666,15
B00FQGNHBM,4.933333333333334,15
B000YHCX5O,4.466666666666667,15
B003NOTQSC,4.2,15
B003NXIBDY,4.666666666666667,15
B000PZC5U8,4.933333333333334,15
B008NE2UJ4,4.8,15
B003QVV6C6,4.8,15
B001QXDZKM,4.0,15
B004N0XYOM,4.133333333333334,15
B00AEMG7NI,4.0,15
B002C4IQSU,4.666666666666667,15
B003RC6YUS,4.0,15
B001HX487A,4.866666666666666,15
B000M11268,4.4,15
B00CWEB7VI,4.0,15
B005K7ZUEY,4.333333333333333,15
B0034K50EE,4.933333333333334,15
B004Y9LAB6,4.6,15
B0009OMNNE,4.733333333333333,15
B0050WM5KG,4.733333333333333,15
B001G0L3F4,4.733333333333333,15
B005K848UK,4.666666666666667,15
B00GZ84K6G,4.066666666666666,15
B000XLR2X4,4.0,15
B000Q305YW,4.466666666666667,15
B00C9ZDQ6E,4.4,15
B001O8XPS6,4.285714285714286,14
B0045KC8IS,4.857142857142857,14
B004Y1OL7Y,4.428571428571429,14
B009S3UP3W,4.214285714285714,14
B004ZD2M68,4.357142857142857,14
B000NRRHNS,4.071428571428571,14
B006FWZ5CA,4.785714285714286,14
B000NIBZVC,4.428571428571429,14
B000C210FK,4.571428571428571,14
B006UNL884,4.714285714285714,14
B00BPF3LN2,4.571428571428571,14
B006FJQYF0,4.714285714285714,14
B004YJ9G6C,4.214285714285714,14
B002M31MIW,4.5,14
B000GD0042,4.714285714285714,14
B004Y9LMN2,4.071428571428571,14
B001B0H82Q,4.357142857142857,14
B001RVDRI8,4.357142857142857,14
B001T0HHBU,4.714285714285714,14
B001YI92AQ,4.714285714285714,14
B000FTO9US,4.214285714285714,14
B00E52F6G2,4.142857142857143,14
B002R1AY74,4.642857142857143,14
B0056DHI4W,5.0,14
B00553TD5U,4.428571428571429,14
B000QWYJAY,4.285714285714286,14
B004U7M6EM,4.071428571428571,14
B006VEAPMW,4.5,14
B000C213O8,4.928571428571429,14
B001O1GZW6,4.785714285714286,14
B004TSLIOG,4.642857142857143,14
B00DGOZS4A,4.357142857142857,14
B006GDB518,4.285714285714286,14
B006FIDUSA,4.0,14
B001DJ6IIU,4.214285714285714,14
B00DZW72DI,4.285714285714286,14
B00062AB4C,5.0,14
B002R277E6,4.142857142857143,14
B006VIFMMQ,4.642857142857143,14
B001D0BJNI,4.5,14
B0056AO3YI,4.571428571428571,14
B001D12GZW,4.357142857142857,14
B006UEUHXK,4.428571428571429,14
B006GHSF9E,4.214285714285714,14
B00062A3CC,4.642857142857143,14
B001D0QDW0,4.5,14
B001DI0ZSK,4.071428571428571,14
B004Y9JN74,4.428571428571429,14
B001O1B6RA,4.642857142857143,14
B000C212O4,4.357142857142857,14
B000ULGLYI,4.357142857142857,14
B006FYS5SE,4.642857142857143,14
B001VJTS5M,4.5,14
B001NXPLWA,4.571428571428571,14
B00E69TK2U,4.142857142857143,14
B001B1TY1S,4.571428571428571,14
B001T8FOA8,4.642857142857143,14
B004A7NXG2,4.714285714285714,14
B006VXONCG,4.5,14
B00AZJ009M,4.357142857142857,14
B000GDC4HS,4.142857142857143,14
B00BSWLOR2,4.5,14
B00BPBHMMM,4.571428571428571,14
B004A7VFWG,4.642857142857143,14
B004Y69YB2,4.785714285714286,14
B000GCXSPG,4.285714285714286,14
B006VMIOBS,4.285714285714286,14
B00GOBSV96,4.642857142857143,14
B002R2C5UW,4.714285714285714,14
B006FJPKT6,4.357142857142857,14
B0051IRFWC,4.642857142857143,14
B000C1UEJY,4.071428571428571,14
B006RGMIGA,4.142857142857143,14
B004VUIT6W,4.571428571428571,14
B00GN21NJQ,4.428571428571429,14
B006M46MV4,4.214285714285714,14
B002PNNOW6,4.214285714285714,14
B0050P5MDK,4.285714285714286,14
B00B29547M,4.214285714285714,14
B004X2Q6XG,4.357142857142857,14
B000UTFQ2I,4.571428571428571,14
B000QF4UN2,4.285714285714286,14
B0047E1DSI,4.5,14
B0050QKT3C,4.5,14
B000NMR0L2,4.285714285714286,14
B005237PE4,4.714285714285714,14
B00H9Z30RY,5.0,14
B0046FRYPO,4.571428571428571,14
B0050OC1DA,4.642857142857143,14
B00B118D6A,4.5,14
B001BB70UK,4.928571428571429,14
B001BBHME4,4.428571428571429,14
B0047TMD7S,4.5,14
B000Q6BZGQ,4.0,14
B0050NE88M,4.071428571428571,14
B006LFO7KW,4.5,14
B000Q6HBIW,4.214285714285714,14
B009VLN0TM,4.642857142857143,14
B000C1W6MM,4.5,14
B004X8AFCI,4.571428571428571,14
B002NX43SW,4.0,14
B006LUAYZO,4.142857142857143,14
B0046HFC5G,4.357142857142857,14
B000NP9R9C,4.428571428571429,14
B0046VJU2I,4.428571428571429,14
B001BVRLR2,4.5,14
B006OO0CG8,4.142857142857143,14
B000G82YNC,4.5,14
B006QHXCU6,4.142857142857143,14
B002OU5N4W,4.5,14
B006OU7VUM,4.071428571428571,14
B004WMFUYI,4.285714285714286,14
B0046NCTK6,4.714285714285714,14
B000URGFUC,4.357142857142857,14
B00DEIV266,4.714285714285714,14
B00AWXC2XS,4.928571428571429,14
B004WFDUII,4.857142857142857,14
B000C1VW18,4.928571428571429,14
B0046V2XA4,4.785714285714286,14
B001BOFISS,4.142857142857143,14
B0046QGKVW,4.571428571428571,14
B000C1VTWU,4.428571428571429,14
B0051528W2,4.0,14
B0046KLCWA,4.428571428571429,14
B000UQ546Y,4.928571428571429,14
B009URMQ06,4.5,14
B00IMWA4RC,4.857142857142857,14
B000BK35QU,4.714285714285714,14
B004ARV3GY,4.357142857142857,14
B001QX108Q,4.0,14
B001QVSFHM,5.0,14
B001U582SQ,4.214285714285714,14
B006O71I9K,4.571428571428571,14
B0051UH84A,4.071428571428571,14
B000Q8124O,4.214285714285714,14
B001BXOQLY,4.571428571428571,14
B006ODLZNS,4.571428571428571,14
B0052TCAN4,4.571428571428571,14
B004VJIZ26,4.357142857142857,14
B0002JH92Q,4.142857142857143,14
B00BSE2T2O,4.928571428571429,14
B000C1ZC0U,5.0,14
B0045WGY0E,4.0,14
B001OMI974,4.285714285714286,14
B00548AE3G,4.785714285714286,14
B00DG9MDWU,4.285714285714286,14
B00IKLGNOS,4.357142857142857,14
B0002Z8XJS,4.214285714285714,14
B001CT04UO,4.142857142857143,14
B000GCUO30,4.142857142857143,14
B000C1ZA52,4.428571428571429,14
B004XJO4R4,4.714285714285714,14
B006T4DOKO,4.928571428571429,14
B002Q84BZY,4.5,14
B001CT03GE,4.5,14
B006SRYI02,4.142857142857143,14
B0053YNO88,4.142857142857143,14
B002N99HCS,4.714285714285714,14
B004WKGS1E,4.785714285714286,14
B000PI2VCM,4.285714285714286,14
B009SAVQ7E,4.357142857142857,14
B009SANMNU,4.714285714285714,14
B0049MCVIY,4.642857142857143,14
B006HJQL3I,4.857142857142857,14
B001T8QGM8,4.428571428571429,14
B0045PCAI6,4.928571428571429,14
B006HJRQ1O,4.357142857142857,14
B000B60NC8,4.142857142857143,14
B000B626WS,4.071428571428571,14
B004XTTD1G,4.5,14
B006HZMMTE,4.142857142857143,14
B001OI0ZA2,4.071428571428571,14
B000BOA1C2,4.714285714285714,14
B004XNLFQI,4.142857142857143,14
B000FU3C7I,4.0,14
B004ZTCZ14,4.357142857142857,14
B004UO58ZE,4.714285714285714,14
B00B3NU45O,4.071428571428571,14
B001CT0274,4.642857142857143,14
B004V43TG8,4.785714285714286,14
B0002Z8MRQ,4.142857142857143,14
B00AVASF4C,4.428571428571429,14
B004V46AUU,4.5,14
B00464IVMA,4.285714285714286,14
B001THUJAY,4.142857142857143,14
B006JV8DHG,4.928571428571429,14
B001CLGQUE,4.714285714285714,14
B002NHP4WM,5.0,14
B001CL88RS,4.142857142857143,14
B001BAHERU,4.0,14
B001TIAKXE,4.214285714285714,14
B001UOWBWU,4.142857142857143,14
B00466RGEC,4.071428571428571,14
B001TIP24Q,4.214285714285714,14
B00IMKSYTO,4.785714285714286,14
B00464EYX0,4.142857142857143,14
B00AV37590,4.071428571428571,14
B0048L3JPU,4.428571428571429,14
B00506YCQ2,4.714285714285714,14
B00B0OVJA0,4.357142857142857,14
B001B9DBNM,4.857142857142857,14
B001OZDG2Y,4.214285714285714,14
B001R7BWJI,4.5,14
B000FVHS4U,4.0,14
B001P1ZEHM,4.071428571428571,14
B00E7ZI9U2,4.142857142857143,14
B004XBDPHC,4.071428571428571,14
B00B3CUA0E,4.714285714285714,14
B002NEL6BI,4.0,14
B0053AKDAO,4.571428571428571,14
B002CL0ZZA,4.0,14
B004D24890,4.571428571428571,14
B001N7P6I0,4.642857142857143,14
B004NAVLKG,4.642857142857143,14
B00EVRXKAK,5.0,14
B000E7UFQS,4.642857142857143,14
B005SFLQ2I,4.5,14
B0007CXWRO,4.071428571428571,14
B00BJ57BLG,4.285714285714286,14
B001ET7EOG,4.428571428571429,14
B0007CXWZG,4.785714285714286,14
B000TAI7A6,4.714285714285714,14
B0009OMNKC,4.785714285714286,14
B005G8MGNU,4.428571428571429,14
B000E7WGFG,4.357142857142857,14
B001ET7BL2,4.142857142857143,14
B0009OMNQQ,4.0,14
B001IKAZXS,4.928571428571429,14
B0009R14JU,4.571428571428571,14
B000TBZJOM,4.214285714285714,14
B00A8LUCMC,4.214285714285714,14
B004GHBEDK,4.428571428571429,14
B005SJ0NEQ,4.785714285714286,14
B004GIHN2U,4.0,14
B005SO9G2G,4.571428571428571,14
B004GIHPJ6,4.714285714285714,14
B002G7L0HM,4.142857142857143,14
B001ET7FLS,4.428571428571429,14
B00BC3ASQA,4.642857142857143,14
B0029U0YKK,4.571428571428571,14
B000F4D0G2,4.642857142857143,14
B004GYL26M,4.285714285714286,14
B0007D8E12,4.357142857142857,14
B002AKYNNS,4.071428571428571,14
B005GWRNQQ,4.357142857142857,14
B004H0EYRY,4.785714285714286,14
B000RYYI7K,4.285714285714286,14
B001EWF224,4.785714285714286,14
B001EWF2BK,4.642857142857143,14
B00AIEJW3Y,4.357142857142857,14
B0009OAHJQ,4.214285714285714,14
B001HUXMDO,4.071428571428571,14
B001ET7IM4,4.714285714285714,14
B005GCZ3YK,4.428571428571429,14
B004MYDU9I,4.857142857142857,14
B0009OAIEU,4.785714285714286,14
B000F4IL5W,4.714285714285714,14
B00BCOEPFY,4.428571428571429,14
B000RUKR0Q,4.5,14
B00AA1C4Q2,4.428571428571429,14
B001HX488O,4.357142857142857,14
B0007CXYN6,4.571428571428571,14
B004GV9YOM,4.428571428571429,14
B002HEG60K,4.357142857142857,14
B004OKE0IK,4.071428571428571,14
B000O3BJJ4,4.071428571428571,14
B004FQI41M,4.714285714285714,14
B0027WJ29Y,4.642857142857143,14
B001ESKIG8,4.642857142857143,14
B000P20JZO,4.571428571428571,14
B000FADICW,4.071428571428571,14
B005V6WXMQ,4.785714285714286,14
B005EZ5BAK,4.428571428571429,14
B005UXEINW,4.714285714285714,14
B005F1IXCQ,4.0,14
B005EQOM6I,4.428571428571429,14
B0006UHE9O,4.5,14
B000O36N86,4.214285714285714,14
B00BKHEFNA,4.357142857142857,14
B00BKOI1UG,4.357142857142857,14
B000TIQOLM,4.928571428571429,14
B005VXPNGW,4.785714285714286,14
B001EO5X12,4.714285714285714,14
B005EQNKNE,4.0,14
B0027SXG9K,4.571428571428571,14
B00BB8MLCA,4.714285714285714,14
B000FBF59A,4.285714285714286,14
B000FBF54A,4.642857142857143,14
B00H3WGNA4,5.0,14
B005F513LK,4.5,14
B002GOX73A,4.0,14
B005F5EH0Y,4.071428571428571,14
B001ET73N8,4.857142857142857,14
B000TD9LZ8,4.857142857142857,14
B000E3C7W2,4.357142857142857,14
B001JBB0Z8,4.142857142857143,14
B00AKFFCOE,4.714285714285714,14
B000RPOEQO,4.5,14
B000OZI8LY,4.214285714285714,14
B005TPVLEU,5.0,14
B0028TV2DA,4.214285714285714,14
B001ET77JS,4.428571428571429,14
B00BC38YK2,4.285714285714286,14
B002GP0M7S,4.857142857142857,14
B0028ZXGCE,4.214285714285714,14
B005TBZI0M,4.142857142857143,14
B004G3NLVM,5.0,14
B0006ZTER4,4.0,14
B001ET73GU,4.214285714285714,14
B001JJIQNE,4.285714285714286,14
B00A7J7PD4,4.428571428571429,14
B000P0H4JU,4.857142857142857,14
B0006ZEVK4,4.571428571428571,14
B000E21X4G,4.142857142857143,14
B000TFOMCI,4.714285714285714,14
B000E35094,4.0,14
B004O275X0,4.785714285714286,14
B00A7WVNYI,4.0,14
B001ET72ZW,4.642857142857143,14
B006DN0FMG,4.285714285714286,14
B002CZU0AG,4.785714285714286,14
B000ETL91Q,4.785714285714286,14
B005MSSUA2,4.0,14
B0007YZUDG,5.0,14
B004IU0BFM,4.071428571428571,14
B004J0YHVA,5.0,14
B005JRTDLQ,4.5,14
B001FO6GIA,4.5,14
B001G47SK4,4.642857142857143,14
B005JV9A6U,4.785714285714286,14
B004JBGHGW,4.857142857142857,14
B000EM798A,4.571428571428571,14
B005MJ8SWQ,4.714285714285714,14
B001FORJE0,4.285714285714286,14
B002BWOXZI,4.357142857142857,14
B00H6V4TXK,4.142857142857143,14
B0009EIM8Y,4.5,14
B005N079MO,4.428571428571429,14
B000SOLBU6,4.642857142857143,14
B0009ET5J4,4.357142857142857,14
B001G7PN1C,4.928571428571429,14
B001G7PMX6,4.357142857142857,14
B002DHA580,4.142857142857143,14
B00ABXE8PY,4.928571428571429,14
B002D7L3N6,4.571428571428571,14
B004IFZ9J0,4.0,14
B002D7WQZK,4.428571428571429,14
B005K0S15G,4.642857142857143,14
B002CZ4LVA,4.142857142857143,14
B002C3UMLK,5.0,14
B004K0CBHQ,4.214285714285714,14
B000EOFX7C,4.785714285714286,14
B000960QK4,4.571428571428571,14
B000SDLYUO,4.5,14
B0008394GA,4.5,14
B004K198MQ,4.571428571428571,14
B000EO5UDE,4.214285714285714,14
B005LB0HOW,4.5,14
B004KAS6MK,4.071428571428571,14
B004KAVI98,4.142857142857143,14
B002CMLRQU,4.357142857142857,14
B002C8BVSS,4.571428571428571,14
B00080DNUG,4.428571428571429,14
B000EPJNPE,4.642857142857143,14
B005MEYV0E,4.571428571428571,14
B00080AZQG,5.0,14
B00GT0YBFA,4.571428571428571,14
B000OL8R1E,4.428571428571429,14
B005K9HXJM,4.357142857142857,14
B002CMLRUQ,4.714285714285714,14
B004JUPQ2O,4.571428571428571,14
B004KMYF6Y,4.357142857142857,14
B001FSK8RQ,4.571428571428571,14
B00ADGX98Q,4.857142857142857,14
B0009LZWIK,4.0,14
B004LTZSJO,4.071428571428571,14
B001GQ2ED8,4.357142857142857,14
B00EV5SLB0,4.571428571428571,14
B002EA1GNO,4.357142857142857,14
B00EPC9CD0,4.571428571428571,14
B000ORSY3Y,4.571428571428571,14
B001GNBVPI,4.357142857142857,14
B004LSYHTM,4.357142857142857,14
B004LSM91U,4.714285714285714,14
B002B4GGL0,4.714285714285714,14
B00DT1D8YC,4.357142857142857,14
B000SZSDT2,4.428571428571429,14
B001GS4L5K,4.5,14
B000T1Z34I,4.714285714285714,14
B005P4NQJ8,4.357142857142857,14
B004H76F7E,4.142857142857143,14
B00DPOUUZS,4.928571428571429,14
B0009KN8KK,4.857142857142857,14
B0009IOMZM,4.142857142857143,14
B00GTXGWDQ,4.142857142857143,14
B004LXOOLI,4.357142857142857,14
B001GWUH0Y,4.428571428571429,14
B004HAH9Y4,4.5,14
B005P0SGPG,4.5,14
B002BPY7SS,4.785714285714286,14
B001GL4BPW,4.428571428571429,14
B000EGSD22,4.285714285714286,14
B001F51VAM,4.857142857142857,14
B0009F3OOA,4.214285714285714,14
B005NORCZY,4.928571428571429,14
B000S76EGO,4.142857142857143,14
B005NKK0C0,4.357142857142857,14
B0007W4NF4,4.714285714285714,14
B001G7QBLS,4.428571428571429,14
B000S81XGO,4.5,14
B00ABOXUDY,4.285714285714286,14
B002BAPL8S,4.285714285714286,14
B001F3I436,4.357142857142857,14
B001GIOVEG,4.5,14
B004LH0DMI,4.428571428571429,14
B001GIOV0U,4.928571428571429,14
B0009HG2UQ,4.857142857142857,14
B000SSRP9I,4.714285714285714,14
B00AAY5KZQ,4.428571428571429,14
B0009GWX9Q,4.857142857142857,14
B00BHISWSG,4.785714285714286,14
B004L9KB78,5.0,14
B00AB69JX2,4.571428571428571,14
B004P023MY,4.0,14
B00BNRV6JS,4.071428571428571,14
B004CADNKI,4.357142857142857,14
B000P7X1MC,5.0,14
B001LNOEQ6,4.785714285714286,14
B00BNFHBO4,4.285714285714286,14
B00658M1DU,4.142857142857143,14
B005AFJFI8,4.357142857142857,14
B005AKBUEA,4.571428571428571,14
B00B6ZE4WI,4.071428571428571,14
B001E3T7GK,4.714285714285714,14
B004S9W2SC,4.142857142857143,14
B001E53M8C,4.571428571428571,14
B001E56JGO,4.428571428571429,14
B0059B5NM0,4.0,14
B002L9YL44,4.285714285714286,14
B004C0WZSO,4.428571428571429,14
B004C1U648,4.214285714285714,14
B0066BZW64,4.5,14
B00662ZVGO,4.714285714285714,14
B002L9Z9LI,4.5,14
B0064ROJNC,4.571428571428571,14
B000P9DRXS,4.428571428571429,14
B000P41ES8,4.428571428571429,14
B004RL4TO6,4.571428571428571,14
B0063H2PWA,4.357142857142857,14
B004D2C5JU,4.071428571428571,14
B0024H2KHS,4.785714285714286,14
B002KC6YG0,4.428571428571429,14
B00634TG48,4.357142857142857,14
B00631UQH2,4.714285714285714,14
B001LFA1SY,4.214285714285714,14
B0024NPAAQ,4.071428571428571,14
B0062W4T8O,4.0,14
B001LGAZ9I,4.428571428571429,14
B001LGG2WW,4.142857142857143,14
B00B7UT0K8,4.285714285714286,14
B002KNEACE,4.642857142857143,14
B002KRFPHO,4.714285714285714,14
B002KR4MYQ,4.142857142857143,14
B0064M5JBI,4.714285714285714,14
B00642C7PY,4.714285714285714,14
B00B7MAYFQ,5.0,14
B004CSLNYI,4.928571428571429,14
B000R94QF4,4.214285714285714,14
B0006LNBYA,4.285714285714286,14
B002KIQM3O,4.071428571428571,14
B0063ULDWA,4.0,14
B004RRH3MA,4.285714285714286,14
B000AA9IBM,4.285714285714286,14
B006BZSSA2,4.071428571428571,14
B000AJ0PZQ,4.357142857142857,14
B006BYN5E2,4.142857142857143,14
B00F0UUTCE,4.071428571428571,14
B000FQ5T78,4.142857142857143,14
B00DHOYSV8,4.142857142857143,14
B0020MM9V4,4.428571428571429,14
B000R5DUNM,4.428571428571429,14
B006B5LXQI,4.428571428571429,14
B0020MMARM,4.642857142857143,14
B009Z46SOY,4.714285714285714,14
B000PBM6AG,4.142857142857143,14
B001MWY0V0,4.357142857142857,14
B000NSQNKU,4.285714285714286,14
B0056OFWDA,4.5,14
B00ED5HCXG,4.642857142857143,14
B00571TV20,4.928571428571429,14
B000PE6SAW,4.285714285714286,14
B00GXFW0SQ,4.928571428571429,14
B00GXE29EM,4.928571428571429,14
B000ALBLWA,4.071428571428571,14
B006CH0WQC,4.714285714285714,14
B004B9EQKQ,4.5,14
B006CA1URE,4.785714285714286,14
B001MJTXPQ,4.214285714285714,14
B001MA9OO0,4.071428571428571,14
B000NUN8BK,4.571428571428571,14
B0068RBX78,4.357142857142857,14
B002LE8P1Y,4.571428571428571,14
B001E0VWOS,4.285714285714286,14
B0020MMNHY,4.285714285714286,14
B000AAAVWM,4.285714285714286,14
B00APXJKIK,4.0,14
B00BO7COZW,5.0,14
B0006DPMXG,4.285714285714286,14
B0067YUFSA,4.214285714285714,14
B001E3CZOQ,5.0,14
B00DY8HWTW,4.0,14
B0068Z70KE,4.714285714285714,14
B00IIOD5R0,4.571428571428571,14
B00AQ9QMQG,4.142857142857143,14
B000C234TK,4.428571428571429,14
B004BISQ80,4.214285714285714,14
B0058RV9VO,4.5,14
B0058PMVIG,4.642857142857143,14
B000PAQ42S,4.357142857142857,14
B001E03200,4.857142857142857,14
B00DY9UP04,4.857142857142857,14
B000C2384Q,4.285714285714286,14
B002KA1354,4.642857142857143,14
B0009XENNS,4.5,14
B000CNOBGO,4.357142857142857,14
B000O2KAE0,4.357142857142857,14
B000O2LSVE,4.285714285714286,14
B00EXPDIJS,4.857142857142857,14
B001ECQ35E,4.785714285714286,14
B002IGAQU8,4.857142857142857,14
B002IF1WOS,4.642857142857143,14
B0026V9TCG,4.0,14
B00EJFAG24,4.0,14
B001KYRRRE,4.5,14
B005Z8CEQA,4.642857142857143,14
B00EJMLM66,4.0,14
B0026XQU6C,4.142857142857143,14
B002IJLSW0,4.428571428571429,14
B000O2K6XU,4.785714285714286,14
B004E2UO74,4.428571428571429,14
B001E96NJI,4.5,14
B001KYTX1W,4.857142857142857,14
B000TQ04WY,4.714285714285714,14
B0006NZKAQ,4.285714285714286,14
B00604MTOK,4.928571428571429,14
B004QB52K2,4.357142857142857,14
B0006O0IHK,4.928571428571429,14
B000RHKZTW,4.428571428571429,14
B001E96OYC,4.928571428571429,14
B004Q8PBPQ,4.357142857142857,14
B004Q8IYE6,4.571428571428571,14
B00BLQ0KYS,4.357142857142857,14
B004D8XZOS,4.428571428571429,14
B0009X64TY,4.428571428571429,14
B002HWS7U4,4.571428571428571,14
B0027B3VNI,4.428571428571429,14
B00BB3K03M,4.5,14
B005WZNIYI,4.428571428571429,14
B001KYNWXW,4.357142857142857,14
B000RL7XFW,4.857142857142857,14
B005E9QU7Y,4.428571428571429,14
B000FD98JG,4.357142857142857,14
B005WKINWA,4.285714285714286,14
B002HT28R0,4.571428571428571,14
B00BKSQIVQ,4.214285714285714,14
B0027DJPFY,4.642857142857143,14
B005E76WG0,4.0,14
B001KYO6GY,4.285714285714286,14
B000P22TOI,4.428571428571429,14
B0009WY4UQ,4.142857142857143,14
B00AMNDKZM,4.642857142857143,14
B004PLLVQC,4.5,14
B00IFTTYYG,4.714285714285714,14
B00BAZ60Y4,4.857142857142857,14
B004F0PD9Y,4.214285714285714,14
B002HZ029A,4.357142857142857,14
B000CQYM4W,4.571428571428571,14
B005XS78DQ,4.285714285714286,14
B000P22U24,4.857142857142857,14
B005E1SH0A,4.714285714285714,14
B005XIM2M8,4.5,14
B004DSGHKC,4.571428571428571,14
B001E96N7U,4.785714285714286,14
B00AN8WHC8,4.285714285714286,14
B004R7N6NU,4.5,14
B00629ZJVI,4.857142857142857,14
B004DF79ZC,4.428571428571429,14
B005BXOTQC,4.142857142857143,14
B00A3DHSMM,4.785714285714286,14
B00A3HAGQS,5.0,14
B000P276EG,4.428571428571429,14
B005C2NAE4,4.5,14
B000P2765U,4.142857142857143,14
B001E96L3Q,4.0,14
B0061R8SNC,4.642857142857143,14
B004DIN0OI,4.571428571428571,14
B004R7N6QM,4.857142857142857,14
B002JU8592,4.357142857142857,14
B00AOAGPY6,4.214285714285714,14
B0006LNOWY,4.5,14
B000R9TTYC,4.785714285714286,14
B004RC100G,4.642857142857143,14
B0025KOR8O,4.285714285714286,14
B0025M5K5Q,4.071428571428571,14
B0062LZS5S,4.214285714285714,14
B004R7NK36,4.857142857142857,14
B004DBU9MG,4.0,14
B0025UMU5Q,4.5,14
B001LF4BDK,4.285714285714286,14
B000CEOU3M,4.785714285714286,14
B0006NXBCA,4.714285714285714,14
B005C66P7E,4.214285714285714,14
B001KYVU8Q,4.785714285714286,14
B004QNZLI8,4.857142857142857,14
B00614Q4C2,4.642857142857143,14
B00A3XC098,4.142857142857143,14
B004QKH5FI,4.285714285714286,14
B00GQGOFKS,4.357142857142857,14
B00A3ZNTIW,4.785714285714286,14
B00610ZR1A,4.714285714285714,14
B001E96LW2,4.5,14
B004QZOEX4,4.071428571428571,14
B001E96L7C,4.142857142857143,14
B00B9ADNA4,4.285714285714286,14
B00269QM0A,4.428571428571429,14
B000FJ4C4G,4.142857142857143,14
B0026DE7NK,4.071428571428571,14
B00ANITJIS,4.714285714285714,14
B001KZE4WO,4.071428571428571,14
B001E96LAE,4.928571428571429,14
B001E96LB8,4.642857142857143,14
B0026HTVU0,4.642857142857143,14
B001E96LVS,4.357142857142857,14
B000O1BF5O,4.357142857142857,14
B003BM7MLO,4.857142857142857,14
B003U2GRN4,4.928571428571429,14
B007TKL5UI,4.357142857142857,14
B00C7VVMFW,4.928571428571429,14
B0097U3QA0,4.642857142857143,14
B000VV1WE6,4.285714285714286,14
B000HHN148,4.428571428571429,14
B003U54FJ4,4.642857142857143,14
B000MD9E66,4.214285714285714,14
B003UFZX4A,4.357142857142857,14
B002ZW1RJY,4.928571428571429,14
B002ZVZVGU,4.928571428571429,14
B003UAZB7E,4.928571428571429,14
B00K1H6AY2,5.0,14
B0015KO3MK,4.857142857142857,14
B002ZQ5S54,4.428571428571429,14
B002ZP39SS,4.0,14
B007TL6JV2,4.357142857142857,14
B000HHZ8XU,4.285714285714286,14
B000HJNGIM,4.357142857142857,14
B003TJEUMS,4.214285714285714,14
B000HLAN1S,5.0,14
B003TM1J06,4.857142857142857,14
B0001584E8,4.857142857142857,14
B000HKTBSA,4.357142857142857,14
B000MAOWPC,4.285714285714286,14
B003TTCL42,4.928571428571429,14
B000MAPFRQ,4.357142857142857,14
B0015AAAMW,4.5,14
B0015MMQKO,4.642857142857143,14
B0015QH3VW,4.357142857142857,14
B0030KK2J6,4.5,14
B00D0VVCGM,4.428571428571429,14
B00169DHNQ,4.428571428571429,14
B009AOEZB2,4.142857142857143,14
B002YK53NS,4.214285714285714,14
B003VDCF2Y,4.571428571428571,14
B007Q5LAXI,4.642857142857143,14
B002YFP2Z2,4.928571428571429,14
B000H83GT2,4.642857142857143,14
B002ZNJI6C,4.428571428571429,14
B000H81UK4,4.357142857142857,14
B002Y2WJUG,4.357142857142857,14
B000H7G6V8,4.0,14
B000VTTC4U,4.142857142857143,14
B003VLDN6S,4.857142857142857,14
B002YOUFNM,4.285714285714286,14
B00166ORLU,4.0,14
B00166D8BU,4.785714285714286,14
B0015SDE2W,4.357142857142857,14
B0015TT1O6,4.857142857142857,14
B0015VOYX2,4.571428571428571,14
B003UODZEG,4.571428571428571,14
B0015ZQHDI,4.5,14
B002ZDO82G,4.5,14
B002Z95IK6,4.071428571428571,14
B003USK5OU,4.071428571428571,14
B003UT3ZXW,4.928571428571429,14
B00161CCC6,4.285714285714286,14
B000MIUKZK,4.5,14
B009A3KMKQ,4.0,14
B001641KTY,4.642857142857143,14
B00FNOSIVQ,4.071428571428571,14
B002Z13TG4,4.285714285714286,14
B0030KOBAM,4.285714285714286,14
B000MOWA8Y,4.928571428571429,14
B000141EVO,4.857142857142857,14
B0032V5DMY,4.571428571428571,14
B007YQURT2,4.285714285714286,14
B0032S2VYA,4.857142857142857,14
B003Q2F2RA,4.785714285714286,14
B0094GJ6IS,4.571428571428571,14
B003Q3JIOM,4.714285714285714,14
B000LWN2A2,4.428571428571429,14
B0014AV2YI,4.285714285714286,14
B0014BDJKW,4.642857142857143,14
B0014BIRGI,4.071428571428571,14
B003PJKSZ0,4.857142857142857,14
B007Z8CQMA,4.642857142857143,14
B00CAKALYS,4.0,14
B0081A1UDM,4.642857142857143,14
B00816NBV0,4.142857142857143,14
B0033UUAVS,4.0,14
B0092TICMS,4.642857142857143,14
B000LSBZOQ,4.214285714285714,14
B0013XUXY6,4.428571428571429,14
B0033I9Y1C,4.071428571428571,14
B00140RYC2,4.571428571428571,14
B009335KQ4,4.642857142857143,14
B00012NK86,4.0,14
B007ZKDIQ6,4.857142857142857,14
B0014CC5O2,4.071428571428571,14
B003SZS3E4,4.214285714285714,14
B00014EEGG,4.214285714285714,14
B003SDD9WW,4.142857142857143,14
B00014D8SQ,4.428571428571429,14
B000M5BWMI,4.928571428571429,14
B00C93O4M6,4.142857142857143,14
B00966CIAO,4.928571428571429,14
B003156NFM,4.214285714285714,14
B0014ZWHDS,4.357142857142857,14
B007XL3PP6,4.714285714285714,14
B000HP27G8,4.0,14
B007VTA1FM,4.214285714285714,14
B007VQOMKU,4.357142857142857,14
B000HOP4GO,4.071428571428571,14
B000M58244,4.142857142857143,14
B007WGJHT0,4.857142857142857,14
B003SD9DM2,4.428571428571429,14
B00014D0AC,4.142857142857143,14
B007XKCFV2,4.928571428571429,14
B007XDB6JQ,4.785714285714286,14
B007XCQ7Z0,4.357142857142857,14
B003RIQV6E,4.142857142857143,14
B0014RA43G,4.428571428571429,14
B000M3VR5W,4.142857142857143,14
B007X0V7MU,4.357142857142857,14
B000VXUTFW,4.857142857142857,14
B0031BN1Z6,4.071428571428571,14
B007WORVWC,4.071428571428571,14
B001AY6QBC,4.071428571428571,14
B00CX98W42,4.857142857142857,14
B003VMIHEU,4.071428571428571,14
B007FJ5NOC,4.857142857142857,14
B0017ZHWWG,4.642857142857143,14
B003ZMAT0G,4.428571428571429,14
B000GX8UI0,4.714285714285714,14
B000GX8UDK,4.642857142857143,14
B003ZS6OR2,4.785714285714286,14
B001821ENG,4.642857142857143,14
B0018430UE,4.214285714285714,14
B000VLTLWG,4.642857142857143,14
B002VECIEE,4.571428571428571,14
B00021CLRC,4.857142857142857,14
B007FAP1CK,4.642857142857143,14
B003ZW0M1W,4.785714285714286,14
B007FAP12K,4.428571428571429,14
B00186WPJE,4.214285714285714,14
B0017WZXPW,4.285714285714286,14
B000VOHG6G,4.0,14
B00D3EXMM8,4.142857142857143,14
B000VOJFBA,4.428571428571429,14
B002W5VUEG,4.357142857142857,14
B00FIY7FVU,4.928571428571429,14
B000VOJ92A,4.642857142857143,14
B009H6Y7LQ,4.642857142857143,14
B000H0U2ZG,4.0,14
B007HKP3V2,4.785714285714286,14
B000VOHRU6,4.214285714285714,14
B009H96PA4,4.0,14
B00C20C8SI,4.214285714285714,14
B003Z7WKC6,4.571428571428571,14
B0017T7GMI,4.571428571428571,14
B0040MJUKA,4.571428571428571,14
B0018OF54S,4.285714285714286,14
B0018QG126,4.214285714285714,14
B000GKVRJC,4.571428571428571,14
B002UEKP5Y,4.928571428571429,14
B0018QTXS0,4.428571428571429,14
B000VFYNCA,4.428571428571429,14
B0078PEM1S,4.571428571428571,14
B002UL53FO,4.857142857142857,14
B0018NTASQ,4.928571428571429,14
B002UPQ30Y,4.642857142857143,14
B00188T6DK,4.214285714285714,14
B0018AG7TE,4.285714285714286,14
B002VA4FUI,4.071428571428571,14
B002V8NYES,4.142857142857143,14
B009JN6756,4.357142857142857,14
B002UZU0JY,4.642857142857143,14
B00400GAFA,4.285714285714286,14
B002UVUSGS,4.214285714285714,14
B007CNRQZ0,4.428571428571429,14
B002UUT44G,4.928571428571429,14
B009JP1T9S,4.214285714285714,14
B003Z2FPM8,4.714285714285714,14
B003XETCE0,4.714285714285714,14
B00FLEFPTG,4.5,14
B00172IF0W,5.0,14
B00172O9NO,4.714285714285714,14
B000MT4DIE,4.357142857142857,14
B007MWFWU2,4.428571428571429,14
B000MU4E28,4.214285714285714,14
B009ERLMPC,4.071428571428571,14
B000VOPHSU,4.357142857142857,14
B000H3I48A,4.071428571428571,14
B000H3I46C,4.285714285714286,14
B000H3I3OK,4.642857142857143,14
B0001M3KKY,4.785714285714286,14
B00C3LMCSM,4.214285714285714,14
B007NI7RQ2,4.0,14
B000H6QLNM,4.571428571428571,14
B007P29930,4.357142857142857,14
B000MQR1NG,4.285714285714286,14
B003WB5ID8,4.214285714285714,14
B0016O5R4I,4.642857142857143,14
B0016O94IS,4.428571428571429,14
B007O74MOM,4.642857142857143,14
B002XQ1V5W,4.571428571428571,14
B007NO4XRC,4.071428571428571,14
B003WRJTZ0,4.0,14
B007NN0I4A,4.071428571428571,14
B003WW46SU,4.142857142857143,14
B003XRZXJA,4.5,14
B0017QK6XW,4.571428571428571,14
B0017OADH8,4.714285714285714,14
B007J6G5F2,4.571428571428571,14
B0001XU9YI,4.714285714285714,14
B002WK43TA,4.5,14
B0001YOMD6,4.071428571428571,14
B0001YOPVA,4.428571428571429,14
B00C2QTWQ8,4.642857142857143,14
B007INRW08,4.714285714285714,14
B000VOPALY,4.5,14
B002WJHK00,4.785714285714286,14
B003YM5UUG,4.071428571428571,14
B007ID2MS0,4.928571428571429,14
B002WFFDNK,4.214285714285714,14
B0017QK46G,4.285714285714286,14
B003YSRZJ4,4.142857142857143,14
B0017LXT9K,4.142857142857143,14
B00FJF5BXM,4.5,14
B002WP94AS,4.142857142857143,14
B002XDQIUS,4.928571428571429,14
B007KWRWDY,4.785714285714286,14
B0017DQ0YO,4.357142857142857,14
B003XVT7OI,4.285714285714286,14
B002X7WV32,4.571428571428571,14
B003Y5CV1E,4.285714285714286,14
B003Y69DJG,4.714285714285714,14
B009G0PI98,4.714285714285714,14
B009G1APC2,4.5,14
B009G4Y3CW,4.0,14
B0001XLSRA,4.214285714285714,14
B003OEXURY,4.071428571428571,14
B00K7HVHYE,5.0,14
B000N39870,4.857142857142857,14
B000KKX4XU,4.642857142857143,14
B000KKM6RU,4.285714285714286,14
B000JL8QME,4.357142857142857,14
B008F2JK4M,4.642857142857143,14
B008EXTHYK,4.785714285714286,14
B008EX4PQ0,4.928571428571429,14
B00G6DPKJG,4.857142857142857,14
B000JL81FQ,4.214285714285714,14
B000X4I74Y,4.071428571428571,14
B0010EJ204,4.571428571428571,14
B000JL5UKK,4.357142857142857,14
B008E0CGDW,4.071428571428571,14
B000X8H61A,4.357142857142857,14
B0010NPXE4,4.928571428571429,14
B0039BS2FW,4.928571428571429,14
B008FH52TE,4.214285714285714,14
B008GU8IPA,4.357142857142857,14
B000ZF86MO,4.0,14
B008G4MWRQ,4.214285714285714,14
B000ZK1F7M,4.428571428571429,14
B000ZKRC1U,4.0,14
B000XDYBWM,4.357142857142857,14
B000ZM96NU,4.142857142857143,14
B003EME1Y2,4.642857142857143,14
9790799365,4.785714285714286,14
B003ESH0H6,4.357142857142857,14
B003FJHA2E,4.642857142857143,14
B0000530MG,4.642857142857143,14
B0000530MH,4.214285714285714,14
B003H2L9Z8,4.357142857142857,14
B0000531M8,4.428571428571429,14
B003H7IKFA,4.0,14
B00114Y86Q,4.714285714285714,14
B00CP4QTH2,4.857142857142857,14
B008B89PX6,4.142857142857143,14
B00CGPVJUC,4.285714285714286,14
B00112AGU0,4.714285714285714,14
B000052YLF,4.071428571428571,14
B0038TTLKA,4.357142857142857,14
B000052YOS,4.5,14
B003FXE6BI,4.5,14
B0010ZNGGO,4.785714285714286,14
B003G1E37Q,4.785714285714286,14
B000052ZEG,4.428571428571429,14
B008UBAWM2,4.428571428571429,14
B008CC4FCW,4.071428571428571,14
B001129368,4.142857142857143,14
B000JK2HHA,4.857142857142857,14
B003GE67K4,4.142857142857143,14
B008UIBDE6,4.428571428571429,14
B003GRGIDC,4.928571428571429,14
B0039ZWLMS,5.0,14
B008V9PJQW,4.785714285714286,14
B000Y6O3AI,4.071428571428571,14
B00CLIC7E6,4.071428571428571,14
B003B5B6BS,4.571428571428571,14
B008OIUXQG,4.142857142857143,14
B00L7BX4FE,4.857142857142857,14
B000XZSKP4,4.5,14
B008MAFGZE,4.214285714285714,14
9788072119,4.428571428571429,14
B003B2DP38,4.642857142857143,14
B003CH2J16,4.642857142857143,14
B000YAXOT0,4.214285714285714,14
B00L3LB0IG,5.0,14
B003AYEUUO,4.857142857142857,14
B008MMEXTW,4.357142857142857,14
B000XV73N8,4.642857142857143,14
B003BX2HJK,4.428571428571429,14
B00LNOKBYW,5.0,14
B003BMM336,4.142857142857143,14
B008NPYWWG,4.285714285714286,14
B000XGC3SS,4.428571428571429,14
B00CM8VO9Y,4.285714285714286,14
B008N5KLGC,4.642857142857143,14
B000K7J39M,4.0,14
B008N24RNI,4.714285714285714,14
B008N1M894,4.357142857142857,14
B00LCE23JE,4.714285714285714,14
B008LFSSI2,4.714285714285714,14
B0039ZZKJE,4.857142857142857,14
B003DZXC36,4.571428571428571,14
B00KTAJAIY,4.785714285714286,14
B000Z5YCYK,4.214285714285714,14
B00GDIQ6FG,4.0,14
B003DXG9DI,4.0,14
B008I5IN6M,4.142857142857143,14
B00HO7AIV8,4.071428571428571,14
B003E0U6KW,4.428571428571429,14
B000Z61JDG,4.714285714285714,14
B003E0Z6SY,4.214285714285714,14
B008HRPGTI,4.642857142857143,14
B008R5WM6U,4.857142857142857,14
B003E1KGVA,4.642857142857143,14
B000Z44MPU,4.928571428571429,14
B00KVO2JWC,4.928571428571429,14
B000XE69N0,4.428571428571429,14
9788073476,4.714285714285714,14
B000XE8762,4.285714285714286,14
B008L3CDH6,4.071428571428571,14
B008L2VQM0,4.357142857142857,14
B003CYKY4I,4.5,14
B00HOD8HEW,4.142857142857143,14
B003D06RBU,4.857142857142857,14
B003D1NBKO,4.285714285714286,14
B008PAMWUS,4.0,14
B008L2PX1U,4.142857142857143,14
B000XE7U6U,4.285714285714286,14
B000YIWBCS,4.142857142857143,14
B00HRGWUS0,4.142857142857143,14
B000053376,4.785714285714286,14
B00347Y8RW,4.285714285714286,14
B00846AGS8,4.214285714285714,14
B00905V3SE,4.714285714285714,14
B00008KA7Q,4.142857142857143,14
B0012S0C5W,4.071428571428571,14
B00908XVWC,4.214285714285714,14
B0090QJ8HQ,4.285714285714286,14
B000LJC0CG,4.5,14
B009163MZE,4.357142857142857,14
B003MJFHCC,4.5,14
B0083S44LM,4.5,14
B0083RP6P6,4.357142857142857,14
B0083OC1QQ,4.714285714285714,14
B00365A7I6,4.142857142857143,14
B00008CQT1,4.142857142857143,14
B0085MRIHS,4.714285714285714,14
B0085LXOC2,4.214285714285714,14
B000071EEH,4.285714285714286,14
B0085K2OUG,4.428571428571429,14
B0012P2M12,4.071428571428571,14
B0085JT702,4.357142857142857,14
B008ZEAVCK,4.642857142857143,14
B008ZPG1NW,4.142857142857143,14
B003KR71EI,4.5,14
B008ZQKZI8,4.785714285714286,14
B0036BCUA8,4.785714285714286,14
B003KXKCAW,4.285714285714286,14
B00CCQYV64,4.5,14
B000LPSGM8,4.5,14
B0013BF6P4,4.214285714285714,14
B003NOI33G,4.857142857142857,14
B0091OCDRE,4.785714285714286,14
B0082198UC,4.214285714285714,14
B0013ER5QE,4.214285714285714,14
B0034F5Q2U,4.571428571428571,14
B0081U9AG6,4.071428571428571,14
B0013JV100,4.285714285714286,14
B0081R9Q3G,4.571428571428571,14
B0034SZ7VC,4.857142857142857,14
B0000DBNEX,4.714285714285714,14
B00138N2N0,4.071428571428571,14
B00138Y8PQ,4.071428571428571,14
B00GHI8JHA,4.5,14
B001390AU2,4.928571428571429,14
B003N1UO90,4.357142857142857,14
B000LM6GUU,4.785714285714286,14
B00355SHG6,4.357142857142857,14
B0000CCW1L,4.857142857142857,14
B001395GCO,4.5,14
B00K861Z4G,4.928571428571429,14
B000IT80QE,4.071428571428571,14
B008VFBCYO,4.571428571428571,14
B0011Z9MWK,4.928571428571429,14
B0089N65ZO,4.571428571428571,14
B0011RYRWI,4.071428571428571,14
B000KUAJDS,4.0,14
B0037LR67Y,4.071428571428571,14
B000WQK8H2,4.571428571428571,14
B0037FM65W,4.642857142857143,14
B008X6VSPO,4.214285714285714,14
B0088J8MVO,4.928571428571429,14
B000WUFCY2,4.0,14
B008A6B1K4,4.642857142857143,14
B000WYB57Q,4.0,14
B0000535T4,4.285714285714286,14
B008AI4XTS,4.0,14
B0037YSGRK,4.142857142857143,14
B003I810EQ,4.214285714285714,14
B0037YCZ1S,4.785714285714286,14
B000053674,4.214285714285714,14
B0011DMKVW,4.714285714285714,14
B008VO2NK2,4.785714285714286,14
B008VO645M,4.714285714285714,14
B003I95EKG,4.714285714285714,14
B0088ALU26,4.071428571428571,14
B0012LKG6E,4.928571428571429,14
B003JN2QMA,4.0,14
B00371SV5U,4.857142857142857,14
B0086XQQZG,4.785714285714286,14
B003716CME,4.285714285714286,14
B0086M7SKE,4.785714285714286,14
B003JN4NHG,4.571428571428571,14
B00CEAB0DA,4.785714285714286,14
B00372D5VE,4.428571428571429,14
B000066B1B,5.0,14
B0037AKUIW,4.857142857142857,14
B00125JH1A,4.714285714285714,14
B00378345U,4.285714285714286,14
B000WNLRYS,4.857142857142857,14
B00FYEX194,4.428571428571429,14
B000WN0REE,4.428571428571429,14
B00375J8X0,4.571428571428571,14
B00BYO8WU6,4.142857142857143,14
B002RT727Q,4.285714285714286,14
B00449Q4SU,4.5,14
B000NEB92Q,4.714285714285714,14
B00449AMQA,4.857142857142857,14
B00023ENN0,4.928571428571429,14
B00737D780,4.357142857142857,14
B0019W25RE,4.0,14
B000GHVM5E,4.571428571428571,14
B0019LZX38,4.142857142857143,14
B0076K3NEC,4.071428571428571,14
B0076GWNBA,4.785714285714286,14
B0043RIX8W,4.428571428571429,14
B000V3O8NQ,4.571428571428571,14
B0018Z2Q8U,4.071428571428571,14
B0019JDCV0,4.928571428571429,14
B002RS6JGW,4.571428571428571,14
B006WELTO4,4.214285714285714,14
B0042IASF8,4.357142857142857,14
B00D8KLZVW,4.857142857142857,14
B000GHVHZE,4.428571428571429,14
B001A10UMQ,4.0,14
B00028LZ0Y,4.357142857142857,14
B001AVRDAS,4.571428571428571,14
B00BUTESFI,4.571428571428571,14
B00I0YQ6R4,4.0,14
B009QFKFSC,5.0,14
B002TY7F8K,4.714285714285714,14
B00028Q798,4.0,14
B004476JNC,4.214285714285714,14
B0002F1MD2,4.428571428571429,14
B002TZTSF2,4.428571428571429,14
B007636QEI,4.5,14
B00023EO8Y,4.357142857142857,14
B0076BFHZO,4.428571428571429,14
B0043OKBBM,4.142857142857143,14
B0074EI6CE,4.714285714285714,14
B009NQRITI,4.642857142857143,14
B00HCUYPA2,4.142857142857143,14
B001ANOOLC,4.214285714285714,14
B00JK99BNE,4.285714285714286,14
B0019V5HI4,4.785714285714286,14
B006Z3UHHC,4.142857142857143,14
B00BUSVIY8,4.857142857142857,14
B007635M4I,4.285714285714286,14
B001A38P80,4.214285714285714,14
B000NBOJ1C,4.5,14
B000GHHQ2W,4.571428571428571,14
B0002DO11E,4.0,14
B00028MXBO,4.642857142857143,14
B00027OQZ6,4.5,14
B000GHF3EA,4.428571428571429,14
B0002DO894,4.214285714285714,14
B001A3Z72W,4.357142857142857,14
B004220E80,4.571428571428571,14
B0044V9MQY,4.142857142857143,14
B001942C5C,4.714285714285714,14
B0076Q7WH0,4.571428571428571,14
B002RS6KAM,4.071428571428571,14
B002RS6K70,4.714285714285714,14
B0019M1XG8,4.714285714285714,14
B001AFDEWU,4.857142857142857,14
B001AXQR4O,4.071428571428571,14
B001AXS4WC,4.0,14
B00BW909R2,4.785714285714286,14
B009QXFBQK,4.571428571428571,14
B0041OMQEO,4.714285714285714,14
B0073B3EYI,4.214285714285714,14
B002T5O9LA,4.142857142857143,14
B0019GCQAQ,4.357142857142857,14
B002RHAM7U,4.714285714285714,14
B001ARRK8M,4.428571428571429,14
B001ADVWZI,4.0,14
B001AXCTGY,4.071428571428571,14
B006W44GYE,4.0,14
B00025WYZC,4.785714285714286,14
B00435J7TS,4.142857142857143,14
B002RU18Z2,4.428571428571429,14
B0043X5K4Q,4.642857142857143,14
B0019GX1G4,4.214285714285714,14
B005EZ4BRE,4.3076923076923075,13
B004OEMQZU,4.6923076923076925,13
B000E73MOU,4.6923076923076925,13
B001K2OAGW,4.230769230769231,13
B00EL27O0W,4.6923076923076925,13
B0012V5L8M,4.538461538461538,13
B004OEU3SM,4.6923076923076925,13
B009150TRY,4.230769230769231,13
B00GUDR34W,4.769230769230769,13
B003LRAS7O,4.3076923076923075,13
B004NHYFCU,4.461538461538462,13
B00EKVCLY8,4.6923076923076925,13
B004NHRTIC,4.153846153846154,13
B000P20Q0C,4.6923076923076925,13
B005ERATIM,4.461538461538462,13
B003N4OEK2,4.076923076923077,13
B0012S23O0,4.0,13
B00AL5K9T6,4.3076923076923075,13
B003552FG4,4.076923076923077,13
B0029B5QN4,4.230769230769231,13
B001392DMK,4.3076923076923075,13
B00BC54AF8,4.076923076923077,13
B008342LG6,4.538461538461538,13
B000IMYI94,4.615384615384615,13
B001AA5BR6,4.615384615384615,13
B000E7SS0I,4.538461538461538,13
B00CS3T4PY,4.0,13
B004NLSRDO,4.384615384615385,13
B00ELICNRK,4.538461538461538,13
B002901WHO,4.076923076923077,13
B0035TFXGO,4.3076923076923075,13
B00H40WZS4,4.3076923076923075,13
B005FAC756,4.3076923076923075,13
B0083FNJH0,4.384615384615385,13
B0083HG6X2,4.923076923076923,13
B0083HTDYG,4.846153846153846,13
B00FVAB0GW,4.615384615384615,13
B000ILZS1C,4.3076923076923075,13
B0009R362I,4.0,13
B001JKTB5A,4.0,13
B006QB33II,4.846153846153846,13
B00AKL749O,4.6923076923076925,13
B003MGIN9O,4.615384615384615,13
B000OZJNY0,4.923076923076923,13
B000OZL640,4.615384615384615,13
B00135FLDW,4.846153846153846,13
B0072F6I8Y,4.0,13
B004NNPZBE,4.0,13
B001BKO6FS,4.846153846153846,13
B00289RCM0,4.538461538461538,13
B001390250,4.0,13
B005F1IYU2,4.6923076923076925,13
B001JTICF6,4.384615384615385,13
B001JD64FC,4.076923076923077,13
B005FGNP2O,4.538461538461538,13
B000WE1V48,4.0,13
B005F3VLPU,4.384615384615385,13
B00ELS9ZUI,5.0,13
B005F3VMEK,4.538461538461538,13
B00009VPJQ,4.384615384615385,13
B00842J9CG,4.230769230769231,13
B006QMRLSK,4.3076923076923075,13
B000IMIU3O,4.461538461538462,13
B001J6O3M0,4.230769230769231,13
B0002AQE80,4.0,13
B0028K3JAI,4.461538461538462,13
B000ROGWLA,4.3076923076923075,13
B0000Y3G9S,4.923076923076923,13
B008YJCTGM,4.538461538461538,13
B0086F03G2,4.769230769230769,13
B003JN32X2,4.538461538461538,13
B005CYK144,5.0,13
B0012ITDJI,4.615384615384615,13
B0012IJXQG,4.153846153846154,13
B001KYVJXM,4.076923076923077,13
B003JN2YZY,4.384615384615385,13
B000NJHNI0,4.153846153846154,13
B000GCP2WI,4.3076923076923075,13
B000V6FKU8,4.230769230769231,13
B003709PAQ,4.384615384615385,13
B0046FV8CY,4.615384615384615,13
B005D6TL9W,4.538461538461538,13
B001KYTRGS,4.153846153846154,13
B0012KK48U,4.3076923076923075,13
B0036T5ZGQ,4.6923076923076925,13
B00AMVU4OE,4.0,13
B0071K0LK6,4.3076923076923075,13
B000P250OE,4.923076923076923,13
B0085YZYOK,4.3076923076923075,13
B000CNO4DO,5.0,13
B0085ZR2YE,4.538461538461538,13
B0036YSZM2,4.230769230769231,13
B00HK5UQ8O,5.0,13
B00AN2FYHY,4.923076923076923,13
B0026P8F04,4.461538461538462,13
B00DV81430,4.153846153846154,13
B003LJACXM,4.230769230769231,13
B000WMYFZC,4.230769230769231,13
B000UTXKMQ,4.076923076923077,13
B004R0TK4Q,4.461538461538462,13
B001L3FQ4A,4.923076923076923,13
B004R2CURS,4.384615384615385,13
B0002DKRYE,4.153846153846154,13
B000RDIPKW,4.538461538461538,13
B000WN2TAO,4.230769230769231,13
B0002KS2XU,4.615384615384615,13
B00375L8MY,4.846153846153846,13
B00266SI7S,4.153846153846154,13
B000WMYFZ2,4.538461538461538,13
B001L18A9K,4.538461538461538,13
B00ANU9RME,4.384615384615385,13
B001AEYVVY,4.076923076923077,13
B0012HI2XC,4.923076923076923,13
B001KYVVVC,4.153846153846154,13
B001BGBUY2,4.538461538461538,13
B001KYWBEI,4.153846153846154,13
B003737XES,4.0,13
B00FY5F5QA,4.461538461538462,13
B00ANTACI8,4.615384615384615,13
B003741UKK,4.461538461538462,13
B001KZG5D0,4.153846153846154,13
B002RU170S,4.0,13
B0012KPML4,4.384615384615385,13
B000WKT2N4,4.230769230769231,13
B0009VQ9LY,4.615384615384615,13
B000GHVKW4,4.461538461538462,13
B00354R9RU,4.461538461538462,13
B001AC0HPK,4.769230769230769,13
B0036B8QIS,4.384615384615385,13
B000WHYC7I,4.076923076923077,13
B003KUKZ34,4.461538461538462,13
B0026W2A1M,4.384615384615385,13
B003KUJGMU,4.153846153846154,13
B001AC3S4C,4.615384615384615,13
B001KYNW5A,4.461538461538462,13
B00853EKAK,4.3076923076923075,13
B000NJJALS,4.076923076923077,13
B004OXFZ2C,4.384615384615385,13
B0009VNIAY,4.6923076923076925,13
B006QMZY0C,4.615384615384615,13
B000CSOW1S,4.6923076923076925,13
B00850YLE8,4.3076923076923075,13
B0012RYDEO,4.153846153846154,13
B003LDFQUW,4.076923076923077,13
B002PDLD6U,4.461538461538462,13
B0027SWMFE,4.153846153846154,13
B001KOTRKE,4.615384615384615,13
B005EM5RES,4.230769230769231,13
B004OXAE3W,4.384615384615385,13
B00904TMKG,4.076923076923077,13
B0036FTDWM,4.615384615384615,13
B001KYO1MI,4.153846153846154,13
B0012NBLIY,4.230769230769231,13
B0046HO44Q,4.923076923076923,13
B005DSAQLW,4.538461538461538,13
B004PSVU2U,4.3076923076923075,13
B0012M4V32,4.615384615384615,13
B00BAVKI5K,4.615384615384615,13
B004PWG0C6,4.384615384615385,13
B000P23028,4.538461538461538,13
B003K4V20K,4.3076923076923075,13
B00CR1S00M,4.846153846153846,13
B000IOOJWI,4.384615384615385,13
B005DX6IYG,4.153846153846154,13
B00AM9QATO,4.461538461538462,13
B00BB0ZYIQ,4.0,13
B004PAHSD8,4.769230769230769,13
B009P3DLY0,4.3076923076923075,13
B008Z69X5O,5.0,13
B000CQYKU8,4.615384615384615,13
B001KYQ1DA,4.538461538461538,13
B008Z34R1C,4.6923076923076925,13
B0036G3502,4.846153846153846,13
B0029F2HRI,4.769230769230769,13
B00CVTU0NK,4.6923076923076925,13
B000S997ZC,4.846153846153846,13
B0032GRMDM,4.076923076923077,13
B00IXP505Y,4.6923076923076925,13
B000S97MUY,4.615384615384615,13
B0009EFL2Y,4.538461538461538,13
B007XTAX1W,4.384615384615385,13
B0009EILUI,4.384615384615385,13
B000OMNPMO,4.615384615384615,13
B000OMR7JQ,4.769230769230769,13
B004KS2SYY,4.6923076923076925,13
B00BDVD4KS,4.615384615384615,13
B003QEX6G2,4.3076923076923075,13
B007XPCT0O,4.153846153846154,13
B0014C4Q3A,4.615384615384615,13
B0014DFA66,4.615384615384615,13
B00D7EWB9E,4.153846153846154,13
B000EM9CUS,4.230769230769231,13
B005K0MRKG,4.230769230769231,13
B000I0TLZM,4.3076923076923075,13
B0014DGOJI,4.846153846153846,13
B000I0V9A2,4.384615384615385,13
B0014DDWZM,4.538461538461538,13
B000LZBNI2,4.615384615384615,13
B005JRTFQ4,4.538461538461538,13
B0073B3BUU,4.6923076923076925,13
B00DS60NOG,4.6923076923076925,13
B003QKV7Y4,4.461538461538462,13
B005JDPLMA,4.153846153846154,13
B005IUXIHY,4.153846153846154,13
B00F4ZUU8I,4.230769230769231,13
B003PT7UI8,4.923076923076923,13
B000S81ZNK,4.923076923076923,13
B000W3222Y,4.153846153846154,13
B003POHZC4,4.615384615384615,13
B000S7ZUPA,4.153846153846154,13
B003PGV6C2,4.384615384615385,13
B007ZBD5U4,4.6923076923076925,13
B004L5JXJY,4.538461538461538,13
B001G8VOXM,4.230769230769231,13
B0002T58QA,4.6923076923076925,13
B00339Q2KM,4.846153846153846,13
B002BKV9YI,4.6923076923076925,13
B003PTD38Y,4.6923076923076925,13
B005JDPHII,4.230769230769231,13
B000141KSQ,4.3076923076923075,13
B002SPOQCI,4.384615384615385,13
B00DSIEQV0,4.384615384615385,13
B00BDTG4EI,4.076923076923077,13
B003PYUMLU,4.0,13
B004KYUAAC,4.538461538461538,13
B000W23D5A,4.076923076923077,13
B001G7PQKA,4.384615384615385,13
B001452DM8,4.6923076923076925,13
B00JEIM6MY,4.6923076923076925,13
B005J0285Q,4.538461538461538,13
B0009EXNWY,4.384615384615385,13
B0032VJBXQ,4.384615384615385,13
B002C1YK8I,4.076923076923077,13
B000142PLC,4.0,13
B000VXM9C8,5.0,13
B0042HJT8Q,4.6923076923076925,13
B001C37LGU,4.3076923076923075,13
B002OH2C2G,4.076923076923077,13
B000VXMSXS,4.230769230769231,13
B000NLQ6AE,4.6923076923076925,13
B001FWXHQG,4.0,13
B000VXPAOW,4.461538461538462,13
B004K9JPG2,4.3076923076923075,13
B00ESKOLU8,5.0,13
B0047ABBQ6,4.3076923076923075,13
B006NQV8M4,4.076923076923077,13
B0031AXETA,4.615384615384615,13
B000NLS1NO,4.923076923076923,13
B0014ZWJ5Y,4.461538461538462,13
B0014ZWI28,4.615384615384615,13
B004K033ZK,4.846153846153846,13
B005LY57S0,4.846153846153846,13
B000OIBT7Q,4.230769230769231,13
B007WFRX6A,4.846153846153846,13
B003S5OUWS,4.3076923076923075,13
B000146L7G,4.076923076923077,13
B000142T1I,4.461538461538462,13
B0001435YS,4.538461538461538,13
B00095VFPK,4.923076923076923,13
B005KKBO6O,4.0,13
B000970EM8,4.461538461538462,13
B000EMOBPY,4.538461538461538,13
B0001436S8,4.230769230769231,13
B000143EGW,4.3076923076923075,13
B003RDWVDG,4.153846153846154,13
B000977Q8I,4.538461538461538,13
B0001433TK,4.923076923076923,13
B005KAO02O,4.615384615384615,13
B007XCB74Q,4.0,13
B002SQZCCA,4.846153846153846,13
B003QT3AUE,4.076923076923077,13
B00AEI9C66,4.230769230769231,13
B000GHYSEG,4.769230769230769,13
B003S13PUK,4.3076923076923075,13
B0019ZD6FQ,4.076923076923077,13
B001FWXIEW,4.3076923076923075,13
B0095MZ23O,4.0,13
B00CX3GIT4,4.384615384615385,13
B007X0V7Z2,4.384615384615385,13
B005KYNLV6,4.769230769230769,13
B002C9VNB2,4.538461538461538,13
B0031KJP7K,4.0,13
B00BEWW5WE,4.923076923076923,13
B0031KN8UA,4.461538461538462,13
B001FWXMLQ,4.769230769230769,13
B00BETYY08,4.538461538461538,13
B0014LTJV0,5.0,13
B000SC49HA,4.538461538461538,13
B000OQ8W9G,4.538461538461538,13
B005IHSBJM,4.153846153846154,13
B000EGOG5A,4.538461538461538,13
B000LQ30AA,4.6923076923076925,13
B006OZFE56,4.153846153846154,13
B000W97M82,4.615384615384615,13
B00FSXFUHM,4.153846153846154,13
B00FSXFZ22,4.6923076923076925,13
B002A6HAY6,4.6923076923076925,13
B0081U9VLK,5.0,13
B0091QY1OU,4.230769230769231,13
B000RUMBUK,4.153846153846154,13
B00BCOJ158,4.6923076923076925,13
B002P5Z8UA,4.769230769230769,13
B0091UEE1Q,4.615384615384615,13
B0034E6IL4,4.538461538461538,13
B009U2PAIQ,4.230769230769231,13
B005GUO9D8,4.0,13
B00CBK3N74,4.230769230769231,13
B005GR0S7W,4.230769230769231,13
B00BD3OII8,4.384615384615385,13
B0013JLOFW,4.230769230769231,13
B0046UZ2DA,4.076923076923077,13
B0009OAGKG,4.461538461538462,13
B0013J4F9E,4.923076923076923,13
B00CBLHT82,4.230769230769231,13
B0081SQ7ZU,4.384615384615385,13
B002ACPICG,4.6923076923076925,13
B00CBM7Q6Q,4.3076923076923075,13
B006P5GEZY,4.6923076923076925,13
B0000SW8BG,4.384615384615385,13
B000E7UDP6,4.3076923076923075,13
B0013ACU36,4.153846153846154,13
B005G459KQ,4.461538461538462,13
B00K83VT5Y,5.0,13
B0009OMNTI,4.230769230769231,13
B0082D9VTS,4.3076923076923075,13
B00AJFV8L6,4.846153846153846,13
B000RTP4G4,4.6923076923076925,13
B0034UV2M8,4.923076923076923,13
B00BVO699A,4.3076923076923075,13
B00BCAQE4S,4.846153846153846,13
B000W9TVMM,4.384615384615385,13
B0072JH68Q,4.6923076923076925,13
B00CSY9KAW,4.769230769230769,13
B001IIDXG6,4.6923076923076925,13
B0091OCDHE,4.538461538461538,13
B0000DH8OY,4.769230769230769,13
B0009OAIHM,4.384615384615385,13
B000IEQQCE,4.384615384615385,13
B000E7WGGK,4.076923076923077,13
B004N15Z84,4.461538461538462,13
B000W9KTG4,4.230769230769231,13
B000URWZ6A,4.538461538461538,13
B001IA4R6Y,4.3076923076923075,13
B000LOJJJS,4.384615384615385,13
B001A4B3MY,4.3076923076923075,13
B0013K3FXK,4.769230769230769,13
B000NK7KQY,4.384615384615385,13
B0000ZLEH8,4.0,13
B0092TH9FY,4.153846153846154,13
B004LPJBQE,4.6923076923076925,13
B00028Q8BK,4.923076923076923,13
B003OYC7H8,4.384615384615385,13
B0009I4ITW,4.6923076923076925,13
B008133CU8,4.230769230769231,13
B002B0EOC2,5.0,13
B00DDWC8PW,4.0,13
B005HTLP3A,4.923076923076923,13
B002ATXAFQ,4.153846153846154,13
B000LSBZCI,4.846153846153846,13
B005I0JWVA,4.461538461538462,13
B0009GI7LO,4.230769230769231,13
B0033CV5O2,4.461538461538462,13
B000NKHI2A,4.384615384615385,13
B00FRI8MLE,4.6923076923076925,13
B003PD45NM,4.461538461538462,13
B0013UZFLA,4.0,13
B005IEH5W4,4.538461538461538,13
B003PAXM0W,4.384615384615385,13
B0033PSM18,4.230769230769231,13
B001GIOV0A,4.384615384615385,13
B0013Y98BO,4.230769230769231,13
B0080E8W6M,4.076923076923077,13
B002AMUF2Y,5.0,13
B002AMUFGU,4.769230769230769,13
B002AMUFRY,4.615384615384615,13
B0013K5Y98,4.538461538461538,13
B0002SVNXI,4.3076923076923075,13
B004M6J8RE,4.846153846153846,13
B0013K582Q,4.615384615384615,13
B005H3UMKI,4.3076923076923075,13
B003O9FG7G,4.615384615384615,13
B005H3CNXC,4.769230769230769,13
B002AMUF92,4.0,13
B0009MHXPY,4.153846153846154,13
B002AMUF42,4.230769230769231,13
B002AMUF3I,4.384615384615385,13
B004M5DTVG,4.3076923076923075,13
B00348JBX2,4.615384615384615,13
B004LU274M,4.153846153846154,13
B00JOW2A2Q,4.153846153846154,13
B004LWB4GM,4.6923076923076925,13
B003455LSY,4.153846153846154,13
B002AOG9SG,4.153846153846154,13
B0034778AQ,4.6923076923076925,13
B005HIH4B8,4.461538461538462,13
B0046VESH0,4.153846153846154,13
B00EOZKUAC,5.0,13
B002AMUIAI,4.769230769230769,13
B0013KYREQ,4.153846153846154,13
B00AHGSDDS,4.076923076923077,13
B004M3G2AS,4.3076923076923075,13
B000063WTZ,4.615384615384615,13
B00EHQOLJY,4.6923076923076925,13
B000A3V1SW,4.6923076923076925,13
B001PO6NTW,4.461538461538462,13
B00AVWJROM,4.230769230769231,13
B008HRXR5I,4.6923076923076925,13
B003E14JOU,4.846153846153846,13
B0052IG7G6,4.461538461538462,13
B000Z61TFO,4.384615384615385,13
B00DAJMO3Y,5.0,13
B00527N2I8,4.615384615384615,13
B003E1IYZA,4.461538461538462,13
B002QL5ME0,4.461538461538462,13
B00CNUUKIC,4.538461538461538,13
B0052ONL0U,4.3076923076923075,13
B001PAJ20I,4.153846153846154,13
B004442TA2,4.230769230769231,13
B000Z8ESKA,4.076923076923077,13
B000KHTDM4,4.153846153846154,13
B00EA5AC9U,4.6923076923076925,13
B0052P11PG,4.0,13
B00EA5A8QM,4.230769230769231,13
B000Z7ZO4U,4.6923076923076925,13
B000XE2DXU,4.3076923076923075,13
B000B9WF8K,4.538461538461538,13
B004VTV2LM,4.6923076923076925,13
B006UETDR6,4.3076923076923075,13
B00IJZMXT4,4.923076923076923,13
B001UAGEGI,4.615384615384615,13
B000C1VVDW,4.6923076923076925,13
B002QOB1EW,4.6923076923076925,13
B00E9BR5JA,4.538461538461538,13
B00CNHZD4Q,4.384615384615385,13
B000V2R3Y8,4.461538461538462,13
B000KFF43I,4.076923076923077,13
B001B1TZOO,4.538461538461538,13
B000QAVNA0,4.923076923076923,13
B000QAVLT8,4.538461538461538,13
B004W2OQP2,4.0,13
B0051M4760,4.3076923076923075,13
B000YYYZLW,4.6923076923076925,13
B008K81508,4.615384615384615,13
B0002F1TQM,4.846153846153846,13
B000BFTATQ,4.846153846153846,13
B000Z4QVR2,4.461538461538462,13
B001PT7SK0,4.230769230769231,13
B008IEJXP8,4.3076923076923075,13
B003DVASXM,4.461538461538462,13
B00AWE47U8,4.538461538461538,13
B000C1VXE4,4.923076923076923,13
B000Z5YD0S,4.0,13
B001U5XJXE,4.6923076923076925,13
B0045FUQ1Y,4.538461538461538,13
B001U59NBG,4.6923076923076925,13
B000XE4KB8,4.6923076923076925,13
B000Z5YC5O,4.3076923076923075,13
B004VN9HRE,4.153846153846154,13
B000KEMKM2,4.384615384615385,13
B000ZK8LAG,4.6923076923076925,13
B001P20QVK,4.461538461538462,13
B00B3BLWKM,4.615384615384615,13
B006XAG1U4,4.923076923076923,13
B0045KF6RI,4.0,13
B000C1Z6BU,4.6923076923076925,13
B004V4351M,4.076923076923077,13
B005348GTU,4.0,13
B003EH1W7Q,4.461538461538462,13
B006X4DWIE,4.230769230769231,13
9790794509,4.769230769230769,13
B000QSCFXQ,4.3076923076923075,13
B0052P1BGU,4.3076923076923075,13
B00HM8BJPS,4.3076923076923075,13
B000PI38QA,4.538461538461538,13
B001OO2QNA,4.923076923076923,13
B000GG15N4,4.153846153846154,13
B001B4FE9G,4.538461538461538,13
B001OT9VYW,4.230769230769231,13
B000JLAUT6,4.769230769230769,13
B001B3WCH4,4.6923076923076925,13
B0039NJ9M0,5.0,13
B0043ZJPPY,4.230769230769231,13
9790798695,4.6923076923076925,13
B008RQNFIS,4.461538461538462,13
B001US0EVQ,4.384615384615385,13
B00CIHWQJG,4.461538461538462,13
B000PKKBMM,4.615384615384615,13
B001P6ZOVS,4.769230769230769,13
B000C1Z2IC,4.230769230769231,13
B001ULM0FQ,4.384615384615385,13
B008RKD4TY,4.538461538461538,13
B00GYJWL7G,4.461538461538462,13
B004VM968K,4.538461538461538,13
B008H3YYA4,4.6923076923076925,13
B004VM968U,4.461538461538462,13
B001P8OOUS,4.3076923076923075,13
B0052P5EFO,4.615384615384615,13
B000PKYBYG,4.769230769230769,13
B001UN70Y0,4.230769230769231,13
B008GUYSO0,4.846153846153846,13
B0039VYPLW,4.615384615384615,13
B001P5PEY6,4.153846153846154,13
B0052YZ1VM,4.153846153846154,13
B001P5TARI,4.230769230769231,13
B008GN12T6,4.076923076923077,13
B001UOWBTS,4.923076923076923,13
B000XE01HK,4.538461538461538,13
B001P6BTGC,4.846153846153846,13
B004VEKB6Y,4.384615384615385,13
B0052X0YCE,4.538461538461538,13
B0052VZQSI,4.230769230769231,13
B001P6GKD4,4.0,13
B00BTWB0W0,4.384615384615385,13
B001QGNZT0,4.846153846153846,13
B003ANWLYW,4.769230769230769,13
B001L9CGLU,4.153846153846154,13
B000PY6F6E,4.6923076923076925,13
B000K7O5FE,4.384615384615385,13
B004ZH2YOE,4.538461538461538,13
B00F9MKSVU,4.538461538461538,13
B004ZELRA4,4.0,13
B001RVMX6A,4.6923076923076925,13
B001RVO7SM,4.153846153846154,13
B00GBL8VJY,4.846153846153846,13
B000V1SXOS,4.6923076923076925,13
B001AZLLG6,4.153846153846154,13
B001RVTHMI,4.846153846153846,13
B000K7MDNU,4.3076923076923075,13
B001AXW72K,4.384615384615385,13
B003BZVX5M,4.153846153846154,13
B004ZK4LT2,4.6923076923076925,13
B003B3OKMC,4.384615384615385,13
B004XOM4PS,4.384615384615385,13
B001T8W48I,4.384615384615385,13
B004ZWH4SK,4.615384615384615,13
B001AWXKTA,4.230769230769231,13
B000BYLVN0,4.384615384615385,13
B001AWZ5LQ,4.076923076923077,13
B008MHUK26,4.076923076923077,13
B004ZQ7K0I,4.923076923076923,13
B003BAR3P6,4.846153846153846,13
B00HNI4JAE,4.923076923076923,13
B001SA649W,4.3076923076923075,13
B003BIUF8A,4.923076923076923,13
B000BRNM84,4.153846153846154,13
B00HAY5BSA,4.230769230769231,13
B000NGI54E,4.846153846153846,13
B0002GQFH4,4.615384615384615,13
B003BS1ZWA,4.846153846153846,13
B003BMNJ34,4.769230769230769,13
B001AY7T4A,4.3076923076923075,13
B001SH75KW,4.615384615384615,13
B001SZ3M38,4.0,13
B000XQO82W,4.076923076923077,13
B008NB8VIQ,4.769230769230769,13
B004Z7XDW6,4.615384615384615,13
B004Y9JRFM,4.3076923076923075,13
B00H00XGKY,4.923076923076923,13
B003BF2GC6,4.6923076923076925,13
B004YZBGRS,4.384615384615385,13
B003BQL8DS,4.6923076923076925,13
B00E5UBF2I,4.230769230769231,13
B000XED3JS,4.461538461538462,13
B000XRZORO,4.153846153846154,13
B001AXYQ06,4.923076923076923,13
B001T0HH9W,4.384615384615385,13
B008MB5U2C,4.230769230769231,13
B002R1CEOK,4.923076923076923,13
B000Q8R7H0,4.153846153846154,13
B000YJC89I,4.461538461538462,13
B003D7L7PY,4.3076923076923075,13
B000PTRCM0,4.076923076923077,13
B000BJUMQC,4.461538461538462,13
B001TUTSRG,4.6923076923076925,13
B003AR4CKE,4.076923076923077,13
B008KVJQNS,4.076923076923077,13
B001TVF86U,4.3076923076923075,13
B003D2JYJK,4.076923076923077,13
B002QV0NNK,4.769230769230769,13
B008PAJNQE,4.153846153846154,13
B000JYGSSU,4.615384615384615,13
B008P9AYH2,4.461538461538462,13
B0050ZJ0UG,4.846153846153846,13
B000YLDM96,4.846153846153846,13
B009RJNDCC,4.3076923076923075,13
B003DGK1ZC,4.538461538461538,13
B003DJ0KO6,4.230769230769231,13
B00IK5DICE,4.538461538461538,13
B000C1VTES,5.0,13
B001QLACDW,4.3076923076923075,13
B001QN753K,4.615384615384615,13
B008PEUY7M,4.3076923076923075,13
B008KS9M8U,4.384615384615385,13
B004WOAF14,4.3076923076923075,13
B000BIVY2O,4.846153846153846,13
B003AORK5Q,4.3076923076923075,13
B000KEE1JW,4.0,13
B008KRX1FQ,4.153846153846154,13
B000XE7O6Q,4.076923076923077,13
B0050QKTE6,4.3076923076923075,13
B008L2U9U0,4.6923076923076925,13
B005083YGY,4.076923076923077,13
B00AXUB75O,4.461538461538462,13
B000K9WOO6,4.153846153846154,13
B000YB5NRA,4.769230769230769,13
B004XCJ71O,4.615384615384615,13
B00HOD8HF6,4.384615384615385,13
B003CH2JZC,4.384615384615385,13
B006VE9B72,4.384615384615385,13
B001RAOBNY,4.153846153846154,13
B000BNMX7Y,4.846153846153846,13
B000BNZWBI,4.461538461538462,13
B000Q44H9U,4.538461538461538,13
B001R5G59C,4.6923076923076925,13
9788071597,4.384615384615385,13
B003CJ7ZMM,4.384615384615385,13
B003CZ80OS,4.076923076923077,13
B00E4CPPE6,4.6923076923076925,13
B00CN086P6,4.769230769230769,13
B003ATQO08,4.0,13
B000YHAGK8,4.461538461538462,13
B001QZHFGA,4.461538461538462,13
B001R1E2H8,4.615384615384615,13
B000PVSSEO,4.846153846153846,13
B000YE2488,4.461538461538462,13
B00E4OEJNW,4.3076923076923075,13
B000ZSWQAE,4.615384615384615,13
B000R8Z910,4.538461538461538,13
B0011FO75C,4.461538461538462,13
B0021IJFFU,4.230769230769231,13
B0037NI9IM,4.461538461538462,13
B008A40KHG,4.846153846153846,13
B0011DRXOG,4.538461538461538,13
B003IGNBC2,4.769230769230769,13
B004SBVHR2,4.615384615384615,13
B000AA9HMC,4.538461538461538,13
B000AA9HQ8,4.153846153846154,13
B00EFGEZ3I,4.923076923076923,13
B00B6Z0GO8,4.076923076923077,13
B00APE2C3Y,4.461538461538462,13
B00005BHR1,4.3076923076923075,13
B00005B9G0,4.461538461538462,13
B00467BPC0,4.769230769230769,13
B0089DTF3I,4.3076923076923075,13
B0022F9NLS,4.153846153846154,13
B0089EBMJM,5.0,13
B001LNRZ4E,4.153846153846154,13
B003IMSO00,4.461538461538462,13
B004S39KCE,4.153846153846154,13
B00G08XZEE,4.230769230769231,13
B003IIYO6C,4.461538461538462,13
B004S3PNPM,4.0,13
B0043B41QG,4.153846153846154,13
B00005AFBG,4.769230769230769,13
B00EFGDYZS,4.769230769230769,13
B009SN72U6,4.384615384615385,13
B00G0Z7MDC,5.0,13
B000JCDUYM,4.923076923076923,13
B003I7ZZWU,4.230769230769231,13
B003I37XCY,4.0,13
B0020MMDSS,4.384615384615385,13
B000KQD4KC,4.615384615384615,13
B006ZAHBLU,4.384615384615385,13
B004SSMW7E,4.153846153846154,13
B003I329EG,4.0,13
B000JCDV1O,4.461538461538462,13
B008VPHD7E,4.384615384615385,13
B001MIZMLQ,4.230769230769231,13
B002RT71DG,4.923076923076923,13
B0058RU3Z2,4.384615384615385,13
B008VI1IRC,4.6923076923076925,13
B001AL2CNG,4.3076923076923075,13
B0037UM6TI,4.230769230769231,13
B004SHE4NK,4.230769230769231,13
B001M9HXDA,4.3076923076923075,13
B0000536M4,4.076923076923077,13
B001MA7JEM,5.0,13
B0020MMGM6,4.538461538461538,13
B000P9IF9Y,4.230769230769231,13
B003I82XKG,4.769230769230769,13
B001MA9QTI,4.076923076923077,13
B000WRZMDQ,4.615384615384615,13
B00896SXC4,4.846153846153846,13
B001237LPG,5.0,13
B000CEFV8K,4.153846153846154,13
B001LF4DWE,4.384615384615385,13
B000NJE590,4.0,13
B000A3XHHK,4.846153846153846,13
B0070P41NK,4.769230769230769,13
B003JCIQGQ,4.384615384615385,13
B001LF4DO2,4.230769230769231,13
B001FSG9M4,4.3076923076923075,13
B000CEAW8Y,4.6923076923076925,13
B00EHPSZZ6,4.6923076923076925,13
B000WPJVFI,4.615384615384615,13
B0087XZ3A4,4.153846153846154,13
B008Y3LG4Y,4.846153846153846,13
B00260NL8K,4.461538461538462,13
B0012BXW1K,4.230769230769231,13
B009PBDXAY,4.3076923076923075,13
B000CEOT6A,4.6923076923076925,13
B000KYTUI4,4.153846153846154,13
B004R7QW68,4.923076923076923,13
B001LF4BEY,4.076923076923077,13
B001LF4CX4,4.615384615384615,13
B00AOJVJ0M,4.0,13
B003JEXUAQ,4.538461538461538,13
B004RKPV2Q,4.3076923076923075,13
B009SOHXOA,4.538461538461538,13
B006RIGOBI,4.0,13
B00H3AC2WE,4.538461538461538,13
B000J10IWA,4.0,13
B00CF40WGG,4.6923076923076925,13
B005AVMLII,4.846153846153846,13
B004389AO2,4.615384615384615,13
B000CCZ7ZE,4.461538461538462,13
B006RHI142,4.3076923076923075,13
B003IUFYSW,4.153846153846154,13
B004RV0B5C,4.461538461538462,13
B005AKKSE8,4.923076923076923,13
B0037LKYGE,4.3076923076923075,13
B005AKDQRE,4.769230769230769,13
B00B7FAK02,4.230769230769231,13
B0011ZX89S,4.461538461538462,13
B000J10IL6,4.769230769230769,13
B005AW82Z8,4.846153846153846,13
B00467Z9CC,4.6923076923076925,13
B005BKQCH4,4.615384615384615,13
B001BBOLOI,4.153846153846154,13
B000A408IA,4.538461538461538,13
B001BBMO2E,4.615384615384615,13
B00005NAOJ,4.230769230769231,13
B00AOXXJJ2,4.384615384615385,13
B00B83SVFY,4.769230769230769,13
B00B83RN7Q,4.769230769230769,13
B00121H478,4.846153846153846,13
B008X48GU6,4.230769230769231,13
B00HL6ZE9S,4.923076923076923,13
B0023UQIVU,4.076923076923077,13
B005B0HVME,4.461538461538462,13
B008B80RGA,5.0,13
B00589YBXU,4.615384615384615,13
B000C21050,4.3076923076923075,13
B000NISGD2,4.538461538461538,13
B000X474M0,4.461538461538462,13
B004UF1P3M,4.230769230769231,13
B003FKS2FM,4.153846153846154,13
B004UG348U,4.153846153846154,13
B0055FF2UI,4.6923076923076925,13
B00ATDGEQM,4.461538461538462,13
B003FMDZ8Y,4.538461538461538,13
B0010SLAZK,4.769230769230769,13
B000UWUBF2,4.230769230769231,13
B0055BMT8U,4.6923076923076925,13
B0010ODQI8,4.538461538461538,13
B0055B0VQ2,4.461538461538462,13
B001AQTRWU,4.461538461538462,13
B000PHVMC8,4.384615384615385,13
B008V5E804,4.153846153846154,13
B004U6KI0W,4.769230769230769,13
B001NTJDS2,4.538461538461538,13
B00IIZG80U,5.0,13
B001NTV6R8,4.769230769230769,13
B0010XYUBQ,4.615384615384615,13
B0055X2HHQ,4.769230769230769,13
B002RS6KNE,4.6923076923076925,13
B0038TN5RA,4.230769230769231,13
B0038TN6JM,4.6923076923076925,13
B000052YNB,4.923076923076923,13
B000052YLL,4.384615384615385,13
B001NYWVEA,4.6923076923076925,13
B003FBQI2K,4.3076923076923075,13
B001VJUX10,4.153846153846154,13
B001AROTLS,4.461538461538462,13
B00392HBQC,4.230769230769231,13
B0054URRQG,4.461538461538462,13
B000QUNDVM,4.538461538461538,13
B00ATWDORK,4.230769230769231,13
B0010BAE04,4.230769230769231,13
B003FBQH8A,4.461538461538462,13
B000NFEWQ0,4.538461538461538,13
B000B641GW,4.461538461538462,13
B001OLUNM4,4.538461538461538,13
B000B65J2W,4.3076923076923075,13
B00HAQM3NO,4.0,13
B000B5S5HY,4.6923076923076925,13
B0010ED34U,4.538461538461538,13
B004UMRRAK,4.0,13
B000C20ZG0,4.461538461538462,13
B001O707QU,4.6923076923076925,13
B003FBMGKI,4.769230769230769,13
B001VHNJUE,4.615384615384615,13
B00391ZHZU,4.153846153846154,13
B001OAV9Z0,4.923076923076923,13
B00G55LYS6,4.846153846153846,13
B00E0O1YKW,4.461538461538462,13
B001OBJFK0,4.6923076923076925,13
B001WAKUDO,4.076923076923077,13
B008CYGRR6,4.6923076923076925,13
B000C230V2,4.769230769230769,13
B00F89JKKO,4.230769230769231,13
B000ALBLAM,4.538461538461538,13
B002RT70UK,4.769230769230769,13
B00112FLSC,4.461538461538462,13
B00B5MRFHI,4.230769230769231,13
B003H2ATMM,4.769230769230769,13
B000JIKUZS,4.923076923076923,13
B001B8OKK6,4.461538461538462,13
B003H1F9PU,4.923076923076923,13
B0057K572Y,4.076923076923077,13
B00AQX83G4,4.230769230769231,13
B008UWEVIC,4.076923076923077,13
B008BJ5GMO,4.153846153846154,13
B008BCKW4S,4.0,13
B000JEWHWQ,4.615384615384615,13
B0002JMSQI,4.538461538461538,13
B002RT70WI,4.0,13
B00461K8TW,4.846153846153846,13
B0020MM9W8,4.153846153846154,13
B003HHHESY,4.076923076923077,13
B004SXTF2Y,4.230769230769231,13
B00CGCFX3E,4.3076923076923075,13
B008BICL78,4.538461538461538,13
B000AJ23EC,4.384615384615385,13
B00112DUA8,4.384615384615385,13
B000ALIMZE,4.076923076923077,13
B001NPJ1IS,5.0,13
B004TQOVBK,4.076923076923077,13
B008C95ZV0,4.461538461538462,13
B000X1LRAI,4.923076923076923,13
B0045W9YJC,4.6923076923076925,13
B003GD9E1E,4.615384615384615,13
B001NH6ZVW,5.0,13
B0043T2K7K,4.0,13
B003GYTOJ0,4.153846153846154,13
B004TS7YDU,4.538461538461538,13
B0056DCSW4,4.615384615384615,13
B000PGHVHY,4.6923076923076925,13
B00112DPEO,4.3076923076923075,13
B008C2YWJ8,4.230769230769231,13
B00112BUPK,4.6923076923076925,13
B00203KPGY,4.384615384615385,13
B00570AVSY,4.076923076923077,13
B006YYQ41U,4.076923076923077,13
B006YUO43E,4.3076923076923075,13
B00112AFD8,4.153846153846154,13
B001ZJ22KQ,4.461538461538462,13
B00B5FNYQG,4.3076923076923075,13
B00BG11YY8,4.230769230769231,13
B000Q1GWKA,4.076923076923077,13
B007PSACCG,4.384615384615385,13
B000GXDT1I,4.769230769230769,13
B004G2P3AU,4.230769230769231,13
B000MN5YPG,4.615384615384615,13
B00192SCJE,4.923076923076923,13
B001E5IG56,4.923076923076923,13
B0001B7MWM,4.3076923076923075,13
B004C41LNU,4.384615384615385,13
B003VKW4WS,4.769230769230769,13
B000FYZ6S2,4.153846153846154,13
B004C4G7AC,4.923076923076923,13
B007GECC4U,4.846153846153846,13
B00C64FM3I,4.769230769230769,13
B0002ZZT5Y,4.076923076923077,13
B0048042YI,4.846153846153846,13
B0016JA09U,4.6923076923076925,13
B003ZKCMDK,4.846153846153846,13
B001E6OAWS,4.3076923076923075,13
B001E6OBEA,4.076923076923077,13
B004FVROT0,4.615384615384615,13
B0019L154O,4.6923076923076925,13
B0017WFFKA,4.6923076923076925,13
B00028F0KU,4.3076923076923075,13
B00GO6RNFE,4.153846153846154,13
B00BJHY99G,4.076923076923077,13
B000H88QH4,4.538461538461538,13
B002VHHFX0,4.615384615384615,13
B003VFWF2W,4.615384615384615,13
B00074SBC8,4.538461538461538,13
B001ET76Q2,4.384615384615385,13
B003ZP6N12,4.230769230769231,13
B000O5702W,4.153846153846154,13
B007PVC51E,4.6923076923076925,13
B00070QQ88,4.3076923076923075,13
B000F8FBEC,4.3076923076923075,13
B000GI0RYU,4.6923076923076925,13
B002VI5Z5O,4.3076923076923075,13
B007PUHXBC,4.230769230769231,13
B002VIELAY,4.6923076923076925,13
B0066JUAAO,4.153846153846154,13
B005TTZF4S,4.461538461538462,13
B0047YUK6Y,4.384615384615385,13
B00024CSMC,4.538461538461538,13
B000ULR160,4.923076923076923,13
B002NKK60E,4.076923076923077,13
B0065NEQ9M,4.461538461538462,13
B001ET782E,4.3076923076923075,13
B0001EKQOK,4.461538461538462,13
B004FQK6CC,4.076923076923077,13
B009CAQM0Q,4.6923076923076925,13
B007OQD9AQ,4.384615384615385,13
B0001EKVGS,4.6923076923076925,13
B001E6TF3C,4.153846153846154,13
B002VWK99W,4.846153846153846,13
B000FKLBUS,4.230769230769231,13
B00DN0W6GA,4.076923076923077,13
B0016MJSNQ,4.615384615384615,13
B003WALJ6O,4.0,13
B001ESE21K,4.0,13
B00C5AHXEE,4.615384615384615,13
B000ULJNEI,4.3076923076923075,13
B001ESA2ZA,4.769230769230769,13
B000MQQXYE,4.846153846153846,13
B005VME166,4.3076923076923075,13
B002KYDV8C,4.076923076923077,13
B0019J6XNO,4.769230769230769,13
B00FM6WZQ4,4.153846153846154,13
B001CL9XHC,4.538461538461538,13
B000VSBLSQ,4.846153846153846,13
B005V6Y0X6,4.923076923076923,13
B000O3I08W,4.923076923076923,13
B004CCJH2O,4.3076923076923075,13
B0016JFH3O,4.384615384615385,13
B001CL6QHM,4.923076923076923,13
B0016JHJQW,4.0,13
B006HTNOHY,4.769230769230769,13
B001E6OWUI,4.769230769230769,13
B003VRC12O,4.076923076923077,13
B002XRXDK2,4.384615384615385,13
B0006IJ6KQ,4.538461538461538,13
B001ET6XRA,4.076923076923077,13
B007GPHY2Y,4.0,13
B007OWQEAC,4.769230769230769,13
B004CG0RLK,4.769230769230769,13
B002HEW834,4.230769230769231,13
B00H927WRG,4.461538461538462,13
B000VOHI3C,4.384615384615385,13
B001E6QD2S,4.153846153846154,13
B001EUMKZ8,4.3076923076923075,13
B009ZKMOSW,4.615384615384615,13
B00GRS9SZ2,4.846153846153846,13
B005RENV7I,4.6923076923076925,13
B002VA4FVM,4.3076923076923075,13
B0099XLN5A,5.0,13
B00HG07W80,4.923076923076923,13
B0018Y6D1M,4.076923076923077,13
B004BK40ME,4.3076923076923075,13
B003ZWXCBE,4.0,13
B009ZOLJBG,4.461538461538462,13
B007RG8UK2,4.153846153846154,13
B007RFQB40,4.384615384615385,13
B000FNBYO8,4.846153846153846,13
B000ULI3Y4,5.0,13
B005RQ3VJE,4.461538461538462,13
B000NU2OR4,4.6923076923076925,13
B000O7CCU0,4.461538461538462,13
B009A0VT1K,4.538461538461538,13
B0047UV12A,4.846153846153846,13
B003V3YIJC,4.538461538461538,13
B009IROIRM,4.769230769230769,13
B002VBLTQK,4.461538461538462,13
B004BOUWD6,4.153846153846154,13
B003UYP49K,4.384615384615385,13
B005PZRWRE,4.230769230769231,13
B001ET8QJI,4.615384615384615,13
B000MIGYYQ,4.923076923076923,13
B002FCB848,4.615384615384615,13
B005Q80W5E,4.3076923076923075,13
B0047TIQC4,4.153846153846154,13
B005QHGCCM,4.076923076923077,13
B001ET7L4Y,4.769230769230769,13
B001ET7KCW,4.615384615384615,13
B005QO3HVE,4.3076923076923075,13
B00FGJQOKK,4.6923076923076925,13
B000F4GLTU,4.846153846153846,13
B002FP7Q2I,4.076923076923077,13
B002Z7FUS8,4.615384615384615,13
B009VT5T8Y,4.6923076923076925,13
B0099UX630,4.076923076923077,13
B001ET7IKG,4.6923076923076925,13
B0007CXXWS,4.3076923076923075,13
B00J1MYWES,4.538461538461538,13
B005S01PNS,4.384615384615385,13
B0006DPMUY,4.846153846153846,13
B00D6NCBNM,4.230769230769231,13
B00183MTKC,4.3076923076923075,13
B00A086MGI,4.6923076923076925,13
B009AIF1VQ,4.6923076923076925,13
B003VC8J7K,4.0,13
B009AMYRVW,4.230769230769231,13
B007FKFALC,4.538461538461538,13
B0067YTWF2,4.769230769230769,13
B006L1ZOYE,4.461538461538462,13
B009AOJVCU,4.461538461538462,13
B000TC1CRE,4.384615384615385,13
B000TC1CVK,4.615384615384615,13
B00A8JMP1K,4.076923076923077,13
B002YLT6J4,4.6923076923076925,13
B000VUUSQA,4.923076923076923,13
B002GN6OK4,4.384615384615385,13
B0016AXDIO,4.230769230769231,13
B0006FTD0W,4.6923076923076925,13
B00A8G7ZJ0,4.6923076923076925,13
B004BV3QIM,5.0,13
B004283D64,4.076923076923077,13
B009ACEO7E,4.6923076923076925,13
B009AB005U,4.615384615384615,13
B0016430QK,4.0,13
B002GCKPGE,4.615384615384615,13
B004BPSWOQ,4.846153846153846,13
B004BQBDUA,4.153846153846154,13
B000F5VOVO,4.538461538461538,13
B00D0MT0F6,4.923076923076923,13
B004BQKWH0,4.538461538461538,13
B000GIOC1O,4.846153846153846,13
B0068OU494,4.3076923076923075,13
B005SJ0MJM,4.769230769230769,13
B002G7CPS0,4.538461538461538,13
B000FTVBUE,4.538461538461538,13
B007R3SGVI,5.0,13
B00A03CTBK,5.0,13
B001ET7ALS,4.230769230769231,13
B0068DG688,4.461538461538462,13
B000NW6QH6,4.0,13
B0017T29HU,4.615384615384615,13
B001CS8BVO,4.615384615384615,13
B002IOGLPY,4.538461538461538,13
B003YNIK4S,4.076923076923077,13
B00762WE86,4.923076923076923,13
B0006NZLC8,4.0,13
B000GI3TWM,4.384615384615385,13
B000FVHS9U,4.461538461538462,13
B000VOJQL4,4.769230769230769,13
B006IHP5V8,4.615384615384615,13
B0001TIL0Q,4.461538461538462,13
B0017DQH1A,4.384615384615385,13
B002N5MKCQ,4.230769230769231,13
B001E96OEW,4.923076923076923,13
B000VOJQQ4,4.0,13
B00DLJ7LJA,4.6923076923076925,13
B001E96NY8,4.846153846153846,13
B004DXKI98,4.076923076923077,13
B001E96NQG,4.538461538461538,13
B004D9NE7U,4.3076923076923075,13
B000FKGRMK,4.6923076923076925,13
B0006NZ2G8,4.153846153846154,13
B002WJHJVU,4.384615384615385,13
B002WJHJW4,4.923076923076923,13
B00C3JYWAU,4.6923076923076925,13
B001E7B9CG,4.846153846153846,13
B003YM4J4E,4.0,13
B000VOPB4A,4.538461538461538,13
B001E77PLK,4.3076923076923075,13
B000NXW5TS,5.0,13
B001ECQ3EU,4.846153846153846,13
B00A4OLYWA,5.0,13
B007MFMHSE,4.846153846153846,13
B007MCV8VY,4.384615384615385,13
B0062W4J6Q,4.230769230769231,13
B0001M3K5E,4.230769230769231,13
B001CRUEJM,4.0,13
B0006O2HQ0,4.538461538461538,13
B0001ZZK0O,4.6923076923076925,13
B002IJ7X1A,4.461538461538462,13
B005ZXMEBA,4.923076923076923,13
B0001ZZHKM,4.846153846153846,13
B001CRVFWM,4.384615384615385,13
B004D8NZ84,4.538461538461538,13
B00604MSPU,4.0,13
B00604MTQI,4.384615384615385,13
B007I8C33Y,4.0,13
B001E8HJVA,4.461538461538462,13
B002IWZVTS,4.846153846153846,13
B005VOGAB8,4.538461538461538,13
B009FP6NZ2,4.384615384615385,13
B007JY5ZRS,4.6923076923076925,13
B004DJRJ1W,4.076923076923077,13
B007JWV5TM,4.615384615384615,13
B00BPPRY8K,4.230769230769231,13
B00623F6IU,4.615384615384615,13
B00FK05IQG,4.230769230769231,13
B00026ITJ6,4.769230769230769,13
B007JMK7FU,4.6923076923076925,13
B002JF6CR4,4.384615384615385,13
B002WLKN9S,4.230769230769231,13
B003YC0LQE,4.461538461538462,13
B009GBOBVI,4.384615384615385,13
B001E95GUK,4.538461538461538,13
B0019AETRK,4.769230769230769,13
B009G7L94Y,4.230769230769231,13
B000VOLNNS,4.769230769230769,13
B0001XQNLQ,4.615384615384615,13
B000NOAU30,4.3076923076923075,13
B001E95GX2,4.3076923076923075,13
B00A3FV4PC,4.0,13
B0061YRX6I,4.153846153846154,13
B002JCSM34,4.076923076923077,13
B001E8L4SE,4.076923076923077,13
B0062BM1DU,4.6923076923076925,13
B002TR2FDW,4.384615384615385,13
B007KBLJ8E,4.230769230769231,13
B007KAXEXS,4.615384615384615,13
B002J374KA,4.461538461538462,13
B004DPFDLE,4.615384615384615,13
B003Y54QB2,4.769230769230769,13
B002JXJ9J4,4.6923076923076925,13
B0017JRJ8Y,4.384615384615385,13
B0017JRKNS,4.538461538461538,13
B002WWI1QY,4.923076923076923,13
B00FKD1CEU,4.384615384615385,13
B00BMLZGL4,4.0,13
B00BMLOJK8,4.769230769230769,13
B0041RHEES,4.846153846153846,13
B007IVUDNI,4.384615384615385,13
B000GIH1P8,4.538461538461538,13
B007IVW0MK,4.153846153846154,13
B004DE3YAC,4.538461538461538,13
B001ECQ40S,4.0,13
B005ZBVGNY,4.0,13
B0019GA4AK,4.153846153846154,13
B001E724DO,4.076923076923077,13
B000O2RF70,4.461538461538462,13
B0016ZNYB0,4.615384615384615,13
B0006LNBRW,4.076923076923077,13
B003WYRNYW,4.0,13
B006I8YFU4,4.076923076923077,13
B000FCRQK0,4.461538461538462,13
B007NJ94U8,4.538461538461538,13
B00EWNOK5C,4.6923076923076925,13
B000FKJQ14,5.0,13
B000FKJPGA,4.3076923076923075,13
B005WKS9RO,4.6923076923076925,13
B005WWBGPO,4.6923076923076925,13
B000FKJP9C,4.615384615384615,13
B003X4JHTK,4.6923076923076925,13
B0002Z8ML2,4.615384615384615,13
B000FDCXPW,4.846153846153846,13
B002XQ1RBK,4.6923076923076925,13
B007HNCDL2,4.615384615384615,13
B002HRENV6,4.076923076923077,13
B007HKOVIS,4.461538461538462,13
B004D55E4K,5.0,13
B00H8ZLVTE,4.538461538461538,13
B004232R9S,4.615384615384615,13
B00021719U,4.0,13
B0002Z8K1O,4.538461538461538,13
B0017STP82,4.769230769230769,13
B005VUH6M4,4.153846153846154,13
B0016OCU3O,4.153846153846154,13
B003WQKZHW,4.615384615384615,13
B00DMLL9EU,4.3076923076923075,13
B00J72T0P8,4.923076923076923,13
B00BKOFL6I,4.076923076923077,13
B006JU247M,4.3076923076923075,13
B005W5LP9I,4.615384615384615,13
B002N4HS8I,4.769230769230769,13
B004883YU8,4.153846153846154,13
B006I33WQM,4.461538461538462,13
B0063V2Z3U,4.461538461538462,13
B007N6WQ1U,4.076923076923077,13
B004D26992,4.153846153846154,13
B002WCN14Q,4.076923076923077,13
B00639DKQS,4.769230769230769,13
B0001K55RW,4.461538461538462,13
B00197NXRU,4.769230769230769,13
B0017QK4BQ,4.923076923076923,13
B000VOPJGU,4.6923076923076925,13
B000VOJMS6,4.615384615384615,13
B001ECQ4U8,4.461538461538462,13
B007MJKIC2,4.0,13
B003YQY4WM,4.846153846153846,13
B004D3485I,4.846153846153846,13
B00197VCYG,4.6923076923076925,13
B001ECQ4SA,4.769230769230769,13
B002KANW6M,4.153846153846154,13
B002XITYV8,4.6923076923076925,13
B003YOVECW,4.3076923076923075,13
B003XKBRP6,4.0,13
B005ZA6K8Q,4.153846153846154,13
B000MTSVZU,4.6923076923076925,13
B001EJ1FXC,4.3076923076923075,13
B000VQ4ZTU,4.076923076923077,13
B000FW62MI,4.846153846153846,13
B0006PS3G2,4.923076923076923,13
B004FEDD6U,4.230769230769231,13
B0019662YM,4.230769230769231,13
B00D149SVY,4.3076923076923075,13
B001COZ48G,4.769230769230769,13
B003XF4LKE,4.615384615384615,13
B009M9HDDC,4.461538461538462,13
B0063KY0GG,4.3076923076923075,13
B002I1XTSY,4.769230769230769,13
B009WKMFL6,4.538461538461538,13
B005XS1O0Y,4.615384615384615,13
B001ECZJYU,4.6923076923076925,13
B007FJPN7O,4.538461538461538,13
B0007NO6W8,4.769230769230769,13
B00DQ5NFO4,4.615384615384615,13
B00DQNN29Y,4.384615384615385,13
B0007PM2W2,4.769230769230769,13
B005OS6K0W,4.615384615384615,13
B009YHV1KS,4.769230769230769,13
B0096UGXKG,4.923076923076923,13
B0018MIN9O,4.461538461538462,13
B003U5A59I,4.769230769230769,13
B00986SU2C,4.076923076923077,13
B001FB5U0I,4.615384615384615,13
B005OTFFV6,4.153846153846154,13
B0096UEDLM,4.6923076923076925,13
B005OTFGZ6,4.461538461538462,13
B002U2I9VS,4.461538461538462,13
B006DJLXBC,4.615384615384615,13
B003TA1GEC,4.6923076923076925,13
B009Y6DHX8,4.3076923076923075,13
B003U4H3B2,4.153846153846154,13
B007TEY1KK,4.0,13
B003TJ8IVC,4.230769230769231,13
B0015FTULY,4.6923076923076925,13
B000GLHNOO,4.230769230769231,13
B000NSR69M,4.6923076923076925,13
B0030HKPVO,4.153846153846154,13
B0073SBGAU,4.230769230769231,13
B001F0RAXE,4.615384615384615,13
B001DKK9X4,4.615384615384615,13
B0004E90P8,4.0,13
B001F0RBDS,4.230769230769231,13
B001543FF2,4.769230769230769,13
B004B4066E,4.384615384615385,13
B002UEIIO4,4.230769230769231,13
B004IU0BEI,4.461538461538462,13
B002EA3K6A,4.3076923076923075,13
B002U2SS7I,4.538461538461538,13
B00023DIAY,4.6923076923076925,13
B004HIBLNQ,4.3076923076923075,13
B006C0LKLA,4.384615384615385,13
B004ABTM2C,4.3076923076923075,13
B003T12MHG,4.230769230769231,13
B004HGWH36,4.769230769230769,13
B0041HQNL8,4.076923076923077,13
B00FP6OMRG,4.3076923076923075,13
B002D48QY8,4.0,13
B000M8ZRJO,4.3076923076923075,13
B000FS70ZA,4.6923076923076925,13
B004ADAWCY,4.461538461538462,13
B007BLHNWO,4.615384615384615,13
B00066N94M,4.769230769230769,13
B001F0K8EW,4.6923076923076925,13
B009K259T6,5.0,13
B0018JIWVG,4.923076923076923,13
B002O628KS,4.615384615384615,13
B00JR9UOM4,4.6923076923076925,13
B000MDDSUY,4.615384615384615,13
B001CERZ7O,4.3076923076923075,13
B007T1JV5S,4.846153846153846,13
B004074PA0,4.538461538461538,13
B005OZN56M,4.846153846153846,13
B005MRS346,4.0,13
B000VIO55C,4.384615384615385,13
B003U30LSA,4.3076923076923075,13
B009KSQM82,4.6923076923076925,13
B004HGBHJ6,4.230769230769231,13
B001FB5I7I,4.538461538461538,13
B000VHH73A,4.384615384615385,13
B00GMMFE6U,4.615384615384615,13
B0018XVPH0,4.615384615384615,13
B000NN1WVA,4.769230769230769,13
B000HJUXJC,4.538461538461538,13
B000NPNPZ4,4.6923076923076925,13
B00CY2IAUE,4.0,13
B000168CJO,4.923076923076923,13
B0030CVARW,4.769230769230769,13
B001F51TQ8,4.6923076923076925,13
B00BHA9OKY,4.0,13
B001FB5I8W,4.538461538461538,13
B007UTZR0M,4.076923076923077,13
B00AB79G6Q,4.538461538461538,13
B000SRVRAM,4.615384615384615,13
B001C9VNIQ,4.384615384615385,13
B006F5R29Q,4.538461538461538,13
B00BOV7AWK,4.769230769230769,13
B00C7Z62BM,4.615384615384615,13
B009XRM1X0,4.461538461538462,13
B00158OO1M,4.384615384615385,13
B007U8PQSQ,4.153846153846154,13
B006EP6VJE,4.769230769230769,13
B00BOUQKWW,4.153846153846154,13
B002UL35B8,4.153846153846154,13
B0073LATKK,4.846153846153846,13
B001F51VP2,5.0,13
B006ENQEQG,4.461538461538462,13
B007B0EDQY,4.923076923076923,13
B006MMOZC4,4.230769230769231,13
B002DOV0KU,4.384615384615385,13
B005NWO9SE,4.461538461538462,13
B000EVIV7E,4.076923076923077,13
B0030H2JZ4,4.384615384615385,13
B00F1D56HI,4.615384615384615,13
B005OHQUG2,4.0,13
B000UI9H0G,4.6923076923076925,13
B007AM9FG6,4.076923076923077,13
B005N004NA,4.153846153846154,13
B001551OIG,4.230769230769231,13
B002SRDSUC,5.0,13
B005OKLW94,4.923076923076923,13
B00307CD46,4.153846153846154,13
B006E4IZPS,4.3076923076923075,13
B001CD3VB4,4.230769230769231,13
B0073L2PLQ,4.461538461538462,13
B00065CZ8O,4.3076923076923075,13
B005OMSQQO,4.6923076923076925,13
B00EUBPHR6,4.769230769230769,13
B001555G26,4.384615384615385,13
B000MASTME,4.153846153846154,13
B0077RYSDY,4.461538461538462,13
B007B5D9C8,4.769230769230769,13
B00156C2GI,4.076923076923077,13
B00308K45A,4.384615384615385,13
B003USGM9M,4.230769230769231,13
B002UKP1AM,4.0,13
B005NB61W2,4.153846153846154,13
B006FJEFJM,4.3076923076923075,13
B003TMLSFM,4.230769230769231,13
B002SRHLD2,4.461538461538462,13
B001DF65WI,4.538461538461538,13
B000VVIRWG,4.461538461538462,13
B00064SYTO,4.384615384615385,13
B000VHPEUS,4.461538461538462,13
B002DPUY88,4.384615384615385,13
B0018XY3MO,4.538461538461538,13
B000MAPBS4,4.615384615384615,13
B007V5PW8M,4.461538461538462,13
B002ERZ09S,4.384615384615385,13
B001DRHKNY,4.769230769230769,13
B001EWF2FG,4.076923076923077,13
B00152SBQW,4.769230769230769,13
B00014G6RQ,4.153846153846154,13
B009909F3U,4.153846153846154,13
B000VFWWFA,4.076923076923077,13
B0007D9RO0,4.461538461538462,13
B003UMIH6O,4.615384615384615,13
B000VJXEMG,4.615384615384615,13
B009L6NW4U,4.6923076923076925,13
B003STR8WS,4.384615384615385,13
B00992J1L4,4.538461538461538,13
B000F3FWOQ,4.846153846153846,13
B0098TI9AM,4.769230769230769,13
B0015VI0L4,4.153846153846154,13
B000T1Z3RK,4.615384615384615,13
B00C8SZBLK,4.461538461538462,13
B000NPCND4,4.076923076923077,13
B005P2IAM8,4.230769230769231,13
B0018R3OJI,4.769230769230769,13
B000VG3RSA,4.076923076923077,13
B004BCTC16,4.769230769230769,13
B002LM9OKW,4.384615384615385,13
B002ZJWDBI,4.3076923076923075,13
B00ACOIR5O,4.615384615384615,13
B001FOSGPG,4.0,13
B00414411K,4.076923076923077,13
B001EWF1QG,4.6923076923076925,13
B007DZIB4W,4.615384615384615,13
B000ULETJC,4.461538461538462,13
B001CZYRDS,4.538461538461538,13
B001FQT73E,4.846153846153846,13
B007RNYX4W,4.615384615384615,13
B006A8O16A,4.230769230769231,13
B005M88DKO,4.846153846153846,13
B000VWQAXS,4.6923076923076925,13
B000O7NLKK,4.076923076923077,13
B004BEB9SI,4.538461538461538,13
B00F2VD6FS,4.0,13
B0069XC9HE,4.0,13
B005MF748O,4.153846153846154,13
B0018BYL7I,4.384615384615385,13
B009V0Z7VW,4.3076923076923075,13
B00DPAB38A,4.0,13
B00BW9T93C,5.0,13
B00BZ19QTY,4.769230769230769,13
B000UD5LAG,4.769230769230769,13
B000F4CXTC,4.538461538461538,13
B004BCZ792,4.769230769230769,13
B000HP4CGQ,4.076923076923077,13
B007D021U2,4.153846153846154,13
B005PI1YQG,4.076923076923077,13
B0015LTEBE,4.6923076923076925,13
B000T1TM18,4.6923076923076925,13
B00152TTCW,4.923076923076923,13
B005P0S9LC,4.3076923076923075,13
B003UFJ5L2,5.0,13
B006GDJM40,4.153846153846154,13
B00014GVHQ,4.615384615384615,13
B00016X3KC,4.230769230769231,13
B007D021F2,4.384615384615385,13
B001EWF3LE,4.6923076923076925,13
B005P0TF2Y,4.615384615384615,13
B00HZZPDY6,4.846153846153846,13
B006LLSXLU,4.153846153846154,13
B001D3O18U,4.384615384615385,13
B007V685H6,4.076923076923077,13
B005MLA1JM,4.461538461538462,13
B003UFPOKI,4.615384615384615,13
B002EBKV2U,4.6923076923076925,13
B0002260RI,4.615384615384615,13
B009VL7CA0,4.461538461538462,13
B002M980JK,4.615384615384615,13
B007480TQ6,4.538461538461538,13
B000ES2EHA,4.384615384615385,13
B0002VSPO0,4.076923076923077,13
B00ACN68YC,4.846153846153846,13
B003UHACG2,4.076923076923077,13
B007SYVOQ0,4.538461538461538,13
B000X4NET2,4.166666666666667,12
B00GBI590Q,4.916666666666667,12
B006VYICS6,5.0,12
B006GQHYW4,4.583333333333333,12
B001O1ZQNU,4.5,12
B009SALE9O,4.416666666666667,12
B000TZZF3I,4.083333333333333,12
B001E76A3E,4.833333333333333,12
B000R2ZZBK,4.583333333333333,12
B001E95F7E,4.583333333333333,12
B0019AAENS,4.083333333333333,12
B000Q37XLU,5.0,12
B0078SL2UY,4.75,12
B00ECXX9L8,4.833333333333333,12
B001MV5TVG,4.916666666666667,12
B001E95G46,5.0,12
B0055FF2HG,4.25,12
B00JG810J2,4.583333333333333,12
B00AYDN0EG,4.25,12
B0055H4HOS,4.333333333333333,12
B0055FF2MG,4.5,12
B0056AMICC,4.666666666666667,12
B001RV9FT8,4.0,12
B006F6212I,4.166666666666667,12
B001NH3QVE,4.916666666666667,12
B001O62VC4,4.5,12
B007HNOMKW,4.916666666666667,12
B008MI0FA2,4.5,12
B008MI0F7K,4.5,12
B004Z1WBFM,4.166666666666667,12
B006G3B5XQ,4.333333333333333,12
B001D02GL2,4.166666666666667,12
B000052YJU,4.083333333333333,12
B0000531IM,4.333333333333333,12
B000V1GPJS,4.0,12
B00GCPT0EO,5.0,12
B000XZKFTS,4.583333333333333,12
B001O724MA,4.25,12
B006TURTSG,4.166666666666667,12
B006F5NOFW,5.0,12
B000VHFZO8,4.75,12
B008CC4FKY,4.583333333333333,12
B0017QSW8I,4.666666666666667,12
B001CZKXD6,4.083333333333333,12
B0018ODYOQ,4.583333333333333,12
B001RV9FSO,4.416666666666667,12
B00JO279E0,4.916666666666667,12
B000XHZMDU,4.583333333333333,12
B006YHWL1Y,4.166666666666667,12
B008UE2XAI,4.75,12
B0056GHQE6,4.75,12
B004Z2SRIG,4.833333333333333,12
B00L8JBNE4,4.833333333333333,12
B009H0WFNY,4.25,12
B000BR38JW,4.666666666666667,12
B001CT03H8,4.833333333333333,12
B000052Y2F,4.333333333333333,12
B0057UOZ2C,4.25,12
B0002JBQFW,4.666666666666667,12
B0018QI0EI,4.0,12
B006VXZXQG,4.166666666666667,12
B00E67ZAVM,4.916666666666667,12
B000052Z89,4.0,12
B008OF7PTM,4.333333333333333,12
B009SDJQCI,4.5,12
B000XQNFV2,4.166666666666667,12
B008CZBY96,4.416666666666667,12
B0079MPY9O,5.0,12
B00ARPG62O,4.833333333333333,12
B004YTGC1Y,4.416666666666667,12
B006GU1B5Q,4.583333333333333,12
B007I5256C,4.0,12
535795531X,4.833333333333333,12
B00ASHRF8K,4.583333333333333,12
B0062BE1NI,4.083333333333333,12
B000052YP9,4.333333333333333,12
B009GLPE5K,4.5,12
B0056C253C,4.416666666666667,12
B009LNFMMI,4.75,12
B008U1G2O4,4.333333333333333,12
B00794YU60,4.0,12
B006FK4WZS,4.416666666666667,12
B000Q33DBE,4.0,12
B000UWQUK2,4.75,12
B004Z94GN4,4.666666666666667,12
B0000530LV,4.166666666666667,12
B007ILHSP4,4.083333333333333,12
B0001Z980C,4.666666666666667,12
B009GIVURO,4.0,12
B001RYNN2K,4.0,12
B008TYO2KI,4.416666666666667,12
B0062W4LU0,4.666666666666667,12
B008N1M36C,4.5,12
B000X1DKF8,4.416666666666667,12
B001CT064S,4.25,12
B0062QU556,4.416666666666667,12
B00565WZT8,4.166666666666667,12
B008D5HPKM,4.083333333333333,12
B000X3XVTQ,4.333333333333333,12
B000V3MRTI,4.0,12
B004YRP2YO,4.5,12
B00F2RAETS,4.666666666666667,12
B00GXXH2FE,4.333333333333333,12
B006IH2O9E,4.416666666666667,12
B0055Q5SKQ,4.0,12
B0057665GK,4.0,12
B001MXCPCU,4.25,12
B007HUBT4W,4.333333333333333,12
B00A2XU2X0,4.166666666666667,12
B000052YMU,4.583333333333333,12
B001MYLLSI,4.166666666666667,12
B0055WQCLE,4.25,12
B00IPJW62I,4.583333333333333,12
B000XPTS8M,4.5,12
B007824UFO,4.75,12
B001E95F6K,4.583333333333333,12
B008D5UXTC,4.5,12
B0056EBH3E,4.5,12
B0056C6L4Q,4.166666666666667,12
B000052ZAY,4.666666666666667,12
B008U2XT9E,4.333333333333333,12
B001NJLBV4,4.25,12
B000Q2ZPIE,4.166666666666667,12
B00GCG4OQ2,4.416666666666667,12
B00F2XHP44,4.166666666666667,12
B00631ND6I,4.333333333333333,12
B001SAXN1Y,4.083333333333333,12
B008D6RCTA,4.166666666666667,12
B000052YOT,4.333333333333333,12
B007AKVLJW,4.083333333333333,12
B008JBK2YG,4.333333333333333,12
B006H9BGM4,4.083333333333333,12
B00684LZB0,4.333333333333333,12
B000QFCK1Q,4.166666666666667,12
B001PGHLKK,4.666666666666667,12
B001PDDWQ0,4.666666666666667,12
B0052P10ZM,4.666666666666667,12
B00EYZY6LQ,4.5,12
B0052P1160,4.75,12
B009YSOK8C,4.75,12
B0052P1B7O,4.75,12
B009WVF2NI,4.25,12
B001DOOMEC,4.666666666666667,12
B007FKFSLO,4.25,12
B00JSB0ERG,5.0,12
B00E8JQMSS,4.0,12
B006UJE1UU,4.25,12
B00EZAV1WW,4.833333333333333,12
B00766SH60,4.666666666666667,12
B0052D4EIE,4.416666666666667,12
B001E0SPSY,4.833333333333333,12
B0052IQTDW,5.0,12
B000BIZSY4,4.666666666666667,12
B001QT75HU,4.25,12
B0052MTI2M,4.0,12
B008PDW8O0,4.166666666666667,12
B007FG3BSA,4.416666666666667,12
B001E0XSE0,4.666666666666667,12
B0077CUYLY,4.166666666666667,12
B000YL3V5G,4.25,12
B001QX4GDC,4.75,12
B001PAQ7SS,4.416666666666667,12
B00EA5AWR2,4.25,12
B0067H6KYU,4.0,12
B000B9RJ5Y,4.25,12
B001E54G9Q,4.75,12
B006C6BCZS,4.75,12
B0017ZUZ3O,4.666666666666667,12
B000ULJE6U,4.666666666666667,12
B009I0LPKM,4.916666666666667,12
B000ZF4T5W,4.0,12
B006CD3FWO,4.166666666666667,12
B0018H3LAK,4.166666666666667,12
B001CYC3SA,4.5,12
B0002J35M4,4.75,12
B007CY2PZ0,4.166666666666667,12
B001E3VK3I,4.5,12
B001CTI3MU,4.416666666666667,12
B0067SFT28,4.5,12
B000UZDA4I,4.833333333333333,12
B00J85NDWK,4.166666666666667,12
B001E4RZQS,4.833333333333333,12
B000B9RUZI,4.833333333333333,12
B00AW1AFI4,4.25,12
B0018ZMKW2,4.25,12
B00185QT9W,4.583333333333333,12
B008Q8XJV0,4.25,12
B000699NYO,4.166666666666667,12
B006H9R72C,4.416666666666667,12
B007E049VU,4.916666666666667,12
B001PYO3PI,4.25,12
B000XE6C2I,4.333333333333333,12
B001DVXMFK,4.416666666666667,12
B008K8CMX2,4.583333333333333,12
B00069Q3LU,4.083333333333333,12
B0051BXA1Y,4.916666666666667,12
B000BF6ZCQ,5.0,12
B00FGDX3UA,4.666666666666667,12
B008JW38B4,5.0,12
B007E5B8FU,4.083333333333333,12
B008Q02432,4.416666666666667,12
B0051OKXEI,4.0,12
B00AWR9DRM,4.333333333333333,12
B006A4D73W,4.083333333333333,12
B00KTP8Q1G,4.5,12
B00021DDCE,4.5,12
B000BGRC5E,4.833333333333333,12
B000XE5M06,5.0,12
B0051M47T2,4.083333333333333,12
9790778872,4.833333333333333,12
B001CX02C0,4.666666666666667,12
B009IS1SWY,4.916666666666667,12
B00GOYH4PA,5.0,12
B00JRGQ09S,4.833333333333333,12
B008IDO99Y,4.5,12
B000Z603M4,4.333333333333333,12
B006X1CALW,4.75,12
B00E9JIUQ4,4.333333333333333,12
B000YQ9EDY,4.166666666666667,12
B000BD0NQM,4.0,12
B007D4S3BO,4.916666666666667,12
B001DR2L24,4.5,12
B008I2ICIO,4.416666666666667,12
B007EZKLP8,4.416666666666667,12
B000Z5ZTI8,4.083333333333333,12
B001PTFWZ8,4.416666666666667,12
B001DYK73W,4.333333333333333,12
B007DKYTRU,4.166666666666667,12
B000XE6JQM,4.916666666666667,12
B000YTA4RG,4.666666666666667,12
B009R4P0VY,4.5,12
B000689ZQ6,4.416666666666667,12
B00F0IWRVW,4.583333333333333,12
B006HGZWM2,4.416666666666667,12
B000BEZVTA,4.583333333333333,12
B00518N2J2,4.166666666666667,12
B00518N2II,4.583333333333333,12
B00698F4AS,4.5,12
B000QE7LRU,4.083333333333333,12
B0006B0W1A,4.083333333333333,12
B0002EZXTW,4.333333333333333,12
B006CO40BI,4.833333333333333,12
B000UIBDRQ,4.833333333333333,12
B008S4JLE6,4.5,12
B008M4KIU8,4.583333333333333,12
B000B65IXC,4.083333333333333,12
B001DJ9WAQ,4.166666666666667,12
B001OKZ78K,4.583333333333333,12
B007HEWP1E,4.333333333333333,12
B0002170DC,4.25,12
B0054NV8JA,4.833333333333333,12
B00500W7DI,4.666666666666667,12
B001OID5L8,4.833333333333333,12
B0054HAT6E,4.083333333333333,12
B006U08600,4.333333333333333,12
B00L5BXG36,5.0,12
B008F7768Y,4.5,12
B00652Y6MK,4.583333333333333,12
974619187X,4.833333333333333,12
B009XXO9HK,5.0,12
B008S0ZQI0,4.916666666666667,12
B001R8YZI2,4.666666666666667,12
B000V0Y91U,4.416666666666667,12
B001R92ROK,4.666666666666667,12
B000QU95JG,4.333333333333333,12
B007H8CQN2,4.166666666666667,12
B0054GMA6M,4.666666666666667,12
B000V3J4MQ,4.083333333333333,12
B008MADHTQ,4.333333333333333,12
B009QZ69QY,4.083333333333333,12
B009QYO5XE,4.333333333333333,12
B00ATQAEP6,5.0,12
B00640E21S,4.5,12
B0018O07RI,4.25,12
B000BO6F1S,4.5,12
B000Y0UIVW,4.583333333333333,12
B0054YMOFG,4.25,12
B009XV32W0,4.416666666666667,12
B000QUZIUQ,4.083333333333333,12
B001O9CR2K,4.583333333333333,12
B000051XYY,4.416666666666667,12
B001B66AUQ,4.25,12
B001E724CA,4.416666666666667,12
B0064LHXIG,4.333333333333333,12
B000ULGNAA,4.583333333333333,12
B00103KVGE,4.666666666666667,12
B000U0O4C0,4.75,12
B001E6USD8,4.25,12
B0064FQDM4,4.666666666666667,12
B004ZYAHDC,4.416666666666667,12
B00194NIU0,4.583333333333333,12
B00642PJK4,4.5,12
B008GTO3RS,4.916666666666667,12
B008OY2250,4.25,12
B006WORRM2,4.25,12
B000B9N0NE,4.083333333333333,12
B005367VR6,4.166666666666667,12
978807247X,4.333333333333333,12
B000YDAW3I,4.25,12
B000XDYHKS,4.833333333333333,12
B009R01FGW,4.833333333333333,12
B000BL0B84,4.5,12
B008G8HQMI,4.916666666666667,12
B0017V207M,4.916666666666667,12
B00EAHT7W6,4.666666666666667,12
B0017ZM0I2,4.833333333333333,12
B00G7TP6QQ,4.416666666666667,12
B000ZH7E3O,4.583333333333333,12
B00EY9MJR0,4.166666666666667,12
9788074359,4.333333333333333,12
B001AV40V8,4.666666666666667,12
B001P513OQ,5.0,12
B006UR2B36,4.666666666666667,12
B00G7SGYUY,4.166666666666667,12
B008GC8V8C,4.583333333333333,12
B000ZLVXLE,4.666666666666667,12
B000B9L5XG,4.833333333333333,12
B00AU829CY,4.5,12
B00A1M4SV4,4.75,12
B001OOLOVK,4.416666666666667,12
B001E6SBY6,4.083333333333333,12
B001ARQWY0,4.25,12
B008FKGDZS,5.0,12
B008OTS164,4.416666666666667,12
B009HM88QK,4.416666666666667,12
B001OOLOOM,4.333333333333333,12
B000B74V9S,4.166666666666667,12
B0018MUXLK,4.583333333333333,12
B0053Y9VGW,4.083333333333333,12
B0053CKZVO,4.583333333333333,12
B006V2OOJY,4.75,12
B0018MNYNE,4.166666666666667,12
B000V0MRLY,5.0,12
B000BLAPQC,4.5,12
B0053EPT1I,4.083333333333333,12
B0065AM2UA,4.416666666666667,12
B000219ZSU,4.5,12
B007GQLXJI,4.75,12
B008FTQRFA,4.666666666666667,12
B006DU3KD0,4.916666666666667,12
B008FSB3LY,4.5,12
B007W1E3VC,4.25,12
B00112HRTI,4.666666666666667,12
B00028QF2W,5.0,12
B00GU2XKEA,4.916666666666667,12
B0013HUQLC,4.083333333333333,12
B0081UYJKS,4.75,12
B0015XGOYW,5.0,12
B0009OAGMO,4.833333333333333,12
B000172R58,4.583333333333333,12
B000RY25HK,4.25,12
B001EWF2KG,4.5,12
B000RY278C,4.416666666666667,12
B0013JBV0K,4.416666666666667,12
B005GOP7A8,4.25,12
B0015TBFWC,4.666666666666667,12
B0009N11XI,4.25,12
B007S5DWVO,4.25,12
B0081Z86ZC,4.083333333333333,12
B0009OAHKK,4.416666666666667,12
B0013E03R2,4.666666666666667,12
B000RUD762,4.166666666666667,12
B009TVZ9UW,4.75,12
B001EW0SO6,4.416666666666667,12
B0013EAEQC,4.25,12
B007RPR4MS,4.5,12
B006P4E83A,4.416666666666667,12
B001EWET82,4.0,12
B001I2ADIS,4.75,12
B0013FG4R4,4.333333333333333,12
B0009OAIAE,4.416666666666667,12
B001HXOVIG,4.0,12
B00017XWZM,4.583333333333333,12
B00017XLW6,4.25,12
B001EWF0QM,4.5,12
B0009OAI3Q,4.083333333333333,12
B00028LURM,4.083333333333333,12
B0015YYT20,4.25,12
B005GXLH5I,4.25,12
B001H929BG,4.166666666666667,12
B0013MVB7A,4.666666666666667,12
B0000YUVXC,4.416666666666667,12
B0013NBW5A,4.416666666666667,12
B00819SXF6,4.333333333333333,12
B0009I4MDY,4.916666666666667,12
B001BR4J0S,4.25,12
B0015I4LUQ,4.583333333333333,12
B006LRVXKW,4.416666666666667,12
B000UNM956,4.916666666666667,12
B0009I4LRG,4.333333333333333,12
B0009I4LQW,4.833333333333333,12
B005OW5SJW,4.75,12
B001F0NONE,4.25,12
B001F0QWU6,4.583333333333333,12
B000S18AT4,4.25,12
B00016X3L6,4.083333333333333,12
B0013K3RM4,4.25,12
B001EWF3KA,4.5,12
B005H84JHK,4.333333333333333,12
B0091YX36O,4.583333333333333,12
B0000Y3EOA,4.333333333333333,12
B0081PG3MA,4.416666666666667,12
B00016WUXI,4.0,12
B000W8JZ3I,4.583333333333333,12
B005HIGSME,4.5,12
B009OIV8Y6,4.75,12
B0009J69IE,4.583333333333333,12
B001GXI980,4.75,12
B001EY87LK,4.0,12
B0091OCCD4,4.25,12
B006QEKE0U,4.833333333333333,12
B007RAUB1O,4.5,12
B0083K189G,4.083333333333333,12
B00029WRA0,4.583333333333333,12
B0072FSMFG,4.25,12
B001BNI6M4,4.083333333333333,12
B00029V0SU,4.916666666666667,12
B005RZDFM8,4.75,12
B001ET7EH8,4.666666666666667,12
B006QB2VOK,4.833333333333333,12
B005FFEFAQ,4.583333333333333,12
B00163PNUW,4.833333333333333,12
B006Q563WW,4.75,12
B00GHB93FE,4.166666666666667,12
B007R8TKTU,4.583333333333333,12
B005FCC74U,4.416666666666667,12
B00133LZAM,4.5,12
B000195P96,4.5,12
B005F64G7M,4.75,12
B006L21OSS,4.583333333333333,12
B00166M14A,4.333333333333333,12
B001JQAHRK,4.0,12
B001ET7AGS,4.333333333333333,12
B00133AV1Q,4.916666666666667,12
B007R8TJLE,4.166666666666667,12
B001353792,4.75,12
B005FAOWNQ,4.5,12
B001JKR6AC,4.166666666666667,12
B005FCAN8W,4.166666666666667,12
B005SHTOYS,4.416666666666667,12
B00AKHGJJY,4.0,12
B0009R15NA,4.25,12
B001ET7FKO,4.416666666666667,12
B0091NMM1M,4.666666666666667,12
B001J4BGN6,4.416666666666667,12
B006L67YH4,4.333333333333333,12
B0099UIPUO,4.333333333333333,12
B005QNRWYS,4.0,12
B005G44402,4.0,12
B005QFCB4C,4.166666666666667,12
B005QAFTY6,4.666666666666667,12
B005Q1B8L8,4.083333333333333,12
B0099SBI2S,4.75,12
B007RNXN2A,4.333333333333333,12
B005G7QJTI,4.75,12
B001I7UWFC,4.833333333333333,12
B001BPWK42,4.5,12
B0091KU0WS,4.666666666666667,12
B006L698KA,4.916666666666667,12
B001EVJP1O,4.666666666666667,12
B000ULREQM,4.25,12
B001IHBIZU,4.833333333333333,12
B001390IC2,5.0,12
B00FNR953S,4.0,12
B0009R14Y0,4.583333333333333,12
B00018TMM8,4.416666666666667,12
B00ENO9JTM,4.583333333333333,12
B001IZYQGU,4.583333333333333,12
B00ENS5CXA,4.833333333333333,12
B001ET7FMC,4.583333333333333,12
B001IK8F4Y,4.166666666666667,12
B0009QZYOC,4.333333333333333,12
B005FMAGIE,4.083333333333333,12
B0082X6COU,4.666666666666667,12
B0082X47EM,5.0,12
B005RCU8SK,4.416666666666667,12
B00GKH7T6U,4.583333333333333,12
B00011JOSW,4.416666666666667,12
B00ACLI7XY,4.916666666666667,12
B00ES4M4R6,4.333333333333333,12
B0014JPRKY,4.416666666666667,12
B0019ZE95W,4.333333333333333,12
B001FB6J1M,4.666666666666667,12
B000SBYO08,4.25,12
B007X547M2,4.333333333333333,12
B005KLUBLW,5.0,12
B001FCJNW8,4.666666666666667,12
B001FWXMNE,5.0,12
B00GSZ0E7K,4.5,12
B00152WI1Q,4.666666666666667,12
B001FWXJZK,4.666666666666667,12
B005MQPFP2,4.25,12
B006O5INA4,4.583333333333333,12
B006MWL2JI,4.0,12
B0014CAKFS,4.333333333333333,12
B000142LTI,4.75,12
B00155ZYA0,4.583333333333333,12
B001CB2OQO,4.833333333333333,12
B000UPEF88,4.166666666666667,12
B0014F7WWO,4.666666666666667,12
B000VZIZBU,4.5,12
B0014FAU82,4.25,12
B007XG03UG,4.083333333333333,12
B0014GV6AM,4.25,12
B005MZEEZU,4.25,12
B0014HOY2I,4.75,12
B007XCQ958,4.583333333333333,12
B00FR0I0Q4,4.5,12
B004YGLHC6,4.083333333333333,12
B0007ZT29I,4.166666666666667,12
B00014D5NE,4.166666666666667,12
B0014XJJHW,4.833333333333333,12
B006NA7V3U,4.666666666666667,12
B0014YLJ7Y,4.75,12
B007W9DN1U,4.666666666666667,12
B00014EK2O,4.166666666666667,12
B00080AYQC,4.416666666666667,12
B0073B6JN6,4.5,12
B007W15V0Y,4.583333333333333,12
B005M1NTVO,4.333333333333333,12
B001FSDVVQ,4.416666666666667,12
B00014EG7S,4.75,12
B00152S6DU,4.5,12
B0007ZRQUA,4.166666666666667,12
B001FORIFU,4.25,12
B00AE07JKK,4.666666666666667,12
B0014UFYFQ,4.75,12
B005LB0HP6,4.5,12
B00152TJXG,4.083333333333333,12
B00GT7B4PS,4.083333333333333,12
B005LGCBQE,4.666666666666667,12
B001FWXH3E,4.333333333333333,12
B00014D0A2,4.166666666666667,12
B00ADR6N2O,4.25,12
B001FORJ86,4.75,12
B00152S82E,4.666666666666667,12
B005MIFIRA,4.583333333333333,12
B005LK6F58,4.916666666666667,12
B007XOL0O6,4.333333333333333,12
B00011JVBM,4.583333333333333,12
B005O1ZGK4,4.333333333333333,12
B00K5ZN0CU,4.916666666666667,12
B005OJ331A,4.666666666666667,12
B005IMHBXE,4.166666666666667,12
B001A3LYEC,4.25,12
B0007TC9I0,4.666666666666667,12
B0009F3OC2,4.0,12
B005O54VUQ,4.25,12
B001G7QZ1O,4.5,12
B0093QGFBK,4.75,12
B007Z49PL4,4.5,12
B006OY1L3Q,4.083333333333333,12
B005OSAGTI,4.75,12
B001F0QXXM,4.416666666666667,12
B00EPJMF3C,4.833333333333333,12
B0092VQOJE,4.833333333333333,12
B0013TYYUO,4.75,12
B005I4QCK0,4.5,12
B005IC2MXS,4.916666666666667,12
B001F23GA8,4.25,12
B00IX42NB4,5.0,12
B001GHZOAW,4.5,12
B005IEKD8W,4.75,12
B000W4KUKY,4.666666666666667,12
B0015GD91U,4.416666666666667,12
B00803FPZO,4.666666666666667,12
B009OG7O82,4.833333333333333,12
B005IHE9OS,4.166666666666667,12
B00AFQE1VI,4.916666666666667,12
B000VV9WUM,4.75,12
B000141A8G,4.25,12
B001F634UQ,4.0,12
B005JEALU6,4.0,12
B001F7F5ZM,4.5,12
B005JFM4DW,4.583333333333333,12
B007XX4ED6,4.583333333333333,12
B00JDZE6VC,4.25,12
B000142J36,4.833333333333333,12
B001G7D0YY,4.333333333333333,12
B005JLC012,4.75,12
B007URNN7I,4.333333333333333,12
B00EQY61XG,4.666666666666667,12
B00157HYUG,4.333333333333333,12
B001G76JW4,4.583333333333333,12
B00FOLOBM8,4.416666666666667,12
B00GIQI8XG,4.333333333333333,12
B005J398JW,4.916666666666667,12
B0009EXP18,4.083333333333333,12
B001F51TJK,4.166666666666667,12
B007YUIB2S,4.5,12
B007TWPX6S,4.166666666666667,12
B007TY4A5Q,4.333333333333333,12
B00AFEFC6S,4.916666666666667,12
B005NZG2XG,4.5,12
B00015XA9W,4.166666666666667,12
B009UFP164,4.5,12
B0009ET75Q,4.666666666666667,12
B005NZ678Q,4.416666666666667,12
B00F4W22Z0,4.25,12
B007YLGWKK,4.083333333333333,12
B00946GD7K,4.166666666666667,12
B000141Q0S,4.75,12
B000141T4G,4.25,12
B001681CWU,4.833333333333333,12
B001BBML90,4.75,12
B008X3PDS0,4.5,12
B005YWBOHW,4.5,12
B000VOUDK2,4.916666666666667,12
B001764RPA,4.5,12
B005Y2U8GA,4.166666666666667,12
B008X75CYQ,4.0,12
B00175XZR2,4.666666666666667,12
B001LFHQ3C,4.166666666666667,12
B00EHL1MAU,4.583333333333333,12
B000R9DC7M,4.583333333333333,12
B000TKQDPW,4.166666666666667,12
B000VP8SC6,4.416666666666667,12
B009SPD1PY,4.166666666666667,12
B005B1LN40,4.583333333333333,12
B001AHID5Q,4.333333333333333,12
B001LNOEL6,4.583333333333333,12
B005ZI0QDI,4.0,12
B00176X9TU,4.583333333333333,12
B001LNOCOK,4.666666666666667,12
B00005CDS9,4.416666666666667,12
B00892ZQSM,4.916666666666667,12
B000VOPHT4,4.083333333333333,12
B00AP70CLU,4.0,12
B005Z1WNYA,4.833333333333333,12
B0002DM8OQ,4.916666666666667,12
B001205F5W,4.666666666666667,12
B0001KXI3K,5.0,12
B005XQOG2E,4.0,12
B001EDU96C,4.25,12
B005A4P236,4.166666666666667,12
B00715LGAK,4.75,12
B00FYSZDP0,4.0,12
B00IS8QXXO,4.833333333333333,12
B005BV9NYC,5.0,12
B0012BQFMI,4.333333333333333,12
B005BW3WUC,4.666666666666667,12
B00EI3A6KY,4.666666666666667,12
B006RGME8C,4.333333333333333,12
B0012DVKE4,4.25,12
B00A6O1B2G,4.083333333333333,12
B000A3TCRO,4.75,12
B006RGMCNO,4.75,12
B009DCTTGM,4.583333333333333,12
B00GWG63OS,4.083333333333333,12
B00FYSZDXC,4.583333333333333,12
B000WOJQC2,4.916666666666667,12
B005XQC7PM,4.916666666666667,12
B005BKQDI2,4.5,12
B001EDZMRI,4.083333333333333,12
B005XQ8A4O,4.416666666666667,12
B00A63SJ0E,4.25,12
B001736AO4,4.083333333333333,12
B00127O6LE,4.0,12
B000R9UU9U,4.416666666666667,12
B006JQY140,4.333333333333333,12
B008XMNXME,4.416666666666667,12
B006JRI3LG,4.666666666666667,12
B0019GI3GC,4.833333333333333,12
B001AGKDD2,4.166666666666667,12
B008XN5KQK,4.916666666666667,12
B005C5N2GW,4.166666666666667,12
B0058UY9FY,4.333333333333333,12
B008AYLLLA,4.166666666666667,12
B000AAU2EO,4.333333333333333,12
B000AADG9M,4.75,12
B0011DFZ5U,4.5,12
B000TT273U,4.5,12
B0006NY1AQ,4.916666666666667,12
B008AKVHJK,4.5,12
B001MEXZLY,5.0,12
B000TSPYF4,4.25,12
B00AQ4XNXQ,4.583333333333333,12
B0058SQF8K,4.333333333333333,12
B00FKL96AO,4.083333333333333,12
B009SJBB2U,4.333333333333333,12
B000VON93U,4.25,12
B000VON8QS,4.25,12
B006IVPEEM,4.75,12
B000ALBDZA,4.583333333333333,12
B0019ANRUU,4.166666666666667,12
B0000531W9,4.583333333333333,12
B008UYTSMY,4.333333333333333,12
B006SMFH66,4.416666666666667,12
B009G0E0JC,4.333333333333333,12
B0017K1LQ4,4.666666666666667,12
B001MIZMMA,4.416666666666667,12
B001E96LC2,4.583333333333333,12
B00EECSNAE,4.5,12
B00EED8G2S,4.833333333333333,12
B001MK7XMU,4.083333333333333,12
B007JYZJBK,4.25,12
B0017JV4XK,4.583333333333333,12
B0019CK0IK,4.416666666666667,12
B001MA3Z6S,4.583333333333333,12
B000UURSB4,4.25,12
B008VIJ4W8,4.166666666666667,12
B007L9O7HA,4.833333333333333,12
B005983S7K,4.166666666666667,12
B008A19UCA,4.5,12
B00GWU9Y7C,4.666666666666667,12
B008VXT47I,4.083333333333333,12
B001BB4NB4,4.166666666666667,12
B0059K0JRU,4.916666666666667,12
B000A85T12,4.833333333333333,12
B0011MMBSK,4.166666666666667,12
B0070DJ02Y,4.583333333333333,12
B000VCCDXY,4.25,12
B00604MRNI,4.166666666666667,12
B00APNCWU8,4.333333333333333,12
B001LNTEOS,4.0,12
B006JA7N3M,4.583333333333333,12
B009F0G54G,4.166666666666667,12
B0019CTZHM,4.0,12
B008A9FLIE,4.25,12
B0011DN60Q,4.333333333333333,12
B000AAAWSU,4.25,12
B0017I6SSW,4.25,12
B006ZNDJZE,4.333333333333333,12
B001M8U0B8,4.25,12
B000TQY1HS,4.5,12
B00592NWHM,4.416666666666667,12
B00A42JTLA,4.25,12
B009FEV8EE,4.0,12
B001E96OHO,4.083333333333333,12
B0017HVD8S,4.333333333333333,12
B0060K86HI,4.5,12
B00EFGG586,4.166666666666667,12
B00EFUYD7M,4.583333333333333,12
B0000536YG,4.0,12
B00EWNOLLU,4.583333333333333,12
B00AKS85PE,4.833333333333333,12
B00905SE0Y,4.416666666666667,12
B000WI055A,4.25,12
B005UEFJSE,4.416666666666667,12
B00027DK9E,4.25,12
B007PKSPJG,4.083333333333333,12
B001ET72X4,4.25,12
B009B0IW8C,4.583333333333333,12
B0009VO8L2,4.0,12
B009B01RT8,4.416666666666667,12
B005EHIH04,4.666666666666667,12
B0002BLODY,4.583333333333333,12
B005TWGOYA,4.416666666666667,12
B00008GQ37,4.166666666666667,12
B007PUHWBS,4.083333333333333,12
B001ACXGSA,4.416666666666667,12
B0002OCMXW,4.166666666666667,12
B00A7L30JK,4.333333333333333,12
B0085QFP6A,4.416666666666667,12
B001ET6Y7Y,4.25,12
B001KYOHA4,4.416666666666667,12
B001KYOBAA,4.5,12
B007P2R0K4,4.916666666666667,12
B000RK7DIK,4.0,12
B000ULPDPQ,4.75,12
B0012QNFIU,4.333333333333333,12
B0012OTGRG,4.666666666666667,12
B001ET6ZQY,4.916666666666667,12
B001KYO3DK,4.583333333333333,12
B006QY3470,4.916666666666667,12
B005UITQLG,4.25,12
B005UHS4PG,4.583333333333333,12
B00IT97BI8,4.333333333333333,12
B007PCQ7PS,4.083333333333333,12
B0090FZUR4,4.583333333333333,12
B001K5V8NC,4.0,12
B00EL27QQ4,4.916666666666667,12
B000VA6CYM,4.583333333333333,12
B00EL8RLL8,4.083333333333333,12
B00EL99TYO,4.083333333333333,12
B005T57AOA,4.916666666666667,12
B00019ODA8,4.166666666666667,12
B0012WTI62,4.916666666666667,12
B007QED10E,4.166666666666667,12
B005F2ESP6,4.583333333333333,12
B000094OW9,4.5,12
B0090QA9FG,4.416666666666667,12
B000ULR8KE,4.25,12
B0012ZHJEC,4.083333333333333,12
B005SVSPFI,4.5,12
B001JQS9RA,4.833333333333333,12
B005SU2HSK,4.75,12
B0016AZG1G,4.5,12
B007Q3BQTI,4.25,12
B0016BWJXI,4.5,12
B007PUHYCU,4.666666666666667,12
B005EMT0NM,4.0,12
B005EOP6F6,4.5,12
B001BKO4DM,4.833333333333333,12
B005EQOHCM,4.333333333333333,12
B00850QB2I,4.666666666666667,12
B0084Y5AMW,4.333333333333333,12
B001ET783I,4.666666666666667,12
B0001APTHS,4.166666666666667,12
B0084Y1NG4,4.416666666666667,12
B000VA7UX4,4.583333333333333,12
B001ET77NO,4.25,12
B007Q36Q5C,4.583333333333333,12
B005USQTG6,4.583333333333333,12
B00ANIQPZ8,4.5,12
B005VZXY02,4.75,12
B001EO5WW2,4.75,12
B00GR4MKPQ,4.333333333333333,12
B0006TXNWW,4.083333333333333,12
B000A0ADTS,4.416666666666667,12
B0086QHNFA,4.583333333333333,12
B001KYVOC8,4.333333333333333,12
B005CRLTVA,4.5,12
B00FXXTEVA,4.5,12
B00GR4SSIY,4.416666666666667,12
B0001EKYVA,4.5,12
B0075CI4D6,4.25,12
B007O984MQ,4.083333333333333,12
B0012IVIWI,4.333333333333333,12
B0071HPZJ6,4.166666666666667,12
B0016O5RMU,4.416666666666667,12
B001ES6XV2,4.5,12
B001KYW6I4,4.5,12
B000TIJYQ4,4.333333333333333,12
B009N5FBRU,4.083333333333333,12
B000RE3YIE,4.25,12
B000065DK3,4.0,12
B00ANZ4WCE,4.583333333333333,12
B005C9YAOG,4.083333333333333,12
B005CFE6F8,4.166666666666667,12
B000TJC4NI,4.25,12
B001KYY0U6,4.416666666666667,12
B0002Z8LKO,5.0,12
B009P8WHJU,4.333333333333333,12
B007NZTLZK,5.0,12
B007O38HA6,4.583333333333333,12
B001KYU096,4.5,12
B000TG0TSS,4.166666666666667,12
B00865UQA0,4.416666666666667,12
B005V6ZXU0,4.333333333333333,12
B0012LQQIQ,4.416666666666667,12
B005DKJRRE,4.5,12
B0012M4NA8,4.583333333333333,12
B00006IV61,4.666666666666667,12
B005DNBLPC,4.416666666666667,12
B0009XAHTM,4.333333333333333,12
B0012N2CZ0,4.333333333333333,12
B005V0W49E,4.833333333333333,12
B00A7EM5I4,4.75,12
B000RJ234U,4.833333333333333,12
B000TG3VHO,4.083333333333333,12
B0085VQG90,4.5,12
B007P0MM6I,4.833333333333333,12
B001KYQ446,4.25,12
B0012NKIZQ,4.416666666666667,12
B001KYQ39C,4.666666666666667,12
B00AMSJM72,4.333333333333333,12
B0071MBJH8,4.583333333333333,12
B006K3J5B6,4.916666666666667,12
B000WLVKSI,4.083333333333333,12
B006R6HCBQ,4.0,12
B008619I9E,4.333333333333333,12
B0085YKSE6,4.833333333333333,12
B000TGC8D2,4.166666666666667,12
B0012KFWHI,4.416666666666667,12
B005DEV0NE,4.416666666666667,12
B005VEREIG,4.833333333333333,12
B00JXIJTKM,4.75,12
B008YS83AO,4.583333333333333,12
B0019JHND8,4.583333333333333,12
B000VEPCJY,4.416666666666667,12
B003IS7VSK,5.0,12
B004S35E7E,4.083333333333333,12
B000N2IM0U,4.5,12
B000CCIW0Q,4.0,12
B0022C2J9O,4.5,12
B000GZJIQG,4.083333333333333,12
B002I9N0OY,4.583333333333333,12
B00DLY8ZCC,4.333333333333333,12
B0037B73N6,4.5,12
B003ZC6900,4.75,12
B004S788N2,4.333333333333333,12
B0021FI4TQ,4.5,12
B000KWQ20K,4.083333333333333,12
B00C20BOZQ,4.083333333333333,12
B000GZ7GGA,4.5,12
B00CPREBD8,4.75,12
B004FG9ZJ2,4.166666666666667,12
B00DMCVTIA,4.75,12
B00243FMAY,4.583333333333333,12
B00C2BRR5Q,4.583333333333333,12
B00243FKN8,4.583333333333333,12
B00D30A7RK,4.083333333333333,12
B00B83I86G,4.333333333333333,12
B004F82EO8,4.083333333333333,12
B002I91U32,4.75,12
B00B7MCI6E,5.0,12
B000P5ZOJW,4.583333333333333,12
B000FEJUAW,4.333333333333333,12
B00C20CKXG,4.583333333333333,12
B002VWL2EI,4.166666666666667,12
B00DM2QWHS,4.666666666666667,12
B003IFEVD6,4.916666666666667,12
B000FIFJHQ,4.666666666666667,12
B002J2IJH8,4.833333333333333,12
B003IN800S,4.083333333333333,12
B002J6LLSI,4.0,12
B000N2K5DC,4.666666666666667,12
B00B608EV0,4.666666666666667,12
B003IPZF0Y,4.5,12
B003ZVV8WK,4.5,12
B004SPW2AO,4.5,12
B000C235PS,4.833333333333333,12
B003IGQ2NC,4.083333333333333,12
B000N2KMWQ,4.833333333333333,12
B000GU4TX8,4.25,12
B002IY9OQ2,4.333333333333333,12
B002IKE73Q,4.166666666666667,12
B002INLR7M,4.083333333333333,12
B00B6NEF1A,4.25,12
B00B6MB8NE,4.416666666666667,12
B003JBEVJS,4.583333333333333,12
B002VJ42XE,4.083333333333333,12
B002VECK38,4.166666666666667,12
B004DZH83U,4.083333333333333,12
B000P9DRZG,4.5,12
B004DR6E5Q,4.25,12
B000FHD72G,4.5,12
B0020QPTK8,4.666666666666667,12
B004FGF8ZW,4.333333333333333,12
B00DWH40TU,4.25,12
B003YURPVK,5.0,12
B002H93766,4.75,12
B00D2CJCTS,4.916666666666667,12
B002WVGE46,4.666666666666667,12
B004G1RK70,4.583333333333333,12
B000P25GK2,4.75,12
B003Y5CDL2,4.583333333333333,12
B004FW6NY6,4.083333333333333,12
B000H3EPSS,4.833333333333333,12
B002H937CK,4.666666666666667,12
B002WUULXM,4.916666666666667,12
B004QY9OW6,4.416666666666667,12
B004QZVBIU,4.666666666666667,12
B002H988QA,4.333333333333333,12
B002HCDT3O,4.5,12
B004R0TNFC,4.166666666666667,12
B000MUVV06,4.25,12
B003XS9IHW,4.416666666666667,12
B004QDRI3E,4.583333333333333,12
B00CDSTTG8,4.416666666666667,12
B003JYP5C2,4.5,12
B000L7EACQ,4.25,12
B003JTOS0C,4.25,12
B003Y57RD6,4.5,12
B000P257B0,4.416666666666667,12
B0036RYAKK,4.416666666666667,12
B003JOCBRO,4.333333333333333,12
B002WZPDMG,4.416666666666667,12
B00B9H3E4C,4.083333333333333,12
B00375L8KG,4.416666666666667,12
B004R63CQ2,4.416666666666667,12
B000H3EM9K,4.166666666666667,12
B004R7QUSI,4.5,12
B004FMC6NS,4.0,12
B004RBFNPU,4.583333333333333,12
B00B8AK678,4.5,12
B003760I1A,4.5,12
B00375L8KQ,4.083333333333333,12
B004FK7RB6,4.75,12
B004RKCD7W,4.416666666666667,12
B003JHDMUG,4.333333333333333,12
B000P3X8MO,4.5,12
B002HTJNMI,4.5,12
B000KZ2E3G,4.083333333333333,12
B000P3ZDRC,4.166666666666667,12
B002WJHJZ6,4.666666666666667,12
B00BKHDF9A,4.583333333333333,12
B003YJD6Y6,5.0,12
B004R7PE6C,4.333333333333333,12
B003YC5BNM,4.666666666666667,12
B004FS7XH6,4.833333333333333,12
B002HGBM48,4.666666666666667,12
B003YJ7BXI,4.416666666666667,12
B003YJ7DTA,4.5,12
B002HHPTBO,4.25,12
B002WJHL54,4.583333333333333,12
B00CQ9UFH6,4.666666666666667,12
B004R7LQOQ,4.833333333333333,12
B003JJI1PK,4.416666666666667,12
B00375VG9E,4.416666666666667,12
B000C235I0,4.583333333333333,12
B003ZWLXEC,4.166666666666667,12
B000PHVL24,4.5,12
B000C212TY,4.25,12
B0038BADEQ,4.083333333333333,12
B00E0C9O4W,4.333333333333333,12
B004UAOOEO,4.5,12
B0038BCDOO,4.666666666666667,12
B000GIOBU6,4.333333333333333,12
B004BVIOGQ,4.5,12
B00CGPDC4S,4.416666666666667,12
B00BO7EZV8,4.5,12
B001VNGLD0,4.916666666666667,12
B004UHAJQ4,4.583333333333333,12
B00BO9D0CG,4.0,12
B0041LVKDU,4.333333333333333,12
B000GIL154,4.916666666666667,12
B0041D4WBU,4.083333333333333,12
B004BQXPF6,4.333333333333333,12
B002UEBX1O,4.333333333333333,12
B00BZBFYLS,4.166666666666667,12
B00BZAUYIW,4.916666666666667,12
B003HD2LBI,4.416666666666667,12
B001XXEW3E,4.75,12
B003H8RMY4,4.916666666666667,12
B004C7MRBW,4.75,12
B004BZVDLK,4.666666666666667,12
B000NVR90A,4.25,12
B002UC8094,4.583333333333333,12
B00BZ4QDW4,4.666666666666667,12
B003H6H6X8,4.666666666666667,12
B003H6AGKS,4.0,12
B0038L5AZI,4.75,12
B000PI17O0,4.333333333333333,12
B000N5QVKK,4.25,12
B000GI3TZO,4.25,12
B004BCXAXW,4.083333333333333,12
B001VCU5BU,4.0,12
B000FPWUOE,4.333333333333333,12
B00DI1G3VI,4.166666666666667,12
B002LM3WDM,4.416666666666667,12
B002LJ3MD0,4.333333333333333,12
B000JL1TMI,4.0,12
B003FLKV5U,4.416666666666667,12
B004UPZS6M,4.166666666666667,12
B000NSVYOK,4.333333333333333,12
B0041TDMEW,4.083333333333333,12
B0038SIKHG,4.166666666666667,12
B000C1ZFH0,4.416666666666667,12
B004BNSS88,4.916666666666667,12
B003GD4GP8,4.75,12
B003GCEBYK,4.083333333333333,12
B00BXS0LPW,4.166666666666667,12
B003G94IF0,4.833333333333333,12
B000C20P74,4.333333333333333,12
B003G1CE5Y,4.5,12
B001VEHY5S,4.5,12
B00BXPSH38,4.5,12
B000GIH1IK,4.333333333333333,12
B004BG7TD0,4.083333333333333,12
B003FXAOGE,4.333333333333333,12
B0041QLC9C,4.666666666666667,12
B001VFFGKM,4.583333333333333,12
B004CFTAV4,4.166666666666667,12
B004TPNJM8,4.833333333333333,12
B002L4KFJY,4.666666666666667,12
B0037UQT9G,4.833333333333333,12
B000FKGS9M,4.75,12
B004T19P0W,4.416666666666667,12
B004T19P16,4.333333333333333,12
B0020MM7WU,4.833333333333333,12
B000KQLAB2,4.75,12
B00HZI4JUW,4.333333333333333,12
B00H2TZ4F8,4.5,12
B0020MM6MG,4.0,12
B004D7BHOO,4.916666666666667,12
B002KANW1M,4.0,12
B000KQDX4E,4.333333333333333,12
B00BMZ40A8,4.333333333333333,12
B004SZ1IE0,4.416666666666667,12
B004SY3WUY,4.916666666666667,12
B00B5FNV9G,4.916666666666667,12
B004DHR6UI,5.0,12
B000GTB2QQ,4.0,12
B000PAY73Q,4.666666666666667,12
B0020MMBYE,4.416666666666667,12
B000KU2BYS,4.0,12
B00DK7SHT6,4.083333333333333,12
B003ZYGVVA,4.666666666666667,12
B000GSWSPQ,4.916666666666667,12
B0020MMBX0,4.25,12
B0020MMB7Q,4.083333333333333,12
B003I97EQS,4.666666666666667,12
B003ZYM0ZQ,4.25,12
B0020MMB26,4.583333333333333,12
B003I94ENE,5.0,12
B002UL11IM,4.916666666666667,12
B004CNH98C,4.916666666666667,12
B002KRK78G,4.416666666666667,12
B00BZYO8LC,4.083333333333333,12
B002KRMUB8,4.083333333333333,12
B00CFRQTYC,4.833333333333333,12
B0040QNVL0,4.5,12
B002UIZDLQ,4.916666666666667,12
B0040MET8S,4.916666666666667,12
B004CQZKLM,4.25,12
B000N2O5T2,4.583333333333333,12
B00DZ0KJH6,4.083333333333333,12
B002KE1JNG,4.0,12
B004TGLT9C,4.416666666666667,12
B004D247L4,4.5,12
B000FKHYAY,4.25,12
B00409KOFS,4.0,12
B002UM8HAQ,4.75,12
B00203SE2G,4.25,12
B002ULIUNQ,4.833333333333333,12
B002UL82DY,4.5,12
B003XS81I4,4.166666666666667,12
B0026P3HFM,4.0,12
B004URL26A,4.833333333333333,12
B000E7YKFK,4.416666666666667,12
B000OUXSFA,4.333333333333333,12
B00H4FMGGA,5.0,12
B003P68ZAS,4.416666666666667,12
B00BCPT5MQ,4.416666666666667,12
B000OIFZ2Q,4.25,12
B002A24DAE,4.833333333333333,12
B00BFEF6G8,4.583333333333333,12
B002ZVVWNQ,4.5,12
B00CZ4HYDA,4.0,12
B003UBMC3O,4.25,12
B003P6V2S0,4.666666666666667,12
B000HGJK76,4.416666666666667,12
B0030E9UW2,4.666666666666667,12
B004KEQNZ8,4.916666666666667,12
B002C9O756,4.666666666666667,12
B00BERP5CG,4.5,12
B003PG21IU,4.5,12
B00DTEYUEQ,4.666666666666667,12
B004MKSU2Y,4.333333333333333,12
B00H5BDX7Y,4.583333333333333,12
B000MAT7V6,5.0,12
B00306SV9S,4.0,12
B000OUVJCY,4.333333333333333,12
B000EOI18A,4.666666666666667,12
B000EOQZBA,4.75,12
B004NJYW8A,4.5,12
B00346H8T8,4.916666666666667,12
B003UNP7XY,5.0,12
B002ZH296O,4.333333333333333,12
B000ETL4O8,5.0,12
B00CBDHQM4,4.083333333333333,12
B00CTXFLY6,4.083333333333333,12
B002D4H8RY,4.25,12
B004IP5QV6,5.0,12
B004INIW1Y,4.25,12
B004IMSR2E,4.0,12
B0034DJW6I,4.75,12
B000ETVROA,4.416666666666667,12
B004J1TUOI,4.833333333333333,12
B000E7WG2Y,4.416666666666667,12
B002CMLTFO,4.583333333333333,12
B0029SYXO0,4.083333333333333,12
B003OXY948,4.083333333333333,12
B004JTMDEE,4.833333333333333,12
B00DR3Y2EC,4.666666666666667,12
B002CS4MHK,4.416666666666667,12
B000I765V8,4.083333333333333,12
B004JMML9I,4.833333333333333,12
B004JLBC6C,4.583333333333333,12
B00340JLU8,5.0,12
B00BG68EPU,4.583333333333333,12
B00CZAEUEA,4.666666666666667,12
B00BG9K176,4.083333333333333,12
B00CB6L8FC,4.75,12
B003374J2C,4.25,12
B002BQLX6Q,4.333333333333333,12
B000ORJ51O,4.416666666666667,12
B003QOUJ0S,4.5,12
B004LK6VKI,4.5,12
B004LKBXMO,4.0,12
B004LLG0HQ,4.666666666666667,12
B000HU89DS,4.166666666666667,12
B00CW2K72A,4.5,12
B002BQWGLW,4.083333333333333,12
B00HHGPKZK,4.416666666666667,12
B003156OHO,4.416666666666667,12
B002AXNKPW,4.5,12
B003QKNV5W,4.166666666666667,12
B003SG7VZA,4.583333333333333,12
B003S64X42,4.5,12
B00BE6NPZ6,4.25,12
B002BAXXL0,4.5,12
B004L5HEP4,5.0,12
B004L94X9U,4.416666666666667,12
B003RY3WKG,4.583333333333333,12
B003R3EFSK,4.833333333333333,12
B000EH0NJW,4.416666666666667,12
B004L1U86A,4.666666666666667,12
B004LGZ67G,4.5,12
B004L04QZU,4.25,12
B000EGMBMK,4.25,12
B003RZYC6S,4.5,12
B002BPUOM6,4.666666666666667,12
B0032A0Z78,4.416666666666667,12
B003SKFE6E,4.25,12
B002C0NZOE,4.5,12
B002BZ8EEG,4.75,12
B000EM795I,4.083333333333333,12
B0032TWKCM,4.833333333333333,12
B003TMLS84,4.083333333333333,12
B003POMNWQ,4.333333333333333,12
B003SQUDIM,4.25,12
B004KQ9JMA,4.25,12
B000MAOACC,4.916666666666667,12
B003326UWY,4.833333333333333,12
B003370EC6,4.833333333333333,12
B002C5IUWQ,4.083333333333333,12
B0032S748S,4.416666666666667,12
B002BXCE12,4.333333333333333,12
B000HMDR42,4.75,12
B000ONZA3U,4.0,12
B002AQA4RG,4.666666666666667,12
B000ORVVWA,4.666666666666667,12
B000I3M4K8,4.833333333333333,12
B002BWICWS,4.916666666666667,12
B003STKWYE,4.583333333333333,12
B0030UV3WQ,4.916666666666667,12
B004KS0QZW,4.5,12
B003SZ391G,4.666666666666667,12
B004KS0MYM,4.666666666666667,12
B000OLXRXC,4.666666666666667,12
B003USGBNY,4.25,12
B000CR0J1Q,4.75,12
B000P20YWM,4.75,12
B00C4Y3N86,4.916666666666667,12
B002FIW15W,4.166666666666667,12
B004GV8C0Y,4.583333333333333,12
B000O7LHLK,4.5,12
B002FKQDYK,4.083333333333333,12
B000IMR198,4.75,12
B002FL3Q44,4.666666666666667,12
B00DOT0CSY,4.833333333333333,12
B004PCMS1I,4.0,12
B00DOQ25QE,4.5,12
B004GRI4Q0,4.166666666666667,12
B0035X3S9Y,4.083333333333333,12
B002XQ1SUA,4.25,12
B00BIPBOEC,4.833333333333333,12
B004GZ6EZU,4.0,12
B000O8CHTA,4.666666666666667,12
B002XQ1Y5E,4.75,12
B003MBV9U4,4.5,12
B00C5IJ0P6,4.333333333333333,12
B004OUFQRE,4.5,12
B000CS79MW,4.666666666666667,12
B0027SU58A,4.083333333333333,12
B004GYZNOY,4.5,12
B003M5ZJYW,4.5,12
B002XQ1XEG,4.416666666666667,12
B003WDIN6A,4.416666666666667,12
B00DUN2E5I,4.5,12
B00CS5PVRM,4.5,12
B00DP3APYU,4.833333333333333,12
B00BB8JXFS,4.416666666666667,12
B00BIP6QKE,4.416666666666667,12
B003X3X9WC,4.666666666666667,12
B00HG40DNC,4.333333333333333,12
B003XFT3PM,4.5,12
B002XITZH6,4.583333333333333,12
B0036C34VQ,4.583333333333333,12
B002XITZ80,4.75,12
B000F6K3GA,4.333333333333333,12
B004GFB0X6,4.25,12
B003XKLUQM,4.333333333333333,12
B003XFKZAE,4.75,12
B0026Q2OX2,4.5,12
B000H3I3YA,4.75,12
B000IQSTLS,4.333333333333333,12
B0036FTFAC,4.416666666666667,12
B0036FTFDE,4.5,12
B000H3I3Q8,4.75,12
B000O5RXPG,4.75,12
B002XMGJD0,5.0,12
B004PUW7AW,4.416666666666667,12
B00C4OZVI6,4.333333333333333,12
B002G3R2M8,4.416666666666667,12
B00BAY27TM,4.5,12
B00BAXZAPG,5.0,12
B00363G2S2,4.0,12
B000F5J24U,4.0,12
B00BJ2LOAS,4.666666666666667,12
B004GK6M4S,4.166666666666667,12
B003X9TAFQ,4.666666666666667,12
B00368SPZK,4.916666666666667,12
B002G4ZWE2,4.25,12
B002XQ1R7O,4.666666666666667,12
B003L8RVZ0,4.166666666666667,12
B002G6MAI6,4.083333333333333,12
B00CRHSH3G,4.5,12
B003XF3ZQA,4.666666666666667,12
B003XFKGRG,4.0,12
B003VWEF4Q,4.166666666666667,12
B00BH4JFWW,4.0,12
B00C6NR0M0,4.833333333333333,12
B000IFBA10,4.166666666666667,12
B004O3WOMQ,4.333333333333333,12
B00BHHPEWO,5.0,12
B004O439IS,4.583333333333333,12
B0028K3JE4,4.666666666666667,12
B003N8WKFE,4.25,12
B000EWWZPW,4.0,12
B004HMQRKE,4.416666666666667,12
B00DQ8X9M4,4.166666666666667,12
B002YFN42U,5.0,12
B004I4XJTS,4.0,12
B000EVGOUA,4.75,12
B00BIAOEFI,4.5,12
B002Z7FSNU,4.916666666666667,12
B004IAP9OK,4.083333333333333,12
B00BC37CHS,4.583333333333333,12
B004I94MXU,4.25,12
B000ICTDGW,4.083333333333333,12
B004I8U7MQ,5.0,12
B003O4ETJW,4.25,12
B000EVEKIS,4.166666666666667,12
B004I6EYYU,4.333333333333333,12
B003NXG5DM,4.083333333333333,12
B003O1QF7O,4.083333333333333,12
B00DQHWZRK,4.333333333333333,12
B003V19VDW,4.416666666666667,12
B002Z6EYZO,4.416666666666667,12
B004HLS6YK,4.916666666666667,12
B002DY3HFG,4.166666666666667,12
B003VFYAH0,4.166666666666667,12
B000P1PT3C,4.333333333333333,12
B004OEUPGM,4.0,12
B003VND38E,4.5,12
B0035DLDOG,4.916666666666667,12
B002EBKUIU,4.75,12
B004OHDNJA,4.666666666666667,12
B00BBJXPMO,4.25,12
B008NXUWIG,4.5,12
B003VRBLHU,4.166666666666667,12
B004HA4XEI,4.083333333333333,12
B003MGQV0C,4.583333333333333,12
B00BBAPBCU,4.583333333333333,12
B002EPBK2Q,4.333333333333333,12
B00282IQZE,4.416666666666667,12
B004HIBKOG,4.5,12
B002Y2H64A,4.666666666666667,12
B004HLM0M4,4.583333333333333,12
B003N4MIAK,4.416666666666667,12
B000H83G0Q,4.333333333333333,12
B002Y6B6TM,4.25,12
B003552ISO,4.833333333333333,12
B000LN3BLG,4.5,12
B00BHUL9MU,4.333333333333333,12
B000IJLGR4,4.25,12
B00DQ2ILRS,4.916666666666667,12
B004OEMQRS,5.0,12
B003VJICDY,4.083333333333333,12
B002PJW35Y,4.75,12
B00CHYCA9Q,4.75,12
B000GCJLZC,4.916666666666667,12
B004337JD6,4.666666666666667,12
B0042F3UD8,4.583333333333333,12
B00HQ6ECVY,4.583333333333333,12
B002MAHFM2,4.333333333333333,12
B0042C47C4,4.5,12
B000NNQ4YU,4.416666666666667,12
B00BWFW71W,4.083333333333333,12
B00BSYATJO,4.0,12
B003AT0PSU,4.166666666666667,12
B004YF828O,4.416666666666667,12
B004WD32T2,4.166666666666667,12
B000JLARS0,4.833333333333333,12
B000BWYOPO,4.5,12
B000JLEXVC,4.5,12
B000KHIDSY,4.583333333333333,12
B00449FYN6,4.333333333333333,12
B00449CT1Q,4.5,12
B003E1EPUS,4.916666666666667,12
B00CNXJ9SQ,4.583333333333333,12
B00BP7YOZO,4.333333333333333,12
B004WB892E,4.166666666666667,12
B001U54DUM,4.416666666666667,12
B000K1286S,4.75,12
B003B3YBK8,4.666666666666667,12
B00E2VB8P4,4.5,12
B000GFGIIM,4.25,12
B002QWGZ9K,4.583333333333333,12
B004WAHFWK,4.75,12
B003B6LH2A,4.583333333333333,12
B000FVUEBE,4.833333333333333,12
B00BOW6STA,4.083333333333333,12
B004X2OQOC,4.333333333333333,12
B004V50HJE,4.416666666666667,12
B00BQZ0PBC,4.0,12
B004296BNU,4.166666666666667,12
B004AH8KSI,4.083333333333333,12
B000C1VVIM,4.333333333333333,12
B002NIWGYK,4.416666666666667,12
B00DAUYQX4,4.916666666666667,12
B000C1VW0E,4.833333333333333,12
B00BOVL5SK,4.416666666666667,12
B001U29NYQ,4.333333333333333,12
B00B30H6X0,4.083333333333333,12
B004WKQXSM,4.333333333333333,12
B00B35QB3Q,4.166666666666667,12
B002PYPHGQ,4.0,12
B004V3XIHE,4.166666666666667,12
B004X29WDC,4.083333333333333,12
B002PRSMJ2,4.416666666666667,12
B00429PC8K,4.666666666666667,12
B000GHVD76,4.416666666666667,12
B003F16OOW,4.583333333333333,12
B002QO8BMC,4.083333333333333,12
B00I4A9PMM,4.916666666666667,12
B0047AFEEQ,4.416666666666667,12
B003981CIE,4.5,12
B001TP0A8C,4.25,12
B000GI0O6G,4.416666666666667,12
B000C1UEBM,4.5,12
B00H15RRRG,4.666666666666667,12
B00I4A3MJO,4.666666666666667,12
B0045DE1E4,4.166666666666667,12
B003DQP0NK,4.083333333333333,12
B000PP0J9W,4.333333333333333,12
B00HMJ2VG8,4.583333333333333,12
B003AYEGJO,4.666666666666667,12
B0049P5ZIY,4.416666666666667,12
B004558XPU,4.583333333333333,12
B00CK9227S,4.25,12
B002N5MI4G,4.083333333333333,12
B0039VHF64,4.416666666666667,12
B003E3TJRU,4.416666666666667,12
B000KHRFLK,4.166666666666667,12
B000GAQ8YQ,4.916666666666667,12
B0049SW1DS,4.166666666666667,12
B000C1UB2O,4.166666666666667,12
B000NP9QS4,4.833333333333333,12
B002PA1EVW,4.083333333333333,12
B000GACV88,4.916666666666667,12
B0044JTXQA,4.25,12
B000KA9VAK,4.0,12
B000C1W0UK,4.833333333333333,12
B002RGLZT0,4.833333333333333,12
B002P6T2G0,4.5,12
B0044PU73C,4.333333333333333,12
B004W16FTS,4.666666666666667,12
B00BPMUHIM,4.916666666666667,12
B000JZ0WZO,4.75,12
B0042U9C26,4.75,12
B003CIXDD8,4.25,12
B003E7FAD8,4.083333333333333,12
B000C00V2U,4.083333333333333,12
B004W1P6GG,4.25,12
B0049JQ26Y,4.5,12
B000GHWTHY,4.166666666666667,12
B00BR5ISJC,4.5,12
B00455YUIE,4.833333333333333,12
B0042PE9YC,4.166666666666667,12
B00DA1VBQI,4.75,12
B004VPSA2K,4.5,12
B00I1K0PZG,4.75,12
B0042MXRC0,4.916666666666667,12
B000GCAP48,4.333333333333333,12
B0049Z0WPK,4.5,12
B0046KHIQO,4.416666666666667,12
B002MS6TC6,4.0,12
B000NG90NE,4.333333333333333,12
B001T8QH5E,4.5,12
B00CK2XJH2,4.833333333333333,12
B000JYNJBY,4.333333333333333,12
B000GF2GYM,4.833333333333333,12
B000K8GM4K,4.666666666666667,12
B000G82YNM,4.416666666666667,12
B000GHVK9M,4.75,12
B0046MR56K,4.0,12
B002MWVU8K,4.916666666666667,12
B002R23GNW,4.5,12
B0046MIFNM,4.833333333333333,12
B000GBK1F2,4.083333333333333,12
B00DGIVLPG,4.666666666666667,12
B00BR4AWJM,4.666666666666667,12
B004VS3U22,4.333333333333333,12
B000PWJZEA,4.75,12
B003EGSALS,4.166666666666667,12
B00458EG4O,4.416666666666667,12
B002RZIFLW,4.416666666666667,12
B00BOV76UQ,4.333333333333333,12
B00BP4GZB8,4.0,12
B000KMCRWW,4.666666666666667,12
B001ST9JKY,4.25,12
B000KFYOYI,4.583333333333333,12
B000JV31EC,4.333333333333333,12
B000NM13WE,4.0,12
B004USSAZA,4.333333333333333,12
B0047VXZNC,4.5,12
B000NSS0Y2,4.333333333333333,12
B00BUL4K5E,4.083333333333333,12
B00IKTUA62,4.083333333333333,12
B000C1Z7T6,4.833333333333333,12
B0045L98GM,4.416666666666667,12
B0047PMR2S,4.416666666666667,12
B00DBJX8K6,4.583333333333333,12
B00427C3X4,4.666666666666667,12
B001V9LQ0W,4.583333333333333,12
B000C1Z6U6,4.166666666666667,12
B003AL01KU,4.666666666666667,12
B0043JFJ2S,4.75,12
B001V6QV5A,4.0,12
B0043WC67G,4.25,12
B00DC1Y82A,4.583333333333333,12
B0043RBXYI,4.416666666666667,12
B004YAUZQG,4.583333333333333,12
B003DQ8LVS,4.75,12
B0043E6QT8,4.166666666666667,12
B0043X5K6O,4.25,12
B00BONPO9E,4.166666666666667,12
B0043WG7XU,4.666666666666667,12
B0038ZL940,4.0,12
B001SZ3M9C,4.666666666666667,12
B000NN3GCI,4.5,12
B000GG0NAU,4.666666666666667,12
B004AQPHTO,4.666666666666667,12
B00390MKOM,4.25,12
B003DQHVN2,4.666666666666667,12
B00E3VG5QK,4.25,12
B004415NNU,4.416666666666667,12
B001TSPYQC,4.25,12
B003AJB47G,4.5,12
B001SZVQQ8,4.166666666666667,12
B0045PICGA,4.333333333333333,12
B003BGB9OG,4.083333333333333,12
B000GCVXA8,4.166666666666667,12
B000C1UFPM,4.25,12
B002T5IJAW,4.75,12
B003BMJHOE,4.666666666666667,12
B004WLWXCG,4.333333333333333,12
B00BUNPDXK,4.333333333333333,12
B003DKVD4Q,4.666666666666667,12
B000C1VT6G,4.083333333333333,12
B004B8GN5S,4.166666666666667,12
B003DCJEJK,4.25,12
B000K7GYQ2,4.75,12
B00BQYYMOY,4.333333333333333,12
B003BNEDIS,4.916666666666667,12
B00464HCX4,4.416666666666667,12
B00BUEQ0X6,4.916666666666667,12
B000K7GYYY,4.25,12
B004X1YSIW,4.416666666666667,12
B000KNCGUE,4.666666666666667,12
B00E5BMN1O,4.5,12
B000GCURMI,5.0,12
B002NVRY4E,4.583333333333333,12
B002PYY64A,4.333333333333333,12
B004YESVZY,4.583333333333333,12
B004USS70S,4.333333333333333,12
B002NLGL3Y,4.666666666666667,12
B000G017TC,4.75,12
B002RT71PE,4.333333333333333,12
B004679GB2,4.333333333333333,12
B003BG7W88,4.5,12
B00DC3NW0W,5.0,12
B0047W1L8W,4.666666666666667,12
B002QDXUGU,4.166666666666667,12
B000G014X6,4.083333333333333,12
B004AUA63M,4.25,12
B0047P90OQ,4.833333333333333,12
B000BTS822,4.083333333333333,12
B0016BRIYI,4.545454545454546,11
B0002T7CX2,4.454545454545454,11
B009AXUVYI,4.636363636363637,11
B002FVXO82,4.0,11
B0047ENKDE,4.7272727272727275,11
B009R9V55O,4.7272727272727275,11
B001F3LDF2,5.0,11
B001ET7FTK,4.7272727272727275,11
B004HPOJNI,4.7272727272727275,11
B00DQDG3RW,4.2727272727272725,11
B007Q1Y9R6,4.454545454545454,11
B004HTXUNE,4.454545454545454,11
B006WEHHHM,4.545454545454546,11
B0016D9TJ8,4.636363636363637,11
B001CBIONQ,4.0,11
B007Q08YLE,4.090909090909091,11
B006WO4MU2,4.545454545454546,11
B001AVP1E8,4.545454545454546,11
B0001AF6QC,4.181818181818182,11
B007PV4756,4.0,11
B00I3LBYQM,4.181818181818182,11
B003X4HQ7K,4.363636363636363,11
B00BQQZO80,4.090909090909091,11
B0007UW83U,4.363636363636363,11
B002YZAX24,4.363636363636363,11
B009A9LCWC,4.0,11
B007N49MR8,4.545454545454546,11
B004I2H2GQ,4.545454545454546,11
B002RSS5F0,5.0,11
B000195K28,4.7272727272727275,11
B00ABECCV0,4.2727272727272725,11
B00A8QWKI6,4.636363636363637,11
B001F51WD8,4.818181818181818,11
B000H5N4Z6,4.545454545454546,11
B000H8DVVK,4.545454545454546,11
B007R8TKJK,4.363636363636363,11
B003V7UMSE,4.636363636363637,11
B000EVELJQ,4.818181818181818,11
B009QGOJLA,4.2727272727272725,11
B000TBLYHS,4.181818181818182,11
B004I26H4O,5.0,11
B009AD4YSM,5.0,11
B000SSHTWG,4.7272727272727275,11
B005ODJ5TK,4.2727272727272725,11
B005RNPOTC,4.0,11
B0002XYE5C,4.2727272727272725,11
B002XQ1SA0,4.2727272727272725,11
B004HYJ3DK,4.0,11
B00019A9AG,4.7272727272727275,11
B0044FD5OU,4.2727272727272725,11
B000F5HADA,5.0,11
B00BHHRUXU,5.0,11
B00J1R7LK0,4.0,11
B005O2X8R6,4.090909090909091,11
B004HYOOUW,4.090909090909091,11
B007N851HO,4.181818181818182,11
B001681ZKY,4.363636363636363,11
B001ANMXJW,4.636363636363637,11
B004HZHFKC,4.454545454545454,11
B003VBIBGA,4.2727272727272725,11
B0043R5AIS,4.7272727272727275,11
B006Y7TZUY,4.7272727272727275,11
B002DZTEHK,5.0,11
B002RPJBIS,4.090909090909091,11
B007OYVOAU,4.545454545454546,11
B003VTU1WO,4.7272727272727275,11
B0007DIKDE,5.0,11
B007NJT82C,4.090909090909091,11
B003WR7CE0,4.2727272727272725,11
B002OGPWI8,4.0,11
B00D13IM8U,4.181818181818182,11
B003VWY2OY,4.636363636363637,11
B004H9NGAG,4.0,11
B002RMGW38,4.454545454545454,11
B002XQ1UP8,4.363636363636363,11
B005QB63U4,4.181818181818182,11
B000NG804O,4.818181818181818,11
B0016KARKQ,4.7272727272727275,11
B006NUV4M4,4.636363636363637,11
B002OHTZUI,4.636363636363637,11
B001EWF3DW,4.2727272727272725,11
B0047991KK,4.181818181818182,11
B004HABBIO,4.363636363636363,11
B009BTMW20,4.454545454545454,11
B002ED6FDW,4.636363636363637,11
B004GVDZCY,4.636363636363637,11
B004H31HH6,4.909090909090909,11
B009R2HEX8,4.0,11
B007O9I8JU,4.363636363636363,11
B002F56R8C,4.181818181818182,11
B001EVTFAK,4.545454545454546,11
B00442VQSK,4.2727272727272725,11
B001C6971O,4.181818181818182,11
B000NLTAC0,4.7272727272727275,11
B0001EKYO2,4.909090909090909,11
B002XQ1WYW,4.2727272727272725,11
B000T3B32C,4.818181818181818,11
B00EVAILJC,4.2727272727272725,11
B002XQ1XZU,4.090909090909091,11
B002OEC6S4,4.545454545454546,11
B009CFMYAS,4.181818181818182,11
B004H0WKT8,4.2727272727272725,11
B006N3WEUW,4.636363636363637,11
B0007D3AB6,4.0,11
B003WNWSNE,4.363636363636363,11
B006NJMTD8,4.2727272727272725,11
B009CRUCZU,4.2727272727272725,11
B00BIP6UWS,4.545454545454546,11
B007O39R32,4.363636363636363,11
B003VYLJWA,4.454545454545454,11
B004GVDYCU,4.7272727272727275,11
B0001EL4M8,4.636363636363637,11
B005P0SC6O,4.7272727272727275,11
B001ET7JB4,4.2727272727272725,11
B002OM1HHW,4.545454545454546,11
B005OYLOQQ,4.181818181818182,11
B0016ZMOT8,4.909090909090909,11
B000O7KRWU,4.818181818181818,11
B007PS1V4E,4.181818181818182,11
B001BVNSV0,4.0,11
B0007OH3QI,4.2727272727272725,11
B003WEE2T6,4.2727272727272725,11
B0001FBV1G,4.090909090909091,11
B00D0Y6L88,4.636363636363637,11
B000NFCWZS,4.363636363636363,11
B009AZ9566,4.636363636363637,11
B00DQ3Z4W2,4.0,11
B002FRJZ4I,4.545454545454546,11
B0043TQS00,4.090909090909091,11
B0007CXXLY,4.363636363636363,11
B004GOCP8G,4.636363636363637,11
B004HKWYFI,4.090909090909091,11
B005QZXBGY,4.363636363636363,11
B00BR0TJAO,4.181818181818182,11
B0007CXYQS,4.636363636363637,11
B000F4GIOS,4.454545454545454,11
B003VPCBKS,4.181818181818182,11
B006O2CF7E,4.818181818181818,11
B002XWI6J0,4.363636363636363,11
B002OITLG0,4.2727272727272725,11
B0044174FU,4.909090909090909,11
B001C1XUK8,4.2727272727272725,11
B001EXMI5M,4.545454545454546,11
B001C7FEMO,4.2727272727272725,11
B000F4GIMK,4.2727272727272725,11
B000SZUGP6,4.454545454545454,11
B002EBEY1E,4.7272727272727275,11
B000MOOEII,4.181818181818182,11
B001C7FEOM,4.454545454545454,11
B0007CXYMW,5.0,11
B000NG80KS,4.818181818181818,11
B000F4GLA4,4.454545454545454,11
B005P0HYT0,4.0,11
B006MRPOMO,4.818181818181818,11
B00AAO7QQC,4.363636363636363,11
B006WZA408,4.454545454545454,11
B003VL3SG8,4.090909090909091,11
B005QT6WGG,4.636363636363637,11
B000VRI914,4.545454545454546,11
B005OZS5TO,4.090909090909091,11
B002EBEWD4,5.0,11
B0041TDN00,4.2727272727272725,11
B00BH1GDU2,4.0,11
B004KRYPZ0,4.0,11
B0096U0TRO,4.909090909090909,11
B0045YSY6E,4.454545454545454,11
B003T0NHUS,4.7272727272727275,11
B001G6U80O,4.636363636363637,11
B00IXVBXTU,4.454545454545454,11
B00FP0HB1G,4.363636363636363,11
B0045KGB2W,4.0,11
B00153BLAO,4.545454545454546,11
B007UZO2GQ,4.363636363636363,11
B000NI0WI4,4.363636363636363,11
B001BBIO6E,4.545454545454546,11
B002BZDJ4G,4.0,11
B00AEX24YI,4.454545454545454,11
B000NI7AS4,4.363636363636363,11
B005NJ5FNK,4.2727272727272725,11
B00467B0TI,4.909090909090909,11
B009SOD2JU,4.7272727272727275,11
B000S94J00,4.545454545454546,11
B005JFL9OW,4.7272727272727275,11
B0096DS22U,4.090909090909091,11
B0096DSOGE,4.090909090909091,11
B0030VO3R2,4.181818181818182,11
B001BB8XG0,4.7272727272727275,11
B002BWOXX0,4.636363636363637,11
B002BWOXXU,4.7272727272727275,11
B0045LI03E,4.545454545454546,11
B000S97MEU,4.0,11
B00152SABS,4.0,11
B00EQWWYQ6,4.363636363636363,11
B000MAJD88,4.909090909090909,11
B003TJI5S8,4.090909090909091,11
B0030GQH8A,4.636363636363637,11
B003TS6HRA,4.545454545454546,11
B000UU80ZM,4.181818181818182,11
B003TVKFC0,4.818181818181818,11
B007UIAHX0,4.0,11
B007UH5ZB0,4.545454545454546,11
B000HKERYI,4.909090909090909,11
B004KEQRNQ,4.7272727272727275,11
B0097BYN4C,4.636363636363637,11
B001BDXN4A,4.2727272727272725,11
B003TXVZRM,4.7272727272727275,11
B003TY8VPA,4.363636363636363,11
B000980PIA,4.0,11
B000HL05H0,4.090909090909091,11
B001BBJN1Y,4.7272727272727275,11
B009SOT43S,4.0,11
B000EM9D98,4.2727272727272725,11
B00DRPMOAY,4.090909090909091,11
B002PYJG5Y,4.818181818181818,11
B000GCSHBG,4.2727272727272725,11
B0030GFXOE,4.909090909090909,11
B0045K96EW,4.454545454545454,11
B00469819S,4.454545454545454,11
B00DCZM0U8,4.636363636363637,11
B007USTWTU,4.181818181818182,11
B0002KIXG6,4.818181818181818,11
B003TP9S1K,4.2727272727272725,11
B000NHZDQ6,4.818181818181818,11
B002BVIXU0,4.818181818181818,11
B006TURZ62,4.545454545454546,11
B001G7Q6MW,4.7272727272727275,11
B000GCUHRI,4.818181818181818,11
B000VYA24E,4.0,11
B0014TC69E,4.181818181818182,11
B00461G328,4.7272727272727275,11
B00AFP2THM,5.0,11
B0009EXOQO,4.818181818181818,11
B0014TFNO4,4.909090909090909,11
B003S138SY,4.454545454545454,11
B000VXSFVC,4.545454545454546,11
B000HWKDYY,4.363636363636363,11
B0045VPINO,4.090909090909091,11
B00AFITLIO,5.0,11
B0009EXM0C,4.545454545454546,11
B002Q8LSVO,4.2727272727272725,11
B007WS1GQA,4.454545454545454,11
B0095K8JZ4,4.090909090909091,11
B003RS8Y8W,4.0,11
B000HYW642,4.454545454545454,11
B00C9P1LMU,4.636363636363637,11
B007X868WQ,4.545454545454546,11
B003RL6B8Y,4.636363636363637,11
B002BDHGT2,4.2727272727272725,11
B000S7ZTDI,4.454545454545454,11
B005ING9AE,4.818181818181818,11
B004L23CGM,4.363636363636363,11
B0009F3O9K,4.363636363636363,11
B0014R7TBG,4.818181818181818,11
B000143IUY,4.909090909090909,11
B005IQQIMU,4.2727272727272725,11
B005IRZZJ6,4.818181818181818,11
B000HVU06Q,4.545454545454546,11
B00318R6AK,4.636363636363637,11
B00F7FR25Y,4.363636363636363,11
B001B54XLU,4.181818181818182,11
B000M5II4S,4.181818181818182,11
B00AFCP02Q,4.818181818181818,11
B00014DNAO,5.0,11
B000GCWB5Y,4.363636363636363,11
B000EIMFOW,4.181818181818182,11
B003156NKC,4.090909090909091,11
B003SKGIXM,4.818181818181818,11
B001B4MIPO,4.545454545454546,11
B000GCWDQG,4.909090909090909,11
B00DCMDYK6,4.545454545454546,11
B009SNBJGY,4.2727272727272725,11
B002BU8F9K,5.0,11
B009SMFZ6A,4.2727272727272725,11
B00AFCP2Y2,4.7272727272727275,11
B001BAHEUM,5.0,11
B004KUT6QA,4.181818181818182,11
B00CX9R0E0,4.636363636363637,11
B009SJVVZW,4.7272727272727275,11
B006TUSORQ,4.7272727272727275,11
B000HVF42Q,4.363636363636363,11
B003S7ZV60,4.909090909090909,11
B001G7PQLY,4.454545454545454,11
B00464HCZM,4.636363636363637,11
B0009ET6KC,4.090909090909091,11
B000GCW83E,4.181818181818182,11
B0045Q3MG4,5.0,11
B00BS8YNG0,4.909090909090909,11
B00DSK6NRS,4.545454545454546,11
B004KU1WPS,4.545454545454546,11
B005KSR33Y,4.545454545454546,11
B007RSF5EY,4.818181818181818,11
B0002GRDF2,4.909090909090909,11
B001FD4N18,4.363636363636363,11
B007S5A2K8,4.181818181818182,11
B001AZJFUA,4.909090909090909,11
B003UNSDI0,4.0,11
B002ZG978I,4.2727272727272725,11
B006VUR7N6,4.0,11
B004IROHNM,4.090909090909091,11
B003UOVWYG,4.818181818181818,11
B00BGG83GU,4.0,11
B004IPKKDA,4.363636363636363,11
B001FB5TMC,4.545454545454546,11
B000VUYKZK,4.181818181818182,11
B007S8ZG38,4.818181818181818,11
B00BGDIRMI,4.818181818181818,11
B007SN8EE6,4.0,11
B002D48QJ8,4.909090909090909,11
B001BKRDFS,4.454545454545454,11
B004JDZAE0,4.909090909090909,11
B000SLRP40,4.454545454545454,11
B000NGT8DG,4.2727272727272725,11
B000MGD7F2,5.0,11
B004J692YQ,4.454545454545454,11
B0002GRJQK,4.0,11
B002ZHWAN6,4.818181818181818,11
B001FNOA5C,4.090909090909091,11
B00993C1CE,4.090909090909091,11
B003UPB2F4,4.363636363636363,11
B009TCRT9A,4.363636363636363,11
B000HBMYIS,4.0,11
B001FB5I82,5.0,11
B007RHZ3WY,4.636363636363637,11
B003UZ1B78,4.2727272727272725,11
B00161JJK4,4.636363636363637,11
B001FB5H56,4.818181818181818,11
B0046UJ3TO,4.818181818181818,11
B001BQXSXS,4.181818181818182,11
B000NJQ8NQ,5.0,11
B0044TAEAO,4.545454545454546,11
B000VUWTS0,4.0,11
B00D06RJEG,4.2727272727272725,11
B00DDMIVSA,4.2727272727272725,11
B000NGI4QI,4.2727272727272725,11
B000181SRA,5.0,11
B003USJVEK,4.636363636363637,11
B0099VQBQI,4.0,11
B002DGUALS,4.7272727272727275,11
B002DH29BQ,4.7272727272727275,11
B005N2W030,4.636363636363637,11
B002ZAKOHM,4.454545454545454,11
B003UW28VE,4.545454545454546,11
B004JHJQ7S,4.090909090909091,11
B00016XBCW,4.545454545454546,11
B00BS1SP2U,4.909090909090909,11
B007TDAW36,4.0,11
B002QRWIMS,4.0,11
B0045EEEOK,4.181818181818182,11
B007TD761M,4.545454545454546,11
B003U4H6PU,4.090909090909091,11
B001BIL5AY,4.909090909090909,11
B004KA36BG,4.7272727272727275,11
B00GNA6ZA0,4.818181818181818,11
B007TC01WE,4.454545454545454,11
B000EO1574,4.2727272727272725,11
B00983N5C0,4.2727272727272725,11
B0046ESYVS,4.7272727272727275,11
B000GCY166,4.454545454545454,11
B004KEJ8NW,4.0,11
B000OIPRS8,4.181818181818182,11
B0002KS5I2,4.818181818181818,11
B00308CCSM,4.181818181818182,11
B003085CW0,5.0,11
B00F6BZK3A,4.7272727272727275,11
B000SDTM3A,4.7272727272727275,11
B0015C9FPI,4.2727272727272725,11
B003U4DAGY,4.454545454545454,11
B001FWXJ5A,4.090909090909091,11
B00C7WOC6M,4.818181818181818,11
B00016QT7G,4.636363636363637,11
B000HHZ8XA,4.2727272727272725,11
B0046DC59Q,5.0,11
B00IBL1YU0,4.454545454545454,11
B003U2WBJI,4.636363636363637,11
B005LC1KEC,4.7272727272727275,11
B006QYZS7E,4.818181818181818,11
B0015TGN60,4.0,11
B0015PDX2G,4.363636363636363,11
B007SXBJGG,4.090909090909091,11
B009RW4OEU,4.181818181818182,11
B005LZT9CO,4.7272727272727275,11
B0098SNU9I,4.545454545454546,11
B004JX4FPU,4.181818181818182,11
B00DR4WTIC,4.0,11
B001B11WMW,4.090909090909091,11
B000GD074A,4.545454545454546,11
B000EPA4G6,4.181818181818182,11
B002CSQN5O,4.636363636363637,11
B003UK84P0,5.0,11
B000EPUXVC,4.181818181818182,11
B001B1C1W2,4.363636363636363,11
B000OIBRZ0,4.909090909090909,11
B00084R2MW,4.454545454545454,11
B0008ELEDA,5.0,11
B00ADRHABW,4.181818181818182,11
B005LJUDHK,4.545454545454546,11
B000GCZZ2U,4.090909090909091,11
B005LN6K1Y,4.636363636363637,11
B002CMLHA6,4.818181818181818,11
B001FVOS4M,4.454545454545454,11
B003UFGVYQ,4.0,11
B007SZD5GG,4.2727272727272725,11
B002ZTI2YK,4.2727272727272725,11
B002CMLRVA,4.636363636363637,11
B00ADJEUAY,4.7272727272727275,11
B009RXUD1C,4.818181818181818,11
B007SYXUEO,4.545454545454546,11
B001ET7BOY,4.0,11
B000VOP8DY,5.0,11
B00175S7R0,4.2727272727272725,11
B004CZ2PWA,4.545454545454546,11
B00I0BI7T2,4.818181818181818,11
B0018N1TT4,4.363636363636363,11
B000N94R66,4.454545454545454,11
B00H8Z614E,4.636363636363637,11
B00D6PSU6W,4.545454545454546,11
B0042A0SXI,4.181818181818182,11
B002UL35IQ,4.0,11
B007AXQ130,4.7272727272727275,11
B00BN6SPO8,4.454545454545454,11
B002M9T2KG,5.0,11
B00I6JKW6E,4.545454545454546,11
B0063UIMWO,4.2727272727272725,11
B002SRIN1Q,4.2727272727272725,11
B00EXUJX2Y,4.909090909090909,11
B002UUUJK4,4.818181818181818,11
B00401DR50,4.0,11
B007CMBQZM,4.363636363636363,11
B00I4ZS80W,4.2727272727272725,11
B00028OT8Y,4.7272727272727275,11
B0018HPFNG,4.545454545454546,11
B00028OSHG,5.0,11
B000N2MXEQ,4.2727272727272725,11
B000N2MYBI,4.363636363636363,11
B007C03WHO,4.363636363636363,11
B004D247TQ,4.2727272727272725,11
B0063UI9G8,4.545454545454546,11
B009NQEF3K,4.090909090909091,11
B001E720DI,4.2727272727272725,11
B009JNXJHU,4.454545454545454,11
B000VGU2LU,4.090909090909091,11
B002M0HXPG,4.0,11
B00654NGBA,4.909090909090909,11
B0019QEJYW,4.7272727272727275,11
B0018QE78Q,4.090909090909091,11
B000VGS6PY,4.181818181818182,11
B002L38RMM,4.454545454545454,11
B001E6QWLU,5.0,11
B000630EHU,4.909090909090909,11
B002L3QO0E,4.818181818181818,11
B0065863SY,4.0,11
B002UEFGMG,4.2727272727272725,11
B009NNN7UU,4.090909090909091,11
B00BOYMW16,4.636363636363637,11
B00BOWO92S,4.181818181818182,11
B0006IJ7A0,4.636363636363637,11
B0065LRBUA,4.818181818181818,11
B001DDG3RW,4.818181818181818,11
B006FJU7VM,4.454545454545454,11
B0064BNJWU,4.909090909090909,11
B002M2DD9E,4.454545454545454,11
B000UL97DU,4.7272727272727275,11
B00EY6B3R0,4.7272727272727275,11
B002KQH7Q2,4.181818181818182,11
B0019RKR60,4.363636363636363,11
B00A1WHY38,4.454545454545454,11
B0040QBTEG,4.545454545454546,11
B000VHAA6G,4.363636363636363,11
B007ABI6P8,4.818181818181818,11
B006535SA8,4.7272727272727275,11
B004CMAMVO,5.0,11
B00BNB35WA,4.090909090909091,11
B004D8M66G,4.545454545454546,11
B001A3JBPG,4.0,11
B006H9E3DS,4.545454545454546,11
B001E96L0E,4.545454545454546,11
B002VARDDO,4.181818181818182,11
B00A3HSU7A,4.545454545454546,11
B001E96KYQ,4.090909090909091,11
B00620NWXE,4.363636363636363,11
B0042NU7FE,4.545454545454546,11
B001893360,4.636363636363637,11
B0072ZYVYM,4.7272727272727275,11
B001A3KWU4,4.818181818181818,11
B001E96L68,4.363636363636363,11
B004DIUWU8,4.363636363636363,11
B004DK8QS6,5.0,11
B00A3VOCIM,4.909090909090909,11
B004DK7DRG,4.0,11
B0042PC4SA,4.454545454545454,11
B009IIGMMK,4.2727272727272725,11
B0006NXWLA,4.909090909090909,11
B00GQ0GN0Y,4.818181818181818,11
B000O19DNK,4.7272727272727275,11
B00614QJEU,4.818181818181818,11
B0072Z0YGG,4.636363636363637,11
B007FELXXC,4.909090909090909,11
B001E96LDG,4.454545454545454,11
B006H9JJ0A,4.454545454545454,11
B0061JPJ6O,4.0,11
B004DFDBKY,4.090909090909091,11
B000FJS5GW,4.2727272727272725,11
B0042GXLI6,4.363636363636363,11
B002V4LZ0W,4.0,11
B0062MAIIE,4.7272727272727275,11
B00021DOZ0,4.636363636363637,11
B004D9JIWU,4.363636363636363,11
B00061MPJC,4.636363636363637,11
B007D5Q8JW,4.090909090909091,11
B003ZZW7XU,4.545454545454546,11
B0073GNP0Q,4.454545454545454,11
B004A8P7FG,4.363636363636363,11
B0073HOZ6S,4.545454545454546,11
B000FKGSA6,4.181818181818182,11
B00028OTT8,4.7272727272727275,11
B00C0YNMRM,4.090909090909091,11
B002MEWGDG,4.818181818181818,11
B00BWAN68U,4.454545454545454,11
B001CZMT4C,4.0,11
B00J5KDCO2,4.545454545454546,11
B00F3388S0,4.2727272727272725,11
B004DBC0EQ,4.636363636363637,11
B001A1NAQO,4.545454545454546,11
B002JQBDPE,4.181818181818182,11
B001A0S59M,4.181818181818182,11
B007ED6H12,4.090909090909091,11
B002V7Z8AW,4.363636363636363,11
B002V7T8BC,4.090909090909091,11
B002SQ4SKW,4.0,11
B000FKD5DO,4.0,11
B0004JKJ08,4.181818181818182,11
B001E95F5Q,4.454545454545454,11
B000TX273G,4.545454545454546,11
B006GQO2Z6,4.363636363636363,11
B002V5M212,4.545454545454546,11
B000U560PO,4.545454545454546,11
B0049TLIQI,4.545454545454546,11
B0069SFL2O,4.090909090909091,11
B002T5IN3A,4.0,11
B004AVKP7I,4.545454545454546,11
B004AWTF5K,4.2727272727272725,11
B0069USI3G,4.545454545454546,11
B001DXQDL8,4.2727272727272725,11
B006DIKWJM,4.090909090909091,11
B004BG2QMY,4.181818181818182,11
B0041QEZF0,4.545454545454546,11
B001DKOVO2,4.2727272727272725,11
B002TLT3R4,4.818181818181818,11
B0076AXHO8,4.7272727272727275,11
B006DH7EIU,4.909090909090909,11
B006E920B8,4.909090909090909,11
B002LE8P96,4.818181818181818,11
B000GIJ1LA,4.090909090909091,11
B00025WZY2,4.545454545454546,11
B004BMC894,4.7272727272727275,11
B001DYP5HU,4.181818181818182,11
B006E5TV0K,4.454545454545454,11
B00BOJ79EG,4.181818181818182,11
B0076H6TLY,5.0,11
B0076H0PX2,5.0,11
B00026CZDC,4.090909090909091,11
B000689ZZM,4.454545454545454,11
B00D5YHXTO,4.181818181818182,11
B000N5S0CW,4.090909090909091,11
B006CQ5GKU,4.818181818181818,11
B00D67IANS,4.090909090909091,11
B0019GVDTG,4.0,11
B001DQ12HA,5.0,11
B00I5ISJQQ,4.818181818181818,11
B000NSSLI2,4.2727272727272725,11
B004BAZKY6,4.181818181818182,11
B001DMQ6BG,4.090909090909091,11
B0075JI272,4.090909090909091,11
B0075JHCA0,4.909090909090909,11
B000UGJW44,4.636363636363637,11
B00DHO7X8S,4.090909090909091,11
B00J9UR64U,4.363636363636363,11
B000NSU04A,4.0,11
B006B8J8RQ,4.7272727272727275,11
B009MXZTEI,4.363636363636363,11
B007635SGA,4.454545454545454,11
B0019CLZU2,4.7272727272727275,11
B00GOSXWS4,5.0,11
B000NSRZUM,4.545454545454546,11
B006CRYEES,4.454545454545454,11
B009YJI186,4.090909090909091,11
B000GI3TZE,4.0,11
B000N5QWD6,4.2727272727272725,11
B00762VO6O,4.2727272727272725,11
B002LLG4T2,4.0,11
B004B450W4,5.0,11
B009MRXYLE,4.7272727272727275,11
B000NSSLDM,4.818181818181818,11
B000FMVKZW,4.636363636363637,11
B002UD52L2,4.090909090909091,11
B0006433NG,4.454545454545454,11
B00JP3SWJO,4.636363636363637,11
B002LA3UBS,4.818181818181818,11
B0018SV2KA,4.0,11
B009NKKPOO,4.818181818181818,11
B0018SXENS,4.636363636363637,11
B002U4FD0G,4.545454545454546,11
B001E4KA6U,4.181818181818182,11
B004BUZK1O,4.181818181818182,11
B009LNFP4S,4.090909090909091,11
B00A0IWSI4,4.454545454545454,11
B004BUT6X2,4.545454545454546,11
B00A0RG2GY,4.545454545454546,11
B0041CM33A,4.545454545454546,11
B00FEZL578,4.363636363636363,11
B00789UP8S,4.2727272727272725,11
B00BOVOT8S,4.545454545454546,11
B00063IZ3U,4.909090909090909,11
B0074CDRJ8,4.090909090909091,11
B0074CEVEI,4.090909090909091,11
B000NRUZOG,4.363636363636363,11
B004C5V8I2,4.818181818181818,11
B00428HIBK,4.7272727272727275,11
B0006I8JCM,4.454545454545454,11
B00BNVE3C6,4.090909090909091,11
B006ERKV5C,4.909090909090909,11
B000N38PD8,4.181818181818182,11
B004C0UYUA,4.545454545454546,11
B001E5EBW8,4.818181818181818,11
B001E36C36,4.7272727272727275,11
B000NUWAYQ,4.636363636363637,11
B00196BEXQ,4.636363636363637,11
B0077195CO,4.636363636363637,11
B001E0ZOCO,4.2727272727272725,11
B00024R458,4.363636363636363,11
B004AR2PIE,4.2727272727272725,11
B001E0ZD5W,4.636363636363637,11
B001E0YBM8,4.2727272727272725,11
B001E0XS7W,4.909090909090909,11
B00194BK78,4.7272727272727275,11
B006EHYDYC,4.636363636363637,11
B0019KX3IG,4.181818181818182,11
B00BY56U7C,4.454545454545454,11
B009M9TLIM,4.636363636363637,11
B009XXUSC0,4.181818181818182,11
B00027DK5I,4.0,11
B001E0SKDO,4.636363636363637,11
B004BQ7JSA,4.181818181818182,11
B004ARV7E2,4.636363636363637,11
B0076OM9PM,4.545454545454546,11
B0074VF044,4.636363636363637,11
B00023EN2Q,4.818181818181818,11
B000NURW1M,4.909090909090909,11
B000GJ01MW,4.181818181818182,11
B0067YU3IW,4.181818181818182,11
B009NGDFSG,4.0,11
B0067YUKJ4,4.090909090909091,11
B0018YZ7NW,4.0,11
B009LUJA2Y,4.363636363636363,11
B002LTUA6C,4.0,11
B00GMOX0AK,4.0,11
B002TXFD08,4.181818181818182,11
B004AQEOTI,4.363636363636363,11
B000NSGZWG,4.545454545454546,11
B00GP2NEBY,5.0,11
B004BRVEYY,4.818181818181818,11
B002LDXHCC,4.2727272727272725,11
B00EZ8O4IC,4.181818181818182,11
B001925MS8,4.181818181818182,11
B0042PE9HE,4.363636363636363,11
B0047HX04A,4.7272727272727275,11
B000H3EPQK,4.545454545454546,11
B000VON3BS,4.454545454545454,11
B004808244,4.7272727272727275,11
B003Y5L066,4.363636363636363,11
B001AFIMA4,4.363636363636363,11
B001CL88MI,4.090909090909091,11
B002HDSPYG,4.454545454545454,11
B000H3ENH6,4.363636363636363,11
B000H3EMEA,4.636363636363637,11
B009PG3516,5.0,11
B004FTH3FM,4.181818181818182,11
B000H3DAHK,4.2727272727272725,11
B005USUCR8,5.0,11
B00481F3DQ,4.636363636363637,11
B005UXFB0G,4.909090909090909,11
B0070YFUV8,4.545454545454546,11
B009PMZBLC,4.909090909090909,11
B002WWBPNA,4.0,11
B006KZ6VH0,4.545454545454546,11
B002H6R5ZS,4.454545454545454,11
B00BJU3AMU,4.454545454545454,11
B0070O69RW,4.090909090909091,11
B001CL2LB2,5.0,11
B001ET72SY,4.181818181818182,11
B009W44URE,4.909090909090909,11
B0006ZHIMC,4.363636363636363,11
B000VON5JS,4.454545454545454,11
B001CL4O9O,4.181818181818182,11
B001ET71VW,4.454545454545454,11
B002WQEGQE,4.181818181818182,11
B004G540WO,4.090909090909091,11
B003YJA9EG,4.090909090909091,11
B000TGIN5E,4.636363636363637,11
B001ADU8FI,4.454545454545454,11
B006JRXGL8,4.181818181818182,11
B0017O36JU,4.090909090909091,11
B0048CN2W4,4.454545454545454,11
B006JKXJ4O,4.181818181818182,11
B00EW6XRUI,4.7272727272727275,11
B000FVXV6E,4.7272727272727275,11
B000FBF59U,4.090909090909091,11
B005VOZDUC,4.7272727272727275,11
B00BKH59G2,4.545454545454546,11
B004FOI5RM,5.0,11
B002WJHJXS,4.636363636363637,11
B000H30FKK,4.454545454545454,11
B004FOAYR6,4.7272727272727275,11
B001ES8G6C,4.636363636363637,11
B007JFXD58,4.363636363636363,11
B001ESA2S2,4.818181818181818,11
B000H3CPR6,4.090909090909091,11
B001ET6X7U,4.090909090909091,11
B004FQPX34,4.636363636363637,11
B003YIZ47Y,4.818181818181818,11
B00D2JAKY2,4.0,11
B000VOLLN0,4.181818181818182,11
B0006V2SD0,4.2727272727272725,11
B007J7M3ZM,4.2727272727272725,11
B000O3CDUI,4.7272727272727275,11
B003YJ6DFK,4.090909090909091,11
B001AEQ8MO,4.181818181818182,11
B006JUMBWK,4.7272727272727275,11
B002WKRJ0K,4.363636363636363,11
B0017M2BFC,4.7272727272727275,11
B00485N3NE,4.363636363636363,11
B002NMDUUK,4.363636363636363,11
B007IDDRXE,4.363636363636363,11
B002NWU2WE,4.2727272727272725,11
B002GIHFFW,4.181818181818182,11
B001ET78LK,4.2727272727272725,11
B002XITXZA,4.2727272727272725,11
B000G0LZ44,5.0,11
B001ET78HO,4.545454545454546,11
B002XITXQ4,4.363636363636363,11
B00DNUEA1E,4.363636363636363,11
B009DVRVRM,4.909090909090909,11
B007MJK782,4.090909090909091,11
B0043MIMK6,4.090909090909091,11
B001ET78AG,4.0,11
B004GEVH76,5.0,11
B003XN12MG,5.0,11
B003XNEVV0,4.2727272727272725,11
B002XO8760,4.181818181818182,11
B0002YE5MI,4.818181818181818,11
B000F63OB6,4.181818181818182,11
B000NN5HK2,4.454545454545454,11
B001AMRLNQ,4.7272727272727275,11
B006LUA4XQ,4.454545454545454,11
B000F63OC0,4.454545454545454,11
B002XNQIFI,4.090909090909091,11
B001ET7AG8,4.636363636363637,11
B006LRWQLC,4.181818181818182,11
B001ET79SM,4.363636363636363,11
B009DQDH3O,4.363636363636363,11
B00A8NUQY4,4.363636363636363,11
B001ET78U6,4.0,11
B002RT713Q,4.636363636363637,11
B0047SEO3K,4.545454545454546,11
B003XNYHWS,4.454545454545454,11
B000VONALG,4.2727272727272725,11
B002XANXMW,4.0,11
B005TLZLA4,4.181818181818182,11
B000H3GDO2,4.545454545454546,11
B0001TJ8OO,4.0,11
B004G89RX8,4.454545454545454,11
B005TT8S74,4.7272727272727275,11
B000GHLHGI,4.636363636363637,11
B005TT8VXK,4.636363636363637,11
B0017I1PX0,4.545454545454546,11
B005TT8X2E,4.363636363636363,11
B006ZZSL2S,4.2727272727272725,11
B00DNGDH62,4.181818181818182,11
B000O532CO,4.545454545454546,11
B00D1XM6EG,4.181818181818182,11
B003XV5GSY,4.818181818181818,11
B001ET776G,5.0,11
B004GCPZU8,4.909090909090909,11
B001AKVB5M,4.181818181818182,11
B0001MBZLA,4.7272727272727275,11
B0002Z0P8A,4.2727272727272725,11
B002XG9BLS,4.7272727272727275,11
B0017BF736,4.181818181818182,11
B009ES1PWG,4.636363636363637,11
B001DNJO78,5.0,11
B006L68QQ2,4.545454545454546,11
B0007601S8,4.7272727272727275,11
B0007601RO,4.0,11
B007L5P7YQ,5.0,11
B002HMQS14,4.545454545454546,11
B00183RHTU,4.2727272727272725,11
B003ZHM60C,4.0,11
B009HROY7C,4.545454545454546,11
B000VOHCI8,4.2727272727272725,11
B009HU5A9A,4.0,11
B000FU05IM,4.363636363636363,11
B001EB9JTW,4.909090909090909,11
B006HYE7WK,4.181818181818182,11
B006HTLHVY,4.545454545454546,11
B002VKK2V4,4.818181818181818,11
B002IJS7N8,4.545454545454546,11
B00029V0QM,4.454545454545454,11
B0006O0VYK,4.545454545454546,11
B002INQCAE,4.545454545454546,11
B002N4AUYC,4.2727272727272725,11
B007GOCKZG,4.0,11
B000FGZJ1E,4.2727272727272725,11
B005ZQGF12,4.181818181818182,11
B00D3KN448,4.7272727272727275,11
B001ECQ4MQ,4.636363636363637,11
B006IB9CP4,4.818181818181818,11
B003ZBHDLA,4.454545454545454,11
B000FU0WL2,5.0,11
B00DM0550U,4.363636363636363,11
B002IB4KEQ,4.090909090909091,11
B00GQQGMU4,4.636363636363637,11
B00JBLMY1C,4.7272727272727275,11
B0002ZH7X6,4.181818181818182,11
B000GZDWJA,4.818181818181818,11
B00BPN1SES,4.363636363636363,11
B00D8DY59S,4.454545454545454,11
B004EDNDJ4,4.0,11
B003ZCIP9I,4.818181818181818,11
B001ECQ3X6,4.2727272727272725,11
B00A4OOGSY,4.181818181818182,11
B0042SLXJ8,4.090909090909091,11
B0060AE8WK,4.909090909090909,11
B0009F3R7O,4.0,11
B0006NYEUI,4.2727272727272725,11
B003ZU75B4,4.181818181818182,11
B000ULI4TI,4.0,11
B00J4S3OO8,4.545454545454546,11
B00J4SCZFM,4.909090909090909,11
B00GQDMKZS,4.909090909090909,11
B0006NYDOK,4.7272727272727275,11
B002SIKCQO,4.2727272727272725,11
B009WTY5T2,4.090909090909091,11
B001E96MTO,4.909090909090909,11
B000O1JVSC,4.2727272727272725,11
B001CWP726,4.090909090909091,11
B000O1JH3G,4.818181818181818,11
B000VM17R2,4.0,11
B00028QF2M,4.818181818181818,11
B002N2LBCY,4.454545454545454,11
B001E96OWO,4.7272727272727275,11
B009I0KUJY,4.7272727272727275,11
B0042SLLU4,4.545454545454546,11
B0060EWSTG,4.818181818181818,11
B000O1R44A,4.454545454545454,11
B0042SJOJY,4.2727272727272725,11
B009I0L6GU,4.909090909090909,11
B000N2JK6K,4.454545454545454,11
B000FTVBPO,4.363636363636363,11
B002ITELWE,4.090909090909091,11
B003ZS2U66,4.545454545454546,11
B00181WHF6,4.909090909090909,11
B00C1EMRAO,4.181818181818182,11
B000VNKCKY,4.2727272727272725,11
B007FTXCVS,4.2727272727272725,11
B002VUAIHC,4.181818181818182,11
B002NG4UPU,4.090909090909091,11
B0001ZZSS8,4.909090909090909,11
B000NO588M,5.0,11
B00FBM4RLK,4.909090909090909,11
B003YR8Z3A,4.181818181818182,11
B005WM22M0,4.0,11
B006J0WCYW,4.363636363636363,11
B004FGY1NM,4.818181818181818,11
B009WI2EF0,4.454545454545454,11
B00A6O18HY,4.545454545454546,11
B000TK9T80,4.636363636363637,11
B004FEZ50M,4.454545454545454,11
B000H29FRA,4.363636363636363,11
B000NO587I,4.818181818181818,11
B001CT039Q,4.454545454545454,11
B000ULN7AO,4.7272727272727275,11
B001CRDCVO,4.818181818181818,11
B009P4Y9V8,4.545454545454546,11
B0017PA1Y2,4.0,11
B004FKEKZ2,4.363636363636363,11
B007I6Z3V0,4.363636363636363,11
B00EWDY4VW,4.7272727272727275,11
B00FBL03UU,4.909090909090909,11
B0006SDU2Q,4.636363636363637,11
B006J9G780,4.454545454545454,11
B00BKSPOE8,4.454545454545454,11
B001CS6BZC,4.909090909090909,11
B002HTRGI6,4.090909090909091,11
B0002030QO,5.0,11
B00GO4VW3U,4.818181818181818,11
B007HKP1QE,4.7272727272727275,11
B000TKOB24,4.363636363636363,11
B001ECQ5HU,4.090909090909091,11
B002I7I3AM,4.181818181818182,11
B005Y2JS4I,4.545454545454546,11
B000H0S2NU,4.090909090909091,11
B005YNB76E,4.818181818181818,11
B001A9VHZC,4.363636363636363,11
B007242DD4,4.545454545454546,11
B001ECQ4UI,4.818181818181818,11
B007HCZKP4,4.363636363636363,11
B002S56Y3W,4.7272727272727275,11
B007H55YQ6,4.545454545454546,11
B003Z5YSZK,4.545454545454546,11
B000FVB24M,4.454545454545454,11
B002N5MIAK,4.2727272727272725,11
B000N2EPBK,4.818181818181818,11
B000V72Z6Y,4.818181818181818,11
B004FAV3WK,4.636363636363637,11
B000FE7V3U,4.545454545454546,11
B0017QQ0UK,4.181818181818182,11
B007HSP418,4.454545454545454,11
B00D3CN1T4,4.636363636363637,11
B00020UR2O,4.7272727272727275,11
B001EELTAG,4.181818181818182,11
B0071XOJKG,4.2727272727272725,11
B007HNPV1G,4.818181818181818,11
B002W26Y5E,4.909090909090909,11
B0002UW6ZA,4.2727272727272725,11
B006T8JGOI,4.818181818181818,11
B003A3I7XG,4.363636363636363,11
B00375L8H4,4.090909090909091,11
B005C2NBFW,4.454545454545454,11
B008G86AZ2,4.454545454545454,11
B000A2R934,4.0,11
B001L40OUK,4.7272727272727275,11
B003JLTFTY,4.181818181818182,11
B0039UROPW,4.7272727272727275,11
B00G7SBNJG,4.545454545454546,11
B004VR8Y8S,4.454545454545454,11
B00IJUNDSE,4.454545454545454,11
B000A26NLI,4.0,11
B008RPLFD6,4.181818181818182,11
B008RRG8YA,4.181818181818182,11
B00CEKKA1I,4.363636363636363,11
B000JLEZGU,4.636363636363637,11
B000ZJO1YW,4.545454545454546,11
B000A3V1WS,4.454545454545454,11
B00AO73GSM,4.090909090909091,11
B008G806DO,4.2727272727272725,11
B000A3ENTG,4.545454545454546,11
B00DVMHAUW,5.0,11
B000A3AEO4,4.7272727272727275,11
B00DVM8JBQ,4.454545454545454,11
B0052P11F6,4.2727272727272725,11
B004R0FXW4,4.0,11
B003MBZ0I6,4.2727272727272725,11
B000066B13,4.2727272727272725,11
B0052G7R8K,4.0,11
B001PN2B1M,5.0,11
B000A1GY7C,4.7272727272727275,11
B008YJCQAG,4.181818181818182,11
B003JN4WEA,4.181818181818182,11
B001PNB8YS,4.454545454545454,11
B0036XUYAE,4.454545454545454,11
B008YQ7WLW,4.363636363636363,11
B001KYW6PW,4.181818181818182,11
B0052E359W,4.454545454545454,11
B00006IGL5,4.2727272727272725,11
B00B9IEWQK,4.909090909090909,11
B00CO03OAC,4.7272727272727275,11
B0085YC07O,4.454545454545454,11
B0036Z469M,4.7272727272727275,11
B000CJTF7S,4.363636363636363,11
B0086LC0S0,4.363636363636363,11
B001L0EDGK,4.545454545454546,11
B000IY0WQU,4.0,11
B004VTWBIK,4.090909090909091,11
B0039UUCZ6,4.818181818181818,11
B001L1CWNA,4.0,11
B000BATGW2,4.636363636363637,11
B003JN0L8Q,4.090909090909091,11
B003JN0O5G,4.0,11
B000C1W4JC,4.7272727272727275,11
B001KZPPH2,4.090909090909091,11
B0039V66UK,4.454545454545454,11
B001UGZ7A6,4.636363636363637,11
B0036ZAAVU,4.181818181818182,11
B004VW630O,4.454545454545454,11
B000ZKA938,4.363636363636363,11
B000XDYDXO,4.454545454545454,11
B008S3AXSK,4.2727272727272725,11
B00243FKRY,4.7272727272727275,11
B0052UOX7O,5.0,11
B00B83TVS0,5.0,11
B004RPP6EE,4.545454545454546,11
B00FYZL5E6,5.0,11
B004ROV2UM,4.0,11
B00KMESLE6,4.909090909090909,11
B00GG3XWAK,4.909090909090909,11
B008XNUKHE,4.818181818181818,11
B00CQ0678G,4.363636363636363,11
B000A408HG,4.545454545454546,11
B005BE62GG,4.636363636363637,11
B00005UP28,4.090909090909091,11
B005AYBAIM,4.181818181818182,11
B00B7T7Q8M,4.7272727272727275,11
B001LK4B1C,4.909090909090909,11
B00125LA74,4.2727272727272725,11
B003F18DD2,4.909090909090909,11
B000P6715Q,4.2727272727272725,11
B000KKRFDA,4.7272727272727275,11
B000WO8C1S,5.0,11
B000005L8T,4.909090909090909,11
B001LIG2FM,4.545454545454546,11
B000JLAPYQ,4.090909090909091,11
B001P734BY,4.181818181818182,11
B0025Z8Q4K,4.7272727272727275,11
B00375XYOY,4.818181818181818,11
B003EJB0HQ,4.090909090909091,11
B004R7R6XG,4.636363636363637,11
B0025VWCD0,5.0,11
B003JJ5C20,4.090909090909091,11
B00375WE5Y,4.818181818181818,11
B000CEMQHE,4.545454545454546,11
B00AVUDDRQ,4.181818181818182,11
B001LEPC9I,4.7272727272727275,11
B005BXKHIG,4.090909090909091,11
B00B8U78LU,4.636363636363637,11
B00EA5AZDS,4.909090909090909,11
B000P3ZADO,4.636363636363637,11
9790800568,4.454545454545454,11
B004RIRDFQ,5.0,11
B000CEAWE8,4.818181818181818,11
B004RGSLTA,4.090909090909091,11
B000XDXENO,4.181818181818182,11
B004RE9N1W,4.454545454545454,11
B00CQ2RB3O,4.454545454545454,11
B0025L5T2G,4.818181818181818,11
B0024NQ7RQ,4.545454545454546,11
B000CEDRF4,4.181818181818182,11
B00IS4CPPI,4.2727272727272725,11
B008FQNPM6,4.363636363636363,11
B0087IJEHC,4.0,11
B004RC58NQ,4.181818181818182,11
B0036R6SL4,5.0,11
B000IT3QSG,4.7272727272727275,11
B00GW1JDHC,4.454545454545454,11
B000P22UGK,4.7272727272727275,11
B000P22UA6,4.454545454545454,11
B0084QHIJS,4.636363636363637,11
B003E0Z2TW,4.545454545454546,11
B0084NZ956,4.454545454545454,11
B001KYODH6,4.363636363636363,11
B0035UTG48,4.2727272727272725,11
B000QC9BXO,4.0,11
B001Q6K6X8,4.545454545454546,11
B00CJ2LSEO,4.363636363636363,11
B000BGT720,5.0,11
B003DXT2FA,4.636363636363637,11
B0035SH1N8,4.7272727272727275,11
B004P6IYPS,4.181818181818182,11
B005E6UAY6,4.636363636363637,11
B00AMFG278,4.545454545454546,11
B004PN4V26,4.0,11
B001PZ32F4,4.090909090909091,11
B0009X4CGG,4.2727272727272725,11
B000XE3LMM,4.545454545454546,11
B00363LRSC,4.363636363636363,11
B00HSXV3C6,4.2727272727272725,11
B000CQGQY6,4.636363636363637,11
B001U3W67G,4.090909090909091,11
B000RJ3MC2,4.363636363636363,11
B003LJOFS0,4.0,11
B005DU3F0E,4.181818181818182,11
B0009WY56O,4.0,11
B00CRS3RJ4,4.181818181818182,11
B00IFTU0A8,5.0,11
B00906NIEA,4.545454545454546,11
B00361WLPW,4.181818181818182,11
B0027AX5BM,4.181818181818182,11
B0084FILB8,4.2727272727272725,11
B00H3RT82E,4.636363636363637,11
B00846O4ZE,4.909090909090909,11
B001KUPR4I,4.0,11
B0027P9DQI,4.363636363636363,11
B0013209OQ,4.2727272727272725,11
B005EH5SX8,4.363636363636363,11
B00132EH3K,4.545454545454546,11
B000RLXG76,4.818181818181818,11
B000Z4U1W8,4.454545454545454,11
B005ELOPG0,4.090909090909091,11
B001KOTRI6,4.2727272727272725,11
B004WMFVBK,4.909090909090909,11
B0051BFVIE,4.181818181818182,11
B0090U7O00,5.0,11
B0012ZKCOG,4.818181818181818,11
B005EGXHTQ,4.545454545454546,11
B001KYNUWK,4.545454545454546,11
B000XE493M,4.363636363636363,11
B000IMSCFU,4.181818181818182,11
B00BB3K6HW,4.7272727272727275,11
B000C1VUL0,4.363636363636363,11
B003M55ITS,4.2727272727272725,11
B0051M47LA,4.0,11
B00BB7C5N6,5.0,11
B00B1MPQ9G,4.454545454545454,11
B00IF8KB8U,4.7272727272727275,11
B000Z5Y4S4,4.363636363636363,11
B0027F0CAY,4.0,11
B000RLPFMA,4.090909090909091,11
B00DUU7Y3S,4.2727272727272725,11
B00852F280,4.363636363636363,11
B004VXR98S,4.818181818181818,11
B0009X8OJ2,4.0,11
B0026P3GWG,4.545454545454546,11
B0036IT51S,4.181818181818182,11
B001KYU3C0,4.545454545454546,11
B003K4VC1E,4.636363636363637,11
B0085URN20,4.2727272727272725,11
B003K5B0UQ,4.0,11
B004W1XHPS,4.818181818181818,11
B000Z8V2TU,4.2727272727272725,11
B008Z36K9O,4.636363636363637,11
B0026P3HK2,4.2727272727272725,11
B00BA6OCFW,4.545454545454546,11
B001PTFWR6,4.636363636363637,11
B000CNML8O,4.636363636363637,11
B000Z80M50,4.454545454545454,11
B004QDQYDO,4.454545454545454,11
B000POX4PY,4.363636363636363,11
B00524WE2Q,4.181818181818182,11
B0036QFEA6,4.0,11
B000P255QM,4.2727272727272725,11
B000Z936ZC,4.7272727272727275,11
B000A0ADSE,4.090909090909091,11
B000ISD4QG,4.363636363636363,11
B00GDQ3P8E,4.454545454545454,11
B008H1IDFI,4.0,11
B008Z10JN4,4.181818181818182,11
B000RG8D24,4.0,11
B000RGACU0,4.545454545454546,11
B00525YLYO,5.0,11
B001KYUEAG,4.454545454545454,11
B0012QCTT6,4.454545454545454,11
B008HCWQDW,4.363636363636363,11
B000C1VXLC,4.7272727272727275,11
B001KYRMTM,4.363636363636363,11
B000C1VXK8,4.090909090909091,11
B00853F31U,4.545454545454546,11
B0012RT4KW,4.454545454545454,11
B005DKJRYC,4.181818181818182,11
B001PTG0N6,4.818181818181818,11
B003A2WYIG,4.636363636363637,11
B000WGLREK,4.090909090909091,11
B0009XAHUQ,4.454545454545454,11
B008HPM7QU,4.090909090909091,11
B000C1VXCQ,4.181818181818182,11
B000C1VX9O,5.0,11
B00852HHOC,4.090909090909091,11
B00008IHNW,4.454545454545454,11
B00AWD22O2,4.545454545454546,11
B005DILAFS,4.7272727272727275,11
B00E9G1X3E,4.2727272727272725,11
B00AWD0DU2,4.454545454545454,11
B008ZH4KCE,5.0,11
B004W3VIXY,4.090909090909091,11
B000WIBQBM,4.545454545454546,11
B003A2OWWW,4.545454545454546,11
B001KYRV16,4.545454545454546,11
B008H9ILU2,4.181818181818182,11
B000RI4I30,4.181818181818182,11
B0012RR0A8,4.2727272727272725,11
B008HA05G4,4.454545454545454,11
B0036BAQMW,4.090909090909091,11
B003KVMS24,4.2727272727272725,11
B00885N9ZW,4.090909090909091,11
B001P5LHTC,4.0,11
B008U2WX7I,4.545454545454546,11
B00HLV4EB2,4.7272727272727275,11
B0010ZLBVG,4.454545454545454,11
B00119Q7WO,4.363636363636363,11
B0054Y5AYS,4.636363636363637,11
B000KOLZ6O,4.818181818181818,11
B001VGTSA0,4.0,11
B003HU2WV0,4.818181818181818,11
B000C21BAE,4.454545454545454,11
B0057GUL4C,4.545454545454546,11
B00HRJGI94,4.363636363636363,11
B001VGJ2L0,4.454545454545454,11
B0038OGAU4,4.363636363636363,11
B004THEKLK,4.818181818181818,11
B001N0QDQ6,4.454545454545454,11
B0056Z1JM2,4.818181818181818,11
B008CC4I5Q,4.7272727272727275,11
B0056Z26D8,4.545454545454546,11
B0038M47QA,4.2727272727272725,11
B0056ZREG2,4.636363636363637,11
B001O73KCS,4.7272727272727275,11
B001O8NTFA,4.454545454545454,11
B000C219OC,4.454545454545454,11
B001115TO4,4.545454545454546,11
B004TIASKQ,4.181818181818182,11
B001VIEZ9M,4.181818181818182,11
B008B7VTA4,4.363636363636363,11
B001OC1DCM,4.636363636363637,11
B00KGKQR2Y,5.0,11
B000JL1MP2,4.181818181818182,11
B0057Q6UDS,4.454545454545454,11
B000WXZEAG,4.181818181818182,11
B0057S8Y12,4.181818181818182,11
B000PCXKIW,4.454545454545454,11
B000052YMO,4.454545454545454,11
B0037YC0B8,4.7272727272727275,11
B000C1ZCUA,4.090909090909091,11
B000ALBLQG,4.818181818181818,11
B000ALBL4I,4.363636363636363,11
B000J52X88,4.363636363636363,11
B003I36I20,4.545454545454546,11
B008VG0CHG,4.181818181818182,11
B00IISY25U,4.181818181818182,11
B0057K6WK0,4.454545454545454,11
B0011D245E,4.454545454545454,11
B001OE77HU,4.363636363636363,11
B008D5DHO0,4.363636363636363,11
B000QUM7RI,4.909090909090909,11
B0038SILY8,4.2727272727272725,11
B003I34F3O,4.454545454545454,11
B0057NE7XG,4.363636363636363,11
B0010XKW6S,4.363636363636363,11
B001OI0YQ2,4.545454545454546,11
B0054PCP0O,4.2727272727272725,11
B001N444FE,4.454545454545454,11
B004UKA3GM,4.7272727272727275,11
B0011DMN6Y,4.363636363636363,11
B004UDOENW,4.2727272727272725,11
B000C2135M,4.363636363636363,11
B00DZZ6HKY,4.090909090909091,11
B001WAKU20,4.0,11
B00112GC6M,4.181818181818182,11
B004U3XOHO,4.090909090909091,11
B0038DF8AI,5.0,11
B000JJGFMY,4.2727272727272725,11
B008BMON3Y,4.090909090909091,11
B005670KVG,4.363636363636363,11
B00IPKIZRW,4.636363636363637,11
B001VPEFPY,4.090909090909091,11
B0056AIDXK,4.454545454545454,11
B008BM2JF8,4.818181818181818,11
B000PHVONA,4.454545454545454,11
B0055X2INE,4.545454545454546,11
B00112FLAA,4.818181818181818,11
B001W8QMAQ,4.363636363636363,11
B001NZHIE2,4.181818181818182,11
B0055P7VS4,5.0,11
B000C212JY,4.818181818181818,11
B00112FL96,4.454545454545454,11
B003H1MWPK,4.545454545454546,11
B001WABX0S,4.636363636363637,11
B0038BGMLE,4.636363636363637,11
B004UBBSMO,4.636363636363637,11
B001O0HP7Q,4.0,11
B000QX3Z0I,4.181818181818182,11
B001WAD5YK,4.636363636363637,11
B0000530O3,4.545454545454546,11
B0055F3DWW,4.7272727272727275,11
B00ATDE2IO,4.818181818181818,11
B0056KIPVA,4.363636363636363,11
B0056JONIU,4.7272727272727275,11
B000PGKXZG,4.545454545454546,11
B000KQ7XA4,4.454545454545454,11
B008V1I778,4.454545454545454,11
B001Z72QRW,4.454545454545454,11
B001O59U24,4.545454545454546,11
B000AMXSKM,4.181818181818182,11
B000AMWYRU,5.0,11
B001ZS5LVO,4.818181818181818,11
B000PHZ26U,4.454545454545454,11
B008UZERHY,4.363636363636363,11
B00IIVVG2E,4.545454545454546,11
B003H7Z1Y8,4.454545454545454,11
B008C88MCA,4.7272727272727275,11
B00CGW3EG2,4.363636363636363,11
B004TSHPMK,4.181818181818182,11
B008C8D4YQ,4.2727272727272725,11
B00CG4A48Q,4.909090909090909,11
B0000530G6,4.545454545454546,11
B0056GLJKS,4.090909090909091,11
B001VME0CA,4.818181818181818,11
B0038LBI22,4.0,11
B0011276JO,4.545454545454546,11
B0054LC0PI,4.7272727272727275,11
B001LNOCU4,4.454545454545454,11
B000B7TMME,4.2727272727272725,11
B000AA9HP4,4.363636363636363,11
B008X3PETI,4.909090909090909,11
B00EFXNP6Y,4.0,11
B000R8YKCE,4.545454545454546,11
B000PILCIQ,4.363636363636363,11
B0088P3DTY,5.0,11
B00538T816,4.818181818181818,11
B001P26BC8,4.2727272727272725,11
B000C1Z6N8,4.7272727272727275,11
B00KLA4INE,5.0,11
B0088OQ482,4.818181818181818,11
B001LU0W56,4.7272727272727275,11
B004S8E8U8,4.2727272727272725,11
B000B9L5XQ,4.636363636363637,11
B003J9UJIC,4.2727272727272725,11
B000050FES,4.818181818181818,11
B001V9HT0S,4.363636363636363,11
B00592PNR4,4.2727272727272725,11
B000C2X03A,4.7272727272727275,11
B0037LJ7JO,4.363636363636363,11
B003IWO6RU,4.7272727272727275,11
B00CF6LL2I,4.363636363636363,11
B000R8W4BS,4.181818181818182,11
B00G4R48AQ,4.2727272727272725,11
B00AFZ8ZP2,4.454545454545454,11
B0011ZZD0A,4.545454545454546,11
B003J3YN9O,4.181818181818182,11
B0020WSBK2,4.0,11
B00CF53T5Q,4.090909090909091,11
B00B3MENE8,4.181818181818182,11
B008E0AHWO,4.454545454545454,11
B001P1ZEKE,4.454545454545454,11
B0037IJ742,4.818181818181818,11
B0053601JG,4.636363636363637,11
B00121U132,4.909090909090909,11
B00CEY59L0,4.090909090909091,11
B0022QCY72,4.363636363636363,11
B00DX02YE4,4.7272727272727275,11
B001LNOEPM,4.545454545454546,11
B00IRE2YWS,4.909090909090909,11
B000KKWIMS,5.0,11
B00G6119KM,4.363636363636363,11
B00APEOAIY,4.090909090909091,11
B004RYXC1Y,4.090909090909091,11
B004RYF0LE,4.0,11
B0037AKUMI,4.454545454545454,11
B004RYD2CI,4.2727272727272725,11
B0052Z817W,4.2727272727272725,11
B004V7VK8E,4.7272727272727275,11
B005AII180,4.818181818181818,11
B00103TCM8,4.454545454545454,11
B00B7E0B48,4.818181818181818,11
B000CCO91C,4.7272727272727275,11
B0022JHNHK,4.818181818181818,11
B008ED15D6,4.090909090909091,11
B003JCGQ18,4.909090909090909,11
B003F6VKKU,4.2727272727272725,11
B00GG0I7VM,5.0,11
B003JCGJJ2,4.454545454545454,11
B0059D59XQ,4.181818181818182,11
B0088H2D5M,4.181818181818182,11
B008XB76C8,4.545454545454546,11
B008EK7OFC,5.0,11
B0059XLCCS,4.454545454545454,11
B0021W4WUE,4.818181818181818,11
B000KWV6F6,4.0,11
B003F6VJTM,4.545454545454546,11
B001LNOJVG,4.2727272727272725,11
B00123D8E4,4.363636363636363,11
B003FBRTKA,4.454545454545454,11
B0037VLW8S,4.545454545454546,11
B00G0UB2TM,4.454545454545454,11
B0020MMB6W,4.090909090909091,11
B000C1ZBVK,4.2727272727272725,11
B0010SXJ4K,4.818181818181818,11
B0058A2NS4,4.454545454545454,11
B000C1ZBS8,4.454545454545454,11
B00CP9LI2S,4.181818181818182,11
B00G4900RO,4.636363636363637,11
B00B4244SC,5.0,11
B000052YJY,4.7272727272727275,11
B000C233IW,5.0,11
B0058JRULA,4.2727272727272725,11
B000C1Z9P8,5.0,11
B004SUH90M,4.7272727272727275,11
B00546I1H4,4.818181818181818,11
B0054E0BL0,4.090909090909091,11
B003I973QY,4.636363636363637,11
B00589H31W,5.0,11
B00IOV9JGS,4.909090909090909,11
B001V9OVQI,4.454545454545454,11
B0011DN7YQ,4.636363636363637,11
B001MQ7WBQ,4.090909090909091,11
B000WW39R2,4.636363636363637,11
B0037TV82K,4.2727272727272725,11
B004SY3X3A,5.0,11
B0057XMCGU,4.909090909090909,11
B003I8M2S4,4.636363636363637,11
B000KOI3UA,4.2727272727272725,11
B00HQJYLJE,4.454545454545454,11
B00EECJ1OQ,4.181818181818182,11
B000QU5BDA,4.090909090909091,11
B000C2343G,4.909090909090909,11
B00H302QDE,4.454545454545454,11
B001OR24EI,4.818181818181818,11
B00005A77G,4.636363636363637,11
B0020MMFYK,4.636363636363637,11
B004SNPOYM,4.636363636363637,11
B0058UCWK8,5.0,11
B0020MMGWG,4.363636363636363,11
B001V9LUK8,4.090909090909091,11
B000C238S2,4.454545454545454,11
B003ILK1R0,4.454545454545454,11
B0039038Q6,4.2727272727272725,11
B0058YK7L0,4.363636363636363,11
B004SK2WIG,4.0,11
B000AAAW8A,4.636363636363637,11
B000WRZPOW,4.090909090909091,11
B00005A43Y,4.909090909090909,11
B001MEI4F6,4.0,11
B000C235J4,4.545454545454546,11
B001V9LUQM,4.636363636363637,11
B0011G0D0E,4.454545454545454,11
B00AQ7R08M,4.636363636363637,11
B001OO9P5M,4.909090909090909,11
B00AQ7AEHG,4.7272727272727275,11
B001MHMGDY,4.7272727272727275,11
B00545616S,4.0,11
B0011G4NNM,4.0,11
B0011MXTSG,4.090909090909091,11
B0011GD5CM,4.454545454545454,11
B0038ZQFXA,4.454545454545454,11
B000052YI1,4.7272727272727275,11
B001OOLOV0,4.0,11
B001KOTR54,4.363636363636363,11
B008BWI0S8,4.363636363636363,11
B008J1H6TK,4.0,11
B0033RGU1A,4.636363636363637,11
B004ZVYBL4,4.181818181818182,11
B000BO8O3K,5.0,11
B005GGMA74,4.545454545454546,11
B004XN9Q3W,4.363636363636363,11
B0009OAI5O,4.636363636363637,11
B00GU4PCB2,4.2727272727272725,11
B00L4SM46U,5.0,11
B003P65H1S,4.636363636363637,11
B00GB8IA5C,4.363636363636363,11
B001HTEK3G,4.2727272727272725,11
B0033QTYRS,4.7272727272727275,11
B0009OAHJ6,4.818181818181818,11
B001RTSU6Y,4.636363636363637,11
B00BCOJ2Q6,5.0,11
B002A04DB0,4.454545454545454,11
B000E7YJOC,4.818181818181818,11
B000OV5QWC,4.454545454545454,11
B001I6RW6U,4.636363636363637,11
B008LXPOFO,4.636363636363637,11
B000BO6EPA,4.090909090909091,11
B0092SW1NK,4.545454545454546,11
B000YB1U0E,4.636363636363637,11
B00DTPZTQI,4.0,11
B0092SXJAY,4.818181818181818,11
B0009OAIJA,4.636363636363637,11
B0033U0L8A,4.2727272727272725,11
B001I4V34E,4.2727272727272725,11
B001I2Q1FW,4.363636363636363,11
B001RM4JJ8,4.454545454545454,11
B004ZQ84GC,5.0,11
B000I6F4G6,4.0,11
B000127X2A,4.636363636363637,11
B005GRX6BC,4.636363636363637,11
B001H9L37W,4.7272727272727275,11
B003375FKW,5.0,11
B001H9DBMM,4.2727272727272725,11
B0014272TA,4.181818181818182,11
B00HNSSV3U,4.363636363636363,11
B002AJ5X56,4.181818181818182,11
B002AKKOI6,4.2727272727272725,11
B001428X4S,4.636363636363637,11
B00CMJD53Q,4.545454545454546,11
B002AL4G9I,4.363636363636363,11
B007ZH54MK,4.818181818181818,11
B00GD0IQQ6,4.909090909090909,11
B002AH3MB0,4.0,11
B000W3WGPC,4.090909090909091,11
B004ZLYTT8,4.090909090909091,11
B008OLJ8PK,4.545454545454546,11
B000K8EZQC,4.0,11
B000OUMMFC,4.2727272727272725,11
B00FRI6TR8,4.545454545454546,11
B00CMNOI1A,4.636363636363637,11
B000Q39M4G,4.909090909090909,11
B001RVBMT4,4.909090909090909,11
B00140XBLA,4.545454545454546,11
B00CMMY8BG,4.0,11
B0009O8UD6,4.363636363636363,11
B005GQ6FGQ,4.636363636363637,11
B00CULDIQA,4.818181818181818,11
B0080MC83W,5.0,11
B003OYMJVC,4.545454545454546,11
B002954N5M,4.636363636363637,11
B0013KEA5M,5.0,11
B003O9QTOK,4.2727272727272725,11
B003OA141M,4.636363636363637,11
B003ODD39K,4.454545454545454,11
B000LRFWMS,5.0,11
B0009QZXOS,4.636363636363637,11
B003ODS3AO,4.0,11
B003OEITWA,5.0,11
B0000Y3FSK,4.181818181818182,11
B0009Q659K,4.090909090909091,11
B0050AXHQ4,4.545454545454546,11
B001IMIEVQ,4.0,11
B000LRH7Y4,4.454545454545454,11
B0081JE0VM,4.7272727272727275,11
B00HUHJMEG,4.2727272727272725,11
B003OIX6TC,4.909090909090909,11
B0013K5Y52,4.7272727272727275,11
B000C1UB60,4.545454545454546,11
B00CBI16K2,4.636363636363637,11
B001J4RZN6,4.7272727272727275,11
B003O4I2WW,4.7272727272727275,11
B001R4CL82,4.454545454545454,11
B003O4I3CQ,4.2727272727272725,11
B004X9BTG8,4.181818181818182,11
B0034E6ICS,4.818181818181818,11
B00CTPUOZU,4.090909090909091,11
B00BC3C9EY,4.545454545454546,11
B00HO6T4XW,4.181818181818182,11
B001THX07S,4.181818181818182,11
B00CTRZ9XU,4.818181818181818,11
B008OXNOQ2,4.636363636363637,11
B000C1UBCE,4.909090909090909,11
B003O7JTOE,4.181818181818182,11
978807250X,4.7272727272727275,11
B001R5VXJO,4.363636363636363,11
B008LPE692,4.454545454545454,11
B00505FE4M,5.0,11
B000LRKNZO,4.363636363636363,11
B00340FA94,4.7272727272727275,11
B0000YUYYS,4.636363636363637,11
B004NEQQBG,4.090909090909091,11
B0029MS7TS,4.181818181818182,11
B0013NX6HM,4.545454545454546,11
B0029PRX2M,4.363636363636363,11
B00AY3S8NE,4.090909090909091,11
B003OS9UR4,4.636363636363637,11
B003OXEJSE,4.181818181818182,11
B0009OMNHU,4.636363636363637,11
B001I90NFE,4.363636363636363,11
B00819VJV6,4.7272727272727275,11
B004NG0SU4,4.181818181818182,11
B003OQMO24,4.545454545454546,11
B00GD98HSY,4.181818181818182,11
B00ENZIQ86,4.7272727272727275,11
B000JZ080S,4.7272727272727275,11
B003CJ6S20,4.7272727272727275,11
B0013N48HE,4.909090909090909,11
B0009PVV2W,4.2727272727272725,11
B004XFY8EC,4.454545454545454,11
B001RAY2VK,4.454545454545454,11
B001T8W7TY,4.818181818181818,11
B000LRKLVA,4.363636363636363,11
B0009PL3B6,4.545454545454546,11
B00E7LLQWY,4.2727272727272725,11
B005GYKE24,4.0,11
B002AMUF60,4.2727272727272725,11
B004LMUKRG,4.2727272727272725,11
B004Y9M36M,4.2727272727272725,11
B004YRQCSE,4.090909090909091,11
B004YRP2ZS,4.181818181818182,11
B005I19A2U,4.181818181818182,11
B001SDCEGQ,4.2727272727272725,11
B003QOZ1RY,4.0,11
B00DSUT8QQ,4.363636363636363,11
B005ID1O4A,4.7272727272727275,11
B000BRSHX4,4.636363636363637,11
B005I034IW,4.0,11
B003BQL1C6,4.818181818181818,11
B00K58HQRM,4.909090909090909,11
B000PZB0VS,4.636363636363637,11
B0094MFUTG,4.2727272727272725,11
B00HHGTMNG,4.090909090909091,11
B002ATLGS4,4.818181818181818,11
B000I1RABI,4.545454545454546,11
B002AXRQ4S,4.0,11
B000Q2ZPL6,5.0,11
B00EPEZUS4,4.0,11
B005HV1O3E,4.2727272727272725,11
B001SZ1KXM,4.2727272727272725,11
B00FQW4OOA,4.090909090909091,11
B0014C9SRO,4.7272727272727275,11
B004YTE6AS,4.818181818181818,11
B000BTQRFW,4.7272727272727275,11
B0009HG2WY,4.545454545454546,11
B001GEASZQ,4.636363636363637,11
B000VZJ028,4.909090909090909,11
B000Q1XRNA,4.090909090909091,11
B00EPXTKS6,4.181818181818182,11
B001SIWLU0,4.545454545454546,11
B004YLC30Q,4.909090909090909,11
B008NZ10TE,4.181818181818182,11
B0001434BC,4.181818181818182,11
B008NXILAC,4.454545454545454,11
B00CWJDCJ8,4.2727272727272725,11
B000EGOGAK,4.363636363636363,11
B001G901GW,4.545454545454546,11
B00322UJGI,5.0,11
B002BADG2Q,4.090909090909091,11
B0094X6KBM,4.7272727272727275,11
B001GIJZAG,4.2727272727272725,11
B0014FYAHY,4.0,11
B000XH9I0I,4.2727272727272725,11
B0014GTMZS,4.545454545454546,11
B000EGMBTS,4.545454545454546,11
B002B8SB3M,4.0,11
B007XFBRXO,4.7272727272727275,11
B00CLYZUEY,4.818181818181818,11
B00DSR9TH2,4.909090909090909,11
B000EGN14M,4.363636363636363,11
B00C9ZGU9Y,4.454545454545454,11
B004YD76JM,4.090909090909091,11
B000142J0O,4.454545454545454,11
B004LWB19C,4.454545454545454,11
B000LTRZY4,4.363636363636363,11
B007YQUSKA,4.2727272727272725,11
B008MPA2YY,4.909090909090909,11
B00GBLGAME,4.181818181818182,11
B008MQ84Q6,4.363636363636363,11
B004M3B3ZC,4.2727272727272725,11
B0032TC9UK,4.909090909090909,11
B002AMUGAA,4.636363636363637,11
B00CADGA0Y,4.818181818181818,11
B000K7MDTO,4.363636363636363,11
B008MVIIIU,4.0,11
B000141LBM,4.2727272727272725,11
B001T8GQL4,4.818181818181818,11
B005HA91KI,4.7272727272727275,11
B002AMUGG4,4.090909090909091,11
B005H4N0RY,4.090909090909091,11
B007Z90NBK,4.636363636363637,11
B005H216CM,4.090909090909091,11
B00E54A7IW,4.818181818181818,11
B000BP0P4U,4.2727272727272725,11
B00334UP96,4.7272727272727275,11
B001T8MCO4,4.7272727272727275,11
5357955948,4.181818181818182,11
B004ZD2M5O,4.0,11
B00013Z0HO,4.454545454545454,11
B001T8MALO,4.363636363636363,11
B000XEB3QI,5.0,11
B000I4N4FQ,4.2727272727272725,11
B00AZIZUD4,4.454545454545454,11
B0032RDLPO,4.090909090909091,11
B000XEBGL0,4.7272727272727275,11
B0094EG1HY,4.090909090909091,11
B003PZLNMQ,4.818181818181818,11
B00HNNQM1S,4.2727272727272725,11
B001S55AV0,4.090909090909091,11
B0032K5LI6,4.545454545454546,11
B001GVFJR6,4.181818181818182,11
B00AZ5K9BU,4.2727272727272725,11
B00EP5SXHS,4.636363636363637,11
B000I3KFOU,4.363636363636363,11
B0014AUE6U,4.636363636363637,11
B007XUCI8C,4.363636363636363,11
B0014AX76E,4.363636363636363,11
B0014AYH3Q,4.363636363636363,11
B004LXJW9C,4.636363636363637,11
B005HIGQP8,4.181818181818182,11
B000141N42,4.090909090909091,11
B007Y6IX7K,4.818181818181818,11
B000141POA,4.181818181818182,11
B0094AJOSQ,4.636363636363637,11
B00AYYJBWK,4.454545454545454,11
B000XTBMSW,5.0,11
1403790965,4.909090909090909,11
B003PZLIH6,4.909090909090909,11
B005HFHBMI,4.181818181818182,11
B007Y6J266,4.363636363636363,11
B000ORYGS6,4.2727272727272725,11
B004Z1V9SW,4.363636363636363,11
B00LG63DOM,4.818181818181818,11
B004NMXN8W,4.181818181818182,11
B005143C2S,4.2727272727272725,11
B000E2622E,4.909090909090909,11
B00EL27LAA,4.0,11
B00820Z7K8,4.181818181818182,11
B0082100K4,4.7272727272727275,11
B003NK1E5O,4.545454545454546,11
B000YQFND4,4.090909090909091,11
B00GURVJ1Q,4.2727272727272725,11
B000C1UET4,4.2727272727272725,11
B004OKBQSM,4.818181818181818,11
B000W9FSI8,4.818181818181818,11
B001U0OVD6,5.0,11
B0013EIVK8,4.545454545454546,11
B000LJHL7A,4.636363636363637,11
B00EKT69A2,4.2727272727272725,11
B000W9FS2Y,4.636363636363637,11
B000PVUAJU,4.2727272727272725,11
B00E838H7S,4.181818181818182,11
B008L2Q7HY,4.909090909090909,11
B0028K3JBW,4.636363636363637,11
B0009R358S,4.7272727272727275,11
B000C1UFL6,4.818181818181818,11
B00H3VQT22,4.818181818181818,11
B004WTZUDW,4.818181818181818,11
B003N4653Q,4.2727272727272725,11
B000PTIM88,4.636363636363637,11
B008JE36VE,4.636363636363637,11
B0091OCBJ4,4.090909090909091,11
B005F784SI,4.0,11
B0028K3JCQ,4.0,11
B001KNI1Q6,4.545454545454546,11
B00H1EHTAC,4.909090909090909,11
B0013B21L6,4.363636363636363,11
B003NTWG2K,4.0,11
B000IFGUU6,4.090909090909091,11
B005106GLQ,4.2727272727272725,11
B000C1VSHG,4.363636363636363,11
B001U0N5R4,4.545454545454546,11
B003D76010,4.636363636363637,11
B003D79TEA,4.545454545454546,11
B008J7SATY,4.090909090909091,11
B000Q876PI,4.7272727272727275,11
B003N185VO,4.454545454545454,11
B004OH46K0,4.181818181818182,11
B00138YIYM,4.181818181818182,11
B000JWQ3ZK,4.636363636363637,11
B000E2D3NA,4.636363636363637,11
B0050WRHEK,4.2727272727272725,11
9790777884,4.818181818181818,11
B004O3SFAG,4.2727272727272725,11
B00135HOPK,4.545454545454546,11
B000IJ6RD2,4.454545454545454,11
B001QJZMUM,4.545454545454546,11
B003N1UI1Y,4.2727272727272725,11
B001JQB6FM,4.181818181818182,11
B0050WM4IO,4.545454545454546,11
B0013DIZL4,4.2727272727272725,11
B004OG27ZC,4.909090909090909,11
B004X8E394,4.090909090909091,11
B0013CBSNM,4.7272727272727275,11
B001KOTQP0,4.0,11
B003O4FNYW,4.7272727272727275,11
B0050IPZWK,4.818181818181818,11
B0091IJVT8,4.636363636363637,11
B0009V7GX4,5.0,11
B00BB8NPHK,4.2727272727272725,11
B00DUHUJZG,4.7272727272727275,11
B008K2PCXU,4.090909090909091,11
B00AKDRBT0,4.545454545454546,11
B001JO6DJ8,4.2727272727272725,11
B000C1VT0C,4.090909090909091,11
B004NT8XD0,4.181818181818182,11
B004O23PEI,4.363636363636363,11
B0028NE9X6,4.2727272727272725,11
B003DQFICS,4.7272727272727275,11
B008K83UCO,4.181818181818182,11
B00133FNM8,4.181818181818182,11
B00AXSI4GQ,4.090909090909091,11
B004WOI9X0,4.545454545454546,11
B00IMHII02,4.0,11
B000YUPCFO,4.181818181818182,11
B004O9FEU4,4.363636363636363,11
B0009RF8ME,4.181818181818182,11
B0035LCW8Y,4.0,11
B005FATBV4,4.363636363636363,11
B003NLTG12,4.090909090909091,11
B003N4PE4W,4.090909090909091,11
B00G9OLORE,4.090909090909091,11
B004OKTSGO,4.7272727272727275,11
B00BBJKU72,4.636363636363637,11
B000KEOO2Q,4.181818181818182,11
B000W9KWM0,4.545454545454546,11
B000C1UCGO,4.181818181818182,11
B00KVE7R0Q,5.0,11
B001QX70E4,4.7272727272727275,11
B008PF728A,4.636363636363637,11
B00FT5LPUK,4.454545454545454,11
B0027ZRS06,4.636363636363637,11
B004NW9OEY,4.818181818181818,11
B000KDZDU4,4.363636363636363,11
B000WBQQY6,4.7272727272727275,11
B001TJP5FQ,4.454545454545454,11
B000LNFK74,4.2727272727272725,11
B0000V828G,4.818181818181818,11
B003CZ1KAY,4.7272727272727275,11
B008J5YBOE,4.909090909090909,11
B00KWR2IV0,4.181818181818182,11
B00KR2HC02,4.9,10
B0038SPKQA,4.1,10
B008TUNHXU,4.4,10
B00BUF4O8S,4.1,10
B008OAWURO,4.4,10
B00D61LW0M,5.0,10
B008CZBYJG,4.0,10
B008R1F0OA,4.5,10
B006U5E4G0,4.2,10
B002RT70VO,4.3,10
B001ADQVFE,4.7,10
B00433BO3M,4.4,10
B000KEYAKM,4.0,10
B003FTRW86,4.3,10
B001ADCI10,5.0,10
B003BYKVO2,4.1,10
B00FEZAAWE,4.4,10
B0075JIGTG,4.9,10
B0019EYDKY,5.0,10
B001B1W2DU,4.5,10
B000NEAL66,4.7,10
B000052YKU,4.7,10
B008K2P29O,4.5,10
B003B6QO6Y,4.9,10
B000NHWFM6,4.3,10
B000052YKT,4.2,10
B00CMJCO1K,4.9,10
B0071QU5L0,4.9,10
B0019FHTAY,4.3,10
B00G8SHPYC,4.6,10
B000052YN9,4.5,10
B001B2QNVQ,4.7,10
B000UYMBCQ,4.4,10
B008N1RZME,4.4,10
B006U602J2,4.9,10
B003BV1XL0,4.7,10
B0010XGNOI,4.3,10
B008K2BCB6,4.9,10
B008HT1FTG,4.2,10
B001ANMXJ2,4.0,10
B0045K90A2,4.7,10
B00GBXIJFI,4.2,10
B008MZBHW0,4.0,10
B003BXAY9K,4.8,10
B000GI3TTU,4.2,10
B003E1IXGA,4.0,10
B0019D6C1S,4.5,10
B0042P4ZBY,4.1,10
B008CZBY6E,4.2,10
B008IM7UH8,4.3,10
B000VDER9G,4.0,10
B0041LUYRS,4.7,10
B003DQDCRG,4.2,10
B00LJEACWC,5.0,10
B009S9BP2Q,4.3,10
B000GCW3VQ,4.0,10
B002TUU1QC,4.5,10
B009S571ZU,4.4,10
B003GLPHDU,4.7,10
B008NE2WY2,4.6,10
B000Z5Y2D6,4.4,10
B00194CEY6,4.3,10
B003BMR1Z6,4.4,10
B00194CBRQ,4.4,10
B001B62QJ0,4.4,10
B001ALQBAG,4.5,10
B000ND3UG0,4.1,10
B00DB3SG7M,4.8,10
B008NPMPCA,4.3,10
B0038I97IW,4.3,10
B00192MW2M,4.3,10
B003AJ506C,4.1,10
B001AJG8SI,4.5,10
B002QCPQ0E,5.0,10
B000NCZ2MG,4.2,10
B003AJ505S,4.0,10
B001B7NN6Y,4.7,10
B0041LSTJ8,4.2,10
B009LU8P3O,4.0,10
B002TY877S,4.0,10
B0002DMV84,4.4,10
B000VE1IWE,4.1,10
B001AKJZQY,4.4,10
B003BLESVW,4.7,10
B00023J4BQ,4.5,10
B008J5N4EW,4.2,10
B003DQOQO4,4.4,10
B002RT71VS,4.2,10
B000XE4RNY,4.3,10
B000XFSUV8,4.7,10
B001AJ6WJI,4.6,10
B001ALB9VW,4.7,10
B009M1I77Q,4.5,10
B008UOYWMK,4.1,10
B000GHR8ZW,4.7,10
B0070GH8L6,5.0,10
B0002DM4XG,4.2,10
B003GFWD9W,4.6,10
B000JRC42Q,4.1,10
B001993RZ6,4.7,10
B000XR0HZI,4.3,10
B008U2XYD0,4.1,10
B000KONYVI,4.0,10
B001AOK8J8,4.2,10
B00111JRYW,4.4,10
B0038MC262,4.6,10
B00BXTB5M4,4.7,10
B0071BW0SG,4.4,10
B00110Q8JA,4.6,10
B008PV97VY,4.2,10
B008I5DESE,4.8,10
B0043NRUBM,4.3,10
B003BHV0D0,4.3,10
B003E0Z2AG,4.8,10
B0076AXGG2,4.6,10
B008HZT2G8,4.5,10
B008U0JQ8E,4.8,10
B000KOLSES,4.6,10
B003BG1A6I,4.2,10
B000KFF1KY,4.5,10
B000GCW4TW,4.6,10
B0002DNZDE,4.9,10
B009S8LBQM,4.4,10
B00JNVCI34,4.9,10
B001B5A77E,4.6,10
B008NE2TNG,4.2,10
B0038LJ75M,4.1,10
B002RT71OU,4.1,10
B003AH8VLU,4.4,10
B0038L7D7Q,4.5,10
B0076PI0Q8,4.8,10
B008IGLH5K,5.0,10
B00CNIVY84,5.0,10
B006U0831W,4.4,10
B00435HNNK,4.6,10
B000XE4ATK,4.6,10
B00025WYUC,4.8,10
B002TSA934,4.5,10
B001AMMSGG,4.0,10
B000Z4IPT4,4.8,10
B000053071,4.4,10
B0041PBXX8,5.0,10
B00CJ3SUUS,4.0,10
B0076K9U3A,4.0,10
B000Z5YILW,4.8,10
B003DHTFS0,4.8,10
B0019FUGO0,4.8,10
B000N94R4S,4.4,10
B003EUSXN4,4.9,10
B000NBXU4Y,4.4,10
B00G7TUBPM,4.4,10
B003AYEG80,4.0,10
B000YB89AS,4.5,10
B000V9O7TU,4.9,10
B00743J4TY,4.6,10
B003EUUYC2,4.2,10
B00743VBTU,4.4,10
B00743VDUW,4.0,10
B009R4SCW8,4.2,10
9788072097,5.0,10
B003AYEG6M,4.5,10
B001AWZ5NE,5.0,10
B002SUWSD2,4.1,10
B00BWEZ5LM,4.1,10
B00FDDW7MS,4.7,10
B003AYEG5S,4.8,10
B009RJOHPE,4.3,10
B0019UZ2VW,4.6,10
B0039K4FZY,4.2,10
B003ECU05Q,4.6,10
B0042BWK5G,4.3,10
B00CJSGF14,4.8,10
B0072I8NAC,4.8,10
B006W9UGUC,4.6,10
B0072FSML0,4.3,10
B000N920P6,4.2,10
B000YJG7OK,4.5,10
B006W1BSD4,4.2,10
B002RMKXR4,4.5,10
B008KYBPYI,5.0,10
B008OUJTBO,4.7,10
B000YJR5DM,4.7,10
B003AYEUQS,4.1,10
B00L3FP10K,5.0,10
B008LUP5JC,4.3,10
B004534572,5.0,10
B00029V0RG,4.8,10
B002SDG8DK,4.2,10
B008GVJFGU,4.6,10
B006ZZ2SBI,4.8,10
B00COLGAT8,4.1,10
B002R7ZFHC,4.1,10
B00FDN4ZKA,4.6,10
B000GDH16C,4.0,10
B003CIIQJ4,4.2,10
B00CL28UNO,5.0,10
B00745LN14,4.8,10
B00L2XUAXQ,5.0,10
B00BT8539U,4.9,10
B006WC3DKY,4.5,10
B000K9CYZK,4.2,10
B000GHYSA0,4.9,10
B001AVN2GC,4.1,10
B008LDEX5Q,4.3,10
B006WM86JM,4.6,10
B0044B2DT2,4.8,10
B0073B3BXW,4.8,10
B00KOUALMS,4.8,10
B0073B3CY0,4.7,10
B003AVNO5O,4.5,10
B000ZK84V2,4.0,10
B0002FC7P4,4.7,10
B006WZ9X8M,4.8,10
B006WZ9ZHQ,4.3,10
B003CSQ2IQ,4.5,10
B00FCY07FM,4.3,10
B00CO5HGL0,4.7,10
B00CO4ZG3G,4.3,10
B000GHWWZ8,4.1,10
B00CK28YOA,4.1,10
B003EGSA6S,4.3,10
B006WZ8TGY,4.2,10
B001A23R3Y,4.7,10
B000V2EXL4,4.9,10
B000KJ4UI4,4.6,10
B0042LE4YQ,4.2,10
B000V2EXKU,4.6,10
B003CR9AOA,4.5,10
B000N9Y2D4,4.0,10
B0019WCQVY,4.3,10
B003EM93OA,4.6,10
B0039MHB1W,4.6,10
B000JLCR10,4.0,10
B0019W5EUO,4.2,10
B00028QB3U,4.2,10
B003EH21Y4,4.6,10
B00GA9J6W8,4.4,10
B008FPK3IG,4.4,10
B0073KICFA,4.5,10
B00028QAVS,4.1,10
B00BWALATM,4.5,10
B0073HP29W,4.6,10
B00447A104,4.6,10
B00FD5DVD0,4.5,10
B001AWJ5PI,4.3,10
B002SKD1YM,4.0,10
B003EH2HSO,4.3,10
B000ZLZES2,4.9,10
B001AZ022A,4.5,10
B008DI2UZY,4.0,10
B00758JDIA,4.6,10
B003DGC2FE,4.3,10
B000UZXWS2,4.8,10
B008DSM74I,4.1,10
B006UK17RY,4.7,10
B001AATTYC,4.3,10
B008RC15CA,4.8,10
B002QV6P7S,4.6,10
B001B1R6S6,4.4,10
B001B1SBGC,4.9,10
B0075ALW9Q,4.8,10
B0042V52DS,4.5,10
B003B6JDYO,4.4,10
B00752ZKQK,4.3,10
B000GI0UOC,4.5,10
B006UXQMJO,4.5,10
B008E0AETU,4.6,10
B008PEQ8KE,4.8,10
B000YOHUC8,4.9,10
B00COOO7UO,4.9,10
B003FBPLZK,4.5,10
B003FBRT0A,4.3,10
B000GHVLAK,4.7,10
B00722ZOZA,4.4,10
B0010ODRJ6,4.7,10
B001B1ST78,4.5,10
B0041U2ZAS,4.7,10
B0042X0F88,4.6,10
B0041UEU8I,4.9,10
B00CHOJ2E2,4.3,10
B0043SE3S0,4.4,10
B008K83TK2,4.3,10
B0041TF2ZY,4.0,10
B003FH6QPI,4.7,10
B001AOQ0UO,4.2,10
B0041X1FYW,4.7,10
B006YC8UH8,4.9,10
B0043VZB0Q,4.0,10
B00HMW1SVE,4.1,10
B008KEEHT8,4.3,10
B009N5SM30,4.0,10
B003DI79GE,4.0,10
B008MLWWU0,4.1,10
B000Z6CUUM,4.9,10
B002RS6K1G,4.9,10
B00G85ULV4,4.6,10
B006UJ7QZC,4.1,10
B004268ND4,4.8,10
B008LUPSCG,4.2,10
B002T0MSZO,4.2,10
B00028LUBS,4.9,10
B002R2E10O,4.4,10
B000GDA08I,4.3,10
B00D8G8KEG,4.6,10
B000YB1TR8,4.7,10
B001ASCTMI,4.9,10
B003CH7YIE,4.3,10
B000YAFPQA,4.9,10
B003CH2LDC,4.5,10
B003F7497K,4.3,10
B006VP8EBU,5.0,10
B003F6VK28,4.1,10
B0010A8LG4,4.5,10
B003D7YOTU,4.6,10
B000YLAB5O,4.7,10
B003F549Y0,4.5,10
B000XE1278,4.6,10
B003F6VJ9C,4.6,10
B006X41WW2,4.0,10
B000V1448W,4.6,10
B00428DLF2,4.6,10
B000KMGY9E,4.8,10
B000Y4JZ2Q,4.6,10
B0010GX1TK,4.7,10
B00027TPI4,4.0,10
B001A8EFG6,4.8,10
B00426SCGC,4.9,10
B00390TNVU,4.3,10
B000NGX968,4.9,10
B006V2OPK2,4.5,10
B0039ZZWOC,4.4,10
B001B04F6S,4.9,10
B00GDP17CG,4.6,10
B0074RLEZC,4.2,10
B003CAO8EO,4.9,10
B002R16ZW2,4.8,10
B00392E0H0,4.4,10
B001AS5PV0,4.4,10
B000YM8VNW,4.6,10
B000Y8UHCE,4.9,10
B002R1CMCY,4.3,10
B007X8JDCI,4.5,10
B000VNL4YW,4.1,10
B0018Y13XA,4.8,10
B0082D9VO8,4.4,10
B007Q8JCYY,4.0,10
B003N8YO76,4.0,10
B003VDBNW2,4.3,10
B0016A8OIS,4.5,10
B007QEDF64,4.4,10
B000W9NU92,4.2,10
B00C6NQQP2,4.2,10
B003VCZUMW,4.2,10
B0082D9T7C,4.3,10
B00K7TWFHA,4.3,10
B003NGKC56,4.1,10
B002YX920A,4.6,10
B002YY3RT6,4.2,10
B0082D9W10,4.3,10
B00C698SDY,4.8,10
B0016GHJ9C,4.7,10
B00CCDR5TM,5.0,10
B000II57B6,4.6,10
B001392FG4,4.7,10
B001392TKQ,4.6,10
B0016FWX5I,4.2,10
B000MMP0R4,4.5,10
B003N48CNM,4.0,10
B0091J6NZ2,4.8,10
B007Q08YLO,4.4,10
B00K86E9PI,4.9,10
B0082GTDZ2,4.4,10
B003N7QW86,4.5,10
B007Q1LCVM,4.7,10
B003N8QU4Q,4.6,10
B003VFLINO,4.7,10
B000IF3OV4,4.2,10
B0001B74RA,5.0,10
B002ZG8DFQ,5.0,10
B002Z7FUIS,4.0,10
B0099VVI8Y,4.3,10
B000ICV8XI,4.0,10
B000MIH2H4,4.2,10
B0000X6GBE,4.7,10
B0081UPL9G,4.7,10
B000W8WKVW,4.8,10
B003USGL3O,4.5,10
B000LQL5PC,4.7,10
B0015ZRSA4,4.6,10
B0013J9X50,4.7,10
B0013JE3UU,4.8,10
B0034DG6LW,4.7,10
B00HG4N60O,4.1,10
B0000XOGFM,4.5,10
B007RR6GPC,4.5,10
B00017XYE6,4.5,10
B0000Y3D5K,4.6,10
B000W8ND3Q,4.6,10
B0099CS66U,4.6,10
B003O9GRGK,4.6,10
B0013G4R9K,4.1,10
B0081YESNW,4.1,10
B003UYJO50,4.4,10
B0013FPN1W,4.3,10
B002Z0NCPI,4.5,10
B000H8DUHK,4.0,10
B007R6CC60,4.4,10
B0034K9AI6,4.4,10
B0034K81UE,4.8,10
B009A3T58G,5.0,10
B003V7V5JE,5.0,10
B008216IL4,4.7,10
B007RASTRC,4.4,10
B001648GE6,4.6,10
B00C6VHA68,4.4,10
B00820HLSY,4.7,10
B001641K94,4.8,10
B000LPUUI6,5.0,10
B002Z6ZBW4,4.0,10
B00163MX8C,4.4,10
B003NZ5KVI,4.9,10
B00162B3IO,4.3,10
B002Z7FSFS,4.3,10
B003O2N6T8,4.5,10
B00HJ18VW2,4.0,10
B00GK76LW8,4.7,10
B003M59GLY,4.3,10
B00C4XHS7E,4.2,10
B0016V6KVA,4.8,10
B000092LXS,4.0,10
B003M4ZBOG,4.3,10
B000IMS188,4.5,10
B007NPTCZY,4.3,10
B0084A5N2S,4.6,10
B007NSSCCA,4.9,10
B003WGDRMC,4.6,10
B0016P6RI2,4.2,10
B0001EL0PY,4.7,10
B002XQ1W0Q,4.1,10
B003WLBZ58,4.3,10
B0084HXQSO,4.2,10
B003WXCROE,4.2,10
B0012W1YA0,4.6,10
B00172YZQA,4.7,10
B0012RXWMI,4.7,10
B002XQ1RBA,4.6,10
B00FLKP0PO,4.3,10
B000MS5M76,4.4,10
B00CD1HI5O,4.8,10
B003LY94U4,4.8,10
B000IMXVUG,4.7,10
B00008MORG,4.5,10
B003M02F8K,4.8,10
B0012UKL2O,4.3,10
B0001F3QQE,4.4,10
B000MS1YK0,4.8,10
B000VRGGIM,4.1,10
B0012VQTO2,4.3,10
B00GLCU1QY,4.8,10
B000VUBT7C,4.0,10
B000LJI6QA,4.1,10
B00CS708M8,4.6,10
B003VPPAJM,4.7,10
B00C5TO7QM,4.0,10
B007P4TFBY,4.9,10
B0035DN3LM,4.8,10
B0016JEQO0,4.8,10
B000LJR79W,4.5,10
B00845CFZQ,4.4,10
B0083IY4AS,4.1,10
B0035CMA7Q,4.9,10
B0016J5TZK,4.0,10
B007PGYM3S,4.0,10
B000LK3C7C,4.5,10
B00JYMKFIM,4.7,10
B0016JL8JG,4.5,10
B003MK1UFY,4.8,10
B003W98Z9O,4.3,10
B003M7NPAU,4.2,10
B0000A1VFE,5.0,10
B0001EKWL2,4.6,10
B000IMH6J8,4.3,10
B0016LXBC6,4.9,10
B003VZVWKI,4.9,10
B0001EKTTC,4.7,10
B003MBZL94,4.7,10
B002XQ1YDG,4.7,10
B007OT1R3Y,4.2,10
B0083U8DL2,4.2,10
B007OTJHUO,4.9,10
B0001D6KXC,4.1,10
B0083T2WN8,4.0,10
B00C5RM30G,4.5,10
B002XRD898,4.9,10
B00CTSD7UG,4.9,10
B0001GV0J8,4.7,10
B00152S7V6,4.2,10
B000M912E2,4.8,10
B00147JV94,4.0,10
B00014GUPO,4.4,10
B00147XQ5E,4.8,10
B000141RSO,4.9,10
B007Y8NBZW,4.7,10
B00C8R3A6Y,4.3,10
B007Y8KH0O,4.1,10
B007Y7XNYM,4.2,10
B00152S64E,4.8,10
B0014ZP23U,4.8,10
B00152QILW,4.6,10
B003Q33DP2,4.8,10
B000HP4B12,4.8,10
B0032K5L5O,4.1,10
B007VWZWSA,4.6,10
B007W15U1Y,4.1,10
B000W0YGGC,4.6,10
B003SQS8RU,4.0,10
B007W5TK5W,4.1,10
B00146BJ9K,4.1,10
B003PWUNVG,4.4,10
B003T46QJI,4.8,10
B003T4SITY,4.8,10
B0030F68X0,4.6,10
B00157T2IS,4.8,10
B00K32VXTW,5.0,10
B00336V8MW,4.5,10
B00013UHBS,4.7,10
B003POGRLO,4.7,10
B00155YNW0,4.8,10
B00013Z24K,4.1,10
B00155P9CI,4.6,10
B0093UC02Y,4.1,10
B0030GMC16,4.8,10
B001556792,4.4,10
B000157NUO,4.3,10
B0032TT43K,4.8,10
B000W2773E,4.4,10
B003TJEHF8,4.6,10
B00GIL45TW,4.7,10
B009662W0K,4.3,10
B007XFBT9Q,4.4,10
B0014GFINS,5.0,10
B0031DF8LO,4.1,10
B00CA1E396,4.5,10
B000VZVBQG,4.5,10
B007XCSP0U,4.1,10
B0095MFOGE,4.3,10
B000HX2LAC,4.2,10
B003QYQYGG,4.3,10
B000M3VR7K,4.8,10
B003RY4CO6,4.2,10
B007W9B1S2,4.7,10
B0014JGHGW,4.1,10
B0031KBE88,4.8,10
B0031LQVH6,4.3,10
B0031MD4UM,4.7,10
B003RBPFB8,4.6,10
B0014LJLBS,4.8,10
B007X5JAL0,4.6,10
B0014JPQ7I,4.1,10
B00C9FLA12,4.1,10
B0031CY3Q6,4.5,10
B000143SV8,4.8,10
B0014C6FZW,4.5,10
B00CA6APXE,4.7,10
B000VXEDBI,4.2,10
B003SD9J58,4.4,10
B000HUV1LA,4.7,10
B0032CLUP2,4.0,10
B003QMN6BO,5.0,10
B00014CZX0,4.6,10
B007WI1NRC,4.8,10
B003S6U1TI,4.5,10
B000146LR6,4.1,10
B000HZZG8O,4.5,10
B007WL3IBS,4.1,10
B00960PLHW,4.6,10
B000VXUTDY,4.5,10
B000M00404,4.5,10
B00347MP72,4.4,10
B00GJYCFBS,4.1,10
B000I7BPHC,4.3,10
B00819HT92,4.9,10
B0015RC2DA,4.3,10
B00817BNDW,5.0,10
B002ZNJI62,4.7,10
B003UI1X8W,4.4,10
B003UHQM66,4.9,10
B00HGA8Z68,4.3,10
B003UH8WQ4,4.4,10
B003UBKRKO,4.1,10
B000MFI0PA,4.6,10
B003UFQD6W,4.0,10
B0080MCE5E,4.9,10
B0080LLHBW,4.5,10
B0013RP3Y2,4.7,10
B003UE2COA,4.5,10
B0013TL7MC,4.7,10
B00016XA0K,4.1,10
B007SOAJXO,4.5,10
B00819UI9K,4.1,10
B0081JUIRM,4.5,10
B0000Y8QQG,4.9,10
B0015XUUF6,4.7,10
B007SFA9J2,4.9,10
B0081B7A58,5.0,10
B002ZIZHCQ,4.5,10
B0015X8FFS,4.6,10
B009909EZ4,4.4,10
B0013N5X3M,4.0,10
B002ZJMR5U,4.9,10
B0013N5XA0,4.8,10
B007SH87BM,4.9,10
B0013N88YI,4.3,10
B0013N895Q,4.2,10
B002ZKL5L6,4.5,10
B0015TKELK,4.8,10
B007SZWY86,5.0,10
B007ULNSTW,4.1,10
B007TOKX70,4.2,10
B0033IE87M,4.7,10
B00FRIWKUS,5.0,10
B007TS96DI,4.3,10
B00C7X7SSU,4.1,10
B009335KIW,4.9,10
B003PE2EC0,4.4,10
B000HJRLXI,4.1,10
B00HUOJM0S,4.3,10
B003PGAO6Q,4.0,10
B00011JV26,4.9,10
B0030BF84O,4.6,10
B007TY3LXI,4.6,10
B00012NNBK,5.0,10
B00012TO9U,4.3,10
B00159JOIO,4.8,10
B000HK8C3A,4.8,10
B00GIDSYAQ,4.8,10
B00141QOZ4,4.1,10
B000HKCA8I,5.0,10
B007UCBXF2,4.8,10
B00803YSRA,4.4,10
B0013YXJ6E,5.0,10
B00805F6AG,4.0,10
B003PA4XLY,4.7,10
B0092UD13W,4.9,10
B000LSBZBO,4.6,10
B007T3S4D6,4.6,10
B0015HJG6Q,4.3,10
B00302N9P8,4.3,10
B00988GWMK,4.7,10
B00303NQ2S,5.0,10
B0015GIYWO,4.5,10
B0033RF8QS,4.6,10
B0013UOFPM,5.0,10
B003P5DUAE,4.3,10
B0080FKDOA,4.7,10
B00GI8KDZ0,4.6,10
B0092ZJ4EC,4.5,10
B00305U2IW,4.5,10
B00931M54Q,4.3,10
B0001GV0I4,4.5,10
B002XQ1R0G,4.6,10
B00023EO7A,4.7,10
B000GRD2TS,4.4,10
B002V66IIO,4.4,10
B000GRH3N4,4.3,10
B00021DEZK,4.4,10
B008VR882Q,4.2,10
B00021DDDI,4.0,10
B000WUXOVU,4.4,10
B0011DQO8C,4.1,10
B0037QG7ME,4.5,10
B00FGGW7KY,4.6,10
B003ZYI0QE,4.9,10
B002VA4FVC,4.2,10
B00CPCL86Q,4.8,10
B000N2L0QS,4.6,10
B0018AIGAW,4.6,10
B008A40ACQ,4.3,10
B008A3ZYDM,4.2,10
B008A3ZN56,4.4,10
B008A3SWM2,4.7,10
B0018A0ZQU,4.6,10
B0000537Y7,4.9,10
B0089XQP9K,4.3,10
B000J3YTG4,4.7,10
B000GR7RDK,4.8,10
B00CFIM80U,4.0,10
B000N2LUMC,4.3,10
B00CP7J85E,4.1,10
B003I34FPW,4.3,10
B007C7UR7A,5.0,10
B008AKQ9U2,4.4,10
B000KQD3I0,4.7,10
B000WY3AGA,4.8,10
B007CJXSE2,4.7,10
B007CM94C4,4.6,10
B00401T0RY,4.5,10
B0018DVOSU,4.8,10
B002UUT3Z6,4.1,10
B000KQDVZ0,4.4,10
B00C0X3O5S,4.0,10
B008VHRVQK,4.7,10
B0037YL2L2,4.5,10
B002UYY58C,4.6,10
B00CP7A1BY,4.5,10
B009JLM82E,4.5,10
B00021DRZC,4.5,10
B007D5A1MW,4.0,10
B00JRK6K8K,5.0,10
B000WW82Q0,4.8,10
B003ICX1VC,4.1,10
B00D42CBGW,4.2,10
B0011DHXBY,4.2,10
B000J10J1U,4.2,10
B001833ATQ,4.2,10
B000VM7EDI,4.4,10
B001824JI8,4.5,10
B000WR45KM,4.6,10
B00181XLIS,4.4,10
B0011Z64BM,4.8,10
B003J6UL9C,4.6,10
B00021B9W0,4.7,10
B00CPJBUQ2,4.4,10
B009I12BMC,4.7,10
B002VHNGA6,4.8,10
B0037ISGQW,4.5,10
B0037H43SI,4.0,10
B0017ZJX4G,4.8,10
B007G80K0Y,4.7,10
B007G8256Q,4.6,10
B007GEC81C,4.3,10
B0011UQPRK,5.0,10
B0089Q220I,4.5,10
B0089NMXIC,4.8,10
B009IROJU8,4.5,10
B009IROICC,4.1,10
B008W2ZAW6,4.1,10
B00186GGK8,4.4,10
B00D3ZJI7U,4.1,10
B00185SNNW,4.0,10
B00185I152,4.3,10
B007FAP1WU,5.0,10
B003ZW0CEY,4.2,10
B003IHIQMQ,4.2,10
B002VECI9E,4.3,10
B003IHRZCI,4.3,10
B003ZVFKP6,4.9,10
B0011NM8UU,4.1,10
B00005A77B,4.5,10
B00D3TZN6G,4.2,10
B009JVRBOE,4.8,10
B00G193SGW,4.3,10
B00412G4P8,4.5,10
B008UVO5DY,4.4,10
B0078PXR6Y,4.3,10
B0018S5WTW,4.9,10
B0018S31IQ,4.1,10
B00113A9QA,5.0,10
B002UD52GM,5.0,10
B004140P9W,4.1,10
B003H8BRRC,4.4,10
B00022DO3Q,4.5,10
B00794E8MQ,4.5,10
B00G2CUO6U,4.7,10
B0079HNFWC,4.1,10
B00412F314,4.5,10
B000N2TQG4,4.9,10
B003HELLZE,4.4,10
B0018QTU1A,4.5,10
B00005321Y,4.1,10
B008BM2JEY,4.2,10
B0078PQRQ6,4.3,10
B002UBKMS2,4.3,10
B000N3VQ1G,4.3,10
B00HD791CQ,4.1,10
B000VEJV8W,4.6,10
B008BUYDT0,5.0,10
B008BUALOQ,4.8,10
B00BYBZUT0,4.8,10
B008BRJ9VA,4.9,10
B002U2HMXO,4.4,10
B009LNCOC4,4.7,10
B00BYCEB8A,4.8,10
B003H3EHAG,4.2,10
B009LN46MK,4.5,10
B0018SCNPS,4.1,10
B003H5TNFI,4.8,10
B002UAPRQK,4.8,10
B000VEQU0E,4.8,10
B008BODZ4K,4.2,10
B00787R3O4,4.5,10
B0078DXMXE,4.5,10
B00GF40QOA,5.0,10
B000225ZMO,4.1,10
B00021VI3A,4.4,10
B001191HQ0,4.5,10
B00119229Q,4.6,10
B00CP55S96,4.1,10
B002ULA2Y6,4.5,10
B002ULA304,4.6,10
B000WZ3Y92,4.5,10
B0018NR786,4.7,10
B00383R4NC,4.8,10
B0018NKN2S,4.7,10
B008VFSHKQ,4.2,10
B000WYB25G,5.0,10
B00408N00U,5.0,10
B009K4CSF2,4.2,10
B000N2MZMQ,4.2,10
B00FFTOIE0,4.5,10
B000N2MYQS,4.7,10
B0018LFKG4,4.4,10
B00HDPR7G0,4.8,10
B00CFTK0BI,4.2,10
B002UL35DQ,4.3,10
B0018O18QC,4.6,10
B000GL5BNY,4.2,10
B007A4IJP2,5.0,10
B008BA9R6O,4.2,10
B000VH9SDC,5.0,10
B0040QF3ES,4.4,10
B000WZJHWU,4.9,10
B0040NCXZS,4.0,10
B008B992GK,4.1,10
B0018OZMRS,4.8,10
B000N2ODEO,4.0,10
B00117PZZG,4.9,10
B00117TRPU,4.2,10
B008V7DFRY,4.0,10
B007AS6J28,4.9,10
B009KDWXPS,4.6,10
B008B84R52,4.6,10
B000VHFSWW,4.2,10
B00117ZUTC,4.0,10
B00FZKB51S,4.3,10
B000MVQQD2,4.5,10
B00CQD3M0E,4.0,10
B0017JV6BU,4.5,10
B000WM3I64,5.0,10
B003JN314W,4.1,10
B0001V3QY0,4.3,10
B0017JUXZK,4.1,10
B008YJ9V1I,4.4,10
B009FNM67S,4.3,10
B003XZQ7AQ,4.8,10
B00864ZFJI,4.5,10
B000H3EPZQ,4.5,10
B000MVOZEE,4.2,10
B002WZLVBI,5.0,10
B00006IGL4,4.5,10
B0036UO82W,4.6,10
B0036U304Y,4.5,10
B0012GS1ZW,4.7,10
B007JYNGWY,4.9,10
B003Y5FHAQ,4.0,10
B000VOLLW6,4.2,10
B003JKFLXY,4.6,10
B000VOLM3Y,4.5,10
B0017LQN4S,4.7,10
B003YD0PGO,4.8,10
B0017LO24Q,4.1,10
B003YCS4L8,4.0,10
B00GGCL9QK,4.2,10
B0017LBG8G,5.0,10
B002WQHLR0,4.0,10
B003JLZ37M,4.7,10
B00C30GR4I,4.0,10
B007JLDXG6,4.6,10
B0017KXHVQ,4.3,10
B003YBNCEI,4.1,10
B00375L8LA,4.6,10
B000WN2T18,4.8,10
B0017K81Q2,4.5,10
B002WTC3D4,4.6,10
B009FRVAXK,4.3,10
B0017JYA9K,4.3,10
B007KJOFUK,4.1,10
B000VONH28,5.0,10
B000063JEC,4.8,10
B0085G3KJE,5.0,10
B007MJKI54,4.5,10
B0012QJ85Y,4.0,10
B0085FJOA4,4.6,10
B0036FN3J6,4.9,10
B007MJKI5Y,4.2,10
B0012QX0ZS,4.1,10
B00CR93ZJU,4.6,10
B003XHVD4O,4.7,10
B003XG8GR2,4.3,10
B008ZRF7O4,4.9,10
B0001TM87S,4.7,10
B0001K55S6,4.2,10
B008ZW61XK,5.0,10
B00853EG7W,4.2,10
B003XD54FM,4.8,10
B0012RUN0W,4.0,10
B00367KJK0,4.0,10
B00366JT0W,5.0,10
B000LEDQSS,4.4,10
B000IOBF16,4.9,10
B0036FTEYY,4.2,10
B0001LGYSK,5.0,10
B007KSOPFQ,4.4,10
B0017GAUQ0,4.3,10
B000VOP5Q4,4.8,10
B00006JT75,4.8,10
B0012MYYV6,4.8,10
B0036PWWJS,4.5,10
B003JVRIM0,4.8,10
B0036O7HGW,4.6,10
B0017CTLD2,4.7,10
B007L8QLU2,4.9,10
B0012ND100,4.8,10
B0017BF6QY,4.6,10
B00CQUUZZW,4.5,10
B003XS1V6S,4.6,10
B00CQV2JBY,5.0,10
B003XOS4LW,4.3,10
B007LUWWUI,4.2,10
B0036G153G,4.0,10
B00C3QTM0I,4.5,10
B0036FTF9S,4.2,10
B000L0HSYK,4.8,10
B003ZKE5GC,4.4,10
B008861UUW,4.5,10
B007HKJC8W,4.4,10
B00885N5CE,4.3,10
B007HKOVGA,4.4,10
B007HKOVH4,4.6,10
B00883WIHY,4.2,10
B003Z4RKSI,4.6,10
B00CPR84H2,4.3,10
B008XKC5NY,4.9,10
B0012718QU,4.8,10
B001277OE0,5.0,10
B007HORL1I,4.0,10
B003765EX2,4.5,10
B008XKTEM4,4.7,10
B00D3BWNYO,4.5,10
B0017QPI4O,4.2,10
B00CPS4F0Q,4.7,10
B00127Q2Y8,4.8,10
B00127S534,4.6,10
B002W551CI,4.0,10
B00GG1LD08,4.0,10
B0087ZJTY8,4.0,10
B0017SR60Q,4.6,10
B0002171WW,4.2,10
B00GLZY90A,4.2,10
B00125CB2W,4.6,10
B000GZ7GDS,4.3,10
B00CF2U2V8,4.4,10
B000VOHCVU,4.7,10
B00021A5MU,4.9,10
B003JBGR8Q,4.6,10
B00005NAPA,4.7,10
B003JC1424,4.5,10
B00C1MVC5W,4.1,10
B0017VJYTE,4.5,10
B003ZFJXRS,4.6,10
B000KWREDY,4.5,10
B00FZEUNYY,4.6,10
B00122N868,4.5,10
B007GSFEYQ,5.0,10
B003JCJSQ8,4.7,10
B0017U3NBU,4.5,10
B000N2J85S,4.6,10
B0088AGS64,4.6,10
B000J0UPIS,4.4,10
B002VWL2DE,4.0,10
B008XMNXJW,4.5,10
B00CENA2OU,4.4,10
B00CQ9BDBS,4.3,10
B003YM32V0,4.2,10
B00JTUOVAM,4.1,10
B003YLV0DI,4.5,10
B002WJHK0A,4.3,10
B000H30FOQ,4.3,10
B002WJHL18,4.4,10
B00375WCQU,4.2,10
B00GGAUL5W,4.6,10
B003JJFNJC,4.3,10
B002WJHL1S,4.4,10
B003YUVSUO,4.8,10
B007IX8MAM,4.8,10
B000WN6N56,4.6,10
B003YJ8N08,5.0,10
B0017LZBXC,4.9,10
B000VOLKNG,4.2,10
B00876NV4G,4.7,10
B00375L8X8,4.3,10
B0087HYZ40,4.6,10
B009GMKX6E,4.9,10
B00HZ3LX3I,4.1,10
B003JDR3DC,4.9,10
B003YURQAK,4.4,10
B002WC8EFC,4.5,10
B003YU6NIQ,4.3,10
B0087OSN82,4.4,10
B0087O5XCG,4.0,10
B001283VUU,5.0,10
B001287WNC,4.4,10
B0087J1M8A,4.2,10
B0017QJ9CQ,4.8,10
B00128BEYK,4.6,10
B007HZ8W4C,4.3,10
B003YP29RA,4.1,10
B002WGOF9W,4.8,10
B007I6UVSK,4.5,10
B003YMLKFU,4.4,10
B0017PMNYI,4.4,10
B0087HZ2BU,4.3,10
B000IZBUS8,4.4,10
B003SZYCBM,4.6,10
B00AQZIT9S,4.6,10
B00BJ5HXAA,4.2,10
B001MA7JFQ,4.5,10
B002GCGL8K,4.9,10
B000F65JX2,4.6,10
B000C238F0,4.2,10
B001MA9VL6,4.8,10
B000O652ZS,4.9,10
B005SVB4G0,4.0,10
B000TBZEEM,4.0,10
B005SWH9BS,4.5,10
B002G77XM8,4.5,10
B004GF4FME,5.0,10
B000AADFFW,4.1,10
B000O5WCN4,4.5,10
B001MCBVEO,4.5,10
B000PAWC8S,4.6,10
B004GE33G4,4.7,10
B001MG6WG2,4.6,10
B00AQ6VT8A,4.1,10
B005SJ0MYC,4.6,10
B0058WEQL4,4.7,10
B005RZDFS2,4.9,10
B0007CXXG4,4.8,10
B001ET7FX6,4.5,10
B00IIG5KRQ,4.2,10
B002FV0RO6,4.7,10
B005RHNMBK,4.2,10
B004GMNAMS,4.0,10
B00592QMSS,4.6,10
B001ET7FAE,4.1,10
B00A8XPO6O,4.6,10
B00591CPIK,4.3,10
B00AQ23IYW,4.6,10
B005S4H3DK,4.8,10
B004GJTMHS,4.4,10
B00BJ58S6I,4.8,10
B001ET7E82,4.5,10
B001ET7E7S,4.5,10
B00BJ5BD6K,4.9,10
B001M8YKP0,4.1,10
B000R8U5FU,4.4,10
B000F61S64,4.2,10
B005SHCXXC,4.0,10
B000TBTJOS,4.7,10
B000PAWDNM,4.3,10
B001MIZBJY,5.0,10
B00BJOMIGK,4.0,10
B0020MMA2C,4.4,10
B005TU9GV0,4.6,10
B005TVWMBA,4.5,10
B000C2322O,4.4,10
B00EE694XK,4.2,10
B005U39VPM,4.1,10
B00BJSAJNA,4.4,10
B004T0GJDO,4.9,10
B005U5JPM4,4.7,10
B0006ZL2II,4.5,10
B002H6X6UQ,4.0,10
B00GXE5ASY,5.0,10
B002H950KM,4.9,10
B002H96420,4.1,10
B000TD5LBG,4.0,10
B0057XSFSE,4.5,10
B0057XYALA,4.1,10
B004GDH4GU,4.4,10
B0020MMD1U,4.4,10
B004GBCF20,4.6,10
B005TD25J2,4.5,10
B004GB8UCY,4.8,10
B0058J0J9K,4.6,10
B000ACQ2Q4,4.5,10
B0058GC69E,4.5,10
B00AQG2SD0,4.3,10
B00BJLK77U,4.0,10
B00BJLN9RA,4.6,10
B0058DOCQM,4.5,10
B0020MMBXA,4.5,10
B001ET773E,4.5,10
B001ET76TY,4.8,10
B004SVRXTI,4.8,10
B0058BKBAA,4.4,10
B000PB04G4,4.3,10
B001ET7HRA,4.3,10
B001ET6YQU,4.2,10
B00AAR3DDE,4.0,10
B00B7RFSH0,4.3,10
B005OZEJYO,4.8,10
B004RRFYD0,4.8,10
B005OZKMQS,4.4,10
B000F00QKE,5.0,10
B004HFT6SG,4.1,10
B00EV6151W,4.7,10
B00IRLX1X2,4.4,10
B005AMH1O6,4.0,10
B005P0NAHU,4.7,10
B00B7K7QI6,4.1,10
B000SZXUTK,4.0,10
B002ED6FA0,4.6,10
B005P0W90Y,4.5,10
B00BI9GMBI,4.7,10
B000T1XQLA,4.4,10
B000EZU8IU,4.7,10
B002FR8SDC,4.3,10
B00BHMN5DY,4.0,10
B001F51TCC,4.4,10
B001F51T6S,4.4,10
B000CECVBU,5.0,10
B001F51SJG,4.9,10
B00AOPY8I6,4.6,10
B00BHL1SGG,4.7,10
B00AORMI0O,4.2,10
B000CE8LDC,4.6,10
B004HKWL6A,4.6,10
B004HR93EG,4.4,10
B000R99WVC,4.3,10
B0007RB09Q,4.5,10
B001F37XLA,4.4,10
B000R996OU,4.3,10
B005B5XW2M,4.5,10
B001F29BRK,4.1,10
B0007PSADM,4.7,10
B001F0R6Y2,4.7,10
B000R94SMU,4.1,10
B001F0QXIC,4.9,10
B004S00JEK,4.1,10
B002EHH4BK,4.1,10
B004S0YSFG,4.0,10
B001ET7K86,4.6,10
B001EU5Z32,4.8,10
B000AA9HC2,4.7,10
B004GWANSW,4.8,10
B002FCFD0I,4.4,10
B005QACORG,4.0,10
B005QB4G44,4.9,10
B000T62N9Q,4.5,10
B005QH774Y,4.6,10
B004GVDCOK,4.1,10
B001ET7K68,4.4,10
B0059WKI7O,4.3,10
B005QZQ9I6,4.5,10
B000T98SUQ,4.5,10
B004SDUBYA,4.0,10
B00EFRVQKM,4.9,10
B001ET7IRO,4.6,10
B001ET7IMO,4.7,10
B00593XXK2,4.8,10
B0007CXY0O,4.4,10
B002FQ6AVU,4.0,10
B00EFHLS28,4.2,10
B0007CXXSW,4.7,10
B001LXOPYW,4.5,10
B00597PZ5Y,4.1,10
B00AA6D2EK,4.0,10
B00DP65VIW,5.0,10
B001EWF2T2,4.3,10
B004S51GPG,4.6,10
B0021J7G3W,4.1,10
B005PHETLO,4.9,10
B000O8Q39A,4.4,10
B001EWF2HO,4.0,10
B000R8ZDG6,4.1,10
B00EGNUAE8,4.5,10
B002ESI8B4,4.6,10
B0059BOXXU,4.6,10
B001EWF27Y,4.6,10
B00AAGMD5O,4.7,10
B001EWF206,5.0,10
B004H07J80,4.9,10
B000R8Z9EW,4.6,10
B001LUHJS4,4.4,10
B001EWET6Y,4.0,10
B005PPULNG,4.5,10
B00BIO14KM,4.3,10
B001EW0J86,4.3,10
B000P9BR8U,4.5,10
B00BIP5VAA,4.5,10
B004FVJJR0,4.8,10
B00BHHIZ0M,4.3,10
B0060UHXWW,4.6,10
B0060M949K,4.0,10
B004UHCKWA,4.5,10
B004UHTOB0,4.3,10
B001O51LVW,4.9,10
B000FHELKI,4.5,10
B00B4GRF7K,4.3,10
B00A3WFOQ0,4.2,10
B0055AF5Z0,4.0,10
B001O6Y6EA,4.2,10
B0006NXZVM,4.2,10
B001E96NGG,4.1,10
B001E96LYK,4.6,10
B002JCSLY4,4.0,10
B001O77CVI,4.1,10
B004DJVWDS,4.5,10
B004UKEO4E,4.4,10
B0061JQY6S,4.7,10
B001E96L9A,4.6,10
B002JEWCDS,4.6,10
B001O8MI2K,4.0,10
B004DR44NU,4.7,10
B00A42O1EK,4.2,10
B00BLVT1L6,4.2,10
B0006O0MUS,4.8,10
B001NYPE8K,5.0,10
B004EBDC60,4.1,10
B00DLRNSDA,5.0,10
B004E9D3FM,4.2,10
B004E81NEQ,4.5,10
B00604MUXK,5.0,10
B001E96OY2,4.8,10
B000O1NVUG,4.3,10
B002ISX9WI,4.0,10
B0060E3P4S,4.5,10
B0055GXZA6,4.3,10
B00E0KL690,4.7,10
B00GQJT1WC,4.4,10
B001O2N80M,4.4,10
B001VN0XOS,4.6,10
B001E96NXO,4.1,10
B001VMYSD6,4.2,10
B004DTYVGI,4.4,10
B000O1NVUQ,4.2,10
B0060KU3WE,5.0,10
B000PHZ7SS,4.3,10
B0054H8MEU,4.5,10
B0062PDRHA,4.8,10
B00A2Y5KMM,4.4,10
B0054LN6EW,4.0,10
B001OMI8X4,4.9,10
B00AU1HE1M,4.5,10
B000B6DEW4,4.5,10
B001VIF8YI,4.0,10
B001E77O1Q,4.6,10
B001E77MCW,4.8,10
B004D2T8QS,4.0,10
B006345O5I,5.0,10
B00547GIZ0,4.6,10
B0006LNJGU,4.8,10
B00B3YMF7S,4.1,10
B0063HOX5C,4.2,10
B000TUB4BU,4.7,10
B000TUC4D2,4.5,10
B0061ZQ8S6,4.8,10
B001VGVU7E,4.7,10
B000TUJOXK,4.0,10
B004DGK3Z4,4.6,10
B001OB5RL6,4.7,10
B006285GN0,4.9,10
B006293DUC,4.1,10
B001E95G5A,4.5,10
B001VFFGN4,4.1,10
B00A35ZIUE,4.0,10
B002JRZ9DA,4.3,10
B000C1ZEGC,4.2,10
B000NYN37A,4.4,10
B000B61WW8,4.1,10
B000FKGITM,4.8,10
B000PI17F4,5.0,10
B005VJTN3U,5.0,10
B0057EVRQK,4.1,10
B000C21B8Q,4.5,10
B001ESC1QI,4.8,10
B001ESC1EK,4.9,10
B00BKG4A7C,4.2,10
B001ES6XU8,4.4,10
B005VNQY2E,4.6,10
B002HK2GTE,4.4,10
B005VQWAHE,4.8,10
B00GR6G8O8,4.2,10
B000R2H702,4.5,10
B005VT6N4C,4.7,10
B005716GJ6,4.6,10
B00EWCCLUY,4.4,10
B000FBNYO8,4.5,10
B004FLWE54,4.2,10
B001ENZ6II,4.7,10
B001ESKLZQ,4.3,10
B002HEW8OI,4.2,10
B00A4S48OC,4.2,10
B000R3K2F8,4.2,10
B001MTFMPQ,4.2,10
B000TFWXOC,4.5,10
B001ET6XZM,4.5,10
B004TFBVUA,4.3,10
B002HEJWI8,4.3,10
B00DN5FAS6,4.5,10
B00BK5IM6S,4.4,10
B0020EJSUM,4.1,10
B001MUFKWA,4.0,10
B000ALFTQY,4.5,10
B000FA7L9I,4.7,10
B004FS3V8Q,4.8,10
B001ET6XJ8,4.3,10
B001ET6XBQ,4.7,10
B001ET6X98,5.0,10
B005V6FQIO,4.9,10
B00EDRQRWQ,4.4,10
B00EDNOUW4,4.3,10
B002HEW8H0,4.7,10
B001ESOMJ2,4.5,10
B000AMENMO,4.6,10
B0056ZTBBI,4.6,10
B002HRENL6,4.2,10
B002I7PQDO,4.6,10
B004TRD7AA,4.4,10
B000C2143S,4.7,10
B004TTH20E,4.2,10
B00B4ZAKIC,4.7,10
B001ECSM9Y,4.2,10
B000O2OIMK,4.1,10
B004F0PC7W,4.4,10
B0006PJSUC,5.0,10
B001NSG36I,4.8,10
B001ECQ52A,4.9,10
B00203IOR6,4.5,10
B00A5ERH3O,4.0,10
B00A5C017U,4.8,10
B004TZIAUY,4.4,10
B000O2NR54,4.1,10
B005Z25BNO,4.8,10
B001ECQ4QC,4.8,10
B005Z5JBCI,4.0,10
B001ECQ4NA,5.0,10
B000FG0KS6,4.2,10
B000QXSFLC,4.6,10
B000FEFEFW,4.7,10
B000PH6Z0M,4.3,10
B005XPKCEQ,4.5,10
B000O2RJEE,4.6,10
B0006SJNWC,4.7,10
B0056ZEJZG,5.0,10
B002HRF612,4.7,10
B001EK2A4O,4.7,10
B004FG9YXE,4.2,10
B004FG85HA,4.8,10
B0006PS5PG,4.2,10
B001N5O7BO,4.5,10
B001N5Q3Y8,4.7,10
B005XHYIH6,4.6,10
B004FCS4G6,4.3,10
B002HZ545C,4.7,10
B005XOWX8A,4.0,10
B0056EPKG4,4.2,10
B005BQ88F2,4.2,10
B001F51TL8,4.8,10
B00A2LDRIO,4.7,10
B002ANRTTA,4.1,10
B00DUKLAO2,4.8,10
B001H33ZRE,4.7,10
B004OJIZO6,4.5,10
B000S08FPY,5.0,10
B005HEQJJA,4.6,10
B001GZWQP0,4.9,10
B000S0CKDM,4.2,10
B00AL7TBZW,4.0,10
B004LXHOEW,4.0,10
B002ANN7EQ,4.2,10
B002AOOCEO,4.6,10
B005HNXJ62,4.6,10
B000P20QRA,4.8,10
B001GS6PTU,4.7,10
B002AQUM0A,4.6,10
B004LTS04O,5.0,10
B00BB8OZEW,4.7,10
B001H3CMXW,4.4,10
B004LZWHHY,4.3,10
B004MC3BWG,4.2,10
B001H57P3C,4.2,10
B001JU81DI,4.6,10
B001H98AZU,4.7,10
B00AI0W3VQ,4.2,10
B004MBQJVC,4.6,10
B002AMUF4C,4.6,10
B004MATOWY,4.6,10
B001H9257E,4.8,10
B001JZ3HNC,4.4,10
B00GU0BY1S,4.5,10
B004MAK892,4.8,10
B00AKYL7Q2,4.2,10
B0009JXUQI,4.2,10
B001K3C2U2,4.3,10
B000RZMZGU,4.3,10
B002AMUG5A,4.5,10
B002AMUG5K,4.9,10
B001H54VIY,4.5,10
B001K4IJQC,4.2,10
B001K6SATG,4.7,10
B005HA91TY,4.3,10
B005EVWMHY,4.3,10
B00EOZKTDA,4.9,10
B00EPFYBM4,4.5,10
B0009V9204,4.9,10
B004L5HHR4,4.7,10
B004L96O4C,4.7,10
B001KY9ODO,4.0,10
B002BASV8K,4.4,10
B000RL92B0,4.8,10
B001G8WJ4A,4.4,10
B0027CV1Q6,4.5,10
B004P4S7QG,4.3,10
B0009VZHSA,4.3,10
B005EMMMVY,4.4,10
B004L5FZGO,4.2,10
B005ING9B8,4.3,10
B00BB2VOTC,4.3,10
B00AFX1TH0,4.5,10
B005IQ3JUY,4.4,10
B001KYO4XE,4.5,10
B000EH2R7S,4.2,10
B004L1JMLM,4.8,10
B000EH4TP6,4.5,10
B001GDR1XO,4.1,10
B00EKIMVVO,4.3,10
B004OU2GMW,4.8,10
B004LMIE88,4.3,10
B005I0JWUG,4.7,10
B004LLAY1O,4.1,10
B0027T18EY,5.0,10
B001KOTRHW,4.3,10
B005I55W7I,4.5,10
B005I5SGQW,4.4,10
B00ALS2UNQ,4.4,10
B000EGK4OC,4.3,10
B004OX5UR2,5.0,10
B0009HGXLE,5.0,10
B000P20S28,4.1,10
B001KQJJYQ,4.5,10
B004LGX73Q,4.6,10
B00AG5Q2RO,4.4,10
B004LGBORC,4.0,10
B001GGNYOG,4.5,10
B00AG35HSG,4.6,10
B001GFCW5Y,4.7,10
B00DUMWDOQ,4.0,10
B001H99VY4,4.0,10
B001JTPC7M,4.5,10
B0029EQ9PU,4.1,10
B00BBO926M,4.8,10
B0009Q1SME,4.7,10
B005FUP3WK,4.7,10
B004NHQ0UK,4.5,10
B004NH7LRQ,4.4,10
B000E7STMU,4.3,10
B0029F9FZ0,4.5,10
B004NH138O,4.4,10
B001IMMD7C,4.1,10
B000RTGAHQ,4.3,10
B0009OXF68,4.2,10
B00BCAQV5K,4.3,10
B000RP5M42,5.0,10
B000OZP7AO,4.1,10
B00AKHHPGA,4.2,10
B004NALJLC,4.1,10
B005FB8IDA,4.8,10
B001J7M7DQ,4.2,10
B000E4C85C,5.0,10
B000E4QBVY,4.1,10
B005FH2WHW,4.0,10
B00EN9R3EA,4.9,10
B004NMXMUG,4.5,10
B0009R14XG,4.2,10
B0009R14P4,4.0,10
B004NYHAYI,4.1,10
B0028QXB3M,4.1,10
B004NLU638,4.9,10
B001IZ290U,4.6,10
B005FKN48U,4.4,10
B0028S6VP0,4.2,10
B001IS2RPY,4.1,10
B00BBR6T0Q,4.4,10
B0029924L8,4.6,10
B0009R34AM,4.3,10
B001INBQ60,4.5,10
B001I9M91U,4.0,10
B001JL060I,4.5,10
B00ELS9Y22,4.4,10
B005F512EI,5.0,10
B001HLQOBK,4.4,10
B005GMXVNU,4.3,10
B005F4GWXU,4.7,10
B005F3VMLS,4.8,10
B0009OAGRY,4.5,10
B001HK555M,4.6,10
B004MKOG0O,4.3,10
B000E9C1UY,4.1,10
B0028OHSLA,4.6,10
B000E0K7N6,4.1,10
B001HBHLGC,4.6,10
B005F2IOLK,4.4,10
B004MC5PL6,4.7,10
B001JTK308,4.1,10
B0009OAHHS,4.3,10
B0009RF8D8,4.4,10
B001HTCK9M,4.3,10
B004O9FBCK,4.3,10
B004N71SI4,4.7,10
B0009R5B3U,5.0,10
B0009OBYAW,4.4,10
B0029U0YJQ,4.5,10
B00AIY9P7M,4.5,10
B000OVHFTY,4.3,10
B005F6QVKW,4.6,10
B004N07MJA,4.4,10
B0029XZB78,4.8,10
B00AIW743Q,4.7,10
B005F6ABK8,4.5,10
B000RUO43M,4.0,10
B001HZVCFY,4.1,10
B004MT2ORC,4.5,10
B00DTIBY5K,4.9,10
B000ROC480,4.2,10
B000E170O4,4.9,10
B0009OAHPU,4.4,10
B0009OAHPK,5.0,10
B005M1NTVE,4.6,10
B005M1O4AY,4.6,10
B004JOW5CY,4.8,10
B000OH1RGA,4.6,10
B00B9EE8U4,4.5,10
B00IAZ2FRI,4.9,10
B001FPZVYO,4.9,10
B000EPYUPM,4.4,10
B001FORJSG,4.0,10
B004JH1P8Q,4.5,10
B00B9A5ZCI,4.2,10
B001FOPPTQ,4.0,10
B004J8T42O,4.1,10
B000SLTOCQ,4.0,10
B00ANTYSY2,4.9,10
B00267PSS4,4.8,10
B002D48QWK,4.2,10
B000A0OOQG,4.4,10
B0009YDOIM,4.9,10
B000A0FBQI,4.6,10
B005L9V11C,4.2,10
B001FWXIGU,4.0,10
B001FWXIEM,4.0,10
B004KAQ9YC,4.5,10
B00BFCY8BE,4.5,10
B002CM73AY,4.4,10
B005LDUC36,4.0,10
B005LE4G14,4.1,10
B001FWXHHA,4.6,10
B000CLL2HM,4.5,10
B004K8QIQS,4.1,10
B005LGB0VQ,4.6,10
B00ADRIFL6,4.7,10
B00GT2S8MK,4.9,10
B005CPEJ6E,4.6,10
B001KYVY5K,4.2,10
B002CMLHFQ,4.4,10
B005LR8I5G,4.2,10
B001FU1Y9U,5.0,10
B005LRWSQG,4.0,10
B000CLAI7W,4.6,10
B004JYPO2M,4.2,10
B005LXL064,4.3,10
B00081NF9E,4.9,10
B001FH5ZAC,4.0,10
B004QY7U5Y,4.0,10
B004ISU56O,4.2,10
B0007W1R1C,4.1,10
B00B8UMZJ0,4.1,10
B001FB5HN8,4.2,10
B001FAVJBI,4.0,10
B004R7JD6E,4.2,10
B000RBIS2O,4.5,10
B00AO7OL1S,4.7,10
B000P276UA,4.4,10
B00261080I,4.7,10
B004I69F12,4.7,10
B000EVELLO,4.6,10
B000SQPFBK,4.3,10
B001FDUI94,4.7,10
B005NSUF8G,4.3,10
B001F51URG,5.0,10
B00B8MDYJ8,4.8,10
B000SRUFHS,4.8,10
B000OCI97A,4.0,10
B00B8UTNJK,5.0,10
B004I6BHWC,4.2,10
B004I6J30K,4.3,10
B0007X749U,4.7,10
B005CACC6S,5.0,10
B000SN58VK,4.2,10
B004QY7UK4,4.4,10
B001L13X1A,4.8,10
B000ETZS6S,4.0,10
B000RE5FHM,4.2,10
B000SOFL0C,4.8,10
B000P275NI,4.3,10
B001L2KIO4,4.0,10
B005MZS6AE,4.0,10
B005MZSUM8,4.6,10
B00BGVIIM4,4.2,10
B00AO0KJ66,4.8,10
B000OF1PSM,4.5,10
B004R6G4F8,4.4,10
B005NCC0RQ,4.4,10
B000OESOJG,4.9,10
B000RCOJ26,4.5,10
B002DMK0IU,4.7,10
B00BGVNSNI,4.4,10
B005C2NBD4,4.4,10
B004QIEX3C,4.5,10
B005CWUU1K,4.1,10
B001G7Q032,4.2,10
B005JDPI28,4.8,10
B0009ET4UE,4.3,10
B0009ET4TU,4.2,10
B002748TTQ,4.6,10
B00IT2Q4HY,4.8,10
B001KYQ4XM,4.6,10
B000S94HGQ,4.8,10
B001KYQ7GQ,4.5,10
B000P22YBQ,4.9,10
B000P22YCU,4.5,10
B001KYQD38,4.0,10
B002BVMKF4,4.8,10
B001G7PJFW,5.0,10
B004KS2OHA,4.8,10
B00270UP3I,4.5,10
B00270AG0K,4.3,10
B00GW4VSH2,4.9,10
B00BAVLSHM,4.9,10
B0009XH6TQ,4.3,10
B00BDTH31Q,4.2,10
B001G7PN26,4.6,10
B00IXB4MD4,4.5,10
B004PCWDAY,4.1,10
B005IWCI6O,4.0,10
B001G7PZ38,4.3,10
B001G7PYWA,4.2,10
B001KYOC0E,4.2,10
B000S83O0C,4.1,10
B001G7PVAU,4.8,10
B0009WME4E,4.9,10
B004KTYC7E,4.8,10
B000RJMI6I,4.3,10
B000OO7L1S,4.7,10
B005E0BOBA,4.5,10
B005J3HZD8,4.7,10
B004KUAB2S,4.0,10
B001G7POMA,4.5,10
B001G7POLQ,4.9,10
B001G7POJS,4.6,10
B005J5SZ3K,4.3,10
B00IT3Z76W,4.8,10
B001G7PNOO,4.2,10
B004KS0KGC,4.0,10
B00AN68G3O,4.0,10
B001KYTVNM,4.1,10
B001KYTVZ0,4.6,10
B000P25242,4.9,10
B000EMRL4W,4.7,10
B005KJJXDQ,5.0,10
B001FYZ4JC,4.2,10
B00BEQGC5G,4.2,10
B001KYTYH0,4.1,10
B005KQF0G8,4.4,10
B00AED1P9S,4.6,10
B005D2UM3A,4.8,10
B00BDY0BP6,4.2,10
B000EN5J04,4.0,10
B00AEAPM68,4.5,10
B001FWXKHM,4.4,10
B004QDVEQ6,4.3,10
B00AN98OG0,4.7,10
B00AE8ATMC,4.6,10
B004KAZ9O8,4.9,10
B00AEKXPFI,4.5,10
B004KI0QIE,4.6,10
B001G6Y9X6,4.2,10
B005JPVRBM,4.3,10
B001G60J94,4.6,10
B001G60I6I,4.8,10
B000ELWZF8,4.0,10
B001KYRYZE,4.3,10
B001G3ZHQC,4.6,10
B004Q1WT58,4.7,10
B005JYP854,4.1,10
B000EM9CUI,4.2,10
B00BE3FLCY,4.4,10
B005K8IW5W,4.6,10
B00DRK19XW,4.0,10
B005KDW4GK,4.8,10
B001G0FLZ2,4.7,10
B002C7482A,4.7,10
B001OO4O5I,4.8,10
B001EPJ0IS,4.0,10
B001J8SRGG,4.0,10
B001DKQ3V6,4.1,10
B000BD1EFQ,4.3,10
B006D4TEEU,4.6,10
B000C1VYH0,4.1,10
B000QF395M,4.8,10
B000G686KO,4.4,10
B001BXSH96,4.6,10
B00I55A4TY,4.1,10
B001PTFWVC,4.4,10
B006D4TB70,4.7,10
B006OBANN8,4.5,10
B00475MBTW,4.1,10
B004761TNK,4.5,10
B000NSPRPC,4.7,10
B00477Z5DY,5.0,10
B004785CZO,4.3,10
B00DH99SGI,4.7,10
B000UIBCZ4,4.2,10
B004W0DS6W,4.0,10
B006C1WFAE,4.1,10
B00DHO1EOC,4.5,10
B00528THWW,4.0,10
B00AZYF8OE,4.1,10
B000NSSLEG,4.9,10
B000NKL3CG,4.6,10
B002OOYMTK,4.2,10
B001UCGZH4,4.4,10
B004ZT2JAG,4.2,10
B000NKJJ0E,4.9,10
B000BD0SEY,4.3,10
B004AYUW8C,4.2,10
B001PROONQ,4.5,10
B000UQIRM2,4.1,10
B001DJDN6K,4.2,10
B000674YJK,4.4,10
B001U4PFYQ,4.6,10
B001RIIHCW,4.2,10
B004AIGVVU,4.9,10
B004ZWKUIQ,4.3,10
B00DEO27QE,4.9,10
B001DF2PFY,4.8,10
B002OC8QD0,5.0,10
B00BQYF21G,4.8,10
B006FKQPP8,4.7,10
B004WBIAE6,4.9,10
B001T8W5LO,4.4,10
B002O1DHIK,4.5,10
B006FYC7PG,4.3,10
B002M4MY7E,4.3,10
B000UJ2K40,4.1,10
B001RMKYBU,4.2,10
B001PUH9A8,4.3,10
B001DJBW6S,4.5,10
B004AQKKOG,4.3,10
B000UQC70K,4.0,10
B00E3G3W1G,4.5,10
B004AQ1V80,4.9,10
B00479FTD8,4.7,10
B0051UT7NK,4.4,10
B006EPIJTE,4.7,10
B006EPV4T6,5.0,10
B001DIP120,4.2,10
B004W9C42M,5.0,10
B006NAKFWY,4.2,10
B004ZWH5AM,4.9,10
B006C1HBK8,4.6,10
B004BAY4CU,4.8,10
B009XIN89A,4.4,10
B000C1W72Q,4.7,10
B0069AHQIY,4.6,10
B00E6M51W0,4.0,10
B002LHGIZQ,4.4,10
B002P6X4YG,4.2,10
B000B9W4MC,4.3,10
B00DIBQU8E,5.0,10
B0069RBZ2A,4.4,10
B004BGONEI,4.4,10
B001DYF1Z6,4.5,10
B006P980ZW,4.7,10
B00DI9IIEK,4.9,10
B000NUOBWA,4.5,10
B0052P248E,4.9,10
B006PJA0LO,4.2,10
B00BOF34N0,4.1,10
B001RVHC6Q,4.2,10
B0068P78MO,4.3,10
B001E0T740,4.7,10
B002PAJ8QA,4.5,10
B000PKZZS2,4.4,10
B00BOG1ECW,4.6,10
B004VMVJ5S,5.0,10
B00B2CSLGK,4.3,10
B000PKZFZK,4.6,10
B000URWZC4,4.5,10
B004ZNEMK2,4.2,10
B00EA5AB1Y,4.5,10
B000B9YAUG,4.3,10
B001DXKN7I,4.6,10
B004BCT5UY,4.4,10
B001DSN0WS,4.7,10
B0002T54Y6,4.2,10
B006B6SE6E,4.9,10
B0046ZWYCC,5.0,10
B0002T5ZOA,4.7,10
B00F0R238U,4.9,10
B001PN5OY8,4.7,10
B001BS8D36,4.7,10
B000BBVMYG,4.7,10
B001DSN0ZU,4.0,10
B004ZQU78U,4.6,10
B004BCVAEI,4.6,10
B006BKTQDK,4.0,10
B009YSO28U,4.4,10
B00GZSB8IO,4.3,10
B002OUGKZS,4.9,10
B00F0NKD90,4.8,10
B00BOJDVBQ,4.8,10
B002P3L06I,4.6,10
B0052OT2K8,4.0,10
B004BD8TI2,4.0,10
B00AVWJPPI,4.3,10
B002LJ3JRO,4.7,10
B000Q39MBY,4.5,10
B0046VC8KO,4.3,10
B002P2QB2W,4.1,10
B002LJJHZM,4.5,10
B002P2J6QU,4.9,10
B006AQ2Q50,4.3,10
B000Q39STU,5.0,10
B000BX2C8O,4.4,10
B00E7GSNN4,4.8,10
B006G0F9RC,4.5,10
B000B9T17S,4.9,10
B006L1ZNG8,4.5,10
B006IC9IGG,4.2,10
B000C1UBXI,4.4,10
B00AXGV0XC,4.7,10
B001CJJ5LS,4.4,10
B000NNEB7M,4.6,10
B000FZXGEC,4.5,10
B001CT07YM,4.2,10
B001QWNRRE,4.4,10
B006KTLV6M,4.5,10
B0049C3N1I,4.4,10
B001CKB8FI,5.0,10
B001TVR4Q2,4.5,10
B000NP7JTW,4.9,10
B001CTEAUE,4.1,10
B006L7C5PE,4.2,10
B001CT0AGW,4.4,10
B006HMWB4I,4.5,10
B006L694YK,4.5,10
B000BJ0I4S,4.2,10
B002N4J0XE,4.8,10
B0050ZJNC6,4.2,10
B001CT09F4,4.1,10
B0047TMCZG,4.5,10
B000ULJRH6,4.1,10
B006L25ZF6,4.1,10
B000NNCA5C,4.9,10
B001TTB7T4,4.0,10
B002NICTDS,5.0,10
B006KEP4R4,4.8,10
B000FWA7BK,4.9,10
B000C1UE76,4.3,10
B00B18BYK0,4.5,10
B000FWAVWU,4.8,10
B0002Z8JJM,4.0,10
B006JW9KN6,4.3,10
B000Q6MYG6,4.4,10
B0050OF920,4.2,10
B000NOHZ88,4.9,10
B001TJ937C,4.9,10
B0050MU1LQ,4.3,10
B00I49E8IE,4.7,10
B000NOAU3K,4.4,10
B00JBQCG0Q,4.7,10
B0050N4HT2,4.3,10
B004X8HEKO,4.7,10
B0048NRQ8E,4.7,10
B000C1UDLS,4.0,10
B000Q7HWMG,4.2,10
B001CL2LAS,4.5,10
B006KLDLIG,4.7,10
B00DFZYR74,4.5,10
B0048G1E7K,4.9,10
B001R21I92,4.5,10
B001TSO5QW,4.5,10
B001CTJFCW,4.7,10
B001QT05S6,4.8,10
B00E9A2R8U,4.7,10
B001D0AI62,5.0,10
B000Q4SI7M,4.5,10
B0047EH0QW,4.1,10
B004WKCTD0,4.2,10
B009X775MW,5.0,10
B001D0DN8C,4.5,10
B009X75O2U,4.4,10
B004A90OSA,4.7,10
B001D0B20I,4.3,10
B001QB7JM4,4.6,10
B006GNZ3KM,4.8,10
B000FSQ89O,4.7,10
B000C1UAYI,4.3,10
B0051I50QU,4.6,10
B006GHMNU6,5.0,10
B006GH9NCC,4.1,10
B0051HODCS,4.8,10
B001U2RQY0,4.2,10
B000C1VWAO,4.5,10
B004ZYX400,4.4,10
B0051OKX98,4.4,10
B006G3B64O,4.5,10
B000NR7HV0,4.0,10
B001Q8783W,4.8,10
B000FSAZY8,4.2,10
B004WGAG8Y,4.8,10
B001CB9X1S,4.4,10
B004WI85OO,4.7,10
B009V9KQGE,4.4,10
B001D29JYW,4.2,10
B0047EFWGW,4.1,10
B000NQ4DK4,4.6,10
B006LYO0JQ,4.0,10
B001D06WO4,4.4,10
B009VL7BR4,4.5,10
B001CGMK0O,4.2,10
B006LMKXJE,4.3,10
B0050DFHKA,4.6,10
B001CJCFF6,4.6,10
B001QN9ERA,4.3,10
B006LFHWRM,4.4,10
B0049TZUV2,4.3,10
B000Q5VAZ8,4.6,10
B00B3TXURC,4.5,10
B002MZ11YK,4.0,10
B0050GHK02,4.4,10
B001CJE0MM,4.5,10
B006LC2XE2,5.0,10
B006L7PL0U,4.7,10
B001U1LP8Y,4.5,10
B0051D9EVW,4.3,10
B001TBK6N0,4.4,10
B006LYN8E4,4.2,10
B006LYKZ5E,5.0,10
B004A6L52C,4.4,10
B001R747Z4,4.2,10
B009X1LICQ,4.6,10
B001QFEXT2,4.9,10
B001QH1CPI,4.7,10
B000G0SSOE,4.2,10
B001QGKW00,4.7,10
B0047P8LH8,4.5,10
B004WMFVU6,4.8,10
B002MRHYSA,4.4,10
B00E541OWU,4.5,10
B00H0MFCT0,4.8,10
B00BO9FPVK,4.4,10
B00467D0BE,4.0,10
B002L6B64A,4.1,10
B0046BYQSG,4.2,10
B004CEG0UE,4.9,10
B001BDXMH8,4.2,10
B0046C5B2A,4.4,10
B004CBED88,4.2,10
B0065LUK6M,4.5,10
B000U5846C,4.6,10
B000GCR2US,4.5,10
B001BEKWSY,4.1,10
B0065PLB02,4.9,10
B0052YZ838,4.0,10
B0002KS5QY,4.1,10
B0002KS5S2,4.5,10
B004CHIPA4,4.6,10
B002PYEHPS,4.7,10
B006555UPY,4.5,10
B00E1ZABR2,4.6,10
B001BBIO5U,4.3,10
B00655MJT4,4.7,10
B001E6QBAW,4.6,10
B006572334,4.7,10
B004YTGIFO,4.5,10
B00B2WYA2Y,4.6,10
B001S8V728,4.7,10
B004V45JHU,4.7,10
B000GCR06E,4.1,10
B000BPY05K,4.1,10
B002LA3UPE,5.0,10
B0002MPS7G,4.3,10
B000FL5PO0,4.2,10
B000QI8BXY,4.4,10
B006QV49XQ,4.6,10
B004BVFK9K,4.5,10
B004BV9V2W,4.3,10
B00I33UVAU,4.8,10
B0006G4P18,4.7,10
B00F63SZNK,4.5,10
B00A0MBBGK,4.6,10
B004VG4SGG,4.0,10
B001T0HJCC,4.4,10
B001BHUFU6,4.4,10
B0002LK3XG,4.7,10
B004V9HLEY,4.4,10
B004Y9KD0K,4.3,10
B00BRR7N50,4.7,10
B001P5VA4O,4.3,10
B001BIN0IO,4.5,10
B000FL5CAM,4.7,10
B000PKC152,4.0,10
B004C0UVRG,4.5,10
B00A0RUGPM,5.0,10
B0066SNPMK,5.0,10
B00653TZXO,4.5,10
B004Y9K0LC,4.5,10
B001E763R2,5.0,10
B002KIXL06,4.1,10
B0053YWU6U,4.3,10
B001V9LQ02,4.7,10
B006SOUJYO,4.2,10
B000Q0P28O,4.7,10
B004YNBXOQ,4.2,10
B001E726KU,4.8,10
B001E725Y2,4.7,10
B000Q2Y062,4.7,10
B006SBD4FS,4.6,10
B0053U58N6,4.0,10
B002KNN9EY,4.0,10
B00IL163GK,4.6,10
B00AU9L0V4,4.1,10
B009SE4E8S,4.4,10
B004YF5NKO,4.8,10
B00B3TNLJE,4.1,10
B0045ZHR70,4.7,10
B00I79X1LG,4.3,10
B000NWGL6W,4.2,10
B002KGY3DM,4.2,10
B001SRS5T2,4.4,10
B004YK8LN0,4.4,10
B004D246EW,4.3,10
B005442LFY,4.3,10
B004YF5J4O,4.8,10
B000NIYAEQ,4.2,10
B00A2C4IR2,4.8,10
B00640Y12S,4.5,10
B00A2ARZ92,5.0,10
B000FKJZPQ,4.9,10
B006RN8W22,4.3,10
B00AUPB3XI,4.0,10
B004UXZQ7U,4.7,10
B006ROI74E,4.6,10
B002KRD9EA,4.2,10
B000NW6RGG,4.7,10
B00A1UQB4S,4.7,10
B000BTSLDI,4.9,10
B000UUTA42,4.6,10
B00AULODL6,4.0,10
B006S9GYXY,4.4,10
B009SJDVS2,4.5,10
B00H8ZE6TQ,4.7,10
B004CPT0NW,4.6,10
B002Q7Q7MU,4.4,10
B00J6U6MFM,4.3,10
B000U0E45M,4.0,10
B001OXEVH0,4.2,10
B0053TZ350,4.9,10
B001V9HTZ8,5.0,10
B001E71FLQ,4.8,10
B0002JV51C,4.4,10
B000BS4WK0,4.9,10
B00AZBXBGE,4.5,10
B0053P77IK,4.3,10
B0067LRAYU,4.3,10
B004X71U00,4.6,10
B000PKWAJ4,4.7,10
B00EZ50KH4,4.1,10
B006823132,4.3,10
B006895962,5.0,10
B00EA5AYCA,4.2,10
B001P734L4,4.0,10
B0067YU6D4,4.1,10
B001RYNNWK,4.5,10
B00JFBLX56,4.7,10
B0046NNXBA,4.2,10
B00684F6JW,4.1,10
B00AVUE0GE,4.8,10
B00H93P9OI,5.0,10
B0067Y23OY,4.2,10
B00EZ4RSPC,5.0,10
B00EYLEBCY,4.8,10
B000NJJD0Q,4.0,10
B001ULBOSA,4.8,10
B001T8MA1Y,4.2,10
B000GAQS82,4.3,10
B00BRGR7IO,4.3,10
B001P76IGW,4.7,10
B000QHO1BG,4.8,10
B000BVNYBA,4.4,10
B004Y6QWSA,4.3,10
B000Q33CUG,4.6,10
B0006FMREQ,5.0,10
B000US087W,4.1,10
B00EYUYVFC,4.6,10
B0006DPMTU,4.1,10
B00EYLDVAC,4.8,10
B000NUTUO4,4.2,10
B00684P7BO,4.9,10
B004BUEIQC,4.0,10
B0067Y1W8C,4.5,10
B004Y0XCZ2,4.1,10
B006QQZXUY,4.0,10
B001E0WH9M,4.3,10
B006QHXFDA,4.4,10
B002PAJ8TW,4.3,10
B004BUG9MI,4.5,10
B0068G1PJ0,4.8,10
B003BK4LME,4.555555555555555,9
B00854YLUS,4.111111111111111,9
B003CWQBLU,4.222222222222222,9
B0013EKS6S,4.222222222222222,9
B001SYZVB0,4.111111111111111,9
B0083TWAVC,4.444444444444445,9
B005DBPGOQ,4.111111111111111,9
B00E4QYZK2,4.555555555555555,9
B005FCCBFA,4.555555555555555,9
B004PX6K20,4.888888888888889,9
B00CMNOFUE,4.888888888888889,9
B003MC9EXW,4.666666666666667,9
B00AKZRFMG,4.333333333333333,9
B00820YEDY,4.0,9
B004YAUJ8U,4.111111111111111,9
B000XHGW84,4.333333333333333,9
B003MGQ8GY,4.555555555555555,9
B00GAT4SEO,5.0,9
B00854TLAS,4.888888888888889,9
B0035LCW3E,4.777777777777778,9
B0083V39Y2,4.0,9
B004QBATHS,5.0,9
B0034JZ83S,5.0,9
B003KJY3UQ,4.555555555555555,9
B001R4CLEQ,4.444444444444445,9
B0035ASBT4,5.0,9
B003KULDPS,4.0,9
B00CMKIYEK,4.333333333333333,9
B004X9BTGI,4.555555555555555,9
B000XJB0NO,4.555555555555555,9
B00BALO0XG,4.666666666666667,9
B00CDD1ERU,4.888888888888889,9
B0026VDPU8,4.333333333333333,9
B00CDD35MW,4.0,9
B008MPFQFE,4.333333333333333,9
B003MWZO2C,4.888888888888889,9
B001KYRZRQ,4.666666666666667,9
B00AMTW4L2,4.555555555555555,9
B0026VHIWE,4.666666666666667,9
B0036C0UEU,4.888888888888889,9
B005DF7TKQ,4.444444444444445,9
B004Q1JUGE,4.888888888888889,9
B0085C7WIS,4.777777777777778,9
B001KYRWOC,4.333333333333333,9
B008LCBQUM,4.777777777777778,9
B001JJBCA8,4.666666666666667,9
B001JHZ990,4.333333333333333,9
B0036BEQEQ,4.777777777777778,9
B00CMK30ZS,4.222222222222222,9
B0050HBSNG,4.666666666666667,9
B001KYS7O6,4.222222222222222,9
B0013EKROG,4.444444444444445,9
B00BAMXZMM,4.222222222222222,9
B0013EJ4J0,4.555555555555555,9
B008NOIFPM,4.444444444444445,9
B003KPEF4Y,5.0,9
B008NOJ2RC,4.111111111111111,9
B001K4H49U,4.333333333333333,9
B0036FTEIU,4.222222222222222,9
B00EMLBZOS,4.888888888888889,9
B004ZPZ6FU,4.0,9
B004Q6LVAW,4.222222222222222,9
B003CFB24S,4.333333333333333,9
B00EL06HES,4.333333333333333,9
B004QIO88M,4.0,9
B00CDUKJNI,4.333333333333333,9
B008MNDBO4,4.888888888888889,9
B001J9PA9M,4.666666666666667,9
B001R1VI2K,4.0,9
B00CQRNLZQ,4.666666666666667,9
B001J9QQ90,4.888888888888889,9
B005CRRUDG,4.333333333333333,9
B008L23HFO,4.0,9
B000YIWWTU,4.777777777777778,9
B003ARWZIU,4.333333333333333,9
B00B9TU3LM,4.888888888888889,9
B001TOR93M,4.777777777777778,9
B00CBT0TYU,4.0,9
B005CRJV3I,4.333333333333333,9
B003ARR8O6,4.222222222222222,9
B00AZNC5M8,4.888888888888889,9
B004QPQNK6,4.444444444444445,9
B00CE1WATC,4.111111111111111,9
B00CDZDVJM,4.666666666666667,9
B008YTZ3OC,4.777777777777778,9
B001KYVSIS,4.777777777777778,9
B004OKBPOW,4.0,9
B003JT4RWG,4.666666666666667,9
B0012LDD32,4.444444444444445,9
B000YJCKN2,4.666666666666667,9
B003JTC7FA,4.111111111111111,9
B003O4CSL8,4.444444444444445,9
B003JTCYOE,4.666666666666667,9
B008MLVXIM,4.333333333333333,9
B00BBTX38K,4.777777777777778,9
B0050OC1RQ,4.333333333333333,9
B000YJAJDA,4.0,9
B0083OVMNE,4.222222222222222,9
B004X7651E,4.0,9
B000XYPB52,4.444444444444445,9
B001SII51O,4.111111111111111,9
B00BBER7XC,4.555555555555555,9
B001KYTZBU,4.333333333333333,9
B0085UPVOW,4.111111111111111,9
B000XH931M,4.888888888888889,9
B004X8KT4W,4.222222222222222,9
B008L2UPSQ,5.0,9
B005ESHHHC,5.0,9
B000XH94RK,5.0,9
B00E4OQ63I,4.111111111111111,9
B0050IJVH0,4.444444444444445,9
B003BONUZY,5.0,9
B005ES6M3M,4.888888888888889,9
B001KNNCL0,4.333333333333333,9
B001KYTXG2,4.555555555555555,9
B008L41VNM,4.333333333333333,9
B0027V23XC,4.444444444444445,9
B003D1KV8O,4.111111111111111,9
B003JVWQY0,4.555555555555555,9
B003K1R5RW,4.222222222222222,9
B005EV251M,4.0,9
B00AZEBAB4,4.555555555555555,9
B00CTJA8CA,4.888888888888889,9
B005EV9HPE,4.888888888888889,9
B001KYUAP0,4.222222222222222,9
B0027YWHE4,4.555555555555555,9
B008O56D72,4.333333333333333,9
B000XFUM46,4.333333333333333,9
B005D2UG0E,5.0,9
B00912L5RK,4.666666666666667,9
B001RVGVAE,4.333333333333333,9
B008PAJFF8,4.0,9
B008MO07OK,4.444444444444445,9
B00E5JXYLO,4.222222222222222,9
B001KYU500,4.222222222222222,9
B001377JEY,4.444444444444445,9
B003NZ1DM8,4.777777777777778,9
B001T8MALY,4.222222222222222,9
B0028Q1XPA,5.0,9
B0091OCBNK,4.333333333333333,9
B0026WHY9K,4.555555555555555,9
B0084KMU1A,4.777777777777778,9
B001395GH4,4.777777777777778,9
B008LWEFSC,4.777777777777778,9
B00CC9HW5S,4.444444444444445,9
B003BT47HE,5.0,9
B00278Y8BK,4.666666666666667,9
B004XJPMOS,4.777777777777778,9
B005EIJS7Y,4.222222222222222,9
B001KYVUB8,4.777777777777778,9
B00E5BAMLW,4.333333333333333,9
B008OOZDQA,4.555555555555555,9
B004P9KRPK,4.333333333333333,9
B003N4V2M0,4.333333333333333,9
B004ZWH2CI,4.888888888888889,9
B003N3SD6E,4.111111111111111,9
B004O9FFLM,4.666666666666667,9
B0028DV6GO,5.0,9
B004Z206EE,4.444444444444445,9
B003BCSXVM,4.0,9
B00BBI8KD4,4.666666666666667,9
B00278W0AQ,4.444444444444445,9
B0084PZ4YA,4.666666666666667,9
B003LXAJKO,4.888888888888889,9
B004OE7PCE,4.555555555555555,9
B001REZQ3O,4.666666666666667,9
B005E0NWJW,4.555555555555555,9
B005ELOIKS,4.111111111111111,9
B001KYPZ64,4.333333333333333,9
B0090RHR5U,4.222222222222222,9
B001RU2WYO,4.444444444444445,9
B003LZMSV0,4.666666666666667,9
B001KQ9K7M,4.333333333333333,9
B004OXDQBE,4.555555555555555,9
B003N6ZWFQ,4.555555555555555,9
B00BBFOVO4,4.111111111111111,9
B003M6BX1Y,4.777777777777778,9
B000XT99A0,5.0,9
B00CCDNDKC,4.444444444444445,9
B000YB21KM,5.0,9
B0091JKMPE,4.777777777777778,9
B004Y7WSZ0,4.333333333333333,9
B001394DAK,4.666666666666667,9
B003M1JD20,4.444444444444445,9
B004O3SDZS,4.0,9
B004XLFNJK,4.666666666666667,9
B004P3O9XC,4.555555555555555,9
B000XTDYI8,4.333333333333333,9
B008N0QE8G,4.333333333333333,9
B0027CV1V6,4.777777777777778,9
B0082YVIF2,4.888888888888889,9
B0012ZNKWM,4.0,9
B0090QKZ9G,4.111111111111111,9
B001RQLU8M,4.888888888888889,9
B003BVK2A8,4.0,9
B008M8TYU4,4.888888888888889,9
B008N0GL3Y,4.555555555555555,9
B001KYCY4K,4.222222222222222,9
B0084710GO,4.555555555555555,9
B004XS7X5K,4.444444444444445,9
B001T7M0QU,4.444444444444445,9
B0012ZKFAC,4.888888888888889,9
B001RS8NQW,4.666666666666667,9
B003CGV2I8,4.888888888888889,9
B0027CT5FA,4.222222222222222,9
B005E3EXEW,5.0,9
B0084HVSQ6,4.888888888888889,9
B0091IMZL4,5.0,9
B0012X3WNG,4.555555555555555,9
B008OOYXMK,5.0,9
B004ZRAO6Y,4.444444444444445,9
B0082R1UE8,4.0,9
B004XLFTDU,4.888888888888889,9
B0012XARMK,4.555555555555555,9
B003M3198E,4.777777777777778,9
B0027C5GS0,4.222222222222222,9
B0027IT8WE,4.0,9
B004O9TTNC,4.444444444444445,9
B004P4VS8A,4.888888888888889,9
B0034Z1N54,4.666666666666667,9
B005F1IPLU,4.222222222222222,9
B00277JKFU,4.333333333333333,9
B003BIUDI2,4.0,9
B003BIT342,4.666666666666667,9
B004YT78S0,4.888888888888889,9
B003CMRO3O,4.777777777777778,9
B0012RWP9Y,4.888888888888889,9
B001JL6BF2,4.555555555555555,9
B00286OY4C,4.222222222222222,9
B0027TUJ4E,4.111111111111111,9
B001JOUFLK,4.777777777777778,9
B004XJBI5A,4.444444444444445,9
B00AMPROAW,4.666666666666667,9
B00366HA4E,4.888888888888889,9
B001KYQABS,4.444444444444445,9
B008NAH9TY,4.111111111111111,9
B00DUELEFS,4.0,9
B008NAH07A,4.444444444444445,9
B00DU8OZJQ,4.333333333333333,9
B005DM0XVQ,4.555555555555555,9
B00367KYK0,4.222222222222222,9
B003KWXHNC,4.333333333333333,9
B0012RT06U,4.555555555555555,9
B00CBYANI2,4.888888888888889,9
B005085GI8,5.0,9
B001JK4CAY,4.222222222222222,9
B003AXZ0S6,4.0,9
B004OTT2YS,4.666666666666667,9
B000XPUV7Y,4.666666666666667,9
B00GCCYA9C,5.0,9
B005DKK5EI,4.333333333333333,9
B0028PYN2Q,4.555555555555555,9
B004O3WOJE,4.0,9
B0091NM2W6,4.111111111111111,9
B004OEBYH6,4.888888888888889,9
B0083VEI0Q,4.111111111111111,9
B00270V5LE,5.0,9
B001RVBNRK,4.333333333333333,9
B00270V5QY,4.0,9
B00139UYQM,4.444444444444445,9
B0013A0MRW,5.0,9
B004YXFT4G,4.333333333333333,9
B0012S1XYQ,4.0,9
B0027583QE,4.444444444444445,9
B005F69YLU,4.222222222222222,9
B00139U8YA,4.222222222222222,9
B000XSBDKK,4.777777777777778,9
B000YB6WFC,4.333333333333333,9
B00275PFEM,4.666666666666667,9
B003MAIXR2,4.555555555555555,9
B003AYEG9O,4.666666666666667,9
B0012SAD1U,4.0,9
B00139Q132,4.555555555555555,9
B004ZQ70LM,4.444444444444445,9
B001S6H1D4,4.666666666666667,9
B008MBBH8S,4.333333333333333,9
B0091JV52I,4.777777777777778,9
B0013AK03I,4.111111111111111,9
B00BAXUA0Q,4.888888888888889,9
B004PRMT6W,4.777777777777778,9
B001JPIN7C,4.888888888888889,9
B008MBHDAE,4.333333333333333,9
B001JQ369G,4.555555555555555,9
B000XZT8F0,4.555555555555555,9
B003LDJ43W,4.777777777777778,9
B004OU6998,4.888888888888889,9
B005F99O0I,4.333333333333333,9
B004XJIG64,4.555555555555555,9
B004YTVRIW,4.444444444444445,9
B00AKWP97W,4.222222222222222,9
B004OE7R2C,4.0,9
B00GCBIR4W,4.444444444444445,9
B00CRR6AAI,4.333333333333333,9
B00505TE52,4.333333333333333,9
B008OUYSG0,4.555555555555555,9
B004O4VJN0,4.777777777777778,9
B004XW5OWK,4.555555555555555,9
B00850TAOO,4.0,9
B005465P2S,4.222222222222222,9
B00CJRDEN2,4.444444444444445,9
B00CP52QBY,4.333333333333333,9
B00384A2IK,4.555555555555555,9
B000ZO09WA,4.333333333333333,9
B00AREI786,4.444444444444445,9
B004TKZ7BO,4.111111111111111,9
B000ZPB568,4.666666666666667,9
B008RYKDN0,4.777777777777778,9
B00ED5HD08,4.888888888888889,9
B001P74I3W,4.555555555555555,9
B0056SY1QA,4.444444444444445,9
B001MYLM0U,4.777777777777778,9
B00ED3IU8O,4.666666666666667,9
B008FQNBLG,4.222222222222222,9
B001UKA0HW,4.777777777777778,9
B005769UT4,4.444444444444445,9
B003EMIXKU,4.444444444444445,9
B00572U9H0,4.222222222222222,9
B004VLW3FE,4.222222222222222,9
B000ZMKPPS,4.333333333333333,9
B003HOGW0I,4.888888888888889,9
B0091SX2SY,4.0,9
B001ULBOOE,4.444444444444445,9
B00B2F8EXM,4.111111111111111,9
B003HN0S4A,4.444444444444445,9
B00206AHR8,4.777777777777778,9
B008UY7REA,4.333333333333333,9
B001NMQYVS,4.666666666666667,9
B0052URJDY,4.777777777777778,9
B00112YX68,4.111111111111111,9
B0056BMC5O,4.222222222222222,9
B001P6MBJG,4.777777777777778,9
B008UVJUKM,4.555555555555555,9
B008BLJ7F4,4.888888888888889,9
B00DZWPE0G,4.777777777777778,9
B001WAKUU2,4.555555555555555,9
B00387F41C,4.222222222222222,9
B0039BGHYK,4.777777777777778,9
B008FCOT2K,4.0,9
B003HMGGSI,5.0,9
B001UN6B8G,4.888888888888889,9
B004TNVW6A,5.0,9
B00CFYS1ZU,4.555555555555555,9
B001157V5A,4.555555555555555,9
B0056IBCBC,4.444444444444445,9
B003HLFMDY,4.333333333333333,9
B004VK2SK0,4.444444444444445,9
B00CG803FQ,4.444444444444445,9
B0052TMTQC,4.111111111111111,9
B000ZUU2U8,4.555555555555555,9
B00CO9NV42,4.555555555555555,9
B001P8KKGK,4.111111111111111,9
B001UO99VG,4.333333333333333,9
B00EEBD0SK,4.666666666666667,9
B0037QGBES,4.333333333333333,9
B004SXTF3I,4.777777777777778,9
B00AQUXWRC,4.888888888888889,9
B003EDBFRW,4.333333333333333,9
B0011DN5CK,5.0,9
B003EGSA3Q,4.666666666666667,9
B0052P0XIC,4.555555555555555,9
B003I8HJ96,4.111111111111111,9
B004T19OKI,4.111111111111111,9
B00G14QJA4,4.555555555555555,9
B0037W6PK2,4.111111111111111,9
B0020MMASQ,4.555555555555555,9
B0057XX9JO,4.777777777777778,9
B003I87A4K,4.777777777777778,9
B001PIAJZC,4.0,9
B00E36ZT2G,5.0,9
B008VV4B00,4.666666666666667,9
B000ZFCDAA,4.666666666666667,9
B003I9AKIM,4.666666666666667,9
B003I99JZC,4.444444444444445,9
B0058DGMFG,4.0,9
B0058CP4ZQ,4.333333333333333,9
B0058CN6RO,4.555555555555555,9
B003I98UKW,5.0,9
B001PJ1TIC,5.0,9
B0011DTH9K,4.333333333333333,9
B0011DRY3G,4.111111111111111,9
B0057USA28,4.333333333333333,9
B003HV3YC0,4.444444444444445,9
B0039PKJ4U,4.555555555555555,9
B0052P1XZY,5.0,9
B0039PEZK4,4.666666666666667,9
B001MV5V1O,4.0,9
B008VGRUA8,4.888888888888889,9
B003EH219O,4.0,9
B00EDPB66A,4.111111111111111,9
B0057L7IXE,4.111111111111111,9
B004TGSS3C,4.666666666666667,9
B00EA5AIW6,4.444444444444445,9
B0057GZ1B0,4.888888888888889,9
B0039OJ0W8,4.666666666666667,9
B003EJ8HZO,4.0,9
B0052RQPD2,4.555555555555555,9
B0052P1K70,5.0,9
B0011DKWMQ,4.0,9
B004TG7S74,4.888888888888889,9
B0011DKQKE,4.444444444444445,9
B004TA2BR2,4.666666666666667,9
B001UHVOUM,5.0,9
B001PBTUYK,5.0,9
B001PBNVMM,4.444444444444445,9
B0020MKBNW,4.666666666666667,9
B00B5LITF6,4.666666666666667,9
B001MU1OXY,4.444444444444445,9
B0011DIYHG,4.444444444444445,9
B0011DIYEY,5.0,9
B008G0J3M2,4.333333333333333,9
B0052P1CNM,4.666666666666667,9
B004U4B0QK,4.0,9
B003IAPYKU,4.777777777777778,9
B00CHD5PU8,4.888888888888889,9
B00G3KPU3I,4.555555555555555,9
B003FXI592,4.444444444444445,9
B001V9FLIA,4.888888888888889,9
B004UMPVOE,4.0,9
B0054Y3I24,4.444444444444445,9
B001VGORX8,4.666666666666667,9
B0054Y2C94,5.0,9
B0054Y0OEO,4.333333333333333,9
B0054Y0IRW,4.444444444444445,9
B001VFN7JY,4.222222222222222,9
B003FWPXS4,4.777777777777778,9
B008DZG02Q,4.111111111111111,9
B001VD687E,4.222222222222222,9
B008U1A8E4,4.111111111111111,9
B00552467Q,4.666666666666667,9
B001O8KFO8,5.0,9
B008SV2BVE,4.0,9
B008CNGNK8,4.555555555555555,9
B001O8NU3G,4.0,9
B001V76U4G,4.0,9
B008CPLG94,5.0,9
B004UZGIFW,4.111111111111111,9
B003G94DJQ,4.666666666666667,9
B00EBU32G4,4.333333333333333,9
B00110S29Y,4.777777777777778,9
B004UKEO4Y,4.777777777777778,9
B001VHIBVQ,4.666666666666667,9
B001OAB7L6,4.666666666666667,9
B0053H2W7E,5.0,9
B008DZ56Y4,4.888888888888889,9
B005576SIQ,4.444444444444445,9
B00AU9EBTC,4.111111111111111,9
B008DJ1EB4,5.0,9
B00B43KQ2O,5.0,9
B0038ZXIBM,4.222222222222222,9
B0010OHCVU,5.0,9
B00547I8LW,4.111111111111111,9
B001OMI9DS,4.0,9
B0010OKF7S,4.333333333333333,9
B00G4G317I,4.777777777777778,9
B003FFIGSK,5.0,9
B0010SKY5C,4.666666666666667,9
B001OMI9OW,4.222222222222222,9
B003FE9J1O,4.222222222222222,9
B001OR4FYU,4.777777777777778,9
B0038T4TDY,4.777777777777778,9
B003FCM31Y,4.333333333333333,9
B001OI4JIQ,4.888888888888889,9
B001OI9X6O,4.555555555555555,9
B00EB5N2E6,4.111111111111111,9
B00EATZYFI,4.444444444444445,9
B003FOW4RA,4.555555555555555,9
B001V9LBAM,4.333333333333333,9
B004USS76C,4.555555555555555,9
B00E1JQ9W4,4.666666666666667,9
B003FN88N0,4.333333333333333,9
B0010TOZ5Q,4.777777777777778,9
B00EB3CVCM,4.333333333333333,9
B0010ENXSG,4.666666666666667,9
B001P5LJ6I,4.0,9
B003H014EQ,4.444444444444445,9
B0055KOCUY,4.888888888888889,9
B004V50PSC,4.0,9
B004UG0K6O,4.0,9
B00CHTX1AS,4.333333333333333,9
B00B4HJ9A0,4.888888888888889,9
B00CGOUL2A,4.111111111111111,9
B00AVO4SEO,4.888888888888889,9
B008EUBVOM,4.0,9
B004V4IAL2,4.444444444444445,9
B004V46JQA,4.777777777777778,9
B00CGOY85Q,4.666666666666667,9
B004V45U2E,4.555555555555555,9
B004UGLWT8,4.666666666666667,9
B00EA86WXC,4.888888888888889,9
B001NX98TW,4.111111111111111,9
B003F12KRM,4.222222222222222,9
B001NXGYQ2,4.555555555555555,9
B001W9V8XQ,4.555555555555555,9
B004U7K1KS,4.111111111111111,9
B00AVOLQRQ,4.777777777777778,9
B00112DX0U,5.0,9
B00101V7PU,4.666666666666667,9
B003H1FAHC,4.0,9
B00103DFSU,4.555555555555555,9
B0055T0MPO,4.888888888888889,9
B00112DWXI,4.444444444444445,9
B004U7NC22,4.444444444444445,9
B008BVWST6,4.111111111111111,9
B001VPAA30,4.111111111111111,9
B001VNEMMC,4.777777777777778,9
B00539RIF8,4.111111111111111,9
B0010CCKFA,4.444444444444445,9
B001O55HJE,4.777777777777778,9
B0010CLGQE,4.444444444444445,9
B001O597JU,4.222222222222222,9
B008EADV5E,4.888888888888889,9
B001O597ZE,4.333333333333333,9
B00538F92S,4.666666666666667,9
B004V3XGQC,4.555555555555555,9
B00559BZNC,4.0,9
B0010ED5PM,4.666666666666667,9
B004UKCM52,4.888888888888889,9
B0010EIDWC,4.555555555555555,9
B003F8EVLS,4.888888888888889,9
B008E98EOI,4.666666666666667,9
B00538NJHA,4.777777777777778,9
B00558H8UW,4.555555555555555,9
B00112936S,4.222222222222222,9
B0038L50S0,4.555555555555555,9
B008SEJ29A,4.555555555555555,9
B008C9XP58,4.333333333333333,9
B0038K4XMA,4.888888888888889,9
B0038KUXH4,4.555555555555555,9
B0055DUBMY,4.222222222222222,9
B003F6VJQ0,4.777777777777778,9
B008EMQL40,4.333333333333333,9
B008EMHBTO,4.333333333333333,9
B001VMUIUS,4.111111111111111,9
B004V44CQE,4.444444444444445,9
B00G355I08,4.444444444444445,9
B001VMNZYE,4.888888888888889,9
B001P3WWLQ,5.0,9
B0011294GW,4.111111111111111,9
B008C8XLFI,4.777777777777778,9
B003GLMXK0,5.0,9
B003F6VK8W,4.0,9
B0058FB0W4,4.777777777777778,9
B00ANI9YYC,4.222222222222222,9
B00FYK8CNS,4.333333333333333,9
B00DVS8MX0,5.0,9
B0012BS97W,4.111111111111111,9
B00AXACR2G,4.444444444444445,9
B000YZLOQ0,4.666666666666667,9
B008JH5BWI,4.444444444444445,9
B00EHSIAFI,5.0,9
B00DW3DJ8C,4.333333333333333,9
B00513F3SK,4.444444444444445,9
B00513HCG6,4.555555555555555,9
B001LF4DCY,4.777777777777778,9
B00515GS78,5.0,9
B001LBX37E,4.333333333333333,9
B00DW5O70O,4.444444444444445,9
B008Y044OQ,4.222222222222222,9
B004WQOW0W,4.222222222222222,9
B004R7IWV6,4.444444444444445,9
B008Y9G954,4.333333333333333,9
B00873FHYQ,4.222222222222222,9
B008Y5G5SE,4.333333333333333,9
B00EI3JWOA,4.444444444444445,9
B008PO6V38,4.555555555555555,9
B001QT1FE4,4.888888888888889,9
B0087I2VQI,4.888888888888889,9
B00AX4L7JG,4.777777777777778,9
B001QH913S,4.111111111111111,9
B0087T09BG,4.111111111111111,9
B004ROV2ZC,4.333333333333333,9
B003JCQCSA,4.777777777777778,9
B003DQOQJY,4.555555555555555,9
B003DQOQMG,4.333333333333333,9
B0087V70EI,4.555555555555555,9
B00127VFJU,4.555555555555555,9
B0087WY9KA,4.0,9
B001LFJYI2,5.0,9
B001LGC5L4,4.444444444444445,9
B0051C8NCO,4.444444444444445,9
B00243FKM4,4.777777777777778,9
B001QDTBLO,4.0,9
B0051BFF0I,4.333333333333333,9
B004RDZ5TM,5.0,9
B001U0PEZU,4.444444444444445,9
B00E3VC4HY,4.777777777777778,9
B00247VGXC,4.555555555555555,9
B00518N3VE,4.888888888888889,9
B001287PKC,4.222222222222222,9
B004RLBCZ0,4.555555555555555,9
B00CQ1XJR2,4.666666666666667,9
B004RN1082,4.0,9
B00519IO9O,4.777777777777778,9
B00519VRJI,4.0,9
B001282L3S,4.666666666666667,9
B004WMFW0A,4.666666666666667,9
B005C2NB3O,4.777777777777778,9
B001TV37ZY,4.222222222222222,9
B001QDOZD8,5.0,9
B003JN6B6W,4.111111111111111,9
B00865X1QQ,4.444444444444445,9
B008PETJ3M,4.555555555555555,9
B0050WS76C,4.555555555555555,9
B00ANRBM2A,4.555555555555555,9
B001QX9SWG,4.555555555555555,9
B005CL39PA,5.0,9
B008KPEXC8,4.222222222222222,9
B001KZCFA2,4.555555555555555,9
B0086D5ZXK,4.777777777777778,9
B0050WUZUI,4.666666666666667,9
B003JN4N6W,4.888888888888889,9
B00B9CGXXG,4.0,9
B0050WXSLQ,5.0,9
B00B9EVR8U,4.888888888888889,9
B001KZKMKW,4.666666666666667,9
B001QYXLIW,4.333333333333333,9
B004X2XCZG,4.0,9
B0050PYLFA,4.222222222222222,9
B0085YKI28,4.777777777777778,9
B0085YKN4Q,4.333333333333333,9
B003D852PY,4.0,9
B003D90J4C,4.555555555555555,9
B001KYW2OC,4.222222222222222,9
B0036X59RC,4.777777777777778,9
B00CQNM4KI,4.111111111111111,9
B008YPHARO,4.666666666666667,9
B00ANTDQL8,4.222222222222222,9
B0086LC1AM,4.111111111111111,9
B005C8MMPQ,4.0,9
B00ANZOI5U,4.0,9
B00374THM8,4.777777777777778,9
B008K83I6M,4.888888888888889,9
B003ALVTZ6,4.777777777777778,9
B004R1NNB6,4.555555555555555,9
B001L3X1U6,4.444444444444445,9
B003DKSUKG,4.444444444444445,9
B000YY5Q1U,4.222222222222222,9
B0012EGVTC,4.555555555555555,9
B004R67VPK,4.444444444444445,9
B00CJFSOSE,4.666666666666667,9
B004R7HPFK,4.111111111111111,9
B003JLTD6O,4.0,9
B003AO95BS,4.444444444444445,9
B0012IU7KM,5.0,9
B00267JWP4,4.222222222222222,9
B003DKKQFS,4.666666666666667,9
B003ANFQVM,4.333333333333333,9
B003718H1I,4.666666666666667,9
B008YCNCBK,4.555555555555555,9
B0026736R4,4.111111111111111,9
B0012GYXLI,4.0,9
B003JN0IMU,4.666666666666667,9
B005B1A7L0,4.111111111111111,9
B004RQ5GFM,4.555555555555555,9
B001PN0632,4.888888888888889,9
B000Z65GQW,4.222222222222222,9
B004SJ2ES0,4.444444444444445,9
B003IRVEZW,4.111111111111111,9
B0011W8Y36,5.0,9
B003IR5L8S,4.444444444444445,9
B003E1T1FC,4.111111111111111,9
B0037LONH0,4.666666666666667,9
B00898E6Y6,5.0,9
B00521LJG6,4.0,9
B0058YK7WO,4.111111111111111,9
B003A0P8DG,4.111111111111111,9
B003IS934A,4.666666666666667,9
B0089E4KUU,4.555555555555555,9
B004W3ORA0,4.777777777777778,9
B001M5D9GE,5.0,9
B001PTG0OU,4.888888888888889,9
B008HDQRC2,4.555555555555555,9
B008R9QZDM,5.0,9
B00B1YH7PA,4.111111111111111,9
B004SEK8II,4.222222222222222,9
B004W3WDI8,4.222222222222222,9
B00E9G1WQ2,4.888888888888889,9
B001PTFXR0,4.0,9
B00EFDUTUY,4.333333333333333,9
B004SH8SBO,4.555555555555555,9
B00593FNN2,4.777777777777778,9
B0058PIL7Q,4.555555555555555,9
B00B297WWW,4.111111111111111,9
B003E7YJVM,4.555555555555555,9
B0020MMCZ2,4.444444444444445,9
B004SUGQX8,4.222222222222222,9
B0011FQ9RG,4.888888888888889,9
B0037MMJN4,4.555555555555555,9
B0052FZDMI,4.555555555555555,9
B00EEHOOI4,4.444444444444445,9
B0052BBNYO,4.555555555555555,9
B0089E4NCA,4.555555555555555,9
B0020MMFH2,4.0,9
B0089FIKC8,4.888888888888889,9
B0089GK0RU,4.0,9
B001PRF2AA,4.777777777777778,9
B008RD3MVQ,4.666666666666667,9
B00AQ4ZHR6,4.555555555555555,9
B008GWZHHK,4.444444444444445,9
B00B28CAUM,4.555555555555555,9
B0058RURVC,4.555555555555555,9
B0011NKQJK,4.444444444444445,9
B001PO49AC,4.111111111111111,9
B0011ZEW5W,4.888888888888889,9
B00593WQVE,4.333333333333333,9
B004RVFU6C,4.777777777777778,9
B003DV8C9O,4.222222222222222,9
B00G99SYEA,4.111111111111111,9
B00FZBMT1M,4.111111111111111,9
B004RZ262Y,4.888888888888889,9
B00G99SSGO,4.666666666666667,9
B00B78672O,4.666666666666667,9
B001Q88H0A,4.0,9
B00B6YZBLC,4.222222222222222,9
B00125HV3G,5.0,9
B004S7QDCA,4.333333333333333,9
B00885EDDY,4.222222222222222,9
B001LIHU44,4.888888888888889,9
B00FZ5F172,4.555555555555555,9
B004RS7RRA,4.555555555555555,9
B00AWS0PUU,4.444444444444445,9
B0051IRD92,4.0,9
B004RT3P3O,4.333333333333333,9
B00377WHHM,4.0,9
B003AC5RXK,4.333333333333333,9
B005AQC2E6,4.666666666666667,9
B00125X7GG,4.666666666666667,9
B00884VLJE,4.111111111111111,9
B008X7I234,5.0,9
B004S82WV0,4.666666666666667,9
B0011ZX8B6,4.0,9
B001Q1SZFY,4.888888888888889,9
B00596Y5SS,4.222222222222222,9
B0088V0DTQ,4.444444444444445,9
B008HRYMKC,4.555555555555555,9
B00B6L3298,4.222222222222222,9
B001M0XLA8,4.555555555555555,9
B0088W0958,4.555555555555555,9
B003E1BAHY,4.666666666666667,9
B001PV6OG2,4.444444444444445,9
B004W9BM52,4.333333333333333,9
B000Z63KTW,4.555555555555555,9
B003A675MW,4.333333333333333,9
B001Q24S4A,4.222222222222222,9
B00CEZ115C,4.777777777777778,9
B003E0WDRG,4.777777777777778,9
B00597SS0S,5.0,9
B001LUTZR2,4.111111111111111,9
B00597RGL0,4.777777777777778,9
B00APSTREW,4.444444444444445,9
B001U3W7FM,4.222222222222222,9
B000Z61RA6,4.555555555555555,9
B001Q3I462,4.222222222222222,9
B004WB8DUW,4.666666666666667,9
B00E3VINFQ,4.666666666666667,9
B0045YT85K,4.0,9
B005FEOFWK,4.888888888888889,9
B009L24YOG,4.777777777777778,9
B001E6P5NQ,4.333333333333333,9
B009L1L6BG,4.444444444444445,9
B004CF0KHW,4.333333333333333,9
B0040ZIW42,4.222222222222222,9
B0079QOG2G,4.666666666666667,9
B004CHNEF0,4.666666666666667,9
B0040Y4LIY,4.111111111111111,9
B0018QJFP6,4.888888888888889,9
B0018QI1DI,4.666666666666667,9
B0040V42AO,4.0,9
B002UGMOJW,4.333333333333333,9
B007A1YQZW,4.888888888888889,9
B009KVI444,4.666666666666667,9
B00BZO6YPU,4.888888888888889,9
B001E6RBF6,4.444444444444445,9
B00BNB38AO,4.666666666666667,9
B001E6SWRM,4.444444444444445,9
B001E6TWCQ,4.222222222222222,9
B001E6P3Q0,4.333333333333333,9
B004CDZ1AU,4.222222222222222,9
B0034EAEA0,4.333333333333333,9
B001E6OCO4,4.555555555555555,9
B004BXV38U,4.222222222222222,9
B004BZAGOA,4.666666666666667,9
B004BZEDJ4,4.666666666666667,9
B0041CW1CS,4.222222222222222,9
B0018SAIZ0,4.444444444444445,9
B00A0S7NMA,4.444444444444445,9
B0066SL56S,4.666666666666667,9
B0078PVPKO,4.777777777777778,9
B00669V454,4.333333333333333,9
B004C3DSSM,4.777777777777778,9
B002L9YLMG,4.666666666666667,9
B00662YWZ0,5.0,9
B0018RXISK,4.111111111111111,9
B002L9WH86,4.777777777777778,9
B00412P7XI,4.666666666666667,9
B0018RLR7E,4.0,9
B00BNMDS3A,4.888888888888889,9
B009KT8IPG,4.111111111111111,9
B004CNB2NA,4.0,9
B004CT6QMG,4.333333333333333,9
B00C0EMS1S,4.888888888888889,9
B009K6SWEQ,4.0,9
B001E72AOW,4.111111111111111,9
B002UPTP3Q,4.333333333333333,9
B001E763CW,4.666666666666667,9
B001E765SE,4.0,9
B001E767E6,4.555555555555555,9
B0018LACB2,4.555555555555555,9
B001E767V4,4.888888888888889,9
B007BYPCPG,4.333333333333333,9
B0018K3U1C,4.888888888888889,9
B00FFXZZG6,4.666666666666667,9
B001E725H4,4.444444444444445,9
B002KNID7M,4.444444444444445,9
B0064FTVZ0,4.888888888888889,9
B002KRN3LY,4.555555555555555,9
B0064T0ABU,4.444444444444445,9
B001E6UUG8,4.111111111111111,9
B00A21BCHW,4.333333333333333,9
B0064G7TJ4,4.777777777777778,9
B007AMR5MW,4.333333333333333,9
B002KPES56,4.333333333333333,9
B007AS8F4I,4.222222222222222,9
B0064DS3B0,4.444444444444445,9
B0040MM0AC,4.666666666666667,9
B0040MLX82,4.444444444444445,9
B0018SLSKE,4.777777777777778,9
B0041EG30C,5.0,9
B0068YL4NE,4.333333333333333,9
B00766WKTU,4.666666666666667,9
B0069VO7N0,5.0,9
B009ZFMJVE,5.0,9
B00199ABDW,4.0,9
B0041PVH7A,4.0,9
B002LHGM6Q,4.666666666666667,9
B009MMCYUQ,4.555555555555555,9
B004BLHIP4,4.666666666666667,9
B004BMIIEI,4.555555555555555,9
B0041PAKXC,5.0,9
B0041MUB52,4.444444444444445,9
B0068Z722A,4.0,9
B002LITTB0,4.555555555555555,9
B009Z48ODM,4.444444444444445,9
B00BXL21AM,4.444444444444445,9
B009MYO1GO,4.333333333333333,9
B0041TZVNM,4.555555555555555,9
B0075IVCJ8,4.555555555555555,9
B0041TG9VK,4.333333333333333,9
B002LMOJZ2,4.888888888888889,9
B002T8Z2HM,4.333333333333333,9
B00FE5NT90,4.333333333333333,9
B0019EOUEI,4.777777777777778,9
B001DQPA8C,4.0,9
B009MYO1GY,4.0,9
B004BCVAWA,4.111111111111111,9
B006BDCSLY,4.555555555555555,9
B006BCSAN0,4.888888888888889,9
B009MY0A78,4.111111111111111,9
B009MSM2RK,4.555555555555555,9
B0019CVT44,5.0,9
B002TEKA9Q,4.555555555555555,9
B006AZEXPM,4.555555555555555,9
B001DU7M48,4.111111111111111,9
B0068Z71XU,4.777777777777778,9
B00196924O,4.888888888888889,9
B002LBNCXS,4.777777777777778,9
B007799X8W,4.0,9
B00684HUYG,4.666666666666667,9
B0041LQV3Y,4.333333333333333,9
B0041KMK1C,4.666666666666667,9
B0018ZF3D0,5.0,9
B0041K7NG4,4.333333333333333,9
B0077QVKB8,4.333333333333333,9
B002TYL9OQ,4.111111111111111,9
B001E23ZV4,4.888888888888889,9
B0067YU2L0,4.777777777777778,9
B001E27F2Y,4.555555555555555,9
B001E2ILZE,4.333333333333333,9
B0077S32GW,4.777777777777778,9
B001E40BEG,4.222222222222222,9
B0067N5XS8,4.222222222222222,9
B0077SO5ZY,4.444444444444445,9
B009LYXUGW,4.555555555555555,9
B002LDPC6G,4.333333333333333,9
B0076WS458,4.666666666666667,9
B002TSB0JG,4.444444444444445,9
B001E0VWQQ,4.777777777777778,9
B009M93STA,4.777777777777778,9
B009M8UJWA,4.111111111111111,9
B00A01905U,4.111111111111111,9
B004BRN154,4.777777777777778,9
B004BRSBOA,4.444444444444445,9
B001E0XS9K,4.333333333333333,9
B002TUU1S0,4.333333333333333,9
B002TW8ASQ,4.333333333333333,9
B002TUU1SU,4.555555555555555,9
B0068DBQ1K,4.555555555555555,9
B002LE4SBA,4.555555555555555,9
B00770OUUM,4.333333333333333,9
B00770PKO2,4.111111111111111,9
B001E0ZSOI,4.555555555555555,9
B00771UGV8,4.666666666666667,9
B00EZI0IGO,4.111111111111111,9
B002LDY5HS,5.0,9
B00FFXZZV6,5.0,9
B0063I1R2I,4.777777777777778,9
B002I7N4B0,5.0,9
B004EBVG3G,4.222222222222222,9
B002IGE2ZS,4.333333333333333,9
B005ZGNUJC,4.444444444444445,9
B00A509LUK,4.777777777777778,9
B001ECQ4N0,4.777777777777778,9
B007GX5VEO,4.111111111111111,9
B0017TZLL6,4.0,9
B005Z1ZZBI,4.0,9
B00BLOINNK,4.888888888888889,9
B004EQF0MY,4.333333333333333,9
B005YQIQEW,4.777777777777778,9
B005YKQELA,4.888888888888889,9
B005YERTEC,4.111111111111111,9
B007HF4CWS,4.444444444444445,9
B004EBE5ZC,4.888888888888889,9
B002VPACWS,4.111111111111111,9
B00BM2PJ74,4.0,9
B001821EB8,4.222222222222222,9
B003ZS4SR0,4.0,9
B00181WD6O,4.222222222222222,9
B009I2NS2I,5.0,9
B00180UPII,4.222222222222222,9
B003ZNPRJI,4.444444444444445,9
B001805ZII,4.555555555555555,9
B009HU5E00,4.777777777777778,9
B001E96OFG,4.888888888888889,9
B002VIXED4,4.222222222222222,9
B00BM1WC98,4.333333333333333,9
B00BM1V11S,4.111111111111111,9
B004E67TM8,5.0,9
B002IM1XW2,4.555555555555555,9
B0017YX7YE,4.555555555555555,9
B001EB4X70,4.777777777777778,9
B007GGPME0,4.444444444444445,9
B0017SE1J0,4.111111111111111,9
B007FQONMS,4.333333333333333,9
B009H9GG6C,4.666666666666667,9
B003Z3KHU2,5.0,9
B002W701F8,4.666666666666667,9
B005X6MNU6,4.111111111111111,9
B00BKUHKPW,4.111111111111111,9
B001EJOPKW,4.777777777777778,9
B002HTX8XI,4.0,9
B00A6TTX9Y,4.444444444444445,9
B005WH2D10,4.333333333333333,9
B002HRENP2,4.333333333333333,9
B001ENSQSK,4.555555555555555,9
B007I6Z4L4,4.777777777777778,9
B003YMLKAU,4.555555555555555,9
B003YMDB48,4.555555555555555,9
B002HZ979Q,4.444444444444445,9
B004FCMQME,4.333333333333333,9
B004FB1YKK,4.0,9
B005XRZX1G,4.222222222222222,9
B007HKO692,4.777777777777778,9
B002VWL2L6,4.222222222222222,9
B00FIQT78W,4.444444444444445,9
B002VZY7RO,4.888888888888889,9
B002W135FM,4.444444444444445,9
B007HLWO0E,5.0,9
B002W2BQAM,4.555555555555555,9
B002HZXFLC,4.444444444444445,9
B005XQ8AI0,4.444444444444445,9
B003Z4AJEA,4.666666666666667,9
B007HPDMT2,4.444444444444445,9
B009H4030W,4.555555555555555,9
B002W4IJI2,4.888888888888889,9
B004DQ3TZU,4.444444444444445,9
B0018IYPVI,4.555555555555555,9
B001E7BGXI,4.888888888888889,9
B007D5RDKK,4.0,9
B0018C1FKI,4.333333333333333,9
B004DBC15E,4.111111111111111,9
B0018C0HJI,4.0,9
B004DBGVJ6,4.555555555555555,9
B002V63CBA,4.666666666666667,9
B003ZYOUAE,4.444444444444445,9
B004DC3CR4,4.111111111111111,9
B0018BWOH2,4.333333333333333,9
B009IT8KA6,4.0,9
B00629MMBI,5.0,9
B007EF59RS,4.555555555555555,9
B00C0YP71Q,4.444444444444445,9
B002UUT446,4.555555555555555,9
B001E76A5M,4.555555555555555,9
B0063FK83U,4.888888888888889,9
B00401U8AC,4.555555555555555,9
B00401T1VE,4.444444444444445,9
B004D2PNXK,4.555555555555555,9
B0062WFC6C,4.111111111111111,9
B004D52PQA,4.444444444444445,9
B004014RKY,4.555555555555555,9
B0062W4VWS,4.222222222222222,9
B004D59HAW,4.0,9
B002UWZC90,4.111111111111111,9
B00DJVF764,4.444444444444445,9
B004D8PINY,4.666666666666667,9
B009IRONN6,4.0,9
B00A3CUP9G,4.333333333333333,9
B00FH5RD0S,4.222222222222222,9
B003ZW2DN2,4.0,9
B00613KK96,4.0,9
B002VECIEO,4.555555555555555,9
B002J785I6,4.888888888888889,9
B002VECJA2,4.666666666666667,9
B002VECJBG,4.222222222222222,9
B004DPDS8E,4.444444444444445,9
B004DPHC1S,4.444444444444445,9
B003ZU0FHA,4.555555555555555,9
B00A3ZRXK2,4.555555555555555,9
B007FKOYKA,4.555555555555555,9
B003ZTT2VQ,4.888888888888889,9
B002VECJXY,4.888888888888889,9
B003ZYGQZ6,5.0,9
B00A3DITCU,4.111111111111111,9
B007EHSBZ8,4.222222222222222,9
B004DGK40S,4.333333333333333,9
B00FGVJB1W,4.777777777777778,9
B00620LW4K,4.888888888888889,9
B001E96L0Y,4.666666666666667,9
B002JKZTLE,5.0,9
B002VBJUSE,4.666666666666667,9
B002JKD5ME,4.0,9
B00186NJ1M,4.222222222222222,9
B009IROCIC,4.111111111111111,9
B002VBLTOM,4.222222222222222,9
B002JK5DI8,4.111111111111111,9
B003ZW7L70,4.888888888888889,9
B009IQJTTA,4.333333333333333,9
B007F357HQ,4.222222222222222,9
B003ZW3E3A,4.555555555555555,9
B002JFEM6W,4.777777777777778,9
B007F3EDQW,4.555555555555555,9
B001DMMDJA,4.888888888888889,9
B002T6TWV6,4.111111111111111,9
B001ASY98A,5.0,9
B006WVDYHW,4.111111111111111,9
B006WZ8RJS,4.222222222222222,9
B006ONKI18,5.0,9
B002OP8S3A,4.888888888888889,9
B006OHM3V2,4.777777777777778,9
B00474ORXQ,4.444444444444445,9
B00BR15NVC,4.0,9
B001C18ZWG,4.555555555555555,9
B006NZPQGE,4.333333333333333,9
B00F4LZXCK,4.555555555555555,9
B002OHE7RO,4.555555555555555,9
B001BS8FWU,4.666666666666667,9
B00F52WZO2,4.555555555555555,9
B001BQ7ZNM,4.111111111111111,9
B00452YPKK,4.444444444444445,9
B001BOTVZ4,4.222222222222222,9
B001AY54VA,4.111111111111111,9
B00F5GZQ76,4.333333333333333,9
B0044WWB8O,4.333333333333333,9
B0044V76W6,5.0,9
B0044UOAGW,4.222222222222222,9
B002RDFEE0,4.333333333333333,9
B0044UKDAY,4.555555555555555,9
B0044TTR6Q,4.444444444444445,9
B002P5Z904,4.222222222222222,9
B00DDSDXG4,4.222222222222222,9
B001AWZ5MU,4.222222222222222,9
B0044FI1E4,4.111111111111111,9
B001AWJJOK,4.222222222222222,9
B006OUG3C4,4.111111111111111,9
B006WFMS7K,4.444444444444445,9
B006NS5E9A,4.444444444444445,9
B0047A55PO,4.222222222222222,9
B006PGN4RO,4.555555555555555,9
B00BTWJAM2,4.333333333333333,9
B001ANN4YA,4.444444444444445,9
B0047HGCYU,5.0,9
B009QNJN1E,4.777777777777778,9
B006Z76WWC,4.555555555555555,9
B009QGOH44,4.666666666666667,9
B006LRMI5G,4.555555555555555,9
B001AMOKP8,4.444444444444445,9
B002RT716I,4.666666666666667,9
B001AMMSIY,4.444444444444445,9
B002RT71KE,5.0,9
B001CJE0K4,4.555555555555555,9
B006ZE8SWC,4.888888888888889,9
B002RT71R2,4.111111111111111,9
B0043JIFCY,4.444444444444445,9
B00BQHHZ4U,4.0,9
B0043G7TLK,4.555555555555555,9
B006ZYH4SG,4.333333333333333,9
B0047G6T6M,5.0,9
B002NZ6KJU,4.444444444444445,9
B009QZ61MQ,4.111111111111111,9
B001C4WL2I,4.111111111111111,9
B006X42XXY,4.444444444444445,9
B001ARY6Z2,4.444444444444445,9
B00BQYF220,4.555555555555555,9
B002RS6JN0,4.888888888888889,9
B001C7H40E,4.111111111111111,9
B006XFDOEU,4.0,9
B0047DLJLK,4.555555555555555,9
B001CB1YE2,4.888888888888889,9
B002O0YQYK,4.0,9
B001CB2VVW,4.333333333333333,9
B0047DTIVS,4.111111111111111,9
B006MLH9G4,4.444444444444445,9
B0043RKN94,4.333333333333333,9
B001CBHDJ2,5.0,9
B009TQOJMQ,5.0,9
B006W0Q0SS,4.777777777777778,9
B001AKOH3K,4.333333333333333,9
B002Q61YU6,4.222222222222222,9
B002Q5Y4BS,4.222222222222222,9
B006U08AUG,4.111111111111111,9
B006RLU4YI,4.222222222222222,9
B001B4HEDK,4.333333333333333,9
B0046773RQ,4.333333333333333,9
B009S7HH3Y,4.333333333333333,9
B001B3PL5Y,4.555555555555555,9
B001B31UQS,4.0,9
B009S6QIYY,4.444444444444445,9
B001B2S2WE,4.777777777777778,9
B009S3USFW,4.777777777777778,9
B00467D0ZK,4.0,9
B006RHYSNA,4.333333333333333,9
B002PYPJBE,4.444444444444445,9
B0045K9Y94,4.333333333333333,9
B002PYBCMO,4.333333333333333,9
B002PUDUJQ,4.333333333333333,9
B001B2N0DU,4.222222222222222,9
B001BAKTN6,4.111111111111111,9
B001BAHESE,4.222222222222222,9
B002QFFOUI,4.555555555555555,9
B006T8BWOK,4.555555555555555,9
B001B8A9D8,4.444444444444445,9
B001B8LQBW,4.333333333333333,9
B006T2YY0U,4.111111111111111,9
B006STZFN4,4.333333333333333,9
B00DBH4CVC,4.333333333333333,9
B00DB7CGAG,4.777777777777778,9
B004667U6Q,4.777777777777778,9
B006SM1116,4.333333333333333,9
B002QDUL0S,4.0,9
B001B7G1XG,4.777777777777778,9
B00464ATZ2,4.222222222222222,9
B00DC79GNU,4.777777777777778,9
B006RGMF9K,4.0,9
B009ROAE56,4.222222222222222,9
B006UETD7G,4.333333333333333,9
B001B0SL4A,4.888888888888889,9
B002R0ECPU,4.333333333333333,9
B006VDHQWU,4.888888888888889,9
B0046KIRNC,4.333333333333333,9
B0046KN12O,4.222222222222222,9
B006VDWCY2,4.333333333333333,9
B001BLEL2U,4.111111111111111,9
B00456T4UM,4.111111111111111,9
B006QHXDX2,4.666666666666667,9
B006QC2TCS,4.333333333333333,9
B001AZJVH2,5.0,9
B006QAESSI,5.0,9
B006VPXCHQ,4.666666666666667,9
B006VR5AF6,4.777777777777778,9
B006Q7F8IU,4.444444444444445,9
B0046QDPZG,4.444444444444445,9
B006PKU9XC,4.111111111111111,9
B00BSZP46Q,4.0,9
B006UYBPP4,4.777777777777778,9
B00BRN62GK,4.888888888888889,9
B0045ECMJY,4.444444444444445,9
B00DAMWB4I,4.111111111111111,9
B00F6DYOXA,4.444444444444445,9
B001B1TZSK,4.888888888888889,9
B0046F2TF4,4.777777777777778,9
B006R5HV4A,4.222222222222222,9
B006R1MM2A,4.0,9
B006UJPEVK,4.777777777777778,9
B006R1FKJ2,4.333333333333333,9
B00BRON7NK,4.222222222222222,9
B001BKLLWY,4.777777777777778,9
B0045E99WM,4.555555555555555,9
B006R0CO3I,4.777777777777778,9
B0046KG888,4.0,9
B00BSZOE44,4.333333333333333,9
B006US0NIU,4.888888888888889,9
B002PHX9AE,4.555555555555555,9
B009RUR5BG,4.666666666666667,9
B006ZYZ8S4,4.666666666666667,9
B009N3SM4Q,4.555555555555555,9
B001D5CG9E,4.444444444444445,9
B0019YY106,4.222222222222222,9
B002MGYH40,4.222222222222222,9
B001D08V84,4.777777777777778,9
B0019XZ57K,5.0,9
B0073HYUS6,4.111111111111111,9
B0019WY2F2,4.333333333333333,9
B00F2RAXA8,4.555555555555555,9
B006GEMJTE,4.777777777777778,9
B0042C4RB0,4.111111111111111,9
B002M9UMF0,4.444444444444445,9
B00BWFW6C2,4.666666666666667,9
B006G4ZEWI,4.111111111111111,9
B00F2JS61O,5.0,9
B002SVJ6EK,4.666666666666667,9
B0019UXQV0,4.111111111111111,9
B0042ALR2O,4.0,9
B002M6T4X4,4.0,9
B006G34YDY,4.222222222222222,9
B00DGOP4TY,4.555555555555555,9
B002ML7HZQ,4.333333333333333,9
B002MLDTN0,4.333333333333333,9
B006GU8QUY,4.888888888888889,9
B00F36SB8Y,4.555555555555555,9
B002MV4362,4.111111111111111,9
B0042NOW8C,4.111111111111111,9
B002MTBL8W,4.222222222222222,9
B0049XBC42,4.111111111111111,9
B0042LV92Q,4.111111111111111,9
B0049ZJ2Q0,4.555555555555555,9
B001CYRGT6,4.0,9
B009O2AVVI,4.666666666666667,9
B006GTEOZG,4.444444444444445,9
B002MQ6ZM2,4.111111111111111,9
B002SPVKVS,4.666666666666667,9
B009X0P1BG,4.222222222222222,9
B00D7GYBY0,4.333333333333333,9
B004A26OI6,5.0,9
B0042IWEV4,4.0,9
B0042I6XYS,4.444444444444445,9
B004AAIH0Q,4.555555555555555,9
B006FY1NX8,4.555555555555555,9
B006H9J1RG,4.111111111111111,9
B00429ZZYQ,4.555555555555555,9
B0074VJ1X0,4.111111111111111,9
B0019KXJMQ,4.222222222222222,9
B00DH5RRV0,4.333333333333333,9
B0074ZZO4G,5.0,9
B00BWT8RNA,4.666666666666667,9
B004AUIDUA,4.111111111111111,9
B00BWTGRNW,4.666666666666667,9
B004AVIEOE,4.666666666666667,9
B0075BT36Y,4.555555555555555,9
B0075CNTCM,5.0,9
B0041Y8PEE,4.777777777777778,9
B006CV0QC8,4.111111111111111,9
B00BX60938,5.0,9
B00F18VX7K,4.333333333333333,9
B001DLGXI8,5.0,9
B002LU0H4G,4.0,9
B0074NV31Q,4.888888888888889,9
B001DD2GRI,4.888888888888889,9
B009XJ4HK8,4.0,9
B00DGXDKZU,4.0,9
B00429W1RU,4.555555555555555,9
B002M34L44,4.666666666666667,9
B001DCBJYK,5.0,9
B001DCBSQY,4.444444444444445,9
B002SZBWEI,4.111111111111111,9
B001DCX0WO,4.333333333333333,9
B0074NF2LS,4.444444444444445,9
B002M0DKNU,4.555555555555555,9
B006F67Z10,4.666666666666667,9
B006F63O4C,4.111111111111111,9
B0074CM0U0,4.222222222222222,9
B002T4UZ5U,4.0,9
B00BOU8N5Y,4.444444444444445,9
B0074NDF26,4.111111111111111,9
B001CY9J4Q,4.666666666666667,9
B006H9LH1O,4.333333333333333,9
B00702GTI8,4.333333333333333,9
B00718GF9O,4.555555555555555,9
B00435HNLC,4.777777777777778,9
B006JYMPUO,4.444444444444445,9
B001CL9XJ0,4.555555555555555,9
B00BV5EWCA,4.333333333333333,9
B002NGWBG0,5.0,9
B00433N8U4,4.555555555555555,9
B004887ZVM,4.444444444444445,9
B001COWO2A,4.666666666666667,9
B0071LIMFG,4.777777777777778,9
B002NGLVQ6,4.777777777777778,9
B001ADQURI,4.666666666666667,9
B004335JXS,4.0,9
B00BV90WPC,4.222222222222222,9
B001CL82XI,4.888888888888889,9
B006K4B3L0,4.555555555555555,9
B002NQ99VK,4.555555555555555,9
B00BQEN1GY,4.111111111111111,9
B00BQDF1T0,4.444444444444445,9
B0043C3ZN0,4.888888888888889,9
B001AIVRE4,4.777777777777778,9
B0070B49AO,4.222222222222222,9
B001CKBHVI,4.333333333333333,9
B004387G84,4.555555555555555,9
B002RTS0SG,4.444444444444445,9
B001CL2L9E,4.555555555555555,9
B006K5KJJ6,4.777777777777778,9
B00435JPCM,4.666666666666667,9
B002RTTYVS,4.444444444444445,9
B006KHBPUG,4.666666666666667,9
B001ADOUHK,4.444444444444445,9
B0072XROKW,4.555555555555555,9
B0049IF2F2,4.111111111111111,9
B002N3U6NS,4.777777777777778,9
B00D86VGYC,4.555555555555555,9
B00BPMTZF8,4.444444444444445,9
B002SFZ6X6,4.0,9
B0072JBYQG,4.777777777777778,9
B0072JC7WG,5.0,9
B00FCCIJXQ,4.888888888888889,9
B00D82KHL4,4.888888888888889,9
B00D7XHRY4,4.666666666666667,9
B0049KMPCI,4.0,9
B00BVPFH3I,4.666666666666667,9
B001CVBEF6,4.111111111111111,9
B0042QTSK6,4.111111111111111,9
B002MYSNKG,4.444444444444445,9
B00BVXJFKQ,4.111111111111111,9
B006HAQ62S,4.555555555555555,9
B001CWOWLI,4.888888888888889,9
B001CWV5I6,4.222222222222222,9
B001A7YGSO,4.333333333333333,9
B001CT099U,4.333333333333333,9
B006IJHTHE,4.555555555555555,9
B009P4EAF8,4.111111111111111,9
B002NCVIQ8,4.222222222222222,9
B009P3CNMQ,4.888888888888889,9
B0048JBYG8,4.222222222222222,9
B009P3C722,4.555555555555555,9
B00DG9IW8E,4.444444444444445,9
B00BPPRJ2G,4.666666666666667,9
B009P0I63O,4.333333333333333,9
B001A8EI2W,4.444444444444445,9
B002N5MKDU,4.777777777777778,9
B006II4U3G,5.0,9
B006IFV1O0,4.888888888888889,9
B001A9Z74Y,4.444444444444445,9
B00FBRTZ76,4.444444444444445,9
B007242FCI,4.888888888888889,9
B001CT08BE,4.888888888888889,9
B004FKFHE0,4.0,9
B00BKNZ6SC,4.222222222222222,9
B005VUH7HI,5.0,9
B001G7PNSA,4.666666666666667,9
B0030XBYDG,4.777777777777778,9
B004KTCGRM,4.888888888888889,9
B00150GNJ6,4.333333333333333,9
B007W177E2,4.777777777777778,9
B0030ZE40E,4.444444444444445,9
B007W17KM6,4.555555555555555,9
B003SS4MUK,4.666666666666667,9
B003SS2E14,4.666666666666667,9
B007W255HW,4.222222222222222,9
B003SMTVFW,4.0,9
B007W4ZFSO,4.666666666666667,9
B00312F7XY,4.222222222222222,9
B0014ZWGFW,4.333333333333333,9
B001G7PM4U,4.444444444444445,9
B00AFCOV8A,4.888888888888889,9
B0014YT8DG,4.333333333333333,9
B003156NP2,4.444444444444445,9
B003SSGTFQ,4.777777777777778,9
B002BU8H7U,4.888888888888889,9
B00152780W,4.111111111111111,9
B007VJ5BKC,4.444444444444445,9
B00C8IO6O8,4.666666666666667,9
B002BWVLB2,4.666666666666667,9
B001G737E2,4.444444444444445,9
B004KRYM9O,4.666666666666667,9
B005JLLDVA,4.666666666666667,9
B002BWOY5M,5.0,9
B007VG5592,4.777777777777778,9
B001G7PIXU,5.0,9
B007VNL0ZI,4.555555555555555,9
B005JHBDU0,4.555555555555555,9
B001G7PIIU,4.888888888888889,9
B0014YC61C,5.0,9
B003SEAGVI,4.444444444444445,9
B00CXTM6TY,4.666666666666667,9
B007WG4CUO,4.555555555555555,9
B001G7QZ4G,4.888888888888889,9
B007X0VBGC,4.888888888888889,9
B0031LM9LS,4.666666666666667,9
B007X1X7TU,4.222222222222222,9
B001G7R3YW,5.0,9
B004L5UQTU,4.111111111111111,9
B00AFYJ1IS,4.222222222222222,9
B0095EIJ78,4.777777777777778,9
B00EQ4X1AW,4.222222222222222,9
B00AFYXGFM,4.555555555555555,9
B004L93918,4.666666666666667,9
B00CWM0CA2,4.555555555555555,9
B00CWLI1W4,4.666666666666667,9
B00EQ2MGAA,4.888888888888889,9
B005IU0J0I,4.0,9
B007WUANMQ,4.777777777777778,9
B007WRXOXE,4.333333333333333,9
B00AFITEIQ,4.0,9
B0014XAMBO,5.0,9
B00316DIM2,5.0,9
B00C9C4EEU,4.555555555555555,9
B005J34G8A,4.111111111111111,9
B004KXJRCK,4.777777777777778,9
B001G7PTV6,4.444444444444445,9
B005IYPUYY,5.0,9
B0031AYS1I,4.444444444444445,9
B004KXSBYA,4.777777777777778,9
B005IVZ54M,4.777777777777778,9
B002BHDTW6,4.777777777777778,9
B005JQQI60,4.111111111111111,9
B003T1UG0Q,4.444444444444445,9
B005IHECV8,4.0,9
B007TSKOX4,4.222222222222222,9
B001FWXHCA,4.111111111111111,9
B007T432SC,4.111111111111111,9
B003U5CKDM,5.0,9
B0015GMTDE,4.444444444444445,9
B005LD7LQ2,4.0,9
B007TASM1I,4.333333333333333,9
B004K9FA8Y,4.666666666666667,9
B001FWXIEC,4.0,9
B002CKYZSY,4.111111111111111,9
B001FWXIKQ,4.111111111111111,9
B00DR8UWBO,4.888888888888889,9
B005L8VNNY,4.0,9
B001FWXIRO,4.444444444444445,9
B003U0IJSM,4.777777777777778,9
B007TOKUNM,4.666666666666667,9
B00BF61VZG,4.333333333333333,9
B002ZZ2LZA,4.444444444444445,9
B004K4LIIU,4.555555555555555,9
B004K0MVR6,4.0,9
B0015Q0RP6,4.444444444444445,9
B005LZUP36,5.0,9
B005LYRWM4,4.0,9
B00BFW90VM,4.777777777777778,9
B002CMLS82,4.0,9
B0015NQO9M,4.222222222222222,9
B004JZNK72,4.111111111111111,9
B004JZNKCM,4.333333333333333,9
B003UFKBZG,4.111111111111111,9
B0015LCFTC,4.333333333333333,9
B002CMLHBU,4.444444444444445,9
B001FWXH34,4.888888888888889,9
B005LPU6LC,4.0,9
B004K0ODZY,4.444444444444445,9
B003UBL39I,4.555555555555555,9
B0015KBM0Q,5.0,9
B00C7OK6C4,4.0,9
B0015IL5IW,4.222222222222222,9
B00BF23ETQ,4.0,9
B0015B37QW,4.333333333333333,9
B005K1TNBG,4.0,9
B00155T45Q,4.222222222222222,9
B003TL5MDC,4.222222222222222,9
B004KQLCWU,4.777777777777778,9
B005JX36NG,4.555555555555555,9
B004KRXB7I,4.666666666666667,9
B001G5432O,4.444444444444445,9
B004KRXCFE,4.0,9
B003TJ691I,4.777777777777778,9
B0030IMV3I,4.0,9
B007UZO2N4,4.444444444444445,9
B007V1HBXU,4.444444444444445,9
B002BXE0I2,5.0,9
B00153965G,4.666666666666667,9
B002BX0F7C,5.0,9
B001535CUY,4.444444444444445,9
B005JRGH0Q,4.888888888888889,9
B003TO1OWW,4.555555555555555,9
B00DRMEN4C,4.555555555555555,9
B00979C2WY,4.222222222222222,9
B001FWXMJI,4.444444444444445,9
B0030AGYF2,4.555555555555555,9
B001FWXMQG,4.0,9
B00AED70VU,4.444444444444445,9
B005KS3XM4,4.555555555555555,9
B00AEGCAOE,5.0,9
B00158UIY4,4.333333333333333,9
B004KHOSAM,4.222222222222222,9
B003TP111U,4.333333333333333,9
B0030EFZT4,4.777777777777778,9
B005KAVY2S,5.0,9
B00FOQXU6Q,5.0,9
B003TP6H9Q,4.888888888888889,9
B00157GT0W,4.666666666666667,9
B001G2EI7M,4.444444444444445,9
B003203ACA,4.333333333333333,9
B0014JM2I4,4.888888888888889,9
B0013OFRKA,4.222222222222222,9
B00BCOLYMQ,4.444444444444445,9
B0080I5RYS,4.222222222222222,9
B005GEZGSQ,4.555555555555555,9
B0013TL7O0,4.555555555555555,9
B00BCNY17M,4.0,9
B00CAU4DHE,4.111111111111111,9
B0080K41RK,4.666666666666667,9
B005GBDI9S,4.444444444444445,9
B0080KLXR6,4.888888888888889,9
B00CAUJFZ4,5.0,9
B004N1BZ24,4.111111111111111,9
B003OZ92AM,4.888888888888889,9
B005G801DW,4.555555555555555,9
B0080SCRA0,5.0,9
B005G4ACZS,5.0,9
B0013URQPI,4.444444444444445,9
B001HV2QLC,4.111111111111111,9
B004MS67A8,4.111111111111111,9
B002AEZBRQ,4.0,9
B00140VELY,4.666666666666667,9
B002ACMNPQ,4.555555555555555,9
B001HGI3ZA,4.222222222222222,9
B002ACIA3U,4.666666666666667,9
B0033M4YPY,4.222222222222222,9
B005GIORZ0,4.0,9
B00804EIB0,4.444444444444445,9
B00805EAI0,4.777777777777778,9
B00AIEMZ3I,4.333333333333333,9
B008074JH0,4.777777777777778,9
B005GLK1Y8,4.444444444444445,9
B00809ERAM,4.333333333333333,9
B0013V9X08,4.333333333333333,9
B001HTHIPI,4.444444444444445,9
B0080FFDVS,4.333333333333333,9
B0013NYBP8,4.333333333333333,9
B002AF3GG8,4.777777777777778,9
B003OS490W,4.111111111111111,9
B005FPM01M,4.888888888888889,9
B0081PEO0S,4.333333333333333,9
B005FP4RDG,4.222222222222222,9
B005FNVGSW,4.888888888888889,9
B00295J80W,4.222222222222222,9
B00CBGAYR0,4.888888888888889,9
B00AK0UH5I,4.0,9
B001IYUR0A,4.666666666666667,9
B005FLNLM8,4.0,9
B00BC40U8U,4.666666666666667,9
B0091XMFF0,4.666666666666667,9
B0081S5OOA,4.222222222222222,9
B00CTQ0EUY,4.777777777777778,9
B00ENNSBX8,4.888888888888889,9
B001J34EIG,4.111111111111111,9
B0028YAJZ2,4.444444444444445,9
B005FG6PIA,4.777777777777778,9
B0029BCAR4,5.0,9
B004NJMFEI,4.777777777777778,9
B004ND6DCO,4.222222222222222,9
B008191D30,4.777777777777778,9
B001IAR77A,4.888888888888889,9
B005G2F1XS,4.555555555555555,9
B0013N8988,4.555555555555555,9
B004NH2YRS,4.333333333333333,9
B0013N0GLQ,4.222222222222222,9
B004NHUKUG,4.666666666666667,9
B0081GQ5K4,4.333333333333333,9
B001HBL9R4,4.888888888888889,9
B00CAKJEHI,4.777777777777778,9
B00BDJPK9S,4.555555555555555,9
B003Q3MSXU,5.0,9
B002B4JOM8,4.333333333333333,9
B00CW0O31S,4.777777777777778,9
B003QKO0PW,4.666666666666667,9
B004LRO7FM,4.888888888888889,9
B004LT0CA4,4.666666666666667,9
B005HTM7SM,4.555555555555555,9
B0032EXQYI,4.333333333333333,9
B004LTGPBO,4.777777777777778,9
B00EP9A2S2,4.111111111111111,9
B005HP2L3C,4.666666666666667,9
B005HNXLBU,4.777777777777778,9
B001GSM4OK,4.0,9
B005HNXJ6M,4.333333333333333,9
B007XUJ4WU,4.444444444444445,9
B0032HKMRO,4.111111111111111,9
B0094Q77PW,4.888888888888889,9
B001GLCABE,4.444444444444445,9
B002B4ME2A,4.777777777777778,9
B005IEKIYG,4.777777777777778,9
B007XCCH8G,4.222222222222222,9
B0014IZA02,4.333333333333333,9
B001GEDO7K,4.0,9
B00AG1CEBG,4.888888888888889,9
B001GEP874,4.444444444444445,9
B004LD08ZO,4.555555555555555,9
B003QUCV80,4.222222222222222,9
B007XDB7RC,4.888888888888889,9
B003QTFAX4,4.666666666666667,9
B007XKF64K,4.555555555555555,9
B005IDC5CU,4.444444444444445,9
B00AG979BS,4.444444444444445,9
B0014FBJ14,4.888888888888889,9
B00BDJDZJA,4.666666666666667,9
B0014F6AS6,4.0,9
B0014E8W7O,4.444444444444445,9
B0014E064Q,4.666666666666667,9
B00BDJ7YSI,5.0,9
B0032IHSJS,4.777777777777778,9
B002ANPF50,4.666666666666667,9
B00AI8C066,4.888888888888889,9
B003Q226HE,4.111111111111111,9
B009409P1W,4.666666666666667,9
B00BD3QL8S,4.333333333333333,9
B0032W8WIA,4.0,9
B001H66RL2,4.444444444444445,9
B003PR0O5Q,4.222222222222222,9
B001H7WOMM,4.888888888888889,9
B005H3TH1S,4.0,9
B004MAPK2W,4.666666666666667,9
B005H2SK2G,4.555555555555555,9
B007ZH2AW2,4.888888888888889,9
B002ALPQ92,5.0,9
B001H96200,4.444444444444445,9
B0093H8LCU,4.666666666666667,9
B003PGH5O0,4.111111111111111,9
B001H9NQNG,4.333333333333333,9
B001HALYIE,4.222222222222222,9
B00940T9C2,4.666666666666667,9
B007YQUSRI,4.0,9
B00DT6MWRQ,4.666666666666667,9
B004M0SO2U,4.777777777777778,9
B004LXJOEK,4.333333333333333,9
B0094BKAE2,4.0,9
B002AMUI9Y,4.555555555555555,9
B002AMUGLO,4.444444444444445,9
B0032PSU9S,4.666666666666667,9
B005HA91YO,4.888888888888889,9
B00FRDPRDK,4.0,9
B001H53KN6,4.333333333333333,9
B00CAENJZC,4.222222222222222,9
B005H8C4ZE,4.555555555555555,9
B00AHHY5SY,4.777777777777778,9
B004M4DT9O,4.555555555555555,9
B00C7G957O,5.0,9
B005M1ZAXY,4.777777777777778,9
B001EO5WZE,4.333333333333333,9
B002G6YGLU,4.444444444444445,9
B002GN6QIY,4.444444444444445,9
B003XMPJ2G,4.555555555555555,9
B001ET78C4,4.222222222222222,9
B00C40PSHO,4.888888888888889,9
B00A8K3CN4,4.444444444444445,9
B005T0EVGK,4.666666666666667,9
B00C41DH8U,4.444444444444445,9
B005SRT86C,4.666666666666667,9
B009DP0L34,4.111111111111111,9
B001ET7AOA,4.555555555555555,9
B001ET7BD0,4.222222222222222,9
B003XFBLVQ,4.0,9
B002G76LQM,4.444444444444445,9
B007MLDQI8,4.111111111111111,9
B009DHNY90,4.111111111111111,9
B007MFTSRC,4.222222222222222,9
B00A87CW0G,4.666666666666667,9
B0017D1US0,4.333333333333333,9
B007L860JY,4.222222222222222,9
B002GUJV2K,4.666666666666667,9
B007L9DRXK,4.888888888888889,9
B007LB4NK4,4.333333333333333,9
B001ET77SO,4.555555555555555,9
B005TD24S4,4.888888888888889,9
B007MCLQKW,4.444444444444445,9
B003XQ92B6,4.555555555555555,9
B007LQAQ3M,4.0,9
B005T79TYW,4.222222222222222,9
B00178MHNM,4.111111111111111,9
B00178HQ2O,4.888888888888889,9
B007M5MRK2,5.0,9
B001ET789W,4.555555555555555,9
B001ET78A6,5.0,9
B00175S7T8,4.555555555555555,9
B003XD3ATY,4.777777777777778,9
B005REN4BQ,4.888888888888889,9
B003WZ2FUI,4.666666666666667,9
B004GRUFAS,4.444444444444445,9
B009D7IK26,5.0,9
B002XQ1TK4,4.444444444444445,9
B002FOAWL6,4.333333333333333,9
B005QZXBD2,4.555555555555555,9
B007NNGAAQ,4.444444444444445,9
B00C4XVD70,4.555555555555555,9
B0016PTY7S,4.0,9
B003WR82UI,4.333333333333333,9
B009CUENXO,4.666666666666667,9
B005Q8OX6I,4.333333333333333,9
B00A9YL7X6,4.111111111111111,9
B005RGOVJS,4.666666666666667,9
B002XQ1SS2,4.555555555555555,9
B00BJ2VJGC,4.333333333333333,9
B002G5FSQI,4.444444444444445,9
B001ET7E8M,5.0,9
B002XQ1R7E,4.222222222222222,9
B007N1DEYI,4.111111111111111,9
B00172GLJ4,4.111111111111111,9
B003X85KEC,4.888888888888889,9
B005S4H35I,4.0,9
B00171OPPW,4.0,9
B004GMJMC0,4.222222222222222,9
B005ROU5U4,4.777777777777778,9
B0017194XA,4.111111111111111,9
B0017138WI,4.777777777777778,9
B009D9O8T8,4.222222222222222,9
B007NIVH2M,4.444444444444445,9
B005TKTHBY,4.222222222222222,9
B00C519EOA,4.111111111111111,9
B003Y7D0HQ,4.555555555555555,9
B007JAOC1W,4.333333333333333,9
B003YDFHGW,4.666666666666667,9
B001ET6WNK,4.555555555555555,9
B004FR6PTE,4.666666666666667,9
B0017LL94M,4.222222222222222,9
B007JDEQHO,5.0,9
B002HEW86Q,4.777777777777778,9
B005UWS3X4,4.777777777777778,9
B0017L54Q6,4.444444444444445,9
B001ET6Y1K,4.888888888888889,9
B005UP1W0C,4.333333333333333,9
B003Y7JN4A,5.0,9
B007IEPCN6,5.0,9
B00DMPYWEK,4.888888888888889,9
B001EP5QRM,4.111111111111111,9
B005VTHTAY,5.0,9
B0017OFKE4,4.222222222222222,9
B002WJHKIW,4.444444444444445,9
B009GHHUJ2,4.222222222222222,9
B003YJ7D7C,4.333333333333333,9
B002HK2GDK,4.0,9
B001ES8G6M,4.444444444444445,9
B004FPLCL2,4.555555555555555,9
B002WK5WTU,4.444444444444445,9
B002HGBQNA,4.888888888888889,9
B005VLBSIQ,5.0,9
B007JP6WKG,4.333333333333333,9
B007JRVJP2,4.333333333333333,9
B001ET7766,4.888888888888889,9
B001ET6YTW,4.222222222222222,9
B00FKMRUZ6,4.555555555555555,9
B002X1KF0E,5.0,9
B001ET76F8,4.333333333333333,9
B004G853L8,4.222222222222222,9
B003XXIMPG,4.777777777777778,9
B003XXGK6E,4.555555555555555,9
B00C3FSPDY,4.555555555555555,9
B004G8G4PW,4.222222222222222,9
B0017GXQ5M,4.222222222222222,9
B002GZETAO,4.444444444444445,9
B003XX793W,4.0,9
B00A84H1I2,4.666666666666667,9
B003XUROK8,4.888888888888889,9
B005TL7CDI,4.444444444444445,9
B005TUJ8E0,4.555555555555555,9
B0017JV2CI,4.333333333333333,9
B004FVRP12,4.888888888888889,9
B005UGVQPC,4.444444444444445,9
B005UGVIYG,4.555555555555555,9
B005UGVHNS,4.222222222222222,9
B004FWCMEG,5.0,9
B007K1O13O,4.111111111111111,9
B0017JV5MU,4.222222222222222,9
B004G0ICVE,4.555555555555555,9
B002WVKD9I,4.777777777777778,9
B004G3UNM2,4.555555555555555,9
B002H3J4M8,4.333333333333333,9
B003Y4ZPG8,4.777777777777778,9
B0017JR452,4.333333333333333,9
B004GWXWGM,4.666666666666667,9
B001FA3IQ2,4.555555555555555,9
B001FA6BM0,5.0,9
B003V0LFFA,4.333333333333333,9
B005NISZOM,4.222222222222222,9
B00BH0K5KC,4.222222222222222,9
B00163JJB6,4.666666666666667,9
B009A0VM0S,4.222222222222222,9
B009A0V9P6,4.888888888888889,9
B00161S63U,4.333333333333333,9
B003UZ36E4,4.555555555555555,9
B001FB5HV0,4.444444444444445,9
B001FB5I2I,4.666666666666667,9
B004I7IDI2,4.333333333333333,9
B004I8WM1U,4.777777777777778,9
B002Z7FUJM,5.0,9
B002Z7FUMY,4.555555555555555,9
B002Z7FVHS,4.555555555555555,9
B00161C42Y,4.888888888888889,9
B002Z7IU3U,4.777777777777778,9
B00161BDE4,4.333333333333333,9
B009A0VXT8,4.666666666666667,9
B001F9MW0Q,4.333333333333333,9
B009A9LALU,4.777777777777778,9
B005O81M0A,4.0,9
B00AB6NHLW,4.333333333333333,9
B003VBF8NY,4.666666666666667,9
B004I0YYMI,4.666666666666667,9
B00166YT68,4.333333333333333,9
B005O0N044,4.777777777777778,9
B005O0A3DK,4.0,9
B003V8N5DM,4.444444444444445,9
B002Z01QNS,5.0,9
B001F51VC0,5.0,9
B002Z0QLG0,4.444444444444445,9
B00BH3MWPK,4.777777777777778,9
B003V5JHV4,4.111111111111111,9
B002DMK0QC,4.555555555555555,9
B005NIT86G,4.333333333333333,9
B005N4R164,4.888888888888889,9
B002DCNWY4,4.111111111111111,9
B001697J9Y,4.888888888888889,9
B003UNAYCI,4.555555555555555,9
B007SEZ1SW,4.666666666666667,9
B004J48Q4U,4.666666666666667,9
B001FOLMP2,4.888888888888889,9
B002D48QKW,4.888888888888889,9
B001FORJR2,4.888888888888889,9
B00ET9DZ78,4.111111111111111,9
B002D3YHGK,4.777777777777778,9
B001FORK4Y,4.888888888888889,9
B002CZ6EJ2,4.555555555555555,9
B003UKQHZY,5.0,9
B0015S9G7O,4.777777777777778,9
B0098UYK68,4.444444444444445,9
B0015RBOSO,4.333333333333333,9
B001FNIGVQ,4.777777777777778,9
B002D48R06,4.333333333333333,9
B001FKBXRS,4.444444444444445,9
B007RX2W3G,4.0,9
B00FNXQIIC,5.0,9
B00BGUTMIE,5.0,9
B002ZG8DF6,4.444444444444445,9
B001FB5IOG,4.333333333333333,9
B001FB5LSO,4.444444444444445,9
B005MZ24QQ,4.555555555555555,9
B00AC2QUP0,4.777777777777778,9
B005MXBYHS,4.444444444444445,9
B005MWYSOK,4.555555555555555,9
B001FB5TMM,4.444444444444445,9
B009968WP6,4.666666666666667,9
B001FB5TSG,4.555555555555555,9
B001FDFJPW,4.444444444444445,9
B005MR8D46,4.777777777777778,9
B00168YH1I,5.0,9
B005OB24CC,4.0,9
B00AA8DRHA,4.111111111111111,9
B003VL2MOC,4.555555555555555,9
B001EWF35U,4.333333333333333,9
B003VTPCFK,4.666666666666667,9
B00BIALWQW,4.888888888888889,9
B00AAJOH82,4.222222222222222,9
B007P0ASK0,4.666666666666667,9
B005P0Y4QG,4.444444444444445,9
B0016JHJW6,5.0,9
B004HBDBL8,4.333333333333333,9
B003VR7NWW,4.333333333333333,9
B004HEAS3Y,4.666666666666667,9
B002ED7SNS,4.555555555555555,9
B005P0SXKO,4.333333333333333,9
B00AAM3MRQ,4.777777777777778,9
B004HEZ8NY,4.555555555555555,9
B007PCPVT6,5.0,9
B002EBEWXY,4.444444444444445,9
B00AAONRD8,5.0,9
B004H6YKPE,4.222222222222222,9
B009CDJ3PO,4.444444444444445,9
B007OBV83Q,5.0,9
B004GYU7GI,4.222222222222222,9
B004H02GDI,5.0,9
B0016M370G,4.777777777777778,9
B001EWF1OS,4.888888888888889,9
B002EZIXQ2,4.0,9
B004H2U610,4.444444444444445,9
B004H5KQ08,4.666666666666667,9
B002XQ1Y68,4.111111111111111,9
B005PJXWLK,4.0,9
B00BIE1OIE,4.222222222222222,9
B0016LGA92,4.666666666666667,9
B0016LFIQI,4.222222222222222,9
B005PFF0CS,4.888888888888889,9
B003VUZKAG,4.888888888888889,9
B002XQ1YWW,4.555555555555555,9
B007PFVMKA,4.444444444444445,9
B007QF2KWS,4.111111111111111,9
B004HGM5MY,4.444444444444445,9
B002DUZ5VE,4.222222222222222,9
B002DUQFAY,4.444444444444445,9
B009AVQUTA,4.555555555555555,9
B003VDQUAC,4.888888888888889,9
B003VDCJHA,4.555555555555555,9
B0016B3IBK,4.666666666666667,9
B00BHLTRMS,4.444444444444445,9
B005OH5FXQ,5.0,9
B0016AJTU0,4.444444444444445,9
B004HY48PI,4.222222222222222,9
B009AQ9F2Y,4.111111111111111,9
B001F51SYG,4.777777777777778,9
B004HYBJWS,4.222222222222222,9
B001F51T36,4.222222222222222,9
B005OB6TIC,4.111111111111111,9
B001F2Z6OM,4.111111111111111,9
B005OZOK2U,4.111111111111111,9
B00BI0JDT0,4.888888888888889,9
B001EYE8V8,4.333333333333333,9
B0016J208E,4.555555555555555,9
B003VJXUMW,4.555555555555555,9
B003VJTRFQ,4.0,9
B009B1RIU4,4.333333333333333,9
B002Y2NJ96,4.333333333333333,9
B002E95H1C,4.777777777777778,9
B00DQ47V3G,4.333333333333333,9
B002E5ARZW,4.666666666666667,9
B002Y9EWCM,4.222222222222222,9
B004HKYY7Y,4.555555555555555,9
B00D0S0SD8,4.666666666666667,9
B005ON3T1K,4.111111111111111,9
B004KS0S1O,4.555555555555555,9
B00CS79F54,4.333333333333333,9
B000RIJ16O,4.666666666666667,9
B000H3GRY8,5.0,9
B00ICQV260,4.333333333333333,9
B000H3GEOG,4.666666666666667,9
B0006ULPTO,4.444444444444445,9
B000CEMSYA,4.111111111111111,9
B00GVHPHTK,4.555555555555555,9
B0009VQ8TC,4.111111111111111,9
B000FKGNCE,5.0,9
B000TJCX98,4.666666666666667,9
B0009OAH0K,4.111111111111111,9
B000GLEN2E,4.666666666666667,9
B000V1QICW,5.0,9
B00GOYTQVA,4.333333333333333,9
B000UBS3JO,5.0,9
B0006PS3YE,4.0,9
B000O7LJTU,4.222222222222222,9
B000R94NMA,4.222222222222222,9
B000VXPAQ0,4.111111111111111,9
B00006561M,4.444444444444445,9
B000V1DBAO,4.444444444444445,9
B0001YOPWO,4.444444444444445,9
B000GHHUBY,4.333333333333333,9
B000NM19XM,4.444444444444445,9
B000FL225K,4.555555555555555,9
B000ULJM2Q,4.0,9
B000GCWKWI,4.444444444444445,9
B00021B4S4,4.111111111111111,9
B000GFWINQ,4.555555555555555,9
B00011TGDA,4.222222222222222,9
B000Q43VN8,4.888888888888889,9
B000GCT0YO,4.111111111111111,9
B000Q43UTS,4.666666666666667,9
B0001FSTUC,4.222222222222222,9
B000063JE2,4.111111111111111,9
B000XAR118,4.0,9
B000GCXYNW,4.222222222222222,9
B000O1NVYW,4.444444444444445,9
B0002FC11O,4.222222222222222,9
B00JFXGFI4,4.555555555555555,9
B000Q43MZK,4.444444444444445,9
B000UA17VQ,4.333333333333333,9
B00HHECHLC,4.444444444444445,9
B000EODX2Y,4.333333333333333,9
B000ES47M0,4.111111111111111,9
B0006NGRVM,4.444444444444445,9
B000141WP2,4.444444444444445,9
B000Q3X1HU,4.555555555555555,9
B000K0Q0FE,4.333333333333333,9
B000052YPY,4.777777777777778,9
B000W9QZGC,4.333333333333333,9
B000065DK2,4.111111111111111,9
B000W3UZIC,4.0,9
B000225ZKQ,4.444444444444445,9
B000UD79VK,5.0,9
B000FZ4TGQ,4.333333333333333,9
B000GIJ23M,4.111111111111111,9
B0007X74AE,5.0,9
B000O04SZY,5.0,9
B000BIREI2,4.0,9
B0009HIFSI,4.555555555555555,9
B0001EL2BG,5.0,9
B0007OERN0,4.777777777777778,9
B000H3CPNK,4.555555555555555,9
B000052XQK,4.888888888888889,9
B00KK1V28I,5.0,9
B000225ZRY,5.0,9
B000R94SIY,4.888888888888889,9
B0000E3QL7,4.444444444444445,9
B00017XKJ0,4.888888888888889,9
B00GVJ1QIO,4.666666666666667,9
B000UCCIAS,4.222222222222222,9
B00H2WZ8IS,4.333333333333333,9
B000065DJW,4.0,9
B000BYTGNW,5.0,9
B0009Y6M0O,4.111111111111111,9
B0009A2YG4,5.0,9
B00I9K1142,4.333333333333333,9
B000GIOBRO,4.555555555555555,9
B000R94S3O,4.333333333333333,9
B000C21AQE,4.111111111111111,9
B000NW87VY,4.888888888888889,9
B00JX02ADS,4.222222222222222,9
B000OIFDW8,4.222222222222222,9
B000GCXWKW,4.333333333333333,9
B000V20VAQ,4.222222222222222,9
B000F65JQE,4.777777777777778,9
B000FBLTDG,4.555555555555555,9
B0007CXWIS,4.777777777777778,9
B000PVL0K8,4.222222222222222,9
B0006431S8,4.666666666666667,9
B0009ION2O,4.555555555555555,9
B000C1UFPC,4.555555555555555,9
B000HX6KYA,5.0,9
B00IP8QYN6,4.444444444444445,9
B000W9HDUE,4.888888888888889,9
B00K6KBAK8,4.777777777777778,9
B00HFF9ANQ,4.555555555555555,9
B000V3J4IK,4.555555555555555,9
B000URKRXS,4.333333333333333,9
B000S1TFPW,4.888888888888889,9
9790773412,4.777777777777778,9
B0009OAHTQ,4.666666666666667,9
B00LAGG01G,5.0,9
B00IVWITPM,4.888888888888889,9
B0006MVS1W,5.0,9
B000O2NUBU,4.666666666666667,9
B00026ITZA,4.777777777777778,9
B000EH4TPG,4.555555555555555,9
B000LEELKU,4.777777777777778,9
B000CQXYOG,4.111111111111111,9
B000AS9B7U,4.777777777777778,9
9790801645,5.0,9
B000GIH1IA,4.555555555555555,9
B00GO4KSRG,5.0,9
B000N2EQA0,4.333333333333333,9
B00HTAAFB8,4.444444444444445,9
B000ULLIX2,4.0,9
B00008MORK,4.333333333333333,9
B00011JTFA,4.333333333333333,9
B00GGX6IB0,4.444444444444445,9
B000A22T2U,4.222222222222222,9
B000FZVSKG,4.777777777777778,9
B000S10HJ0,5.0,9
B00GHZA3JU,4.444444444444445,9
B000P5WPQC,4.666666666666667,9
B000VV0648,4.222222222222222,9
B00011JU6I,4.0,9
B000NIZZYK,4.888888888888889,9
B000PVL0UI,4.888888888888889,9
B000LNCBBW,4.333333333333333,9
B000JL3NG8,4.555555555555555,9
B000VB5YBI,4.333333333333333,9
B0007PCBXW,4.888888888888889,9
B000ULJRUI,4.555555555555555,9
B000P20QAC,4.777777777777778,9
B00GO6E5N2,4.444444444444445,9
B00I04CGA0,4.0,9
B000JLI97Q,4.666666666666667,9
B000JZM6L2,4.0,9
B000OT9IZK,4.111111111111111,9
B0009VRGSY,4.777777777777778,9
B000ETIYSC,5.0,9
B000I6JHNC,4.0,9
B000FKGIPQ,4.333333333333333,9
B00005AUW1,4.555555555555555,9
B000MD8AHK,4.555555555555555,9
B00H8Z478G,5.0,9
B0002PEYOG,4.666666666666667,9
B000A40948,4.555555555555555,9
B000EBOPCO,5.0,9
B000VTO05G,4.444444444444445,9
B00HE4UZLE,4.222222222222222,9
B000050B6X,4.111111111111111,9
B0006O2HQA,4.333333333333333,9
B000BY5442,4.333333333333333,9
B000P7ZPE4,4.222222222222222,9
B000I0QRKE,4.444444444444445,9
B000HX6L6W,4.444444444444445,9
B0006O2HRO,4.444444444444445,9
B000RNJM4U,4.111111111111111,9
B0009R15Q2,4.666666666666667,9
B000MS1YM8,4.555555555555555,9
B000H2DR2O,4.0,9
B000XE2MFO,4.0,9
B000DZH992,5.0,9
B000FQ86RI,4.333333333333333,9
B000GFIC9U,4.444444444444445,9
B000R90N60,4.333333333333333,9
B000050B6R,4.222222222222222,9
B00I3958FC,4.444444444444445,9
B000ALFTW8,5.0,9
B0009I4M0W,4.555555555555555,9
B000EEM9GK,4.555555555555555,9
B000TD88A2,4.555555555555555,9
B00HNO6ZCI,4.222222222222222,9
B000LS28RO,4.222222222222222,9
B000052YJG,4.666666666666667,9
B0001EKSZM,4.555555555555555,9
B00J03X4EM,4.888888888888889,9
B000TD5K8U,4.222222222222222,9
B00GOIV60K,5.0,9
B000C1VVGO,4.0,9
B000L2LLS2,4.555555555555555,9
B000A3VZQU,4.111111111111111,9
B00GOHPA9O,4.0,9
B000NCZ4L0,4.333333333333333,9
B000PHRIUI,4.222222222222222,9
B000RDQ43C,4.333333333333333,9
B0002Z8TSS,4.555555555555555,9
B000BRIKR2,5.0,9
B000H8ADCK,4.555555555555555,9
B000052YMT,4.888888888888889,9
B000TF779I,4.777777777777778,9
B000052YLW,4.666666666666667,9
B0009TRDTI,4.222222222222222,9
B00HSRRHJ0,5.0,9
B000Q31I9I,4.444444444444445,9
B000XE76RI,4.555555555555555,9
B00HET4K0Q,4.666666666666667,9
B0007KZWL0,4.888888888888889,9
B000C1Z4U8,4.666666666666667,9
B00GTC1H5U,4.666666666666667,9
B00HYHBPMO,4.666666666666667,9
B00013YZS4,4.888888888888889,9
B000VV4072,4.444444444444445,9
B000Q2ZQ2E,5.0,9
B000E7WG8S,5.0,9
B000PZA1MC,4.0,9
B000HBM7TE,4.888888888888889,9
B000EVELNW,5.0,9
B000S9PXM8,4.0,9
B000REVVUW,4.888888888888889,9
B000LI9V9W,4.111111111111111,9
B000UUUVAE,4.222222222222222,9
B0007D8E0I,4.444444444444445,9
B0009ET3ZK,4.0,9
B000C21082,4.333333333333333,9
B000MX4Z3S,4.777777777777778,9
B000UUMXQE,4.222222222222222,9
B00028OOGG,4.888888888888889,9
B000141HF2,5.0,9
B0009I4K5O,4.888888888888889,9
B000HM7O7I,5.0,9
B000C1UEOO,4.444444444444445,9
B000053320,4.888888888888889,9
B000TBY40W,4.444444444444445,9
B000FQNQ3M,4.444444444444445,9
B000Q2XZQI,4.777777777777778,9
B0007X74MM,4.555555555555555,9
B00IWNESE6,4.666666666666667,9
B00005NDTD,4.777777777777778,9
B000ORVXLO,4.555555555555555,9
B000L23KOA,4.444444444444445,9
B000PHVHL4,4.111111111111111,9
B0009MWAKC,4.666666666666667,9
B000A0ADUW,4.333333333333333,9
B000CR0GXW,4.555555555555555,9
B000AAAVTA,4.666666666666667,9
B00GTBZI74,4.555555555555555,9
B00070MO4I,4.888888888888889,9
B000PHVJ8U,4.555555555555555,9
B000L9WX78,4.555555555555555,9
B000C20ZY2,4.555555555555555,9
B00HNQE9LU,4.888888888888889,9
B000C23422,4.333333333333333,9
B000C1UFJI,4.0,9
B000GFYHNK,4.222222222222222,9
B00GONVEA2,4.666666666666667,9
9790780567,4.888888888888889,9
B000UYIQZ2,4.888888888888889,9
B000TGA3LQ,4.444444444444445,9
B000O9FRPK,4.555555555555555,9
B00HDEV97E,5.0,9
B000BTO6BE,4.0,9
B0002Z91MG,4.333333333333333,9
B000VON5KM,4.222222222222222,9
B000GUTE1U,4.555555555555555,9
B000N2JKJM,4.555555555555555,9
B0008F6V1O,4.222222222222222,9
B00H925UG6,5.0,9
B0001EKYOM,4.666666666666667,9
B000KEJ8O0,4.111111111111111,9
B00HZV4S3C,5.0,9
B000GHYX7I,4.777777777777778,9
B000BFTAZ0,5.0,9
B000KOI6RK,4.222222222222222,9
B000VI1190,4.333333333333333,9
B000052YPH,4.666666666666667,9
B000TGEKPG,4.666666666666667,9
B000TGEKDS,4.444444444444445,9
B000FQS1YQ,4.0,9
B000VUYOA6,4.222222222222222,9
B000VYK168,4.333333333333333,9
B000EGOG96,4.666666666666667,9
B0000C1I9C,4.333333333333333,9
B000IOQ8SG,4.888888888888889,9
B000C1ZBH4,4.555555555555555,9
B00GIEK8DG,4.555555555555555,9
B000S83DMG,4.222222222222222,9
B000GI4UHK,4.555555555555555,9
B00HNSSHQ6,4.777777777777778,9
B0002KS5GY,4.666666666666667,9
B000TAURJA,4.666666666666667,9
B000LJC1U2,4.444444444444445,9
B000VOLO78,4.111111111111111,9
B00I12SP8I,5.0,9
B000IMB4S2,4.555555555555555,9
B000C213ZC,5.0,9
B000O7NQL4,4.0,9
B0002KS2VW,4.222222222222222,9
B000JL7TS6,4.333333333333333,9
B000BIZSZI,4.555555555555555,9
B000VIJ7HI,4.333333333333333,9
B00JCZSJGG,4.777777777777778,9
B000BO8NZ4,5.0,9
B0001EKYNS,4.333333333333333,9
B00IQ59XSG,4.666666666666667,9
B000TAFF8I,4.777777777777778,9
B000NSUJZA,4.444444444444445,9
B00007323F,4.222222222222222,9
B000FABN7E,4.444444444444445,9
B000NKE95O,4.111111111111111,9
B00GXQTNVC,4.888888888888889,9
B000C1Z4Q2,4.555555555555555,9
B000MAF8AU,4.555555555555555,9
B000O1N8CM,4.666666666666667,9
B000BVKVYS,4.444444444444445,9
B000VZK9U0,4.777777777777778,9
B000TAHYC8,4.777777777777778,9
B0001EKYB0,4.111111111111111,9
B000NVIFH6,4.0,9
B000N2ODEE,4.666666666666667,9
B000UTAPL0,4.777777777777778,9
B000FP3FFM,4.666666666666667,9
B000VOJPC4,4.444444444444445,9
B000OOSHAM,5.0,9
B000BLNUPU,4.222222222222222,9
B000GTED7G,4.555555555555555,9
B0002DKB9K,4.444444444444445,9
B0009ET5K8,4.444444444444445,9
B000TUEJ9Y,4.333333333333333,9
B000OVIYJE,4.111111111111111,9
B0001TJLAA,4.333333333333333,9
B0001TM8SC,5.0,9
B000P275IS,4.666666666666667,9
B000OLX92G,4.777777777777778,9
B000AM50A8,4.777777777777778,9
B00IABR48W,4.666666666666667,9
B000LEHMVA,4.555555555555555,9
B000142RK6,4.888888888888889,9
B000CNUAVY,4.333333333333333,9
B000P275Z6,4.666666666666667,9
B000V6XESI,4.333333333333333,9
B0007D024Y,4.444444444444445,9
B0009BZ3WU,4.444444444444445,9
B000FKLBYE,4.111111111111111,9
B000VO1SCE,4.888888888888889,9
B000F02PNU,4.444444444444445,9
B0000530ND,4.666666666666667,9
B000NP9R1U,4.444444444444445,9
B0000530OK,4.888888888888889,9
B000OEN1BW,4.444444444444445,9
B00GPTJ0N8,4.333333333333333,9
B000KUY64G,5.0,9
B000H73B2K,4.222222222222222,9
B000SSWPEI,4.222222222222222,9
B000C2380U,4.333333333333333,9
B000GHJSLO,4.444444444444445,9
B000CER2M8,4.444444444444445,9
B0009F3O5E,4.666666666666667,9
B0001AFIBK,4.444444444444445,9
B000XDZP72,4.444444444444445,9
B000C1UF7A,4.666666666666667,9
B00025G1P6,4.555555555555555,9
B000OVGTH8,4.333333333333333,9
B000142TFE,4.333333333333333,9
B000HA78KI,4.777777777777778,9
B000IF5C5U,4.333333333333333,9
B000V9JOXO,4.666666666666667,9
B000VOPG6I,4.333333333333333,9
B000TRN2I6,4.666666666666667,9
B000C1Z67E,4.111111111111111,9
B000FKJPBA,4.222222222222222,9
B00066N960,4.444444444444445,9
B00066N94W,5.0,9
B000KOWCXE,4.555555555555555,9
B000MAPBY8,4.555555555555555,9
B000JZ0XQW,4.555555555555555,9
B000GCR3RA,4.777777777777778,9
B0000530G3,5.0,9
B000TPC9OQ,4.666666666666667,9
B000PKYL8W,4.111111111111111,9
B0007W5RLS,4.555555555555555,9
B00L0JYAZG,5.0,9
B000GEZTHY,4.555555555555555,9
B000MASTR4,4.888888888888889,9
B00J8UF4O0,4.777777777777778,9
B000M3EJN4,4.444444444444445,9
B00GSBFZDC,4.222222222222222,9
B000BIDC3S,4.222222222222222,9
B000FD98K0,4.666666666666667,9
B000W8P8F2,4.666666666666667,9
B000HOZ9VO,4.555555555555555,9
B000P276TQ,4.111111111111111,9
B000RY4QD6,4.555555555555555,9
B000VOP1SQ,4.333333333333333,9
B000C89JD4,4.777777777777778,9
B000HP01RU,4.0,9
B000A3MS7A,4.222222222222222,9
B0007CXY1I,4.555555555555555,9
B00016X3LQ,4.111111111111111,9
B000V6EQ8K,4.333333333333333,9
B00JO11UH8,5.0,9
B0007CXXZU,4.333333333333333,9
B000026BTH,5.0,9
B000JK4PHA,4.333333333333333,9
B000NRF8Q6,5.0,9
B000VOPG54,4.333333333333333,9
B000M4CDDQ,4.444444444444445,9
B000M4C2UK,4.111111111111111,9
B000O3VQXS,4.777777777777778,9
B000053671,4.111111111111111,9
B0007Z8QVI,4.888888888888889,9
B000674YDG,4.555555555555555,9
B000W0H4SE,4.777777777777778,9
B00023KCWG,4.111111111111111,9
B00023KDRK,4.777777777777778,9
B000GL8WQC,4.555555555555555,9
B000QCHV7M,4.444444444444445,9
B00GLYZXIS,4.666666666666667,9
B000XDYOR4,4.333333333333333,9
B00016WT34,4.777777777777778,9
B0007CXYOU,4.333333333333333,9
B000WZIXVQ,4.444444444444445,9
B000VUV4FY,4.555555555555555,9
B00GDZ4HYQ,4.111111111111111,9
B000WZHC86,4.888888888888889,9
B000WIGR5C,4.0,9
B000G0Y6EK,4.0,9
B000IWYCWC,4.666666666666667,9
B000V8DFSA,4.222222222222222,9
B0006FRF02,4.0,9
B000N2JLH8,4.444444444444445,9
B000HL39IM,4.888888888888889,9
B0000AN9M1,4.222222222222222,9
B000C216BI,4.333333333333333,9
B00GCQC5SG,4.888888888888889,9
B000BKK4EQ,4.888888888888889,9
B000RTZWES,4.444444444444445,9
B000IWV73Y,4.333333333333333,9
B00ICFBVOO,4.222222222222222,9
B00023KCLM,4.0,9
B000OD4BBW,4.777777777777778,9
B000C213UC,4.222222222222222,9
B000N2JJ16,4.555555555555555,9
B00021D6DU,4.666666666666667,9
B000IEKTZ4,4.555555555555555,9
B000C1Z1RO,4.333333333333333,9
B000ETPCOG,4.444444444444445,9
B00006IQ8Y,4.333333333333333,9
B00GPIA8G2,4.111111111111111,9
B000AARZGW,5.0,9
B000BK7JP8,4.0,9
B00099E8XW,4.222222222222222,9
B000BRQEVG,4.888888888888889,9
B000CP18YK,4.888888888888889,9
B000FLLUJE,4.0,9
B000C1UB7Y,4.444444444444445,9
B000XDX5BU,4.777777777777778,9
B000WJDJE8,4.333333333333333,9
B000CDFFNM,4.555555555555555,9
B00J16RAZM,4.555555555555555,9
B000P22W4K,5.0,9
B000H0SCXU,4.444444444444445,9
B0000535UZ,4.555555555555555,9
B000JQWMFQ,4.333333333333333,9
B000GH00EI,4.222222222222222,9
B00019HUOY,4.111111111111111,9
B00GI21PDK,4.333333333333333,9
B000TZB5UU,4.888888888888889,9
B000AQI7UE,4.888888888888889,9
B0002J9JA6,4.555555555555555,9
B000P253EG,4.555555555555555,9
B0002J5HB6,4.444444444444445,9
B00GKPIHYU,4.888888888888889,9
B000SST89S,4.111111111111111,9
B000H73UOO,5.0,9
B000AMF6UW,4.555555555555555,9
B000OLAMDA,4.444444444444445,9
B00HCIRWRW,4.777777777777778,9
B000FVC4EE,5.0,9
B000C1VWPE,4.666666666666667,9
B000P255OE,4.555555555555555,9
B000FQFRLG,4.555555555555555,9
B00KISWGSS,4.333333333333333,9
B0001O2SMI,4.666666666666667,9
B000OJ2BJA,4.666666666666667,9
B000143KI4,4.777777777777778,9
B000MAZJ9U,4.333333333333333,9
B000V5ESQQ,4.444444444444445,9
B00GFI2WKW,4.666666666666667,9
B000H74L9W,4.555555555555555,9
B000P20V7K,4.444444444444445,9
B000CD73BE,4.888888888888889,9
B00HMMTZJ6,4.777777777777778,9
B000VX1DPC,4.111111111111111,9
B0006MQ4HA,4.444444444444445,9
B000980PN0,4.666666666666667,9
B0000AHSA1,4.0,9
B000I80W66,4.888888888888889,9
B00IC8JBIE,4.777777777777778,9
B000NGKO8E,4.777777777777778,9
B000SX9CYO,4.222222222222222,9
B000MAOWUC,4.222222222222222,9
B0001KBP08,4.444444444444445,9
B000B658RI,4.333333333333333,9
B00005A77A,4.444444444444445,9
B0006DPMPO,4.555555555555555,9
B000GI3TWC,4.111111111111111,9
B00005AFBH,4.666666666666667,9
B00JDT3QBE,4.111111111111111,9
B000C1UE7Q,4.111111111111111,9
B0006MVRX6,4.555555555555555,9
B000RODU5Q,4.888888888888889,9
B0001K55NG,4.222222222222222,9
B000A3V1SM,5.0,9
B000H45XMY,4.0,9
B000HAVDDQ,4.555555555555555,9
B000MOWGME,4.888888888888889,9
B000FQAJ9G,4.333333333333333,9
B000NRRGFC,5.0,9
B000H3F7HQ,4.666666666666667,9
B00025X1HC,4.666666666666667,9
B000SZVQUA,4.0,9
B00H85GFYA,4.666666666666667,9
B00IT5KAHQ,4.111111111111111,9
B000U7OURC,4.222222222222222,9
B00026CZBY,4.0,9
B000LVWAPG,4.444444444444445,9
B00016XCNK,4.777777777777778,9
B0009ET4VS,4.777777777777778,9
B0000535QX,4.555555555555555,9
B000LQJWJS,4.444444444444445,9
B000E264PY,4.222222222222222,9
B000IALSSA,4.888888888888889,9
B000FDCXIY,4.777777777777778,9
B000FFYE02,4.222222222222222,9
B000CNP3KM,5.0,9
B00I3BVYWG,5.0,9
B000B9VFHC,4.666666666666667,9
B000R36HKC,4.111111111111111,9
B000WZR1C8,4.555555555555555,9
B000VHP9QW,4.333333333333333,9
B000WZRBXC,4.0,9
B00IFTTZHC,4.888888888888889,9
B000AAGKB8,4.222222222222222,9
B000MAPBTS,4.444444444444445,9
B000KWRDEE,4.555555555555555,9
B000JG9DT4,4.333333333333333,9
B000TNZQO8,4.555555555555555,9
B000QLRS30,4.666666666666667,9
B000BU64WM,4.666666666666667,9
B000HU0FM6,4.333333333333333,9
B0007CXXN2,4.444444444444445,9
B0001TREHC,5.0,9
B000GAD510,4.777777777777778,9
B000V3QBF4,4.666666666666667,9
B00GI91M6S,5.0,9
B000VEP9AQ,4.555555555555555,9
B000V5GB3Y,4.333333333333333,9
B0007CXXKK,4.444444444444445,9
B001D0I3FA,4.0,8
B001U2BP0Q,4.5,8
B009NXVUOA,4.875,8
B00FG3B514,4.5,8
B001TND0Y0,4.875,8
B003OS42L8,4.125,8
B0040919CU,4.375,8
B001D8LIPE,4.625,8
B003BL91ZU,5.0,8
B000OV3XRW,5.0,8
B005JDPHYW,4.25,8
B003VDBG92,4.25,8
B009THP0TG,4.625,8
B000053677,4.625,8
B00E58DPDW,4.5,8
B000VZA5DG,4.0,8
B00AHGYOIG,4.375,8
B000E1TQHS,4.125,8
B0014D7PN2,4.5,8
B00009OL70,4.75,8
B00F44IOQ4,4.875,8
B0006NXV7K,4.875,8
B004JKO1E8,4.75,8
B001U2D43W,4.875,8
B004BDKYS0,4.375,8
B000UNSO3C,4.25,8
B00BOJK1LO,4.875,8
B002RS6KYS,4.875,8
B00014EKR4,5.0,8
B001TOZVAU,4.5,8
B005HE1J90,4.125,8
B0069S7MI0,4.625,8
B0012N44N8,4.25,8
B0073FDYKI,4.5,8
B0073FD66A,4.75,8
B00620WTXS,4.25,8
B000FU05WI,4.375,8
B00380VC0Q,5.0,8
B002LA22U8,4.5,8
B00620UJIA,4.875,8
B0073FOZHY,4.0,8
B00B5Y43VW,4.375,8
B008FR1IB0,4.25,8
B0018QEJZM,4.0,8
B0001439DK,4.25,8
B00029V0PI,5.0,8
B0062GZER0,4.75,8
B000C1ZELC,4.25,8
B00HAYBLTS,4.125,8
B000IO0L1G,4.375,8
B0073R9JZA,4.25,8
B001CEKOUE,4.375,8
B0072EXFHC,4.125,8
B004O3YDJ8,4.5,8
B000LJFOUQ,4.125,8
B0032S70SC,5.0,8
B001TRK52Q,4.75,8
B0072CT92O,4.0,8
B001T143DO,4.875,8
B00A3DPMPM,4.75,8
B0096A2W92,4.625,8
B001D6DSGS,4.25,8
B0018DR4SY,4.0,8
B000WM54E8,4.125,8
B0071XOJ1A,4.5,8
B001D48MHK,4.25,8
B000LW159W,4.375,8
B0009KPMKY,4.25,8
B00468YD78,5.0,8
B000ULLPXU,4.5,8
B003V27XEA,4.375,8
B001U3FR2M,4.875,8
B00H167XNI,4.375,8
B002RS6JXA,4.5,8
B00HWQ5R8A,4.0,8
B00IJYHRAK,4.625,8
B001TRHRV8,4.875,8
B002LDWS40,4.375,8
B0009ET4TA,4.75,8
B000WNAHE4,4.5,8
B00420TW1M,4.875,8
B009Z2N5QU,4.25,8
B003873I4W,4.875,8
B006OMHRUY,4.625,8
B002QUTGJI,4.0,8
B0058ZRV54,4.625,8
B003OSBAWW,4.375,8
B0012MJISK,4.875,8
B0037ZLB30,4.875,8
B0095RZ4UK,4.25,8
B001U2FM64,4.25,8
B001TP0A64,4.125,8
B001CT03K0,5.0,8
B008FD3632,4.75,8
B00128AITC,4.625,8
B00GG99W62,4.75,8
B000LJK7MG,4.375,8
B00E5DPP62,5.0,8
B00GGLLC7C,4.5,8
B000ABB224,4.625,8
B001SZ1UN2,4.25,8
B002RS6IZO,4.625,8
B002RS6IY0,4.5,8
B000FA0D2K,4.125,8
B000BV8CYE,4.0,8
B002L9WDZI,4.375,8
B00CMDZ080,4.25,8
B001CJE0T0,4.375,8
B0062A4Y4A,4.75,8
B000NGDBWU,4.5,8
B001CY60Y8,4.375,8
B0055ZEDZ8,5.0,8
B0012KOIY6,4.5,8
B003YQ04KS,4.625,8
B001CXP2HU,4.875,8
B000NVELL0,4.125,8
B0061WINXM,5.0,8
B0049IUP5E,4.75,8
B004SQX914,4.5,8
B000PW13QS,4.875,8
B0018K7SLU,5.0,8
B000ULNFDS,4.375,8
B006OZEZW4,4.375,8
B001T8UE4Y,4.5,8
B00BS5CFTA,4.75,8
B001CYA1S4,4.375,8
B00384YHZO,4.75,8
B009OIPTCI,4.25,8
B000C213XE,4.125,8
B001CY9C2A,4.75,8
B001CY88AW,4.375,8
B000CDGMTS,4.625,8
B001TZU3B6,4.375,8
B001TBI3X0,4.125,8
B0061WKE0W,4.5,8
B000EGMCCE,4.625,8
B00BBMK0RY,4.25,8
B00F39O6YE,4.75,8
B002R12LIE,4.0,8
B00AWDVQAS,4.25,8
B000ULNICQ,4.75,8
B001IEBLO6,4.375,8
B006A9CR0Q,4.625,8
B005HB36J4,4.625,8
B000WMYFJS,4.5,8
B0014H4I88,4.375,8
B000WMYFRA,4.5,8
B000HLAGVK,5.0,8
B0042222RQ,4.5,8
B002RCZCF2,4.75,8
B000146L1W,4.75,8
B001CTL8MM,4.125,8
B0018OZYTE,4.125,8
B0012FVIYE,4.75,8
B00E4R1KTA,4.25,8
B001CTJIUG,4.375,8
B003BMNI8A,4.5,8
B000PSZ72I,4.25,8
B005NXVEJ0,4.625,8
B002A91SLO,4.0,8
B008S4VGEE,4.25,8
B007340TCK,4.0,8
B009OG7PO0,4.25,8
B000E7WG88,4.75,8
B0014E5XVC,4.25,8
B00467D1TU,4.25,8
B003LD2ISU,4.375,8
B001THTMXY,4.5,8
B000ULHXMC,4.5,8
B00FFIFCAK,4.5,8
B000IOFRI8,4.5,8
B0012KJ8RI,4.375,8
B004N6ANW2,4.875,8
B000IOATFY,4.625,8
B00733J7TC,4.125,8
B000GWHBCW,4.5,8
B000ULIFE2,4.5,8
B001T8SA0O,4.0,8
B000ULPD5G,4.125,8
B001CYC43O,4.125,8
B001CT09OK,4.625,8
B003LIQ8P4,4.0,8
B0073B3BUA,4.625,8
B003KW1A90,4.875,8
B006OY1NAM,4.125,8
B0058S4I70,4.75,8
B0014DTNHI,4.25,8
B00A3GM8VU,4.375,8
B0014DUXNG,4.75,8
B008FOQ00M,4.875,8
B000PSRHQ2,4.625,8
B007242C30,4.375,8
B003YRK74K,4.75,8
B003VCYKXM,4.75,8
B00IZLBCWQ,4.25,8
B00AFCN30M,4.375,8
B0051WJVRK,4.25,8
B0012BZF7O,4.625,8
B00028PAOG,4.25,8
B0055X6KTW,4.375,8
B0073B3CQS,4.5,8
B000NG90RK,4.125,8
B000VZIZRY,4.375,8
B002RANEAE,4.5,8
B00BV2AV8M,4.75,8
B003BOP3HM,4.375,8
B000ULESX4,4.0,8
B006OY1N84,4.375,8
B007X5JQ6O,4.625,8
B002QW9IEO,4.5,8
B00BIAPEV6,4.0,8
B003BONURC,4.125,8
B000ULEXAW,5.0,8
B0061JQY5Y,4.5,8
B004G1AG0S,4.75,8
B00FFH79FC,4.375,8
B007242F0A,4.875,8
B000PU6SUG,4.5,8
B004JKH5KK,4.125,8
B001CL2L6C,4.375,8
B0009MHO58,4.25,8
B006AAS880,4.375,8
B003BMGBQ6,4.0,8
B000LJC288,4.125,8
B0012KU5IO,4.125,8
B000OUKOES,4.25,8
B000IOHP74,4.125,8
B004B7RTM0,4.125,8
B00C6QB9GK,4.375,8
B006OZEYYS,4.5,8
B000BD369I,4.75,8
B0002B0REG,4.375,8
B007WA85RG,4.0,8
B000BOZ2H6,4.875,8
B002LE17NC,4.25,8
B00IVXA1KC,4.375,8
B0043P0J5O,4.125,8
B00GOBN0W4,4.875,8
B002R278YA,4.75,8
B000C1ZET4,4.5,8
B003BJ9ISW,4.125,8
B005NORDZ8,4.375,8
B002AMUFYC,4.5,8
B0061N0C9O,4.25,8
B004ZM8GZA,4.875,8
B002QXO51E,4.25,8
B008FH8G88,4.5,8
B003LEON2S,4.375,8
B005ZFD75A,4.875,8
B000JZ1SHK,4.875,8
B0076K5M9Q,4.125,8
B00008KGX8,4.125,8
B003Z7ZNYS,4.875,8
B004JUWQY0,5.0,8
B00BDL2CA6,5.0,8
B000CER0PW,4.875,8
B000H74MNW,4.5,8
B004FKB93S,4.875,8
B001E3GOGG,4.75,8
B004USS884,4.75,8
B005A2PS9Q,4.125,8
B004OG6YWE,4.25,8
B00KPSKJD0,4.75,8
B00026CZC8,4.5,8
B00A4OML9U,4.625,8
B000ONXQPO,4.25,8
B00BOA361A,4.875,8
B00A4P24XW,4.875,8
B0009OAIHC,4.375,8
B009MIYG7Y,4.5,8
B002SQ4P3M,4.75,8
B007TP22QE,4.125,8
B00BX7CC9G,4.5,8
B001QTTVRC,4.875,8
B000056I7M,4.5,8
B00FI0160A,4.5,8
B007TKT03W,4.0,8
B0076OIS7U,4.5,8
B00EYCEOP2,5.0,8
B002SRJQUI,4.0,8
B0045VP9GU,4.0,8
B000OMH7AA,4.125,8
B002SRMXDU,4.25,8
B0035XNULU,4.375,8
B004Y0RBQ8,4.375,8
B00APEO74Q,4.375,8
B0031O48GY,4.875,8
B00180ZWDQ,4.25,8
B004IA0A7Q,4.5,8
B005G8LISY,4.625,8
B00181UJHY,4.75,8
B003CJ1HOY,4.625,8
B003Z81A6M,4.75,8
B000EGRH2O,4.625,8
B003CJ4IYK,5.0,8
B00GYXT1WA,5.0,8
B0037MG1TW,5.0,8
B00181LAYU,4.75,8
B00CE2U9V2,5.0,8
B005LVN0QY,4.625,8
B0076OHRXG,4.625,8
B00BO5WNP0,4.5,8
B0014YCI24,4.25,8
B001R2DUDY,4.375,8
B007636DT6,4.5,8
B00IERQ0BE,4.5,8
B002SMFPGW,5.0,8
B007636KOO,4.75,8
B002SMTSE2,4.75,8
B005ZSHT7O,4.75,8
B001E112EW,4.625,8
B000WS1AJA,4.875,8
B004OEU0F8,4.625,8
B00APLYKDC,4.625,8
B002BQ3DJG,4.0,8
B002BRNN8Q,4.0,8
B001E10B2Q,4.5,8
B000FBLTBI,4.25,8
B007UB1FII,4.375,8
B000273RHY,4.625,8
B000273RFG,4.375,8
B000C1Z97G,4.25,8
B006BBZWTQ,4.625,8
B00A4EJSW8,4.375,8
B004BQSBF0,4.25,8
B005ZUOV2S,4.375,8
B002BPZK8E,4.0,8
B00CDUIPIE,4.125,8
B005ZUBPLS,4.5,8
B00APLRS4A,4.125,8
B0031T7NA2,4.75,8
B007TXSIYQ,4.25,8
B000NWETPC,5.0,8
B000BGRC18,5.0,8
B000VX39EK,4.125,8
B001QWPTCK,4.375,8
B001E16A80,5.0,8
B0011NR3FA,4.5,8
B0097G5TH2,4.75,8
B0051OZIUC,4.125,8
B003CILDYO,4.5,8
B0040LRLE8,4.375,8
B000DN7C46,4.125,8
B003YMJ5WK,4.0,8
B000OO5MYQ,4.0,8
B001E122TQ,4.125,8
B00B8OCQJ0,4.75,8
B00AT6B5SQ,4.375,8
B0048WYGGU,4.0,8
B0014XQ5KG,4.625,8
B0037MIIO8,4.625,8
B00766RJVY,4.375,8
B000ASB5LK,4.375,8
B001E5EAT2,4.5,8
B003CJ9OSK,4.375,8
B004MUARV6,5.0,8
B000ECYJB0,4.5,8
B004BUKFXC,4.5,8
B008H6NBDW,4.75,8
B008W2HP0G,4.5,8
B004HHPJJO,4.375,8
B002BYZE40,4.25,8
B001Q5GNDQ,4.375,8
B005YQ36N8,4.875,8
B0017UK0OS,4.75,8
B00GF9ZBJA,4.5,8
B00150JU4G,4.0,8
B001Q6JPOE,4.125,8
B001E6UTDM,4.125,8
B003PGGTU6,4.375,8
B0017W6W0M,4.875,8
B002BXHI5E,4.25,8
B005OKWZRW,4.625,8
B004SY0DUG,4.125,8
B002SZ4P6U,4.75,8
B000WXKNRA,4.875,8
B001Q8YSOY,4.875,8
B001Q88GMO,4.25,8
B000255PKI,4.375,8
B006BZC0PG,4.125,8
B0037LKR5W,4.625,8
B0017VUGKA,5.0,8
B006MOXRLW,4.375,8
B004X89NH6,4.0,8
B003CSQ9FM,4.5,8
B000GCW3XE,4.625,8
B001PYLTNM,4.5,8
B00KFK6QGM,4.5,8
B001E764GW,4.625,8
B00J9UWHLW,4.75,8
B004JX2J12,4.875,8
B00G1JWKL6,4.375,8
B004JX3RJU,4.375,8
B00853EI0M,4.25,8
B0017TYD6A,4.125,8
B00E9EF5VM,5.0,8
B000U04ZWO,4.75,8
B00KFM16OW,5.0,8
B0017TZDCS,4.625,8
B009M1B9NU,4.625,8
B002K746WE,4.25,8
B004UTER6U,4.0,8
B00B8ULBZE,4.0,8
B00E9DTE3S,4.875,8
B003VSDR7Q,5.0,8
B00437DHLU,4.125,8
B008HA5ED8,4.75,8
B004WL0WEW,4.625,8
B00150DCCM,4.875,8
B004JVW1SA,4.375,8
B005JM4Q4A,4.625,8
B0051IYDTA,4.75,8
B00AWRGZ0K,4.125,8
B001QFGXEK,4.75,8
B000U5V1SK,4.5,8
B004ZPZ6LO,4.75,8
B0014ZWHQK,5.0,8
B000U5TY16,4.0,8
B002SUR3AU,4.5,8
B00BBCY9ZS,4.5,8
B000F0CBJ8,4.75,8
B0043878QY,4.5,8
B00BSE36PS,4.625,8
B003VPKEZW,4.125,8
B00025H5PG,4.0,8
B004FK5XTY,4.0,8
B0051L3B18,4.5,8
B00AWRB3KW,4.5,8
B002BWOY1G,4.25,8
B000A7960I,4.625,8
B001E66Q7A,4.125,8
B0055M5P0I,4.75,8
B00AJ2LQDY,4.0,8
B000N967N2,4.625,8
B002SVJOPQ,4.75,8
B000NY9RGQ,5.0,8
B002SVMESA,4.75,8
B002BX8QDW,4.375,8
B0017WKRJO,4.5,8
B005YTYJSQ,4.375,8
B001E6SDO4,4.0,8
B001E6SVV4,4.375,8
B005YSMQU0,4.75,8
B001E6TAM8,4.75,8
B00BZXCS6U,4.5,8
B0017WSPE8,4.125,8
B001E6P57C,4.5,8
B0076UGYR0,4.375,8
B0043827WE,5.0,8
B005JNNQSG,4.875,8
B002SVFY4G,4.375,8
B001QDJP7Y,4.625,8
B003VPWZAY,5.0,8
B0011DOKKG,4.0,8
B00AWIHOMC,4.375,8
B000NCVBDU,4.25,8
B0006NYQNI,4.625,8
B0014M95AE,4.0,8
B0096PWJ0E,4.125,8
B001S0WDWY,4.5,8
B000Q33CLA,5.0,8
B000NW4JAC,4.25,8
B0002UVWJQ,4.0,8
B00AF9LWQC,4.5,8
B001DK9PP2,4.875,8
B004N0VPIO,4.125,8
B000KQV88M,4.625,8
B0014LXXUS,4.5,8
B004L96O3S,4.25,8
B0002UVWJG,4.625,8
B0053GM6D0,4.25,8
B003OYFB3A,5.0,8
B001DKGCVC,4.5,8
B004FQOH9K,4.25,8
B0060M96WA,5.0,8
B007VL84H2,4.75,8
B008G4QIIU,4.125,8
B0055TA0SI,4.75,8
B00H4LKW74,4.375,8
B00E6BN6SC,4.875,8
B000VYOVUK,5.0,8
B003K9NLE0,4.0,8
B00HNSSPDG,4.375,8
B00GG0I8VG,4.375,8
B0037TCH4S,4.125,8
B000IOQ8RM,4.375,8
B004Y56JW0,4.5,8
B003K8U9VY,4.5,8
B00A42K8CY,4.375,8
B00BDJVNYO,4.125,8
B00B8ATVTC,4.25,8
B000WOU44G,4.125,8
B007VFAVPG,4.375,8
B00B17CDS8,4.125,8
B00APUMA4O,4.0,8
B0084FEGMQ,4.75,8
B000Q33DIM,4.875,8
B001DMOA3W,4.625,8
B004SU8EVK,5.0,8
B00E6BH4IU,4.875,8
B001S5AHJK,4.5,8
B00AT0RH4S,4.125,8
B000IOOJKU,4.5,8
B004W4AXZM,4.125,8
B000NDMMAK,4.625,8
B004BEH1KI,4.125,8
B003TJJTWO,4.75,8
B000WNJVAA,4.75,8
B001SGXG6U,4.25,8
B002RT71N6,4.25,8
B005JDPJAY,4.5,8
B001SQ6Q8A,4.75,8
B00AUQS1QE,4.0,8
B0041ZLOPU,4.625,8
B008A3ZEJ6,4.625,8
B001SXNOHY,4.625,8
B007W0JA70,4.75,8
B008A3YGAE,4.625,8
B0037YGV3Q,4.25,8
B00028OCQI,5.0,8
B000Q0RX4U,4.125,8
B001STEX50,4.25,8
B00AB7KN0E,4.0,8
B00014EKYW,4.75,8
B003KPCABE,4.125,8
B005JDPK2Q,4.5,8
B008G0RVEE,5.0,8
B000NCX43U,4.75,8
B00BSBW90Y,4.25,8
B008RSD1JE,4.5,8
B0084A5N0K,4.375,8
B000LZ8UCE,4.25,8
B002RTOSLY,5.0,8
B00499C61Y,4.625,8
B001DJCBUY,4.75,8
B00GMA8BNU,4.75,8
B00127S5JI,4.125,8
B0018BWMG0,4.75,8
B000UIBBQY,4.625,8
B001SAXW42,4.375,8
B0049ACS34,4.5,8
B004FRIVI2,4.375,8
B0018BYGQ4,4.0,8
B005JDPKRQ,4.0,8
B00C68DDKS,4.375,8
B005JDQWZU,4.375,8
B006ATB432,4.875,8
B0014LOON8,4.125,8
B00028NLLU,4.125,8
B000Q2ZKMK,4.75,8
B00GONZHF0,4.5,8
B0042QJAYK,4.625,8
B002KV7CMG,4.5,8
B0075CSDZA,4.625,8
B008GN12AK,4.625,8
B0075EDUVK,4.125,8
B00478P2G8,5.0,8
B000IQU2HW,4.375,8
B000FBF590,4.0,8
B001E0ST4Y,5.0,8
B0037MSGBS,4.625,8
B008RPCNSW,4.25,8
B007USQ8K6,4.875,8
B005GLSYJW,4.375,8
B001RCZ456,4.625,8
B00B8KD06M,4.125,8
B0075CL2QC,4.5,8
B001RCKRI0,4.375,8
B000NWA6L8,4.375,8
B00DSOKFXW,5.0,8
B00120SY6E,4.125,8
B0043R3DX2,4.375,8
B003VJXUM2,4.25,8
B00F01JVZ4,4.875,8
B000C2333W,4.75,8
B005LXOYJ4,4.5,8
B00478NYXG,4.5,8
B004X6C8KM,4.5,8
B009N8F8U2,4.625,8
B00E7IF4NY,4.375,8
B000C214DS,4.5,8
B000G647ZC,4.5,8
B0084OG09O,4.125,8
B004FO8K54,4.5,8
B0037MO7G6,4.125,8
B007UK1ABG,4.625,8
B001R4QDCM,4.375,8
B000VLIMEY,4.375,8
B005GJ2ZCG,4.5,8
B007UIZBFE,4.375,8
B004VW2K4W,4.875,8
B004R7PGBK,4.375,8
B001R4CL9Q,4.125,8
B002SIAZP2,4.875,8
B002KM0K2O,4.5,8
B00IEOHFLQ,4.125,8
B004HEEAMY,4.5,8
B006NL1N4C,4.0,8
B00EZUTMNC,4.75,8
B000VXMMZC,4.875,8
B009YYUGQQ,4.5,8
B0014WLETE,4.75,8
B0014WMNV2,4.25,8
B0042QUHPG,4.375,8
B009YY9VJO,4.625,8
B00B3URSB0,4.75,8
B003K5ERHE,5.0,8
B004USI5SC,4.375,8
B000AA5WG2,5.0,8
B0014TFF6U,4.375,8
B00014IEEE,4.0,8
B001RVG0MS,5.0,8
B002S42J6E,4.625,8
B0060HIRBQ,4.0,8
B00BVWYOW6,4.125,8
B004BIKX4K,4.125,8
B00597U3HE,5.0,8
B005O2YOJW,4.125,8
B00AICHMHY,4.5,8
B00329YARA,4.75,8
B0032A0B1I,4.0,8
B001ROYFDG,4.375,8
B00F0O2Q30,4.75,8
B002KRZBM8,4.5,8
B001RVMQYY,4.5,8
B004RB9X7E,4.75,8
B000UEMQQW,4.75,8
B0032AIEH6,5.0,8
B003C1T97Y,4.0,8
B004BHMMY0,4.875,8
B003TJEUYG,4.125,8
B001RVJIP4,4.875,8
B0084HHZAO,4.875,8
B00GG0I8LQ,4.75,8
B000AA5W5I,4.875,8
B001RVAATC,4.375,8
B002S56Y0U,4.875,8
B000IOQJWG,4.875,8
B003TJCG0G,4.25,8
B001DYGLWI,4.75,8
B002BDYB0Y,4.5,8
B00J9PVPTC,4.875,8
B000C2147O,4.375,8
B000ARUDAA,4.5,8
B00188X1HC,4.75,8
B00APR7BH8,4.25,8
B001RQ28II,4.5,8
B00C662V7Q,4.5,8
B00752ZTUC,4.375,8
B006NSQXT0,4.5,8
B004SUHFI8,5.0,8
B008RQX5VA,4.0,8
B000Q3BN20,4.375,8
B000UCUWLU,4.0,8
B001RTSUD2,5.0,8
B001DXQ8AE,4.875,8
B008GHJHVC,4.5,8
B007UZWDGW,4.125,8
B0012NOEB0,4.5,8
B000H9HWWS,4.375,8
B0019I45RG,4.375,8
B0080E8U4Q,4.375,8
B003YVOM5G,4.25,8
B0046M8O74,4.25,8
B001AT96CS,4.25,8
B006S67YHC,4.25,8
B0034DCLKW,5.0,8
B009SJBB20,4.625,8
B005IUXKCW,4.5,8
B0065LOG6M,4.5,8
B001AV4F5O,4.25,8
B000P9BRH6,4.375,8
B0057NRCSI,4.375,8
B0043ITS6M,4.75,8
B00IQ0FZJW,4.875,8
B000KMVQ92,4.0,8
B003Z3XYGG,4.5,8
B00AVWJN6E,4.75,8
B005MXCH9W,4.375,8
B000P20R1U,4.0,8
B00DF6KPUG,4.0,8
B000P20QZ2,4.0,8
B00DXF3524,4.125,8
B004NMVP5K,4.0,8
B002NWVWVY,4.375,8
B003552FEG,4.125,8
B009SIZEEW,4.375,8
B004UBIPKW,4.625,8
B003A71L6C,4.25,8
B004NMYMXM,4.875,8
B0027WUA68,4.375,8
B004GIG3T4,4.625,8
B000BAWWC8,4.625,8
B008062Z9K,4.125,8
B00CBQ45NO,4.375,8
B0002FC11Y,4.625,8
B00B1E7B3S,4.875,8
B00CBPVDT4,4.0,8
B00DEWY1B0,4.375,8
B006RPZMGY,4.5,8
B00II432PU,4.625,8
B001AWW7Q2,4.375,8
B000E7UE00,4.5,8
B008U2XTEO,4.375,8
B0068M9THE,4.5,8
B000HGHISE,4.0,8
B003TZAVXE,4.375,8
B0000U3YG2,4.0,8
B001AVQIDQ,4.75,8
B001AVTWNO,4.25,8
B001AVY720,4.375,8
B00AR86IGK,4.0,8
B003YV2V36,4.125,8
B00B22BC2A,4.375,8
B004AI8QM2,4.5,8
B003900IUU,4.125,8
B008CRWGNW,4.25,8
B0013EF052,4.375,8
B0019JF0PG,4.75,8
B000FTLF96,5.0,8
B0013EMSMA,4.75,8
B004GLNI7Q,4.25,8
B0013EMJ3S,4.875,8
B0013EME1K,4.875,8
B000ALIK88,4.5,8
B0092SLRRG,4.25,8
B0065X7428,4.0,8
B00011JOYQ,4.25,8
B0056K9I0M,4.375,8
B000P5ABOU,4.75,8
B005IHEFX8,4.0,8
B003A13T2W,4.0,8
B000E7ORQ2,4.375,8
B00BRITLJK,4.5,8
B0027P9DR2,5.0,8
B00FTG83MC,4.0,8
B00I9X3UKM,4.125,8
B003NDSRQU,4.375,8
B0080M092E,4.875,8
B0006IC1QW,5.0,8
B006VXV8ME,4.875,8
B003O4BHS8,4.75,8
B00A0506V8,4.375,8
B0019LT474,4.5,8
B000F4EMPA,4.125,8
B004GLRS5Y,4.875,8
B00689P23C,4.625,8
B000V3QBBS,4.25,8
B000VABYH2,4.25,8
B005MWUBFA,4.75,8
B000KHPFJE,4.875,8
B0013EKRP0,4.0,8
B00BOYQO2E,4.5,8
B004S493K2,4.375,8
B0034E0ZUO,4.875,8
B0022NHBH8,4.5,8
B00011JXR4,4.125,8
B0027SXCOY,5.0,8
B008BHEIZW,4.5,8
B000NNC9YO,4.0,8
B00IX4MF76,4.875,8
B00AG0ZG80,4.625,8
B004Z9ZG9W,4.75,8
B005MXBYPK,4.5,8
B003ZYMA7Y,4.875,8
B0057IP0D2,4.75,8
B00A1B2TO8,4.625,8
B006W3E64K,4.75,8
B001AQA0WQ,4.375,8
B003NA9TGA,4.875,8
B001AQNQPO,4.75,8
B00BJ57ALC,4.5,8
B001AQROHA,4.5,8
B0013EIX1K,4.125,8
B002LYVPTS,5.0,8
B00F9P5TUW,4.0,8
B00243FKMY,4.375,8
B0057RL6MW,4.375,8
B006X1STOE,4.875,8
B001B1SVA8,5.0,8
B000LRHGXQ,4.875,8
B0052ZQ4RQ,4.0,8
B000052YPG,4.625,8
B00BW4V71O,4.75,8
B0020C69TW,4.5,8
B004GF2CX8,4.875,8
B0028BRPWK,4.25,8
B00CU0U3AK,5.0,8
B001B2GGMC,4.375,8
B0020MJDEA,4.25,8
B000PCDG72,4.875,8
B005IB08KS,4.5,8
B0020MM7IO,4.0,8
B00H2QGE6E,5.0,8
B000V00PM2,5.0,8
B0000E3IFQ,4.375,8
B00H2QAQKO,4.375,8
B001B1QN6W,4.125,8
B0020MM61C,4.75,8
B00139CT56,4.5,8
B005IAZKCU,4.125,8
B004WNUVRS,4.125,8
B0007XOK42,4.375,8
B007ZKA7BK,4.25,8
B00CCESRH0,5.0,8
B008D5EFS2,4.375,8
B000PEKC36,5.0,8
B004S0ETH8,4.5,8
B000GCHT1U,4.25,8
B003AO9J1Y,4.875,8
B000HKGVXS,4.0,8
B000UY9MDW,4.25,8
B006XF9F16,4.375,8
B002OUSSXU,4.75,8
B003MYXOVS,4.375,8
B000ALBLXY,4.875,8
B0006B4W5W,4.625,8
B002OV2I6W,5.0,8
B00GMUGB1E,4.5,8
B0057U9WKW,4.875,8
B003ULVNMA,4.875,8
B004NPSNMU,4.125,8
B008D5RIQI,4.5,8
B001392DOI,5.0,8
B001B2LINE,4.0,8
B008D5KWCK,4.625,8
B0028C8DHA,4.0,8
B001390QFG,4.125,8
B00CCFYHUU,4.625,8
B004AM2UOI,4.25,8
B0052FWBXW,4.5,8
B007ZIVUM2,4.5,8
B0019AET3O,4.875,8
B00205TSH4,4.25,8
B003N0CKJ8,4.0,8
B003TVMPEG,4.0,8
B0020MM7NE,4.875,8
B008D1BA1Q,4.625,8
B004GFFLU4,4.25,8
B00289FAZ6,5.0,8
B00140QXE2,4.5,8
B00AR59PZ4,4.625,8
B000W43ERU,4.0,8
B001AY3YQ2,4.0,8
B000LRFYNA,4.25,8
B004GH8VTA,4.125,8
B006WR77W4,4.125,8
B004GGQP1C,5.0,8
B005IVZ1Q4,4.25,8
B00347DCNI,4.625,8
B0042KJQDG,4.875,8
B00F9K3EYU,4.625,8
B004GHEEVY,4.625,8
B003ACF98I,5.0,8
B00F9O5OE4,4.25,8
B001AX87O2,4.25,8
B0020MMGHG,4.375,8
B000W472SW,4.625,8
B00F9MNGZK,4.0,8
B000GBVLD8,4.5,8
B000127WDU,4.5,8
B005IVZ1AA,4.75,8
B00012FL8I,4.5,8
B008CYGYL0,5.0,8
B004SHEQ2Y,4.75,8
B00I9MWRSY,4.125,8
B007ZY3SM6,4.875,8
B0013AZ8KI,4.125,8
B003N3OJW6,4.875,8
B00I3JZBWW,4.375,8
B0046X6XUS,4.0,8
B000V0X3GW,5.0,8
B004NO6HMY,4.625,8
B00COPWLJC,5.0,8
B00653QGT0,4.75,8
B007ZT78QS,4.25,8
B00CTUW2TG,4.0,8
B004U3NXIO,5.0,8
B00012NK4A,4.625,8
B0020MM8RO,4.75,8
B006WZ9YI6,4.0,8
B00012MKJ6,4.125,8
B0020MMD8I,4.25,8
B007ZXVAL8,4.0,8
B00F9GF8GG,4.25,8
B002OHDZAE,4.375,8
B0091OCBXA,5.0,8
B000ANNTDM,4.625,8
B009SNMN50,4.375,8
B00DEFAGT8,4.75,8
B00DYMYY2G,4.875,8
B000C1VZ9M,4.5,8
B00355HJ4C,4.25,8
B0013VRXN2,4.75,8
B003NZ1GAC,5.0,8
B001A9FKPK,5.0,8
B001A9GTVE,4.0,8
B0013LMPDK,4.5,8
B00HW545CA,4.375,8
B00570MGN2,4.125,8
B004IQHZEQ,4.75,8
B004U7PGJE,4.375,8
B0000530P0,4.5,8
B0067K6F74,4.625,8
B008UQAULK,4.0,8
B00AFWXPJQ,4.125,8
B005IQ2KFE,4.5,8
B00273VS18,4.375,8
B000P22WO0,4.5,8
B006U9EBQY,4.5,8
B0000XMQV8,4.75,8
B0000531F9,5.0,8
B0046QR5MU,4.5,8
B00684ADPY,4.5,8
B0081GC38W,4.125,8
B0056ZVHH4,4.625,8
B00FBXFOC0,4.625,8
B004S8N1II,4.625,8
B0081G3GV0,4.125,8
B0002IVS9M,4.625,8
B0000530O6,5.0,8
B0091WDLKO,4.375,8
B0000530O2,4.875,8
B005MM4EZI,4.375,8
B000W8LRC0,4.75,8
B000V93ESK,4.5,8
B000V99R2W,4.875,8
B000IETITW,5.0,8
B000EFHUD6,4.625,8
B002N4JXC2,4.125,8
B002M77YE4,4.625,8
B00275PFFQ,4.125,8
B002N5MHYM,4.0,8
B000P2758S,4.5,8
B00DVKNMYM,4.75,8
B000KJRK0Y,4.5,8
B004U7YQ1S,4.5,8
B002M9V4KC,4.5,8
B000W8JKLA,4.0,8
B0046UHF6M,4.5,8
B002N2Q430,4.125,8
B0081CWUCU,4.625,8
B004INMM6U,4.375,8
B0006G8096,4.375,8
B00DGDICRQ,4.625,8
B00ACE1SP0,4.25,8
B00269INMU,4.125,8
B004SCW2XO,4.5,8
B0046OKN5I,5.0,8
B006TCS9GK,4.5,8
B004NHRTSW,4.125,8
B0009F3M5Q,4.375,8
B0081HXGGY,4.375,8
B002MFTIO0,4.25,8
B00I4ZTCH0,4.75,8
B002MRNB2S,4.875,8
B000IEMJYI,4.5,8
B004SBVHKY,4.125,8
B0034UWXQC,4.0,8
B0081NLUAC,4.125,8
B000P25148,4.5,8
B009SAG0NY,4.625,8
B0013QN5TI,4.0,8
B0000531HM,4.625,8
B003NVN2KS,4.0,8
B004A84HHA,4.5,8
B00FCYJPIM,4.875,8
B008BTFANY,4.25,8
B0081QNX9A,5.0,8
B000E7SU9M,4.25,8
B00AVRYLPW,4.25,8
B000C4Q9YU,4.0,8
B000F4GINO,4.75,8
B0009F3N7I,5.0,8
B000P250E4,4.5,8
B00KIEGBHE,5.0,8
B0026WQW2A,4.5,8
B005IRNKLG,4.375,8
B0007ZAK58,4.875,8
B001A46PU4,4.625,8
B0067YUL70,4.75,8
B0009F3MGK,4.75,8
B0013N897E,4.25,8
B000AMLSFY,4.25,8
B0019ZF00A,4.375,8
B0026NBC6K,4.375,8
B006U34WZK,4.125,8
B001A5SG82,4.125,8
B0013N5X3C,5.0,8
B000C70MZE,5.0,8
B000P253Y6,4.5,8
B000LO9LOQ,4.5,8
B0081JPBFG,4.25,8
B004KG4OUM,4.125,8
B001A4H756,4.75,8
B0081R8KX8,4.625,8
B002MW77OQ,5.0,8
B0067SBQPW,4.875,8
B00ACLAQJW,4.0,8
B000NPWQXG,4.625,8
B0091XP98A,5.0,8
B0081JSSWE,4.0,8
B001A52T26,4.5,8
B00A0HTR8Y,4.125,8
B006TJYOL2,4.625,8
B0013N9U7C,4.75,8
B0013N9U72,4.875,8
B003NYBXNS,4.125,8
B0002JB3KK,4.125,8
B0034G90CQ,4.125,8
B0039UTTGE,4.75,8
B0013FNB7K,4.0,8
B0039UTU86,5.0,8
B000P3NI2E,4.25,8
B000P3X6MG,4.75,8
B0024NBU4Q,4.5,8
B0052P1L4W,5.0,8
B0027F58DU,4.375,8
B00BCC2GUM,4.125,8
B000NNPHM0,4.5,8
B004WPGIR8,4.125,8
B004UB1O1O,4.75,8
B004LXHQ7W,4.75,8
B0024H4I4Q,4.5,8
B004ZDTTAK,4.125,8
B003ZWEQGY,4.125,8
B0009EXOR8,4.0,8
B004IN8ZHK,4.625,8
B0092MCMF8,4.25,8
B004NJPHUW,5.0,8
B004SE9NW0,5.0,8
B00JH29K6M,5.0,8
B004A35D6Y,4.625,8
B00BRHSBVU,4.25,8
B0027DVUSO,4.625,8
B00ACNL5B8,4.625,8
B004YHT8ZS,4.375,8
B005IUGYFC,4.0,8
B0039UTUU4,4.5,8
B0024H2F0K,4.875,8
B00BC5OGE8,4.25,8
B0019M21OQ,4.75,8
B008CH4DVA,4.0,8
B001ALPQZM,4.0,8
B000C212D0,4.375,8
B0092Q00HG,4.5,8
B00BJ0W7JW,4.5,8
B0046MK6HK,4.875,8
B006SN5IV4,4.875,8
B00FASKPDY,4.375,8
B0080MGE6Y,4.5,8
B003UBH7KC,4.125,8
B004NMDES6,4.625,8
B00BCCE3MQ,4.875,8
B000C1VSGW,4.0,8
B00BDIGIYA,4.875,8
B00392C3HE,4.75,8
B0024H1MIG,4.625,8
B00ARBQG82,4.75,8
B0039UUCZG,5.0,8
B003NH0278,4.125,8
B00AFNTPGM,4.625,8
B006690VZS,4.625,8
B002494APG,4.25,8
B006SOWC1M,4.0,8
B004NM4SQS,4.625,8
B006VM4W4Q,4.0,8
B0002GTVWU,4.75,8
B0043GY4VI,5.0,8
B002N5MKIU,5.0,8
B0092FEZZ0,4.625,8
B008C8IDEW,4.375,8
B00K6YVPK4,5.0,8
B000GHYVTS,4.375,8
B003Z370ZM,4.375,8
B000P2776I,4.5,8
B002M428MU,4.875,8
B000E7UDWE,4.0,8
B0066TWJ5S,4.75,8
B003NOJLAA,4.125,8
B00JH05AL8,5.0,8
B0002JIU0Q,4.75,8
B0000530LL,4.75,8
B000V6K9NG,4.5,8
B00262WZYO,4.125,8
B009RXWG2Q,4.375,8
B0002I25DU,4.0,8
B006T8Y51M,4.25,8
B004W2OQC0,4.125,8
B00275VI7U,4.125,8
B00K6YY33K,5.0,8
B000P276E6,4.0,8
B004SD0M4O,5.0,8
B00573OHTU,4.75,8
B0091VZZBS,4.125,8
B00A0QZ3RO,5.0,8
B00B1GW7BC,4.375,8
B00CO60DSW,5.0,8
B000P27EAC,4.5,8
B001AH8KEA,4.625,8
B0019RNO92,4.875,8
B006V6NLU8,4.25,8
B000V5KV08,4.0,8
B00KHYKVFS,5.0,8
B008CC4FEK,4.0,8
B00005308K,4.5,8
B000W6BAVU,4.5,8
B002NCRBPA,4.75,8
B004IS73QE,4.0,8
B000V9LOZK,4.25,8
B00ACNAPS2,4.25,8
B003U7RFWG,4.625,8
B004GNHD48,5.0,8
B000V5PD92,5.0,8
B004AGJTLQ,4.375,8
B000W6TTMM,4.625,8
B00279LKBK,4.125,8
B0013H5LE4,4.875,8
B00394DVH8,4.375,8
B003MY2OXC,4.75,8
B00142E1V2,4.25,8
B004Y9JMGQ,4.375,8
B008EAA8G4,4.125,8
B00BGCX63O,4.5,8
B005NISO6Q,4.625,8
B008ECZFZQ,4.5,8
B00BPJG76Q,5.0,8
B001BR6AXW,4.25,8
B00AQG2TFC,4.25,8
B009186OFW,4.375,8
B0018V5CXA,4.25,8
B00FEZV7XA,4.5,8
B0012RYCE0,4.375,8
B000E3FHJM,4.375,8
B003TQ1T1Q,4.875,8
B00AH02HH2,4.5,8
B004G8AQVK,4.5,8
B0094JGXV8,4.625,8
B00DI9C986,4.75,8
B00AW26G18,4.625,8
B001UU2CXC,4.375,8
B001UU0Z40,4.5,8
B0069A2ZI0,4.25,8
B001UTK7FS,4.125,8
B00537YAFG,4.75,8
B007XWOUXG,4.125,8
B003B3OKPE,5.0,8
B00ABMIOSM,4.875,8
B001USLK1E,5.0,8
B00HZ4HPHA,4.0,8
B003Z65JYS,4.625,8
B0083CY8Z0,4.0,8
B0012RXXMM,5.0,8
B000GP8VX2,4.75,8
B0083HG6PK,4.875,8
B00714ZSWS,4.25,8
B0083GIL22,4.25,8
B00GNH6JZE,4.75,8
B00GNH6NFU,4.75,8
B001UNRQZI,4.625,8
B007XOZYUC,4.0,8
B001UNNPTE,4.0,8
B0033455S2,4.375,8
B00634THEM,4.25,8
B009PG696Y,4.625,8
B009PG4URE,5.0,8
B0002DLBBW,4.25,8
B000PKKTXS,4.125,8
B008VG0BFY,4.625,8
B0029PNRFO,4.125,8
B001BSTP88,4.625,8
B000VEN44E,4.75,8
B004UKENP4,4.375,8
B00336Y194,4.125,8
B000ACSRJ4,4.25,8
B000NTU0IK,4.0,8
B000GP8VDM,5.0,8
B008EFD4P6,5.0,8
B0029OZ4CY,4.5,8
B0038FW3ZY,4.875,8
B0012RXBAQ,5.0,8
B005J5ZD5I,4.625,8
B0014B8GCI,4.375,8
B0018SSJ6K,4.25,8
B0038IG3TI,5.0,8
B004WMFVLA,4.5,8
B004UJCI8Y,4.125,8
B0009I4M5W,4.875,8
B005HRPS2Q,4.5,8
B007Y6F47W,4.25,8
B006QO66VQ,4.125,8
B0009I4M66,4.125,8
B00DCEJ4GC,4.625,8
B000E3UUL2,4.375,8
B000C238SM,4.5,8
B001V9CSM2,4.5,8
B005MBIRK2,4.875,8
B005J5GT0G,4.625,8
B003AYEGBM,4.125,8
B008VF4228,4.75,8
B000OYJ9IQ,5.0,8
B003AYEG62,4.5,8
B000PI2WB2,4.25,8
B00A2IBVWG,5.0,8
B0029DHZ6I,4.0,8
B000IMOFN8,4.125,8
B008E0RP3I,5.0,8
B00HUDUX52,4.375,8
B001V9LV4I,4.625,8
B006QNZMIU,4.75,8
B004W07NDQ,4.0,8
B008AXZRES,4.875,8
B008E8HM60,4.625,8
B0001424SG,4.125,8
B007Y02VUQ,4.875,8
B00BPIKGBE,5.0,8
B000F7VTC6,4.25,8
B001UY9TAW,4.125,8
B00C77X2IQ,4.125,8
B0007WLRPS,4.375,8
B00ACXRFR6,4.375,8
B00AFDC9FQ,4.625,8
B00HNCUSI2,4.75,8
B00GNEKA1G,4.5,8
B0029L2YIO,5.0,8
B00014245E,4.75,8
B0058EFFK8,4.875,8
B000PIBGL4,4.375,8
B00AQK0XG0,4.625,8
B00FWL2QBI,4.5,8
B00F5KIGLA,4.5,8
B0012U5HIC,4.25,8
B000OYGP8S,4.625,8
B009POSB6M,4.75,8
B008E6RLUO,4.25,8
B00CCYM3FC,4.875,8
B004WYBHTI,4.125,8
B0029F2HS2,4.625,8
B005HJIC8Q,4.375,8
B0069CZJ0E,4.125,8
B00FWB7F82,4.5,8
B0012Q43YA,4.75,8
B003LU1JJC,4.375,8
B002LE8P3C,4.25,8
B0032Y5M3G,4.5,8
B004N7IG8E,4.125,8
B000VGODQK,4.125,8
B005HIGMSE,4.25,8
B000PP43XU,4.125,8
B009P5SWC4,4.5,8
B001CB8UE4,4.25,8
B001CBBN8E,4.625,8
B0002RUMAE,4.125,8
B008ERA88K,4.5,8
B004N7IGCA,4.625,8
B0018QS9EE,4.25,8
B004RR6LQO,4.75,8
B001C6BCIU,5.0,8
B00BJPJ0FG,4.0,8
B0029UJU7I,4.125,8
B000KP5DL6,4.5,8
B0009ET68E,4.375,8
B002QEBYMG,4.75,8
B003ZU2YVA,4.875,8
B0029VB6HE,4.375,8
B001UBKVH0,4.125,8
B009152RVK,4.5,8
B002QGJX6I,4.125,8
B000NIY7NU,4.625,8
B0053ANV6M,4.25,8
B0062MWRQK,4.0,8
B000K7J3LK,4.625,8
B00F45S9JU,4.75,8
B0032VD9S4,4.25,8
B0002COX4U,4.625,8
B008SASVJ6,4.25,8
B005HFAOQ8,4.0,8
B00I14O9C2,4.375,8
B005NL50TW,4.25,8
B0043OOHP8,5.0,8
B008EWR5ZY,4.25,8
B000INV6W0,4.0,8
B001U3ULQY,4.25,8
B000LUY1RM,4.875,8
B00BJRTCYS,4.125,8
B0006LNR94,4.375,8
B0038AMDN6,4.125,8
B0018QHWI8,4.375,8
B00BDEZ0J8,4.0,8
B002QI2TPI,4.875,8
B00BCNBI8W,5.0,8
B0032VKLY4,4.875,8
B0029XW00Y,5.0,8
B0012NZO6O,4.5,8
B0035GMKJK,4.375,8
B0062R97OU,4.625,8
B001UEPVC2,4.5,8
B004RRBREA,5.0,8
B0063027S4,4.25,8
B008EMF6ZK,4.5,8
B0094Q6VZE,4.75,8
B001UJGF3Q,4.375,8
B000UQEPGY,4.25,8
B002QDGSJQ,4.0,8
B0058FPRZ0,4.75,8
B000142NSC,4.875,8
B0069D70UA,4.0,8
B0012RT1PU,4.25,8
B007XL4ZPA,4.125,8
B00DBN87C6,4.0,8
B000PKUZ46,4.0,8
B0083HGV1O,4.0,8
B00CMKL7JY,4.25,8
B004RRDNYC,4.875,8
B004IG8NZQ,5.0,8
B00853EK28,4.75,8
B002QB4XV8,4.375,8
B000PKUZ2S,4.875,8
B003LZJPXE,4.125,8
B000HAVC6Y,5.0,8
B000VESO26,4.25,8
B0094Q3P8K,4.875,8
B0094Q8H38,4.875,8
B0062W4J8Y,4.25,8
B000I9T8B0,4.5,8
B000KOWDBA,4.5,8
B0046CHQUK,4.5,8
B004B02X2I,4.75,8
B009P7Y48I,4.75,8
B000K7MDVM,4.125,8
B0038BPKKI,4.875,8
B007XJEBRO,4.875,8
B0062U1QC8,4.5,8
B00CBCCE8G,4.875,8
B0062SWQYM,5.0,8
B000GI0U0G,4.75,8
B0071GQPWS,4.0,8
B0014C6FVG,4.75,8
B00H1RTZB0,5.0,8
B009PAF1WS,4.125,8
B001UHN0IQ,4.125,8
B003B6MGF2,4.375,8
B001UHST6O,5.0,8
B001UHOV7K,4.0,8
B0006LNMWG,4.875,8
B009P8CFLK,4.875,8
B00DBA99QW,4.125,8
B003UYQVYW,4.0,8
B0012RQZ9U,4.375,8
B000GCR4V0,4.0,8
B0029B1UPW,5.0,8
B003O4M0K2,4.5,8
B0028OK8B2,4.0,8
B004J1MNII,4.375,8
B00KK6S52Y,4.875,8
B0046JDWKQ,4.5,8
B00134PFK2,4.875,8
B00B6661XM,4.375,8
B00134ORI8,4.375,8
B0046JDVXO,4.75,8
B006YQKI1A,4.875,8
B0002LJXPK,4.5,8
B000F7AN4G,4.25,8
B000052YGS,4.75,8
B00BRQ8YBS,4.0,8
B000UVTCY4,4.75,8
B008DJGOYG,4.875,8
B000CCML94,4.875,8
B00DZZETZ4,4.125,8
B00DZWVUAY,4.5,8
B000P0DBGA,4.375,8
B00013Z1FA,4.5,8
B000P0DBFQ,4.0,8
B0013522FC,4.375,8
B001B8AAB4,4.25,8
B00AZH24E8,4.625,8
B005N6XSEQ,5.0,8
B004NA7GK0,4.625,8
B003UNPZOU,4.25,8
B001WAKUCA,4.625,8
B00DUCUSFC,4.25,8
B000KOM40K,4.875,8
B00693NZ90,4.75,8
B001333G5O,4.75,8
B00198J1CK,4.5,8
B0000CDVMP,4.375,8
B0002DRDNW,4.0,8
B002PHN5BM,4.5,8
B000PHVJCG,4.5,8
B004GC74GQ,4.875,8
B004AQVMVG,4.5,8
B001971DG8,4.625,8
B000BS6XT8,4.25,8
B00FRDPQ54,4.375,8
B000C1VT48,4.75,8
B006YYH5GI,4.375,8
B0033UNAEW,4.625,8
B00DHRRR0O,4.875,8
B00134B9ZC,4.375,8
B007Z2K13W,4.5,8
B001B9I74U,4.75,8
B0035AM8U2,4.75,8
B007Z2CNQ0,4.375,8
B0009EXLZS,4.5,8
B003AT914Y,4.0,8
B005N9BD5Y,4.375,8
B006R5HM6M,4.5,8
B000C1VY3Y,4.375,8
B0082H27EK,4.375,8
B005MGAMZU,4.0,8
B000UW96H6,4.75,8
B00I9L7G8Q,4.0,8
B00358C7S2,4.0,8
B007ZBZX9A,4.5,8
B00AQX7CI4,4.75,8
B00199BT6A,5.0,8
B000LRL3Z8,4.375,8
B00H2H6Y04,4.5,8
B003UM8Y5S,4.0,8
B00H2H6XY6,4.75,8
B0064MC4C0,4.125,8
B0046ZFEG0,4.75,8
B000PH9PFY,4.5,8
B008D8AFJC,4.625,8
B000ESRWLI,5.0,8
B002OWWCP8,4.0,8
B001B4MINQ,4.125,8
B008D6ZX4Q,4.375,8
B0082CAYWM,4.625,8
B001381GXS,4.5,8
B0033ZVUAI,4.5,8
B000P0MRME,4.0,8
B00AVXTS1I,4.375,8
B000GCIC4S,4.875,8
B00H2H6Y9U,4.625,8
B004LOZSJ4,4.125,8
B003ZVUUOC,4.375,8
B000GCICUM,4.75,8
B000P0MRL0,4.625,8
B000UWYDBK,4.375,8
B004APTUFM,5.0,8
B007Z8AV68,4.0,8
B00FEDIK1Y,4.625,8
B003UNB0T4,4.5,8
B004IJ0NLA,4.0,8
B001B7LTZG,4.375,8
B0028K3J6C,4.75,8
B004APYRKU,4.375,8
B0056EDV4C,4.5,8
B003ARHPI0,4.875,8
B008TOJH08,4.125,8
B0002EB0LM,4.875,8
B000IKAHC8,5.0,8
B00135TVZG,5.0,8
B00135RTIM,4.0,8
B0057W0MYK,4.75,8
B005I4UXLY,4.875,8
B004YDTP3W,4.125,8
B00GMP2HW6,5.0,8
B0052EBNZU,4.0,8
B000C1VT98,4.5,8
B001VEHXH2,4.375,8
B0063TVROK,4.375,8
B0063TVD94,4.625,8
B00AYIQ6JC,4.25,8
B000KBJ6R2,4.5,8
B00294H0ZI,4.0,8
B00294TYFM,4.375,8
B00BBTSBO6,4.75,8
B003USE9DS,4.125,8
B006ZG82SA,4.875,8
B0033FJEYC,4.875,8
B001933HP2,4.625,8
B00149FSEY,4.0,8
B000052Y0B,4.625,8
B000052Y0C,4.0,8
B005HXD3WC,4.625,8
B00948ZPFE,4.625,8
B0033ID4JU,4.375,8
B0082ZTUDS,4.375,8
B009QD34B4,4.75,8
B0058A9OF4,4.75,8
B000UTTHR8,4.875,8
B00FEM62Y2,4.25,8
B002PWYHGO,4.375,8
B000AFLOV4,5.0,8
B006QV3B4Y,4.25,8
B00295VHWO,4.375,8
B00649VMVC,4.125,8
B000PI1362,4.875,8
B0058DFQTY,4.875,8
B00IAKEO22,4.0,8
B00COX0S94,5.0,8
B007Y6JF7M,4.0,8
B009Q0ER1S,4.25,8
B00AV2E8L4,4.25,8
B00699JJ4Y,4.125,8
B002LK0GK6,4.875,8
B004RS3ELS,4.375,8
B000C1W0NW,4.375,8
B0012X5RP2,4.375,8
B0043MN4JA,4.0,8
B001BKNC30,4.125,8
B0012X6O4U,5.0,8
B000BTNSBS,4.125,8
B000E3YPBS,4.375,8
B008DZF58Q,4.75,8
B00192MW5E,4.125,8
B001VD05UA,4.125,8
B002Q258EI,4.625,8
B001VBG7J0,4.375,8
B00149VKTG,4.5,8
B00FEP25UE,4.25,8
B00I9KKUDA,4.0,8
B005MEMNCM,4.25,8
B004709K4Q,4.75,8
B005HZO8BU,4.25,8
B003YUVSM2,4.875,8
B000141KY0,4.25,8
B0028VM7CI,4.625,8
B00130LMFI,5.0,8
B001965XGA,4.125,8
B001VOBWPQ,4.625,8
B004RV4LZI,4.25,8
B001VNIWZK,4.25,8
B000GCKDS6,5.0,8
B000WCXO7M,5.0,8
B00KKKW03U,5.0,8
B002PKNSWA,4.5,8
B004LXKY4E,4.0,8
B004GZ95FG,4.125,8
B00GH4ZDRI,4.75,8
B004RVYNZ6,4.25,8
B00CN4GQT0,4.25,8
B004RVJKPY,4.75,8
B000LSBZB4,4.375,8
B003MJ42M8,4.625,8
B00645FJJ2,5.0,8
B001VSXAZM,4.375,8
B001VSFBNQ,4.5,8
B0019692FS,4.125,8
B004700UEU,4.625,8
B002LM7RRO,4.25,8
B0028WDK3W,4.25,8
B00F6IFLA0,4.75,8
B005HYFGJO,4.625,8
B00404AXBI,4.25,8
B00BPGDD2A,4.375,8
B00147OL0I,4.625,8
B003MC1HTQ,4.5,8
B000KOO8YA,4.125,8
B004YCD5I4,5.0,8
B001BDVN6A,4.375,8
B007YK73PY,4.0,8
B004GBI5JM,4.375,8
B005HXJOES,4.375,8
B004UHSO4S,4.375,8
B00E0ORVCW,4.25,8
B001VJ5ZA4,4.625,8
B004J37SRC,4.25,8
B000BC8ZMC,4.625,8
B00BJCETTQ,5.0,8
B009QGOI9I,4.0,8
B00641QWV0,4.375,8
B003MGBW0G,4.5,8
B002PNS9SK,4.0,8
B0091HGWU0,5.0,8
B00B19IBOG,4.125,8
B007YOGZJU,4.25,8
B004ARO3LQ,4.125,8
B007YOAD20,5.0,8
B003ATQL2O,4.875,8
B0012ZJ9ZY,4.75,8
B00361W8FA,4.5,8
B00AZ7HKH4,4.125,8
B001MS7HN2,4.5,8
B0009TRBG8,4.5,8
B007P6AKDY,4.5,8
B008LMWL92,4.25,8
B002HWS7W2,4.875,8
B002ZVIAQS,4.875,8
B002WJHK1O,5.0,8
B003I9251C,4.875,8
B002WJHK28,4.25,8
B0050OJKIE,4.5,8
B00EI2NNUU,4.25,8
B00HESA9IE,4.875,8
B002WJHKJ6,4.25,8
B007H0S832,4.625,8
B005ES6E1M,5.0,8
B002WJHJY2,4.625,8
B0054Y9KW6,4.5,8
B00FLKP0YK,4.125,8
B001LF4D10,4.625,8
B009HROV0M,5.0,8
B005ESBANE,4.5,8
B00BQQC42Y,4.875,8
B002ZVRYKQ,4.5,8
B000SE9S3S,4.25,8
B000JLAXXY,4.25,8
B00BB3JWXQ,4.875,8
B004P5D9JU,4.125,8
B000RAC7L8,4.5,8
B00BZ4XLDS,4.5,8
B001FWXITW,4.375,8
B002EFL508,4.875,8
B007P57ZY2,4.5,8
B000Z4UGMS,5.0,8
B001LBFC50,4.0,8
B00G9EL7CG,4.875,8
B0047JJUBA,4.0,8
B0036FWWNE,5.0,8
B000Z4NC9M,4.25,8
B007P295SY,4.125,8
B000069A3A,4.375,8
B000EVL3A6,4.875,8
9749377397,4.25,8
B008LT63SU,4.25,8
B003EW0G64,4.375,8
B000SBMBWQ,4.625,8
B004KEKGNI,5.0,8
B005PMZBES,4.75,8
B00CHY4QFM,4.25,8
B001L9XN7Q,5.0,8
B00EI3JV5A,4.375,8
B0041NDSOC,4.25,8
B002WJHL40,4.75,8
B000FKHNEG,5.0,8
B003EUQ2KU,4.125,8
B001L7MZKY,4.625,8
B001FWXMBQ,4.0,8
B003I8MDXS,5.0,8
B000Z4PDTY,4.75,8
B00C9ZGL84,4.875,8
B00021A5L6,4.625,8
B007GB30I0,4.5,8
B007PFX00K,4.0,8
B002WD0W10,4.75,8
B00AAHR8TY,4.25,8
B00IMQEQTU,5.0,8
B007G8S4I4,4.875,8
B001LINGZG,5.0,8
B00AXMLXYC,4.0,8
B000BKYQC2,4.0,8
B00A7R3ABW,4.0,8
B006JB4P8W,4.75,8
B007G9ZKLW,4.625,8
B00172SBEW,4.125,8
B008LF602I,4.75,8
B003I9AXTS,4.125,8
B000H3COY0,4.125,8
B001FTASDY,5.0,8
B005UERHD4,4.375,8
B000Z63KT2,4.125,8
B004V6BZ9O,4.75,8
B004HT4SS0,4.125,8
B000R92XDQ,4.625,8
B000CR2H7A,4.125,8
9788072569,4.0,8
B008LER884,4.375,8
B0015PSMLS,4.25,8
B002I04C36,4.125,8
B004HUBVN4,4.25,8
B000N15UWY,4.5,8
B006J80W28,4.5,8
B002I1VKSU,4.5,8
B0042UIP1A,4.125,8
B001LFFU12,4.25,8
B002WEWXIY,5.0,8
B00ANQSTKE,5.0,8
B000BKYR8A,5.0,8
B00B0PFDCY,4.375,8
9788072100,4.25,8
B000Z5ZWH6,4.125,8
B005U8N1E4,4.25,8
B005PFPCH6,4.125,8
B000FKJKIS,4.5,8
B008OW81KC,4.125,8
B00172FM9O,4.5,8
B005UCWZHO,4.625,8
B007PCRM0M,5.0,8
B0086CU7BG,4.75,8
B0001BNYQ0,4.0,8
B000Z606V2,4.125,8
B002WE9S5U,4.125,8
B005UCWHZE,4.0,8
B002EBR0ME,4.375,8
B002WMXL7I,4.125,8
B000217AMS,4.25,8
B003F62G3U,4.75,8
B001KYU3RK,4.875,8
B000EM79YO,5.0,8
B001G7PK4W,4.75,8
B002WW9O7Y,4.875,8
B001KYU39I,4.5,8
B001KYU9GA,4.5,8
B00D2B7GLU,4.25,8
B0009VCHBK,4.375,8
B009GYXNJ6,4.625,8
B009CB06V6,4.625,8
B001KYTYEI,4.75,8
B003I5SDJO,4.125,8
B000YQJH40,4.625,8
B000RGFQEC,5.0,8
B0007D8DYA,4.75,8
B008M101NK,4.25,8
B0037565KO,4.5,8
B0009YDOIW,4.875,8
B000O7T9XI,4.625,8
B00CFQ32AC,4.0,8
B005CU9WJI,4.75,8
B007HS0L7A,4.25,8
B00094O6DO,4.5,8
B002HP1HEE,4.5,8
B004D6UVK6,4.125,8
B005CW50Q0,4.125,8
B0016OCUTI,4.25,8
B000HRWNW4,4.5,8
B003F6VKG4,4.625,8
B002WZM85Q,4.875,8
B0015X9FJI,4.625,8
B000MVG704,4.625,8
B007ONF484,4.625,8
9511181564,4.625,8
B00A84K14S,4.125,8
B006FO40KQ,4.25,8
B000XE7KDI,5.0,8
B003F7BJ4G,4.5,8
B001G7PPDI,4.375,8
B000YNY9SM,4.0,8
B000XE7BBO,4.75,8
B001G7PN4E,4.75,8
B000MVP408,4.125,8
B007OOSA8E,4.625,8
B000FGJOAQ,4.25,8
B009CC35OA,4.875,8
B005CVHWT4,4.25,8
B00CFQK6YW,4.25,8
B002F3R44K,4.625,8
B000O2T3DY,4.375,8
B006IJK96W,4.5,8
B003XPXIHQ,4.375,8
B001KYTSN0,4.375,8
B00BEXTJSG,4.75,8
B001G7DTJK,4.5,8
B00062OQ4S,4.5,8
B007HCHR5A,4.5,8
B0086LC2T2,4.625,8
B0016XMYGS,4.875,8
B0036G0H58,5.0,8
B001G2JBFG,4.5,8
B0041MEMVG,4.875,8
B0016ZMHZO,4.375,8
B0086LC3AK,4.5,8
B000YZLQWM,4.375,8
B004805JLS,4.25,8
B000SA6M4K,4.75,8
B007HKO8P4,4.5,8
B000YZJO9O,4.25,8
B001G50HAG,4.0,8
B007P0MMX6,4.25,8
B00375L8P6,4.625,8
B002EORCEW,4.375,8
B004MKOTQK,4.0,8
B0088H1XWG,4.625,8
B0050NP4OE,4.0,8
B002ZTX7LI,4.375,8
B007HD40L8,4.5,8
B0016ZO8MO,4.25,8
B004EEF6K2,4.25,8
B000Z3R8PW,4.625,8
B005PNAFW0,5.0,8
B002WQ36MY,4.5,8
B00I49E7KS,4.0,8
B000YY5PRU,4.75,8
B000BL27BS,4.0,8
B00ER9MK26,4.375,8
B003I802UO,4.75,8
B00BEZBQMQ,4.5,8
B003I7YR24,4.75,8
B007HNSL7W,4.5,8
B005EMVB2K,4.0,8
B004TOD2BC,4.875,8
B002ZON57Y,4.125,8
B0054Y36OY,4.5,8
B00GLFDWZI,4.5,8
B000JL8ERQ,4.25,8
B0036G2SXW,4.5,8
B0036G26QQ,4.0,8
B006FJSG3I,4.5,8
B0001DBM3U,4.375,8
B005CS21VG,4.5,8
B00BLVSW9S,4.375,8
B00C9VO1XU,4.0,8
B000JL8N2C,4.875,8
B000YZBVA4,4.875,8
B005EOA8HM,4.5,8
B0008ENT7O,4.5,8
B00B5LBVXI,4.375,8
B001G60EW6,4.125,8
B009H62BT6,4.875,8
B000O88M80,4.375,8
B001KYWPDA,4.375,8
B009I0KZNA,4.375,8
B001F6NFM8,4.125,8
B004ETD79O,4.875,8
B001MA9QV6,4.5,8
B008KSBHNS,4.75,8
B003QJYFFS,4.125,8
B005K84WDS,4.875,8
B004ZWH232,4.375,8
B001MA475Q,4.0,8
B00JZGJ7FO,4.0,8
B000GG0TLS,4.5,8
B005K85MKU,5.0,8
B009J0ESDC,4.5,8
B00006ISDE,4.375,8
B007DZJ8FS,4.625,8
B001F51VPM,4.125,8
B009IYNHHC,5.0,8
B003IMBTBG,4.375,8
B00EERQAIQ,4.625,8
B00005K9CL,4.5,8
B0088VP9YK,4.375,8
B000XDYO3S,4.625,8
B00021DCRU,4.0,8
B004KAZ9TI,4.75,8
B008X2PG5Q,5.0,8
B000R8SE3A,4.875,8
B006EL4FWI,4.625,8
B004ZWH30O,4.75,8
B005URUARQ,4.0,8
B00DQDI4BA,4.0,8
B000MASTP6,4.25,8
B003XDRCM0,4.625,8
B002VTVSPY,4.5,8
B007Q46DXG,4.75,8
B00BZAWSS6,4.5,8
B008X3PECK,4.5,8
B000XE0OYU,4.25,8
B000MASTD8,4.5,8
B005F286MC,4.375,8
B0015KD1OG,5.0,8
B00BF9BAKY,4.75,8
B005C6ANIQ,4.625,8
B009W8UFLA,4.625,8
B00AKTKRRW,4.25,8
B0015KDMUY,4.25,8
B006ENAVSS,4.25,8
B006ENMT3S,5.0,8
B00CIH9JPA,4.875,8
B00KYF03BM,5.0,8
B001FB5HG0,5.0,8
B000ZFYRQI,4.75,8
B0015KDULA,4.25,8
B0006VS39I,4.75,8
B000O2KATA,4.875,8
B000ZBPPF4,4.25,8
B004XSA9YC,4.75,8
B004KAS5XA,4.25,8
B0006V5U3U,4.625,8
B001F0RBEM,4.375,8
B000C1VW5Y,4.625,8
B0045DAPY4,4.25,8
B0043ZA2FG,4.375,8
B005C2N8AU,4.375,8
B001F1W96Q,5.0,8
B000ZP49GG,4.375,8
B000JQYSYY,5.0,8
B000VOP5GO,4.5,8
B004TC0XFC,4.75,8
B003IQUSZA,4.625,8
B00ADQIBXY,4.75,8
B009AFINSW,4.875,8
B0045DBQF6,4.125,8
B002DHCXI0,5.0,8
B007D1E82U,4.625,8
B007D1E83Y,4.375,8
B004CNH84C,4.625,8
B007QXDHNQ,4.5,8
B00005IA51,5.0,8
B002VECJX4,4.625,8
B009AGMX64,4.5,8
B000OD5TX6,4.125,8
B000XDXPLU,4.125,8
B005K7ZNDM,5.0,8
B000SSG1MA,4.625,8
B00A7DMYIQ,4.125,8
B001F51T4U,4.375,8
B004OXCGFG,4.0,8
B00B2VTWOG,4.25,8
B00AXKR4RY,4.25,8
B000SRVQ4O,4.25,8
B008PF3UO0,4.25,8
B000JPM2HK,4.875,8
B0006V98BK,4.625,8
B0017CXFYS,4.5,8
B00487NHCO,4.25,8
B003IPP9VE,4.75,8
B00BGXPAN2,4.0,8
B005C2N8PK,4.0,8
B000A393IC,4.375,8
B009AH8OS4,4.75,8
B002VECK6A,4.625,8
B000N2JWVI,4.25,8
B005C2NBF2,5.0,8
B005C2NBKC,4.0,8
B002DMK0HG,5.0,8
B002VECKNS,4.0,8
B00DQHX1FK,4.75,8
B001F4QC2U,4.25,8
B000ODPHR4,4.125,8
B00A7AVJ5I,4.375,8
B005K6SEES,4.375,8
B006ENWMZI,5.0,8
B004V63IE4,4.875,8
B002IA2GL6,4.125,8
B00ATIA846,4.75,8
B00ET9YXD8,4.25,8
B005CD7JKO,4.25,8
B009I6YVYI,4.25,8
B001FORICS,4.875,8
B006JKXKG6,4.625,8
B008X5SL6E,4.625,8
B002ZZYCGQ,4.5,8
B001LR5V0A,4.25,8
B004V5WVC0,4.875,8
B005UGVPFI,4.25,8
B008YNYGXW,4.625,8
B00CIB3IR6,4.25,8
B003EDFJCY,4.375,8
B00BXZDBGG,4.375,8
B004TDQFV2,4.5,8
B002DYGTSI,4.25,8
B00HPUGQP6,4.125,8
B00EFZRPJ0,4.5,8
B005CCMXO2,4.0,8
B00IBMV2ME,5.0,8
B00375UKMI,4.875,8
B005UHRKU6,4.75,8
B007FIUDMA,4.0,8
B007FIUES8,4.5,8
B007PSHW8I,4.5,8
B000Z65DN8,4.5,8
B00021BB5K,5.0,8
B003XJDAFC,4.125,8
B000SJJDE2,4.125,8
B005EUWQZI,4.75,8
B005CGS4RI,5.0,8
B003QRUB7G,4.625,8
B009XRM23E,4.0,8
B0050Q2KOS,4.375,8
B0015OFZJQ,5.0,8
B00ET11XX4,5.0,8
B00AEM0XHO,4.25,8
B005EU7G94,4.125,8
B00ESZYVMG,4.25,8
B008OXW0UI,4.25,8
B008YM6WY4,4.625,8
B001LQ1L8C,4.875,8
B00021BTWK,4.0,8
B000Z65AR2,4.0,8
B00ET7IRDM,4.25,8
B003EENTOS,4.375,8
B004CZTA82,4.125,8
B00DQ48IC4,4.5,8
B000GDF49I,4.375,8
B00021BE0M,5.0,8
B00CYQETZA,4.875,8
B00AL40OK6,4.125,8
B002W2OU5A,4.0,8
B000BKSGDM,4.125,8
B00307JNGM,4.25,8
B00064C5IK,4.125,8
B008PAJLPW,4.75,8
B00176SJPY,4.75,8
B007Q1K32Q,5.0,8
B002VWK9EC,4.375,8
B002VWK9EW,4.5,8
B005CAS13G,4.0,8
B000VOPGUE,4.5,8
B00BQS07CQ,4.375,8
B000H4EF9Q,4.25,8
B009AYB48Y,4.625,8
B000Z8XY8M,4.625,8
B004EM24L8,4.375,8
B0015KID0S,4.0,8
B003EAF1UC,4.0,8
B006JTJVLU,4.625,8
B008PAN4ZA,4.875,8
B0085YKPTO,4.75,8
B003EAIT38,4.0,8
B005F1ISOO,4.25,8
B000FKJP56,4.75,8
B009AXGF34,4.875,8
B004KS2PD8,4.125,8
B0085YKQN4,4.0,8
B003ECTXIQ,4.625,8
B00GSURSL0,4.625,8
B000N2EQLY,4.5,8
B0047G9X4C,4.75,8
B003XFLO6I,4.625,8
B00BB7LMRQ,4.375,8
B0036F8986,4.375,8
B001M0XL80,4.375,8
B000JM3LDM,4.25,8
B00IC7L3JK,5.0,8
B005P805P2,4.75,8
B006JRHUM4,4.75,8
B00021CHWQ,4.875,8
B00GWZ3X8I,4.625,8
B003EDDHAA,4.25,8
B00HRSBKFM,4.25,8
B0088QECQQ,4.5,8
B003QKQBHW,4.375,8
B007FARC7W,4.375,8
B00306CN6A,4.0,8
B007PY5VE4,4.875,8
B008P8EIQ6,4.25,8
B000Z8VGIM,4.875,8
B00GSXIMTO,4.875,8
B002VWL2K2,4.0,8
B001FB79BG,4.625,8
B00021CKFK,4.625,8
B0015KPYAA,4.75,8
B00BLNMX14,5.0,8
B00B9L8Q5K,4.625,8
B003IFYEJ2,4.0,8
B00064BP1I,4.375,8
B008M5YSBM,4.625,8
B001JI6BEG,4.875,8
B000XEB3I6,4.0,8
B0001KBR1A,4.375,8
B000EVIUYS,4.875,8
B000MMSE1S,5.0,8
B009XE1JCW,4.5,8
B00CH6NPU2,4.125,8
B0009WY4WO,4.5,8
B000O6CN4Q,4.375,8
B007KAESXI,4.875,8
B003Y59QGC,4.125,8
B00EOWDAYI,5.0,8
B002HC8038,4.125,8
B001H4W7RW,4.375,8
B001JKP9YC,4.5,8
B0054Y0G6K,4.0,8
B004DSPBUO,4.5,8
B002Z7FVIM,4.625,8
B00EOZKVJM,4.875,8
B001H2W74C,5.0,8
B0016C2IEW,4.125,8
B0009WY4W4,4.5,8
B005RFF5YO,4.625,8
B002G6ZRCM,4.375,8
B00161FVDS,4.75,8
B007K6C974,4.625,8
B005012JU8,4.75,8
B000O3PI6O,4.375,8
B006GDKQRC,4.0,8
B00D10A2X6,4.875,8
B0036Z2PDG,4.625,8
B0009WY528,4.25,8
B003YCEHXW,4.5,8
B006H9LDG8,5.0,8
B0054U56GO,4.375,8
B009DUJJ6O,4.625,8
B005R3L6Q2,4.5,8
B0054MX0S8,4.125,8
B00BAXUB5U,4.625,8
B00FNTAR3I,4.25,8
B003Y5ZB2K,4.5,8
B002YFQSAK,5.0,8
B007KJ03LK,4.5,8
B001JB7494,4.25,8
B000JK3M7O,4.5,8
B0054NV76E,4.0,8
B001H9L3J0,4.625,8
B004PQIQFQ,4.0,8
B0001TQ4MI,4.25,8
B000EVIUWA,4.625,8
B00AMXKXW0,4.625,8
B005R87I3W,4.75,8
B0044EDC7Q,4.25,8
B002G7L0GI,4.875,8
B0087Y26US,4.0,8
B00BYFY2YK,4.5,8
B000E9WFN2,4.75,8
B002H988FQ,4.125,8
B0087XTD3W,4.375,8
B00CQQCB2G,4.5,8
B005KYNEJU,4.25,8
B004I0V9M6,4.5,8
B007MJKFMU,4.125,8
B007KKUYXG,4.75,8
B0036ZBQPO,4.0,8
B005E3VS7W,4.5,8
B001GSK80M,4.5,8
B002Z7FW3G,4.25,8
B009DHNZ6C,4.125,8
B00AECAKGI,5.0,8
B002Z7FW1I,4.875,8
B000RO0CFM,4.75,8
B00CHFRT32,4.25,8
B0016FWEZM,4.25,8
B009G0E0WY,4.75,8
B001JZ2ADK,4.0,8
B0050CQVRE,4.25,8
B00880WJ3U,4.375,8
B000FH5U94,4.25,8
B004Q8HECO,4.0,8
B001GS4HEA,5.0,8
B004KEQPKQ,4.625,8
B004THWBLQ,4.75,8
B001GTFC0W,4.875,8
B00A91GUZ4,4.75,8
B001JQD0WY,4.625,8
B004Q85822,4.875,8
B005RK9TSW,4.5,8
B009FPOPXO,4.625,8
B002Y1JX1A,4.375,8
B00AMAR74K,4.125,8
B000XYKXSW,4.375,8
B001JQLNKA,4.875,8
B001JPKQGI,4.25,8
B000O3M12I,4.0,8
B004VIFQS8,4.375,8
B002Y26RT0,4.125,8
B0047PKCSE,4.125,8
B001JQLNLE,4.5,8
B004KJMAP0,5.0,8
B008N1H3GC,5.0,8
B00EP64N6C,4.0,8
B00EP5ZCJK,4.375,8
B008N1H2WW,5.0,8
B00CHCQIO6,4.5,8
B004XJIGGO,4.375,8
B002XXQ510,4.0,8
B003ZJJDV0,5.0,8
B0036ZAAWY,4.125,8
B000RO5CPW,4.75,8
B001JQLNO6,4.75,8
B000XT1QSI,4.125,8
B003FU1GSC,4.0,8
B006H299OS,4.75,8
B001IY03G8,4.5,8
B002Z13TIC,4.125,8
B004WATDSE,4.625,8
B000XK04XU,4.0,8
B00005V5OT,4.25,8
B007LV1MXU,5.0,8
B002Z13TKU,4.625,8
B00B1RTFPM,4.5,8
B0036XNGB8,4.375,8
B0036U16GS,4.375,8
B000XJ5N78,4.5,8
B006H2P1WC,4.5,8
B00HK11A10,4.375,8
B000O5162M,4.875,8
B00DNTRV66,4.875,8
B0007CXYM2,4.25,8
B00BMC4DC6,4.0,8
B002Z7FS6C,4.25,8
B004I4BAUI,4.5,8
B003S0VOJ0,4.625,8
B00449BZBQ,4.375,8
B00BD3OOTG,4.375,8
B0044AISII,4.5,8
B0041FQHPC,4.625,8
B00164FJ96,4.0,8
B007LTYUZO,4.875,8
B008O4D6K0,5.0,8
B00BYBUXMY,4.625,8
B002Z3HWAG,4.875,8
B000XFSUUO,4.75,8
B0054R7YOE,4.125,8
B000MIM9FY,4.625,8
B000EMDK60,4.125,8
B005L79U58,4.125,8
B000FIBY3O,4.75,8
B000GF1S0U,4.375,8
B0036UVWJY,4.375,8
B004WAASO2,4.25,8
B007LGMFIG,4.75,8
B002Z3C7BA,4.75,8
B003GYOQPC,4.625,8
B00AE2HRYQ,4.625,8
B004DKP53A,4.25,8
B002Z31VFI,4.875,8
B004I3VZUO,5.0,8
B00D0GA3WQ,4.0,8
B005DLM6M6,4.375,8
B00BEEK5II,5.0,8
B002GUP138,4.5,8
B007LQDQCK,4.25,8
B001I90NRC,5.0,8
B0001M7DIY,4.125,8
B004TM71OI,5.0,8
B006GQEWEC,4.5,8
B00BEG4GH2,4.625,8
B003H69MIA,4.125,8
B001J9PAU6,4.0,8
B004KGUTYC,4.25,8
B000RPQ6VK,4.875,8
B002H6WQKM,4.0,8
B00BAVV4SK,4.625,8
B00DO436VY,4.625,8
B008NE2NGE,4.75,8
B0009XJNK6,5.0,8
B000062WUK,4.75,8
B001HLA6YG,4.0,8
B007KSWYQS,4.625,8
B002YLABXY,4.125,8
B003GDYMTS,5.0,8
B00BAVUH6U,4.25,8
B001J9PAV0,4.5,8
B000FZZ4D8,4.25,8
B0007CZW0O,4.875,8
B001JAH2V0,4.125,8
B004DIW0GM,4.375,8
B000JIDH1M,4.125,8
B007MJK1CE,4.375,8
B001HFICIO,4.375,8
B0016B74RO,4.5,8
B002YJA2LM,4.75,8
B001HK04BW,4.375,8
B0087H5OSQ,4.5,8
B007KOUH84,5.0,8
B005QZXM0E,4.375,8
B00163OTXY,4.75,8
B006GGIYNM,4.625,8
B001HLJ318,4.25,8
B000RQPNFY,4.75,8
B001641KLC,4.5,8
B004DPCQMS,4.0,8
B004Q1OC6W,4.75,8
B00BQHFZOM,4.5,8
B005QR6QG4,5.0,8
B001HV2QLM,4.0,8
B007MAUF4W,4.625,8
B000B623XU,5.0,8
B000G014TU,4.5,8
B000RV00D4,4.125,8
B001J31JNO,4.375,8
B0001M3KKO,4.75,8
B004XJO0FU,4.75,8
B006H780AM,4.375,8
B0087HZ0P8,4.75,8
B001J99UWA,5.0,8
B0087HZ15W,5.0,8
B00I87ISH4,5.0,8
B001HNEIXE,4.5,8
B00JVVQSFA,5.0,8
B00431K84U,4.5,8
B001J8APZW,4.25,8
B002YPNG28,4.5,8
B005Q8RLOY,4.875,8
B001HRH3VE,4.5,8
B0036YSG8A,4.625,8
B002YPGH56,4.75,8
B000Y6JCF4,4.25,8
B001KYRRNI,4.5,8
B005T5CM5M,5.0,8
B0050I2VUE,5.0,8
B004TH4ZF6,4.25,8
B0054Y27SK,4.5,8
B002ZJ7M00,4.0,8
B0016M1PW8,4.5,8
B004PDHKRY,4.75,8
B00CFWXAZI,4.625,8
B0001EL252,4.5,8
B005T50S6M,5.0,8
B005CZIRNK,4.125,8
B007INYVJI,4.375,8
B000S6S92C,4.25,8
B000S805IG,4.0,8
B0037328JI,4.375,8
B000RJXU74,5.0,8
B005EHO5WI,4.25,8
B00076YLFW,4.25,8
B00076YLGQ,4.0,8
B000YHRB56,4.125,8
B008MCGQPG,4.75,8
B00BMTX5HI,4.875,8
B005CXKU9Q,4.75,8
B008MCGKW0,4.5,8
B003FBQIUW,4.875,8
B00D14LN62,4.375,8
B005SW1950,4.5,8
B001KYJJJI,4.25,8
B001KYHEA4,4.5,8
B001G9GJKY,4.0,8
B004Z214YA,4.25,8
B0001EL7H0,4.625,8
B001GAVR32,4.0,8
B00CHOQK0Q,4.875,8
B001GBBTO8,4.125,8
B004VDR7Y4,4.5,8
B0015YQQJO,4.125,8
B000CNKITS,5.0,8
B003ZFS4KU,4.875,8
B00DP30SM4,4.5,8
B003FBRU1I,4.25,8
B007ION4PE,5.0,8
B00CHPUDG2,4.625,8
B001G8WFEO,5.0,8
B000MUJRY8,4.0,8
B0044Q2LN0,4.125,8
B00BEVXQBO,4.25,8
B007O0CUCK,4.25,8
B003FDXWNQ,5.0,8
B006ICB5RQ,4.0,8
B00GW4PXY6,4.0,8
B00C3MXMZS,4.5,8
B00GTCOEQ4,4.625,8
B00C9SV942,4.25,8
B00B1U98LK,4.875,8
B001KYQC1G,4.5,8
B0001ZWMPK,4.875,8
B00EJMTNTY,4.0,8
B00C8Y8NBY,4.875,8
B0002Z90Q8,4.125,8
B004KEMGIQ,4.75,8
B001KYRRG0,4.625,8
B0016O75G6,4.625,8
B007I0M1CK,4.625,8
B000S85A2C,4.375,8
B004Z216P2,4.25,8
B0016O5Q5S,4.25,8
B0016O5PQ8,4.5,8
B0015XRQMQ,4.0,8
B00CFUFBBG,4.5,8
B004HXV578,4.875,8
B004ZZCKN6,4.0,8
B000RJGRNI,4.625,8
B005EII7LC,4.0,8
B0002Z91VM,4.375,8
B008707BTI,4.25,8
B000YILPXO,4.5,8
B0015XUUG0,4.5,8
B000MUURTC,4.625,8
B001KYQ1MG,4.125,8
B001KYQ0KO,4.125,8
B000YIA6IE,4.75,8
B000S82BX8,4.25,8
B000XE7TOS,4.25,8
B001KYQ996,4.75,8
B000L9MV5M,4.25,8
B000JCDV5A,4.125,8
B008MAXT8U,4.375,8
B008MAVBLC,4.5,8
B002XDQIVM,4.5,8
B003FD9YK6,4.625,8
B00EL27A4C,4.25,8
B001KABJR2,4.375,8
B000GJ7C88,4.75,8
B002XQ1WEM,5.0,8
B001GKX9VU,5.0,8
B006HIU1OE,4.375,8
B000YA82WO,4.625,8
B005SA8A68,4.875,8
B004PJB204,4.25,8
B002FVR3SO,4.875,8
B0044I7W3C,4.0,8
B0007D5DRK,4.75,8
B003FO2PCY,4.875,8
B007NC4D2O,4.5,8
B000S22JPE,4.125,8
B002XQ1T54,4.625,8
B001613RTS,4.25,8
B0036ZYMGO,4.25,8
B0044JY2BG,4.0,8
B001KH0FUW,4.875,8
B000MS07BW,4.625,8
B000MS07AI,5.0,8
B00AXVONOU,4.125,8
B001KIV6O0,5.0,8
B000O3BEBC,4.5,8
B0036MPC8Y,4.25,8
B003HL6MQ0,4.75,8
B002HFMXAQ,4.0,8
B00BD1790Y,4.625,8
B005LB0HSI,4.625,8
B002FZ9NU6,5.0,8
B001618JIC,4.375,8
B00BAYBUUE,4.75,8
B00005R1GL,4.375,8
B006HIF81U,4.375,8
B00880WKHK,4.375,8
B0041CUH1U,4.375,8
B007N2MYTS,4.25,8
B005S19G6U,4.375,8
B008MX2VQI,4.0,8
B005E6CO18,4.25,8
B00875FH4Y,5.0,8
B007N4D4JK,4.75,8
B000RNLPCM,4.25,8
B00BAYQTV4,4.875,8
B007N6IX9O,4.125,8
B001GN5S98,4.5,8
B00GTV75L6,4.625,8
B001K3J1II,4.0,8
B002Z9KNRO,4.75,8
B005D6Q3T8,4.25,8
B009G1ZMHA,4.125,8
B003FR9G4G,4.125,8
B00EL287ZI,4.75,8
B001611OI4,5.0,8
B00446DJI6,4.125,8
B002FKRS80,4.375,8
B002FKT0YK,4.75,8
B0054Y1G1E,4.875,8
B001KSFA5Q,4.875,8
B000JEYL70,4.5,8
B005SPTWJ2,4.625,8
B004XK7W18,5.0,8
B009D75M8Q,4.375,8
B000EVGOTG,4.25,8
B006HN1N28,4.375,8
B000GFWK66,4.5,8
B0001FFJI2,4.75,8
B000YDE34M,4.875,8
B00CQURFDC,4.375,8
B00GDAR572,4.375,8
B006FXLNSY,4.625,8
B00A8M6QZI,4.375,8
B000CNKJTW,4.25,8
B0044NGGCA,4.0,8
B007NMJSKQ,5.0,8
B003RDVRQS,4.0,8
B00A8NSHIG,4.875,8
B000XE8EWE,4.0,8
B0002ZLJHQ,4.625,8
B00BMRA7MQ,4.25,8
B000GZ7GAG,4.75,8
B0001EMLH0,4.25,8
B00885N6DC,4.875,8
B009D81F4U,4.875,8
B00160Q0GQ,4.5,8
B007JCL4UC,4.0,8
B004DBUAK2,4.875,8
B002XQ1RT2,4.5,8
B000RNJKJC,4.5,8
B00J22S1TO,4.625,8
B009D9O87K,4.5,8
B009XHB8HU,4.125,8
B00445Y2E2,4.5,8
B0050E2V30,4.0,8
B002FRDIDM,4.75,8
B004QBRXC2,4.125,8
B000GZ9X8O,4.875,8
B000VUXE2K,4.5,8
B001KNX01M,4.0,8
B006G0D1V8,4.125,8
B002ZG8DG0,4.625,8
B006G0F6LQ,4.125,8
B004DBS8AG,4.875,8
B00FMRRFNG,4.875,8
B004PI4DNI,5.0,8
B00005OM2J,4.875,8
B00005Q2UL,4.125,8
B003ZG0J5W,4.5,8
B000VTJXM6,4.625,8
B004QBX2OU,4.625,8
B005PXHR2G,4.0,8
B00C3HQB9C,4.75,8
B001GIOV0K,4.625,8
B001MS7A48,4.375,8
B007F9GB4S,4.75,8
B00378OLHU,4.5,8
B00366FGF4,4.625,8
B0006Q00NU,4.375,8
B005BH0SY0,4.125,8
B004T3COSU,4.75,8
B00366HTPE,4.125,8
B009YE6J6W,4.5,8
B005OUJGPG,4.5,8
B000TGX688,4.625,8
B004X8K7KS,5.0,8
B000IZTZXA,4.75,8
B0079ZCRVY,4.75,8
B0011002YW,4.5,8
B0017LZBD2,4.0,8
B002JF3326,4.0,8
B003WL6NWI,5.0,8
B003WL7OD0,4.25,8
B009L11BPC,4.875,8
B002UEGU62,4.875,8
B008ZFIH9S,4.25,8
B00KSJA7HE,5.0,8
B001OLFQLC,4.75,8
B00999HMS6,4.5,8
9790781105,4.75,8
B0047DK2U4,4.125,8
B008QM2JYO,4.875,8
B00GYB13NM,4.75,8
B005WZ4HQG,4.5,8
B00BDSUQ5M,5.0,8
B007RUH2TS,4.5,8
B0015GTR5M,4.25,8
B001OE27A2,5.0,8
B000N2ON1C,5.0,8
B003JCSI9Q,4.5,8
B0055DXCFM,4.125,8
B004V3VF0G,4.75,8
B00FJFRL8U,5.0,8
B00G3MKHQQ,5.0,8
B008IW2DWK,4.375,8
B001OBPFVS,4.5,8
B00EW7A0MA,5.0,8
B007RUW2RA,4.75,8
B003WM3QZE,5.0,8
B008QHDM0Y,4.5,8
B00155LZKI,5.0,8
B002CMLHCE,5.0,8
B001ES6XZ8,4.25,8
B002UEQ5AS,4.625,8
B0017LW73E,4.625,8
B004F8GY6W,4.125,8
B008ZCSCIC,5.0,8
B000X2FRUS,5.0,8
B0030VKTAM,4.625,8
B00795VESQ,4.375,8
B008IEFAA0,4.25,8
B004K0L0NC,5.0,8
B000LEDR82,5.0,8
B0017OFNWI,4.875,8
B001126Z8W,4.625,8
B001EJOQ56,4.875,8
B008IEFC2G,4.5,8
B001OSGZYW,5.0,8
B001OS75VE,4.125,8
B002U6R6RW,5.0,8
B0047DI9R2,4.0,8
B008QMQLY8,4.625,8
B001OTPRLS,4.75,8
B000X1JHE6,4.375,8
B005X9TOWS,5.0,8
B000X1LR5I,4.25,8
B0085E6OC6,4.75,8
B008QRQI96,4.75,8
B00CAF8HRG,4.25,8
B007SA85AW,4.375,8
B0011292BO,5.0,8
B003DGZPA8,4.5,8
B00017UZ5W,4.375,8
B009L4H3D8,4.125,8
B002JGNVEA,4.375,8
B0040UH4KA,4.5,8
B005X5GMAE,4.875,8
B000QU5QIA,4.375,8
B003JI8RLY,4.625,8
B002CL6KZ4,4.875,8
B000VOLIZ6,4.75,8
B001OMI8YS,4.875,8
B0079MQBTG,4.75,8
B000H71O6U,4.0,8
B004C6RTP2,4.25,8
B002UD52FS,4.5,8
B002JGONDI,4.125,8
B003DJ83IG,4.5,8
B005B9F4KQ,4.0,8
B001EK2A6W,5.0,8
B001123ERC,4.0,8
B0055EC8II,5.0,8
B005LQ006W,4.75,8
B001EL2SWM,4.125,8
B003JIYK1K,4.375,8
B0045KH036,4.5,8
B002UBUGK6,4.0,8
B003JJ1AEE,4.75,8
B005X5KQ60,4.625,8
B00CERB6UA,4.5,8
B0010Y9SE4,4.5,8
B000VOLMZC,4.5,8
B001O4M0XG,4.0,8
B001ET76PS,5.0,8
B006L69KJE,4.125,8
B002J7C1TU,4.5,8
B002J785H2,4.5,8
B000M9EZDM,4.125,8
B000FEJU8O,4.625,8
B001O4EQTW,4.25,8
B0047E09OW,5.0,8
B000N2N7BE,4.875,8
B006L86CV6,4.625,8
B004CCP93A,4.625,8
B00005B700,4.125,8
B0009R14RM,4.125,8
B004CCPEX0,4.0,8
B000C230M6,4.875,8
B004CCSLEO,5.0,8
B002ULK1EW,4.875,8
B002ULP8ZE,4.5,8
B003766Y7W,4.875,8
B0030JE7M0,4.75,8
B006L689UU,4.0,8
B004V4230Q,4.0,8
B0017KAW0U,4.625,8
B001ET77X4,4.375,8
B009VSMXJI,4.5,8
B000N2MZIU,5.0,8
B0030IVLXE,4.0,8
B00A6WUMDM,4.125,8
B001O1OA0K,4.375,8
B001ET784W,4.25,8
B00021VZ2E,4.875,8
B007AUN51E,4.125,8
B001O2ZFZ8,4.5,8
B001ET779I,4.125,8
B0007NIRWS,4.375,8
B002UQ7HOO,4.875,8
9790777272,4.375,8
B001ET7798,4.5,8
B001ET77B6,5.0,8
B004T6SJKY,4.625,8
B0010S8QVQ,4.25,8
B0041R14M6,4.75,8
B00367ORDU,4.75,8
B00G42OHMA,4.125,8
B007AMR5YK,4.25,8
B005BJ69V4,4.25,8
B000M8WUXA,4.5,8
B001ET6YGU,4.375,8
B005WLZVBU,4.25,8
B00099Z2SC,4.125,8
B002JCSM0M,4.875,8
B0017LQNUM,4.125,8
B000CSSO2G,4.375,8
B00DR7AIZU,4.875,8
B006LDXT30,4.375,8
B001ET6Y74,5.0,8
B000N2OEWK,4.625,8
B00JQF3L38,4.0,8
B00BU4K81Q,4.75,8
B007ABOBQ6,5.0,8
B000A3Y88W,4.375,8
B005JVZG68,4.125,8
B00D58PFHC,4.875,8
B007AI9JNO,4.125,8
B000CST4HA,4.0,8
B006DI22EK,4.25,8
B000EZU8WG,5.0,8
B00G3ONKH2,4.125,8
B002JCSM20,5.0,8
B003WOZIGM,4.25,8
B001O8RBBI,4.75,8
B004Z2T83E,4.375,8
B002CN3IAC,4.875,8
B000GX57CM,5.0,8
B007ALANA4,4.25,8
B000JUVJCY,4.375,8
B000C1VVGE,4.875,8
B000TFGGOU,4.0,8
B001O7CUGK,4.25,8
B00A6TVQU8,5.0,8
B004K4J6Z2,4.875,8
B00GY257WE,4.875,8
B00514EOUM,4.5,8
B001ET726G,4.625,8
B003JCIR74,4.75,8
B00A6U2BCO,4.75,8
B004VRLA66,4.5,8
B008J4LY4K,4.375,8
B000CJRK66,5.0,8
B001ET71N0,4.875,8
B001O8PKV6,4.25,8
B004K4J23I,4.375,8
B000X3GV3Y,4.125,8
B00EBXXKLS,4.625,8
B000N2OC7M,4.625,8
B001ET71HQ,4.875,8
B00J3CDS7I,4.375,8
B000OI3O6U,4.625,8
B0017L7SGA,4.375,8
B007SBDKBU,4.125,8
B000M4DT48,4.5,8
B004T0YWV0,4.625,8
B003CZ3X0E,4.375,8
B004FGF2NA,4.75,8
B0098PZ2DS,4.375,8
B004OJBLSI,4.125,8
B0017R41Z0,4.5,8
B0009P5KCE,4.375,8
B002JV0E6I,4.5,8
B001E96KZU,4.875,8
B002TEC2YC,4.125,8
B000QF6SKU,4.75,8
B00EXSAJ56,4.875,8
B000OL1TAA,4.25,8
B001E8I8K6,4.875,8
B005Y1JLAA,4.25,8
B000AUG5V8,4.375,8
B000TX5U12,4.25,8
B003JN0U0A,4.25,8
B0009DSQQ8,4.875,8
B0002YE8LG,4.625,8
B001E96LPY,4.375,8
B000QFCS1S,4.0,8
B001E96LTA,5.0,8
B00G2FR0B4,4.5,8
B003D1UZDA,4.75,8
B008R3GVN2,4.5,8
B003D1WECU,4.625,8
B000TTC01Y,4.0,8
B00066N97O,4.5,8
B008ZTNN3Y,4.25,8
B000EH4TJC,4.375,8
B001E96MJY,4.625,8
B0017QSOPO,4.25,8
B006M40JQS,4.5,8
B009VGNVL4,4.75,8
B000GI3TUO,5.0,8
B001PGRUXI,4.5,8
B00066N99C,4.25,8
B00023DIAE,4.375,8
B000TTP6JW,4.5,8
B00FPFPLZE,4.375,8
B00AUDKES0,4.125,8
B007SXL6GO,4.0,8
B003JMYJEO,4.375,8
B001PHFSCM,4.875,8
B000VWO5DA,4.25,8
B0043SIQNI,4.0,8
B005XRX1GU,4.875,8
B00KQPZRT8,4.75,8
B002C5CL2Q,4.0,8
B001PNSVNY,4.625,8
B004R7J3GO,5.0,8
B005G444MK,4.375,8
B00853ETMO,4.0,8
B00AATPRWC,4.125,8
B0048NWD32,4.875,8
B000QF398Y,4.5,8
B000WZHGPA,4.125,8
B00152QRVS,4.0,8
B001E77JU2,4.125,8
B0037KM3Y6,4.875,8
B005G415WW,4.125,8
B000H30FG4,4.625,8
B000NYL3FY,4.25,8
B00119OUNW,4.5,8
B003JN4TIO,4.25,8
B0017TONHE,4.625,8
B000089SA5,4.0,8
B0017TOHF2,5.0,8
B00152QE4I,4.125,8
B003ZS4WLC,5.0,8
B0017TJDSS,5.0,8
B00118Y4K2,5.0,8
B007T3KJJS,4.375,8
B005G3ZXAS,4.375,8
B000GI3TT0,4.25,8
B0037IOZRQ,4.375,8
B0051CW76W,4.875,8
B001E77UM4,4.875,8
B001E77UR4,4.875,8
B003VW3UEW,4.5,8
B004HI81Y8,4.625,8
B001E7BAHU,4.125,8
B009LO00VK,4.5,8
B005OMB3NM,4.25,8
B0037H3W8A,4.25,8
B00FPIUQUG,4.625,8
B0055KBP1I,4.625,8
B000F0BDGA,4.625,8
B001PRT8SW,4.25,8
B006C5PJR6,4.625,8
B005G3L1ZE,4.5,8
B006MJ4YTQ,4.0,8
B004X8GB7Q,4.0,8
B00ATA7DEW,5.0,8
B001PQ3C0S,4.0,8
B00D62I5X8,5.0,8
B000TR6UOE,4.5,8
B000X1BVSQ,4.0,8
B001ECQ52K,4.875,8
B000VOJOHK,4.0,8
B00112BSR0,4.0,8
B000NZRWVM,4.5,8
B0085AN4Q4,5.0,8
B004C34PIY,4.125,8
B008ZPOL3E,4.5,8
B00FP16508,4.0,8
B00A6G0T9U,5.0,8
B0078SJV8E,4.0,8
B00CELR24U,4.625,8
B001ECQ4VW,5.0,8
B0089GD0LS,4.75,8
B006LYKZSG,5.0,8
B002C9KMAK,4.875,8
B006LYPBXU,4.875,8
B004C22FG4,4.375,8
B001P5NDAS,5.0,8
B004OKE4UE,5.0,8
B001P5L2VU,4.375,8
B009LEGFUA,4.5,8
B0017QHDUG,4.625,8
B001ECTX74,4.625,8
B009L99VSS,5.0,8
B001ECWMTA,5.0,8
B00FJ3U9JA,5.0,8
B000GG2L28,4.75,8
B000OII13G,4.875,8
B007SBHO4Y,4.75,8
B008QUOE1M,4.5,8
B001EIYVGQ,4.25,8
B0037AXOZ8,4.375,8
B0011293VI,4.0,8
B002U16KOC,4.0,8
B004OKUBEC,4.375,8
B004OKGWRC,4.25,8
B003DBIOJM,4.125,8
B0085BZ5MY,4.0,8
B009YJESAG,4.25,8
B002TXZA2E,4.375,8
B0078YJJWQ,4.125,8
B0045L9BIW,4.75,8
B000AUZ4UG,4.625,8
B005FRH8EO,4.0,8
B005XBF09M,4.125,8
B0085CBFCW,4.625,8
B006LWSAR6,4.75,8
B004C4EYKM,4.5,8
B002TSUSO4,4.75,8
B000TQZ6D6,4.5,8
B002C8E86A,4.375,8
B001E96PBY,4.625,8
B007SONG0M,4.125,8
B0006PLM4C,4.25,8
B000GG6G10,4.875,8
B00C8FVYO6,4.625,8
B004L1I6UU,4.375,8
B000WZS9WO,4.625,8
B001P7TCJ2,4.375,8
B008WAUVL8,4.875,8
B0045M2SZY,4.125,8
B005XKAUMA,4.5,8
B007SPPSPM,4.75,8
B003ZS2U5C,4.625,8
B00FPC958G,4.375,8
B008ZT0QQG,4.5,8
B00FIY8992,4.75,8
B000EVEJZM,4.625,8
B004T19KZ2,4.0,8
B001E96OI8,4.875,8
B000H72BUI,4.25,8
B002JPPNUQ,4.625,8
B00DRHKPHQ,4.125,8
B00EA5AYFM,4.375,8
B00A660274,4.375,8
B001P6EBGM,4.375,8
B000QJ9Z2O,4.5,8
B0040T7CPS,4.875,8
B002TSA92K,4.125,8
B003JLTAEO,4.125,8
B000VOJLFK,4.0,8
B00A6AC89U,4.375,8
B000FDDEP0,4.0,8
B000C230YE,5.0,8
B003156OFQ,4.5,8
B000FDDK5E,4.5,8
B0053V6CXA,4.75,8
B000HLH7ZS,4.0,8
B008WC5NDC,4.5,8
B00005A9ND,4.75,8
B000TNLJMG,4.0,8
B000GZPHY8,4.125,8
B004FFCQ5I,5.0,8
B001EBRDP4,4.5,8
B001EBRUQG,4.625,8
B000FDBQD2,4.5,8
B000N53BYE,4.5,8
B000FDCXKW,5.0,8
B00CF342OU,4.0,8
B005P0T6FK,4.25,8
B001ET7KCC,4.5,8
B005VDLXJ8,4.25,8
B001NXI3FM,4.125,8
B004QWMU3I,4.125,8
B005VEDXI6,4.625,8
B000T1VZ3G,4.625,8
B009K7LPTO,4.625,8
B001MV5U6K,4.375,8
B0017HTFNS,4.0,8
B0030HO4MU,4.0,8
B0009R5B44,4.75,8
B00BHRDLM4,4.5,8
B004F3E9SW,4.375,8
B000JR4UQ4,5.0,8
B000SXP2XY,4.5,8
B00CIXVGDM,4.625,8
B0045EEE5O,4.375,8
B001EWF3EG,5.0,8
B003X5TGQI,4.375,8
B001NX7916,4.25,8
B000GI3VFM,4.0,8
B000TBW2TC,4.0,8
B00BQ1D9CS,4.75,8
B005F9W7FM,4.25,8
B001N7X8QW,4.5,8
B008JEC13S,4.5,8
B003DWGE70,5.0,8
B004ZVZUAA,4.375,8
B005116FB6,4.375,8
B007C5VG0O,4.375,8
B005FCDOZ6,4.75,8
B001ET7AMC,4.5,8
B0009R5AYA,4.625,8
B00ECFV33M,4.0,8
B0015G58SM,5.0,8
B00DL5JUGG,4.5,8
B0002Z8DIY,5.0,8
B000FKLL62,5.0,8
B000T5IG1G,4.625,8
B000R1XIXS,4.0,8
B00AO73DQW,4.125,8
B004F0P6FU,4.625,8
B001EWETAU,4.25,8
B001ET7BQW,4.5,8
B00BGWXNKU,4.0,8
B001EXKP2U,4.875,8
B005FB8I94,4.375,8
B000B7ORWE,4.0,8
B001ET7EAA,5.0,8
B000C1Z69W,4.375,8
B009XZB28W,4.5,8
B00892ZMAO,5.0,8
B002D55RDA,4.5,8
B001ET7FDG,4.5,8
B007RC4AMS,4.625,8
B002D48QO8,4.375,8
B001NFEGK6,4.875,8
B0009R33O4,4.875,8
B007BF7ELA,4.75,8
B001NSNG2W,4.375,8
B000J1CCNS,4.0,8
B00EVQW3OU,4.5,8
B002IRNYC4,4.875,8
B0009R16CU,4.0,8
B000C1Z67Y,5.0,8
B007RC3RJK,4.5,8
B009W28L6M,4.5,8
B001MV5UZQ,4.375,8
B000MAPBSY,4.5,8
B002VA4FYO,5.0,8
B000MAF8C8,4.5,8
B000X90HRO,4.75,8
B007CM4F5A,4.25,8
B001EXTDUA,4.125,8
B003E0Z04Y,5.0,8
B000I347YO,4.75,8
B000N2LUT0,4.5,8
B006KT2EO0,4.0,8
B008981QLC,4.25,8
B007C87ASI,4.375,8
B001ET7E8W,4.375,8
B000X90I9G,4.5,8
B0036BDSGS,4.25,8
B004K5AKMO,4.875,8
B001ET7E9G,4.625,8
B0030GYDTU,4.0,8
B000TB4P4W,5.0,8
B002UYF9XM,4.625,8
B007BPH6VS,4.0,8
B002VDATFA,4.875,8
B000TAFQV4,4.0,8
B004KTFYM6,4.0,8
B001NYNWN4,4.75,8
B005F8VYD4,5.0,8
B00BHRD3OK,4.25,8
B005BY2CFQ,4.75,8
B0041QZFAO,5.0,8
B0010646S0,4.625,8
B002IS8WH0,4.0,8
B005C18U1I,4.625,8
B00ED3URP8,4.125,8
B007C2BWAQ,4.375,8
B007CQZJLU,4.0,8
B001EWF2QA,5.0,8
B001EWA3NM,4.375,8
B003E0U7VA,4.5,8
B002V95CUQ,4.5,8
B00AKHG6WO,4.75,8
9790775261,4.5,8
B001MTFMP6,4.25,8
B0036BP1UE,4.5,8
B002ITIIEQ,4.5,8
B003E0ZRTC,4.625,8
B006L21PQY,4.5,8
B0006UUO9Q,5.0,8
B0017JT3CY,5.0,8
B000N2M1PC,4.5,8
B00B35V8AC,5.0,8
B001N43IUG,4.75,8
B00B5LT40U,4.5,8
B00099XJZU,4.0,8
B000N2MXIW,4.25,8
B005BVQBAG,4.5,8
B0085YA90O,4.125,8
B00FK1AWMU,4.875,8
B002D48QYS,4.625,8
B003IRMNHU,4.625,8
B006K5UPBS,4.5,8
B0088ZU13K,4.625,8
B004VRB4TO,4.125,8
B005BXJV42,4.625,8
B004TA763G,4.375,8
B007RHYF14,4.125,8
B005LMWGNQ,4.25,8
B0002Z8FGO,4.75,8
B007RIA3QY,4.5,8
B001ET7JEQ,4.5,8
B000TBY402,4.125,8
B003X2F4GC,4.25,8
B00ED2F8B2,4.0,8
B00021VM0O,4.375,8
B000T50USI,4.125,8
B007R2XQD2,4.25,8
B003DWEDOQ,4.5,8
B007CFGBDG,4.75,8
B0010H0QFG,4.125,8
B000VONAM0,4.0,8
B004EZEVNY,4.625,8
B002UUT42I,4.625,8
B0036B81AQ,4.375,8
B001NG3XA4,4.75,8
B008JE2IGS,4.5,8
B000J10JDI,4.0,8
B001006X78,4.125,8
B00099XJXC,4.875,8
B00021VMB8,4.0,8
B007RFJ2HS,4.125,8
B00ATF5B1Y,5.0,8
B007R5BRNU,4.875,8
B009VYF0MY,4.0,8
B00G4JRO9Q,5.0,8
B0099SBYE0,4.625,8
B00BHQWMHU,4.75,8
B003E0ZN6Y,4.625,8
B00D42C9H8,4.125,8
B001MW7PW6,4.0,8
B001EWF2LU,4.625,8
B007RHWJHG,4.625,8
B0009R35CE,4.875,8
B002CVTXK8,4.625,8
B003E0ZCB0,4.0,8
B000N2MVEI,4.375,8
B003E139AK,4.75,8
B005VHER5G,4.125,8
B00CJ2UOLM,4.75,8
B0017JT8G0,5.0,8
B003PM5WEY,4.428571428571429,7
B000KWQ11U,4.857142857142857,7
B004SE9K6O,4.571428571428571,7
B0037MG7QO,4.0,7
B0019PZKWS,4.857142857142857,7
B0037CLBSS,4.714285714285714,7
B0027ESPGI,4.714285714285714,7
B00879RPU4,4.142857142857143,7
B0049IFPCC,4.857142857142857,7
B0037FFCNU,4.0,7
B0056OI70A,4.428571428571429,7
B0042IPOWK,4.714285714285714,7
B00BCU6I1W,5.0,7
B006N29JVK,5.0,7
B0017JA4FE,4.571428571428571,7
B002AHDY8Q,4.857142857142857,7
B009SDSX72,4.714285714285714,7
B000C1VW68,4.571428571428571,7
B0055NDLTY,4.0,7
B0038B14HQ,4.285714285714286,7
B000OCM9PI,5.0,7
B002BWOXVW,4.142857142857143,7
B00879RTX2,4.142857142857143,7
B0000AOWL0,4.571428571428571,7
B0019M3IIE,4.428571428571429,7
B0055O2P04,4.285714285714286,7
B006T2BG6K,4.428571428571429,7
B006L4D9QQ,4.428571428571429,7
B0016D7LGG,4.571428571428571,7
B002CC1CX8,4.857142857142857,7
B000KU93DA,4.428571428571429,7
B0017QDHRE,5.0,7
B00DSGM7CM,4.571428571428571,7
B0083V8SN4,4.0,7
B00BCN9RMQ,5.0,7
B003O4BTZO,4.285714285714286,7
B0027RQUXK,4.0,7
B003P9QVXS,4.571428571428571,7
B0055OMEVY,4.571428571428571,7
B000VM4BY8,5.0,7
B00FMXM210,4.714285714285714,7
B002D48R6A,4.857142857142857,7
B003O4BR1K,4.285714285714286,7
B0056K93MU,5.0,7
B005KUEM90,4.142857142857143,7
B000KWQIQS,4.428571428571429,7
B001774GQO,4.857142857142857,7
B006P0WG6K,4.571428571428571,7
B0090WKTAK,4.428571428571429,7
B00375WPDK,4.714285714285714,7
B0019K9F2Y,4.428571428571429,7
B004TDB9IQ,5.0,7
B000VOJPK6,4.285714285714286,7
B00C1F3D10,4.142857142857143,7
B001843LY4,4.142857142857143,7
B002BQYTJE,4.142857142857143,7
B004H2GFDI,4.428571428571429,7
B002FVWMHQ,4.857142857142857,7
B004T19PMA,4.285714285714286,7
B002CC8KVU,5.0,7
B002BR7XZU,4.142857142857143,7
B0042K49LA,4.714285714285714,7
B002BS0XII,5.0,7
B0017Q25U4,5.0,7
B0083VLUWK,4.285714285714286,7
B008ZPIOHI,4.142857142857143,7
B003P713JC,4.571428571428571,7
B0002Q9WSS,4.0,7
B008YQEOMM,4.571428571428571,7
B00H71AVFY,4.142857142857143,7
B00183Y9XW,4.714285714285714,7
B006HILLIO,4.571428571428571,7
B000VAHAPM,4.428571428571429,7
B0018R4R94,4.428571428571429,7
B000L57G88,4.571428571428571,7
B001824JU6,4.714285714285714,7
B0027M7M28,5.0,7
B0016G3XBU,4.428571428571429,7
B006N7R1Y2,4.571428571428571,7
B004MUMJ3U,4.428571428571429,7
B004SOME8K,4.142857142857143,7
B000VA6IG4,4.142857142857143,7
B005JRTFO6,4.428571428571429,7
B00BD1BXJM,4.0,7
B003PAINPG,4.285714285714286,7
B000OC5YW8,4.0,7
B002G3SXSU,4.142857142857143,7
B0016FSQ0O,4.285714285714286,7
B00178JTLU,4.571428571428571,7
B002G3WZ2A,4.428571428571429,7
B0017QMJQO,4.0,7
B0054Y0T3A,5.0,7
B000VUR2MS,4.142857142857143,7
B002DPUY4M,4.0,7
B00178L9VS,5.0,7
B009162S4U,4.142857142857143,7
B006SMFGL2,4.142857142857143,7
B005K85NTU,5.0,7
B000OBYLCI,4.857142857142857,7
B000VOJNOE,5.0,7
B0016H8U2G,4.571428571428571,7
B00BPMYBQQ,5.0,7
B0037MHYQG,4.142857142857143,7
B00FHR03AI,4.857142857142857,7
B006P2RN2K,4.714285714285714,7
B0085YKL70,4.714285714285714,7
B000F39CGA,4.142857142857143,7
B003RPCEW2,5.0,7
B003Q9XHKW,4.285714285714286,7
B000ONS83Y,4.0,7
B000F0JTTI,4.428571428571429,7
B003O4AN6K,4.714285714285714,7
B00178I2PY,4.714285714285714,7
B000B5S5H4,4.714285714285714,7
B001824QQS,4.714285714285714,7
B005K82EDI,4.142857142857143,7
B00FKW6JGM,4.714285714285714,7
B0049JQRLO,4.285714285714286,7
B002ABQJIE,5.0,7
B00008AJJM,4.0,7
B002GKT1IO,5.0,7
B00BH72HT2,4.142857142857143,7
B0017HTES4,4.142857142857143,7
B004Z1RVGG,4.285714285714286,7
B000V8Q0DM,4.0,7
B002GKPRHI,4.428571428571429,7
B00487REPA,4.428571428571429,7
B00557FQG6,4.142857142857143,7
B004GVA25C,5.0,7
B000E7WG24,4.428571428571429,7
B00032Q4BE,4.285714285714286,7
B006PK6VNE,4.0,7
B004SCJDC2,4.428571428571429,7
B0018OTQOS,5.0,7
B000C2320G,5.0,7
B00CP4QWLU,4.428571428571429,7
B002AAWKCO,4.285714285714286,7
B006H0MHTO,4.0,7
B0037IPXGI,5.0,7
B00853F2PM,4.428571428571429,7
B000P22WWM,4.428571428571429,7
B004MDSJE0,5.0,7
B006MHFDJ8,4.857142857142857,7
B00H4FV292,4.428571428571429,7
B006H6O2JG,5.0,7
B000KVA5XG,4.714285714285714,7
B004TL80J4,4.571428571428571,7
B00B1RPQ14,4.714285714285714,7
B000KQ9UMS,4.428571428571429,7
B0017WDDEU,4.857142857142857,7
B004YVQQXG,4.857142857142857,7
B002755ITE,4.571428571428571,7
B00AFCOV76,4.714285714285714,7
B002A06JBC,4.714285714285714,7
B00CBWJ3UI,5.0,7
B000C231JI,5.0,7
B000HX2KS0,4.714285714285714,7
B00853F3SS,4.142857142857143,7
B0085YK314,4.857142857142857,7
B006H3N7NG,4.857142857142857,7
B00FN7MK4E,5.0,7
B00ATA7DQA,4.857142857142857,7
B0085YIP2I,4.428571428571429,7
B00C9ESZLQ,4.428571428571429,7
B0042TTQCI,4.285714285714286,7
B006K63PIW,4.428571428571429,7
B003981CM0,4.285714285714286,7
B0000AK9SV,4.571428571428571,7
B000VOHJ9A,4.428571428571429,7
B0087PT5UQ,4.571428571428571,7
B0085YA6K2,5.0,7
B00008AJJK,4.428571428571429,7
B003PGTTTY,4.0,7
B00AFCOZAO,4.428571428571429,7
B00COLGATI,4.428571428571429,7
B00CQ4K1DO,5.0,7
B0081QFVQI,4.857142857142857,7
B0047RNCN4,4.714285714285714,7
B005L7A75K,4.428571428571429,7
B00853EPC8,4.0,7
B0037LG4XG,5.0,7
B0087Q0D4C,4.571428571428571,7
B000C237XS,5.0,7
B001A1A9BS,4.857142857142857,7
B0049J4LSK,4.571428571428571,7
B000VHAK9S,4.857142857142857,7
B001A11G2O,4.428571428571429,7
B0018P4LYW,4.285714285714286,7
B0085YA06M,4.428571428571429,7
B000GZ9JBA,4.428571428571429,7
B0036XP4JU,5.0,7
B000VOHOG8,4.0,7
B002C0T5D4,4.142857142857143,7
B0017U7SZC,4.285714285714286,7
B0083OLUMW,4.428571428571429,7
B004SPYHG6,4.571428571428571,7
B003ZPFP8O,4.142857142857143,7
B00BV8YH6S,4.714285714285714,7
B0026XR5UC,4.428571428571429,7
B006GW55GU,4.0,7
B000KQ737C,4.285714285714286,7
B006MK5Z6Q,4.857142857142857,7
B006GVEI0K,4.571428571428571,7
B0087P42HW,4.857142857142857,7
B0081R5YYQ,4.285714285714286,7
B004GV9UVY,4.571428571428571,7
B004YLCS4M,4.142857142857143,7
B00167WYJ6,4.285714285714286,7
B0002Z8IN4,5.0,7
B0083TS7PA,4.857142857142857,7
B0017WIEBW,4.714285714285714,7
B002G7N0LG,4.571428571428571,7
B000B5S5Z6,4.142857142857143,7
B002G7UN0M,5.0,7
B0085XSX3U,4.714285714285714,7
B0009EXORI,4.571428571428571,7
B004HGU73I,5.0,7
B00279218Q,4.714285714285714,7
B0048MG8PC,5.0,7
B002GCKFT6,4.142857142857143,7
B000KUFCCG,4.571428571428571,7
B00279JUJY,4.857142857142857,7
B000KPM6ZW,4.428571428571429,7
B0054WXQBY,4.0,7
B0085YKRSI,4.714285714285714,7
B00ARMIOJ0,4.285714285714286,7
B006H9LEC6,4.285714285714286,7
B00FN4R0D8,4.0,7
B00389S0K2,4.714285714285714,7
B000VUUNLK,4.142857142857143,7
B005IUGQ4Q,5.0,7
B000P22U92,4.428571428571429,7
B0018QHTPO,4.857142857142857,7
B006T8BWPY,4.571428571428571,7
B002BWOY5W,4.428571428571429,7
B00HUWE4JE,5.0,7
B003ZWJDJO,4.428571428571429,7
B00ID8H1WG,4.285714285714286,7
B0038AMW5U,4.428571428571429,7
B0016BTM42,4.714285714285714,7
B0017QPOAM,4.0,7
B00180A4RU,4.285714285714286,7
B00B5JZ1FO,4.428571428571429,7
B005J7VHKQ,4.714285714285714,7
B004A4R8A2,4.571428571428571,7
B0029XOBJM,4.714285714285714,7
B0017IC50M,4.714285714285714,7
B00AZ7NVHM,4.857142857142857,7
B004MUBQIE,5.0,7
B0087DS1TY,4.571428571428571,7
B004H38Y5E,4.714285714285714,7
B00856JQYC,4.285714285714286,7
B0087DTWOC,4.857142857142857,7
B00279ZM6E,4.428571428571429,7
B008Y1XKXG,4.428571428571429,7
B00006IQ95,5.0,7
B00279UNX6,5.0,7
B00CBT6UJI,4.428571428571429,7
B004TD0GEE,4.571428571428571,7
B00279SVLM,4.428571428571429,7
B00279Q0ZQ,5.0,7
B000FTIY54,5.0,7
B00008GFOH,4.857142857142857,7
B003ZTPAUS,4.285714285714286,7
B006KC6T9I,5.0,7
B003ZWLX6K,4.714285714285714,7
B003NZFO0A,4.571428571428571,7
B000OFB5VO,4.857142857142857,7
B0009EXQLM,4.857142857142857,7
B002BX8EJI,4.428571428571429,7
B0090YQUW4,4.571428571428571,7
B000FTYALG,4.571428571428571,7
B00852JNYO,4.0,7
B0017WQSFG,4.428571428571429,7
B0016ASHM6,4.0,7
B000E7UDOM,4.428571428571429,7
B000VOP8F2,5.0,7
B000GHVIKI,4.428571428571429,7
B0017WKHIA,4.714285714285714,7
B00854HXN0,4.428571428571429,7
B004SCU1N2,4.857142857142857,7
B0016B3IS8,4.142857142857143,7
B008YS89IK,4.0,7
B004N52QSM,5.0,7
B002GCOS8A,4.0,7
B00C9GCMF4,4.285714285714286,7
B0016BANAE,4.428571428571429,7
B0016BAI90,4.428571428571429,7
B00GMP59ZI,5.0,7
B005KYNI1E,4.428571428571429,7
B0002XKIZM,4.0,7
B006T8JG0M,4.714285714285714,7
B004MNZ6DW,4.285714285714286,7
B00DQGUTE2,4.571428571428571,7
B000ASDX2Y,4.571428571428571,7
B00BD3NBAO,4.0,7
B006M9PGBG,4.428571428571429,7
B000VHP9IK,4.428571428571429,7
B00487MG0I,4.428571428571429,7
B009TS8DAS,4.571428571428571,7
B004HM2SI4,4.428571428571429,7
B006QFELM6,4.285714285714286,7
B003O4BZC6,4.142857142857143,7
B0018GOGKK,4.285714285714286,7
B002AMUGHS,4.428571428571429,7
B00481S9TQ,4.571428571428571,7
B006R8HTJO,4.285714285714286,7
B002AMUGIM,4.571428571428571,7
B000FTTF9I,4.714285714285714,7
B00CQBOJRQ,4.428571428571429,7
B003Q4E9TK,4.714285714285714,7
B000I3M034,5.0,7
B0018ZVKAU,4.0,7
B004977LVQ,4.142857142857143,7
B002AMUGGO,4.571428571428571,7
B0056DIVXE,4.714285714285714,7
B0084STTS4,4.428571428571429,7
B004H8XVMU,4.571428571428571,7
B0016PFD8C,4.142857142857143,7
B00H5VM2QW,4.571428571428571,7
B004825USS,5.0,7
B009VN0R9Q,4.142857142857143,7
B002CYS6NU,4.0,7
B00380PP90,4.0,7
B00CPWL1V8,4.571428571428571,7
B0086V4Y66,4.714285714285714,7
B0084FDT5Q,4.714285714285714,7
B004SU8EJM,4.857142857142857,7
B002AMUGQO,4.714285714285714,7
B0037ZHHD8,4.857142857142857,7
B005JYP75K,4.0,7
B00006RH5D,5.0,7
B002ES876A,4.571428571428571,7
B004WMSO64,4.714285714285714,7
B0009ET4NG,4.714285714285714,7
B00COT762U,4.571428571428571,7
B003OXZXBQ,4.571428571428571,7
B004MKL6T8,4.571428571428571,7
B008YKOXEC,5.0,7
B003PZDYDC,4.428571428571429,7
B0016Q3JEG,4.285714285714286,7
B0002LK0Z2,4.857142857142857,7
B0000683OB,4.142857142857143,7
B0042WO7FQ,4.0,7
B00FM547P2,4.142857142857143,7
B000O7S3VW,4.857142857142857,7
B000VPT9JM,4.714285714285714,7
B00AF9LUF0,4.428571428571429,7
B000OA87FG,4.285714285714286,7
B004HDA1VY,4.142857142857143,7
B00FJFN7B0,4.142857142857143,7
B0018Z2P8Q,4.428571428571429,7
B008656G36,4.571428571428571,7
B0038RC7QC,5.0,7
B004WEJGG4,4.142857142857143,7
B0028IE4TK,4.428571428571429,7
B0047ZNLNC,4.285714285714286,7
B0002Z8ZKK,4.428571428571429,7
B009WLX6T0,4.428571428571429,7
B003PWZKWI,4.714285714285714,7
B00DSR9TMW,4.714285714285714,7
B005JFLXJ8,4.571428571428571,7
B00H5UP96I,4.857142857142857,7
B006JF2X8C,4.857142857142857,7
B006QHXERC,4.428571428571429,7
B000078CXL,4.571428571428571,7
B009WLX8DE,4.571428571428571,7
B0018IQTEO,4.714285714285714,7
B002F5FANU,5.0,7
B006RGMDCO,4.857142857142857,7
B002CZ2QM6,4.285714285714286,7
B0042YE8U8,4.571428571428571,7
B0017LUY02,4.428571428571429,7
B0016OHVIS,4.571428571428571,7
B000GHWSV6,4.428571428571429,7
B000VRSS4W,4.428571428571429,7
B00BHMK4WY,4.428571428571429,7
B0017JVBBA,4.857142857142857,7
B002CMLS3M,4.142857142857143,7
B005KMRX1C,4.0,7
B00B5LACWO,4.571428571428571,7
B002B8MIRM,4.142857142857143,7
B002B8IOSY,4.857142857142857,7
B0018BQ19O,4.857142857142857,7
B0019902VS,4.714285714285714,7
B004WHMCF8,4.142857142857143,7
B003ZS1O68,4.285714285714286,7
B002CMLS14,4.142857142857143,7
B0028ILAS8,4.571428571428571,7
B0016P6RLO,4.428571428571429,7
B002AMUGAU,4.857142857142857,7
B00K8J6QZG,5.0,7
B0016P45PY,4.857142857142857,7
B002E6OASG,4.428571428571429,7
B00CP6EOZO,4.571428571428571,7
B000C1VTLQ,4.571428571428571,7
B002ER3RD4,5.0,7
B005J0SVR0,4.142857142857143,7
B00194BBAE,4.857142857142857,7
B000F2ZZNU,4.0,7
B0037YMVO4,4.714285714285714,7
B000FXY2TM,4.714285714285714,7
B000FTTAQQ,4.285714285714286,7
B003O9FGGC,4.428571428571429,7
B000VJUXHU,4.142857142857143,7
B004H07KKC,4.142857142857143,7
B002915AWQ,4.0,7
B00375L8TM,4.0,7
B0029906NQ,4.857142857142857,7
B003O9FB58,4.142857142857143,7
B0085NSOPW,4.857142857142857,7
B0009ET77Y,4.714285714285714,7
B000970GLM,4.428571428571429,7
B00194QZBE,4.857142857142857,7
B004H04QH2,4.857142857142857,7
B0086K60DW,4.428571428571429,7
B00195J830,4.428571428571429,7
B0085NNY1Q,4.285714285714286,7
B0086KJ98A,4.571428571428571,7
B000KZOI9O,5.0,7
B00375L8XI,4.428571428571429,7
B004WDQ5GO,4.714285714285714,7
B000OYNBWG,4.428571428571429,7
B0002Z8TAQ,4.428571428571429,7
B000HZY4GO,4.285714285714286,7
B00846O54E,4.428571428571429,7
B0056BJUWC,4.571428571428571,7
B002EDPF4M,4.0,7
B000VON0WK,4.714285714285714,7
B002ATII7Q,4.142857142857143,7
B000HZV1SS,4.857142857142857,7
B006OLGV34,4.0,7
B00CPU0LUM,4.714285714285714,7
B00099XO7I,4.428571428571429,7
B00HUDUNZW,4.714285714285714,7
B000OYNC0C,4.285714285714286,7
B0085O1X9K,4.571428571428571,7
B0091FF6EU,4.285714285714286,7
B0018D4GAI,5.0,7
B00170J4W2,4.142857142857143,7
B004HV58OG,4.428571428571429,7
B002927RAI,4.428571428571429,7
B0086I10T8,4.285714285714286,7
B0017K7V36,4.285714285714286,7
B003Q2RBV0,4.571428571428571,7
B0017157SG,4.285714285714286,7
B0002Z8RIK,4.714285714285714,7
B000KZ6DHO,4.571428571428571,7
B00IPN95ZU,5.0,7
B00DQ0Z0R4,5.0,7
B002ANJXIU,4.428571428571429,7
B006O8FPIY,4.714285714285714,7
B002EQ8OJW,4.428571428571429,7
B0028SAPT8,5.0,7
B000BR6UG0,4.428571428571429,7
B0085P38RY,4.857142857142857,7
B0028SBA42,4.142857142857143,7
B0028SEBW0,4.714285714285714,7
B000C23788,4.714285714285714,7
B003PZKK70,4.428571428571429,7
B000OHI4H0,4.714285714285714,7
B00DU4WT3O,4.285714285714286,7
B006IYU16A,4.571428571428571,7
B0016WH540,4.285714285714286,7
B006R23BOW,4.0,7
B002EBEWU2,4.571428571428571,7
B004YT8D5W,4.857142857142857,7
B0085MH1BG,4.857142857142857,7
B00196WJB2,4.428571428571429,7
B000VRJ3XC,4.285714285714286,7
B00868BNUY,4.285714285714286,7
B002EPJ0YG,4.714285714285714,7
B003R1QNP0,4.428571428571429,7
B006OC6LY2,4.142857142857143,7
B002B4I942,4.857142857142857,7
B0037W6PKC,4.714285714285714,7
B00171QK00,4.285714285714286,7
B001703TUA,5.0,7
B004H04QBI,4.142857142857143,7
B004T6QGSG,4.142857142857143,7
B004N1O1IY,4.0,7
B0086LC0BM,4.285714285714286,7
B00009KGGG,4.142857142857143,7
B000VIY3OU,5.0,7
B000L1HMKY,4.285714285714286,7
B000E7VFJY,4.428571428571429,7
B0037VLW9W,5.0,7
B006J0W6WU,4.428571428571429,7
B00480R39O,4.857142857142857,7
B00375L8PQ,4.428571428571429,7
B000VK895M,5.0,7
B000C1VW72,5.0,7
B0002Z8QLS,4.285714285714286,7
B0085MSKAW,4.285714285714286,7
B000OYYY36,4.142857142857143,7
B00847X67K,4.428571428571429,7
B0018X51WA,4.571428571428571,7
B000OA9VVA,4.857142857142857,7
B00871KOP0,4.857142857142857,7
B003O4FRBQ,5.0,7
B0019G2H46,4.0,7
B004WNWX4M,4.0,7
B00B1OK5K4,4.857142857142857,7
B002FKHK88,4.142857142857143,7
B009WRNVY4,5.0,7
B000C21CMG,4.142857142857143,7
B00281UQLC,4.285714285714286,7
B002BJ9R34,5.0,7
B005IVZ19G,4.428571428571429,7
B009SMCTWS,4.857142857142857,7
B0018S99UU,4.0,7
B00DR8UYYY,4.428571428571429,7
B005JHEHCQ,4.571428571428571,7
B00AF8DWYI,4.428571428571429,7
B009SLS6IA,4.428571428571429,7
B005IVZ0LA,4.857142857142857,7
B00098FI9G,5.0,7
B000C1VU2Y,4.142857142857143,7
B005JCB7KG,4.857142857142857,7
B006HMYW0E,4.285714285714286,7
B0016JP1WG,4.714285714285714,7
B000C1VWGS,5.0,7
B000I6IFWG,4.142857142857143,7
B0002Q0BJM,4.857142857142857,7
B0085UPL5Q,4.714285714285714,7
B00DR8UUS4,4.0,7
B00IIGP1JI,4.857142857142857,7
B00H6J2ZT2,4.857142857142857,7
B0091OCE2I,4.285714285714286,7
B000GHWUUK,4.285714285714286,7
B0017OJ2HK,4.857142857142857,7
B0037MR1OG,4.142857142857143,7
B006RLDDXW,4.142857142857143,7
B00285KCLM,4.714285714285714,7
B0047XMO7S,4.0,7
B00176GTAG,4.142857142857143,7
B006HYS6QI,4.571428571428571,7
B003OP58WI,4.714285714285714,7
B006OZF1RC,5.0,7
B0016LAN68,4.714285714285714,7
B000FXT2SS,4.857142857142857,7
B003ODQJUU,5.0,7
B00871KNHY,4.428571428571429,7
B0037MQESU,4.142857142857143,7
B0017JTA0Y,4.285714285714286,7
B005K0L53Q,4.285714285714286,7
B00H4D0OLQ,4.142857142857143,7
B000VFKO96,4.0,7
B004SG26L8,4.714285714285714,7
B004HYW11Q,4.571428571428571,7
B008ZLDE40,4.857142857142857,7
B00FMVRT8I,5.0,7
B002FRIZSU,4.285714285714286,7
B00CP0R4KW,4.571428571428571,7
B009VJGDUW,4.142857142857143,7
B0085UPTBC,5.0,7
B004SG8Z5O,5.0,7
B0002JNRCM,4.285714285714286,7
B003ZW7INW,4.571428571428571,7
B000KU70PI,5.0,7
B002BQ524A,4.428571428571429,7
B0055FH2E2,4.857142857142857,7
B004WC008O,4.285714285714286,7
B000HX6L8U,5.0,7
B0085C0EYW,4.285714285714286,7
B000VHTU6C,4.285714285714286,7
B00C1CO1JQ,4.571428571428571,7
B000E7YKGE,5.0,7
B0083HTD1Y,4.428571428571429,7
B0027VPNNO,4.428571428571429,7
B003RK8ONU,4.285714285714286,7
B000FVHRT6,4.428571428571429,7
B003O4E3DY,4.714285714285714,7
B003PPJV1Q,4.285714285714286,7
B000VHTU8U,4.857142857142857,7
B002D48QVG,4.428571428571429,7
B00ARTKAAE,4.714285714285714,7
B0027Z0ZE2,5.0,7
B00192QCXC,5.0,7
B00488K4FG,4.714285714285714,7
B000VOPGO0,5.0,7
B0055PK1NQ,4.428571428571429,7
B0082105Q8,5.0,7
B002BPW7E4,4.285714285714286,7
B0009ET4QI,4.714285714285714,7
B002FQLV64,4.571428571428571,7
B003ZW623Y,4.571428571428571,7
B000FZDPXO,4.428571428571429,7
B004HJ552S,4.0,7
B004YWQG5I,5.0,7
B00371WMXM,4.714285714285714,7
B000VOLM52,5.0,7
B006NR8GSM,4.285714285714286,7
B0002VAZ1G,4.285714285714286,7
B0018A6RXA,4.285714285714286,7
B003PVY83G,4.714285714285714,7
B00H3WGN9K,5.0,7
B0056GJAYK,4.714285714285714,7
B002AMUFW4,4.714285714285714,7
B009187A1O,4.571428571428571,7
B00CP8O6LO,4.0,7
B0018AAMKY,4.285714285714286,7
B002BBA7IG,4.285714285714286,7
B000VPLY5E,5.0,7
B00HZHBKBO,4.285714285714286,7
B006LQ990E,4.571428571428571,7
B004TGZN2Q,4.142857142857143,7
B000066J73,4.571428571428571,7
B0082BB0SA,4.0,7
B000VCR35M,4.0,7
B0082AW7JM,4.428571428571429,7
B009URMQ74,4.857142857142857,7
B006NQUX2A,4.285714285714286,7
B00175U4KS,4.857142857142857,7
B00DSOZ3CA,4.285714285714286,7
B002E0P2KW,4.0,7
B0018JW4ZQ,4.428571428571429,7
B00006EPI4,4.285714285714286,7
B004SUHGM8,4.571428571428571,7
B0018ACK5E,4.142857142857143,7
B00AEXQPKM,4.285714285714286,7
B004NAVS3G,4.285714285714286,7
B002E325UE,4.571428571428571,7
B003O4L9AO,4.857142857142857,7
B0028DLUYW,4.142857142857143,7
B0009ET6ZC,4.857142857142857,7
B00FM6C74E,4.142857142857143,7
B009WEWIFA,5.0,7
B002CZ4GVU,4.142857142857143,7
B004T3WFUC,4.857142857142857,7
B00BVJJW9O,4.571428571428571,7
B002CMLH6U,4.142857142857143,7
B005J5TPSE,4.571428571428571,7
B000F371GS,5.0,7
B00BHJ7D9Y,5.0,7
B0019AAE4C,5.0,7
B00FM6JHOC,4.285714285714286,7
B009187PZA,4.142857142857143,7
B006KYSLEC,5.0,7
B0000DZGVA,4.428571428571429,7
B0019ADKZM,4.285714285714286,7
B004MOBQ44,4.428571428571429,7
B00827QIQI,4.285714285714286,7
B000FVTZE6,4.285714285714286,7
B002D48QKM,4.857142857142857,7
B0084JAE2I,4.285714285714286,7
B000ANNTFA,4.428571428571429,7
B000C233G4,4.142857142857143,7
B008250CPI,4.285714285714286,7
B002CL4IDU,4.714285714285714,7
B00FKB0PNQ,4.857142857142857,7
B004YNBZ30,4.571428571428571,7
B0019CTF6I,4.0,7
B003O4HTXA,4.571428571428571,7
B00HLWOHFE,4.428571428571429,7
B000VL2Q7I,4.0,7
B000I7T20O,4.285714285714286,7
B002863LIM,4.714285714285714,7
B003OPX5LY,4.142857142857143,7
B0091OCANG,4.428571428571429,7
B002DVLIRS,4.0,7
B00176F2E0,4.0,7
B005KQ9QJA,4.428571428571429,7
B006OZF1F4,4.857142857142857,7
B00CP8W1XE,4.142857142857143,7
B005JUNO68,4.285714285714286,7
B005KQAS3S,5.0,7
B0016LY0SA,5.0,7
B0019CTF5Y,4.571428571428571,7
B0017M7VI4,4.428571428571429,7
B00289X9N6,4.857142857142857,7
B00DP50TBW,5.0,7
B002D3VKTW,4.428571428571429,7
B005JCXQ9G,4.0,7
B000I0ZHNM,4.0,7
B000EZXYSQ,4.571428571428571,7
B00AEG5S0M,4.142857142857143,7
B00FM83PGG,5.0,7
B0019COQH6,4.285714285714286,7
B00375USP2,4.0,7
B003ZK8H1G,4.571428571428571,7
B0017NP6LW,5.0,7
B000VL0O2W,4.714285714285714,7
B00DUGICSS,4.428571428571429,7
B00C9R86QC,5.0,7
B000C21B6S,5.0,7
B0002KAIPA,5.0,7
B00AS0CDDY,4.428571428571429,7
B00B5ZWPNE,4.857142857142857,7
B000KKOG50,4.142857142857143,7
B001NGGGFS,4.571428571428571,7
B001NLW68E,4.0,7
B001ET7I0G,4.571428571428571,7
B007RI1BUQ,5.0,7
B001ET7J0K,4.714285714285714,7
B003J8X5NE,4.142857142857143,7
B001NGD52A,4.285714285714286,7
B007RL2JL8,4.857142857142857,7
B003J8LIQ0,5.0,7
B005FCVY76,4.857142857142857,7
B001ET7KEA,4.857142857142857,7
B00ECU3V6Y,4.714285714285714,7
B00EVLHLK6,5.0,7
B001NMZ55O,4.0,7
B000CKFQ2K,4.428571428571429,7
B007B8O1T0,4.428571428571429,7
B005FFSL8I,4.428571428571429,7
B001ET7E6E,4.285714285714286,7
B001ET7E6Y,4.428571428571429,7
B001NTIVJO,4.714285714285714,7
B000J10IKW,4.857142857142857,7
B009K6TBTG,4.714285714285714,7
B00EVQ1UGW,4.142857142857143,7
B001NPX9HM,4.428571428571429,7
B00EVPL43C,4.285714285714286,7
B000GI3VJ8,4.428571428571429,7
B001ET7FT0,4.285714285714286,7
B007BO2UO2,5.0,7
B009K2BAM6,4.0,7
B007RGTUA6,4.285714285714286,7
B001EW0KBM,4.571428571428571,7
B004QU1P5Y,4.857142857142857,7
B000FKLGVW,4.714285714285714,7
B001EWET78,4.142857142857143,7
B00021PBQK,4.428571428571429,7
B00I04BTSK,5.0,7
B004OTWJFW,4.428571428571429,7
B007RC4D98,4.428571428571429,7
B001EWF1XO,4.285714285714286,7
B00EDJK5PO,4.857142857142857,7
B000R2PWAO,4.857142857142857,7
B001EWF2B0,4.285714285714286,7
B000FEY3O0,5.0,7
B007RELJ3Y,4.714285714285714,7
B007BPJ33C,4.142857142857143,7
B00B9FSVAQ,4.857142857142857,7
B00B9FTBE6,5.0,7
B00BNCMMDM,5.0,7
B000JR5B6W,4.714285714285714,7
B007RFHDOC,4.428571428571429,7
B001N5FQ46,4.571428571428571,7
B003J487CC,4.571428571428571,7
B009K0RIV0,5.0,7
B007RF0312,4.714285714285714,7
B001EVUXY2,4.428571428571429,7
B0040XQRG4,4.428571428571429,7
B009K74HNK,4.857142857142857,7
B005BKR41C,4.571428571428571,7
B00CJBE5W2,4.428571428571429,7
B001ET7338,4.285714285714286,7
B001ET734W,4.285714285714286,7
B004X8L10S,4.857142857142857,7
B003DRLSVC,4.857142857142857,7
B000TDCFQ0,4.714285714285714,7
B001ET766M,5.0,7
B000TD7WRC,5.0,7
B007RL6UI6,4.571428571428571,7
B000JT9SGY,4.285714285714286,7
B001O4KH8G,4.571428571428571,7
B007AS5HY4,4.428571428571429,7
B000TD5K0S,5.0,7
B007ROGQ3C,4.428571428571429,7
B001ET72G6,4.285714285714286,7
B001ET72FM,4.285714285714286,7
B007AMR69E,4.0,7
B001ET6Z0A,4.571428571428571,7
B00B99JYQ2,4.428571428571429,7
B003JCMMNE,4.428571428571429,7
B001O8R0AA,4.0,7
B00EW199GO,4.285714285714286,7
B001ET6ZPK,4.428571428571429,7
B001O8HB5O,4.857142857142857,7
B003JCLABO,4.571428571428571,7
B000TFQMN0,4.428571428571429,7
B004QXEOMM,4.571428571428571,7
B003JCL4FG,4.0,7
B00CEWI2DO,4.571428571428571,7
B005BQLF7K,4.714285714285714,7
B000QV8ATG,4.428571428571429,7
B00ECAZFIG,5.0,7
B001ET78B0,4.571428571428571,7
B00ECBX7SK,4.857142857142857,7
B000JS5DZ0,4.428571428571429,7
B005FGM7SM,4.857142857142857,7
B00CF1I2HU,5.0,7
B001ET78NI,4.285714285714286,7
B003DW099O,4.142857142857143,7
B000QVDJ6A,4.285714285714286,7
B000TBY0O2,4.0,7
B001NYZQDI,4.571428571428571,7
B001NYRGO0,4.714285714285714,7
B003DWH672,4.857142857142857,7
B001ET7AJ0,4.428571428571429,7
B001ET7AJK,4.0,7
B000186X98,5.0,7
B001ET774I,5.0,7
B00I04BZGQ,4.285714285714286,7
B000181TBK,4.571428571428571,7
B00CJ96VNA,4.714285714285714,7
B007AUEG0S,4.0,7
B004F7YYD8,4.714285714285714,7
B001O2W2WC,4.285714285714286,7
B009KET9TK,4.571428571428571,7
B007AVT7KQ,4.285714285714286,7
B000FKXLQK,4.714285714285714,7
B000186X7A,4.285714285714286,7
B004CJLAQI,5.0,7
B004QSK908,4.857142857142857,7
B0009R5AZE,4.571428571428571,7
B0009RSNXU,4.714285714285714,7
B004CQ0KOO,4.285714285714286,7
B004116GL6,4.428571428571429,7
B004CQ456I,4.714285714285714,7
B004CQ7SZ8,4.142857142857143,7
B004CQBHV4,4.857142857142857,7
B001F82ESM,4.285714285714286,7
B001MW4W0Y,4.0,7
B003E70HXQ,4.142857142857143,7
B009ASKAPI,4.714285714285714,7
B001MA2GGS,4.142857142857143,7
B001MA0QU6,4.714285714285714,7
B00AZWNHN0,4.285714285714286,7
B003E7WQ9O,4.428571428571429,7
B001MAABDS,4.142857142857143,7
B001F635KK,4.285714285714286,7
B001MBEFE8,4.0,7
B005F4DRWE,4.285714285714286,7
B004COFUZA,4.428571428571429,7
B004XRGUZK,4.857142857142857,7
B0009RF8C4,4.857142857142857,7
B007DKW5IU,4.857142857142857,7
B007QFZ0D4,4.142857142857143,7
B001MCFIAC,4.428571428571429,7
B001MC9WCW,4.571428571428571,7
B007QERUYC,4.428571428571429,7
B001M9BRO6,4.0,7
B004EQ7REI,4.857142857142857,7
B00021CWQM,4.285714285714286,7
B007EX152I,4.428571428571429,7
B001M5IL2Q,4.571428571428571,7
B004QO795U,5.0,7
B0001AFL62,4.571428571428571,7
B0001AFM7K,4.428571428571429,7
B007Q2TZRY,5.0,7
B00GSSDHCG,5.0,7
B00HS06AKE,5.0,7
B003IHMKVE,4.142857142857143,7
B00GSTBWYA,4.571428571428571,7
B004CSZZ8S,5.0,7
B000GKBNL4,4.428571428571429,7
B00I8ZLR38,4.285714285714286,7
B000JNJJEG,4.0,7
B00BN7KH84,4.571428571428571,7
B004EQ7QBM,4.857142857142857,7
B004OYYTLE,4.857142857142857,7
B001FB5H4W,5.0,7
B001FB5H7Y,4.571428571428571,7
B000J3FNJG,4.428571428571429,7
B009IROH0U,4.571428571428571,7
B0001AFJD2,4.714285714285714,7
B003IIQSSE,4.571428571428571,7
B001FB5IBO,4.571428571428571,7
B001FB5IDM,4.428571428571429,7
B00BZB1DNQ,4.714285714285714,7
B00CIS9AQC,4.142857142857143,7
B001F51STQ,4.714285714285714,7
B004XU14JY,4.142857142857143,7
B009A5B118,4.428571428571429,7
B007CMIFW4,4.0,7
B000R3K5CS,4.857142857142857,7
B007CNI5LO,4.428571428571429,7
B003E12YHY,4.0,7
B000195JVU,4.428571428571429,7
B001MTFMS8,4.571428571428571,7
B001MSZDQK,4.428571428571429,7
B00IEXQD8S,4.0,7
B009JPLGUK,4.714285714285714,7
B001EXHSRK,4.714285714285714,7
B001MSHZLG,5.0,7
B001EWF2U6,5.0,7
B005FAE3LW,4.428571428571429,7
B005BYV2HA,4.571428571428571,7
B007RA2GXA,4.571428571428571,7
B007CFGAVE,4.142857142857143,7
B000R35UFA,5.0,7
B004X9BSZA,4.285714285714286,7
B003E112KE,4.857142857142857,7
B000FKLBXU,5.0,7
B000C1UBS8,4.714285714285714,7
B000J1BIZG,4.571428571428571,7
B001MSP96Y,4.857142857142857,7
B000A3IN1K,4.285714285714286,7
B00ISBBOOE,4.428571428571429,7
B009AI133Q,4.142857142857143,7
B000A35NV8,5.0,7
B00CFBFDHM,4.0,7
B00IEY86MI,5.0,7
B00AO3775O,4.142857142857143,7
B000SSPXZG,4.0,7
B000CRHRWU,4.428571428571429,7
B007QNAP8Q,4.714285714285714,7
B009J72K3A,4.285714285714286,7
B00B0TY3IK,4.0,7
B00BXPP3F8,4.571428571428571,7
B0009R5C9S,4.142857142857143,7
B001F0QWWY,4.571428571428571,7
B007D1E7VW,5.0,7
B00BXPTFE8,4.428571428571429,7
B001MQ3C8I,4.857142857142857,7
B009JI8EY8,4.571428571428571,7
B003E15AES,4.857142857142857,7
B00B9IEVHK,4.714285714285714,7
B005F79J8W,4.0,7
B001F0SY02,4.857142857142857,7
B005F6S4JI,4.285714285714286,7
B003JCN14I,4.428571428571429,7
B00BNM8RK4,4.285714285714286,7
B001PHLD6M,5.0,7
B004FGD1L0,5.0,7
B00016X064,4.285714285714286,7
B001PLGJJY,4.142857142857143,7
B003D0IOXY,4.285714285714286,7
B005AUC7WO,4.428571428571429,7
B003JMYTXA,4.0,7
B00CEJJNWQ,4.142857142857143,7
B001PO6NYW,4.714285714285714,7
B000TTNA5Y,4.142857142857143,7
B003JMYJWQ,4.857142857142857,7
B00IKAKJ44,4.142857142857143,7
B007824NLA,4.142857142857143,7
B004C0NYY8,5.0,7
B003D1UU44,4.428571428571429,7
B001PLPIHS,4.571428571428571,7
B007SYZ236,4.714285714285714,7
B004FGF60E,4.0,7
B004BW602K,4.0,7
B00CK23XPK,4.714285714285714,7
B0077RPL26,4.285714285714286,7
B00CK21DO8,4.857142857142857,7
B001PN1F5A,4.428571428571429,7
B000TX7P2E,5.0,7
B004X8H7Q0,4.285714285714286,7
B003CYUEJI,4.142857142857143,7
B005G0TYRO,5.0,7
B001PMM3BG,4.714285714285714,7
B005G09RE4,4.857142857142857,7
B005G05JZ0,4.142857142857143,7
B001E96M8U,4.714285714285714,7
B005FWZPGC,4.428571428571429,7
B001E96OV0,4.428571428571429,7
B001P97XG4,4.428571428571429,7
B000QGNYM4,4.571428571428571,7
B000TNW5H4,4.285714285714286,7
B003JMKJS4,5.0,7
B0009PVV3G,4.714285714285714,7
B007SONFPI,4.0,7
B001EBHNFO,5.0,7
B0078DRY6K,4.285714285714286,7
B001P99R8G,4.714285714285714,7
B001E96OTM,5.0,7
B001PAEYY2,4.857142857142857,7
B007SVBK44,4.142857142857143,7
B000A5CPLW,4.714285714285714,7
B001E96N2K,4.428571428571429,7
B001E96N6Q,5.0,7
B00CJUSWUY,4.857142857142857,7
B001E96NCK,5.0,7
B004C0V044,4.571428571428571,7
B0098T2JWG,4.571428571428571,7
B000QG7G1Y,4.428571428571429,7
B003D30B8W,4.0,7
B001E96O9C,5.0,7
B0098MLXUM,4.571428571428571,7
B000JV51ZE,4.428571428571429,7
B001E7676E,4.428571428571429,7
B000U04WPY,4.285714285714286,7
B00023J4AW,4.285714285714286,7
B000U02CMO,4.285714285714286,7
B000FCIEVU,4.285714285714286,7
B0009OMNOS,4.571428571428571,7
B009LNZRD2,4.428571428571429,7
B001E767D2,4.571428571428571,7
B000C1UDV8,4.571428571428571,7
B001E76868,4.571428571428571,7
B007T6XLMM,4.714285714285714,7
B00778B2UA,4.142857142857143,7
B003JN53RA,4.142857142857143,7
B004Y0GR36,4.0,7
B001Q55VF2,4.428571428571429,7
B003JN67MA,4.285714285714286,7
B004OH783C,4.142857142857143,7
B00023KDDO,4.857142857142857,7
B00023KCQW,4.714285714285714,7
B001E72ANI,5.0,7
B00E9DWP5C,4.714285714285714,7
B0009OMNPM,4.857142857142857,7
B001E769DK,4.714285714285714,7
B000QF4D9I,4.0,7
B00GPPOWQM,4.857142857142857,7
B001PR8KCC,4.714285714285714,7
B00CK2Y110,4.428571428571429,7
B0077QCFD0,4.142857142857143,7
B00EXUJTZU,4.857142857142857,7
B00016WW90,4.428571428571429,7
B00AJFP9C0,4.142857142857143,7
B00GPQUFUI,4.428571428571429,7
B001E7BAWA,4.857142857142857,7
B001E77NT4,4.428571428571429,7
B005AN0J4E,4.714285714285714,7
B001E769ZI,4.428571428571429,7
B009LQL4HM,4.571428571428571,7
B000TZV7E4,4.857142857142857,7
B003CTQJ5Q,4.857142857142857,7
B000TZSSWS,4.571428571428571,7
B000TZN81O,4.571428571428571,7
B004R7J20Q,5.0,7
B003JN342Q,4.714285714285714,7
B005AMHOTI,4.0,7
B00016WSZI,4.0,7
B005G40CSU,4.571428571428571,7
B001ECQ2YQ,4.714285714285714,7
B00AP6YPNW,4.571428571428571,7
B00AJO569W,4.571428571428571,7
B00CEOXVVA,4.428571428571429,7
B009L11B0W,4.428571428571429,7
B001OLIVVY,4.714285714285714,7
B001EO626W,4.857142857142857,7
B005BFRHS2,4.142857142857143,7
B004C7K1ZG,4.0,7
B00BKYXX5O,5.0,7
B001P6GLBK,4.857142857142857,7
B001EOPUV0,4.571428571428571,7
B005FNKMF0,4.714285714285714,7
B001EP5YBA,4.285714285714286,7
B0079R3IZG,4.428571428571429,7
B000225ZME,4.428571428571429,7
B0079V56HK,4.571428571428571,7
B009L12ST0,4.714285714285714,7
B001OM3YIS,4.857142857142857,7
B005B6OIG0,4.285714285714286,7
B007S630VA,4.0,7
B004R0JKL4,4.142857142857143,7
B007S625CU,4.0,7
B004FAXYQS,4.0,7
B003JIMECM,5.0,7
B009982QHE,4.714285714285714,7
B001OMIA1Y,4.0,7
B007S3HUVY,4.142857142857143,7
B000C1UD6S,4.857142857142857,7
B001EQE4WE,5.0,7
B001ET0K9M,4.0,7
B00GRCVWAC,4.857142857142857,7
B001ET6WZI,4.285714285714286,7
B007AICBHU,4.142857142857143,7
B001ET6XLQ,4.857142857142857,7
B007AII2R8,5.0,7
B005FLO49M,4.142857142857143,7
B009KRPWCA,5.0,7
B005FLMIK4,4.714285714285714,7
B000TG0SXE,4.285714285714286,7
B000QV0L84,4.857142857142857,7
B00EW1X6WW,5.0,7
B001ET6YII,4.142857142857143,7
B000QUPT0U,4.714285714285714,7
B004F8BSYU,4.142857142857143,7
B001ERA47M,4.714285714285714,7
B0041RN4TM,4.857142857142857,7
B003JDZDHK,4.0,7
B001ES6Y8E,4.714285714285714,7
B005BI90RA,4.857142857142857,7
B004C8QEG0,5.0,7
B001ESE2F6,4.285714285714286,7
B00016XM12,4.142857142857143,7
B001ECQ5D4,4.0,7
B001ECQ5H0,5.0,7
B005FSV1GE,4.0,7
B0078T33I2,4.857142857142857,7
B0040TJDBO,4.285714285714286,7
B00CELZGXY,5.0,7
B00CJNT0DO,4.714285714285714,7
B0078O2GTO,4.571428571428571,7
B00CJLO1Y4,4.714285714285714,7
B000CEZ540,4.571428571428571,7
B0098X1LT4,4.428571428571429,7
B0098XW9B8,4.428571428571429,7
B004C20OS0,4.142857142857143,7
B009LEOJ8A,5.0,7
B001ECQ3YK,4.142857142857143,7
B001ECQ3Z4,5.0,7
B004R6KB98,4.0,7
B003D7VGVO,4.0,7
B004R56P4O,4.857142857142857,7
B007S7IUFA,5.0,7
B000JWM7MI,4.0,7
B000QSR5XQ,4.285714285714286,7
B004R2DTC8,4.142857142857143,7
B005B1CEJ8,4.857142857142857,7
B009L5M0OY,4.142857142857143,7
B001EJOPAW,4.285714285714286,7
B001EJOPLG,4.285714285714286,7
B00EAVQZRC,4.428571428571429,7
B00IRQ7C6Y,4.857142857142857,7
B001OSYN1O,4.714285714285714,7
B004C4O1WI,4.857142857142857,7
B000QSQRQM,4.285714285714286,7
B004C475NK,5.0,7
B005AZT858,4.571428571428571,7
B001P20KW0,4.714285714285714,7
B007905GI0,4.857142857142857,7
B000FDVPMO,4.285714285714286,7
B001P1ZEJ0,4.142857142857143,7
B0001783KG,4.142857142857143,7
B00AJV8VRO,4.857142857142857,7
B004OKR59Q,4.857142857142857,7
B00017UZ2U,5.0,7
B001OZZTII,4.428571428571429,7
B005B0XCGI,4.857142857142857,7
B001OZU9XS,4.285714285714286,7
B001FB5NL4,4.714285714285714,7
B007F4Q5KS,4.142857142857143,7
B0041CTFV8,5.0,7
B007N3AT30,4.857142857142857,7
B005E8N9NS,4.571428571428571,7
B009DH9BZQ,4.0,7
B005E5N71U,4.142857142857143,7
B004DEA6GM,4.142857142857143,7
B003FOQXH2,4.142857142857143,7
B000CQU6B0,4.285714285714286,7
B00AMA7R90,4.142857142857143,7
B00ELKJINU,4.571428571428571,7
B00ELLCK2U,4.857142857142857,7
B001JYP4V6,5.0,7
B001JZNXW2,4.142857142857143,7
B007N88MY8,4.0,7
B000RNLI9M,4.142857142857143,7
B003HHCXR6,4.714285714285714,7
B000CNME2W,4.0,7
B00EPFTKDO,4.428571428571429,7
B005E98NCE,4.0,7
B001GN5G72,4.428571428571429,7
B003FR1EQE,4.0,7
B007N4QERY,4.428571428571429,7
B000JL1NUG,4.857142857142857,7
B001GOY66I,4.428571428571429,7
B001GSQ37O,5.0,7
B003FXG1RK,4.142857142857143,7
B00CHCTHT4,4.571428571428571,7
B0001K55O0,4.142857142857143,7
B001GZT4JQ,4.142857142857143,7
B00CH9C4BK,4.285714285714286,7
B007MK00NS,4.142857142857143,7
B00GTXWR1W,4.857142857142857,7
B004Q6ZEL4,4.714285714285714,7
B00EOZJX2I,5.0,7
B001H4NLXG,4.857142857142857,7
B007K9DBKA,4.428571428571429,7
B00BAEELC8,4.857142857142857,7
B001GSQ978,4.142857142857143,7
B001JQLNP0,4.142857142857143,7
B00EP69ALU,4.428571428571429,7
B003HDL920,4.714285714285714,7
B000RO0NB0,4.142857142857143,7
B007MPD5YE,4.142857142857143,7
B005D97AG0,4.285714285714286,7
B004DWNKWQ,5.0,7
B000CNOAP6,4.285714285714286,7
B005D97CBS,4.428571428571429,7
B001GUY6ZI,4.571428571428571,7
B00ELS9WLA,4.0,7
B000RO4VJ0,4.285714285714286,7
B00EL22Y5W,4.714285714285714,7
B009DCW44G,4.142857142857143,7
B009D5W718,4.428571428571429,7
B0001Y74H2,4.142857142857143,7
B009D7BJA6,4.857142857142857,7
B001KSNKQC,4.714285714285714,7
B004E2VR52,4.428571428571429,7
B00EKO7ZE6,4.285714285714286,7
B007J3IW2E,4.285714285714286,7
B000RMNJSQ,4.142857142857143,7
B00JWYDHLY,5.0,7
B005EDQVJC,4.428571428571429,7
B001GF7WOK,4.142857142857143,7
B003FEZX8W,5.0,7
B00JU8KXAK,4.428571428571429,7
B001KW9DIC,4.142857142857143,7
B009GIZ0IE,4.714285714285714,7
B0001EL5JA,4.571428571428571,7
B007NP3YFI,4.714285714285714,7
B001KYD25A,4.428571428571429,7
B00I80BK9O,4.571428571428571,7
B007NN0UQG,4.571428571428571,7
B007NMM3JE,4.0,7
B003FEQUUW,5.0,7
B001KOTREK,4.428571428571429,7
B001GIOW6S,4.0,7
B000BZ5BA8,4.571428571428571,7
B000FKGHFM,4.285714285714286,7
B001KKKYS2,4.571428571428571,7
B000JF508I,4.428571428571429,7
B00AN5OFGW,4.0,7
B0001XLSPC,4.0,7
B003FO4NAQ,4.857142857142857,7
B0041BFTPA,4.428571428571429,7
B0009XYYVY,4.571428571428571,7
B0009VS7DM,4.857142857142857,7
B000RNJNVM,4.142857142857143,7
B000FKGFJK,4.571428571428571,7
B001KMXVK8,4.0,7
B000S2HY0Y,4.571428571428571,7
B00GVG1ENE,4.714285714285714,7
B0001XQNNE,4.0,7
B00EPQ7WEM,4.428571428571429,7
B0041LN6VE,5.0,7
B007J8ZQMI,4.714285714285714,7
B007NIQZBU,4.0,7
B007NIQZ88,4.571428571428571,7
B004PIKPHQ,4.571428571428571,7
B00AN6FKOC,4.428571428571429,7
B005ED7PN8,4.0,7
B005D4Q6QK,4.285714285714286,7
B007NIDLIK,4.428571428571429,7
B004DBU9B2,4.142857142857143,7
B000FKGIV0,5.0,7
B009EXK2MU,4.571428571428571,7
B001IZ7TUU,4.857142857142857,7
B0009XG46W,4.142857142857143,7
B001IY4AXK,4.857142857142857,7
B004DK79A2,4.571428571428571,7
B003H1F9BY,4.285714285714286,7
B007LVS0YO,5.0,7
B003H22Q6Y,5.0,7
B0001NAYOI,4.285714285714286,7
B001IZYQ92,5.0,7
B007M43GF8,4.428571428571429,7
B005DJUJSQ,4.428571428571429,7
B0001S5T16,4.857142857142857,7
B007M819C6,5.0,7
B00I87QO48,4.714285714285714,7
B000FHQFNY,5.0,7
B000RUYDV0,4.285714285714286,7
B00AMRFXD0,4.714285714285714,7
B0041FKRBC,4.857142857142857,7
B005DOLH4Q,4.142857142857143,7
B003GS6598,4.571428571428571,7
B004DLPY7Q,4.0,7
B0001MKV2E,4.571428571428571,7
B009ERVWW0,4.571428571428571,7
B00AMQWRSU,4.857142857142857,7
B0009XB65Q,4.285714285714286,7
B0009XB660,4.428571428571429,7
B0001M7DKW,5.0,7
B007LN1XD2,4.571428571428571,7
B003GX5SSC,4.857142857142857,7
B009ERPAZU,4.571428571428571,7
B00GU77NE8,4.571428571428571,7
B001I9TJ4A,4.285714285714286,7
B00EO9UIP0,4.714285714285714,7
B000RU2KFG,4.428571428571429,7
B004PYWQQS,4.428571428571429,7
B00BMD6E4U,4.857142857142857,7
B00HZXHFWG,4.714285714285714,7
B007LTSIRU,4.714285714285714,7
B003H19PB4,4.714285714285714,7
B009EPEWAG,5.0,7
B001I7UL8A,4.428571428571429,7
B001IM2JJ4,4.714285714285714,7
B004DKLDOU,4.0,7
B0001M1IJY,4.571428571428571,7
B009EHSI2W,5.0,7
B007MJKHPA,4.857142857142857,7
B0041EG3S4,4.0,7
B00I8DWW4I,5.0,7
B000JK4STK,4.285714285714286,7
B001H988RU,4.0,7
B001H99Y78,4.714285714285714,7
B00B0F3R7M,4.857142857142857,7
B001H9F5YO,4.142857142857143,7
B004PRT0QY,4.428571428571429,7
B0041EKYPW,5.0,7
B0001TPRZI,4.142857142857143,7
B000FH9K3G,4.285714285714286,7
B004Q5M3PK,4.571428571428571,7
B004DIO470,4.428571428571429,7
B001H54VNO,4.857142857142857,7
B007MJVSC6,4.142857142857143,7
B005DZ5X9U,4.285714285714286,7
B005DC2B5C,4.285714285714286,7
B000JHA9D2,4.428571428571429,7
B001JHCQSM,4.0,7
B003G8PEH2,4.714285714285714,7
B00JVWC5OC,4.285714285714286,7
B000JI4X6U,4.714285714285714,7
B0001LAEHW,4.571428571428571,7
B007MJKHVO,4.857142857142857,7
B000JK4JLW,4.428571428571429,7
B001J6O5NM,4.714285714285714,7
B007KSW990,4.428571428571429,7
B000CQ36GW,4.714285714285714,7
B001J9JL60,4.571428571428571,7
B005DI5298,4.571428571428571,7
B001HLQ7EE,4.0,7
B001J8HDCK,4.857142857142857,7
B001HRN5ES,5.0,7
B000COHIY0,4.714285714285714,7
B005DRWEDQ,4.285714285714286,7
B009ECOSV2,5.0,7
B001JB5612,4.285714285714286,7
B001JB54TG,4.285714285714286,7
B005DU56GU,4.0,7
B007KLFVXI,4.0,7
B003H6A7XO,4.571428571428571,7
B001HCM1BG,4.285714285714286,7
B005DU1U88,4.285714285714286,7
B00IKKORVU,5.0,7
B009FBVOGY,4.857142857142857,7
B003GDKMYM,4.0,7
B005F1ILK0,4.285714285714286,7
B001LFI0LE,4.285714285714286,7
B00AL6GIDG,4.857142857142857,7
B004QK7VPC,4.571428571428571,7
B00IFDK88I,4.571428571428571,7
B00021AEK8,4.857142857142857,7
B00ANRVY14,5.0,7
B00021AEJE,4.857142857142857,7
B000BYNEQC,4.0,7
B009BDK0MA,5.0,7
B004EHKI9S,4.714285714285714,7
B00ESLN20W,4.0,7
B000JLCT8G,4.285714285714286,7
B003I96DMY,4.571428571428571,7
B000SFSK54,4.428571428571429,7
B009HVG6KQ,4.0,7
B005ET4MFQ,5.0,7
B000R92WLE,4.428571428571429,7
B00BY0CR9W,5.0,7
B001FTUAS2,4.285714285714286,7
B004D11UAQ,4.428571428571429,7
B005ET4P9Y,4.142857142857143,7
B005ET4NMI,4.0,7
B007PFQ32W,4.714285714285714,7
B0001BNU5A,5.0,7
B007GCV5BS,4.571428571428571,7
B007P7SZM6,5.0,7
B00CFDJJAM,4.857142857142857,7
B003ESG5WM,4.428571428571429,7
B007H31AYS,4.0,7
B001FWXLEO,4.285714285714286,7
B001FWXM2U,4.428571428571429,7
B000RBK5JS,4.714285714285714,7
B005EQOTZC,4.285714285714286,7
B003EUP8LE,4.428571428571429,7
B003I8KGKU,4.857142857142857,7
B000FG8TD4,4.285714285714286,7
B004QJ2J8W,5.0,7
B00BN08D0K,5.0,7
B001FWXJUA,5.0,7
B005ESCQUK,4.142857142857143,7
B00ESJOELK,4.285714285714286,7
B009HRMN0W,4.857142857142857,7
B001FWXIWE,5.0,7
B004P5DNQO,5.0,7
B001FWXJ0A,4.428571428571429,7
B000FKHWX8,4.285714285714286,7
B00CFFJNL0,4.571428571428571,7
B001LBLI62,5.0,7
B003EH3F2G,4.428571428571429,7
B001FT3LUG,5.0,7
B005CZIYRO,4.0,7
B007PUHXIU,4.428571428571429,7
B003IFET3I,4.857142857142857,7
B00GSXX12M,4.571428571428571,7
B003IFD4SE,4.142857142857143,7
B007PURQ5K,4.857142857142857,7
B001FG8X8Y,5.0,7
B005EZH7WU,4.714285714285714,7
B004QNF3HM,5.0,7
B00JYKBZ3I,5.0,7
B005CBJ83C,4.142857142857143,7
B003IE0GNQ,4.0,7
B00ETHMNEQ,4.285714285714286,7
B001FLDUDW,4.285714285714286,7
B00AL0EZUK,4.285714285714286,7
B000SMMNE6,4.428571428571429,7
B007FG1ZT2,5.0,7
B003ED7UJO,4.0,7
B007F9FHXO,4.428571428571429,7
B00BLLVVNC,4.714285714285714,7
B00EFQMDTQ,4.571428571428571,7
B00JS91E2M,5.0,7
B001M4XYK6,4.285714285714286,7
B009IMV0NM,4.714285714285714,7
B00GSXSIM0,4.714285714285714,7
B001M1AWPO,4.428571428571429,7
B003ICZNVI,4.857142857142857,7
B007FVYWV0,4.0,7
B001FROSV4,5.0,7
B004P2NJT8,4.285714285714286,7
B00ET50YY4,4.857142857142857,7
B004D008TG,4.571428571428571,7
B003EGY7KG,5.0,7
B000SJJDEC,4.142857142857143,7
B000R90SAG,4.857142857142857,7
B000R90TGO,4.285714285714286,7
B007G0FF7A,4.714285714285714,7
B00021B95M,4.571428571428571,7
B000SIO8FW,4.857142857142857,7
B00413S626,4.714285714285714,7
B005CFT53Q,4.0,7
B003EEB2Q0,4.428571428571429,7
B000SLQAIW,4.857142857142857,7
B000SLOYNK,4.0,7
B001FORJVI,4.714285714285714,7
B00CIAKEGU,4.714285714285714,7
B005EX61F6,4.142857142857143,7
B007FQUHGO,4.428571428571429,7
B001LR3FL2,4.857142857142857,7
B003EUUFEE,4.428571428571429,7
B001FYV5T0,4.0,7
B000JL7RCO,4.857142857142857,7
B003I37XI8,4.571428571428571,7
B00BY56SOW,4.0,7
B009GPKC6M,4.285714285714286,7
B004E9HNX0,4.714285714285714,7
B0001ZWRUA,5.0,7
B000GIL15E,5.0,7
B009GPIDAY,4.285714285714286,7
B001KYQESC,4.857142857142857,7
B0041M03UA,4.0,7
B009CKOI16,4.285714285714286,7
B000S85AVI,4.142857142857143,7
B00CFRDBUM,5.0,7
B007ONF9DY,4.142857142857143,7
B001KYTRZO,4.285714285714286,7
B005EM6L2A,4.857142857142857,7
B007ONF45C,4.0,7
B00BB0QECG,4.428571428571429,7
B000RHKD1W,4.142857142857143,7
B001KYS7KU,4.428571428571429,7
B003I3PM7W,4.571428571428571,7
B001KYS16A,4.857142857142857,7
B000CR0F4C,4.571428571428571,7
B00BMURLCM,4.714285714285714,7
B007OGU5VM,5.0,7
B001G7PWC2,4.0,7
B00ALXFPKG,5.0,7
B009GLNDD0,4.571428571428571,7
B000RKXH8U,4.0,7
B001G7R3GU,5.0,7
B001KYO4UC,4.714285714285714,7
B003FBNNNC,4.714285714285714,7
B001G7R428,4.857142857142857,7
B00ALZXY0W,5.0,7
B0001Z7Y6C,5.0,7
B003HTX440,4.428571428571429,7
B004PDJJUK,4.0,7
B0001ZA3ZG,4.857142857142857,7
B001G7QBJ0,4.142857142857143,7
B007I8ORR4,4.857142857142857,7
B001G7PWMM,4.285714285714286,7
B0009VNI90,4.285714285714286,7
B001G7PX94,4.0,7
B001G7PXB2,4.428571428571429,7
B001G7PXC6,4.428571428571429,7
B001G7PYC0,5.0,7
B00BYXRZAA,4.142857142857143,7
B003F9V0HK,4.285714285714286,7
B004PCKFJA,4.285714285714286,7
B001KYQ248,4.142857142857143,7
B001KYQ23O,4.285714285714286,7
B0009YDO6O,4.571428571428571,7
B00EQ52LXE,4.285714285714286,7
B001KYTSYO,4.285714285714286,7
B000CR0F56,4.714285714285714,7
B001G7PMD6,4.571428571428571,7
B00ERMY0WG,4.285714285714286,7
B0009YNI74,4.714285714285714,7
B0001BXT4C,4.571428571428571,7
B00EILK8J0,4.285714285714286,7
B00CHVSR6Y,4.857142857142857,7
B005CS0E4W,4.857142857142857,7
B000FKHM4W,4.0,7
B004EDBJC2,5.0,7
B001G60EVM,4.285714285714286,7
B001G60HSC,4.428571428571429,7
B001L0YEKU,4.428571428571429,7
B00ANGIMOW,4.714285714285714,7
B000RDLGF8,4.571428571428571,7
B000SBVU00,4.428571428571429,7
B000JL8QTW,4.142857142857143,7
B009BUVPVS,4.142857142857143,7
B003I8GETC,4.571428571428571,7
B007P0MM8G,4.857142857142857,7
B004QINK7C,4.714285714285714,7
B009BYTERQ,4.428571428571429,7
B000RE7OQC,4.428571428571429,7
B000J52X7O,4.0,7
B00EIJFGGW,5.0,7
B001G60I5E,4.0,7
B003I7D3PQ,4.428571428571429,7
B001KYVN5G,4.857142857142857,7
B00B9RMM3G,4.285714285714286,7
B00BMVHX2O,4.285714285714286,7
B00EQVJQZE,4.428571428571429,7
B007HS0LN4,4.857142857142857,7
B001KYUDWA,4.857142857142857,7
B0009VB108,5.0,7
B007OQQDCC,5.0,7
B000S94ITM,4.428571428571429,7
B004D6PSI6,4.857142857142857,7
B001G7PLXW,5.0,7
B001KYTX0I,4.857142857142857,7
B000RH1SP2,4.0,7
B0041M5VN4,4.142857142857143,7
B000J5UERU,4.571428571428571,7
B00020M6YG,4.428571428571429,7
B001KYW6E8,5.0,7
B000S99950,4.571428571428571,7
B001G6UHWI,4.142857142857143,7
B000S998S8,4.714285714285714,7
B00GWBYAWK,4.714285714285714,7
B00EQY62LC,4.428571428571429,7
B003I7OMQ0,4.142857142857143,7
B00EQWCJPM,4.714285714285714,7
B000S97MPY,4.428571428571429,7
B001G7AOD4,4.285714285714286,7
B004FK12CQ,4.285714285714286,7
B007Z052XI,4.285714285714286,7
B00CN9NZGC,4.714285714285714,7
B00401R1YS,4.0,7
B007Z1S004,4.857142857142857,7
B003ATAIGY,4.285714285714286,7
B00AGNL5GE,5.0,7
B003MN5NQS,4.285714285714286,7
B003ARQUMC,4.571428571428571,7
B00401T8PI,5.0,7
B001W3DSJ4,4.0,7
B0093WZV6Y,4.571428571428571,7
B001W30GZS,4.857142857142857,7
B001W9AMCY,4.571428571428571,7
B001B9VX7S,4.142857142857143,7
B004GCBVW4,4.428571428571429,7
B00F7SOGIW,4.285714285714286,7
B004RZ17H4,4.142857142857143,7
B007Z4E3V6,4.285714285714286,7
B001WAKTYE,4.857142857142857,7
B003MR4M8O,4.285714285714286,7
B003MR3AK0,4.714285714285714,7
B0057Y6NG4,4.428571428571429,7
B00B1DECC2,4.714285714285714,7
B00H2F1DJ8,4.142857142857143,7
B00HMZ8IG4,4.428571428571429,7
B0093Y6GN4,4.714285714285714,7
B006Z11YSA,4.0,7
B00CN4L8CA,4.0,7
B000141KX6,4.428571428571429,7
B004RV6GL0,5.0,7
B006Z7C9AQ,4.142857142857143,7
B00429DNTU,4.285714285714286,7
B00C0TFKCM,4.428571428571429,7
B00BOOU20O,4.0,7
B00BJC4R7A,4.571428571428571,7
B001BBRWDU,4.428571428571429,7
B006Z98NHW,4.714285714285714,7
B000FQNQ1E,4.0,7
B0009I4KMC,4.285714285714286,7
B00942FF4G,4.857142857142857,7
B004RV8D0W,4.428571428571429,7
B001W039GY,4.285714285714286,7
B001VZAMLU,4.571428571428571,7
B00AQRGHYU,4.857142857142857,7
B0094044OU,4.142857142857143,7
B00BBX501E,5.0,7
B001VUM40M,4.428571428571429,7
B006Z76ZH4,4.285714285714286,7
B005I033YM,4.428571428571429,7
B001VSVX88,4.857142857142857,7
B004RVFXH8,4.0,7
B00C0THKXO,4.571428571428571,7
B00E0K6KMI,4.571428571428571,7
B00DZWSB8I,4.714285714285714,7
B009QUWT0Y,4.285714285714286,7
B003N3DU76,4.857142857142857,7
B0093GLK1K,5.0,7
B001B2S33W,5.0,7
B000CCFY8Y,4.428571428571429,7
B001B3NF0M,4.571428571428571,7
B00012WYHY,4.714285714285714,7
B001ZSD77E,4.0,7
B001ZG3IM0,5.0,7
B007ZJK00O,4.714285714285714,7
B0002EZQIU,4.714285714285714,7
B00DZ1MK6S,4.0,7
B006X3SCF8,4.0,7
B003AKE256,4.571428571428571,7
B000F6NXKS,4.0,7
B004NOZJOQ,4.428571428571429,7
B001B1R6H2,4.571428571428571,7
B001B1SATK,4.0,7
B000IIJDE8,4.428571428571429,7
B001B1TYDQ,4.142857142857143,7
B004S0Q5E8,4.285714285714286,7
B000UZKUOG,4.285714285714286,7
B000E4CJKG,4.571428571428571,7
B004AKZ39E,4.285714285714286,7
B004NPLUCA,4.428571428571429,7
B004GEXKFI,4.428571428571429,7
B004GDU7DW,4.0,7
B00HTOTWVS,4.571428571428571,7
B004GDIJJQ,4.0,7
B001X71D0K,4.571428571428571,7
B001X0FBO6,4.857142857142857,7
B007Z7YVJ2,4.714285714285714,7
B001WRX2A0,4.142857142857143,7
B003ARJR5O,4.714285714285714,7
B0057WKMEK,4.285714285714286,7
B001WEVIZY,4.857142857142857,7
B00013YZCA,4.714285714285714,7
B003MSK1VA,4.714285714285714,7
B001XCX9FC,5.0,7
B001B7I70G,4.428571428571429,7
B001B4NBUK,4.285714285714286,7
B006Y7TZWC,4.571428571428571,7
B004AMLLTS,4.571428571428571,7
B00BOUOP9C,4.285714285714286,7
B00H2H6Y36,4.714285714285714,7
B0057VH06O,4.142857142857143,7
B007Z9OMB2,4.571428571428571,7
B004AOENOQ,4.142857142857143,7
B0057VHPGE,4.285714285714286,7
B003MC3DM0,4.0,7
B007YLUIJG,4.428571428571429,7
B000ILZSPI,4.142857142857143,7
B000AD43Q4,5.0,7
B00CCYOHPQ,4.571428571428571,7
B003B3OKX6,4.857142857142857,7
B0002DLT5U,4.428571428571429,7
B005HMS22Y,4.142857142857143,7
B00406ZIIE,5.0,7
B001BDIBY2,4.142857142857143,7
B003B3UC6A,4.857142857142857,7
B001BRCBIU,4.0,7
B009PKGY8I,4.857142857142857,7
B001UOQ6VW,4.285714285714286,7
B000142CYC,4.428571428571429,7
B000GP8VNW,4.714285714285714,7
B000142I0A,4.428571428571429,7
B00F58DL9E,4.142857142857143,7
B0070S25LM,4.714285714285714,7
B000BTSLII,4.571428571428571,7
B001UTJMUE,4.571428571428571,7
B000BTSLHO,4.714285714285714,7
B001UXTPCK,4.142857142857143,7
B000F7WLCS,4.0,7
B000F7YYZU,4.142857142857143,7
B007XXMCG2,4.142857142857143,7
B000PIXDR4,4.571428571428571,7
B000AEEREQ,4.857142857142857,7
B0070R3M9W,4.857142857142857,7
B001UTMQ5W,4.0,7
B005HJZRPM,4.857142857142857,7
B001UO6996,4.714285714285714,7
B004G7Q5HA,5.0,7
B001ULDA7S,4.571428571428571,7
B000142KS0,4.142857142857143,7
B007XN9CFG,4.714285714285714,7
B001BZX2PS,4.714285714285714,7
B009PCTGEA,4.428571428571429,7
B00CMJD3GA,4.857142857142857,7
B0094Q815C,4.571428571428571,7
B007XL5IDI,4.428571428571429,7
B000PKZFPU,4.0,7
B0094QBPGE,4.857142857142857,7
B001ULE9KU,4.571428571428571,7
B0058FO116,5.0,7
B005HJSV4G,4.857142857142857,7
B0094O286M,5.0,7
B001BSJI7Q,4.0,7
B00E27C2K8,4.285714285714286,7
B004G7WOK2,4.571428571428571,7
B00E2PZV62,4.142857142857143,7
B000E3C00Q,4.428571428571429,7
B005HJKRZ2,4.285714285714286,7
B001UN3Y8Q,4.142857142857143,7
B00CMLJGI2,4.428571428571429,7
B009PF5GKK,4.714285714285714,7
B00427X3IS,4.857142857142857,7
B007Y3WPH2,4.571428571428571,7
B00BBS6V9E,4.571428571428571,7
B00404T9HC,5.0,7
B009QALP0O,5.0,7
B000PI1358,5.0,7
B001BIZA14,4.428571428571429,7
B00CCVVYO6,4.285714285714286,7
B003AWOLW8,4.428571428571429,7
B006ZI1D8Y,4.714285714285714,7
B006ZJTOUC,4.714285714285714,7
B001BKIDC0,4.428571428571429,7
B000USAJ9O,4.428571428571429,7
B001BKLHR8,4.142857142857143,7
B007Y7OO3Q,4.0,7
B003AVNLO8,4.714285714285714,7
B009QBS01U,4.714285714285714,7
B001BKM6CI,5.0,7
B00BJF8CVE,4.0,7
B000PHZ8P0,4.714285714285714,7
B004RUJ262,4.285714285714286,7
B001VHELQ0,4.714285714285714,7
B004NU1NZE,4.0,7
B004RUDTSE,5.0,7
B003AV2PP4,4.0,7
B007YDBDZ2,5.0,7
B000UTGQPE,4.285714285714286,7
B000PI11N2,4.714285714285714,7
B001BKLOJO,4.285714285714286,7
B00428AMCC,4.857142857142857,7
B009PPFT2K,4.285714285714286,7
B003AYEGAI,5.0,7
B003M5R1NY,4.285714285714286,7
B001V9LUXU,4.571428571428571,7
B001BLERDS,4.428571428571429,7
B001V9LQ0M,4.571428571428571,7
B0002DMRAG,4.571428571428571,7
B00E1KLNW4,4.0,7
B003M57ZYO,4.142857142857143,7
B003M57ZW6,4.857142857142857,7
B001BMUYNE,4.428571428571429,7
B001BMYKTS,4.0,7
B001V89D2G,4.285714285714286,7
B000US2528,4.428571428571429,7
B001BNRI9G,4.714285714285714,7
B001BKTIE2,4.571428571428571,7
B006ZUHAGG,4.142857142857143,7
B001BKN0RI,4.714285714285714,7
B009PXYI0G,5.0,7
B00HTD16XQ,4.571428571428571,7
B001BKN2XU,4.0,7
B003AYCH90,5.0,7
B0002DNIAE,4.142857142857143,7
B001V9T4KQ,4.428571428571429,7
B007Y6J3A6,4.714285714285714,7
B007Y6J310,5.0,7
B007Y6J0UO,4.428571428571429,7
B001B1KLSS,4.428571428571429,7
B000V02Z16,4.714285714285714,7
B000PKZNUM,4.857142857142857,7
B003ZXB3KU,4.714285714285714,7
B009RW4OB8,4.142857142857143,7
B006UUZNMO,4.857142857142857,7
B009RW3MEI,4.142857142857143,7
B006UWVHJA,4.571428571428571,7
B0092IZ63M,4.285714285714286,7
B008136412,4.285714285714286,7
B00BIZC0GS,4.285714285714286,7
B004YIQU94,4.428571428571429,7
B0025ZJ4C8,4.571428571428571,7
B006V2OP48,4.714285714285714,7
B001AGQB0Q,4.0,7
B00260HH7G,4.285714285714286,7
B00C11J3RM,4.857142857142857,7
B000P277GS,4.714285714285714,7
B000V6GMKU,4.285714285714286,7
B001ACQI8A,4.0,7
B006UQ4Z68,5.0,7
B000V6ZKR6,5.0,7
B0000YUZIS,4.0,7
B001ADPTXO,4.285714285714286,7
B00CO83ZIU,5.0,7
B00BIXHIO4,4.857142857142857,7
B001ADURBS,4.571428571428571,7
B003NOTGBO,4.571428571428571,7
B003NODNPE,4.857142857142857,7
B000P27CP4,4.857142857142857,7
B00DW5MZX0,5.0,7
B00JH2B182,4.571428571428571,7
B00HMIO676,4.857142857142857,7
B001AIXC74,4.571428571428571,7
B006VFK6CA,5.0,7
B0092MCQ8Q,4.0,7
B0024ZQFBC,4.142857142857143,7
B0024MUPZM,4.714285714285714,7
B000KIIFEA,4.571428571428571,7
B00BJ0II7C,5.0,7
B0002GRUPK,4.714285714285714,7
B0092JXYP8,4.428571428571429,7
B00C10T3IC,4.857142857142857,7
B006V4O5WS,5.0,7
B0039U3N0M,4.285714285714286,7
B003NODFPM,5.0,7
B00DW2Z9JK,4.428571428571429,7
B0025UMNU8,4.285714285714286,7
B0025U4ZBI,4.857142857142857,7
B0025TNXX0,4.142857142857143,7
B0039UL9YO,4.142857142857143,7
B00578N0ZM,4.142857142857143,7
B004AGULK4,4.714285714285714,7
B0080UX8R4,4.142857142857143,7
B0081A0VVO,4.428571428571429,7
B001B1D5FE,4.428571428571429,7
B003NV9RPM,4.0,7
B009221DIK,4.0,7
B00267GH70,4.285714285714286,7
B0026LOKBQ,4.285714285714286,7
B00COE550A,4.857142857142857,7
B009S3DTQW,4.428571428571429,7
B0081IHA5G,4.0,7
B0039G3TT6,4.857142857142857,7
B000P251C0,4.428571428571429,7
B000V88XPK,4.714285714285714,7
B006TZGQQM,5.0,7
B000FTA0LA,5.0,7
B005IRWF3K,4.857142857142857,7
B000GTR90E,4.714285714285714,7
B004YLABWI,4.714285714285714,7
B004GV8G6O,5.0,7
B000FT65RS,4.714285714285714,7
B00DUYD26M,4.428571428571429,7
B000V8BK8W,4.714285714285714,7
B0026QPN2Q,4.0,7
B004A84HAW,4.857142857142857,7
B004GV4PUK,4.857142857142857,7
B0039EBA6M,4.571428571428571,7
B0081HXLJ6,4.142857142857143,7
B003NU6CX8,4.428571428571429,7
B004YKDP4U,5.0,7
B003NSLI9S,4.571428571428571,7
B001AATLDG,4.571428571428571,7
B0002I602M,4.428571428571429,7
B00268R8PE,5.0,7
B009S2581C,4.142857142857143,7
B003NS569Q,5.0,7
B0042GHNQ2,4.857142857142857,7
B005IQ1ZJQ,4.571428571428571,7
B0081A3LD4,4.285714285714286,7
B000FRZ7RE,4.285714285714286,7
B0000YUVH8,4.142857142857143,7
B000P255DA,4.285714285714286,7
B003ZX1Q52,4.571428571428571,7
B006U9CDUU,4.0,7
B00IA2SZR0,4.714285714285714,7
B0026I6K3A,4.571428571428571,7
B001A7YI5A,4.0,7
B004WOY1KA,5.0,7
B00JGX8KI6,4.142857142857143,7
B0002IUC1C,4.714285714285714,7
B000FS79EC,5.0,7
B00BC8SRH2,4.571428571428571,7
B000V7BLXW,5.0,7
B0081E70JG,4.142857142857143,7
B000E7SS4O,4.571428571428571,7
B000P3X838,4.428571428571429,7
B001AXEW00,4.428571428571429,7
B001AWYURQ,4.714285714285714,7
B00805CEKQ,4.142857142857143,7
B000E5S008,4.714285714285714,7
B000P9IEXG,4.714285714285714,7
B0002FBOMG,4.285714285714286,7
B00804EGKI,4.428571428571429,7
B00804EF36,4.428571428571429,7
B003ACT14G,4.571428571428571,7
B000PA6WKM,4.285714285714286,7
B003AFNBTE,4.571428571428571,7
B00I52JGWS,4.285714285714286,7
B009R7YC9C,4.428571428571429,7
B00805MRQC,4.571428571428571,7
B003N7G9D4,4.285714285714286,7
B00213WAZ2,4.285714285714286,7
B003N7A732,4.428571428571429,7
B00011QUX4,4.285714285714286,7
B0080988KC,4.0,7
B004AI8OTC,4.285714285714286,7
B00211NEWC,5.0,7
B00B75GHVS,4.857142857142857,7
B004S386JC,4.571428571428571,7
B00AG5BSFU,4.714285714285714,7
B0020WXQ0W,4.857142857142857,7
B004S36BTY,4.0,7
B004AI8TL0,5.0,7
B000F675KM,4.142857142857143,7
B0002F2D8A,5.0,7
B005IDIDPS,4.857142857142857,7
B0002F1XJK,5.0,7
B00AGC2VH2,4.142857142857143,7
B0020MMAZO,4.857142857142857,7
B007ZTWW28,4.428571428571429,7
B000E4P36I,4.0,7
B000V0NCC2,4.571428571428571,7
B00938W0TE,4.142857142857143,7
B0057QWRIA,4.0,7
B004GFHQ8Y,4.571428571428571,7
B00BC237AU,4.571428571428571,7
B006WZ9YZO,5.0,7
B00BOVMZ3Y,4.571428571428571,7
B007ZZ893S,4.857142857142857,7
B007ZUPT22,4.571428571428571,7
B001AYQRNY,4.428571428571429,7
B007ZYQRIS,4.428571428571429,7
B009R6ZOPY,5.0,7
B005ID1EYU,4.428571428571429,7
B000V193S8,4.428571428571429,7
B000PAY5U6,4.857142857142857,7
B00B788KRY,4.142857142857143,7
B001AZOVHW,4.142857142857143,7
B0020MMC8E,4.142857142857143,7
B00BOVN312,4.857142857142857,7
B000V10A30,4.571428571428571,7
B004YGHKFY,4.428571428571429,7
B002149GOE,4.0,7
B003N8CYGO,4.142857142857143,7
B000CBG0EM,4.142857142857143,7
B004NMF92K,4.714285714285714,7
B004S56NMM,4.428571428571429,7
B001AN268U,4.857142857142857,7
B000V3QH2G,4.428571428571429,7
B0057HLJQU,4.714285714285714,7
B000V3QB86,4.142857142857143,7
B000V3Q2CG,4.285714285714286,7
B00DWKRKK8,4.285714285714286,7
B004S4OKYG,4.571428571428571,7
B004NMJ2KK,4.714285714285714,7
B00011JP5E,4.571428571428571,7
B0023AVCMU,5.0,7
B00243FKMO,5.0,7
B0057GRQI6,4.857142857142857,7
B0024HANTU,4.714285714285714,7
B0024GZCPG,4.0,7
B0009F3RA6,4.142857142857143,7
B00AFZ97HC,5.0,7
B0042CAG6K,4.857142857142857,7
B000E7SRSQ,4.714285714285714,7
B004AI371W,4.857142857142857,7
B0080MCXR8,4.857142857142857,7
B0021EV2C8,4.857142857142857,7
B001ASW04U,4.857142857142857,7
B006WCA32K,4.142857142857143,7
B0021JTSCO,5.0,7
B006WDFFAO,5.0,7
B0042B7LGE,4.428571428571429,7
B003A88LGY,4.428571428571429,7
B003N8SO8Q,4.0,7
B0092ZKLGM,4.571428571428571,7
B0002FEK2M,5.0,7
B0009H9TK6,4.857142857142857,7
B001AUYTYC,4.428571428571429,7
B001AV0P6W,4.285714285714286,7
B001AV45DG,4.714285714285714,7
B00DXFO8B6,4.0,7
B006WC6AUY,4.142857142857143,7
B0080G9BY2,4.857142857142857,7
B002387DYS,4.714285714285714,7
B003A2PND4,4.571428571428571,7
B004NMRHZM,4.285714285714286,7
B0092U5IQU,4.714285714285714,7
B006W7QEJG,4.857142857142857,7
B000V3KLQE,4.571428571428571,7
B001AQVJCG,4.571428571428571,7
B001ARSVL2,4.857142857142857,7
B000GREQMK,4.428571428571429,7
B001AS18MK,4.714285714285714,7
B004RRC5UK,4.857142857142857,7
B001E6UUQS,4.0,7
B001DYFFC0,4.571428571428571,7
B000UCYS0Q,4.571428571428571,7
B0009OAGQK,4.428571428571429,7
B000UCJBT4,4.142857142857143,7
B003C5DQN8,4.571428571428571,7
B00CLDTOOW,4.428571428571429,7
B003K5IDFG,4.0,7
B001RRZP0K,4.428571428571429,7
B00E6UQ6OE,4.428571428571429,7
B003K5HHQC,4.428571428571429,7
B001DXETIM,5.0,7
B00751UKMA,4.142857142857143,7
B001RV46JM,4.142857142857143,7
B00JM8YXBI,4.428571428571429,7
B001DR3U6K,4.285714285714286,7
B004RB9O6O,5.0,7
B003K7A3NE,4.142857142857143,7
B007V657OU,5.0,7
B000FAE2J0,4.714285714285714,7
B001RVIHXI,4.571428571428571,7
B004OAXCOS,4.285714285714286,7
B005GO1NC4,4.428571428571429,7
B001RVFC4U,4.428571428571429,7
B00027OR2I,4.285714285714286,7
B001RV5S7Q,4.142857142857143,7
B0059B0KAK,4.714285714285714,7
B00014WVKC,4.285714285714286,7
B003K5EE7C,5.0,7
B001RD2IWC,4.714285714285714,7
B001E0VOXC,5.0,7
B0040IM54W,4.571428571428571,7
B001RBW6XA,4.571428571428571,7
B00BKH7ZDC,4.571428571428571,7
B007UR30SU,4.428571428571429,7
B00BX5G9B0,4.571428571428571,7
B003CGWJAI,4.857142857142857,7
B000U8R0J6,4.857142857142857,7
B001R8I25O,4.714285714285714,7
B005GLSDN4,4.428571428571429,7
B00027CDYC,4.428571428571429,7
B00E718N6G,5.0,7
B00BBFR3RQ,4.571428571428571,7
B00BKFLV98,4.428571428571429,7
B000AA5VGI,4.857142857142857,7
B001RKAI0O,5.0,7
B001RJMZW4,4.857142857142857,7
B001RJ9T6E,4.857142857142857,7
B007UXDSJU,4.857142857142857,7
B007UW0IBW,4.0,7
B007UTGXAA,4.571428571428571,7
B001RI3NR6,4.571428571428571,7
B001DQDDVI,4.142857142857143,7
B0074NCP8Q,4.428571428571429,7
B00592UPHW,4.142857142857143,7
B007VLYXCM,4.142857142857143,7
B001SB13NS,4.857142857142857,7
B00028NL6U,4.0,7
B000K2ZW8S,4.714285714285714,7
B001SAUBL4,4.285714285714286,7
B00CDDDTIW,4.428571428571429,7
B004X3KQXQ,4.285714285714286,7
B00HNOQGO0,4.571428571428571,7
B003KLU22C,4.0,7
B004BG6CJW,4.142857142857143,7
B00028MW7O,5.0,7
B00746KTWW,5.0,7
B007VIIK9W,5.0,7
B001DKBZA0,4.428571428571429,7
B0009N4CHA,4.428571428571429,7
B00GOJ60W8,4.0,7
B007VP15XI,4.285714285714286,7
B00743VAE6,4.571428571428571,7
B000IOOJVE,4.714285714285714,7
B00B8A5WXG,4.428571428571429,7
B000Q2Y0QC,4.285714285714286,7
B0009N30MI,4.857142857142857,7
B00014FT4M,4.0,7
B00H05L890,4.714285714285714,7
B00GOHVFIE,5.0,7
B001SE23F2,5.0,7
B007VQCP6S,4.857142857142857,7
B000Q31NWK,4.285714285714286,7
B001S46R72,4.857142857142857,7
B007VD4Q0E,4.428571428571429,7
B00AIBCK68,4.714285714285714,7
B004FQL8NS,4.857142857142857,7
B0096TD59Y,4.714285714285714,7
B001DNTQZI,5.0,7
B005GOVYEG,4.285714285714286,7
B00HNSSHUC,4.0,7
B009NKERO8,4.285714285714286,7
B001DO5B2O,4.142857142857143,7
B003K8T028,4.714285714285714,7
B000AA9GYG,4.428571428571429,7
B009NK0CYW,4.142857142857143,7
B001RVOXTK,4.857142857142857,7
B007VDCF1G,4.571428571428571,7
B005GQ6JC6,4.285714285714286,7
B000Q31OAG,4.142857142857143,7
B005GQUMAQ,4.857142857142857,7
B00749QR9S,4.857142857142857,7
B0096NRKYG,4.285714285714286,7
B0074B4QFI,4.142857142857143,7
B003BWX17I,4.428571428571429,7
B001RYWZIS,4.428571428571429,7
B0041X9X1O,4.0,7
B00595AAVU,4.571428571428571,7
B004FQONBC,4.714285714285714,7
B007VFE5IK,4.142857142857143,7
B001RYSEVK,4.714285714285714,7
B001DLS24Q,5.0,7
B0075MF1NM,5.0,7
B001R60FQA,5.0,7
B00EZQB8YW,5.0,7
B0041TGASC,4.857142857142857,7
B003JNFGWM,5.0,7
B00APEO8K4,4.285714285714286,7
B00E8WWNV0,4.428571428571429,7
B003CJHZKY,4.857142857142857,7
B007THDTN2,4.142857142857143,7
B004X7VZYQ,4.285714285714286,7
B009M8Z2EA,4.285714285714286,7
B0076QUG32,4.285714285714286,7
B001QGGA06,4.571428571428571,7
B001E6ELFO,5.0,7
B00025G200,4.571428571428571,7
B001E5E28G,4.285714285714286,7
B005A5JHZO,4.0,7
B005A5T8BW,4.0,7
B0041TNAOE,4.714285714285714,7
B001QRRD8I,4.0,7
B004BRS6DQ,4.428571428571429,7
B0041TJV1K,4.285714285714286,7
B00EYDOC2G,5.0,7
B005G8UCTA,4.714285714285714,7
B004OH07AI,4.428571428571429,7
B001E56Z4A,4.857142857142857,7
B00IUYZ4UE,5.0,7
B00983LTE6,4.428571428571429,7
B007TBT50E,5.0,7
B001E6T5KK,4.428571428571429,7
B003JN6JZK,4.0,7
B001E6TWHG,4.714285714285714,7
B000U1W60Q,4.571428571428571,7
B0041TF6WI,4.428571428571429,7
B001QABVGU,4.142857142857143,7
B00B8UF2PO,4.714285714285714,7
B001Q95WB6,4.285714285714286,7
B001E6ULOO,4.857142857142857,7
B00771Z9RY,4.571428571428571,7
B00770JAWU,4.428571428571429,7
B007TELMVG,4.857142857142857,7
B001E6P504,4.428571428571429,7
B000BWCLVI,4.857142857142857,7
B000JZ0J6G,4.571428571428571,7
B000Q9NNFE,4.285714285714286,7
B004R7LB9G,4.428571428571429,7
B004OH5NAW,4.142857142857143,7
B00770IBFC,4.0,7
B001E6R3WW,4.714285714285714,7
B005GAF5GI,4.857142857142857,7
B000BW74MO,5.0,7
B004X7INW8,4.142857142857143,7
B001R1OMY6,4.714285714285714,7
B001E10FUE,4.714285714285714,7
B00APMUVQG,4.142857142857143,7
B007U7E51Q,4.142857142857143,7
B001R18N8C,4.857142857142857,7
B004R7PA4S,4.571428571428571,7
B004Y45L2U,4.428571428571429,7
B00CDVOMPS,4.571428571428571,7
B007637BX8,4.428571428571429,7
B000U86TCA,5.0,7
B00BOF6NZ6,4.142857142857143,7
B004FMBVPC,5.0,7
B00E847GI8,4.285714285714286,7
B00EZEQQSM,4.285714285714286,7
B000U83UAY,5.0,7
B00AIQOKES,4.142857142857143,7
B000FMNQP4,4.571428571428571,7
B005GJ4G50,4.142857142857143,7
B004OEDSD4,4.142857142857143,7
B001R4CLFA,4.428571428571429,7
B00APO2ZFY,4.0,7
B001R4CL8M,4.142857142857143,7
B000IRQBPI,4.857142857142857,7
B00GP2FKES,5.0,7
B009MTY3LW,4.428571428571429,7
B00B8NVUPM,4.285714285714286,7
B0097AITRA,4.857142857142857,7
B004FMAZ5O,4.714285714285714,7
B00EZ8RYUM,4.428571428571429,7
B000FBZLHG,4.0,7
B001QWCCCU,4.428571428571429,7
B00AIVO9D0,4.571428571428571,7
B000DLB2C6,4.571428571428571,7
B00BX70Y6O,4.428571428571429,7
B00E8JQLWK,4.571428571428571,7
B001E18HXG,4.285714285714286,7
B005GDAZC4,4.0,7
B0076HKVEA,4.714285714285714,7
B001QTZU90,4.142857142857143,7
B001QTW34K,4.428571428571429,7
B00CDZH3BO,4.0,7
B00EYZU1CY,4.714285714285714,7
B001QYCLYM,5.0,7
B001QY8W5Y,4.714285714285714,7
B000FBNYOI,4.142857142857143,7
B0059W5U2W,4.571428571428571,7
B003CIGTSO,4.571428571428571,7
B003CIGXFS,4.285714285714286,7
B003JTIW90,4.571428571428571,7
B00GZ8C734,4.428571428571429,7
B00CL3EPIM,4.285714285714286,7
B000C1UEB2,4.714285714285714,7
B00BX6TVQE,4.857142857142857,7
B00766WKYU,5.0,7
B000Q7NR34,4.142857142857143,7
B007X4H0PE,4.857142857142857,7
B001U0OVEK,4.714285714285714,7
B001U0OVBS,4.0,7
B00E3VC4TW,4.571428571428571,7
B00AQ7RGBI,5.0,7
B005HBC0ZU,4.0,7
B00E40IS0G,5.0,7
B000ULP8D8,4.714285714285714,7
B00E4221N4,4.428571428571429,7
B001CLQFPU,5.0,7
B0095FVCUI,5.0,7
B001U372YI,4.857142857142857,7
B001U35NM6,4.571428571428571,7
B001U35D9E,4.714285714285714,7
B000PRTUBI,4.714285714285714,7
B009P0KAN8,4.571428571428571,7
B001CIAJCS,4.857142857142857,7
B007200FDS,4.285714285714286,7
B007200GX2,4.142857142857143,7
B00AHE15NU,4.0,7
B007X5T28Q,4.857142857142857,7
B001U23AHC,4.428571428571429,7
B000PSPKMU,4.285714285714286,7
B007X0VBSA,4.428571428571429,7
B003BI2G4G,4.285714285714286,7
B00E4CSTGM,4.571428571428571,7
B00E4CYYI4,4.285714285714286,7
B001CSOBO0,4.142857142857143,7
B000AADFX4,4.285714285714286,7
B00E4DF6J4,4.0,7
B001TQO3B6,4.857142857142857,7
B0009KN8IW,4.285714285714286,7
B00F3G71TO,4.285714285714286,7
B003L7DKD8,4.285714285714286,7
B004G0GKW2,5.0,7
B000PT9BVU,4.714285714285714,7
B000GI0VQO,4.428571428571429,7
B001TVR13S,4.142857142857143,7
B001TVFI9M,4.285714285714286,7
B001TUR79W,4.142857142857143,7
B001TU3TEY,4.285714285714286,7
B005HASWDA,5.0,7
B00BOJLA3C,4.428571428571429,7
B00AQ6C538,5.0,7
B000C1UF0C,4.428571428571429,7
B00BBN657M,4.142857142857143,7
B001TSM8A2,4.857142857142857,7
B000IOBYEY,4.714285714285714,7
B001U3AZ9W,4.857142857142857,7
B001SIOZJU,5.0,7
B0058K2S8E,4.428571428571429,7
B0002DFLKE,4.857142857142857,7
B001UDNPZS,4.428571428571429,7
B004Y9JU2W,4.0,7
B00E3CQIWK,5.0,7
B001C93Q1S,4.428571428571429,7
B004Y9JQ6C,4.428571428571429,7
B001U3CPJ0,4.857142857142857,7
B00F4DUV9S,5.0,7
B001C9POF4,4.142857142857143,7
B0002CZK7E,4.285714285714286,7
B0071K1SM6,4.0,7
B0071K229E,4.0,7
B000142UY4,5.0,7
B0009JMCQ2,4.714285714285714,7
B009P9SXBA,4.285714285714286,7
B004AZLOJC,5.0,7
B009P7X0HO,4.428571428571429,7
B007XJ394A,4.714285714285714,7
B0071GQPSW,4.571428571428571,7
B00IW8R3M0,5.0,7
B000UQ1364,4.285714285714286,7
B0009JKK98,4.714285714285714,7
B001C5S8Z6,4.857142857142857,7
B00CD0016I,4.428571428571429,7
B007XE0ENY,4.285714285714286,7
B004B3Z0Q6,4.0,7
B00954GPGU,5.0,7
B00IK8I8YE,4.857142857142857,7
B0001434XK,4.857142857142857,7
B001CCY03I,4.428571428571429,7
B007XAQGJ4,4.0,7
B00957F4E6,4.714285714285714,7
B001CD2ID6,4.714285714285714,7
B00957WZNE,4.142857142857143,7
B009P2HVWO,5.0,7
B00B7X0HIY,4.428571428571429,7
B004G41PHI,4.142857142857143,7
B0002CHLVW,4.0,7
B003LPUWXG,4.142857142857143,7
B007XDQ5UQ,4.0,7
B001U54DZC,5.0,7
B00F4ANYOA,4.428571428571429,7
B001CBBXT8,4.571428571428571,7
B009P59SUO,4.285714285714286,7
B0058KSX5Q,4.571428571428571,7
B00H1OI5XC,4.571428571428571,7
B0071NN1SC,5.0,7
B0002CP1N2,4.571428571428571,7
B00AQBF4PO,4.428571428571429,7
B004WZCOLC,4.142857142857143,7
B005HGAHVY,4.142857142857143,7
B001TO2Z0Y,4.714285714285714,7
B00IHEJRTG,5.0,7
B001CT07Z6,4.428571428571429,7
B001T4S2UQ,4.857142857142857,7
B00028OTAC,4.714285714285714,7
B0073KJJMA,4.428571428571429,7
B001D28NGC,4.142857142857143,7
B00028OT9I,4.142857142857143,7
B000FQ8BW8,4.285714285714286,7
B00028OS0I,4.714285714285714,7
B0073LCOCG,4.285714285714286,7
B0058Z4CGA,5.0,7
B000PZ8GHE,5.0,7
B00AQ1N76M,4.285714285714286,7
B00K3GTRUU,4.714285714285714,7
B001D0CDPG,4.285714285714286,7
B004FT7DYI,4.0,7
B001T8KQ7Y,4.285714285714286,7
B001T8JJ22,4.571428571428571,7
B000IOJLBW,4.714285714285714,7
B001D0G2CQ,4.428571428571429,7
B000FPTEO8,4.285714285714286,7
B005GXG7EE,4.571428571428571,7
B003KUIDY2,4.571428571428571,7
B001T8HZ8W,4.142857142857143,7
B007W6V284,4.857142857142857,7
B0073LFE3W,4.285714285714286,7
B001T0DHK0,4.571428571428571,7
B003BQJA5G,5.0,7
B001SUS12A,4.428571428571429,7
B005GUCUIE,4.285714285714286,7
B001ST3QOO,4.428571428571429,7
B004FRZLMG,4.285714285714286,7
B000AAAW26,4.142857142857143,7
B009NTU4X2,4.571428571428571,7
B00I04EBUI,4.142857142857143,7
B0073XYQV6,4.428571428571429,7
B00028ODGW,5.0,7
B00H0FBV0G,4.428571428571429,7
B00H0F6RBY,5.0,7
B004FS6U6Q,4.428571428571429,7
B001SZ7VC6,4.857142857142857,7
B004X2P5W4,5.0,7
B009NVOC2E,5.0,7
B0096BQKLM,4.571428571428571,7
B001SYZXFY,4.285714285714286,7
B0058ZRUTQ,4.285714285714286,7
B00014EH22,4.285714285714286,7
B001SYYLK2,4.714285714285714,7
B001SYYG8Y,4.285714285714286,7
B007W15US2,4.142857142857143,7
B0058ZTZMG,4.142857142857143,7
B003KUOSLY,4.428571428571429,7
B000PY8J0E,4.285714285714286,7
B00421X0M8,4.0,7
B001TIZZFW,4.857142857142857,7
B00H12U9B0,4.857142857142857,7
B000ULJM26,4.285714285714286,7
B004RJS11K,4.571428571428571,7
B0058SQMKG,4.571428571428571,7
B00I5HU118,5.0,7
B000C1UEUI,5.0,7
B001TEU498,4.428571428571429,7
B000PWLAJS,4.714285714285714,7
B00CD936J8,5.0,7
B00E4THW2M,4.857142857142857,7
B000ULI4YI,4.285714285714286,7
B001CT0A6C,4.714285714285714,7
B00CD95MCC,4.428571428571429,7
B0058S2BEW,4.428571428571429,7
B001TKDUNO,4.0,7
B001CT097W,4.285714285714286,7
B007WR91KY,4.571428571428571,7
B00029UXJM,4.285714285714286,7
B007WR91JU,4.571428571428571,7
B000CE8PBA,4.0,7
B007WQII2C,4.428571428571429,7
B003BMGA6C,4.428571428571429,7
B00E4MRK0I,5.0,7
B003BMPBEO,4.0,7
B000CEAUJA,5.0,7
B0009MHNX6,4.428571428571429,7
B0073A8T4Y,4.571428571428571,7
B001T8OSH8,4.0,7
B007WA4EDU,4.571428571428571,7
B00AHTWN6S,4.285714285714286,7
B0073B01LM,5.0,7
B007W9ZVV0,4.571428571428571,7
B0073B3DVM,4.0,7
B00JLAOP3S,5.0,7
B000PY7E9Q,4.857142857142857,7
B003KWINU4,4.428571428571429,7
B00E4WILFQ,4.571428571428571,7
B000PY1D2U,4.285714285714286,7
B001T8W7WG,4.285714285714286,7
B000PY00F6,5.0,7
B00F3656XM,4.571428571428571,7
B00CLWBBWG,4.857142857142857,7
B004RH4GEI,4.428571428571429,7
B000PY0PK6,4.428571428571429,7
B004I3XTWQ,4.714285714285714,7
B009ERPB04,5.0,7
B0051522W8,4.142857142857143,7
B003YJCK2U,4.714285714285714,7
B008AS04V4,4.857142857142857,7
B00IOA0JJ0,5.0,7
B00G3OM17W,4.857142857142857,7
B00G3O2B18,5.0,7
B00C84TKCA,4.857142857142857,7
B0014B0OQO,4.571428571428571,7
B0014B0IXS,4.428571428571429,7
B008IW6GQ4,4.428571428571429,7
B00FW63U6S,4.571428571428571,7
B00BSUTJKI,4.571428571428571,7
B00515GS50,5.0,7
B000G7SVY4,4.428571428571429,7
B0014AYGX2,4.428571428571429,7
B000X300HW,4.714285714285714,7
B005OWO1RW,4.0,7
B00FQVW3SU,5.0,7
B00514FXAM,5.0,7
B000LJO4NY,4.428571428571429,7
B0069FEPCE,4.142857142857143,7
B00514G6DU,4.428571428571429,7
B00514G6HQ,4.571428571428571,7
B00J3C9O1M,4.571428571428571,7
B002UL35JK,4.142857142857143,7
B002LFBQZA,4.714285714285714,7
B008AKZE0I,4.428571428571429,7
979077995X,5.0,7
B002UKP18Y,4.142857142857143,7
B008QD9AJ0,5.0,7
B005WLVCMM,4.714285714285714,7
B0010T12IY,4.714285714285714,7
B002UEHYIU,4.142857142857143,7
B00110MKEM,4.142857142857143,7
B00110MKEW,5.0,7
B008IHSNLK,4.571428571428571,7
B00G3JDWO8,4.0,7
B0035CTWKE,5.0,7
B0045KERGO,4.428571428571429,7
B00110OKJA,4.714285714285714,7
B0007OZ2BQ,4.428571428571429,7
B008QMOSOI,4.571428571428571,7
B002UEFGH6,4.714285714285714,7
B000LJR7J2,4.285714285714286,7
B00D58WXK4,4.714285714285714,7
B000B9N0E8,4.285714285714286,7
B008VE88WY,4.285714285714286,7
B0006B11QU,5.0,7
B000NT494G,4.285714285714286,7
B0014ARE7M,4.0,7
B002LK0GAQ,4.571428571428571,7
B0069A270G,4.428571428571429,7
B004V3SVWG,4.142857142857143,7
B008ITYTGQ,5.0,7
B002UFIAT6,4.714285714285714,7
B002UFANMS,4.857142857142857,7
B0069A1TGO,4.285714285714286,7
B002UEQCII,4.714285714285714,7
B004K2PT7I,4.285714285714286,7
B000X2FQAY,4.571428571428571,7
B008VF7AG8,5.0,7
B000BO8QTW,4.857142857142857,7
B000GCWPJ6,4.714285714285714,7
B0014AUWG2,4.0,7
B00A6Q7V9Q,4.0,7
B004V3T4H2,4.0,7
B0000533G9,4.857142857142857,7
B0069HBFD4,4.428571428571429,7
B008J4MN9A,4.857142857142857,7
B0035LCW16,4.857142857142857,7
B005VTHTI6,4.428571428571429,7
B000BIZSZS,4.0,7
B005VTQQD0,4.428571428571429,7
B000H6IVO4,4.142857142857143,7
B005VTZZUA,4.142857142857143,7
B008JF21FK,4.285714285714286,7
B003YJ3N9E,4.714285714285714,7
B0010KCPRK,4.285714285714286,7
B002LDZQDK,4.142857142857143,7
B002UUT3YW,4.285714285714286,7
B004TWCS82,4.857142857142857,7
B005P0GG5I,4.285714285714286,7
B0014E5W8G,5.0,7
B00IC9AG5A,5.0,7
B0014GS33U,4.428571428571429,7
B00CS6I8ZI,4.428571428571429,7
B008PRA9MO,4.857142857142857,7
B0010EK9SS,4.0,7
B0010ELJUU,4.428571428571429,7
B002LDPOGO,4.428571428571429,7
B005P0KV2C,4.857142857142857,7
B0050ZIYYY,4.428571428571429,7
B0035LCW52,4.714285714285714,7
B002LDT6RM,4.714285714285714,7
B0010GWZD8,4.857142857142857,7
B009Z8Z2O2,5.0,7
B008JHO4E4,5.0,7
B000C1W712,4.142857142857143,7
B0035JLOBC,4.857142857142857,7
B002UTY050,4.428571428571429,7
B002UO1JBS,4.428571428571429,7
B002UNDUOS,4.142857142857143,7
B005WA4UGS,4.714285714285714,7
B004V41YP6,4.714285714285714,7
B005WAZVXO,4.142857142857143,7
B000NUQVQE,4.0,7
B005WCX1WU,4.857142857142857,7
B0014CAKL2,4.285714285714286,7
B004IFPKSK,4.428571428571429,7
B000X4IAGY,4.428571428571429,7
B004V41VM2,4.428571428571429,7
B004V41U9Q,4.571428571428571,7
B00A6UHLMO,4.285714285714286,7
B008J5026A,4.714285714285714,7
B0035H40MO,4.714285714285714,7
B002UNHIXC,4.714285714285714,7
B00BGSAS4I,5.0,7
B0053CHA8U,4.857142857142857,7
B000HL9T6S,4.285714285714286,7
B003YJ5JOG,4.428571428571429,7
B0014DJ08K,4.857142857142857,7
B0007MXOOU,4.0,7
B0010OHN1Y,4.857142857142857,7
B005W453L0,4.285714285714286,7
B004IFMY1Q,5.0,7
B000X5NYL4,4.428571428571429,7
B0014D3LM6,4.428571428571429,7
B0010Q5HQU,4.0,7
B0014CVS0Y,4.428571428571429,7
B0010QW9Y8,4.142857142857143,7
B0007NDE3U,4.428571428571429,7
B00G4EBCOY,4.714285714285714,7
B00G3G800W,4.142857142857143,7
B008H6N6IM,5.0,7
B00116D29I,5.0,7
B004W2SLKI,4.857142857142857,7
B008HP9GCS,4.571428571428571,7
B000B9NXE0,4.571428571428571,7
B003U05DC2,4.857142857142857,7
B00G1W8W9W,4.714285714285714,7
B002T70PTI,4.285714285714286,7
B004ZA8ZAI,4.428571428571429,7
B008UYICIU,5.0,7
B002LYXS52,4.571428571428571,7
B002LYXZLY,4.571428571428571,7
B002T6TO9G,4.428571428571429,7
B00DH18LR8,4.714285714285714,7
B0013WCRBO,4.285714285714286,7
B008R8GNCG,4.571428571428571,7
B000C1W6IQ,4.0,7
B0013YQ2H2,4.571428571428571,7
B008R6DUJW,4.142857142857143,7
B00113LH7A,5.0,7
B0006PJTLA,4.142857142857143,7
B004LXJTC2,4.571428571428571,7
B00D66KF6Y,4.285714285714286,7
B00A620JA8,4.0,7
B002LTMT0M,4.0,7
B000HJXDZS,4.857142857142857,7
B0013ZH6BC,4.857142857142857,7
B0046W14OO,4.428571428571429,7
B000WZNJRE,4.285714285714286,7
B003YM1XUW,5.0,7
B0045QXSBS,4.285714285714286,7
B005Y1B9ZK,4.142857142857143,7
B00CX7NLC2,4.857142857142857,7
B000GG85FA,4.428571428571429,7
B00CX7GE9E,4.714285714285714,7
B000WZIVHW,4.714285714285714,7
B0051DAA2O,4.428571428571429,7
B004UWL18Y,4.285714285714286,7
B004INCW2O,4.142857142857143,7
B005YNB6VA,4.714285714285714,7
B00685QTQ0,4.857142857142857,7
B00I3JIBUG,4.142857142857143,7
B00D6N7T7A,5.0,7
B00AWUHV3C,4.285714285714286,7
B00BDH2K02,5.0,7
B00685GD70,4.857142857142857,7
B0031KN9UE,4.428571428571429,7
B002M3O6A8,4.857142857142857,7
B000WY1BXY,4.857142857142857,7
B002M3ZVLG,4.142857142857143,7
B0000531PI,5.0,7
B004VTWY8W,4.285714285714286,7
B005YQR0EE,4.857142857142857,7
B008BKGX02,4.714285714285714,7
B00A5LVJX6,4.714285714285714,7
B0046VIHAO,4.571428571428571,7
B008HHOZAO,4.714285714285714,7
B001180RFI,4.714285714285714,7
B0007RA7BI,4.714285714285714,7
B005YEIZKY,4.428571428571429,7
B005MJL9UY,5.0,7
B0046VIH86,4.428571428571429,7
B004L35VEC,4.857142857142857,7
B00ACNSRIM,4.285714285714286,7
B004W2PRCI,4.428571428571429,7
B005YEVLV4,4.571428571428571,7
B003U27K0S,5.0,7
B00C2K7RUM,4.428571428571429,7
B00119NF06,4.428571428571429,7
B008BJW168,4.285714285714286,7
B0006PJQFE,4.571428571428571,7
B002T5AS8S,4.0,7
B0052ZD2YY,4.142857142857143,7
B000GCWI98,4.571428571428571,7
B000W29548,4.285714285714286,7
B008I63FFU,4.857142857142857,7
B003WGFQK8,4.857142857142857,7
B000N48YCY,4.428571428571429,7
B000HKNQYU,4.428571428571429,7
B000BPG4SG,4.714285714285714,7
B000X1DKFS,4.571428571428571,7
B00112AJEI,4.0,7
B00112AJIO,4.142857142857143,7
B002TXGB40,4.857142857142857,7
B00518N7QK,4.142857142857143,7
B0043BWJN8,4.428571428571429,7
B003WBYSTI,4.857142857142857,7
B00DHOJ4Q2,4.428571428571429,7
B00112BVU4,4.428571428571429,7
B00HZ8JREU,4.285714285714286,7
B00BGO8S1M,4.857142857142857,7
B000H71QWW,4.857142857142857,7
B00HD24TSC,5.0,7
B00GIKV2TO,4.571428571428571,7
B00535B21S,4.857142857142857,7
B005X5HM3K,4.428571428571429,7
B00146JOOC,5.0,7
B002U63K6I,4.285714285714286,7
B001126ZBY,4.714285714285714,7
B00694W2XE,4.285714285714286,7
B002U2Y3Q8,4.428571428571429,7
B0011292RS,4.428571428571429,7
B000EOFX6I,4.142857142857143,7
B0043BOOTU,4.571428571428571,7
B004V2923E,4.571428571428571,7
B002LM9O1Q,4.571428571428571,7
B00BDSL5C0,5.0,7
B002U2DMJ2,4.0,7
B00CXCZN0K,4.142857142857143,7
B0045L8OI0,4.0,7
B002TUU2F2,4.571428571428571,7
B00B4V70CA,4.428571428571429,7
B002TIQZHI,4.714285714285714,7
B00112WRD4,4.142857142857143,7
B001428SE8,4.0,7
B000WZQZDY,4.714285714285714,7
B005XQ8AC6,4.857142857142857,7
B00D5ZGO9I,4.857142857142857,7
B002TK71CY,4.142857142857143,7
B0068T8G1M,4.714285714285714,7
B00355SVPI,4.571428571428571,7
B0006PKEV4,5.0,7
B003TXMDX2,4.0,7
B008HTWM5M,4.285714285714286,7
B0051AS4T8,4.428571428571429,7
B00BFW3NNI,4.142857142857143,7
B0046WKWRO,4.285714285714286,7
B002TIR3YC,4.714285714285714,7
B003564OOO,5.0,7
979078354X,5.0,7
B002TNV604,4.857142857142857,7
B002TTVJ4G,4.142857142857143,7
B005XG2OZA,4.142857142857143,7
B009ZVHWW4,4.142857142857143,7
B008R1BI5A,5.0,7
B0068ZDF9E,4.0,7
B000WZT0YU,5.0,7
B0006B45ZY,4.285714285714286,7
B002LMNFTS,4.857142857142857,7
B000NSUJZ0,4.0,7
B0046Z6NF6,4.714285714285714,7
B003156OLU,4.857142857142857,7
B00C5H5X6C,4.428571428571429,7
B005XLR8AG,4.0,7
B002LMVUX6,5.0,7
B008ABFXLW,4.857142857142857,7
B002V50Z0M,4.285714285714286,7
B000NYJF6I,4.285714285714286,7
B000XE263M,4.714285714285714,7
B002W53BSY,4.0,7
B00AUHXII4,4.0,7
B00G8O0W8W,5.0,7
B002K9O4X8,4.142857142857143,7
B005UHRJ02,4.142857142857143,7
B003THIRSS,5.0,7
B003THNJZO,5.0,7
B000MC7RD4,4.285714285714286,7
B006BVPG3S,4.285714285714286,7
B0006ZEVKY,4.285714285714286,7
B000NXW40I,5.0,7
B008L2VQBG,5.0,7
B000NYJEZ0,4.857142857142857,7
B002K7AKX8,4.714285714285714,7
B00BR0108S,4.428571428571429,7
B00BGVK386,4.0,7
B00D31HY2A,4.714285714285714,7
B004KRYTZ6,4.714285714285714,7
B00152RYOM,4.571428571428571,7
B005P9U5NS,4.857142857142857,7
B002W701YE,4.857142857142857,7
B003626TVS,4.0,7
B000Z63XLW,5.0,7
B002K4KOUK,4.142857142857143,7
B008OYP2PW,4.142857142857143,7
B0089N8XJ0,4.857142857142857,7
B000NYL1Z6,4.571428571428571,7
B000EKEE1C,4.571428571428571,7
9788074286,4.857142857142857,7
B000Z63TXE,4.571428571428571,7
B00ADDU2OS,4.714285714285714,7
B00A7H0ECA,4.285714285714286,7
B0014YSR9M,5.0,7
B000Z95Y8O,4.714285714285714,7
B00067TEPO,4.714285714285714,7
B008L2PMC0,4.714285714285714,7
B000C1Z61K,4.857142857142857,7
B008PBAC54,4.857142857142857,7
B006BEVUDA,4.285714285714286,7
B002VUAHQY,4.142857142857143,7
B008L2GBCK,5.0,7
B004414BC4,4.714285714285714,7
B002W2HHNC,4.857142857142857,7
B0050RRNA8,4.428571428571429,7
B005UI4CJC,4.857142857142857,7
B0089PLOI0,4.142857142857143,7
B002W0JCOQ,4.0,7
B000MAWVV4,5.0,7
B00454GT8E,5.0,7
B0014ZR3GE,4.428571428571429,7
B0014ZR3AK,4.428571428571429,7
B005UKL6E4,5.0,7
B002VZY7QU,4.571428571428571,7
B000XE22GS,5.0,7
B000056W71,4.0,7
B00067I9FA,4.428571428571429,7
B000Z821AO,4.714285714285714,7
B005UN8PU4,4.714285714285714,7
B0089Q1PUQ,4.142857142857143,7
B004KEIZ4U,4.857142857142857,7
B0014ZE09W,5.0,7
B002W7BPDK,4.857142857142857,7
B00066MHVI,4.571428571428571,7
B000C1Z5E8,4.142857142857143,7
B000VWL9BG,4.714285714285714,7
B000N0OSB4,4.714285714285714,7
B000825BBI,4.571428571428571,7
B004I7755Y,4.428571428571429,7
B00DKBLLPY,4.571428571428571,7
B002WGKN7U,4.571428571428571,7
B00066MHWC,5.0,7
B004VNV3YO,4.428571428571429,7
B00066MI1W,4.0,7
B002ZVV402,4.0,7
B00005AFBO,5.0,7
B004ZWMD8Q,4.0,7
B0089FZNQ4,4.285714285714286,7
B000VWL9ZM,4.285714285714286,7
B00A7R3BN4,4.0,7
B000VWKXEU,4.714285714285714,7
B002JK1DNC,4.428571428571429,7
B006CRH46S,5.0,7
978807121X,4.428571428571429,7
B004TQOGX8,4.428571428571429,7
B000Z4SQ8E,5.0,7
B00AAGF518,4.571428571428571,7
B000HLQNBC,4.428571428571429,7
B006CWW9YU,4.714285714285714,7
B000Z4U9AM,5.0,7
B00154N6HY,4.571428571428571,7
B000ELQNJM,4.714285714285714,7
B002WJHK0K,4.285714285714286,7
B000Z5YBUK,4.857142857142857,7
B000VWGXMQ,4.285714285714286,7
B000Z5YC8G,4.714285714285714,7
B000Z5YC9A,4.571428571428571,7
B000VWLRYK,4.428571428571429,7
B000XE46J4,4.571428571428571,7
B006C6BD9S,4.428571428571429,7
B005LR8KA4,4.285714285714286,7
B00GDKC9F0,4.571428571428571,7
B004I81112,4.428571428571429,7
B003630YB8,4.428571428571429,7
B002JXB7M6,4.285714285714286,7
B004KEJ8VE,4.285714285714286,7
B006CA1WEA,4.571428571428571,7
B008OXDD1S,4.857142857142857,7
B00152S7AW,4.714285714285714,7
B002W866II,5.0,7
B008LD2PAG,4.0,7
B005UF4YMK,4.142857142857143,7
B00FPIUQU6,4.142857142857143,7
B004418YXQ,4.0,7
B00D31BX5O,4.285714285714286,7
B000G349SA,4.428571428571429,7
B00AYSBRDM,4.142857142857143,7
B008LF5TE8,4.571428571428571,7
B000EN9R4S,4.571428571428571,7
B006CREMHW,4.857142857142857,7
B002JPJ302,4.285714285714286,7
B00066MIEO,4.571428571428571,7
B00152VNW6,5.0,7
B0089I33CW,4.428571428571429,7
B0089IIX4A,4.142857142857143,7
B000LEFH94,4.285714285714286,7
B00C40LOYA,4.428571428571429,7
B000Z61L1Q,4.285714285714286,7
B000BKYR7G,4.571428571428571,7
B0050P5VB8,5.0,7
B008OWSC42,4.142857142857143,7
B0045174JA,4.857142857142857,7
B008VX027O,4.0,7
B0014XRFP0,4.857142857142857,7
B008A3HY62,4.142857142857143,7
B005VEDVNS,4.857142857142857,7
B005LZULNU,4.142857142857143,7
B008A3YO2Y,4.142857142857143,7
B002VBGEX8,4.142857142857143,7
B004K8V6WY,4.285714285714286,7
B002L71FS6,4.285714285714286,7
B008K4KLWU,4.142857142857143,7
9790772238,4.714285714285714,7
B00D42CBE4,4.142857142857143,7
B008K2NVSI,5.0,7
B000NVSTHC,4.142857142857143,7
9790773161,4.428571428571429,7
B000B9H2JW,4.571428571428571,7
B004LXOMJC,4.714285714285714,7
B002VCWMVK,4.285714285714286,7
B001074DUA,4.142857142857143,7
B002VCWS14,4.571428571428571,7
B0014LU4JG,4.857142857142857,7
B003X6QWB4,4.571428571428571,7
B000H3CO3Q,4.857142857142857,7
B0030EG0SO,4.571428571428571,7
B003TJIBHS,4.285714285714286,7
B003TJIDSA,4.857142857142857,7
B00HJ9WXNM,4.285714285714286,7
B000VYWS6Y,4.285714285714286,7
B005VDL5P0,4.571428571428571,7
B000C1Z67O,4.285714285714286,7
B009Z1YSJO,4.571428571428571,7
B002L3QZO4,4.142857142857143,7
B0053GKNJE,4.0,7
B0050WYDP6,4.428571428571429,7
B0000537SC,4.285714285714286,7
B00103H2KC,4.714285714285714,7
B002VD34NE,4.857142857142857,7
B002VCX99E,4.857142857142857,7
B000689ZU2,5.0,7
B00439QWJC,4.857142857142857,7
B000ZEX4IG,4.714285714285714,7
B00GEEB0IC,5.0,7
B0045H0TYQ,4.571428571428571,7
B005P0MNQO,4.428571428571429,7
B000VZOO42,4.714285714285714,7
B008VR7URK,4.285714285714286,7
B0050ZILJW,4.142857142857143,7
B0010BXWM6,4.285714285714286,7
B0035LOO6C,5.0,7
B0010C9F80,5.0,7
B000NVEH1Y,4.285714285714286,7
B002V5VQW8,4.285714285714286,7
B00068E5G6,4.142857142857143,7
B008PQ5YDY,4.428571428571429,7
B0014H2T0M,4.285714285714286,7
B0010E02US,4.571428571428571,7
B005P0ME0E,4.428571428571429,7
979077480X,4.142857142857143,7
B003YIJHTU,4.142857142857143,7
B002VA4FYE,4.285714285714286,7
B00H92CA8M,4.857142857142857,7
B002VA4FY4,4.142857142857143,7
B0035PJ00S,4.428571428571429,7
B005VFINN0,4.571428571428571,7
B000NVPPDS,4.428571428571429,7
B0014JR2OS,4.714285714285714,7
B0010A9SDO,5.0,7
B002V95EY0,5.0,7
B008A7Z50K,4.714285714285714,7
B0050ZIHL4,4.428571428571429,7
B0045FRIWE,4.571428571428571,7
B0014LU4K0,4.714285714285714,7
B000GD00CE,4.571428571428571,7
B00GE4FXX0,4.285714285714286,7
B008PDSGDC,4.428571428571429,7
B005P0YJ34,4.142857142857143,7
B003Z7N2EG,4.0,7
B0014X5GZ6,5.0,7
B005UUIHYG,4.0,7
B000NWAOI8,4.714285714285714,7
B000VXMJIM,4.285714285714286,7
B00GDZ4GS8,4.0,7
B000C1Z14W,4.857142857142857,7
B0035UV0RY,4.714285714285714,7
B005UXGMO0,4.285714285714286,7
B0014WJQSA,4.857142857142857,7
B002KMXGIE,4.0,7
B008KPNXSS,4.428571428571429,7
B00A7DY2VI,4.0,7
B002KN8W1E,4.714285714285714,7
B000N2JJ8Y,4.571428571428571,7
B003Z7QEDM,4.285714285714286,7
B0053NRRG4,5.0,7
B000MAPMYW,5.0,7
B004KS2VY6,4.571428571428571,7
B00455YQ5G,5.0,7
B003XDIUVW,4.142857142857143,7
B008KZN55O,4.142857142857143,7
B000VX7IOC,4.142857142857143,7
B002VS9IES,4.714285714285714,7
B000C214LU,4.428571428571429,7
B003TI92KY,4.0,7
B000VXA90M,5.0,7
B00B2T96ZS,4.571428571428571,7
B000MAREPW,4.285714285714286,7
B000NWCRPG,4.142857142857143,7
B004414A16,4.142857142857143,7
B000N2JI2Q,4.428571428571429,7
B00IBKB9FG,4.714285714285714,7
B002VHQOHI,4.571428571428571,7
B000XDYBBI,4.857142857142857,7
B0035RUTT2,4.428571428571429,7
B006B1TNIM,4.142857142857143,7
B002VECJT8,4.857142857142857,7
B000ENS8SY,4.0,7
B0053GO0UM,4.285714285714286,7
B00FQ0QVDY,4.857142857142857,7
B000ZPRHLU,4.142857142857143,7
B003TJGX4Q,4.857142857142857,7
B0014MK954,4.142857142857143,7
B0030DDQCS,4.428571428571429,7
B002VECJNO,4.142857142857143,7
B002VECJKM,4.857142857142857,7
B002VECJIO,4.857142857142857,7
B008KH6DDI,4.142857142857143,7
B00BD9F90I,4.571428571428571,7
B0014LXSGM,4.714285714285714,7
B000N2K5EG,4.428571428571429,7
B005V9WW1K,4.857142857142857,7
B008KK16S2,4.428571428571429,7
B002KPFTEA,4.285714285714286,7
B000VXP704,4.571428571428571,7
B000XDY6PO,4.428571428571429,7
B003Z7FBPO,4.0,7
B0030CDYFI,4.142857142857143,7
B00ADCI7RS,4.571428571428571,7
B000VXVB72,4.428571428571429,7
B000C21474,4.857142857142857,7
B000MAQWCI,5.0,7
B005P0UM58,4.428571428571429,7
B009YZPXUY,4.571428571428571,7
B0011DKCWG,4.571428571428571,7
B008F4OOM8,4.714285714285714,7
B000W9YZHI,4.285714285714286,7
B0012KI55E,4.0,7
B002OSEMYG,5.0,7
B000LVUENQ,4.142857142857143,7
B005NORGEG,4.428571428571429,7
B003UKO34Q,4.0,7
B000BBP9RW,4.285714285714286,7
B00521IKHW,4.857142857142857,7
B00521KP4S,4.428571428571429,7
B0064TPMIQ,4.0,7
B004UMQ8TQ,4.714285714285714,7
B0013901V0,4.571428571428571,7
B0062AZNSQ,4.714285714285714,7
B000H8YK74,4.714285714285714,7
B0032R48T2,5.0,7
9896009651,4.714285714285714,7
987987076X,5.0,7
9879870743,4.285714285714286,7
B00139R2RQ,4.0,7
B003V7WL8I,4.285714285714286,7
B008FC9DOY,4.142857142857143,7
B004JJ6OS0,4.714285714285714,7
B00D9UN99W,4.0,7
B004VYLQ7C,4.571428571428571,7
B0012JGHTQ,4.428571428571429,7
B0052G7J5G,4.285714285714286,7
B008D2UZJI,5.0,7
B008F8L1CU,4.142857142857143,7
B000W9SMGS,4.285714285714286,7
B002R28X76,4.428571428571429,7
B0012JY48C,4.428571428571429,7
B000BDBSQG,4.285714285714286,7
B000LRKO8U,4.142857142857143,7
B002R4ANSQ,4.0,7
B002QNVWTM,4.571428571428571,7
B004JG0MN6,5.0,7
B008D8AFYM,5.0,7
B000WIIIDG,4.571428571428571,7
B000GCR8WA,4.571428571428571,7
B0032VHD5E,4.142857142857143,7
B0012NZ9LY,5.0,7
B008EU4C84,4.285714285714286,7
B000GCR87K,4.857142857142857,7
B008SBGS3Q,4.714285714285714,7
B002QI4T3S,4.571428571428571,7
B002QI27K0,5.0,7
B0032VMNZO,4.142857142857143,7
B0043OLV5C,4.714285714285714,7
B0006LJ46O,4.0,7
B0064LUL1M,4.714285714285714,7
B000NHXEXA,5.0,7
B000GGT8QU,4.571428571428571,7
B0012M4PF6,4.0,7
B005238LYW,5.0,7
B008D6M8PI,4.571428571428571,7
B000LRKQTW,5.0,7
B00138P9NG,4.0,7
B00DDXMBPS,4.714285714285714,7
B005235GL8,5.0,7
B000EGMBZ2,4.428571428571429,7
B002OV6ZHK,4.0,7
B005N1MRKW,4.285714285714286,7
B0062DEWUS,4.285714285714286,7
B005235ISY,4.0,7
B002QTRRQI,4.142857142857143,7
B003YSW33C,4.285714285714286,7
B000NHTGTQ,4.857142857142857,7
B0043KI02I,4.428571428571429,7
B0013829TS,4.571428571428571,7
B000NHTYPM,4.571428571428571,7
B002OX2ZZ4,4.714285714285714,7
B000LRKXJK,4.857142857142857,7
B000WM55T2,4.285714285714286,7
B000NN1XF0,4.714285714285714,7
B00A3PJLOI,4.857142857142857,7
B0051WSQT4,4.142857142857143,7
B008U2D91C,4.857142857142857,7
B0034C2RLG,4.428571428571429,7
B0061O0B9O,4.857142857142857,7
B000WN5K32,4.857142857142857,7
B0006IJ6MY,4.571428571428571,7
B0006NXBC0,4.714285714285714,7
B005NZG1J6,4.571428571428571,7
B00DEPZWJW,5.0,7
B0032GXHYA,4.857142857142857,7
B004UBTUL0,4.571428571428571,7
B004LS6TZ2,4.571428571428571,7
B004VYDWSI,4.571428571428571,7
B000LXS8FU,4.142857142857143,7
B0006IJ6LA,5.0,7
B004UOA214,4.857142857142857,7
B00CVVA81C,4.142857142857143,7
B000C1ZDHM,4.857142857142857,7
B00DF1NGIY,5.0,7
B002NYG8IE,4.714285714285714,7
B000C1ZDN6,4.142857142857143,7
B0034D3BBU,5.0,7
B004LT21OY,4.571428571428571,7
B000NG80HG,4.857142857142857,7
B000GCTAI0,4.285714285714286,7
B0046M1BK6,4.571428571428571,7
B0046LXTW0,4.142857142857143,7
B004JKK99E,4.714285714285714,7
B004JKK958,4.571428571428571,7
B000C1VZ74,4.428571428571429,7
B00B4JZ4JS,5.0,7
B004IWLM6C,5.0,7
B000H8C8DM,4.571428571428571,7
B004679GGM,4.0,7
B0006JDB42,4.714285714285714,7
B004ZGN7SC,4.571428571428571,7
B005NWHGDE,4.285714285714286,7
B0013AG0MI,4.0,7
B00D9QFM6Y,5.0,7
B0032K1UT0,4.714285714285714,7
B00620PHXC,5.0,7
B0046KJ4BQ,4.0,7
B00FXXS37G,4.714285714285714,7
B008FDZKLI,4.428571428571429,7
B004ZM8IHG,4.857142857142857,7
B004W1VNCC,4.285714285714286,7
B00CTV099U,5.0,7
B000NLO5OI,4.285714285714286,7
B000C1ZDVS,4.428571428571429,7
B003VAPGLE,4.0,7
B002OEC6VQ,4.857142857142857,7
B00DEK0LF2,4.0,7
B003VANNLO,4.714285714285714,7
B0012FXOPK,4.285714285714286,7
B00AWDJI58,4.857142857142857,7
B0012GO2G4,4.285714285714286,7
B0006IORDW,4.428571428571429,7
B0012GS1XY,4.428571428571429,7
B000NLQ6OU,5.0,7
B0013ANTXG,4.0,7
B00620LKLU,4.714285714285714,7
B00347A8A8,4.714285714285714,7
B002RCDJUW,4.857142857142857,7
B000NLQ262,4.142857142857143,7
B003UMCUDK,4.857142857142857,7
B00641Z1RG,5.0,7
B003USM8PE,4.428571428571429,7
B000WDTY7A,4.571428571428571,7
B008DUPVLC,5.0,7
B00C7A8YBI,4.0,7
B0012ZJABC,4.285714285714286,7
B00CUGP0MA,4.428571428571429,7
B000WFN5SW,4.571428571428571,7
B008E7S5ZS,5.0,7
B0063J1NT4,4.285714285714286,7
B008E7F0P6,4.428571428571429,7
B00C77YNL6,4.857142857142857,7
B00HHZOKO8,4.428571428571429,7
B005NI7VG0,4.714285714285714,7
B00CUR9Y7Q,4.285714285714286,7
B00DCCQR78,4.857142857142857,7
B002Q5XWFM,4.714285714285714,7
B000WCZR0O,4.428571428571429,7
B002Q7YEOS,4.428571428571429,7
B000HAX1JA,4.714285714285714,7
B004LLLZPS,4.0,7
B0046DH0MS,4.142857142857143,7
B0046IN00Y,4.857142857142857,7
B00A2976SI,4.0,7
B000EGJ038,4.142857142857143,7
B002Q7UAI2,5.0,7
B00A2SFO1A,4.857142857142857,7
B006442DBK,4.142857142857143,7
B000NJHNUI,4.857142857142857,7
B0007X74O0,4.142857142857143,7
B0046I1RQI,4.0,7
B003375822,4.285714285714286,7
B000LTO5TC,4.714285714285714,7
B0012UCOHE,5.0,7
B0052BE3PU,4.142857142857143,7
B008THJLHO,4.571428571428571,7
B003USID1C,4.714285714285714,7
B0012W079E,4.857142857142857,7
B003USHULG,5.0,7
B0063MJ3XE,4.142857142857143,7
B000052XZ0,5.0,7
B0012X5SUG,5.0,7
B00DCMY518,5.0,7
B005NE2G64,4.285714285714286,7
B00CULNFSQ,4.571428571428571,7
B008DZM304,4.714285714285714,7
B0012X6FFS,4.857142857142857,7
B005NHZE9C,4.428571428571429,7
B002Q50V42,4.285714285714286,7
B00DCEBD2U,4.428571428571429,7
B008E5XIWK,4.857142857142857,7
B000050FER,4.142857142857143,7
B002PUGCN2,5.0,7
B000C20ZMY,4.714285714285714,7
B00KKVHRW8,5.0,7
B00GH41MXC,4.857142857142857,7
B0063UJN5O,4.428571428571429,7
B000WF4I3S,4.285714285714286,7
B0063UHFGS,4.571428571428571,7
B0012XM74G,4.285714285714286,7
B00DCF36XI,4.857142857142857,7
B008E4D3GC,5.0,7
B0006LJDXI,4.571428571428571,7
B00GGO94WE,4.571428571428571,7
B00DB1GGMG,4.571428571428571,7
B00525YND8,5.0,7
B002PAL74G,4.714285714285714,7
B000HA3EA6,5.0,7
B00HAPWZ4C,4.857142857142857,7
B0006LJCFM,4.0,7
B0062RZTOC,5.0,7
B00134T8XC,4.428571428571429,7
B00FX4HI7G,4.714285714285714,7
B0064FHGQQ,5.0,7
B0012RQS2E,4.142857142857143,7
B0012RR3T6,4.0,7
B000WHZVD2,4.0,7
B00A2WV6HM,4.428571428571429,7
B0012RSTIA,4.857142857142857,7
B00134KSWC,4.428571428571429,7
B002P9QPIU,4.714285714285714,7
B0006LNOVA,4.714285714285714,7
B008DJGQIA,4.142857142857143,7
B00135DBTS,4.714285714285714,7
B0052EOHJ4,4.0,7
B002P4YBO0,4.571428571428571,7
B001362C3S,4.571428571428571,7
B000052YOG,5.0,7
B008ERBD4I,5.0,7
B002QG9V7E,5.0,7
B000052YNA,4.714285714285714,7
B00A20GYPS,4.714285714285714,7
B004UE2UUK,4.285714285714286,7
B004LO2EGE,4.142857142857143,7
B00HAQH3NY,5.0,7
B0032Y7I88,4.714285714285714,7
B00A210Z3O,4.714285714285714,7
B002P7OUJ8,5.0,7
B0012Q7LR6,4.0,7
B00DDMJQR0,4.142857142857143,7
B004J11POG,4.142857142857143,7
B00DDMIXJC,4.0,7
B002QDOTVA,4.428571428571429,7
B0012RXTBW,4.571428571428571,7
B008DK9AHI,4.857142857142857,7
B004J9C3MQ,5.0,7
B00C2DLTR6,4.714285714285714,7
B000GCR104,4.571428571428571,7
B000LSBZAA,4.0,7
B005NITD8O,4.857142857142857,7
B0012RWOPE,4.285714285714286,7
B000WGM4VK,4.285714285714286,7
B00DBTLXWG,4.571428571428571,7
B002PIHN5A,4.142857142857143,7
B00A2TXS2Q,4.428571428571429,7
B00DDAJHT4,4.0,7
B00BDJBJDE,4.571428571428571,7
B00639DL3U,4.857142857142857,7
B004LLQ4K4,4.714285714285714,7
B00IJ9XMLS,4.571428571428571,7
B00BS1UZAA,4.714285714285714,7
B0006LNM5I,4.285714285714286,7
B000WGW11I,5.0,7
B00134AHWI,4.285714285714286,7
B0006LNM1M,4.0,7
B00KLJDYL2,5.0,7
B0012RSWQ4,4.714285714285714,7
B0012RT7X6,4.142857142857143,7
B0063022XE,4.857142857142857,7
B00C75KXH6,4.714285714285714,7
B00332BXJ4,4.714285714285714,7
B00C7C51B2,4.857142857142857,7
B0064EDOG8,4.428571428571429,7
B004UL1HKM,4.428571428571429,7
B000NJJ1M6,4.0,7
B00DF25VN6,4.285714285714286,7
B00J7TG09K,4.0,7
B003Z2E3FS,4.571428571428571,7
B005ZVWJXA,5.0,7
B000C212VM,4.428571428571429,7
B002MZKF1K,4.142857142857143,7
B00C7Q40EW,4.142857142857143,7
B00ACF24BG,4.571428571428571,7
B0067KPWKK,4.714285714285714,7
B000GG97OI,4.428571428571429,7
B002SIKI3G,5.0,7
B00D7U1WRA,5.0,7
B003U4TNR4,5.0,7
B002SID98W,4.0,7
B003204OKM,4.857142857142857,7
B005MR8UDU,4.857142857142857,7
B00320KZP0,4.571428571428571,7
B000WR47VY,4.857142857142857,7
B000GCURD2,4.142857142857143,7
B0034LQ83K,4.571428571428571,7
B0067F97X8,4.142857142857143,7
B004ZBMWRO,5.0,7
B00D7NDEWS,4.571428571428571,7
B0031WZE8M,4.571428571428571,7
B002MY9LJI,4.428571428571429,7
B005ZRWYKM,4.142857142857143,7
B00DGG9QPK,4.571428571428571,7
B000WS3BBU,4.0,7
B0013MU3EC,4.714285714285714,7
B0011UR37Q,4.285714285714286,7
B0045WH46C,4.0,7
B00BDH6GMK,4.714285714285714,7
B0011VQPAG,4.142857142857143,7
B002MYQQSW,4.142857142857143,7
9790792220,4.571428571428571,7
B002N5MKE4,4.714285714285714,7
B004W2K4TY,4.285714285714286,7
B000H7LV18,4.142857142857143,7
B002SBG1Y8,4.285714285714286,7
B000WQHBH2,5.0,7
B003267E12,4.571428571428571,7
B008RPMXPA,5.0,7
B008UJ66RO,4.857142857142857,7
B00HW7OVCC,4.428571428571429,7
B000H7MKPE,4.285714285714286,7
B000NO8BEK,4.571428571428571,7
B00DG8TEFK,4.428571428571429,7
B000HHCQ44,4.428571428571429,7
B00BSE0S86,5.0,7
B004JQ2BL2,4.857142857142857,7
B0007YQYNG,4.714285714285714,7
B002N5MKFS,4.857142857142857,7
B001205UCA,4.857142857142857,7
B000WR33ZK,5.0,7
B005O81II6,4.714285714285714,7
B004ZNEMGQ,4.142857142857143,7
B008UOYPQS,4.142857142857143,7
B00604MTVS,4.714285714285714,7
B00DGCRDPO,5.0,7
B00604MV0C,4.142857142857143,7
B0043R3IFK,4.428571428571429,7
B002SE1DDO,5.0,7
B000B9RUYO,4.714285714285714,7
B003249FYI,4.571428571428571,7
B00B3X9IG0,4.0,7
B00D86VH28,4.571428571428571,7
B0045YZ78C,4.285714285714286,7
B002N5MKDA,4.285714285714286,7
B002MXJPFE,4.285714285714286,7
B002SPWVYS,4.0,7
B000HGLL1E,4.428571428571429,7
B0011DRYA4,4.428571428571429,7
B004ZBH7SI,4.0,7
B002STLHPS,4.571428571428571,7
B0011DTHA4,4.714285714285714,7
B0006OMG8O,4.142857142857143,7
B008BN2C22,4.857142857142857,7
B0013QN6MO,4.857142857142857,7
B0034XRYDG,4.142857142857143,7
B000WUJM5M,5.0,7
B002SRYHJI,4.857142857142857,7
B00J44GXZY,4.0,7
B0006OJT5M,4.285714285714286,7
B0051IFIPI,4.714285714285714,7
B0006FMQWO,5.0,7
B004VTX9EK,4.571428571428571,7
B00684SHF2,4.142857142857143,7
B000EGWL7A,4.0,7
B005OKLB54,4.428571428571429,7
B00J3Z66N8,4.428571428571429,7
B00684ANMC,4.0,7
B004ZBFWX0,4.857142857142857,7
B000N967NW,4.571428571428571,7
B000GAO93S,4.571428571428571,7
B00684AC82,4.714285714285714,7
B00KQ2NR2K,4.857142857142857,7
B002SVFW9S,4.714285714285714,7
B008UTQAIE,4.0,7
B0067YTM6G,4.714285714285714,7
B0013N2TWA,4.285714285714286,7
B000C1Z8Z4,4.285714285714286,7
B003Z2HF6C,4.285714285714286,7
B008GYG5S8,4.285714285714286,7
B005ZIQ2YK,4.571428571428571,7
B003Z2H3F0,5.0,7
B000GCV3YE,4.428571428571429,7
B002SQ0S4W,4.142857142857143,7
B002MWVYLS,4.714285714285714,7
B005OEHCE4,4.285714285714286,7
B0013N896U,4.714285714285714,7
B000NPBPX8,4.714285714285714,7
B0067OT3HY,4.857142857142857,7
B000NPBPN8,4.571428571428571,7
B002SPYZBU,5.0,7
B000M28NYG,4.142857142857143,7
B004L5Z7YO,4.142857142857143,7
B0011TOSJS,4.428571428571429,7
B0031WCOBC,4.0,7
B000LOY880,4.857142857142857,7
B000WSAQDQ,4.285714285714286,7
B00A4P832S,4.571428571428571,7
B000WUBFXY,4.428571428571429,7
B00BFZFBGM,4.714285714285714,7
B0043R6WR6,4.571428571428571,7
B00D76IRFO,4.428571428571429,7
B008RDZPOS,5.0,7
B00BDH5DYW,4.714285714285714,7
B00AB08A74,4.428571428571429,7
B000BGXBIQ,4.0,7
B0011GI964,4.571428571428571,7
B000W7M2IO,5.0,7
B0013NFYYU,4.857142857142857,7
B002SQVXSM,4.428571428571429,7
B00DGKH5VS,5.0,7
B008C8XL5I,4.857142857142857,7
B00BDKF0YW,4.285714285714286,7
B00GG0227C,4.142857142857143,7
B00HBGDRGK,4.142857142857143,7
B000BFM372,4.714285714285714,7
B00INC8P3G,4.428571428571429,7
B002RT71TU,4.428571428571429,7
B0013EKS68,4.285714285714286,7
B002RT71TA,4.714285714285714,7
B0013EKQUQ,4.0,7
B000WNN9US,4.428571428571429,7
B0034E31BE,5.0,7
B002RT71I6,4.857142857142857,7
B00464CY8W,4.142857142857143,7
B002RT71FO,4.428571428571429,7
B000NDQY72,4.714285714285714,7
B0046MGYT4,4.142857142857143,7
B0006ICEWS,5.0,7
B0065WQ5TW,4.428571428571429,7
B000NCZ0G4,4.857142857142857,7
B002RT4S1E,4.857142857142857,7
B000W9GSN2,4.714285714285714,7
B000053033,4.285714285714286,7
B008G0A81W,4.714285714285714,7
B008CMGY1C,4.428571428571429,7
B000NCX3RM,4.0,7
B005MWCIN8,4.714285714285714,7
B000C1ZC0K,4.0,7
B00BDJU3CC,4.714285714285714,7
B000NNHNCM,4.857142857142857,7
B000B9WFAI,4.714285714285714,7
B003VFT26Y,4.428571428571429,7
B0052P0LOS,4.571428571428571,7
B000BFM37M,5.0,7
B0065WQ8GW,4.142857142857143,7
B0012858EW,4.857142857142857,7
B004JQ0II0,4.857142857142857,7
B002RS6K5W,4.0,7
B000NG1W44,4.714285714285714,7
B008CRWMM2,4.571428571428571,7
B00465VU7M,4.571428571428571,7
B008CRXOR4,4.571428571428571,7
B0043QZZHU,5.0,7
B002RS6J3A,4.428571428571429,7
B002RS6J1W,4.857142857142857,7
B00GG9I060,4.714285714285714,7
B008CSDBI0,4.285714285714286,7
B000GCTBKC,4.571428571428571,7
B0065LQWQE,4.285714285714286,7
B004LT5SGC,4.857142857142857,7
B00GGABCU0,4.285714285714286,7
B008FQDF1M,4.428571428571429,7
B003UFD752,4.714285714285714,7
B00FYQ6Y7I,4.571428571428571,7
B000NG6D8O,4.285714285714286,7
B0032ERIX8,4.142857142857143,7
B0013EGV3C,4.571428571428571,7
B000NNAPIG,4.428571428571429,7
B00AWJC0M0,4.571428571428571,7
B002NUWMUQ,4.428571428571429,7
B008FTY09A,4.428571428571429,7
B00C7IKL0W,4.0,7
B000NNC9Z8,4.714285714285714,7
B001286XXW,4.571428571428571,7
B000LYPOZ6,4.142857142857143,7
B000EGIF7U,4.142857142857143,7
B000GCTE2W,4.0,7
B004JL0S7G,4.428571428571429,7
B005MXBZ9K,4.571428571428571,7
B0013EBLQO,4.571428571428571,7
B002NW3MZS,4.571428571428571,7
B0006I8LSE,5.0,7
B004IT730Y,4.142857142857143,7
B004ZDQUCA,4.428571428571429,7
B000NO0VAW,4.857142857142857,7
B00122N85Y,4.571428571428571,7
B00005303U,5.0,7
B00AYGDAPM,5.0,7
B002S03NR2,4.857142857142857,7
B0013G388Q,4.571428571428571,7
B001234BQI,4.428571428571429,7
B000WPJSRE,4.0,7
B0066NBQSK,4.285714285714286,7
B002RZZXYE,4.0,7
B00DFUPW9Q,4.285714285714286,7
B004URQITQ,4.428571428571429,7
B000B9SZM0,4.285714285714286,7
B0006NYQGK,5.0,7
B004ZDQ246,4.285714285714286,7
B002S8VHU4,4.428571428571429,7
B0000530I6,4.714285714285714,7
B004URWYFI,5.0,7
B0060DEMPU,5.0,7
B000C1W3DE,4.142857142857143,7
B0013HZPNQ,4.714285714285714,7
B002S5NHKK,4.428571428571429,7
B005O3149E,4.428571428571429,7
B002NBJB0E,4.285714285714286,7
B000WQ7T9C,4.714285714285714,7
B0013H20S4,4.714285714285714,7
B0034K8244,4.571428571428571,7
B00BG15BTC,4.571428571428571,7
B000C1ZBO2,4.142857142857143,7
B00123AOLY,4.428571428571429,7
B003YWNWPQ,5.0,7
B000C1ZBQK,4.428571428571429,7
B00GI07P2M,4.142857142857143,7
B0013FHFRM,4.285714285714286,7
B000WOQ986,4.571428571428571,7
B0052P1CFK,4.428571428571429,7
B00125VU3S,4.428571428571429,7
B00125VU4C,4.285714285714286,7
B002NKMG7U,4.0,7
B002RU9U5M,4.714285714285714,7
B00BDIH7AY,5.0,7
B00FT9T8F0,4.285714285714286,7
B00AC4JTQ0,4.0,7
B000H859TM,4.285714285714286,7
B00126ZVKA,4.0,7
B00126ZZ2O,4.857142857142857,7
B0012718KG,4.714285714285714,7
B0034F7F06,4.428571428571429,7
B00005303C,4.142857142857143,7
B00124KCQA,4.714285714285714,7
B00123AQW6,5.0,7
B000EPA4I4,4.857142857142857,7
B002NENT18,4.285714285714286,7
B008CF3G4W,5.0,7
B005O24LEU,4.571428571428571,7
B004UB0U8C,4.428571428571429,7
B000BFT9D8,4.571428571428571,7
B004JOLNB8,4.714285714285714,7
B002NGJK0K,4.857142857142857,7
B0007Y8P3I,4.0,7
B0013FMS0G,4.0,7
B005O1WAMQ,4.285714285714286,7
B0043IAUQO,5.0,7
B000NNPF3G,4.428571428571429,7
B000NNM5MA,4.285714285714286,7
B000Z4SLZC,4.571428571428571,7
B002HUD2ZG,5.0,7
B00FNUU642,5.0,7
B002XNKVPG,4.142857142857143,7
B006DXZ3X2,4.0,7
B008NE2WW4,4.142857142857143,7
B000MVTPJE,4.428571428571429,7
B000O2NXRG,4.571428571428571,7
B0015C433M,4.285714285714286,7
B000XRV8FG,4.428571428571429,7
B002XQAXQU,4.142857142857143,7
B008MHUK44,4.142857142857143,7
B0036G70BM,4.714285714285714,7
B00IOVOLFM,4.428571428571429,7
B00AE07AAE,4.857142857142857,7
B000YFULIC,4.142857142857143,7
B002Z7FTMA,4.571428571428571,7
B002IGL5OE,4.714285714285714,7
B002XQ1YVS,4.142857142857143,7
B000XE6HG4,4.714285714285714,7
B000BL2EI4,4.857142857142857,7
B002WUJLGK,4.714285714285714,7
B004VMH3S0,4.285714285714286,7
B000EMBJX6,4.142857142857143,7
B000XRGAX6,4.571428571428571,7
B000O3SS9S,4.428571428571429,7
B0044P2546,4.857142857142857,7
B00163H9WC,5.0,7
B000MQ7RS0,4.857142857142857,7
B00JAHPTA0,5.0,7
B008MZJD5S,5.0,7
B0087X2PEQ,4.714285714285714,7
B000YF34EU,4.428571428571429,7
B005LA0SME,4.571428571428571,7
B003SI9ZQG,4.714285714285714,7
B004KEZ9NA,4.571428571428571,7
B00BE2LMTQ,4.285714285714286,7
B00500XBF6,4.571428571428571,7
B0047PNCHW,4.285714285714286,7
B002WW9OKG,4.714285714285714,7
B0036FQXXO,4.857142857142857,7
B002XTXUVW,4.571428571428571,7
B005T034FE,4.714285714285714,7
B002XUBQQW,5.0,7
B00BD3S61I,4.428571428571429,7
B009XTXVEG,4.571428571428571,7
B0015E5WOE,4.714285714285714,7
B005QZXM72,4.857142857142857,7
B0015Y0UCI,5.0,7
B002YJOZW4,4.714285714285714,7
B000H3CPEE,5.0,7
B0015XUUGU,4.571428571428571,7
B004KEQQ6Y,5.0,7
B000HS8XV8,4.0,7
B002XRBBGU,4.428571428571429,7
B002WV85WU,4.571428571428571,7
B000EM79OY,4.285714285714286,7
B003SIK2N6,4.142857142857143,7
B004TO2D1M,4.857142857142857,7
B000O1NVZ6,4.142857142857143,7
B008ND4G7E,5.0,7
B000HU89BK,4.714285714285714,7
B005SWVYN2,4.428571428571429,7
B005PV0Z2M,4.142857142857143,7
B005SWW4WC,4.714285714285714,7
B000O2OB9K,4.428571428571429,7
B0036R06US,4.0,7
B005TT8X9C,4.142857142857143,7
B000BLKYS6,4.857142857142857,7
B002Z9FUTU,4.0,7
B000H3EMTA,4.285714285714286,7
B003XN9TJO,5.0,7
B008OF8OBK,4.142857142857143,7
B0036QZTU6,4.428571428571429,7
B005L9DCZA,4.428571428571429,7
B002XQ1Y9A,4.142857142857143,7
B0036QXZDE,4.285714285714286,7
B002HNTHG6,4.285714285714286,7
B00GB4Z7CU,4.714285714285714,7
B002HNF57Q,4.571428571428571,7
B0087TVHTO,4.714285714285714,7
B002XQ1XVO,5.0,7
B002HP5G3C,4.571428571428571,7
B00DMJIUD0,4.0,7
B000O1L8AG,5.0,7
B002Z9IC1S,4.571428571428571,7
B004KF689S,4.857142857142857,7
B00AU6PTF0,4.571428571428571,7
B002WQ14VE,4.142857142857143,7
B000XE9I9W,4.428571428571429,7
B00CRHH44E,5.0,7
B000EVEKOM,4.142857142857143,7
B005SRWDOQ,4.714285714285714,7
B002WQ2Z6M,4.857142857142857,7
B00CZDJTNY,4.714285714285714,7
B000O1L8B0,4.571428571428571,7
B004TQNO5Y,4.428571428571429,7
B002XQ1Y9K,4.428571428571429,7
B003Y7OOWQ,4.571428571428571,7
B006F3ZW36,4.428571428571429,7
B000HP4B08,4.571428571428571,7
B004KRVDM8,4.142857142857143,7
B00IM5IVXI,4.0,7
B004I6J4BI,5.0,7
B000XE8BP4,4.285714285714286,7
B002YQMGD2,5.0,7
B0015A8AFQ,4.428571428571429,7
B000VUWX8G,5.0,7
B000EN5M56,5.0,7
B00L88S190,5.0,7
B00DLAXX3W,4.142857142857143,7
B002XQ1YHC,5.0,7
B000G1JTNC,4.857142857142857,7
B000YDMO7U,4.142857142857143,7
B002J0RHNM,4.285714285714286,7
B000MVVK7O,4.0,7
B005QR0PWK,4.714285714285714,7
B000MQBOBQ,4.285714285714286,7
B000MGOW38,5.0,7
B00BV5EW98,4.285714285714286,7
B004MB43RE,4.571428571428571,7
B0053Z818K,4.285714285714286,7
B005QR5JM6,4.428571428571429,7
B000VUWX7C,4.714285714285714,7
B00506UDBA,5.0,7
B002Z7FW0O,4.142857142857143,7
B001616010,4.714285714285714,7
B000XTL4XU,4.142857142857143,7
B005RFPYC2,4.0,7
B0050JH4FA,4.285714285714286,7
B000XE7ULK,4.571428571428571,7
B0015KGPUS,4.285714285714286,7
B0015HZS9U,4.571428571428571,7
B000L807S6,4.714285714285714,7
B009XIN8MC,5.0,7
B00885SBX2,4.428571428571429,7
B00BTHGX5O,4.857142857142857,7
B000XTM3XU,4.142857142857143,7
B005LB0HOM,4.285714285714286,7
B0015KFWIO,4.571428571428571,7
B002YEFHOE,4.0,7
B002XF4OBQ,4.714285714285714,7
B003SFWCKK,5.0,7
B0088R9UPI,4.428571428571429,7
B0015I37H4,4.142857142857143,7
B0088QOTNW,4.142857142857143,7
B0015KOTG0,4.857142857142857,7
B000O2K0KO,4.714285714285714,7
B003STS8V8,5.0,7
B00C1SBJTK,4.0,7
B00CZAHDL2,4.571428571428571,7
B002IBJE8I,4.714285714285714,7
B00885UQ8A,4.0,7
B0015KKTW8,4.428571428571429,7
B00GBHEELC,4.571428571428571,7
B002IKGD2Y,4.285714285714286,7
B00B2IFY2S,4.0,7
B002Y2HUL4,4.285714285714286,7
B002Z7FUPG,5.0,7
B000YIYWSY,4.857142857142857,7
B00A8KDWBQ,4.714285714285714,7
B008OA83R0,4.285714285714286,7
B00005OM2G,4.0,7
B000YJ5HAK,4.714285714285714,7
B004KEML7C,4.714285714285714,7
B002HG9S3A,4.857142857142857,7
B0015KDHEA,4.857142857142857,7
B002IGBZCG,4.714285714285714,7
B005LB0HTC,4.428571428571429,7
B00CR942F6,4.571428571428571,7
B006ELGIQO,4.714285714285714,7
B000H3EPZG,5.0,7
B000XVA7KE,4.714285714285714,7
B00BQS60FE,4.857142857142857,7
B0015KDGZ0,4.142857142857143,7
B006G2489A,5.0,7
B00D0VB0YG,4.0,7
B00D05KQKQ,4.857142857142857,7
B00884HO6I,4.285714285714286,7
B008X3PCUE,4.142857142857143,7
B00C1T0R42,4.571428571428571,7
B0007CXXL4,4.428571428571429,7
B005THMBL0,4.428571428571429,7
B00545UNU8,4.0,7
B000H3EQ28,4.714285714285714,7
B002YD7VGM,4.0,7
B002IJMY28,4.428571428571429,7
B005PQ73M2,4.428571428571429,7
B000VUXCGI,4.285714285714286,7
B006G4PSG0,5.0,7
B00062O5BC,4.285714285714286,7
B000GEGE4G,5.0,7
B0036JLJ2K,4.714285714285714,7
B002Z7FUYW,5.0,7
B005LIX9P4,4.0,7
B000YJ3UEK,4.428571428571429,7
B008O92Y76,4.142857142857143,7
B0088W8D06,5.0,7
B005R99LT0,4.142857142857143,7
B004M4BJWS,4.571428571428571,7
B002HHHKSO,4.285714285714286,7
B000XEAWWE,4.571428571428571,7
B002YFXE7K,4.857142857142857,7
B00891J1NO,4.571428571428571,7
B00A9YGW3G,4.142857142857143,7
B000O3IX0M,4.714285714285714,7
B00161D69Y,4.285714285714286,7
B00IOO7GH4,4.571428571428571,7
B002WYU7O6,4.0,7
B00161CCUS,4.714285714285714,7
B008N1MAT2,4.142857142857143,7
B000YQ7FNU,4.285714285714286,7
B002WZ2T00,4.714285714285714,7
B00DMT2QYE,4.428571428571429,7
B00891GMM2,4.571428571428571,7
B00161CC1W,4.571428571428571,7
B00G9W7NC6,4.571428571428571,7
B0015MFT1M,4.285714285714286,7
B008OOYUIM,4.285714285714286,7
B002ISVF74,5.0,7
B002ZNJU74,4.428571428571429,7
B00AXRGN10,4.714285714285714,7
B00BTNFPV6,5.0,7
B008N10OJ0,4.142857142857143,7
B00C3OR8G0,4.571428571428571,7
B00D28SS2Y,4.428571428571429,7
B005R1HPUK,4.714285714285714,7
B008M4F23Q,4.857142857142857,7
B00G9TGT2E,4.857142857142857,7
B00CQUYAOE,4.571428571428571,7
B005TOM9QK,4.0,7
B002XW55WG,4.714285714285714,7
B000MIH2VK,4.714285714285714,7
B003YDIGPQ,4.714285714285714,7
B002IRT798,4.142857142857143,7
B0007CXX78,5.0,7
B00AXRLMXE,4.0,7
B008M4LC6W,4.0,7
B002XHRRGS,4.0,7
B0050BPWW0,5.0,7
B00544T1PW,4.857142857142857,7
B005TM22FU,4.857142857142857,7
B006EPL3E2,5.0,7
B002YG2T1G,4.714285714285714,7
B00075CZ8S,4.428571428571429,7
B004VC5850,4.142857142857143,7
B000EMBK3U,4.142857142857143,7
B000XYNGFO,4.428571428571429,7
B000VV1QQK,4.285714285714286,7
B0007D02HG,4.285714285714286,7
B000O3GFSE,4.428571428571429,7
B002IO88ZA,4.857142857142857,7
B002HIEFQS,4.142857142857143,7
B00880WJ8U,4.571428571428571,7
B000YOU23C,4.428571428571429,7
B000MVMUL4,5.0,7
B000B6MX4E,4.285714285714286,7
B0036BN2RI,4.285714285714286,7
B003Y2DV20,4.0,7
B004TQH8GU,4.428571428571429,7
B000YP9CGO,4.857142857142857,7
B005T5VD16,4.142857142857143,7
B000YP91TM,5.0,7
B00CQUWRJE,4.571428571428571,7
B00890NW7G,4.0,7
B00G9XOX82,4.428571428571429,7
B00A8GV5U0,4.0,7
B00BH0TEYK,4.571428571428571,7
B002HEW8M0,4.428571428571429,7
B0007D02CQ,5.0,7
B006DLMHYW,5.0,7
B000XRY8IK,4.428571428571429,7
B004TP69AC,4.857142857142857,7
B00164FIAQ,4.142857142857143,7
B00155UBY4,4.571428571428571,7
B005SK7YYC,4.428571428571429,7
B002HZXWK6,4.857142857142857,7
B000BL0L7A,4.571428571428571,7
B00157FJFI,4.285714285714286,7
535795545X,4.714285714285714,7
B003XVTA1S,4.571428571428571,7
B000E9Q0RY,4.428571428571429,7
B003ZBZB6O,4.428571428571429,7
B00ID1A5TO,4.142857142857143,7
B004KEKHQE,5.0,7
B000O2PDX8,5.0,7
B002XQ1XRS,5.0,7
B000O03DWS,5.0,7
B0054QPNCK,4.142857142857143,7
B002WJQJUW,5.0,7
B008OIDI1I,4.428571428571429,7
B002HRF62G,5.0,7
B0015T1N06,4.571428571428571,7
B000XEXJH4,4.285714285714286,7
B00A9W994C,4.142857142857143,7
B002XQ1S32,4.571428571428571,7
B005LNK2VS,4.0,7
B000MR2F40,4.428571428571429,7
B001669SP0,4.428571428571429,7
B000VUZ2KC,4.142857142857143,7
B00063FO48,4.857142857142857,7
B000YAZV5A,5.0,7
B0015TUYSS,4.857142857142857,7
B000XI1BO8,5.0,7
B0036S8KZA,4.571428571428571,7
B000EM7962,4.428571428571429,7
B00A8QM04U,4.142857142857143,7
B000O2QTK4,4.142857142857143,7
B002XQ1RCY,4.428571428571429,7
B008X7KTQM,4.857142857142857,7
B008O4D6BO,4.428571428571429,7
B0007D8E1W,4.142857142857143,7
B002Z36VWQ,4.285714285714286,7
B008MOX562,4.428571428571429,7
B000B60NG4,4.428571428571429,7
B0015QZYQS,5.0,7
B00BTQD5QA,4.285714285714286,7
B002XQ1TJA,4.428571428571429,7
B00005NFBE,4.142857142857143,7
B0088F1NB4,4.714285714285714,7
B005QHHFCI,4.714285714285714,7
B000HLVL3M,4.285714285714286,7
B005QCTEJK,5.0,7
B00AY0TYJO,4.285714285714286,7
B00166AZPC,4.285714285714286,7
B000XMLA5Y,4.142857142857143,7
B005TVGY4G,4.571428571428571,7
B000YB60HM,5.0,7
B00505UB2M,5.0,7
B0007CXYMM,4.428571428571429,7
B000YDI7LW,4.714285714285714,7
B008XCDXVK,4.285714285714286,7
B000HPVQG0,4.428571428571429,7
B000Z4L3E8,4.571428571428571,7
B002HRF630,4.714285714285714,7
B002XQ1SZA,4.571428571428571,7
B0016483MG,4.428571428571429,7
B004VEL2VW,4.0,7
B00BV5EXA6,4.285714285714286,7
B005QEQFCM,4.0,7
B002ZG8DEM,5.0,7
B000MS3XUE,4.714285714285714,7
B005LOQ4RI,5.0,7
B0036FTF7K,4.857142857142857,7
B00HJKBM8I,4.142857142857143,7
B008OTOFTQ,4.142857142857143,7
B000660MQU,4.142857142857143,7
B00BTKMLDY,4.285714285714286,7
B0044YSU6O,5.0,7
B005QG4IYM,4.428571428571429,7
B008MT3I3C,4.571428571428571,7
B000HLW1AY,4.428571428571429,7
B002XQ1UK8,4.142857142857143,7
B003YBD8BA,4.714285714285714,7
B004TMOR9K,4.285714285714286,7
B002JF0ZHM,4.428571428571429,7
B000Z3TA94,4.285714285714286,7
B0050DEPMQ,4.142857142857143,7
B000H3I426,4.857142857142857,7
B00DMBC3KO,5.0,7
B000XPRAEG,5.0,7
B005L9226K,4.285714285714286,7
B003XW3H4I,4.142857142857143,7
B0089B4F8A,4.714285714285714,7
B00D2KNB7Y,4.571428571428571,7
B000YB6Z9A,5.0,7
B002I2HCEU,5.0,7
B002Z2DW2Y,4.428571428571429,7
B008X9ZGD6,4.428571428571429,7
B000WNSULG,4.5,6
B00G0NRKWC,4.166666666666667,6
B0007UEPEU,4.333333333333333,6
B00GUURF3Y,4.333333333333333,6
B0044ITP0K,4.5,6
B005GAEOZG,4.0,6
B00AI88GVY,4.333333333333333,6
B001S66N6A,4.5,6
B001QRXORW,5.0,6
B001DKGL40,4.0,6
B0051TSN3Q,4.166666666666667,6
B003VFYANY,4.166666666666667,6
B000FP3M9G,4.666666666666667,6
B0097RNAVI,4.666666666666667,6
B003BWG47M,4.5,6
B00127S548,4.666666666666667,6
B007VI6512,4.166666666666667,6
B00AB051DK,4.333333333333333,6
B005O14JEI,4.5,6
B008MOYEYO,4.833333333333333,6
B00025WYEI,5.0,6
B000EGOFJM,4.0,6
B00AB7FUK2,4.666666666666667,6
B00EP4M48S,4.0,6
B00744LEAU,4.166666666666667,6
B00E8NQYAA,4.833333333333333,6
B004L96PF0,4.5,6
B003VO7DPC,4.166666666666667,6
B008G1RQG6,4.0,6
B001S4E9WW,4.0,6
B004FKB8OS,4.0,6
B00E5T87HA,4.5,6
B004FKAIRG,4.0,6
B000Q31O92,4.0,6
B004VXPR00,4.666666666666667,6
B007JZ0OC8,4.166666666666667,6
B005ZD79BU,4.5,6
B000Q30M36,4.5,6
B000YAZ9XY,4.833333333333333,6
B007448GTM,4.166666666666667,6
B00D02XL2E,4.333333333333333,6
B009NPOXXS,4.333333333333333,6
B0011WDIUK,4.333333333333333,6
B00J4R760C,4.666666666666667,6
B0051TPRS0,4.333333333333333,6
B00016QRZK,4.833333333333333,6
B004KMV0K8,4.333333333333333,6
B001DMLH9C,4.166666666666667,6
B0074EGMCK,4.666666666666667,6
B003VI2HD6,4.0,6
B000H7VGPY,4.166666666666667,6
B003KECGIW,4.666666666666667,6
B005SEAUOY,5.0,6
B003KEESX8,4.666666666666667,6
B009DKK9H2,5.0,6
B009NLSJVY,4.166666666666667,6
B001QTPLBM,4.166666666666667,6
B00J4QYWUU,4.666666666666667,6
B00GZZMGUQ,5.0,6
B00462E8E2,4.833333333333333,6
B0009OAFW0,4.166666666666667,6
B00G0JZD70,4.5,6
B0074G51ZW,4.833333333333333,6
B000JG3T62,4.166666666666667,6
B00447EXIK,5.0,6
B00EPJIAT0,4.833333333333333,6
B0076J031Y,4.833333333333333,6
B004OA5JDU,4.833333333333333,6
B004ZN7WIQ,5.0,6
B000K2B1K6,4.0,6
B003BXSQWC,4.333333333333333,6
B001RW99QQ,5.0,6
B000XZT2CO,4.666666666666667,6
B001DNE1ZS,4.333333333333333,6
B001DNE1VC,4.333333333333333,6
B005RQIS9W,4.333333333333333,6
B0009VS7KK,4.666666666666667,6
B0076J9RZM,4.666666666666667,6
B001E2KG4I,5.0,6
B0044FFIWC,4.0,6
B000UI7Q18,4.5,6
B000UH8J7Y,4.166666666666667,6
B003YCIFNA,4.833333333333333,6
B004BG9JBU,4.5,6
B00HNQUGMG,4.5,6
B00AIAR4MO,4.666666666666667,6
B008H0IM5K,4.5,6
B000H7XJW2,4.5,6
B007TO2QB6,4.0,6
B003KK70FK,4.666666666666667,6
B000FP3FFW,4.333333333333333,6
B0097RM05K,4.833333333333333,6
B00D8N7W6G,4.0,6
B005A5F3OI,4.666666666666667,6
B001DKO9U8,4.0,6
B004L96O06,4.0,6
B00E66UJKU,4.333333333333333,6
B002RVVBSA,4.666666666666667,6
B004VMQR8C,4.333333333333333,6
B004X4XU38,5.0,6
B001E2MY0C,4.166666666666667,6
B005GQA8VO,4.0,6
B007ML9NPS,4.5,6
9790791240,4.833333333333333,6
B00C066U2E,5.0,6
B00D7CYDGA,5.0,6
B001GXEYHU,4.333333333333333,6
B009NLSTLY,4.0,6
B001DKX6WU,4.5,6
B004RC4X3W,5.0,6
B00I84FR76,4.666666666666667,6
B00AZMHUU6,4.833333333333333,6
B009DKYB94,4.833333333333333,6
B001DJBLIM,4.833333333333333,6
B001E5E2D6,4.5,6
B00BY9F9DO,5.0,6
B005OJ4P1C,5.0,6
B000IUPEHG,4.666666666666667,6
B000C1UEIA,4.166666666666667,6
B002SRI66I,4.5,6
B003BQOMS6,5.0,6
B000N97T2U,4.666666666666667,6
B003G54OZS,4.166666666666667,6
B001DC68WI,4.666666666666667,6
B009FMMPWA,4.5,6
B001SQTRGI,4.5,6
B004Q6UJGE,4.166666666666667,6
B00028NQ56,4.166666666666667,6
B0011FLBK6,4.666666666666667,6
B007VZEHN8,4.833333333333333,6
B007K9IEUW,4.333333333333333,6
B0051UTI5W,4.0,6
B00028OC7M,4.833333333333333,6
B001DB6M6Q,4.333333333333333,6
B001286AA8,4.166666666666667,6
B00BTMXJOW,4.333333333333333,6
B007W0BIT8,4.333333333333333,6
B00I2NZDW2,4.833333333333333,6
B0051UTJ8I,4.833333333333333,6
B001H4PJOU,4.5,6
B001E5D0P2,4.833333333333333,6
B001SJH33Y,4.333333333333333,6
B000BF3VAA,5.0,6
B000DIN3G2,5.0,6
B002SREM70,4.666666666666667,6
B008FX4O38,4.5,6
B001SKJIHW,4.666666666666667,6
B00EYCF2F8,4.666666666666667,6
B004BE9FMK,4.333333333333333,6
B001E5E222,4.0,6
B002RT717C,4.166666666666667,6
B001JKFMQC,5.0,6
B005RFAS3W,4.666666666666667,6
B00A3WQF90,4.333333333333333,6
B00CKOIU3S,4.166666666666667,6
B000NE2W6I,5.0,6
B000U6ETMO,5.0,6
B00D8XLAUA,4.833333333333333,6
B007443G60,4.0,6
B001SYYMF6,4.333333333333333,6
B001D76O90,4.666666666666667,6
B008MOPBQ4,5.0,6
B001288MRC,4.666666666666667,6
B000WUJQNU,4.666666666666667,6
B00HB831SM,5.0,6
B004DILQZI,5.0,6
B00014EF2O,4.333333333333333,6
B005D5IN0G,4.166666666666667,6
B001SYZW5A,5.0,6
B001JI2GDQ,4.5,6
B001H6AQCS,4.166666666666667,6
B000NEEEB4,4.333333333333333,6
B001289EFQ,4.666666666666667,6
B00BM0FMDC,4.166666666666667,6
B0032ERIXS,4.166666666666667,6
B00E8XE3PS,4.333333333333333,6
B007MJKQA6,4.5,6
B007W0W1X0,4.833333333333333,6
B003HLCDCM,5.0,6
B005GV4FNQ,4.166666666666667,6
B001E5E9V6,4.833333333333333,6
B00CG6CQEO,5.0,6
B000Q8NBF2,4.5,6
B00028OOG6,5.0,6
B000FJLYY2,4.333333333333333,6
B00E5JJU8U,4.333333333333333,6
B000YB3RCS,4.833333333333333,6
B00014EKRE,5.0,6
B007K9X056,5.0,6
B003CJ8Y2W,4.166666666666667,6
B00C5TIIIU,4.333333333333333,6
B0073RSEII,4.0,6
B00BFZ0MN4,4.666666666666667,6
B00028OQC8,4.333333333333333,6
B0007CXXLE,4.0,6
B007VTLQEW,5.0,6
B002ZCC6WG,4.333333333333333,6
B00014EO2K,4.833333333333333,6
B00F1P2PPM,4.666666666666667,6
B00K255ECM,5.0,6
B003YOMJW6,5.0,6
B0009OAITU,5.0,6
B00743VAOG,4.0,6
B00IZLEJ2Q,4.333333333333333,6
B008GZO5M0,4.5,6
B00A3YA5MG,4.333333333333333,6
B0041TJWT6,4.666666666666667,6
B005G9BWAC,4.166666666666667,6
B00E5S53N2,4.666666666666667,6
B00APW0VWK,4.0,6
B009DOIJPW,4.833333333333333,6
B000UIEMJW,4.0,6
B00GP3VUG4,5.0,6
B0001TSP98,4.333333333333333,6
B00HSS8M7U,4.5,6
B00B8A93O0,4.166666666666667,6
B0051UHJGM,4.333333333333333,6
B005RH5S44,4.0,6
B004Q7CC04,4.833333333333333,6
B00B8AAJHU,4.666666666666667,6
B0041TLKQY,5.0,6
B001SAQ7PI,4.333333333333333,6
B001E45IKS,4.666666666666667,6
B000JG7BZM,4.333333333333333,6
B001DJ9K9O,4.333333333333333,6
B00C67E8U8,4.333333333333333,6
B005E0OH7I,4.333333333333333,6
B005GADQN2,4.833333333333333,6
B0041TLKKU,5.0,6
B001JPEFP6,4.833333333333333,6
B004L5VXYC,4.666666666666667,6
B001SAXV6G,4.5,6
B00AIYIAJG,4.333333333333333,6
B0041EB5LO,5.0,6
B009MFFRHA,5.0,6
B000WT9VTA,4.833333333333333,6
B001DIOPIQ,4.5,6
B008FY1VHO,4.666666666666667,6
B00BKOTRNG,4.5,6
B000U6IZCO,4.666666666666667,6
B001SGGXM4,4.166666666666667,6
B00EOZKT6M,5.0,6
B001282H3M,4.666666666666667,6
B000Q2TKDU,4.333333333333333,6
B0096EQT9M,5.0,6
B004FRODKC,4.333333333333333,6
B00CGE1KU2,4.666666666666667,6
B00AI51HW2,4.0,6
B0051M9EPO,4.0,6
B001SILL42,5.0,6
B00BBJZJUK,4.166666666666667,6
B001QMNWKQ,5.0,6
B000Q2Y0FI,4.833333333333333,6
B00BK9PCSA,4.0,6
B000Q2Y0FS,4.333333333333333,6
B002RT724O,4.333333333333333,6
B00BDL4LNM,4.5,6
B002Z7FVDM,4.166666666666667,6
B003KOQ1NI,4.333333333333333,6
B000UIEPW6,4.833333333333333,6
B00G0O3ADY,5.0,6
B00CDD9CGA,4.666666666666667,6
B002RT71ZE,4.666666666666667,6
B002Y2JOY0,4.166666666666667,6
B000S058KO,4.333333333333333,6
B003G38Y6K,4.5,6
1412759676,4.833333333333333,6
B003VFC900,4.666666666666667,6
B003H8D6HG,4.666666666666667,6
B00CWMP8Q0,4.333333333333333,6
9790797567,4.333333333333333,6
B009DP4U3Q,4.166666666666667,6
B000NAPPY8,4.0,6
B00F0WAL6G,4.333333333333333,6
B00A4P23U6,4.833333333333333,6
B00FZC82TE,4.0,6
B000H75DH6,4.5,6
B001RF2WGW,4.666666666666667,6
B001RF9JWC,4.5,6
9790792271,4.333333333333333,6
B00K34CH6I,5.0,6
B001RI5EVY,4.0,6
B0006O4MCC,4.666666666666667,6
B003K34W9O,4.5,6
B009G2Q6BA,4.333333333333333,6
B00FZP1298,4.666666666666667,6
B000Q43RNW,5.0,6
B00CLAT38M,4.166666666666667,6
B001RIU7BG,4.333333333333333,6
B0041VJ3QQ,4.333333333333333,6
B000FLZWG6,4.5,6
B00IT9CR28,4.833333333333333,6
B001E0QI8S,4.5,6
B001E0QI8I,4.5,6
B00C65N8WY,4.166666666666667,6
B001E0T05Q,4.5,6
B00BKH1KMY,4.166666666666667,6
B005OD6WL4,4.5,6
B000Y81MHS,4.833333333333333,6
B00E7GSYK6,4.333333333333333,6
B001QZ8MP8,5.0,6
B001GN4A6U,4.833333333333333,6
B00CLAFXK4,4.833333333333333,6
B0075FW4DE,5.0,6
B001JZB4PA,4.0,6
B001K4HAJO,4.333333333333333,6
B002SOPBOG,4.0,6
B001JZ5U96,4.833333333333333,6
B001E11P3A,5.0,6
B001REI20S,4.166666666666667,6
B0011ZHY5W,4.5,6
B002SE2OX2,4.166666666666667,6
B004XJIB5K,4.666666666666667,6
B00HBVG168,5.0,6
B004QB528Y,4.333333333333333,6
B004FM6IMI,5.0,6
B00GOYWD0Q,4.0,6
B005GMY26K,4.166666666666667,6
B002SBOJN8,4.333333333333333,6
B001RMLDEW,4.666666666666667,6
B0040MHVDI,5.0,6
B00E71A02Q,4.5,6
B008GLYVZA,4.5,6
B002SPWU6C,4.333333333333333,6
B001RMUL6S,4.0,6
B001DZDUJE,4.166666666666667,6
B009G0E52E,4.333333333333333,6
B002SPWVXY,4.5,6
B003C7WH7W,5.0,6
B000YA51VO,4.166666666666667,6
B0009OAGXS,4.0,6
B00A46AICU,4.0,6
B007578L2U,5.0,6
B004BL0YDM,4.5,6
B001DZ3L0C,4.333333333333333,6
B000169EM8,4.833333333333333,6
B000EP8JCC,4.5,6
B000C1W42Y,5.0,6
B003K5AX90,4.0,6
B0096YPP9M,5.0,6
B001GRMFIG,4.833333333333333,6
B002SCKOWW,4.166666666666667,6
B003K5AW7I,4.833333333333333,6
B00GFY5VFE,5.0,6
B0040M3UEM,4.666666666666667,6
B0050CSAPA,4.0,6
B0009XUMVA,4.333333333333333,6
B007UZ3QQ8,4.333333333333333,6
B003K5B4UM,4.333333333333333,6
B0001GV0IE,4.0,6
B00763M084,4.333333333333333,6
B004Y4HX6M,4.0,6
B0097FQGCU,4.5,6
B002SPWONG,4.0,6
B000IQSTNQ,4.666666666666667,6
B000Q6T6BM,5.0,6
B00GOZEFP6,4.666666666666667,6
B00BM3IZIS,4.333333333333333,6
B001RVTWL4,5.0,6
B00GZJF6O0,4.166666666666667,6
B0044HYH2W,4.666666666666667,6
B0059P787O,5.0,6
B008GTSTE6,4.333333333333333,6
B0045WOOXI,4.666666666666667,6
B007JLZTDG,4.166666666666667,6
B007UJS9PW,5.0,6
B007UJVJB8,4.833333333333333,6
B0050D9GMA,4.666666666666667,6
B001E0Y6PU,5.0,6
B002SII2E8,5.0,6
B0032039K8,5.0,6
B007N45MHC,4.5,6
B002SIEO9A,4.833333333333333,6
B00E83Y3WQ,4.333333333333333,6
B0032039NU,5.0,6
B0041V1E1I,4.333333333333333,6
B0011VXUFE,4.166666666666667,6
B000Q61JOO,4.666666666666667,6
B00B3U8LUW,4.166666666666667,6
B001R5LO8O,4.833333333333333,6
B00AYDN0JG,4.0,6
B000Q68VMC,4.333333333333333,6
B000Q68WGM,4.333333333333333,6
B00B3U3RO2,4.0,6
B007U90J32,4.5,6
B00CL5B0V0,4.666666666666667,6
B001E0ZSRA,5.0,6
B001R226JS,4.5,6
B003XX20RM,5.0,6
B008RLQNNW,4.666666666666667,6
B001E0ZRSA,5.0,6
B00AXYFKZI,4.833333333333333,6
B001GO5Q1M,4.333333333333333,6
B001GO7688,5.0,6
B000DZB68M,4.833333333333333,6
B00EZILQO2,4.166666666666667,6
B003VMA08G,4.166666666666667,6
B00015WMV4,5.0,6
B009MXYPC0,4.5,6
B009MXYYS0,4.166666666666667,6
B008RM58E6,4.333333333333333,6
B000JZ541G,4.0,6
B008OFAOHW,4.0,6
B003HFXE6W,4.666666666666667,6
B00BG14WOM,4.333333333333333,6
B0011V1LEQ,4.833333333333333,6
B00A4FQB04,5.0,6
B00E7IHS3I,4.333333333333333,6
B00604MTRM,4.666666666666667,6
B00B3TJN9G,4.166666666666667,6
B000Y8DHRQ,4.833333333333333,6
B000WS0BM2,4.166666666666667,6
B0007D36KQ,5.0,6
B00HBX19UE,4.0,6
B004L81X58,4.166666666666667,6
B000H7GWV2,4.833333333333333,6
B001GQ2EDS,4.0,6
B00972BJ5C,4.166666666666667,6
B0075HRM84,5.0,6
B001RD37TU,4.833333333333333,6
B00GFVNVMC,5.0,6
B0007CXWME,5.0,6
B00B3UX9GS,4.333333333333333,6
B00BKHHR3U,5.0,6
B008GUD2Z6,4.666666666666667,6
B001R5VHVI,4.166666666666667,6
B00B3UPI1M,4.5,6
B001K3A43Y,4.5,6
B0075PMFQA,4.0,6
B009MYO1HS,5.0,6
B004R7PH78,5.0,6
B000JZ9NJ0,4.833333333333333,6
B0075L8KUE,5.0,6
B008GOILIU,4.0,6
B001R8ZXW4,4.666666666666667,6
B00EZRW5R0,4.0,6
B000RNNOTO,4.5,6
B00GB2ODJ0,4.333333333333333,6
B0075JGGZW,5.0,6
B003CGV3SW,4.5,6
B00GZG4KSG,4.0,6
B005O8XYYM,4.833333333333333,6
B004FPJL8S,4.0,6
B00A42YOHO,4.833333333333333,6
B003JSEGNC,4.833333333333333,6
B0074NF3AI,4.666666666666667,6
B000K19O5G,4.833333333333333,6
B00122Y6GY,4.833333333333333,6
B00B8BSWW8,4.666666666666667,6
B00CWH1JP4,4.333333333333333,6
B00E6GB4HC,4.833333333333333,6
B008G7TJ3S,4.166666666666667,6
B00769T428,4.666666666666667,6
B0032AM71K,4.666666666666667,6
B005ZJ8ETK,4.833333333333333,6
B004FKKGN2,4.0,6
B00EL27J3O,5.0,6
B0050C5LIE,4.666666666666667,6
B00BM703OI,4.0,6
B004ZNGWRI,4.0,6
B00BBF1XHW,5.0,6
B003FXG6BQ,4.833333333333333,6
B001DSES4W,4.333333333333333,6
B000U7S07S,4.833333333333333,6
B001JU4UL0,4.833333333333333,6
B000RNR9U4,4.833333333333333,6
B001RVGSLQ,4.333333333333333,6
B003K722RO,4.166666666666667,6
B000Q38094,4.333333333333333,6
B000GCUJAS,4.833333333333333,6
B003JSY240,4.166666666666667,6
B00A8XHCC8,4.166666666666667,6
B000M29IF4,4.5,6
B001DTNE5A,4.333333333333333,6
B00CLG241E,4.166666666666667,6
B00IES42YK,4.833333333333333,6
B00D8HPO8K,4.833333333333333,6
B000UE0VBY,5.0,6
B0074NNGRK,4.166666666666667,6
B00HR929WO,4.333333333333333,6
B0006NZEYS,5.0,6
B00APL4OTM,4.333333333333333,6
B004OAWZZU,4.333333333333333,6
B00BKDJDE0,4.0,6
B001GSO394,4.5,6
B001GSO3YE,4.166666666666667,6
B00J1W0PEE,4.0,6
B00CDXPG9C,4.333333333333333,6
B001JT9APW,4.833333333333333,6
B004Q8BIU8,4.833333333333333,6
B00E6D6V8C,4.166666666666667,6
B001KB2XPS,4.166666666666667,6
B000BNZZNS,4.333333333333333,6
B00F0W6RXC,5.0,6
B0006NZ434,4.666666666666667,6
B000FP35DE,4.833333333333333,6
B007TRSMMA,5.0,6
B001RVSE3Q,4.666666666666667,6
B002RYTXJG,4.5,6
B0044FLPD8,4.5,6
B008GZ2J9Q,4.666666666666667,6
B001GU63SQ,4.333333333333333,6
B0006NYVJ2,5.0,6
B005RR3QRK,4.166666666666667,6
B001QV64V6,4.0,6
B001RVTLTC,4.166666666666667,6
B009NK7H8Q,4.5,6
B007MOVVUU,4.166666666666667,6
B001GMANFI,4.0,6
B001JTK2OU,4.333333333333333,6
B003K85ZVI,4.333333333333333,6
B005GDU6I2,4.166666666666667,6
B001GT1CEC,5.0,6
B00BM73SV8,4.833333333333333,6
B0074MTNDM,4.166666666666667,6
B00BOJBID4,4.666666666666667,6
B00BY9B5GE,5.0,6
B0074M9ZWG,4.0,6
B00AIQOK02,4.666666666666667,6
B00EP6750I,4.166666666666667,6
B005RRVFPA,4.333333333333333,6
B00LCLFMDG,5.0,6
B001DTQQUA,4.166666666666667,6
B0059XLCGY,4.5,6
B00EL27NTE,4.0,6
B00A8XGCPG,4.166666666666667,6
B000M0DBVI,4.5,6
B00GOY38ZU,4.666666666666667,6
B005D7TMMC,5.0,6
B009G03CGY,5.0,6
B0096WARIS,4.333333333333333,6
B00EPHR0JI,4.833333333333333,6
B002XQGKIA,4.333333333333333,6
B005GMYNG4,5.0,6
B005D5ZFR0,4.333333333333333,6
B000S0G7YU,4.5,6
B00026FV6U,4.333333333333333,6
B001QX4WQS,4.666666666666667,6
B002XQPFNQ,4.333333333333333,6
B008GHFIG0,4.5,6
B0009OAGR4,4.333333333333333,6
B00767NJ1M,4.333333333333333,6
B0060AROCQ,4.666666666666667,6
B00KPG6YA4,5.0,6
B004X68EBO,4.0,6
B000XE9LOO,4.666666666666667,6
B00AM9TDD4,5.0,6
B00HX1VCQA,4.833333333333333,6
B0001I8ZQ2,4.333333333333333,6
B004JQ7A04,4.333333333333333,6
B000RNLIKG,4.333333333333333,6
B004FPTLK6,4.166666666666667,6
B00C3CHZQA,4.666666666666667,6
B005RUG462,4.166666666666667,6
B00766QBAO,4.333333333333333,6
B000JL1OY6,4.166666666666667,6
B000EMBJH2,4.666666666666667,6
B005OE9MRO,4.833333333333333,6
B0041VSYAC,4.166666666666667,6
B004OF9EPO,4.333333333333333,6
B001GSJG0A,4.166666666666667,6
B0051S52XQ,4.0,6
B000RNJYNO,4.833333333333333,6
B000WQ50DO,5.0,6
B00EYZY6AC,4.333333333333333,6
B0060GFBY8,4.666666666666667,6
B005D87J5S,4.166666666666667,6
B007V4QNSG,4.833333333333333,6
B000Y10LWM,4.0,6
B000AA5WEY,4.666666666666667,6
B00121TRTQ,5.0,6
B005GNWCIY,4.0,6
B0074Q0K6W,4.666666666666667,6
B001DTSXL0,4.666666666666667,6
B000JFCTH8,4.666666666666667,6
B000Q389C2,4.0,6
B004OFHU96,4.333333333333333,6
B005SANU8Q,4.5,6
B00CHHKZT0,4.333333333333333,6
B0060GF5SK,5.0,6
B000NC2OTU,4.166666666666667,6
B000CEMQDS,4.166666666666667,6
B0001WHXZC,4.166666666666667,6
B00I04CYMK,4.166666666666667,6
B008RIKGC4,4.166666666666667,6
B003CIRM9Y,4.166666666666667,6
B004DEFHI4,4.666666666666667,6
B003FXAB4O,4.0,6
B004L9393Q,4.833333333333333,6
B000FOVFEG,4.666666666666667,6
B001RUYL0C,4.0,6
B000ITC3LC,4.333333333333333,6
B001RV466A,4.166666666666667,6
B005GMZ5P2,5.0,6
B000MPQHJG,4.833333333333333,6
B000WQ9X2S,4.333333333333333,6
B003VJKI5E,4.833333333333333,6
B0060TWWY2,5.0,6
B001L80EZQ,4.666666666666667,6
B000PZB1OE,4.5,6
B001UGF2MY,4.333333333333333,6
B001J3M3CK,4.0,6
B00IKTTUSQ,5.0,6
B0062U5FIO,4.166666666666667,6
B000CD73XM,4.333333333333333,6
B004LGUDWY,4.666666666666667,6
B00DB8P03K,4.0,6
B0043N0GJK,5.0,6
B005NJ4ZSG,4.833333333333333,6
B001HWSYJO,4.166666666666667,6
B003H2IETW,4.5,6
B0012RR2F6,4.833333333333333,6
B008EOQRCE,4.166666666666667,6
B00AQF91ZY,4.333333333333333,6
B0058IFX74,4.666666666666667,6
B0002DKWHG,5.0,6
B007XKER2W,5.0,6
B003B6OIMG,4.0,6
B005QQPWXI,4.666666666666667,6
B002YVNLLI,4.166666666666667,6
B001UHRGI6,4.333333333333333,6
B007XKIBX8,4.333333333333333,6
B005NJ4NTC,4.833333333333333,6
B009PA5FUG,4.333333333333333,6
B004DPA2L0,5.0,6
B000BCIUZO,4.666666666666667,6
B0094WIUIY,4.5,6
B003GLUV5O,4.0,6
B000WIEPTW,4.166666666666667,6
B001C7FIZ2,4.833333333333333,6
B0012QNYLS,5.0,6
B0058K15Q0,4.166666666666667,6
B007L0NORI,4.0,6
B000NIG4PY,5.0,6
B000PO3F5S,4.166666666666667,6
B00E3BCNYI,4.5,6
B00F4FCMXY,4.5,6
B0041FKHB2,4.666666666666667,6
B004VZVGKI,4.833333333333333,6
B00C75KISK,4.5,6
B000C1ZFFM,4.666666666666667,6
B001UFJTRE,4.666666666666667,6
B005NJBPFW,4.333333333333333,6
B00331F0IK,4.833333333333333,6
B004B1WJGC,4.0,6
B000FQMMWI,4.666666666666667,6
B0000254D3,4.166666666666667,6
B001UHXN9M,5.0,6
B00BAVBRYG,5.0,6
B00506QJL8,5.0,6
B005HJBCLK,4.5,6
B005QOKHQC,4.0,6
B003H28YO2,4.5,6
B000BUBJ18,4.166666666666667,6
B008EL6QE6,5.0,6
B0043MTJCQ,4.833333333333333,6
B005HJHOSU,4.5,6
B000XPRZC8,4.166666666666667,6
B000JJLOIE,4.333333333333333,6
B004O15ONY,4.5,6
B0012RWK5I,4.166666666666667,6
B000PKPEQU,4.166666666666667,6
B00A9VUMNU,4.5,6
B0007W60Q4,4.5,6
B00BAPTV5Y,4.833333333333333,6
B00CCYRB68,4.833333333333333,6
B004WYJQTG,4.666666666666667,6
B000142KW6,4.0,6
B004Q03QAQ,4.833333333333333,6
B001HX47C6,4.166666666666667,6
B004XJNSIK,4.666666666666667,6
B004G7F6N4,4.166666666666667,6
B000XPZY1M,4.5,6
B000H3EMGI,4.666666666666667,6
B002Z7FSM6,4.666666666666667,6
B000ACR9GQ,5.0,6
B001UJ2QNO,4.5,6
B007XL4U3M,4.833333333333333,6
B009ELCSYW,4.166666666666667,6
B0046CQ14C,4.333333333333333,6
B00HAPQT7Q,5.0,6
B00ENOB1YI,4.5,6
B007XL7H0K,4.5,6
B00525ZH8S,4.166666666666667,6
B008SGQNSG,4.333333333333333,6
B001J0V8Y2,5.0,6
B00C75KWUY,4.333333333333333,6
B005NIUA6I,5.0,6
B000NISH5Y,4.666666666666667,6
B007XMPXWI,4.333333333333333,6
B0046D1V9G,4.0,6
B004PV47UO,4.833333333333333,6
B00D0NLB52,4.5,6
B00DB18H4G,5.0,6
B007L0J3VE,4.166666666666667,6
B00427BXE4,4.333333333333333,6
B002QKDQ1C,4.166666666666667,6
B004RPZ9UA,5.0,6
B0046ACDVY,4.5,6
B000PR48IS,4.166666666666667,6
B000GEZWRG,4.666666666666667,6
B009EESVTU,4.0,6
B000PR44A0,4.666666666666667,6
B000XR8JCQ,4.333333333333333,6
B000E33TNS,5.0,6
B001HRJCKY,4.333333333333333,6
B000PR2TIO,4.166666666666667,6
B003BAGORE,4.333333333333333,6
B003H3HP8C,4.0,6
B0006LNRFI,4.333333333333333,6
B004VMGU8O,4.0,6
B0012NOI1G,4.666666666666667,6
B005NLONCW,4.666666666666667,6
B001HLGXB6,4.333333333333333,6
B003BDPNBE,4.666666666666667,6
B002QTNUBE,4.666666666666667,6
B007X7DPHS,4.666666666666667,6
B0058NLTGS,4.166666666666667,6
B003H3TR9C,5.0,6
B0001439BC,4.333333333333333,6
B007X83IKG,4.666666666666667,6
B0012NA824,4.0,6
B00A35OMKQ,4.5,6
B001U3AJWK,4.333333333333333,6
B000XRT1AK,5.0,6
B001CEGQQ0,4.833333333333333,6
B000F8K5ZW,4.666666666666667,6
B001U3MAWW,4.166666666666667,6
B003H3PHAK,4.0,6
B001U3PQRI,4.333333333333333,6
B00HNISNPQ,4.666666666666667,6
B003GEWMFI,4.833333333333333,6
B003B9NVUS,4.5,6
B0012QM4GE,4.333333333333333,6
B004LEXQL6,4.166666666666667,6
B001UARLYW,4.166666666666667,6
B0071KEQJI,4.333333333333333,6
B00CD0IMBO,4.0,6
B00HAQAREQ,5.0,6
B0071KBNJY,4.5,6
B00CV7RCLA,4.333333333333333,6
B000JJYA2G,4.166666666666667,6
B001UBA6T8,4.833333333333333,6
B00F4CDU6U,4.166666666666667,6
B007XFQ22A,4.666666666666667,6
B00A2Y1XOQ,4.666666666666667,6
B007XCAC5Q,4.833333333333333,6
B001J5B1DK,4.666666666666667,6
B001UBMC86,4.166666666666667,6
B001HUZH5U,4.0,6
B00BBP62HS,4.666666666666667,6
B003UZ4KQM,4.666666666666667,6
B0046BWJAS,5.0,6
B000XQCWK2,5.0,6
B000142V5M,4.0,6
B001UDGO60,4.833333333333333,6
B0058KE3CI,4.666666666666667,6
B00506UU9A,4.5,6
B004B4CW48,4.666666666666667,6
B000WIEVEQ,5.0,6
B001J78S34,4.666666666666667,6
B005HGZRCI,4.666666666666667,6
B009EGMZPE,4.0,6
B004B451JQ,4.333333333333333,6
B00B0FRKF2,4.833333333333333,6
B001U7MN5W,5.0,6
B001U7NEXW,4.833333333333333,6
B00CMGR9MC,4.0,6
B009F1L1JE,4.0,6
B003LROD02,5.0,6
B007XCRODO,4.333333333333333,6
B005NKR046,4.0,6
B001CBBOSI,4.666666666666667,6
B0012P2KBO,4.166666666666667,6
B000WIEV8M,4.166666666666667,6
B005HHAC86,4.833333333333333,6
B000UPAUJ6,4.666666666666667,6
B00HFTZJ82,4.833333333333333,6
B004O2N70A,4.0,6
B0071LSVBG,4.833333333333333,6
B009P5PYP2,4.833333333333333,6
B00ABIRENM,5.0,6
B0012PJNGO,4.833333333333333,6
B005HIB1VW,4.833333333333333,6
B004ZJ0ZS4,4.166666666666667,6
B008O5BDUE,5.0,6
B007X6K6BC,4.5,6
B001V9LQ0C,5.0,6
B001V9LAVM,4.666666666666667,6
B00I30P5U4,4.666666666666667,6
B00700RRSG,5.0,6
B009PR299O,4.5,6
B001BM7YFA,4.666666666666667,6
B001IACUVS,4.333333333333333,6
B007L9BF3Y,4.833333333333333,6
B003M5DLMY,4.0,6
B008SVSH7G,4.666666666666667,6
B00D0EVQI8,5.0,6
B005DNRVYC,4.166666666666667,6
B009ERVX74,5.0,6
B007LA6CQS,5.0,6
B009ER91L4,4.166666666666667,6
B001V9LUMQ,4.166666666666667,6
B001BLL3YO,4.333333333333333,6
B005QFZ83I,4.333333333333333,6
B003AYEGMG,5.0,6
B000MK4M20,5.0,6
B000PI388S,4.5,6
B000XEFE4U,4.833333333333333,6
B000EGK4SI,4.333333333333333,6
B001IK8FKI,4.333333333333333,6
B001UNRR0M,5.0,6
B00339149G,4.666666666666667,6
B000US07QO,4.833333333333333,6
B0058EF5OY,4.5,6
B001V7305I,4.0,6
B0094GOZ0M,4.333333333333333,6
B001BOAL1M,4.333333333333333,6
B004NXS200,4.166666666666667,6
B00505DRLE,5.0,6
B003B003BC,4.833333333333333,6
B00C780KZI,4.5,6
B004RRGURO,5.0,6
B00GU6E99Q,5.0,6
B000US086I,5.0,6
B000WF6RI2,5.0,6
B001I90NS6,4.333333333333333,6
B003AYEV2G,5.0,6
B007Y6FERM,4.833333333333333,6
B001IIBNCC,5.0,6
B004PX35DW,5.0,6
B000MJOMZS,4.5,6
B002Q3AHK2,4.666666666666667,6
B005QEWD8W,4.666666666666667,6
B001V9UYI2,5.0,6
B008E0AEL8,4.833333333333333,6
B00BJL30YC,4.333333333333333,6
B0046FQKS6,4.333333333333333,6
B008DZUILU,4.166666666666667,6
B005QEUFQO,4.333333333333333,6
B007Y75L7Y,4.333333333333333,6
B007LGLPKU,4.666666666666667,6
B000PI1998,4.666666666666667,6
B007LH01L8,4.333333333333333,6
B00EO5JV48,4.833333333333333,6
B001IFSUJ4,4.333333333333333,6
B00B7MCTMW,4.333333333333333,6
B003MA7ZVC,5.0,6
B000US7974,4.833333333333333,6
B000C1Z1TC,5.0,6
B0046FTMHW,4.833333333333333,6
B002Q4UC06,4.333333333333333,6
B00CGPMLU4,4.666666666666667,6
B009PUPM5O,4.0,6
B007Y6FJ0Y,4.833333333333333,6
B0058DP7J8,4.166666666666667,6
B008SX7H8E,4.5,6
B005HSNQL0,4.833333333333333,6
B00BOK24EK,4.0,6
B00F5VEBHC,4.333333333333333,6
B003M6B7NI,4.5,6
B002Q4X0IC,4.666666666666667,6
B001BKQ8SQ,4.833333333333333,6
B00BWN8ZLU,4.0,6
B009ERVUNG,4.5,6
B005NFNZIG,4.333333333333333,6
B007Y6IZB4,5.0,6
B002Z5UWQA,5.0,6
B0012W1LXA,4.333333333333333,6
B000H3D9WG,4.166666666666667,6
B001V9QL02,4.833333333333333,6
B0012WEDCQ,5.0,6
B002Q4UC0G,5.0,6
B003M4G6AO,4.833333333333333,6
B001I82JQ6,4.0,6
B0002DLOY6,4.166666666666667,6
B005DKUXZY,4.0,6
B00A2SRH9C,4.833333333333333,6
B003H1FAU4,4.0,6
B007M0CO1O,4.333333333333333,6
B001BROT1M,5.0,6
B004G87DFC,4.333333333333333,6
B000FQMYZS,4.0,6
B005HMFEG6,4.5,6
B001UP1GNO,4.0,6
B003GRP068,4.166666666666667,6
B000PJI9EU,4.666666666666667,6
B004RRE46S,4.166666666666667,6
B007XVCZFC,4.666666666666667,6
B0070Y4MX0,4.833333333333333,6
B00E25ZOFA,4.833333333333333,6
B005QB96EE,4.5,6
B003UT8Q0O,5.0,6
B009PLTZWO,4.333333333333333,6
B0094JNWQ2,4.166666666666667,6
B001UR2Z14,4.0,6
B00F56429Y,4.166666666666667,6
B003M1GJ5Y,4.333333333333333,6
B001BS8GPG,5.0,6
B0009XAHTW,4.833333333333333,6
B005HLOMWY,4.833333333333333,6
B0009XAHTC,4.166666666666667,6
B001IZ0V7S,4.666666666666667,6
B00GCGMLKS,4.833333333333333,6
B0012RX8R2,4.5,6
B00CMN5XVE,4.666666666666667,6
B00AQG1TNU,4.5,6
B00H1Y8MTE,4.333333333333333,6
B00GCGRWL6,4.666666666666667,6
B002Q8223W,4.5,6
B005QJAEVU,4.166666666666667,6
B00C3243JW,4.666666666666667,6
B00BS123AK,4.333333333333333,6
B002Q80JXC,4.166666666666667,6
B000142J5Y,4.333333333333333,6
B009PIR8G2,4.666666666666667,6
B000BTYGM8,4.0,6
B002Q7YJEI,4.666666666666667,6
B007M0LF3M,4.0,6
B001I4MQAY,4.333333333333333,6
B000GP8VUK,5.0,6
B001IV55B4,4.0,6
B001I6S3ZY,4.333333333333333,6
B000C20ZJW,5.0,6
B001I7W84A,4.333333333333333,6
B0002DM5GM,4.5,6
B00AQIAKO2,4.0,6
B002Z2SDQY,5.0,6
B000GCQWTA,4.333333333333333,6
B003B2QRRO,4.166666666666667,6
B00C3153MO,4.0,6
B002Z334H6,4.0,6
B000URWZ7Y,4.5,6
B0007X7490,4.0,6
B001INF56C,4.833333333333333,6
B00K5IFVCY,4.5,6
B0001424TU,4.5,6
B001V2XZ1W,4.5,6
B00CMOBR7W,4.166666666666667,6
B005HNXPVG,4.833333333333333,6
B008E7JZNE,5.0,6
B00H25BO7Y,4.166666666666667,6
B00D0G6AAU,4.166666666666667,6
B007LS2TK8,4.166666666666667,6
B004AVOFO2,4.0,6
B004NYQOF4,4.0,6
B005HNXH3W,4.666666666666667,6
B0012S06TE,4.0,6
B009EU4EG8,5.0,6
B003GSJXJW,4.166666666666667,6
B000PJ9TYO,4.5,6
B000EMDKNI,4.0,6
B005HN0W6M,5.0,6
B008E9KGLM,5.0,6
B003B3OKRC,4.666666666666667,6
B0012S209S,4.0,6
B001BQXPBS,5.0,6
B008E98AFG,4.0,6
B005NISGSC,4.833333333333333,6
B008NU5GTE,4.0,6
B003M2DTF6,4.666666666666667,6
B008NU739A,5.0,6
B005NISG6Y,4.666666666666667,6
B00A2MPQNC,4.333333333333333,6
B000E3U44K,4.666666666666667,6
B005HNX9BW,4.0,6
B002Q6XP2Q,4.333333333333333,6
B000PRZTRW,4.333333333333333,6
B000ULBBNO,5.0,6
B0006NXAKI,4.333333333333333,6
B001H9JDOM,4.166666666666667,6
B007WGUN34,4.666666666666667,6
B000IOHOMU,4.333333333333333,6
B002RDB4BW,4.5,6
B00AWE4PDC,4.0,6
B00736DMXG,4.166666666666667,6
B008RYY8S6,4.833333333333333,6
B000RYLGEI,5.0,6
B000H8C7X8,5.0,6
B0058U750K,4.5,6
B002RD6M0K,4.5,6
B00HG1HJ6O,5.0,6
B0061UGHJG,4.833333333333333,6
B0046753LO,4.333333333333333,6
B00BDJNCU2,4.0,6
B0051X51C8,4.666666666666667,6
B00GO7IY0Q,5.0,6
B001TBM8X6,4.666666666666667,6
B00HSX4NPA,4.0,6
B005H3N9YY,4.333333333333333,6
B003L00YJI,4.833333333333333,6
B005NZ639E,4.5,6
B009O8XRZ4,4.833333333333333,6
B003VCHFC0,4.166666666666667,6
B000RPM6U0,4.0,6
B00A3HTIAI,4.0,6
B00CDA92X6,4.333333333333333,6
B00A3PJLD4,4.0,6
B002YFGZMQ,4.166666666666667,6
B0044E1908,4.0,6
B00028PBBI,5.0,6
B001T8OW56,4.333333333333333,6
B0009MHXZE,5.0,6
B009FKEFU2,4.666666666666667,6
B000PY1E7Y,4.333333333333333,6
B004JKGIT4,4.333333333333333,6
B004UNWEFC,4.666666666666667,6
B003KWIO8A,4.666666666666667,6
B001CYEQYY,4.833333333333333,6
B004FURF18,4.5,6
B004UNUFIU,4.166666666666667,6
B003BOEGGG,4.333333333333333,6
B00EMSMT5A,4.833333333333333,6
B003BOIAJU,4.0,6
B00D94IP38,4.666666666666667,6
B00GBYNAJM,4.666666666666667,6
B002RDFEC2,5.0,6
B00014D8G8,4.333333333333333,6
B000PY09O8,5.0,6
B007WG5DTI,4.333333333333333,6
B0032GVU30,4.666666666666667,6
B000XTFP1W,4.5,6
B004LB2WIM,4.0,6
B000ULI3UI,4.833333333333333,6
B00AMLQ6AA,5.0,6
B007KJ031U,5.0,6
B00F3AB02O,4.0,6
B003VAHXY2,4.166666666666667,6
B00C2FJBYM,4.666666666666667,6
B008NAI8CQ,4.333333333333333,6
B007WNYZPY,4.666666666666667,6
B0012GOEDA,4.833333333333333,6
B00BK308SU,4.5,6
B003H72NYO,4.5,6
B004223XD8,5.0,6
B00F3BVB3G,4.166666666666667,6
B007KFLNA4,4.666666666666667,6
B00FY46Q3M,4.833333333333333,6
B001CT0A5S,4.666666666666667,6
B0032JNYYU,4.333333333333333,6
B001CT0A2Q,4.833333333333333,6
B0009XNX9I,4.833333333333333,6
B001CT09YK,4.333333333333333,6
B002RCBHYM,4.833333333333333,6
B000WML3IY,4.833333333333333,6
B00AZIYDL4,4.5,6
B004FVSLLK,4.5,6
B0006NF8HQ,4.0,6
B00F3AAZPM,4.0,6
B00H0V7X2K,4.333333333333333,6
B007KFMSMG,4.833333333333333,6
B005DUUXKO,4.0,6
B004FVHLLQ,5.0,6
B001CWD4BM,4.833333333333333,6
B000F97FA4,4.5,6
B00CD94NMW,4.666666666666667,6
B0012F04UI,4.666666666666667,6
B007KFNCXA,4.666666666666667,6
B000ULIGLY,4.833333333333333,6
B007MJKEFS,4.5,6
B004O439O2,4.666666666666667,6
B008FKIWMK,4.333333333333333,6
B001CTQEHQ,4.166666666666667,6
B007KGEK44,5.0,6
B007WN8ENI,5.0,6
B0040BGUB8,4.666666666666667,6
B000WMYFK2,4.833333333333333,6
B00D0O8QHM,4.333333333333333,6
B001CZJWXS,4.0,6
B000XU85JU,4.166666666666667,6
B000H3EPVK,4.333333333333333,6
B001H7RZ9Y,4.166666666666667,6
B003KSAVJE,4.333333333333333,6
B00014E19G,4.333333333333333,6
B007MJKM46,4.833333333333333,6
B003H7XJDS,5.0,6
B001D1MHLA,4.666666666666667,6
B000NG699M,4.666666666666667,6
B0006NXVH0,4.166666666666667,6
B001T6IXY4,4.833333333333333,6
B007W59XUO,4.5,6
B008RV7K9S,5.0,6
B000H30ELA,5.0,6
B00619BIBE,4.166666666666667,6
B009NY60GW,4.5,6
B004DRIS82,4.833333333333333,6
B007W5ZTYI,4.333333333333333,6
B009NYA766,5.0,6
B009DSXT80,4.333333333333333,6
B000IOJLZ8,5.0,6
B004213B0E,5.0,6
B009NWC41O,4.166666666666667,6
B000ULCV9M,4.833333333333333,6
B00GBQ33YM,4.5,6
B001SZ5UEW,4.833333333333333,6
B00A99BWQ8,4.166666666666667,6
B004JKRISE,4.5,6
B004Y6AGSC,4.166666666666667,6
B00GBM0UYW,4.833333333333333,6
B000NG46Q0,4.833333333333333,6
B007KAESMO,4.0,6
B001D40NCW,4.5,6
B001D3YJ6E,4.0,6
B007W3M0LA,4.0,6
B00AB8OFI4,4.833333333333333,6
B000NG68ZW,4.333333333333333,6
B005RBMGJ0,4.666666666666667,6
B0001TRAFS,4.0,6
B007KAREUW,4.5,6
B00028OT98,4.333333333333333,6
B0073KY7NG,5.0,6
B000F9Y0MK,4.333333333333333,6
B00E51ZSNY,4.333333333333333,6
B00014DMO6,4.166666666666667,6
B00AY05V64,4.833333333333333,6
B00421YYBO,4.833333333333333,6
B004Y6RBQW,4.0,6
B00421YYL4,4.333333333333333,6
B009FKNHRO,5.0,6
B00E8ZA440,4.5,6
B00CVT6FHK,4.166666666666667,6
B0012BXVZC,5.0,6
B001JEJ5V6,4.333333333333333,6
B00E52NTKC,4.0,6
B0073B3BTQ,4.5,6
B002RIC35I,5.0,6
B009FKNGF2,5.0,6
B005DWMQ0W,4.166666666666667,6
B000PY2JE6,4.333333333333333,6
B008FOJ20W,4.333333333333333,6
B007KCXKRQ,4.166666666666667,6
B00AY05WHW,4.333333333333333,6
B001JDB0XS,4.833333333333333,6
B000PY29Q4,4.333333333333333,6
B004DIO3KI,5.0,6
B001D0B22G,4.5,6
B001JEI4DG,4.666666666666667,6
B004UO8YTG,5.0,6
B0012BDG9S,4.666666666666667,6
B001D0G2F8,4.166666666666667,6
B0012BF4PW,4.166666666666667,6
B000WN8HKA,4.333333333333333,6
B000ULDABU,4.333333333333333,6
B00E56ON7G,5.0,6
B0073FH3L4,5.0,6
B001T8KOAS,4.666666666666667,6
B008FPQQBO,5.0,6
B001JEDMLU,5.0,6
B00F2RAYQ6,4.333333333333333,6
B0006NXTKO,4.333333333333333,6
B001D0CWOI,5.0,6
B001D0CWN4,4.666666666666667,6
B00AWEIOUM,4.666666666666667,6
B00BK5EZVO,4.0,6
B0032G37PY,4.0,6
B003L2J0IW,5.0,6
B008FHE254,5.0,6
B00B83XU1O,4.333333333333333,6
B0012KI5X6,4.833333333333333,6
B00AMTW4IU,4.833333333333333,6
B001CL9XGS,4.5,6
B004G2D6L8,4.5,6
B003BHPQL2,4.166666666666667,6
B0002ASSN4,4.333333333333333,6
B007MI4O0A,4.166666666666667,6
B000ULPBDU,4.666666666666667,6
B001CL6QKY,4.5,6
B004Q2V750,4.166666666666667,6
B00B0F42GM,4.833333333333333,6
B001CL6QHW,4.333333333333333,6
B000WKW9NE,5.0,6
B001CL4O9E,5.0,6
B003BGFXU2,4.0,6
B004TMIBQ0,4.833333333333333,6
B000IOBFO8,4.833333333333333,6
B000WLAHY6,4.333333333333333,6
B0012K5M0A,5.0,6
B001TSORDS,4.166666666666667,6
B0072COA00,4.5,6
B000F8RE2O,4.0,6
B009ECMRJW,4.666666666666667,6
B00BBN89IK,4.666666666666667,6
B004LDCIFC,4.666666666666667,6
B00F3P86J4,5.0,6
B0006MQ3AS,4.666666666666667,6
B004B887D4,4.5,6
B006293JRE,5.0,6
B004B878P2,4.833333333333333,6
B001TSRX2K,4.666666666666667,6
B001TT9C6E,4.166666666666667,6
B002YK5338,4.166666666666667,6
B001TVF7XO,4.333333333333333,6
B001CO4UYA,4.833333333333333,6
B008F5EXAK,4.833333333333333,6
B00BWTZ3ZK,4.333333333333333,6
B00467DD8Y,4.166666666666667,6
B004O3SF1K,5.0,6
B007X4MKTU,4.666666666666667,6
B000PSB76S,5.0,6
B001U1V53Y,4.333333333333333,6
B005NORBIW,4.666666666666667,6
B0046897ME,4.0,6
B000LVSI1G,5.0,6
B002Z7FTNE,5.0,6
B003LJMCFI,4.333333333333333,6
B002YKA2SE,5.0,6
B000BD2L2G,4.5,6
B005QZQ9IG,4.5,6
B0062CL63K,4.833333333333333,6
B002QV0NJY,4.166666666666667,6
B0007CXYCC,4.333333333333333,6
B0043OUJYG,4.0,6
B008NE2T2C,4.666666666666667,6
B007MEMSPM,4.666666666666667,6
B000WJ5XOM,5.0,6
B005235HT4,4.833333333333333,6
B004VKI6MO,4.333333333333333,6
B00BBNWNX2,4.333333333333333,6
B000PS8RZ2,4.333333333333333,6
B00DAB27IY,4.833333333333333,6
B007X6F0W2,4.0,6
B002QWE95W,4.666666666666667,6
B00722N4WK,4.166666666666667,6
B000ULPHQQ,4.333333333333333,6
B004RPURZC,4.166666666666667,6
B001CKBJDE,4.833333333333333,6
B000EQ9KJ2,4.166666666666667,6
B000PSUXCC,4.0,6
B001U0ONR0,4.5,6
B0041F9II0,4.5,6
B007X52BI4,4.5,6
B0012LEBX8,4.0,6
B008ND5G64,4.0,6
B004DIZX7U,4.0,6
B007X54560,4.166666666666667,6
B000GCSXCY,4.0,6
B000143EGC,4.166666666666667,6
B003GDOMYI,4.166666666666667,6
B00B83KO1I,5.0,6
B000JIGVNI,5.0,6
B00DA3FR98,4.833333333333333,6
B002QWLD5G,4.166666666666667,6
B0043OWEP8,4.333333333333333,6
B004DPUUWQ,5.0,6
B001CRQ3L0,4.166666666666667,6
B001CT07TC,5.0,6
B0072FTT94,4.333333333333333,6
B001TL4EIS,4.833333333333333,6
B0095ZDK4O,4.5,6
B002RAR0GI,4.666666666666667,6
B00HFTINH6,4.5,6
B000RPOEQE,4.833333333333333,6
B001TLN4AW,4.0,6
B005Q8CRFM,4.166666666666667,6
B004FW5P4A,4.166666666666667,6
B000K6I4FC,5.0,6
B000C1UF02,5.0,6
B00BTN6BM8,4.5,6
B008NBG5YS,4.333333333333333,6
B0032K3NJ0,4.0,6
B001HBXB1Q,4.666666666666667,6
B00F3FI0RC,4.833333333333333,6
B0044D8CWC,4.833333333333333,6
B00424ANZ2,4.833333333333333,6
B007WRVBM0,4.166666666666667,6
B000CDT8IU,4.666666666666667,6
B004Y7UJ6A,4.5,6
B001CT08LO,4.5,6
B002RAR0GS,4.833333333333333,6
B009OLB6AY,4.333333333333333,6
B001JB748U,4.166666666666667,6
B000FJ9A0M,4.0,6
B007MJK9IK,4.166666666666667,6
B0012H31BU,4.666666666666667,6
B0032JZUA6,4.0,6
B00IEAM056,4.333333333333333,6
B000ULJQ1I,4.833333333333333,6
B007KJ03VA,4.166666666666667,6
B001CT09AY,4.333333333333333,6
B00467985Q,4.333333333333333,6
B003BMDL46,4.166666666666667,6
B001HBR3VU,4.333333333333333,6
B0012H7QPM,4.333333333333333,6
B004JJTKZE,4.166666666666667,6
B001JB7390,4.333333333333333,6
B00BG60IA4,4.0,6
B00EN0TKI6,4.0,6
B007WR93RA,4.666666666666667,6
B00620OH5Q,5.0,6
B001TKI50W,4.5,6
B0009LEDMG,4.0,6
B005Q8CR9S,4.833333333333333,6
B005Q8CRD4,5.0,6
B009OKP6JC,4.5,6
B001HC6VCQ,4.666666666666667,6
B00HNJEGMY,4.5,6
B00D0NNR6S,4.833333333333333,6
B00CH2RUM0,4.833333333333333,6
B0032N394Q,4.833333333333333,6
B0012JJMTI,4.833333333333333,6
B004G0HYYK,4.0,6
B004O3UGCG,4.833333333333333,6
B0032N841O,4.5,6
B00424I5UC,4.166666666666667,6
B003BJBZEW,4.166666666666667,6
B001JAH2F6,4.333333333333333,6
B000K6SC40,5.0,6
B0006MSVC6,4.5,6
B00E4BZB5K,4.5,6
B000ULN7GS,4.666666666666667,6
B00BEHVK7K,4.666666666666667,6
B001CS2RF0,4.666666666666667,6
B003LAAY7A,4.0,6
B002YJH0U8,5.0,6
B000FQBBZ2,4.5,6
B003LASXOQ,5.0,6
B002Z7FTP2,4.166666666666667,6
B000IOBY0I,4.666666666666667,6
B0012JBFYS,4.666666666666667,6
B003YQ1UGA,5.0,6
B001JAH2P6,4.833333333333333,6
B000F8VULU,5.0,6
B004O3X8NU,4.666666666666667,6
B007KLYBB6,4.5,6
B009OO8B5O,4.833333333333333,6
B000E240M8,4.5,6
B005DG9F4I,4.5,6
B004LD5CHI,4.833333333333333,6
B007WRWD1S,4.833333333333333,6
B007WRWEOO,4.5,6
B000WM1HS0,5.0,6
B000F8VUPQ,4.833333333333333,6
B00BBMSKE4,4.0,6
B0058QM7HK,4.333333333333333,6
B0058QM7E8,4.5,6
B000ULLN7S,4.333333333333333,6
B008S1WYIO,4.0,6
B000WLZQ9W,4.833333333333333,6
B0032MHY1Q,5.0,6
B00EN3RI28,5.0,6
B004VYJLOW,4.5,6
B005DTX0DC,4.833333333333333,6
B005HA92J8,5.0,6
B00KMXQZC2,5.0,6
B00BKRAE44,4.5,6
B000XBDREW,4.333333333333333,6
B00EE57XDY,4.833333333333333,6
B001F0QXJ6,4.833333333333333,6
B00021DUDG,5.0,6
B000N2K4R4,5.0,6
B002VECJC0,4.0,6
B00CFAN0LE,5.0,6
B001MS7DMW,4.833333333333333,6
B002WW7KIY,4.5,6
B000H3I2R8,4.5,6
B001F0QXUA,4.333333333333333,6
B007CY2QEK,4.833333333333333,6
B00AKL4WRQ,4.0,6
B005F8VONE,4.333333333333333,6
B001KYU26M,4.833333333333333,6
B004EXYNTS,4.333333333333333,6
B007CVTANI,5.0,6
B003IRPREG,5.0,6
B00BN7X6IC,4.166666666666667,6
B005CVF8TA,4.666666666666667,6
B0050WVR2I,4.166666666666667,6
B005P0TAHY,4.5,6
B003E15WAK,4.166666666666667,6
B005VA50SG,4.166666666666667,6
B000YT2VDG,5.0,6
B000XDVKTO,4.0,6
B0050WT7U2,4.333333333333333,6
B000JL7ZTO,5.0,6
B004XSISGS,4.333333333333333,6
B003X8W92I,4.666666666666667,6
B000H65FYS,4.666666666666667,6
B003E15VW4,4.0,6
B000J2AO5U,4.5,6
B003X8SIQ4,4.5,6
B000XDTJYM,4.833333333333333,6
B000RGMJP6,4.333333333333333,6
9790770944,4.5,6
B000MAQWAA,4.166666666666667,6
B009GZ18S8,4.333333333333333,6
B005VC3AAO,4.5,6
B002VECJJ8,4.166666666666667,6
B003E158K4,4.0,6
B009GYZYPW,4.833333333333333,6
B003X87414,4.333333333333333,6
B001G7PJRU,4.333333333333333,6
B001F0FC6G,4.833333333333333,6
B00EE0YT5Y,4.166666666666667,6
B000R32SDW,4.166666666666667,6
B005VEDOD0,5.0,6
B00BFD1SGG,4.166666666666667,6
B00EV5XDMC,4.0,6
B001EXW68G,4.666666666666667,6
B00GS8HHXG,4.0,6
B001KYTYIY,4.166666666666667,6
B00G6FC0LK,4.333333333333333,6
B00I9267YO,4.833333333333333,6
B001EXR0UU,4.5,6
B005FAABC2,4.666666666666667,6
B0050X0V7Y,4.0,6
B004D6S8X8,4.166666666666667,6
B004D6TD46,4.0,6
B003ITPS3E,5.0,6
B002VCJI76,4.666666666666667,6
B002WWOFH8,4.333333333333333,6
B001G7PLY6,4.0,6
B009JR2B34,4.5,6
B0030FC7K8,4.333333333333333,6
B00AKKAR9O,4.5,6
B00AXJ9OXM,4.166666666666667,6
B005VEE0Y2,4.166666666666667,6
B008PL4ZJI,4.0,6
B009A3SOOC,4.666666666666667,6
B004D6IYB4,5.0,6
B001MT4C4I,4.0,6
B007HTTK9Y,4.0,6
B002VECISU,4.166666666666667,6
B00CFQFIG8,4.333333333333333,6
B000S94IK6,4.0,6
B002VECIRQ,4.833333333333333,6
B004CN3NH8,5.0,6
B001G7PLEG,4.333333333333333,6
B003E1327A,4.666666666666667,6
B00EDXB5O0,5.0,6
B00021E4YU,5.0,6
B003E12YKG,4.5,6
B00A77FRK4,4.833333333333333,6
B000H3I2O6,4.166666666666667,6
B00G6KER70,4.5,6
B00A77C8TC,4.166666666666667,6
B00BFCQPD8,4.333333333333333,6
B00021DZCM,4.333333333333333,6
B005VDY8NQ,4.666666666666667,6
B000S94IC4,4.5,6
B00BFD1JRY,4.666666666666667,6
B002WVGC4S,4.833333333333333,6
B007HSGKXY,4.166666666666667,6
B0030D5ZVS,4.833333333333333,6
B0009RF8GA,4.333333333333333,6
B008KPUXGS,4.833333333333333,6
B000N2JJ7U,4.0,6
B003YI0OJW,4.833333333333333,6
B007DZJMVS,4.5,6
B000ZKT2KE,4.833333333333333,6
9788080928,4.5,6
B002WUP484,4.833333333333333,6
B002WUQYYW,4.833333333333333,6
B00BN7LNQ4,4.5,6
B009ANA21A,5.0,6
B005F5118A,4.333333333333333,6
B007QESNAC,4.333333333333333,6
B005V16LKG,5.0,6
B000ZLXKWY,4.833333333333333,6
B00021DJZK,4.333333333333333,6
B001G7HISS,5.0,6
B0006V7GNW,4.666666666666667,6
B00GSE4Q16,4.833333333333333,6
B007DDHQJA,4.0,6
B003XNS7P6,4.0,6
B000S95QQQ,4.0,6
B000RFOLMG,4.333333333333333,6
B002VKRPE6,4.5,6
B00019HW6K,4.333333333333333,6
B00GDXDR2G,4.333333333333333,6
B00A7ERN04,4.0,6
B00BZB2Y4S,4.5,6
B000ZIYIY6,4.5,6
B007ED7VSA,4.666666666666667,6
B00BB8KSTI,5.0,6
B000MARENE,4.833333333333333,6
B000S97NVM,4.333333333333333,6
B0009RF8O2,4.333333333333333,6
B000YYBF4M,4.333333333333333,6
B003E6JMQA,4.166666666666667,6
B0030BCHSE,4.666666666666667,6
B002VKKR50,5.0,6
B005UXGATM,4.833333333333333,6
B0050WKP4E,5.0,6
B00EET5CP6,4.666666666666667,6
B005UXHQI6,4.5,6
B004KAX5IA,4.833333333333333,6
B004V9HO8W,4.333333333333333,6
B00AXKTA2Q,4.333333333333333,6
B001F51T7C,4.5,6
B00GSE32AC,4.333333333333333,6
B007QVUTQQ,4.333333333333333,6
B005P0UT3S,4.333333333333333,6
B008KMZ8FC,4.5,6
B005C2NBJS,4.5,6
B007QUZX7C,4.833333333333333,6
B002VECK7E,4.5,6
B005C2NBCK,5.0,6
B001MKMV5O,5.0,6
B003X9W8MI,4.166666666666667,6
B000ZO09UW,4.166666666666667,6
B000A3ENVY,5.0,6
B000XDXLA0,4.166666666666667,6
B00021DOGO,4.166666666666667,6
B00021DP7C,4.833333333333333,6
B0009R5CA2,4.0,6
B000S95QGG,4.666666666666667,6
B007HS7NX0,4.333333333333333,6
B003E17OQU,4.166666666666667,6
B003E1790G,4.333333333333333,6
B000MF8TK6,4.5,6
B00GX9V3VC,4.833333333333333,6
B004OW21W0,4.0,6
B001F3CSJ2,4.5,6
B001MK9ZNU,4.333333333333333,6
B00BLVT29W,4.833333333333333,6
B001F3EPXO,4.166666666666667,6
B00B2VPA6K,4.166666666666667,6
B000CLH4E2,5.0,6
B000XDXFVA,4.166666666666667,6
B005C4KX3S,4.666666666666667,6
B00JZKWLQC,4.833333333333333,6
B00KXF9WPG,4.5,6
B009J7A3CA,4.166666666666667,6
B003XNVNAC,5.0,6
B001KYVMPC,4.833333333333333,6
B000R8PK7I,4.833333333333333,6
B000BKIJV6,4.0,6
B007DA1JW8,4.166666666666667,6
B001F51PU8,5.0,6
B008PFC5BY,4.5,6
B00BZCTOAO,4.0,6
B001F51PRG,5.0,6
B001MJLV6U,4.5,6
B005PP49YS,4.166666666666667,6
B0040ZNVY8,4.666666666666667,6
B004VPULEK,4.166666666666667,6
B00EUN0WSS,5.0,6
B000C1UBA6,5.0,6
B00CHTQW90,4.166666666666667,6
B009JCTUHO,4.0,6
B000195TPG,4.5,6
B0009R5CF2,4.0,6
B001G7PM2C,5.0,6
B004V444AI,5.0,6
B000FKLLOY,4.5,6
B001KYRX50,4.333333333333333,6
B008PRANV6,4.833333333333333,6
B005FCW0OC,4.833333333333333,6
B001ET7K9K,4.5,6
B001ET7K9A,4.0,6
B00EVLI0NS,4.5,6
B002V0N2DE,4.166666666666667,6
B00ECTZ7IU,4.666666666666667,6
B003J8LJLY,4.0,6
B002V0DDL0,5.0,6
B007I006MW,4.0,6
B001NFXRAQ,4.166666666666667,6
B003E0S5K0,5.0,6
B001ET7J7I,4.166666666666667,6
B001ET7IZG,4.833333333333333,6
B00CHS1U4S,4.166666666666667,6
B004D8KUKU,5.0,6
B009GSBFWY,4.833333333333333,6
B009K2BF7Q,4.5,6
B001ET7I88,4.166666666666667,6
B0041M32H6,4.0,6
B001G7POSE,5.0,6
B001G7POKC,4.333333333333333,6
B00ANEUQDO,4.666666666666667,6
B000S86NIM,4.5,6
B007RGS7NC,4.666666666666667,6
B000YOOTTK,4.5,6
B004D84L5U,5.0,6
B001G7POQQ,4.5,6
B003J87WNS,4.5,6
B003E0VKTS,5.0,6
B003E0VJYO,4.5,6
B00BXLPOQ0,4.0,6
B001KYRYZ4,4.166666666666667,6
B002V475M4,4.333333333333333,6
B00B33XMEY,4.333333333333333,6
B00GRZL01A,4.5,6
B001ET7L5I,4.833333333333333,6
B001G7PP24,4.166666666666667,6
B00CF46BPM,4.833333333333333,6
B007OL76OG,4.5,6
B001ET7KWC,4.333333333333333,6
B001ET7KKO,4.666666666666667,6
B003E10F0M,4.0,6
B008JF224U,4.833333333333333,6
B005VTQOH8,4.666666666666667,6
B008JGCG6S,5.0,6
B005TKSLDO,4.166666666666667,6
B001NTX7TI,5.0,6
B0030HMFYY,4.333333333333333,6
B00HQCAFQ4,4.166666666666667,6
B00G4MP80K,4.833333333333333,6
B00ECHFTIA,4.5,6
B00CHRKOVY,4.5,6
B009GPPYAQ,4.0,6
B003WZ7HTC,4.333333333333333,6
B001ET7BNA,4.166666666666667,6
B007B5D7PW,4.833333333333333,6
B004KVJ07O,4.5,6
B004V42POU,4.0,6
B004EAF7PK,4.833333333333333,6
B000C1Z6GA,4.333333333333333,6
B0030HS2R8,4.0,6
B000J10IAW,4.333333333333333,6
B005VTHTRM,5.0,6
B001ET7HSY,4.166666666666667,6
B0007KR3US,5.0,6
B003XQDJEM,4.666666666666667,6
B001NM7JJ4,4.333333333333333,6
B001NMLL2K,4.166666666666667,6
B007RIZ0DU,4.0,6
B008JHO8DG,5.0,6
B001ET7H2K,4.333333333333333,6
B000FKLMHK,4.333333333333333,6
B002UZA74C,4.333333333333333,6
B0030H4KC4,4.666666666666667,6
B002UZ6DLI,4.333333333333333,6
B002UZ5OP4,4.5,6
B007BIRBDI,4.666666666666667,6
B000S858SI,4.5,6
B000TADLIE,4.833333333333333,6
B001G7PQBY,4.666666666666667,6
B004K4OXJQ,5.0,6
B0050JJVTC,5.0,6
B0009R33PS,5.0,6
B000X92K9C,4.833333333333333,6
B00AOBPA1O,4.0,6
B005FEOIH2,4.333333333333333,6
B00A84MTWA,4.5,6
B004X8MERM,4.333333333333333,6
B005P0FIFC,4.833333333333333,6
B00D4AALES,4.333333333333333,6
B0010CJLMA,4.333333333333333,6
B000RHLU50,4.666666666666667,6
B00CJ0KTIW,5.0,6
B007C7XHUY,5.0,6
B001EWF23I,4.666666666666667,6
B000R2P0LA,4.666666666666667,6
B00B0XAJKM,5.0,6
B000EO6KPG,4.0,6
B003F6Q33E,4.166666666666667,6
B00EDHX37I,4.0,6
B001MXZ3YW,5.0,6
B004OTZ166,4.0,6
B007RCNIXU,5.0,6
B004F0RCES,4.0,6
B009GWQA1Q,4.0,6
B005P0OI3K,4.5,6
B001EWF26U,4.166666666666667,6
B001MYQR82,4.333333333333333,6
B001KYTT5M,4.666666666666667,6
B000H3CO18,4.166666666666667,6
B000GIH1HG,4.666666666666667,6
B003YIDJFI,4.333333333333333,6
B001N0IMCY,4.666666666666667,6
B004OTVKKW,4.0,6
B001EWF288,4.0,6
B0041Q3C3G,4.833333333333333,6
B001MVZCG8,4.0,6
B004F0O4Z8,4.666666666666667,6
B004KQFAW8,4.833333333333333,6
B00CHST5JA,4.0,6
B005BYSLLU,5.0,6
B0050YQIXY,5.0,6
B004CKPPQS,4.166666666666667,6
B001EWF2RE,4.5,6
B00B9GIMKO,4.666666666666667,6
B000J1430S,4.5,6
B001EWF2P6,5.0,6
B001EWF2MO,4.5,6
B004PAJNNQ,4.833333333333333,6
B0001EKUWI,4.333333333333333,6
B0050YQREE,4.333333333333333,6
B004KTL0VA,5.0,6
B003E0Z9QI,4.333333333333333,6
B000N2KV4A,5.0,6
B00D20I22S,4.5,6
B00CZ74RAK,4.333333333333333,6
B007OM52FA,4.166666666666667,6
B009A0VET2,4.666666666666667,6
B00GXJ47OC,4.0,6
B004XUPRP6,4.833333333333333,6
B005VLBB5G,4.666666666666667,6
B008JUQ8SG,4.5,6
B007BY3S52,4.666666666666667,6
B0040XLX2M,4.333333333333333,6
B002V728E6,4.166666666666667,6
B001KYSCBO,4.0,6
B003I4JIJE,4.666666666666667,6
B000J10J4C,4.5,6
B00021VI4Y,4.166666666666667,6
B005FC70LU,4.833333333333333,6
B0040XHS2G,4.666666666666667,6
B000H3CNUK,4.333333333333333,6
B001EU5OBU,5.0,6
B00ED021SM,4.666666666666667,6
B0010C92VA,4.0,6
B005VNKCJU,5.0,6
B003E0VRDC,4.833333333333333,6
B000J10J2Y,4.666666666666667,6
B001ET7MUM,4.333333333333333,6
B001KYSYQW,4.0,6
B001G7PND0,4.666666666666667,6
B008JVJ77Y,4.5,6
B001N0LUVY,4.666666666666667,6
B00021PB4C,5.0,6
B00D207MG0,5.0,6
B00HP8MXIM,5.0,6
B000BXH8GA,4.166666666666667,6
B008JYGVT8,4.333333333333333,6
B00AKHITZG,4.833333333333333,6
B002VA4FV2,4.833333333333333,6
B001N1H6DO,5.0,6
B009A0VUV4,4.0,6
B001N2SYHA,4.333333333333333,6
B001EWEP1I,4.0,6
B003J40DH4,4.5,6
B000XAR1I6,4.666666666666667,6
B002V8DCK4,4.0,6
B0045FPB4Q,4.166666666666667,6
B007ONF49S,4.5,6
B00KVPBPTE,5.0,6
B00KVPBOOK,5.0,6
B0007D7JPO,4.5,6
B003XQ60VQ,4.666666666666667,6
B007EEREFE,4.5,6
B005F3VDGM,4.5,6
B000XE5VZW,4.333333333333333,6
B000R94QFY,4.666666666666667,6
B001LH2GOY,5.0,6
B004D1E83C,4.666666666666667,6
B000FG0XMY,4.5,6
B003XKDKQK,4.666666666666667,6
B001G0C0RY,5.0,6
B007GBBHOO,4.166666666666667,6
B00EHDQ3MU,4.333333333333333,6
B000Z61NMI,4.0,6
B000RE46B8,4.0,6
B001LIK81Q,4.833333333333333,6
B000MXBXPQ,4.5,6
B00EICK8LW,4.833333333333333,6
B00BTWUYM2,4.333333333333333,6
B007P1HLJA,4.0,6
B002WD75KG,4.0,6
B007PFZMVA,4.166666666666667,6
B003EW6E42,4.0,6
B007PG0CSC,4.833333333333333,6
B005ET4OM2,4.833333333333333,6
B007GA6416,4.333333333333333,6
B001FUMWSM,5.0,6
B00CYVUAA8,4.0,6
B000Z61L3Y,4.5,6
B00EIC17LC,4.0,6
B000SBT2EQ,4.0,6
B0006ZHILI,4.166666666666667,6
B003EL9GRK,4.666666666666667,6
B000SC0SXE,4.666666666666667,6
B004XOCCPU,4.666666666666667,6
B001FWXGKS,4.666666666666667,6
B001LFK4AE,4.333333333333333,6
B001FWXGB2,4.333333333333333,6
B000FKHYB8,4.833333333333333,6
B000R94TII,5.0,6
B001LGF9AI,4.0,6
B0001BNWA8,5.0,6
B001FWXFZO,4.333333333333333,6
B003I8I9UY,5.0,6
B001FZ1ASU,4.333333333333333,6
B000R94TE2,5.0,6
B00EHJB5UY,4.833333333333333,6
B00EHJ91F0,5.0,6
B00GT2OY9Q,4.5,6
B001FZGV8O,4.833333333333333,6
B000C1Z5FW,5.0,6
B000CR2FWM,4.166666666666667,6
B00309ZDFA,4.0,6
B001G0OONC,4.0,6
B000EM15OO,4.666666666666667,6
B003EH2248,4.666666666666667,6
B004D4MIKE,4.833333333333333,6
B001LNOEH0,4.833333333333333,6
B000C1Z1C4,4.0,6
B001LNOEHA,5.0,6
B000SIO8J8,4.0,6
B004D4OXT8,4.333333333333333,6
B007PJFSR4,5.0,6
B000CR0GQ4,4.166666666666667,6
B009HBDW1C,4.5,6
B000RE5R3E,4.5,6
B004KRYS5C,4.833333333333333,6
B005TWTVM2,4.5,6
B001L1G6FA,4.5,6
B004D4PRRK,4.5,6
B005CGYFHG,4.5,6
B000ELN6TC,4.5,6
B007G01Y5M,4.0,6
B000GK8CEU,4.833333333333333,6
B00021BBWS,4.0,6
B007PKCENO,4.666666666666667,6
B005CGKE2Q,4.666666666666667,6
B007PJDJAM,5.0,6
B002W9FODU,5.0,6
B00CFD7SP0,5.0,6
B007PHWFTU,4.666666666666667,6
B001L2AJYI,4.166666666666667,6
B00ES1LMPE,4.666666666666667,6
B007PHXTBI,4.5,6
B005CQMAMS,4.5,6
B008OTRJFS,4.666666666666667,6
B005PN0EYO,4.333333333333333,6
B000Z61VKW,4.833333333333333,6
B00CFD697I,4.666666666666667,6
B008LE59H6,4.5,6
B005CHEPIO,4.666666666666667,6
B00BB16LNW,4.166666666666667,6
B000Z63OD4,4.333333333333333,6
B003EH2HMK,4.0,6
B002W90K84,5.0,6
B001FT87EQ,4.333333333333333,6
B002W87Y02,4.666666666666667,6
B004P8FB20,4.333333333333333,6
B003XKMHB4,4.833333333333333,6
9788072305,5.0,6
B002WJHJWO,5.0,6
B005ES6I2C,5.0,6
B001FWXMJ8,4.5,6
B001FWXJG4,4.833333333333333,6
B00BF054BO,4.666666666666667,6
B001LBVYYS,4.5,6
B005EQONBW,4.0,6
B000FKHPEY,4.166666666666667,6
B000FKHPVW,5.0,6
B004D2C50Y,4.666666666666667,6
B000GIL0Y6,5.0,6
B000FKHWY2,5.0,6
B003I91RZW,4.666666666666667,6
B00ANJ0W74,4.666666666666667,6
B001LF2VUA,4.666666666666667,6
B0050O9SW2,4.666666666666667,6
B001FWXIXS,4.833333333333333,6
B002ZVD0IQ,4.166666666666667,6
B002WJVLC8,4.833333333333333,6
B007P29BCY,4.833333333333333,6
B001FWXINI,4.333333333333333,6
B007GOO5KO,4.333333333333333,6
B000Z5Y2IG,4.333333333333333,6
B003I91NSI,4.833333333333333,6
B003I909DS,4.0,6
B000217Y2O,5.0,6
B001L7WAVI,4.166666666666667,6
B003I8YJ3U,5.0,6
B002WJHL68,5.0,6
B001L9CHVO,4.666666666666667,6
B002WJO5VM,5.0,6
B00ESEC97G,4.0,6
B003I8Y5FC,5.0,6
B00ESEC9JO,4.666666666666667,6
B00C3WT3HE,4.0,6
B00ESEFEG4,4.666666666666667,6
B003EUIRPI,4.5,6
B008OUUL5M,4.5,6
B002WJHKPK,4.5,6
B00BN0N936,4.833333333333333,6
B00L2KVF9W,5.0,6
B00B2OFPDU,4.5,6
B000JLAT3I,5.0,6
B001FWXIME,4.166666666666667,6
B007GOD8G6,4.0,6
B000GDTSRW,4.5,6
B001FWXHPM,4.666666666666667,6
B00ANIFY78,5.0,6
B000JLCS6O,5.0,6
B000R9GDP0,4.333333333333333,6
B001FWXHJS,5.0,6
B000SG55YM,4.0,6
B000GIL0IW,4.833333333333333,6
B007GHFPG4,4.833333333333333,6
B003I96NMY,4.833333333333333,6
B007GGQQBS,4.833333333333333,6
B001LFEM48,4.833333333333333,6
B008LF9MFU,4.5,6
B000J40M6E,4.333333333333333,6
B003I974AY,4.833333333333333,6
B005CLHBEA,4.166666666666667,6
B004512QVQ,4.333333333333333,6
B00D2MVWFA,4.5,6
B00CFDDNW2,5.0,6
B000R9C0RA,4.166666666666667,6
B001LFHKN8,4.166666666666667,6
B008LGUVYU,4.166666666666667,6
B00B0PDLNW,5.0,6
B000SCHPB2,4.666666666666667,6
B00021AA4I,5.0,6
B007P7QKI2,4.333333333333333,6
B007H8D5FK,4.666666666666667,6
B00G99SXIC,4.5,6
B003XMFU3E,4.5,6
B00CZ4BI0K,4.333333333333333,6
B004QJOKQG,4.333333333333333,6
B004VNV3WQ,4.833333333333333,6
B000J45PDY,4.166666666666667,6
B0007D8E26,4.5,6
B000JL8R8C,5.0,6
B00414JKUW,4.333333333333333,6
B001FWXI06,4.666666666666667,6
B0001BOPFY,4.166666666666667,6
B004XNODJ4,4.0,6
B00AAGTCS0,4.833333333333333,6
B00ANQ376K,5.0,6
B007GLEJQ2,4.5,6
B00G8SLXQ8,4.0,6
B00B9PNJEY,4.666666666666667,6
B004P2NQEQ,4.166666666666667,6
B001M5GS58,5.0,6
B00G7U19LG,4.666666666666667,6
B005P3SMR0,4.166666666666667,6
B001G5SZNM,4.166666666666667,6
B001FB5NOG,4.666666666666667,6
B001FB5NLY,4.833333333333333,6
B00070QF2K,4.333333333333333,6
B000YZ4MZK,4.833333333333333,6
B008LXS9YW,4.5,6
B00BN7FDPQ,4.833333333333333,6
B008PALDXA,4.666666666666667,6
B003F1IEIQ,5.0,6
B005UOX17U,4.5,6
B009AXZ3IC,4.166666666666667,6
B001M5GS9O,5.0,6
B005EO5JMG,4.833333333333333,6
B000XE0VGG,5.0,6
B00EU8SGEA,5.0,6
B000H4GJMM,4.833333333333333,6
B004ZWH31I,4.833333333333333,6
B005F1IUY2,4.166666666666667,6
B001M5I34C,4.5,6
B007OTJF1K,4.166666666666667,6
B003XEPDKW,5.0,6
B00CHUHOUA,5.0,6
B001FB5OEU,4.333333333333333,6
B00EFGCN2I,4.833333333333333,6
B001FD4U02,4.5,6
B00BN7F2K2,4.5,6
B00EFUM8VK,4.5,6
B004KS2LYQ,4.333333333333333,6
B002VYHH9U,4.666666666666667,6
B003ED9T7U,4.0,6
B007PXKD0W,4.666666666666667,6
B0009YGKHO,4.666666666666667,6
B001FB5TTK,4.666666666666667,6
B005F1IKU6,4.0,6
B001FB5TT0,4.166666666666667,6
B004V4I5OY,4.666666666666667,6
B001FB5TQS,4.333333333333333,6
B000Z8VGOQ,5.0,6
B008L2SXN0,4.5,6
B000YZ9DMM,4.5,6
B000XE1NAE,4.5,6
B005F151O4,4.666666666666667,6
B000Z8ZKC0,4.833333333333333,6
B000Z919TW,4.333333333333333,6
B007HM2D6S,4.166666666666667,6
B008LXZZ4E,4.333333333333333,6
B007EMML6S,5.0,6
B004OYZERM,4.666666666666667,6
B009AVFH80,4.0,6
B003XCW99C,5.0,6
B001G6ZXUE,4.0,6
B000ZHEAKO,4.5,6
B001FAYG3G,4.0,6
B002VQXBB6,4.166666666666667,6
B001M92MW2,4.333333333333333,6
B00GWBZH86,4.0,6
B008LYGJSE,4.833333333333333,6
B005P1HZ16,5.0,6
B000XE0SUA,4.5,6
B00309WKHY,4.833333333333333,6
B001KYVTAK,5.0,6
B007EHFL38,4.833333333333333,6
B00021D9A0,4.0,6
B00415DC6Y,4.166666666666667,6
B001F9ALXG,4.666666666666667,6
B005TT8QSK,4.5,6
B000SP75FK,4.333333333333333,6
B0001EKRYO,4.666666666666667,6
B00B9R01K2,4.666666666666667,6
B001MA417A,5.0,6
B001F8K07E,4.0,6
B003E84M54,4.166666666666667,6
B00BEZ6T7I,5.0,6
B0009YDOKU,4.5,6
B003EA6DOA,4.333333333333333,6
B000YZ0WJU,4.166666666666667,6
B000C1UB5Q,4.333333333333333,6
B007HMCYN0,5.0,6
B009AWDHEA,4.0,6
B001M5SOS2,4.0,6
B004KS2R90,5.0,6
B005C7UD3U,5.0,6
B00G9KMYB8,4.166666666666667,6
B0006VS3A2,4.5,6
B004V9CNHY,4.5,6
B0050UVBF8,4.333333333333333,6
B007Q4RCCM,4.0,6
B003IIQUEG,4.0,6
B001FB5I0U,4.5,6
B004XQDWN4,4.833333333333333,6
B001KYVZ0E,4.666666666666667,6
B009IROGH4,4.5,6
B005CSYWLS,4.5,6
B005UST83W,4.333333333333333,6
B001FB5HMO,4.166666666666667,6
B007HNSBD6,5.0,6
B001M8UHXO,4.666666666666667,6
B0009YDOL4,4.833333333333333,6
B00B0RJ3LO,5.0,6
B009I2NSJ6,4.166666666666667,6
B00AL3A8SK,5.0,6
B007FSE33U,4.666666666666667,6
B00ET7LUI6,4.333333333333333,6
B007FRPJRU,4.666666666666667,6
B00B9M9VKI,4.666666666666667,6
B000H3M0YE,4.333333333333333,6
B000R8ZB72,4.166666666666667,6
B000Z1E726,4.333333333333333,6
B002WPBZIM,4.333333333333333,6
B002W5H26G,4.166666666666667,6
B001LRGD3E,5.0,6
B0007D8E1M,4.5,6
B005EX623C,4.5,6
B005EPR7NY,5.0,6
B007PQT7ZG,4.333333333333333,6
B000J54KJ8,4.0,6
B004415ONY,4.833333333333333,6
B00021BVUU,4.333333333333333,6
B0009STN6A,4.0,6
B004KS0P5S,4.5,6
B007FLQF9W,4.333333333333333,6
B003I87A86,4.166666666666667,6
B002W5SV4I,4.0,6
B008L5M8TM,5.0,6
B000R90FLI,4.333333333333333,6
B005TWQZJ4,4.5,6
B0044ZDT14,4.833333333333333,6
B007PLKOZS,4.166666666666667,6
B00C2TDN56,4.666666666666667,6
B000XE31CC,5.0,6
B002W701I0,4.0,6
B007FXHM2E,4.5,6
B000MCXW9W,4.666666666666667,6
B004P911DM,4.5,6
B005EV920Y,4.666666666666667,6
B002WOYV98,5.0,6
B00BLPOGLW,5.0,6
B000Z657AW,4.5,6
B001LQ2960,4.166666666666667,6
B001FQPPBC,4.666666666666667,6
B00CFD1A0Y,4.333333333333333,6
B001FQMN9O,5.0,6
9742496811,5.0,6
B005CROADY,4.833333333333333,6
B001FQ5YW2,4.833333333333333,6
B004530VNO,4.166666666666667,6
B0006ZEW94,4.0,6
B007FV2WEO,4.666666666666667,6
B001LV06ZQ,4.166666666666667,6
B004P14C9K,4.0,6
B002W2HHEQ,5.0,6
B004CVUQ3O,5.0,6
B008L3DI2A,4.5,6
B008P0W6KE,4.666666666666667,6
B00412GI40,4.0,6
B0044YHZ1U,4.666666666666667,6
B0050QM1BK,4.833333333333333,6
B000Z6GMEC,5.0,6
B005CS0DYI,4.166666666666667,6
B001KZ7ICW,4.0,6
B0050QLA9E,4.666666666666667,6
B0050NA8CC,4.166666666666667,6
B004VP1RAM,4.666666666666667,6
B008P6AJ84,5.0,6
B001M163DY,4.0,6
B005TTXOU0,5.0,6
B003IFGID2,4.666666666666667,6
B003F184N6,4.166666666666667,6
B002ZPIGOA,4.0,6
B000EM796C,5.0,6
B00A7LB01A,4.666666666666667,6
B000SAPUSE,4.333333333333333,6
B00L1CALVO,4.166666666666667,6
B00HRN9G8A,5.0,6
B002WPNGY8,4.833333333333333,6
B001G2VSOI,4.666666666666667,6
B004QIE3FA,4.0,6
B004V52RXI,5.0,6
B000CMFQH8,4.5,6
B003XGD1WW,4.333333333333333,6
B001FOR60C,4.666666666666667,6
B001G31LSA,4.166666666666667,6
B001KZMBW4,5.0,6
9788073514,4.833333333333333,6
B000R8YPCO,4.666666666666667,6
B005UHRJZW,4.0,6
B00CYMOBSY,5.0,6
B008L3WK5G,4.5,6
B007HKMG76,4.0,6
B0001C0E7G,4.833333333333333,6
B00EG07BM0,4.0,6
B000QWNL7Q,4.333333333333333,6
B000X8YO8I,4.666666666666667,6
B000MS3XOU,4.333333333333333,6
B00C2NFSAU,4.666666666666667,6
B001GBMCW6,5.0,6
B004FGA09G,4.666666666666667,6
B005XS1EMW,4.833333333333333,6
B00BZTQ03G,4.333333333333333,6
B008HS4HDS,4.0,6
B002TEIDXQ,4.5,6
B002TEEVIC,4.666666666666667,6
B000IXTJHE,4.5,6
B000TTXO0A,4.833333333333333,6
B0031ACR4I,4.833333333333333,6
B00AP8BY4S,4.666666666666667,6
B009GF2C5G,4.833333333333333,6
B000GCWCUI,4.166666666666667,6
B001PIDLCK,4.833333333333333,6
B0077V2P4Y,4.333333333333333,6
B0077UVWOE,5.0,6
B008HS4D1Y,4.666666666666667,6
B003D11QTW,4.833333333333333,6
B004DAXC12,4.166666666666667,6
B0006PJTII,4.333333333333333,6
B004DAYJU0,4.833333333333333,6
B000IXTHZ8,4.5,6
B007NMCM72,4.0,6
B002TGMCHM,5.0,6
B00HSEY8WC,4.833333333333333,6
B000GL5576,5.0,6
B00CX9QMPS,4.333333333333333,6
B003JMWQQM,5.0,6
B00CJUUOYQ,4.166666666666667,6
B007NN35KE,4.5,6
B005XR49V6,4.833333333333333,6
B00B0776OK,4.666666666666667,6
B00AP71KWA,4.666666666666667,6
B001E96LXQ,4.833333333333333,6
B00317TILQ,4.5,6
B005D1UI1W,4.333333333333333,6
B005XR4E2A,4.166666666666667,6
B000EH4N9I,4.166666666666667,6
B004FG9YU2,4.166666666666667,6
B004C0STY8,4.833333333333333,6
B008HT9AL6,5.0,6
B005FYAM0O,4.333333333333333,6
B000M4X1CS,4.5,6
B001E96LD6,4.333333333333333,6
B001E96LBS,5.0,6
B00BA3F2JK,4.333333333333333,6
B002ZG96S4,4.333333333333333,6
B00A8NKWS4,4.666666666666667,6
B0051C1REA,4.833333333333333,6
B000QF6W38,4.833333333333333,6
B005Y1S23C,4.5,6
B00CHOIZAY,4.666666666666667,6
B00EXTLHW4,4.333333333333333,6
B001E81ILC,4.666666666666667,6
B001E812WC,4.333333333333333,6
B000QF6LDE,5.0,6
B002T90SB6,4.0,6
B003JN11D0,4.0,6
B0007D79C2,5.0,6
B00CFYRN3G,4.666666666666667,6
B00KQPFG1C,4.833333333333333,6
B00A5YDBWK,4.5,6
B00CX6NJ20,4.0,6
B0051COCLA,4.166666666666667,6
B0011706FU,4.5,6
B00E9QLZR8,4.5,6
B000IXS43O,5.0,6
B001E91REY,4.0,6
B004FGCYXQ,4.833333333333333,6
B00BNWX3XA,4.333333333333333,6
B0009PB26C,4.166666666666667,6
B000GG8596,4.666666666666667,6
B002TDA9XO,4.5,6
B000N5T2PG,4.666666666666667,6
B007SYXO6S,4.5,6
B0031AL2MG,4.333333333333333,6
B00HCR09VO,4.0,6
B007SYYPS4,4.666666666666667,6
B004L23D8O,4.666666666666667,6
B004L272H2,4.333333333333333,6
604113449X,4.166666666666667,6
B001PLPKSK,4.833333333333333,6
B004OJ36JA,4.833333333333333,6
B000BI4LZG,4.166666666666667,6
B003CYYV10,4.5,6
B009LNZB1K,4.166666666666667,6
B000FD7EEC,4.5,6
B001PMPYNU,4.833333333333333,6
B005Y0QWNK,4.166666666666667,6
B001E8IRV6,4.666666666666667,6
B003D21ENE,4.666666666666667,6
B003D24HTM,4.833333333333333,6
B00519AZ6O,4.833333333333333,6
B00GEYZWAO,4.833333333333333,6
B00AX2JKSS,4.666666666666667,6
B00BU6UE04,4.333333333333333,6
B00EA5B9I8,4.0,6
B009D3YK88,4.666666666666667,6
B003156OI8,5.0,6
B0078DXLI0,4.333333333333333,6
B001ECQ34U,5.0,6
B00D5VCRN4,4.333333333333333,6
B001ECQ2YG,4.666666666666667,6
B003W93NPU,4.333333333333333,6
B00078XK3E,4.333333333333333,6
B000M5DQK4,4.5,6
B003HOSP2Q,5.0,6
B000TN9QPI,4.5,6
B000QI8BVG,4.166666666666667,6
B001EC0UIK,4.666666666666667,6
B000N53QFS,4.166666666666667,6
B003FCIT3U,5.0,6
B00112FMB8,4.333333333333333,6
B000YFFZ0G,4.0,6
B0078H56VQ,4.333333333333333,6
B008I3MLSU,5.0,6
B003D80204,4.333333333333333,6
B00AN8THIA,4.666666666666667,6
B001KYNVNS,4.0,6
B0050GEEJM,4.166666666666667,6
B00A6D46MO,4.333333333333333,6
B001ECQ4Q2,5.0,6
B00AM0ZQKC,4.0,6
B008I33DQ4,4.666666666666667,6
B004L1E5UA,5.0,6
B005AYLSPM,4.333333333333333,6
B000CNKIUC,4.666666666666667,6
B005SW67WK,4.0,6
B000YFZAWY,4.666666666666667,6
B00BTIM5ZK,4.666666666666667,6
B004FEV6SM,4.5,6
B003156NMK,4.666666666666667,6
B000M5AKBM,4.5,6
B003D7FXFO,4.666666666666667,6
B000YEK61A,4.166666666666667,6
B000QGI5EG,5.0,6
B004C0X45C,4.833333333333333,6
B001E96O10,4.333333333333333,6
B001PAKVAI,4.5,6
B005XQIJCM,4.333333333333333,6
B00GQIEFII,4.5,6
B001E96NX4,4.833333333333333,6
B00CJSGG72,4.666666666666667,6
B0098T4ZYG,4.5,6
B001PAQSJG,5.0,6
B002ZGZQ8S,4.333333333333333,6
B002TK36AU,4.833333333333333,6
B000GCWEGA,4.666666666666667,6
B00G2IXX0I,4.333333333333333,6
B00D60WKEU,5.0,6
B00HOD8IXM,4.666666666666667,6
B007IVRGEW,4.666666666666667,6
B004KEOHKQ,5.0,6
B00GQH07BS,5.0,6
B0098S8E8A,4.833333333333333,6
B000TRW5I4,4.833333333333333,6
B00784OKW0,4.166666666666667,6
B008MIQ4W0,5.0,6
B00AATKHRC,4.0,6
B002TKZ3HO,4.166666666666667,6
B001P7DQLW,5.0,6
B001KYCUTE,4.833333333333333,6
B001GAOGYO,4.666666666666667,6
B001P85OES,4.5,6
B00315RDWO,4.5,6
B001P8PTPM,4.5,6
B000TNREPW,5.0,6
B00EA5AM1I,4.166666666666667,6
B002TLUFEY,5.0,6
B007SPGLOO,4.833333333333333,6
B000BYTKQU,4.5,6
B00016X8MK,4.5,6
B000QGR20Y,4.0,6
B00112XIVE,4.0,6
B004E630WG,4.833333333333333,6
B008MIFO94,4.666666666666667,6
B003W4WD10,4.666666666666667,6
B0045OG8UI,4.666666666666667,6
B001E7BAWU,4.833333333333333,6
B002T7F4XK,4.0,6
B000TBW6AC,4.333333333333333,6
B007NI6I12,4.0,6
B000FLIISU,5.0,6
B00CEAZ9LE,4.0,6
B001E6UTYG,4.166666666666667,6
B00BFXJQFQ,4.666666666666667,6
B0051HAZNO,4.833333333333333,6
B003CQE5LE,4.666666666666667,6
B009G81OMU,4.833333333333333,6
B000U1SUCO,4.333333333333333,6
B0011DJE3O,4.0,6
B00016WR9U,4.666666666666667,6
B004OH74YK,5.0,6
B007TAUR3O,5.0,6
B008RBRIFE,4.333333333333333,6
B003JN6I0G,4.166666666666667,6
B005AII23O,4.166666666666667,6
B001Q9OL6I,4.833333333333333,6
B00AWSI494,4.0,6
B000WXJ416,4.5,6
B000WXHK0S,5.0,6
B00B8UCPGI,4.666666666666667,6
B00JUAA8US,4.833333333333333,6
B00HFDOZIS,4.5,6
B005AIPHH8,4.166666666666667,6
B00AJ4DVVW,4.333333333333333,6
B00APBJOKQ,4.166666666666667,6
B00CK8XBPG,4.166666666666667,6
B007JAOBZY,4.833333333333333,6
B0031KMB8A,4.666666666666667,6
B0051GKUFS,4.333333333333333,6
B005YP854O,4.666666666666667,6
B003HLLURQ,4.333333333333333,6
B004KN2SLW,4.333333333333333,6
B0011DHW3I,4.5,6
B0040PVXZ2,4.333333333333333,6
B000BYQ3JM,5.0,6
B003CR2YCA,4.0,6
B000U0E9YI,4.5,6
B001GIOUZ6,4.0,6
B000RNINKE,4.166666666666667,6
B0011DJ6Q4,4.666666666666667,6
B005YQ46SM,4.166666666666667,6
B000GCW38Y,4.833333333333333,6
B004BUNQ9C,4.0,6
B001Q5VZJS,4.833333333333333,6
B00772QSQO,4.833333333333333,6
5357956111,4.666666666666667,6
B001QB2F7I,5.0,6
B000QAEYK6,5.0,6
B00APEJE1M,4.0,6
B00G0YENZI,5.0,6
B002ZDYDYY,4.833333333333333,6
B00EKU1VB8,4.5,6
B009M7MNCU,4.666666666666667,6
B005Z1LP6M,4.166666666666667,6
B007JD4BWO,5.0,6
B00D6X03MI,4.333333333333333,6
B000Q965CC,4.166666666666667,6
B00BZXCY1Y,4.0,6
B0097W4JZO,4.5,6
B0097W994A,4.666666666666667,6
B00G0U1PR6,5.0,6
B008MOF5CE,4.833333333333333,6
B005G7UOLM,4.0,6
B00J41XDY6,4.333333333333333,6
B001E5H0YO,4.5,6
B0011E1O9U,4.166666666666667,6
B001KKJA0K,4.833333333333333,6
B001E6OCDU,4.666666666666667,6
B000YB8B3S,4.833333333333333,6
B003YMDC5G,4.333333333333333,6
B0051I4KUM,5.0,6
B005YTGI1C,4.0,6
B00AN5TRKG,4.833333333333333,6
B0011DN2LO,4.5,6
B00E94ZCNS,4.5,6
B000YBL2FM,4.666666666666667,6
B001KNA09M,4.333333333333333,6
B001QD4QAA,4.666666666666667,6
B002XQ1S5K,4.333333333333333,6
B0041L60R6,4.0,6
B004OH4ZEC,4.333333333333333,6
B00025G1OC,4.166666666666667,6
B004USSIJI,4.5,6
B00CKGGA8I,4.5,6
B000FKGIHE,5.0,6
B0031NHPM4,4.333333333333333,6
B002SVFROI,4.666666666666667,6
B005OK1XZ2,4.833333333333333,6
B0041TFL8M,4.0,6
B001E7286C,4.333333333333333,6
B002XQ1R5G,4.666666666666667,6
B00GPP4RIU,4.166666666666667,6
B00BMR1BQC,5.0,6
B001E77MKE,4.166666666666667,6
B000C1W6EU,5.0,6
B00117YTOY,4.666666666666667,6
B000RMNXVY,4.833333333333333,6
B001GFBN4K,4.333333333333333,6
B00AATN2II,4.333333333333333,6
B005SOJI6U,5.0,6
B001PTFVUO,4.833333333333333,6
B000N66D4S,4.333333333333333,6
B001E76FB6,4.5,6
B003FIWZIO,4.333333333333333,6
B004VFCSW8,4.833333333333333,6
B003FJ10IE,4.666666666666667,6
B007J73KUE,4.333333333333333,6
B0009OMNVQ,4.166666666666667,6
B007T2A9LW,5.0,6
B000N773LE,4.833333333333333,6
B002T5JDZW,5.0,6
B000BHTI9G,4.0,6
B001PSJZIY,4.5,6
B005G4GACW,4.833333333333333,6
B002XO9XYK,4.0,6
B007SZ7Y90,5.0,6
B001E7B92Q,4.5,6
B0043RO1U6,4.5,6
B004FH8B00,4.5,6
B001KT4RKE,4.5,6
B000FL9EM4,4.333333333333333,6
B005SQQF4Q,4.666666666666667,6
B005YB42A4,5.0,6
B001PQSJQK,5.0,6
B004VTW1GC,4.166666666666667,6
B00B8VVD6K,5.0,6
B007J3133E,4.666666666666667,6
B005YB42HC,4.833333333333333,6
B001PRF5U2,4.5,6
B001KPR5Z2,5.0,6
B000MTCSBI,4.0,6
B000M3VR7U,5.0,6
B001E77NYE,4.833333333333333,6
B008HHUCGA,4.166666666666667,6
B001E76C2S,4.666666666666667,6
B001PTFWYE,5.0,6
B00118UCUS,4.333333333333333,6
B002T40BGI,4.666666666666667,6
B007J7M370,4.0,6
B001KOTQKU,5.0,6
B001KOTQF0,4.5,6
B00119TXSO,4.666666666666667,6
B001PW4AF8,4.666666666666667,6
B005YJ3KBI,4.833333333333333,6
9790789157,5.0,6
B005YNAULW,4.333333333333333,6
B00D6JTPXK,5.0,6
B003JN50Q4,4.166666666666667,6
B000JL3VQU,4.333333333333333,6
B001E76BB0,4.166666666666667,6
B000JEYLAC,5.0,6
B00445QY1G,4.333333333333333,6
B0051G9YTQ,5.0,6
6022600685,4.333333333333333,6
B004BUZYSI,4.333333333333333,6
B0031KG942,4.5,6
B00AZNCZPK,5.0,6
B00E9DT30W,4.333333333333333,6
B0011DHETK,5.0,6
B001E729U2,4.5,6
B00G1977AK,4.166666666666667,6
B001E766HO,4.333333333333333,6
B000BOA2J4,5.0,6
B002T5CXE0,4.166666666666667,6
B009LUSCVE,4.166666666666667,6
B009LVEFFK,4.5,6
B0077DAQSY,4.5,6
B001PTFY1K,4.333333333333333,6
B004BVDXW6,4.666666666666667,6
B00118Y4OI,4.0,6
B000TZWXNI,5.0,6
B002XQ1R3I,5.0,6
B00CK5SKHS,4.166666666666667,6
B00BSE4HXI,4.833333333333333,6
B008HD0P3Y,4.833333333333333,6
B00APB970S,5.0,6
B005OL0YLA,5.0,6
B002T5GDPK,4.166666666666667,6
B005G48F0C,4.333333333333333,6
B007J7M2QW,4.666666666666667,6
B0077CL7J2,4.5,6
B001E767W8,4.333333333333333,6
B0077C1XPK,4.333333333333333,6
B00AN77KWG,4.166666666666667,6
B001E767EQ,4.666666666666667,6
B002TV5YMW,4.166666666666667,6
B009LDBO0W,4.666666666666667,6
B005FTH3W4,4.0,6
B000GG29QG,4.333333333333333,6
B001ET70DG,4.666666666666667,6
B003I1D69U,4.5,6
B000TFSBW0,4.0,6
B003F8USGU,4.666666666666667,6
B00BNLO82G,5.0,6
B00BL0AFKS,4.5,6
B0045KC85G,4.833333333333333,6
B004KZH7ZW,4.5,6
B008OLJ8OQ,4.666666666666667,6
B007AKYK9A,4.0,6
B008QCXNNA,4.166666666666667,6
B001ET6Z3M,4.333333333333333,6
B000BO8ON0,4.666666666666667,6
B007RQ3MRS,4.166666666666667,6
B004ZYGS5I,4.666666666666667,6
B004D93V82,5.0,6
B001ET6YF6,4.0,6
B005EII9DI,4.833333333333333,6
B003WP1QS0,4.333333333333333,6
B001ET6Y8I,4.5,6
B003F8USE2,4.666666666666667,6
B0001EL0LI,4.333333333333333,6
B001O7I23A,4.666666666666667,6
B00BFIS7P6,4.666666666666667,6
B002UL828E,4.666666666666667,6
B009CNCIVK,5.0,6
B000X46S4A,4.666666666666667,6
B005WJK91O,4.666666666666667,6
B000QV2G14,4.333333333333333,6
B0043WADAI,4.333333333333333,6
B001O71ATI,4.666666666666667,6
B000MUWSM6,4.833333333333333,6
B0041RD3EI,4.5,6
B000H3CLUC,4.666666666666667,6
B004XMT9J4,4.833333333333333,6
B0030MNZA2,4.166666666666667,6
B0006SDR1U,4.666666666666667,6
B000GCWPZK,4.166666666666667,6
B003DQOQNA,4.166666666666667,6
B001KYQ806,4.5,6
B000S83P1U,4.666666666666667,6
B003I2ANKY,4.333333333333333,6
B001O852T6,4.5,6
B001KYQ7WA,4.0,6
B000FL21OW,4.333333333333333,6
B008J2GP9G,4.166666666666667,6
B00HG51S1C,4.166666666666667,6
B001O99ZXE,4.166666666666667,6
B002ZJWDA4,4.666666666666667,6
B003DNIHFG,4.333333333333333,6
B000JL5VSG,4.666666666666667,6
B003WOSASK,4.5,6
B001G7Q0CI,4.666666666666667,6
B001ESKM8W,5.0,6
B00BKZQLJS,4.166666666666667,6
B005WOIVXC,4.333333333333333,6
B003FBJFB6,4.5,6
B007IIIAQS,4.333333333333333,6
B002UH6U1O,4.166666666666667,6
B000H702NQ,4.166666666666667,6
B004F8CZKG,4.0,6
B000M8VOHS,4.5,6
B003WMV2FA,4.166666666666667,6
B009KT9L9S,4.833333333333333,6
B007A4LGNO,4.833333333333333,6
B005BID6XY,4.5,6
B007A4LETU,4.166666666666667,6
B002UFZ8CI,4.333333333333333,6
B0009VNJ2Q,5.0,6
B001O9EGP6,4.833333333333333,6
B007AILVR6,4.666666666666667,6
B003WOXNRS,4.5,6
B002UJMVHY,4.666666666666667,6
B001OA7HVA,4.5,6
B0010XKI4O,4.833333333333333,6
B0010XKKQ0,4.166666666666667,6
B005TA0UJW,4.833333333333333,6
B001ET6XGQ,4.5,6
B0030SXMRM,5.0,6
B00IM2033M,4.166666666666667,6
B000RJHHI2,4.666666666666667,6
B008IX6RLW,4.833333333333333,6
B00021WAF0,4.0,6
B001ET6WS0,4.333333333333333,6
B00021WBGI,4.333333333333333,6
B00515GS2I,4.833333333333333,6
B000QUZ8OM,4.333333333333333,6
B008MB1XGE,4.833333333333333,6
B005EII3NY,4.5,6
B001G7PZUQ,4.333333333333333,6
B005EII3L6,5.0,6
B007ABHA78,4.0,6
B009KLWS0U,4.333333333333333,6
B008Q8XN2K,4.666666666666667,6
B001G7PWQS,4.833333333333333,6
B004QWPAPS,4.5,6
B001O15F4A,5.0,6
B00512VDW6,4.5,6
B002UTRAUM,4.5,6
B004CDRVUI,4.666666666666667,6
B000186XAM,4.0,6
B0099O2A06,4.5,6
B003WVWMD2,4.166666666666667,6
B004V42G1M,4.333333333333333,6
B00BTWB1UQ,4.666666666666667,6
B00CF1BL4Q,4.5,6
B0001EKYKG,4.5,6
B000186X8Y,4.333333333333333,6
B003JBRSV6,4.333333333333333,6
B001ET782Y,4.833333333333333,6
B008JBGWCC,4.666666666666667,6
B00021VZNS,4.166666666666667,6
B003DV70Z6,5.0,6
B001G7PTSO,4.5,6
B007AWOF52,4.333333333333333,6
B00HG5Z7UK,4.666666666666667,6
B007RO0OEO,4.5,6
B003F8QNSM,4.666666666666667,6
B009KCXG32,4.5,6
B008M9VBHW,4.5,6
B001O290FE,5.0,6
B009K98AWM,4.666666666666667,6
B0099RFLZY,4.166666666666667,6
B001ET72O8,4.333333333333333,6
B005BTLA8Q,5.0,6
B000MV0KU2,4.333333333333333,6
B001ET7ADG,4.5,6
B0043WSG3E,4.333333333333333,6
B001ET7A7M,5.0,6
B001G7PSTO,4.5,6
B001NYP5HA,5.0,6
B00GXY8ORS,5.0,6
B0001EKYJM,4.5,6
B005VZXC3G,4.666666666666667,6
B0001EKYJW,4.333333333333333,6
B00D4LYWGU,4.166666666666667,6
B007B2FRIA,5.0,6
B007RMF5AY,4.333333333333333,6
B008JE1Q1Q,4.333333333333333,6
B000QVDLI6,5.0,6
B004F5AKB0,4.333333333333333,6
B000TBY2TU,4.5,6
B005VZY58C,4.666666666666667,6
B004KXEZTU,4.833333333333333,6
B0010NJO4E,4.333333333333333,6
B005BSQNFW,4.333333333333333,6
B007RMWV24,4.833333333333333,6
B005TIHE2A,4.0,6
B000QVDG18,4.166666666666667,6
B002USC9FE,5.0,6
B00D50FHQ4,4.166666666666667,6
B008JA7XOO,4.0,6
B001ET76GM,4.166666666666667,6
B00D58IH0E,4.333333333333333,6
B00G49LZVE,4.666666666666667,6
B00HYVRTAC,4.833333333333333,6
B001G7PWAY,4.666666666666667,6
B00D1H6NHI,4.166666666666667,6
B002ULULXI,5.0,6
B00EVX8IV0,4.0,6
B005FIN3O2,4.5,6
B0009YDOGE,4.5,6
B000YJCJII,4.666666666666667,6
B001O2SEOM,4.833333333333333,6
B00BEWW5FQ,5.0,6
B000TDEJ0A,4.166666666666667,6
B00CEXAOBQ,4.333333333333333,6
B000TDFNFU,4.166666666666667,6
B000XE7R2C,5.0,6
B001ET731K,4.833333333333333,6
B003I2SMM0,4.666666666666667,6
B004E8SPTM,4.333333333333333,6
B005BQ7IF8,5.0,6
B00B9Z27XS,4.666666666666667,6
B00514CDMI,4.833333333333333,6
B003WRRL14,4.0,6
B004QECBBW,4.166666666666667,6
B000JBY3CG,4.5,6
B001O2UMLK,4.166666666666667,6
B000MUZG66,4.666666666666667,6
B009KF8SA0,4.666666666666667,6
B0010QMBP0,5.0,6
B002X8Y4OK,4.833333333333333,6
B001KYQE3M,5.0,6
B004KXIF1Y,4.166666666666667,6
B0044UH7TE,5.0,6
B003XQQZSY,4.833333333333333,6
B000YJN6XK,4.333333333333333,6
B005FH2S6M,4.166666666666667,6
B009KH6HE2,4.333333333333333,6
B005W5ILV8,4.333333333333333,6
B0006TQZJK,5.0,6
B005W5MJK2,4.333333333333333,6
B000TD2QPK,4.333333333333333,6
B001ET777A,5.0,6
B000N2N52U,4.5,6
B005W64S78,4.333333333333333,6
B00ALWWE24,4.166666666666667,6
B004F80HYM,4.833333333333333,6
B00513JLME,4.833333333333333,6
B00B05IUEW,4.833333333333333,6
B004QX83YC,4.0,6
B005TI2AMY,4.5,6
B0006SN15M,4.166666666666667,6
B001KYQ0UE,4.666666666666667,6
B000N2ONOY,4.666666666666667,6
B001G7Q0HS,4.333333333333333,6
B003WGZTL4,4.0,6
B002ZJ5PNQ,4.666666666666667,6
B00017UZ5M,4.833333333333333,6
B00D5FG91G,4.333333333333333,6
B000QTBP04,5.0,6
B00BSN2N2G,4.0,6
B004R15R06,4.166666666666667,6
B00BEUB0Z4,4.5,6
B001OUISAO,5.0,6
B0011293FY,4.5,6
B004R1DQ18,4.666666666666667,6
B001OXKXUY,5.0,6
B008MCHTPC,4.833333333333333,6
B001G8KC2G,4.333333333333333,6
B000JWIKFG,4.0,6
B000JWKB1C,5.0,6
B001G8KN9I,4.666666666666667,6
B005OS92IY,4.666666666666667,6
B001G8LVEY,4.5,6
B002U2DG48,4.0,6
B000N3PF7M,4.0,6
B00BSN2LX2,4.166666666666667,6
B00791E8QK,4.5,6
B00AZO03YE,5.0,6
B001KYNZJ8,4.833333333333333,6
B00B3CU6XU,5.0,6
B001OSM550,5.0,6
B00ALZZYN2,5.0,6
B008MCHF38,4.333333333333333,6
B00017UZ84,5.0,6
B00A6IJOVW,4.5,6
B000GEJR8G,4.833333333333333,6
B000FL22DC,4.833333333333333,6
B00417X67W,5.0,6
B00CXG1OHW,4.333333333333333,6
B00EWONZA2,4.333333333333333,6
B002U6DIPQ,4.166666666666667,6
B004FCMLKG,5.0,6
B0045KJUCK,4.833333333333333,6
B004FCW3B8,4.333333333333333,6
B008IEFREO,4.0,6
B000IZA6WY,4.166666666666667,6
B00995N1XA,4.166666666666667,6
B004L0D9K8,4.5,6
B001EJOQ4C,5.0,6
B002XITXWS,4.666666666666667,6
B004OLTJEY,4.666666666666667,6
B00D5DSMOK,4.333333333333333,6
B000BWP2A0,4.166666666666667,6
B00EX9L33C,5.0,6
B003DDNQ02,4.666666666666667,6
B000C1Z6T2,4.5,6
B001G8WF0I,4.333333333333333,6
B001KYNWSW,4.833333333333333,6
B00HXM095E,5.0,6
B001ECSNW0,4.5,6
B004C3GHXA,4.833333333333333,6
B00KRLLUWO,5.0,6
B00112B9Q0,4.666666666666667,6
B003YKT25W,4.666666666666667,6
B001ECQ7S2,4.833333333333333,6
B005XCE8J4,5.0,6
B001ECQ5UC,5.0,6
B0078RAX82,4.333333333333333,6
B000TKS404,4.5,6
B003XT35VQ,5.0,6
B005B0XBWI,4.333333333333333,6
B003WCBD18,4.666666666666667,6
B007SH4O32,5.0,6
B001ECQ5CK,5.0,6
B001ECQ5C0,4.666666666666667,6
B003WC4EU0,4.5,6
B001ECQ57A,4.666666666666667,6
B001P4SGH4,4.666666666666667,6
B001ECQ53O,4.666666666666667,6
B00112BU2S,4.166666666666667,6
B008QYEUQM,4.0,6
B003JKDHYE,4.666666666666667,6
B004FED85G,5.0,6
B00022GEA6,4.166666666666667,6
B00312D5U6,5.0,6
B00EAQSKL6,4.166666666666667,6
B000JL5PDC,4.333333333333333,6
B000QSN5WQ,4.833333333333333,6
B000CFRM90,4.833333333333333,6
B005FRIJPQ,4.333333333333333,6
B0078YVKIC,4.0,6
B00GQTN614,4.666666666666667,6
B001KYNYYO,5.0,6
B002TXLLGI,4.833333333333333,6
B00GYEO098,5.0,6
B000TKM3YC,4.0,6
B004FE76U4,5.0,6
B00A8KDYIC,4.333333333333333,6
B002XITYUE,4.833333333333333,6
B00AJUJ0MK,4.333333333333333,6
B000C1UD7C,5.0,6
B002TXHUG8,4.833333333333333,6
B009L93M92,4.833333333333333,6
B004C3RVVC,4.333333333333333,6
B003FBRVJ4,4.166666666666667,6
B004R61UPM,4.166666666666667,6
B005X6N1PW,5.0,6
B00EWNOLPG,5.0,6
B001ES8GE4,4.333333333333333,6
B007IJOG0Q,5.0,6
B005WWALFA,4.5,6
B00BNQLYZA,4.0,6
B004E7QAQ8,4.833333333333333,6
B008IJO3SK,5.0,6
B004ZS7CEK,4.666666666666667,6
B008QIHL96,5.0,6
B00C2S9LQ2,4.333333333333333,6
B001EPAG5O,4.166666666666667,6
B000YHUT2I,4.166666666666667,6
B004KEOD6Y,4.666666666666667,6
B000MUS35M,4.833333333333333,6
B001EOKJY8,4.333333333333333,6
B003HV0OLO,4.333333333333333,6
B004L073IW,4.333333333333333,6
B003HUYO0C,4.666666666666667,6
B005T700KO,4.166666666666667,6
B0079O55HI,4.833333333333333,6
B000YHRB2O,5.0,6
B003YD5O9C,4.0,6
B005WW9FGG,4.0,6
B003JEL4Y0,4.833333333333333,6
B00EBC1P84,5.0,6
B001G7Q0IM,4.833333333333333,6
B0041RL4LW,5.0,6
B004XIILNI,4.833333333333333,6
B000M8OXFS,4.0,6
B007O0J8RU,4.166666666666667,6
B001KYPZWI,4.0,6
B00CEQWRN6,4.166666666666667,6
B009KUG8WK,4.833333333333333,6
B00G3KRHPC,4.5,6
B00EW6RVG4,5.0,6
B007O0GQPC,4.666666666666667,6
B00HF8T7KY,4.833333333333333,6
B000JVDDNQ,4.833333333333333,6
B00CZBGZZ6,4.5,6
B00AJZOA8O,4.333333333333333,6
B004OP8WOS,4.166666666666667,6
B002UEMRWS,4.166666666666667,6
B000YHUUX6,4.0,6
B004X8KIH0,4.5,6
B007A0HVCS,4.833333333333333,6
B0010ZYM26,5.0,6
B0030UT4ZE,4.166666666666667,6
B004OOMQ1Y,4.666666666666667,6
B00CHQR9W2,4.333333333333333,6
B000TJGPGU,4.833333333333333,6
B000QU4UAU,4.333333333333333,6
B004V3PYIK,4.833333333333333,6
B000RKZ5F8,4.833333333333333,6
B005BA5C70,4.833333333333333,6
B0006PS3WQ,5.0,6
B008MCH6QE,4.666666666666667,6
B003JIXPW0,4.166666666666667,6
B0007PAY18,4.166666666666667,6
B002ZJ7MRS,4.666666666666667,6
B000N38PEC,4.0,6
B000IZBW90,5.0,6
B001OOTZE8,4.0,6
B001KYO2WC,4.0,6
B001EKVJKU,5.0,6
B003JJ4BH2,4.0,6
B0079HNSGK,4.333333333333333,6
B00EWNOLLK,4.333333333333333,6
B007S62ON0,4.5,6
B002UAAJVI,4.333333333333333,6
B00CJGK800,4.0,6
B002UA7RO0,4.166666666666667,6
B00GYB2V2E,5.0,6
B008MCGWZK,4.333333333333333,6
B005X0KYTO,4.0,6
B004E7MKNK,4.166666666666667,6
B000X23UZM,4.5,6
B00110S3PW,5.0,6
B007IKVLHG,4.666666666666667,6
B004V3QI9Y,4.5,6
B005BEGMNY,4.5,6
B007S3HXX4,4.5,6
B00G3I20SS,5.0,6
B001ENB8H6,4.166666666666667,6
B001OMI9G0,4.833333333333333,6
B001OMI9M4,4.5,6
B005X5GFLK,5.0,6
B001OMI9T2,4.833333333333333,6
B004K119DW,4.833333333333333,6
B00EWLBAAW,4.666666666666667,6
B005FO9DLI,4.166666666666667,6
B001ELUR48,4.166666666666667,6
B007S3I5ZE,4.833333333333333,6
B00DNK5CSY,4.666666666666667,6
B00CD83H0M,4.666666666666667,6
B00CCWXI6W,4.5,6
B003TOZIN8,4.0,6
B0018QYFD8,4.333333333333333,6
B002LE9446,4.0,6
B000KOWDPQ,4.166666666666667,6
B000OWEZVE,4.333333333333333,6
B0029TU81Q,5.0,6
B00BCN8YAM,4.833333333333333,6
B004N8L0U4,4.666666666666667,6
B000HKVQOW,4.333333333333333,6
B00B1YX5JW,4.166666666666667,6
B0035GO584,4.833333333333333,6
B0014C9SWO,5.0,6
B006Q4MS5Y,5.0,6
B000NUPKDE,5.0,6
B00AV1N3XE,4.833333333333333,6
B004YRDR96,4.666666666666667,6
B0002RSW3I,4.0,6
B000NUODGO,4.166666666666667,6
B005664AFO,4.333333333333333,6
B00915D624,4.666666666666667,6
B0018QQ0YA,4.666666666666667,6
B0018QR9F4,4.166666666666667,6
B008AJABNE,5.0,6
B009ZKRHWA,5.0,6
B00JF82JDO,5.0,6
B009T8BTHM,4.5,6
B000W0VAKW,4.5,6
B000W0VAVQ,4.5,6
B0069CYL5I,4.166666666666667,6
B00CBD7SR2,4.666666666666667,6
B006QG8F3G,5.0,6
B008VFZ4IY,4.166666666666667,6
B005J68CSC,4.5,6
B00569RRRO,4.333333333333333,6
B00AD10ZRE,5.0,6
B0069CJY1Y,4.833333333333333,6
B000NTYWC0,4.166666666666667,6
B0029PVFY4,4.666666666666667,6
B0083H8ASG,4.166666666666667,6
B0035FZS0Y,4.5,6
B000NTZE0O,4.833333333333333,6
B003ODNZUM,5.0,6
B000B9L5Q8,4.166666666666667,6
B00JF5E3IQ,5.0,6
B0038F0Q8A,4.5,6
B004Z7X9UW,4.666666666666667,6
B00GIWPK2W,4.333333333333333,6
B0014CB7UA,4.166666666666667,6
B000NURO7E,4.333333333333333,6
B009TBLOQ0,5.0,6
B00069D82M,4.333333333333333,6
B0018P89JU,4.833333333333333,6
B000GVTCQG,4.0,6
B008AFCE8I,5.0,6
B0049J3P96,4.166666666666667,6
B0014E3Z80,5.0,6
B000OV09F6,4.666666666666667,6
B004IFLQ74,4.666666666666667,6
B002A4Y34I,4.166666666666667,6
B009TNY3FC,5.0,6
B000W0CK10,4.666666666666667,6
B00B5ZZJ3W,4.0,6
B00BPML434,4.666666666666667,6
B006PK1RTC,4.333333333333333,6
B000C1VXIA,4.166666666666667,6
B0009ET5HQ,4.333333333333333,6
B004747DU0,4.5,6
B000HLAH28,4.333333333333333,6
B00AYPZM2W,4.166666666666667,6
B000OUW1B2,4.166666666666667,6
B002ABMN48,4.0,6
B000C213VG,4.166666666666667,6
B0000AJ3Q1,4.0,6
B0000AJ3PW,4.5,6
B000OUVHS0,4.166666666666667,6
B002ABTP8U,4.0,6
B004N6WGG8,4.333333333333333,6
B000KPZ136,4.333333333333333,6
B0083K6AT4,4.333333333333333,6
B0018QHTTU,4.333333333333333,6
B0018QHTJ0,4.333333333333333,6
B00DIGE3EW,5.0,6
B0083KMC32,4.0,6
B0029Y9FZG,4.333333333333333,6
B002A2RKEA,4.666666666666667,6
B000VGS3O8,4.333333333333333,6
B0053AM8G6,4.333333333333333,6
B0018QHY6I,4.5,6
B00GMOFCCO,4.5,6
B0014D08PO,4.5,6
B000053673,4.0,6
B0083LBJQW,4.833333333333333,6
B0002RUOTI,4.666666666666667,6
B00473V9RO,4.0,6
B00CS7CGU0,4.666666666666667,6
B002LE32IK,4.833333333333333,6
B002A08DYS,4.5,6
B005J8YWCK,5.0,6
B00CS709LI,4.333333333333333,6
B0018QE2UY,4.666666666666667,6
B00BUYHVSY,4.833333333333333,6
B000BP1ZMG,4.333333333333333,6
B000OYTHIS,4.333333333333333,6
B0028YOV7E,5.0,6
B008B2204S,4.0,6
B0028YAJMA,4.333333333333333,6
B00AS2VITW,5.0,6
B001965Q5I,4.833333333333333,6
B000VDCNH4,4.166666666666667,6
B001965QG2,4.833333333333333,6
B0082PII9U,4.333333333333333,6
B006QZK6R0,4.166666666666667,6
B008B25JWI,4.166666666666667,6
B004Z8WZEM,5.0,6
B00535946S,4.833333333333333,6
B0002MSGXE,4.833333333333333,6
B00473MG94,4.666666666666667,6
B00FELW1AW,5.0,6
B003O9IGLO,4.333333333333333,6
B002LM3PQ6,4.333333333333333,6
B0083038O4,5.0,6
B00B62W306,4.166666666666667,6
B0000C6HHR,5.0,6
B00147QL4M,4.166666666666667,6
B005J0FNOY,4.0,6
B00HLUUG0Q,4.5,6
B008VDMZ8I,4.0,6
B003O9EFAA,5.0,6
B002LM7YT0,4.666666666666667,6
B0028WAPRQ,4.5,6
B001966SVE,4.166666666666667,6
B0091IN928,5.0,6
B009SSR6M0,5.0,6
B00196S7CC,4.0,6
B008B3M01K,4.0,6
B00FRDPPNM,4.0,6
B002LMBDWO,5.0,6
B0028R4QXK,4.833333333333333,6
B000OZN3XC,4.5,6
B003O5AH0G,4.166666666666667,6
B00196LYVS,4.666666666666667,6
B004700CGQ,4.333333333333333,6
B000VD8W7Y,4.166666666666667,6
B0038NX48Q,4.833333333333333,6
B000VDAE0C,4.833333333333333,6
B000OZF920,4.0,6
B0035BAWNQ,4.333333333333333,6
B000W1VPZ6,4.833333333333333,6
B0006B0W2O,4.166666666666667,6
B008B0F4CA,4.333333333333333,6
B005J23ESY,4.833333333333333,6
B004Z8QPBQ,4.0,6
B004YPMI52,4.833333333333333,6
B004SL67XQ,5.0,6
B000GHWXPC,4.0,6
B000BS4N4K,4.666666666666667,6
B0029F2HLE,4.333333333333333,6
B00699VP6E,4.0,6
B003O9ZMPW,4.5,6
B000C1VTLG,4.5,6
B0018ZS6JI,4.666666666666667,6
B0029L4RAM,4.166666666666667,6
B0014AYDIA,4.333333333333333,6
B003OBZ52U,4.0,6
B0083COXX2,4.166666666666667,6
B0009ET71K,5.0,6
B0083CQ1AA,4.166666666666667,6
B0018XVVS8,5.0,6
B0018X59MM,4.833333333333333,6
B0069A2PJO,4.666666666666667,6
B0029MQ74K,4.333333333333333,6
B000NTIH9O,4.666666666666667,6
B008B059AW,5.0,6
B006QREF0C,4.333333333333333,6
B0029AK9WI,4.333333333333333,6
B00192L0QQ,4.333333333333333,6
B00192LP02,4.833333333333333,6
B005J3P378,4.666666666666667,6
B00FRD8B4W,4.0,6
B00BDGSOL2,4.166666666666667,6
B004SKN8WU,4.833333333333333,6
B00149PUVK,4.5,6
B006988GRQ,4.833333333333333,6
B00192QCMS,4.666666666666667,6
B008336IP2,4.166666666666667,6
B00IXELDMO,4.0,6
B000W0YUF4,4.0,6
B0035D5ZD6,4.0,6
B00DTQV4VG,4.333333333333333,6
B00FEQDKUM,4.666666666666667,6
B005MDMD8M,4.666666666666667,6
B005J5BHU8,4.5,6
B0019204JA,4.166666666666667,6
B0014ATI58,4.166666666666667,6
B00536TIEK,5.0,6
B008AYAKMG,4.833333333333333,6
B00837YGBQ,4.166666666666667,6
B00190MX1O,4.833333333333333,6
B000OYJ8T6,4.0,6
B00COYJ9CU,4.833333333333333,6
B00384E4F2,4.666666666666667,6
B005JAMWSE,5.0,6
B0018O18S0,4.0,6
B0014LVE22,4.0,6
B0018BWLMK,4.333333333333333,6
B00DJ57GHS,4.333333333333333,6
B005JEDX42,4.5,6
B0084AMF74,4.333333333333333,6
B0037V7IYK,4.333333333333333,6
B000BRGR5Y,4.5,6
B006O8PGH4,4.833333333333333,6
B0000942LN,4.166666666666667,6
B009UKS7R4,4.5,6
B0084A5N1E,4.5,6
B00FQ798XC,4.666666666666667,6
B0084BPI36,4.333333333333333,6
B0055U9SU8,4.833333333333333,6
B0018O0J9E,4.0,6
B00DJ5L1BU,5.0,6
B0014M02UQ,5.0,6
B0018BVA4A,4.666666666666667,6
B00FQ1WWHM,5.0,6
B0018BVEK0,4.5,6
B000VYVOAK,5.0,6
B0090NB2I2,4.666666666666667,6
B00GM9XTQ0,5.0,6
B004N0XOLK,5.0,6
B000C235U8,4.166666666666667,6
B002B4JP6S,4.0,6
B00FQ7ELSE,4.0,6
B000I6MNQ0,4.0,6
B002AV192K,4.833333333333333,6
B002ATKAAY,4.833333333333333,6
B00BGTQEKE,4.833333333333333,6
B003OUDDD4,4.5,6
B004N1283O,4.0,6
B000NW0UB4,4.166666666666667,6
B0018CPSMY,5.0,6
B002L6K1GO,4.166666666666667,6
B006OLNI80,4.333333333333333,6
B00ASQFIK8,4.333333333333333,6
B008477AFY,4.333333333333333,6
B004IE7GN8,4.666666666666667,6
B0037XBZ2O,4.166666666666667,6
B0090QG7NE,4.166666666666667,6
B0014L7CSC,4.333333333333333,6
B000KQR8H2,4.5,6
B000VYXT4Y,4.166666666666667,6
B00FQ7J81E,4.333333333333333,6
B00FGAPWSO,4.666666666666667,6
B000VK9YAG,4.833333333333333,6
B00CS3YMYM,5.0,6
B00AF9LVMC,4.666666666666667,6
B001895HSC,4.5,6
B00BVWY21E,5.0,6
B005JFPO0C,4.333333333333333,6
B001897YP6,5.0,6
B0037ONFIK,4.333333333333333,6
B000VXS9Q8,4.666666666666667,6
B0035TVSY0,4.333333333333333,6
B00DSP17D8,4.666666666666667,6
B000NW8A66,5.0,6
B0037O9494,4.0,6
B002BEIDW0,5.0,6
B0090G0258,4.166666666666667,6
B0089WCYOQ,4.666666666666667,6
B006NOGWCM,4.333333333333333,6
B008VVUJIS,4.166666666666667,6
B000HLCMH6,5.0,6
B0035U8BWG,5.0,6
B0014W4414,4.166666666666667,6
B003ZS8MPO,5.0,6
B001881NG8,4.0,6
B0084NCZ4Y,5.0,6
B002KN8ONU,4.666666666666667,6
B006B6S2JI,5.0,6
B000NW84UI,4.0,6
B00FGJJ9OI,4.833333333333333,6
B008VV3UJS,4.833333333333333,6
B000E7WIJU,5.0,6
B0055TA1CS,4.166666666666667,6
B006AZODAC,4.0,6
B003OYXW2W,4.166666666666667,6
B0037P2V7A,4.833333333333333,6
B0002UW30I,5.0,6
B00439L7QU,4.333333333333333,6
B0035RKT2Y,5.0,6
B0055TA3B2,4.833333333333333,6
B0018BTD8U,5.0,6
B00008ZGOO,5.0,6
B0037STKW6,4.0,6
B0014STEMC,4.5,6
B003TJF3N8,4.5,6
B002BADRJ8,4.666666666666667,6
B0055SW988,4.333333333333333,6
B00ADBTJQ2,5.0,6
B000OQCMII,4.166666666666667,6
B009YZPVRO,4.666666666666667,6
B002KRDGJ8,4.333333333333333,6
B004WLK4L8,4.5,6
B00846J15W,4.666666666666667,6
B004TT6TDK,4.666666666666667,6
B000VHTH56,4.5,6
B00AFCMSCQ,4.5,6
B002LDFTEQ,4.5,6
B002ALQOJ8,4.166666666666667,6
B002LDM7SM,4.5,6
B00JEO7J20,5.0,6
B00439W43U,4.0,6
B0083V8SIE,4.5,6
B002AKAKJO,4.833333333333333,6
B0018M8736,4.0,6
B000H0IOTC,4.833333333333333,6
B0035LCZOK,4.166666666666667,6
B000VHTUB2,4.5,6
B006A8RB62,4.166666666666667,6
B0018LL9FA,4.0,6
B008ABBYRE,4.333333333333333,6
B000VHTX46,4.166666666666667,6
B0018LC3WS,5.0,6
B0083WXLLW,4.5,6
B000VZT9BU,4.0,6
B0018N1OWG,4.833333333333333,6
B003TMLSB6,4.0,6
B002ADD8N6,4.333333333333333,6
B002AEMP34,4.833333333333333,6
B004IFHJZC,4.833333333333333,6
B0069VVPZS,4.666666666666667,6
B000I80AV8,4.833333333333333,6
B006PANXY4,4.5,6
B0018N3PA0,4.666666666666667,6
B0035LCSUG,4.666666666666667,6
B0014F6AQS,4.166666666666667,6
B0014F67ZC,5.0,6
B000OUMM8Y,4.5,6
B00AUYQD66,4.166666666666667,6
B0069W9UYK,4.5,6
B004Z6KMGW,4.666666666666667,6
B006P83J54,4.666666666666667,6
B003OMEN8Q,4.0,6
B0018NAK08,4.5,6
B0014FBLDA,5.0,6
B00068T8TK,4.166666666666667,6
B0069YDOPO,5.0,6
B00005371A,4.833333333333333,6
B0002TSAII,5.0,6
B002L9QZ0C,4.0,6
B006OSK42G,4.5,6
B002AMUGH8,4.166666666666667,6
B00H92BYJI,4.833333333333333,6
B0018F0JGG,4.333333333333333,6
B0049D41SQ,4.666666666666667,6
B006OY1KX2,4.333333333333333,6
B0037ZCF94,5.0,6
B000HLALJM,4.833333333333333,6
B002ANLFYK,5.0,6
B0018DNJO2,4.833333333333333,6
B008A61EVU,4.833333333333333,6
B003OSJ7QS,4.0,6
B0014JVBMC,4.0,6
B002AQA5CK,4.833333333333333,6
B000ORV2B0,4.666666666666667,6
B004TT6Z6Q,4.5,6
B003TL0D7M,4.833333333333333,6
B0049BSGIY,4.833333333333333,6
B003TKXF7S,4.0,6
B00846IDIS,4.166666666666667,6
B00380HLS8,4.666666666666667,6
B0000A6060,4.833333333333333,6
B003OQSP72,5.0,6
B002AMUG2S,5.0,6
B0014IQN4Y,4.666666666666667,6
B005JCXXQM,4.0,6
B0018JB9HU,4.666666666666667,6
B000GHWW58,4.666666666666667,6
B0053DNLMI,4.5,6
B0035NJCHQ,4.666666666666667,6
B000NVIFGC,4.5,6
B004TUAQ42,4.666666666666667,6
B00DT6MWQW,5.0,6
B003ZSLIC8,4.166666666666667,6
B000VIEDPO,4.0,6
B009Z645IS,4.333333333333333,6
B003814C1Q,4.666666666666667,6
B0018IXN7U,4.333333333333333,6
B00BR11FLO,4.0,6
B003Z6PYNO,4.666666666666667,6
B002AMUG8M,4.0,6
B00H4I660O,5.0,6
B006OY1MK8,4.833333333333333,6
B004TTXA8W,4.333333333333333,6
B002AMUGC8,4.166666666666667,6
B002AMUGD2,4.5,6
B005341WAA,4.333333333333333,6
B00AFITI6Y,4.166666666666667,6
B00FCO1L7A,4.666666666666667,6
B00KI5UL8I,4.833333333333333,6
B0039BGHWC,4.166666666666667,6
B0039BGHXG,4.666666666666667,6
B006TUS9ZI,4.666666666666667,6
B001A36FIM,4.833333333333333,6
B006TUSURU,4.166666666666667,6
B0046R4QYO,4.0,6
B0056UWEPS,5.0,6
B001A1RU88,5.0,6
B003U4FIY6,4.5,6
B0067YTLTO,4.166666666666667,6
B000E7SUMO,5.0,6
B000FTD5RG,4.166666666666667,6
B0081PO4CG,5.0,6
B0006FRHW8,4.333333333333333,6
B005MPNDG6,4.0,6
B002MNGVVA,4.5,6
B000KKO8SK,4.166666666666667,6
B00HU90RNE,4.166666666666667,6
B008BRELYA,4.666666666666667,6
B00AVRHEEM,4.5,6
B006TWH63M,4.166666666666667,6
B002MW2L6A,4.0,6
B000FT3ZP8,5.0,6
B003Z2JY7K,4.166666666666667,6
B00J8JX92U,4.666666666666667,6
B005MQ5JZS,4.666666666666667,6
B0026PGUYW,4.333333333333333,6
B00DGK99EE,5.0,6
B004WOMZ4E,5.0,6
B008UTQ2M8,4.0,6
B0081KINZK,4.5,6
B008UTQ6V0,4.833333333333333,6
B004GUW3BE,5.0,6
B0039DY3US,4.0,6
B00COGVXNQ,4.333333333333333,6
B001A3UIT4,5.0,6
B0081N9XDI,5.0,6
B0081NLQZG,4.0,6
B008BSXUQE,4.166666666666667,6
B0000Y3FS0,4.0,6
B0013NHSE4,4.166666666666667,6
B000C1VYI4,5.0,6
B000C1VYGG,5.0,6
B008BOC1MW,4.166666666666667,6
B002MBO4JI,4.666666666666667,6
B00B6KVI40,4.0,6
B00684FMZK,4.833333333333333,6
B009SCSDZK,4.833333333333333,6
B002755FQU,5.0,6
B00BIPDG3Y,4.833333333333333,6
B00273WBXC,4.5,6
B0081SFXNC,4.833333333333333,6
B00BCAQFHY,4.333333333333333,6
B00BIPKJZC,4.833333333333333,6
B000FTIWUQ,4.833333333333333,6
B002MA0GA0,5.0,6
B005IUGNM6,4.666666666666667,6
B0043ECMGO,4.5,6
B009SD1LK8,4.0,6
B00A0D6AKQ,4.5,6
B00A0D6AF6,4.5,6
B00CBVJJOE,4.5,6
B004W2ORQU,4.333333333333333,6
B00684WCIK,4.5,6
B0081THNLG,5.0,6
B003U3329A,4.0,6
B006T8QHSG,4.666666666666667,6
B006T8ITSC,4.0,6
B0042I37G0,5.0,6
B0043FRX6W,4.666666666666667,6
B0013QWVKW,4.333333333333333,6
B00FS0Q8GW,4.0,6
B0000Y3CRE,5.0,6
B000H13NA6,5.0,6
B00GMP6FW4,5.0,6
B006TLL4YA,4.666666666666667,6
B009SANLH2,4.333333333333333,6
B001A0WLTW,4.666666666666667,6
B0034XRYFE,4.333333333333333,6
B0013QOJXO,4.666666666666667,6
B00IAC7VP2,4.5,6
B0026X1IKK,4.5,6
B002MKMSU6,5.0,6
B0026YHUY2,4.166666666666667,6
B0052VL15A,4.666666666666667,6
B0026ZN1LC,4.666666666666667,6
B002MGUU4G,4.0,6
B0013ROV1S,4.333333333333333,6
B002705XVC,4.666666666666667,6
B004INXFGG,5.0,6
B00C7TF9DU,5.0,6
B004WOAKC8,4.333333333333333,6
B0052VL9MA,5.0,6
B0019Z8HN2,5.0,6
B00270V5PA,5.0,6
B00270V5RI,4.666666666666667,6
B00DGSCET8,4.833333333333333,6
B003NYN1R4,5.0,6
B0046R09J0,4.5,6
B001ABWQYQ,5.0,6
B003U52CH6,5.0,6
B0034KYDQK,4.0,6
B00CO9QX24,4.0,6
B008UOYVNA,4.666666666666667,6
B00267NQ92,5.0,6
B000V7344G,4.833333333333333,6
B004NHSJMM,4.666666666666667,6
B004NHSJUY,4.833333333333333,6
B0013KBA64,4.833333333333333,6
B0046O9FYS,4.166666666666667,6
B0006GR8M6,4.833333333333333,6
B004NHQVHW,4.5,6
B001ABWP5Q,4.666666666666667,6
B008C2BP20,5.0,6
B00BGG8XEW,4.666666666666667,6
B004W2OQCU,4.333333333333333,6
B001ABP3GE,5.0,6
B005IQ2BCG,5.0,6
B001ABMREA,4.666666666666667,6
B002N2IFP0,4.0,6
B002N293E2,4.166666666666667,6
B00CT9VVWG,4.166666666666667,6
B0039N6UKY,5.0,6
B002N1H0ZM,4.0,6
B00CT9OOQQ,4.166666666666667,6
B000W8HY04,4.333333333333333,6
B0039O3X7G,4.5,6
B00ACC4KPM,4.666666666666667,6
B006UR2DNO,4.166666666666667,6
B0013JXREI,4.0,6
B003NQZIAA,4.0,6
B006UR2BR2,4.5,6
B001ADOU0M,4.333333333333333,6
B003U5PX40,4.166666666666667,6
B00A0P7OT0,4.333333333333333,6
B006UR2E4C,4.166666666666667,6
B00FBLIZZ0,5.0,6
B004GPD818,5.0,6
B0039ORJBC,4.0,6
B00674HALU,4.833333333333333,6
B00AFY83MI,4.333333333333333,6
B0007Z0HYM,4.0,6
B004S8BF9K,4.166666666666667,6
B00J8102Q4,4.5,6
B000HHM338,4.833333333333333,6
B002662AHC,4.333333333333333,6
B006UNKDIU,4.5,6
B00FBNYQW4,4.666666666666667,6
B00266SKDA,4.166666666666667,6
B0034KULWU,4.666666666666667,6
B0013K580S,4.166666666666667,6
B00266X58U,5.0,6
B008UPSOBE,4.833333333333333,6
B000V7AVS8,4.166666666666667,6
B0092228QQ,5.0,6
B006U55XTM,4.666666666666667,6
B00A0IWRPS,4.333333333333333,6
B000E7STD4,4.666666666666667,6
B0000Y8IOQ,4.666666666666667,6
B0013MX100,5.0,6
B003U4LR0A,4.0,6
B0013N1NEU,4.833333333333333,6
B0046QV94K,4.5,6
B000V85TFW,4.666666666666667,6
B0009F3O1S,5.0,6
B001A5YYYM,4.666666666666667,6
B0013N5XAU,4.833333333333333,6
B002MWZG9Y,4.833333333333333,6
B004GTWAMW,4.833333333333333,6
B003U4KHMO,4.166666666666667,6
B0013N9U5E,4.0,6
B000NPBQ6O,4.833333333333333,6
B004ZBM0DU,4.833333333333333,6
B00DV2QODQ,4.333333333333333,6
B00FCCI5DU,4.166666666666667,6
B0043GB9G6,4.666666666666667,6
B004A9TMQA,5.0,6
B00C7Q6HPM,4.666666666666667,6
B00CT5FQ94,4.333333333333333,6
B001A9C3BY,4.666666666666667,6
B000C1VSW6,5.0,6
B003NTJJR0,5.0,6
B001A9FQ2W,4.833333333333333,6
B005IQ5IDA,4.166666666666667,6
B003NTER8Q,5.0,6
B000V7B8QW,4.5,6
B006UFHM0U,4.0,6
B000AMDOU6,4.5,6
B00AFV4NQQ,5.0,6
B0067MPTW4,4.166666666666667,6
B0042GSFT6,5.0,6
B003NTP43S,4.666666666666667,6
B0056ZX16O,4.5,6
B0034MYQ56,4.166666666666667,6
B008US5YH8,4.333333333333333,6
B00FS54JG8,4.333333333333333,6
B005IQ4GH4,4.166666666666667,6
B0002J383U,4.5,6
B000P25800,4.333333333333333,6
B000IEOH9I,4.166666666666667,6
B000V7ODZK,4.166666666666667,6
B0042I55QK,4.5,6
B0019V3G2I,4.666666666666667,6
B0007ZJDR4,5.0,6
B000ANNTHI,4.166666666666667,6
B00DH7DJOM,4.5,6
B00141D33A,4.833333333333333,6
B0056H3LDA,4.5,6
B000BSYQVK,4.166666666666667,6
B002861NQO,4.166666666666667,6
B00285QZZE,5.0,6
B0000E3QL6,4.166666666666667,6
B005IVZ3HG,4.333333333333333,6
B000ANPTYE,5.0,6
B005IUGP2E,4.833333333333333,6
B0091MAY5O,5.0,6
B000W3SVY2,4.5,6
B0091LN6K0,5.0,6
B00142ADF0,4.333333333333333,6
B0038T7V1Q,4.833333333333333,6
B0082AJEDO,4.666666666666667,6
B000HKEYKA,4.833333333333333,6
B000VCQUK6,4.0,6
B000KOI5LC,4.333333333333333,6
B004SI3DFO,4.333333333333333,6
B000VC75O6,4.666666666666667,6
B000ANNSPG,5.0,6
B005IVZ150,4.333333333333333,6
B008BD7W2M,4.666666666666667,6
B00DUK0D6I,5.0,6
B000F4D0XU,4.0,6
B00C7XN1JA,5.0,6
B003ZW2ID2,5.0,6
B000LN3FNU,4.666666666666667,6
B005IVV0QO,4.166666666666667,6
B006RUJKWQ,4.5,6
B002LTKLHK,5.0,6
B00DUJWR22,4.666666666666667,6
B00282CE9I,5.0,6
B00355CS20,4.166666666666667,6
B000NSFVLW,4.5,6
B005IVZ1AU,4.166666666666667,6
B00355EP12,5.0,6
B000H0X1TA,5.0,6
B002835Z8E,4.166666666666667,6
B0019ESVR0,4.5,6
B0052ZGHE6,4.833333333333333,6
B005IVZ2DG,5.0,6
B0002JVML0,4.333333333333333,6
B008233QH6,4.166666666666667,6
B005IVZ2E0,4.5,6
B003O4KE64,4.166666666666667,6
B00142C5RY,4.0,6
B003TTYTM4,4.0,6
B000E7UF2C,4.666666666666667,6
B00CORBW40,4.333333333333333,6
B000GHYP6M,4.333333333333333,6
B000W31ZZO,4.0,6
B009SQEQS4,5.0,6
B002LMHLCA,4.166666666666667,6
B00143V5F6,4.666666666666667,6
B002LMHC3S,4.5,6
B00531SPK8,4.333333333333333,6
B0002LJ1HU,4.833333333333333,6
B008V9JFBM,4.666666666666667,6
B000NT0H4C,4.166666666666667,6
B000W2YKQ6,4.166666666666667,6
B000E7UF4U,4.5,6
B00FRESHQ8,4.5,6
B000BPEEEC,4.5,6
B00COREZKI,4.666666666666667,6
B0082GQY0Y,4.5,6
B00CORLE3O,5.0,6
B0009EXNWE,4.5,6
B0028PKLVS,4.0,6
B00FRDPSDE,4.5,6
B006R3FRCA,4.333333333333333,6
B00B4VH372,4.0,6
B0038OGASQ,4.0,6
B00BR32M5K,4.5,6
B0028CC13C,4.166666666666667,6
B006RGMHZ2,4.166666666666667,6
B00C7Z7MFW,4.666666666666667,6
B005MH68R0,4.833333333333333,6
B004NAVLL0,4.666666666666667,6
B0068Z7388,4.333333333333333,6
B0056GJADQ,4.666666666666667,6
B000VCVQV4,4.166666666666667,6
B00BIO10NS,4.333333333333333,6
B000NSSLBE,4.833333333333333,6
B0002KQFE8,5.0,6
B006RGMJAK,4.666666666666667,6
B0038T17UC,4.333333333333333,6
B0000532TW,4.666666666666667,6
B0056G3BKY,4.666666666666667,6
B0082CJFJ0,4.833333333333333,6
B006RGMDTC,4.833333333333333,6
B00142G3I6,4.166666666666667,6
B000BSO7D2,4.166666666666667,6
B0000532XP,5.0,6
B00DUF7YI8,4.333333333333333,6
B006RFZ8W2,4.5,6
B005IW7QW0,4.666666666666667,6
B001995498,5.0,6
B0082D6CKY,4.166666666666667,6
B00CBLI2QK,4.666666666666667,6
B009SPZHJM,4.5,6
B00A01WZUM,4.833333333333333,6
B000VBDL2C,4.666666666666667,6
B0019GYL90,4.166666666666667,6
B00392HEZU,4.5,6
B00KHYGNDW,5.0,6
B00FRRFVZK,5.0,6
B000IDXLPU,4.333333333333333,6
B00FDNF0CW,4.833333333333333,6
B0019RIZ9G,4.333333333333333,6
B000P227NG,4.666666666666667,6
B002M095AC,5.0,6
B00FRRFW0E,4.5,6
B003O1UAQ6,4.5,6
B0081UALBE,5.0,6
B0081UIU1W,4.5,6
B000GU4M94,4.0,6
B0002JMN22,5.0,6
B00DGY6KII,4.5,6
B00A083DWO,5.0,6
B0019QAY2S,4.666666666666667,6
B006SVOSZS,4.5,6
B000HHX5E4,5.0,6
B006SV7ZQ2,4.5,6
B003Z3CPIO,4.833333333333333,6
B005IUGWD6,4.5,6
B00CSVFNW4,5.0,6
B004NEM2DW,4.833333333333333,6
B002M3O6EY,4.0,6
B00278XY74,5.0,6
B0013THRR6,4.166666666666667,6
B0013THRQW,4.666666666666667,6
B002M429FQ,4.833333333333333,6
B0019RMSBM,4.666666666666667,6
B0000XMQHW,4.5,6
B002M44QNY,4.833333333333333,6
B004INIVSI,4.833333333333333,6
B002M4TQPW,4.833333333333333,6
B006T8BXIK,4.5,6
B004U5HLSA,4.5,6
B0091V6A9E,5.0,6
B000GAN8B2,4.333333333333333,6
B0056PMN3G,5.0,6
B00BW60QUK,5.0,6
B000V9R7VU,4.5,6
B00279VCSQ,4.333333333333333,6
B0039462LU,4.666666666666667,6
B006T5L60I,4.0,6
B00CONS73S,4.5,6
B00IK6UVCI,5.0,6
B006T58ACK,4.166666666666667,6
B008BKI8BO,4.166666666666667,6
B0056NK6NC,4.666666666666667,6
B0027Y75K0,5.0,6
B0000531XR,4.5,6
B0052Z8BH2,4.166666666666667,6
B006SDHNWG,4.333333333333333,6
B008BHB7CE,4.666666666666667,6
B008BHCELW,4.833333333333333,6
B0013XBST0,4.833333333333333,6
B000F4EMOG,4.5,6
B00BCEGLXI,4.666666666666667,6
B008UYTRTI,4.5,6
B00FRLV5RO,5.0,6
B00DUMB3UQ,5.0,6
B008BHSL9Q,4.833333333333333,6
B004Z9PC3W,4.333333333333333,6
B00FDWOIO4,4.666666666666667,6
B0019IJ8VY,4.666666666666667,6
B003552FGO,4.666666666666667,6
B0046VJUOQ,4.0,6
B000HJDMK4,4.833333333333333,6
B00A01X6WS,4.833333333333333,6
B0013Z9ILI,4.5,6
B00AFLCTBC,4.166666666666667,6
B006RVUVPA,5.0,6
B00HVV9VJW,4.666666666666667,6
B0081V0PFA,4.333333333333333,6
B004W2QPWY,4.5,6
B0027IT0DG,4.5,6
B005IUH4O2,4.0,6
B0081WC9CG,4.5,6
B00ARPKV5W,5.0,6
B0081V2GT8,4.333333333333333,6
B004IMD3KA,5.0,6
B0081V1WXE,4.0,6
B00392A55Q,4.666666666666667,6
B00FDPSVKS,4.0,6
B0046VILM8,4.166666666666667,6
B0046VILNW,4.5,6
B000C1VY8E,4.333333333333333,6
B000VA82JA,5.0,6
B00689MYP6,4.166666666666667,6
B0027MKXM4,4.833333333333333,6
B0027NROB6,4.166666666666667,6
B0039285IU,4.5,6
B0039285HG,4.333333333333333,6
B0056KJ94C,4.833333333333333,6
B004SEWJRG,5.0,6
B004LXHQIQ,4.5,6
B003O4BPNA,4.833333333333333,6
B002KN0Q2M,5.0,6
B003TJ6FQ2,4.5,6
B003R0Q7N4,4.5,6
B006FIVEAQ,4.166666666666667,6
B00005NAZI,4.0,6
B0036FXW6U,4.166666666666667,6
B002EMLQ28,4.166666666666667,6
B008X8O2SM,4.5,6
B00375L8QU,5.0,6
B004TGB514,4.5,6
B00H8ADSKE,5.0,6
B0002Z8TNI,5.0,6
B00DPPRD5M,4.666666666666667,6
B0086K96CY,4.833333333333333,6
B002EIHEI2,4.166666666666667,6
B0086LC1IO,5.0,6
B00375L8O2,4.833333333333333,6
B00B1UAM0Q,4.666666666666667,6
B0086LC3KK,4.666666666666667,6
B00C9WSQ26,4.5,6
B002EQQI54,5.0,6
B000E99VRK,4.5,6
B002EQMXIU,5.0,6
B0047KVGDE,4.666666666666667,6
B00BD3RQVE,5.0,6
B006IYVTDE,4.666666666666667,6
B0002Z8TUG,4.333333333333333,6
B00AU2K9FO,4.0,6
B000HP9LUS,4.666666666666667,6
B000O9ERU6,4.333333333333333,6
B008YGX3GA,4.666666666666667,6
B00H79DLKS,5.0,6
B006F6XJJW,5.0,6
B00375L91E,4.833333333333333,6
B002EDITTA,4.666666666666667,6
B002EDAP06,4.833333333333333,6
B003QTWULO,5.0,6
B0054Y4SH8,4.666666666666667,6
B000LBG2L4,5.0,6
B001718LHU,4.666666666666667,6
B002HZXNBO,4.666666666666667,6
B002ED2S2O,4.333333333333333,6
B004WEH9WC,4.333333333333333,6
B00170PCQ4,4.666666666666667,6
B006J4I9AO,4.833333333333333,6
B000VUZWX4,4.333333333333333,6
B00170L9KC,4.666666666666667,6
B003SSNXY6,5.0,6
B00GJYL0SW,4.666666666666667,6
B009XQ6T8Y,4.333333333333333,6
B003QUU1N2,4.333333333333333,6
B002EHBF9W,4.333333333333333,6
B003QWL8GY,4.833333333333333,6
B000B67C4U,4.166666666666667,6
B0016S210W,4.166666666666667,6
B006IYR3AW,4.666666666666667,6
B0054Y3L3K,4.166666666666667,6
B000O7PKZY,4.833333333333333,6
B00FOGWQ8Y,4.0,6
B004TGZ6ZK,4.5,6
B0086XHD4Y,4.666666666666667,6
B003ZKCRW6,4.0,6
B004TGW46Y,4.666666666666667,6
B0054Y2OM4,5.0,6
B000O7PHWK,4.166666666666667,6
B004MK4IMA,4.5,6
B002HMD5LA,4.166666666666667,6
B0016OB1X4,4.0,6
B002HMBUVW,5.0,6
B002F5C2HC,4.0,6
B004MK327M,4.833333333333333,6
B0016O77FK,4.333333333333333,6
B0016O74U8,4.333333333333333,6
B000067ETU,4.333333333333333,6
B0002Z90QS,4.833333333333333,6
B000O8RGQE,4.5,6
B004Z0J8ZY,4.0,6
B000HZDY5G,4.833333333333333,6
B0036G29ZE,4.0,6
B004TOAB1Q,4.0,6
B000FYWX8I,4.666666666666667,6
B0016QCYEC,4.0,6
B00B5LD118,4.333333333333333,6
B0015WNKK4,4.666666666666667,6
B009WI45FM,4.833333333333333,6
B0054G875A,5.0,6
B00375L8K6,4.833333333333333,6
B004Z0J9O4,4.5,6
B000C21BL8,4.666666666666667,6
B00FM49EXI,4.333333333333333,6
B00B5ECW88,4.5,6
B002HQXADO,4.0,6
B004I5VSX6,4.333333333333333,6
B00DMJ92VY,4.166666666666667,6
B0016PW4IO,4.166666666666667,6
B00FOGWTNQ,4.666666666666667,6
B000L3FJMA,5.0,6
B004HX4QSI,4.0,6
B00IOXP5XW,5.0,6
B00AEL2NEG,4.833333333333333,6
B0036FTEG2,4.833333333333333,6
B008YQ6CAE,5.0,6
B0088QGZ6Q,5.0,6
B004M6OQCG,5.0,6
B00433WZVC,4.666666666666667,6
B0085YZZ8K,5.0,6
B000O2NKBK,4.333333333333333,6
B002IBJEIS,4.5,6
B002DUDER6,4.5,6
B0015KKLEE,4.5,6
B000O2NKB0,4.833333333333333,6
B006ENX9TQ,4.166666666666667,6
B008X3PEHU,4.166666666666667,6
B0085ZJADK,4.833333333333333,6
B000OBCQT8,5.0,6
B00HKN4A4M,4.0,6
B00176F2VI,4.5,6
B003QKWT8C,4.5,6
B0036F96R4,4.333333333333333,6
B0002Z8MYE,5.0,6
B00006FE2Q,4.833333333333333,6
B004HR7JYW,4.666666666666667,6
B000VOY4KW,5.0,6
B00375V97S,4.0,6
B00546F7F8,4.5,6
B002IETJBW,4.833333333333333,6
B000VOPDWU,5.0,6
B006END6N0,4.666666666666667,6
B00BQS1O5A,5.0,6
B0085YKI9G,4.5,6
B008X3PCUO,4.333333333333333,6
B000O2LWVU,4.833333333333333,6
B00546EMCC,4.333333333333333,6
B009W8UBRI,4.5,6
B00B59ATRY,4.333333333333333,6
B002IGT4LA,4.833333333333333,6
B0015K7BYW,4.0,6
B00CR942D8,4.166666666666667,6
B0085YKJNQ,4.5,6
B006JUXTAS,5.0,6
B005K85MWS,4.333333333333333,6
B00064CTSQ,4.166666666666667,6
B00ID0AZ2C,4.333333333333333,6
B00CR93ZGI,4.833333333333333,6
B006ENVXKI,4.666666666666667,6
B001782ONU,4.333333333333333,6
B003SUB0UI,4.5,6
B006JU6FK4,4.166666666666667,6
B00175XRMK,4.333333333333333,6
B00175XH7U,5.0,6
B002I6FP9A,4.166666666666667,6
B000VPVG3E,4.166666666666667,6
B00CQ7ZAK0,4.166666666666667,6
B00866AT7E,5.0,6
B009XRFP9C,5.0,6
B009XRM1QC,4.166666666666667,6
B008X688SY,5.0,6
B005LGB14C,4.333333333333333,6
B002E7NHVQ,4.166666666666667,6
B00172YKHY,5.0,6
B00867JZNC,4.0,6
B0036FTE9O,4.666666666666667,6
B004YZBAT2,4.5,6
B0088L0D82,4.333333333333333,6
B00172E51U,4.333333333333333,6
B002I4WZYA,4.0,6
B000O9I2TI,4.666666666666667,6
B000977MK0,4.0,6
B002I3RHSK,4.666666666666667,6
B00C8VLNDM,4.5,6
B006J9NGNO,4.5,6
B004TERPLU,4.333333333333333,6
B0042UIEKW,4.666666666666667,6
B003SSWD7O,5.0,6
B0088O0KNM,5.0,6
B000VPMPAW,4.0,6
B004832O9U,5.0,6
B00FL31W26,4.333333333333333,6
B004WEJ7WC,4.833333333333333,6
B0088P24Z8,4.166666666666667,6
B002E0P2JI,4.166666666666667,6
B000980PF8,4.0,6
B004I6BEMU,5.0,6
B0015MH528,4.833333333333333,6
B00173FWIO,4.166666666666667,6
B004M6Z2EM,4.0,6
B00JC1EVJO,5.0,6
B002I93SJ6,5.0,6
B002E50H0W,4.0,6
B003SSXDUA,4.166666666666667,6
B002E5JF6Y,4.0,6
B00FL3HUHM,4.833333333333333,6
B00I49VSNW,4.5,6
B009XRM248,4.333333333333333,6
B000GHVM54,4.833333333333333,6
B00172ZXCU,4.0,6
B00FL3J09I,4.666666666666667,6
B0015XNAQ2,4.166666666666667,6
B00IOVOAWG,5.0,6
B003QJF958,4.166666666666667,6
B00KCSTCQS,5.0,6
B0036YUKXE,4.666666666666667,6
B0016AXKSM,5.0,6
B0036YSNIS,5.0,6
B0016B3QJY,4.166666666666667,6
B002H6YQWS,4.833333333333333,6
B002H6Z4UG,4.0,6
B002GEFNUA,4.333333333333333,6
B00CQLSPOY,4.0,6
B0015XNAVM,4.5,6
B004I26H76,4.5,6
B000HX2KFS,4.666666666666667,6
B005L196HG,4.0,6
B00ATWD6L4,4.0,6
B006H6MP0Y,4.5,6
B004MB8WTE,4.833333333333333,6
B00IK3U23E,4.833333333333333,6
B0054TBRH2,4.333333333333333,6
B009X9ZR02,4.5,6
B0054TKGUQ,4.5,6
B0016BACIM,4.5,6
B0008KLBUU,4.0,6
B00161JKGC,4.5,6
B000GZ9X66,4.666666666666667,6
B000O3QPPM,4.0,6
B003SD9KKC,4.666666666666667,6
B0036Z466A,4.666666666666667,6
B00161IF68,4.166666666666667,6
B00005RGQH,5.0,6
B00JB9PB00,4.833333333333333,6
B005KXN8DS,4.833333333333333,6
B0087ZJTZ2,4.166666666666667,6
B0016C8S8C,4.833333333333333,6
B000O3NW62,5.0,6
B00BQKQ1LA,4.833333333333333,6
B0016BJW9C,4.333333333333333,6
B00161ZL60,4.666666666666667,6
B0016BJS64,4.166666666666667,6
B006H9LF0C,4.833333333333333,6
B000O3RD2Q,4.5,6
B000EVIUSY,4.333333333333333,6
B003SAQCBA,5.0,6
B00430OW1Q,4.333333333333333,6
B009WVISVG,4.833333333333333,6
B0036Z1FBO,4.666666666666667,6
B0036Z0WRC,4.833333333333333,6
B0016BFN6S,4.5,6
B0087WKLT8,4.5,6
B0087G827C,5.0,6
B003S9ZX5C,4.666666666666667,6
B000629ZTO,4.5,6
B006H3FZ72,4.833333333333333,6
B00IIUOMKI,5.0,6
B006GUAM6U,4.833333333333333,6
B003S4XD54,4.666666666666667,6
B008XN4JQC,5.0,6
B0036VVHTI,5.0,6
B006GOCSSG,4.666666666666667,6
B0087OYZFW,4.666666666666667,6
B001683KPM,4.333333333333333,6
B0016844OS,5.0,6
B009WZWZ16,4.833333333333333,6
B00168E5Z6,4.666666666666667,6
B005L4Y6O6,4.833333333333333,6
B000EVGPNG,4.333333333333333,6
B005L5111G,4.666666666666667,6
B003S752EQ,4.666666666666667,6
B002GXA84W,4.166666666666667,6
B004WA74FI,4.666666666666667,6
B0087PWYVS,4.333333333333333,6
B0087PZPPU,5.0,6
B0036USAS0,5.0,6
B00169TL5O,4.833333333333333,6
B000G014ZY,4.666666666666667,6
B000O51YJM,4.166666666666667,6
B002GKURC8,4.666666666666667,6
B002H3WJPM,4.833333333333333,6
B00005V5P4,5.0,6
B00JB8Q8EO,5.0,6
B0036XWL78,4.0,6
B0087K2S46,4.166666666666667,6
B00C99NJNA,4.333333333333333,6
B006H2ZEVA,4.5,6
B00164543C,4.833333333333333,6
B008XVV4I0,4.5,6
B002GKVOPM,5.0,6
B006H2Z564,4.833333333333333,6
B002GKYGJI,5.0,6
B006GJKBQW,4.666666666666667,6
B002H3H5OM,4.666666666666667,6
B002GN6KLW,4.666666666666667,6
B006H0CTVU,4.333333333333333,6
B003S1DYVK,4.666666666666667,6
B003S1IQWM,4.666666666666667,6
B00CQOIAIC,5.0,6
B000VUV2G0,4.166666666666667,6
B006GKBGWO,5.0,6
B000O6YKEC,4.833333333333333,6
B0087AUWVM,4.5,6
B00JBE18H0,4.833333333333333,6
B00H7HEFL4,4.666666666666667,6
B00C1KNIJ2,4.666666666666667,6
B002HJ0U8Y,5.0,6
B0015YTWVI,4.5,6
B000O7LKTO,4.833333333333333,6
B000VUYI3Y,4.166666666666667,6
B000EVKXSE,4.166666666666667,6
B00C9QZL3O,4.333333333333333,6
B000O7M2UA,4.833333333333333,6
B004TH6ZHC,4.5,6
B006I331XG,4.0,6
B000O7LK12,4.0,6
B009XIN8X6,4.833333333333333,6
B003RDVTQ6,4.166666666666667,6
B0000645W1,5.0,6
B00005NZD7,4.666666666666667,6
B000L8LQY0,4.833333333333333,6
B00FOAEX9K,4.833333333333333,6
B00371SV8M,4.333333333333333,6
B004I5D5EG,4.666666666666667,6
B00DOWMQAI,5.0,6
B00B5L7Y9S,4.833333333333333,6
B0047XATK2,4.0,6
B002FB29I8,4.833333333333333,6
B000065DK0,4.833333333333333,6
B003ZJRLPA,4.5,6
B009XJ8NSU,4.833333333333333,6
B005KPOAJM,4.166666666666667,6
B004TH48KI,4.833333333333333,6
B0015XWPM2,4.5,6
B0047Z26D8,5.0,6
B0016LXE0U,4.833333333333333,6
B000FZ2HVU,4.166666666666667,6
B0015XT03Y,4.666666666666667,6
B0054Y2654,5.0,6
B00FOBOTD4,4.0,6
B0002Z92BQ,4.666666666666667,6
B008Y9M412,4.166666666666667,6
B000O311S8,4.166666666666667,6
B000GHVGYG,4.666666666666667,6
B004TNZBVW,4.0,6
B0054Y23G6,4.666666666666667,6
B00GK6BSAY,4.0,6
B003ZFRYZG,4.833333333333333,6
B0047X6RVM,4.333333333333333,6
B00FN3EIS4,5.0,6
B004HZIL1Y,4.0,6
B002HEW8MK,4.5,6
B003SERC0G,4.666666666666667,6
B000VULBWK,4.833333333333333,6
B008Y37IG4,4.5,6
B003SETCFE,4.333333333333333,6
B0016H7G4E,5.0,6
B008764Y06,4.333333333333333,6
B00DN36F6Y,4.666666666666667,6
B0036ZLP0K,4.333333333333333,6
B0016HURKE,4.5,6
B003RPTL3W,4.5,6
B002G3OZNC,4.666666666666667,6
B006HCQZVI,4.666666666666667,6
B008Y2QZ8C,4.333333333333333,6
B00161CCO4,4.166666666666667,6
B000FZXGHE,4.833333333333333,6
B009WUFWD4,4.5,6
B0036ZAAWE,4.166666666666667,6
B0016D8DUE,4.833333333333333,6
B0016D6FC2,4.833333333333333,6
B00FNVPJ7K,4.666666666666667,6
B002HFM6JY,4.5,6
B004WC2QKE,4.833333333333333,6
B00CQUEE7M,4.833333333333333,6
B0054Y1BXC,4.166666666666667,6
B0016JFH48,4.833333333333333,6
B00B1PQZM0,4.5,6
B000B65E18,4.333333333333333,6
B0016IZ6IG,4.333333333333333,6
B0015Z9096,4.5,6
B00872JCNY,4.166666666666667,6
B009XIN8CM,4.5,6
B00872H8D0,4.5,6
B000VT54LK,5.0,6
B0047X6BAY,4.333333333333333,6
B006G32UBM,4.5,6
B000063JDP,4.666666666666667,6
B0036LMGZW,4.333333333333333,6
B002FRO1H4,4.666666666666667,6
B000FZDPYI,4.166666666666667,6
B00GK8TYDA,4.5,6
B004HZ2G0Q,4.833333333333333,6
B00HK0FSVE,4.0,6
B0016J1NF0,5.0,6
B009XFSWFI,4.666666666666667,6
B000EBGREI,5.0,6
B0090FZRAY,4.166666666666667,6
B000OLCHYC,4.666666666666667,6
B0037IP4DK,4.333333333333333,6
B006C5OHSI,4.0,6
B000KWJSB0,4.166666666666667,6
B003TFRXFS,4.333333333333333,6
B002C26M06,4.833333333333333,6
B000VOHPBM,4.333333333333333,6
B000C2324C,4.333333333333333,6
B0017T2LZA,4.166666666666667,6
B000LF4BYK,4.833333333333333,6
B0089LPOV2,4.666666666666667,6
B002CC8EWA,4.833333333333333,6
B006MEL4QC,4.666666666666667,6
B00152S7KM,4.5,6
B000OL95DS,4.833333333333333,6
B0037IN1RQ,4.0,6
B003PH44OI,4.833333333333333,6
B004LZ1DF6,4.333333333333333,6
B000OLA2Y4,4.5,6
B00152S6BM,4.666666666666667,6
B00BQZAM10,4.666666666666667,6
B00150GNZ0,4.5,6
B006MPZPVQ,4.5,6
B005LSOJ7G,4.833333333333333,6
B008W2LI9U,4.5,6
B006MRPMN0,4.5,6
B004SY3WY0,4.333333333333333,6
B004TRZZTQ,4.833333333333333,6
B006MSDKYC,4.666666666666667,6
B00902QTAO,4.833333333333333,6
B000VOHEMW,4.333333333333333,6
B000674ZA8,4.666666666666667,6
B00150GJ7C,4.5,6
B00BI1729M,4.0,6
B004TS9ZXW,4.666666666666667,6
B000NYK58U,5.0,6
B00BI171M0,4.166666666666667,6
B004SY6MN8,4.0,6
B000KVIHS6,4.333333333333333,6
B0047A9ZZ0,4.166666666666667,6
B00CRSA1JS,4.333333333333333,6
B000C2150U,4.166666666666667,6
B00DS2B6GE,4.333333333333333,6
B0002X8ZHA,4.333333333333333,6
B00BGVM95Q,4.666666666666667,6
B004LZA5J6,4.166666666666667,6
B000OJ1PI8,4.166666666666667,6
B00GJBCCG4,4.666666666666667,6
B00GLT5ZBS,4.166666666666667,6
B002JPE0DC,4.833333333333333,6
B0017QNKNU,4.833333333333333,6
B00AZ6MNM2,4.166666666666667,6
B00BPWSB6C,4.333333333333333,6
B004MT9VMS,4.833333333333333,6
B00CPKHBO6,4.0,6
B008ZSI1TG,4.0,6
B00857RJ68,4.5,6
B004T19OZI,4.5,6
B00007GUQG,4.666666666666667,6
B003TA3DWK,4.166666666666667,6
B00HUXZF1E,4.166666666666667,6
B0002Y5JC8,4.5,6
B002CBZM62,4.0,6
B000NZRWSA,4.166666666666667,6
B004HIVTFQ,5.0,6
B002JNA4Z2,4.666666666666667,6
B0089FZIBO,4.166666666666667,6
B002CC5A8Q,4.666666666666667,6
B000EVEKJ2,4.5,6
B00152ZY9O,4.5,6
B0037FO7S6,5.0,6
B0017RGK7M,4.0,6
B00BI0SBWA,5.0,6
B002C74816,4.666666666666667,6
B003PJQFO8,4.666666666666667,6
B0002XKIYI,4.0,6
B003639V1W,4.0,6
B00H8PG0D6,5.0,6
B003PJMGDM,4.166666666666667,6
B000GX56WS,4.833333333333333,6
B006M7YNDK,4.166666666666667,6
B00005A442,4.5,6
B002C75RLG,4.5,6
B00152TKRQ,4.0,6
B00854TKV8,5.0,6
B0009BH8H8,5.0,6
B002C7AHJI,4.5,6
B00856ET6W,4.666666666666667,6
B009VHS2AS,4.166666666666667,6
B00ADJEU68,4.5,6
B00152TRRE,4.333333333333333,6
B00066N974,4.0,6
B000VWQI9Y,4.333333333333333,6
B000VWQUA6,5.0,6
B005LXEDTK,5.0,6
B0048Z2DBW,4.833333333333333,6
B00183WUY2,4.333333333333333,6
B00ADDABJO,4.166666666666667,6
B0014XEIH8,4.666666666666667,6
B006NBBOFK,4.666666666666667,6
B006BDT5BK,4.666666666666667,6
B00H4YUJA6,5.0,6
B004W4MISW,4.666666666666667,6
B0048XTK38,5.0,6
B00ADDD5E2,5.0,6
B000NWD020,4.0,6
B00DSHMFO6,4.666666666666667,6
B00908P7WO,4.5,6
B002BTWQ3C,4.666666666666667,6
B006N9FXA4,4.333333333333333,6
B006BESOL6,4.0,6
B004HFUYHS,4.833333333333333,6
B0035VBP50,5.0,6
B00J9T9XBK,4.5,6
B0037MHVLO,4.5,6
B0014YDIZU,4.5,6
B000VMVBVO,4.833333333333333,6
B0009EILB2,5.0,6
B0053P6UWO,4.833333333333333,6
B00FH2L9EC,4.333333333333333,6
B006NFW96E,4.333333333333333,6
B00B1MQ276,4.166666666666667,6
B000NWAB0O,4.5,6
B00IYTKTAK,4.5,6
B001872LLA,4.333333333333333,6
B0048ZIDWA,4.166666666666667,6
B009YYAYUE,5.0,6
B00ADCRPS0,4.0,6
B004MXX0LM,4.666666666666667,6
B002KMWDG0,4.166666666666667,6
B000LG1OBC,4.333333333333333,6
B0037MMM04,4.5,6
B006BCHNR4,5.0,6
B002BQ19JW,4.0,6
B006BDEKPQ,5.0,6
B0035V3PMG,4.833333333333333,6
B004HF8RAE,4.833333333333333,6
B0042RDSOC,4.666666666666667,6
B003P6GVJK,4.166666666666667,6
B000C232T2,4.333333333333333,6
B003ZS6OMC,4.333333333333333,6
B004WLBUDE,4.833333333333333,6
B00851WUFO,4.333333333333333,6
B00BPPRY7G,4.333333333333333,6
B000E7YK4G,4.0,6
B0017YZOPY,4.0,6
B006N0BE2E,4.333333333333333,6
B002BWOY02,4.5,6
B000NWSXKY,5.0,6
B009YSNYKC,4.5,6
B002BWOY3O,4.5,6
B005JLLDO2,4.833333333333333,6
B00CPFRX7Q,4.666666666666667,6
B000GWT3C8,4.833333333333333,6
B0014ZWI6Y,5.0,6
B000GHWUQO,4.833333333333333,6
B000ASDX42,5.0,6
B005LU4OF6,4.5,6
B002BX6YJU,5.0,6
B003PG69YC,4.166666666666667,6
B0042SEX9U,5.0,6
B002KA2J98,4.666666666666667,6
B0014ZZ2ZS,4.333333333333333,6
B003PGCBXK,4.166666666666667,6
B00852MP6W,4.333333333333333,6
B00008CMP1,4.166666666666667,6
B00FPLGJ1I,4.166666666666667,6
B000VX06I2,4.333333333333333,6
B006N1QDHE,4.0,6
B000LG0J68,4.666666666666667,6
B00HULEYLS,4.833333333333333,6
B00181XLDS,5.0,6
B0009DY9JQ,4.5,6
B002BWOXYO,4.833333333333333,6
B0002VY0SA,5.0,6
B009V112Z6,4.166666666666667,6
B00008L3V6,4.333333333333333,6
B0037MGV74,4.833333333333333,6
B0055MXCIU,5.0,6
B003PD0FEA,4.333333333333333,6
B00850MG0O,4.333333333333333,6
B002BW0348,4.0,6
B00850MXY8,5.0,6
B00850PGCY,5.0,6
B00008KA8B,4.166666666666667,6
B004HGLA3Y,4.666666666666667,6
B00B50EHAI,4.333333333333333,6
B00906IH3W,4.666666666666667,6
B005JLFPIM,4.833333333333333,6
B002JLVVII,4.333333333333333,6
B0017Q1RKS,4.333333333333333,6
B000G0Y69A,4.666666666666667,6
B00FKDY5GC,4.166666666666667,6
B0085VEEN0,4.5,6
B00CQ1DKZS,4.166666666666667,6
B00CQ1BU7I,4.0,6
B00006LL3M,5.0,6
B0055AKQTU,4.166666666666667,6
B0017JT1SA,4.833333333333333,6
B003Q9VSH6,4.666666666666667,6
B000VON9B2,4.666666666666667,6
B000G15VUC,4.833333333333333,6
B0085UPMUK,4.666666666666667,6
B00C1G7MWA,4.833333333333333,6
B00435FO4K,4.5,6
B006E196FO,5.0,6
B00FP0HBIE,5.0,6
B00I4BMEWY,4.333333333333333,6
B00BQTQC42,5.0,6
B0036BEQUK,4.666666666666667,6
B000HOCK2A,5.0,6
B006KIYKPM,4.166666666666667,6
B000EVEL14,4.333333333333333,6
B004WG7DU8,4.833333333333333,6
B003Q9ZZQ6,4.833333333333333,6
B006KN78E2,4.0,6
B00005CDS5,4.5,6
B00CA80LZ4,4.0,6
B002IX3J9Q,4.333333333333333,6
B0015AA78Y,4.0,6
B00ADNPK0Y,4.166666666666667,6
B0017JV50M,4.833333333333333,6
B000VON5S4,4.0,6
B000VON5O8,5.0,6
B0036A0OOS,4.833333333333333,6
B005K0KO9W,4.833333333333333,6
B0015A08VA,4.5,6
B0017JVHQE,5.0,6
B000LD6UUU,4.333333333333333,6
B000GHUGX8,4.333333333333333,6
B002IZZRDK,4.833333333333333,6
B00CA9180K,5.0,6
B0017JUXE6,4.0,6
B002D3XT6Y,5.0,6
B0042SNPI0,4.666666666666667,6
B003Q8MKY2,4.5,6
B00099XNMO,4.0,6
B000HNBHA2,5.0,6
B00893W8L4,4.166666666666667,6
B006KTHFBC,5.0,6
B0017JTB1W,5.0,6
B000VON8TA,4.833333333333333,6
B005K0HB0C,4.166666666666667,6
B005K0J0QK,4.166666666666667,6
B0017INO5M,4.5,6
B0017IK6AI,4.333333333333333,6
B006EF4AZ6,4.833333333333333,6
B00CA6ZOIU,4.5,6
B00H6YPPRG,4.833333333333333,6
B0017DQ05S,4.333333333333333,6
B0008D4PK0,4.666666666666667,6
B0015HVB0U,4.666666666666667,6
B000B78BNU,5.0,6
B0015HKN5E,5.0,6
B0017DQGK2,4.166666666666667,6
B0036C2W50,4.333333333333333,6
B002DMK0F8,4.333333333333333,6
B0008D7OUI,4.333333333333333,6
B00FOGZCGW,4.5,6
B002IJN468,4.833333333333333,6
B005K6SIMG,5.0,6
B003QINZLE,4.0,6
B000VV0HWE,4.666666666666667,6
B005K7ZN9G,4.333333333333333,6
B000VOP9GU,4.666666666666667,6
B000VOP9NS,4.833333333333333,6
B0015IR2ZC,4.166666666666667,6
B000OCVO6I,4.0,6
B006K1FLQG,4.333333333333333,6
B000O2K446,5.0,6
B00375YP4W,5.0,6
B0017I4Z28,4.833333333333333,6
B003QAXSN2,4.666666666666667,6
B00890NQQI,4.5,6
B0085XXPAG,4.833333333333333,6
B0017I3IDU,4.0,6
B000VONBI8,4.333333333333333,6
B00BGX86BA,4.833333333333333,6
B00ATFNZUI,4.5,6
B000B7K926,4.166666666666667,6
B00BQ35CA8,4.0,6
B0017IF090,4.166666666666667,6
B0085XZAD6,4.833333333333333,6
B003SYYAHY,5.0,6
B004WG07T2,4.5,6
B002DFESKI,5.0,6
B003QBB4CS,4.166666666666667,6
B00DLKQWIU,4.833333333333333,6
B002DG5N8S,4.166666666666667,6
B006K4PS34,4.0,6
B0017GZD6M,4.5,6
B0017GQL04,4.0,6
B000VV0M4M,4.0,6
B002DHVHRI,4.166666666666667,6
B006DOC09Q,4.5,6
B002CWRXTU,4.5,6
B003ZS1O9U,4.166666666666667,6
B00AEXTSRY,4.666666666666667,6
B002JFCVBK,4.833333333333333,6
B003ZS1O9K,4.5,6
B002CL8BTM,4.5,6
B000HLRPB4,4.666666666666667,6
B0017M5UNM,4.666666666666667,6
B0047DJZE8,4.166666666666667,6
B00CPPF4BI,4.833333333333333,6
B003ZBKJ16,4.833333333333333,6
B00154RA3A,5.0,6
B0017LZAWY,5.0,6
B006D4TDDM,4.666666666666667,6
B0017LZ1EG,4.666666666666667,6
B003PW03X4,4.333333333333333,6
B00BVO869Q,4.166666666666667,6
B0089CG9UQ,4.166666666666667,6
B002JF811O,4.333333333333333,6
B005JVSQYC,5.0,6
B0048GQQG4,4.0,6
B0089BB7NG,4.166666666666667,6
B0085HCNLO,5.0,6
B005JVSR1E,4.833333333333333,6
B00CACY04I,4.833333333333333,6
B004W5VD82,4.0,6
B003T4O29Y,5.0,6
B00005B0AE,4.666666666666667,6
B003ZS1OCW,5.0,6
B00153D1DO,5.0,6
B000LEDR9Q,4.833333333333333,6
B00FOXXFOQ,4.833333333333333,6
B002JKZNEW,4.666666666666667,6
B00154N6NS,4.666666666666667,6
B0089ESDNA,4.333333333333333,6
B004MSYECQ,4.666666666666667,6
B00DKBLH80,4.0,6
B0085B82LU,4.5,6
B00C8GBZ4E,4.5,6
B000GZJIR0,4.833333333333333,6
B00KEWQ5AI,5.0,6
B000HLPKIO,4.5,6
B006CVJ1XI,5.0,6
B005LQ04BS,4.333333333333333,6
B000FVHRXC,5.0,6
B00FJBLLB2,5.0,6
B00FJBOO0W,5.0,6
B0017O5SM8,4.0,6
B004HJR1ZW,4.666666666666667,6
B002CMLHDI,5.0,6
B00GJHI5XM,4.0,6
B002CSG7PU,5.0,6
B00158S30K,4.833333333333333,6
B004HKKJWI,4.0,6
B005JYPHAA,4.0,6
B0002Z0UNU,4.666666666666667,6
B00006WNLC,4.333333333333333,6
B002CRZ18K,4.833333333333333,6
B006DKBUMS,4.5,6
B0017KGOZ2,4.833333333333333,6
B002JA0IJM,4.333333333333333,6
B0085NUCCU,5.0,6
B0017K9XA0,4.0,6
B003ZC80HU,4.833333333333333,6
B0055CIQE0,4.333333333333333,6
B004W6VTXU,4.666666666666667,6
B005JZA0BA,4.666666666666667,6
B002J27DZM,4.166666666666667,6
B009Y7LKAY,4.666666666666667,6
B005JZLQRW,4.833333333333333,6
B000I3T1PO,4.0,6
B002CVTXBW,4.0,6
B002CMLHEW,4.333333333333333,6
B004MRWL36,4.666666666666667,6
B0002YLWMY,5.0,6
B00377IO2Y,4.333333333333333,6
B003T12Y10,4.333333333333333,6
B003T17KD2,4.833333333333333,6
B006LIOWAE,4.333333333333333,6
B0017KRNIE,5.0,6
B00377YNEC,4.5,6
B0017LUWY0,4.833333333333333,6
B000078CXM,4.833333333333333,6
B002CMLHFG,4.166666666666667,6
B006DB8VM4,4.166666666666667,6
B00157FJFS,4.0,6
B000AXODRI,5.0,6
B00DR5HKQM,4.666666666666667,6
B0048F5UFS,4.333333333333333,6
B004HKEKS2,4.0,6
B002JC7OBA,5.0,6
B00157XFNQ,4.166666666666667,6
B002JB23L2,4.666666666666667,6
B00BD5647Y,4.5,6
B006DJR0QE,4.166666666666667,6
B002CPEC7I,5.0,6
B00005B6ZZ,4.166666666666667,6
B009Y91R0A,4.5,6
B00FBKX0U6,5.0,6
B009T6KTDE,5.0,6
B00BJ5CI14,4.166666666666667,6
B004LRWTOS,4.5,6
B006X4MKLE,4.166666666666667,6
B000P6E2MQ,4.333333333333333,6
B007ZJJ2JE,5.0,6
B000GSE926,4.0,6
B004UH00DQ,4.0,6
B0065L5RS8,4.0,6
B00CNEBSKM,4.5,6
B00H2H6Y0Y,4.666666666666667,6
B005IA00S4,4.166666666666667,6
B003ATRK3S,4.333333333333333,6
B0064F6Y1O,5.0,6
B000BC9KWQ,4.166666666666667,6
B0020MMDPQ,4.5,6
B002ODHSE2,4.333333333333333,6
B004S77YI2,4.833333333333333,6
B005IDV0XU,4.833333333333333,6
B00HHZQ6UE,4.166666666666667,6
B0052P1NX6,4.833333333333333,6
B009RLIO3S,4.333333333333333,6
B0006ICDB0,4.5,6
B006VFLQTW,4.833333333333333,6
B00F9RXCBS,4.666666666666667,6
B00AG4B2O8,4.833333333333333,6
B008TR700Y,5.0,6
B003N0RBQU,4.0,6
B0064F8P0C,4.666666666666667,6
B001VJV93G,4.666666666666667,6
B000F65JM8,4.333333333333333,6
B00214JCP2,4.666666666666667,6
B0052P23YY,4.333333333333333,6
B007ZK74AW,4.5,6
B00DW8HV72,4.666666666666667,6
B00809F52Q,5.0,6
B004S7HIHY,4.333333333333333,6
B00253NE08,4.666666666666667,6
B000ALIMT0,4.166666666666667,6
B0020BWJJW,4.833333333333333,6
B0080IP6E4,4.333333333333333,6
B002OEB1YY,4.166666666666667,6
B002NRYOH8,4.666666666666667,6
B00A0WYHRK,4.666666666666667,6
B009RSUBAK,4.166666666666667,6
B005N059A8,4.0,6
B000GAT6T0,4.166666666666667,6
B00DW8DF36,4.666666666666667,6
B006VHMMLG,4.5,6
B0020BYX6E,4.166666666666667,6
B0002EXL14,4.0,6
B00IWNPTD0,4.166666666666667,6
B002NGQ9WW,4.833333333333333,6
B004WQ1XFE,4.666666666666667,6
B00803I60K,4.0,6
B000NNM5LQ,4.833333333333333,6
B001W9QIE0,4.5,6
B00A1DKHJU,4.333333333333333,6
B00CCJ9R0Q,4.666666666666667,6
B006YUZT60,4.833333333333333,6
B0012ZX17G,4.666666666666667,6
B000052Z8M,5.0,6
B0034E32BS,4.166666666666667,6
B00F7PVM5K,4.666666666666667,6
B001AQ63YK,4.333333333333333,6
B00C7ANT4U,4.666666666666667,6
B004AIB43A,4.333333333333333,6
B001AXST9K,5.0,6
B0046MLMC8,4.166666666666667,6
B0052BPDKO,4.666666666666667,6
B0002EZJRS,4.833333333333333,6
B000V58AOW,5.0,6
B002OD9EGW,4.333333333333333,6
B00CC89O3W,4.666666666666667,6
B0007X74MC,4.833333333333333,6
B006Z98MRS,4.5,6
B0002DTV0A,4.833333333333333,6
B007YPOCWG,4.166666666666667,6
B0002F2I44,4.666666666666667,6
B001VMH9GE,4.166666666666667,6
B000IHQWMA,4.0,6
B004S3RM06,4.0,6
B0052NTBZA,4.166666666666667,6
B001W9TQNU,4.0,6
B0066BEPJO,4.833333333333333,6
B004S3RA5I,4.833333333333333,6
B000UVR426,5.0,6
B006Z98LVA,4.666666666666667,6
B00BC38X0S,4.166666666666667,6
B00943K7YI,4.833333333333333,6
B002OD5DWQ,4.0,6
B00DZQ22TS,4.166666666666667,6
B0080Z0Z5M,4.333333333333333,6
B0057UVX3G,4.666666666666667,6
B00IJ4RZ7A,4.5,6
B005N7YP42,4.166666666666667,6
B000HDLCNE,4.333333333333333,6
B008CC4FF4,4.5,6
B008DW26Q8,5.0,6
B0020C5PWE,4.166666666666667,6
B004AGSYD0,5.0,6
B000CCVSMA,5.0,6
B001AYTNVC,5.0,6
B004NPISV6,5.0,6
B00K5NGAD8,4.666666666666667,6
B001B237DI,5.0,6
B0006IO7BE,5.0,6
B000NLS6OI,4.833333333333333,6
B000NJJBNU,4.166666666666667,6
B0013G8B1A,4.166666666666667,6
B006VC85FS,4.666666666666667,6
B002PRSFJO,4.833333333333333,6
B00AC6JJCW,4.666666666666667,6
B000ALFTRI,5.0,6
B000UXOIY6,5.0,6
B003NNTJ4Y,4.833333333333333,6
B003UHCD28,5.0,6
B004UH76V0,5.0,6
B00AFYU5KG,4.833333333333333,6
B008DW262M,4.5,6
B0046KL1RG,4.166666666666667,6
B006WS3BUU,4.5,6
B001WAH3QG,5.0,6
B000C1UFK2,5.0,6
B003N8SHBA,4.666666666666667,6
B00CC35JE0,4.833333333333333,6
B003ZYBAP2,4.666666666666667,6
B001AHE96I,4.5,6
B005MS8N6I,4.333333333333333,6
B000BBF4N6,4.833333333333333,6
B00IQ0RD56,4.666666666666667,6
B002OS95D4,4.666666666666667,6
B004IWWUOK,4.0,6
B000ALFTSC,4.666666666666667,6
B004GCMVIW,4.5,6
B00GHON0JQ,4.5,6
B004IS92GS,4.833333333333333,6
B0040078EW,4.833333333333333,6
B00KJ1ASDY,5.0,6
B003UFLNRG,4.5,6
B000FQS9AC,4.666666666666667,6
B007YLD52I,4.666666666666667,6
B0052JMPLG,4.5,6
B003AUFG8S,4.666666666666667,6
B003UDIUHO,4.166666666666667,6
B001XZMD38,4.166666666666667,6
B0025PW1DW,4.666666666666667,6
B0013CR728,4.166666666666667,6
B001BBXEBE,4.666666666666667,6
B006XZ34HC,4.0,6
B0034IPUC8,4.333333333333333,6
B00B1DATW4,4.833333333333333,6
B00CNFVLXU,5.0,6
B00BJDLU7O,5.0,6
B009QZ53ZC,4.166666666666667,6
B0066H7U40,4.833333333333333,6
B004GGUNU6,4.5,6
B004AL2QDO,4.333333333333333,6
B004ARO8IY,4.666666666666667,6
B002PBO3O6,4.5,6
B009RDTNDG,4.5,6
B003N4OHJK,4.5,6
B001BBZ8AY,4.333333333333333,6
B000UU66JO,4.333333333333333,6
B004NJVPB2,5.0,6
B000NNTN2U,4.166666666666667,6
B0066FLCVY,4.166666666666667,6
B006X48TJG,4.0,6
B004NJWXMW,4.833333333333333,6
B0034E2M6E,4.666666666666667,6
B008DVU0TE,4.5,6
B00HMTU9Q2,4.5,6
B005HYMUQQ,4.333333333333333,6
B00CNY29R8,5.0,6
B00ARBVHPY,4.666666666666667,6
B004GMNFL4,4.166666666666667,6
B00I3A35OW,4.666666666666667,6
B0042A336M,4.166666666666667,6
B0052P0FIU,4.5,6
B006Y03EEO,4.666666666666667,6
B001AYFVAE,4.666666666666667,6
B0025MFKVK,5.0,6
B001AYE574,4.833333333333333,6
B0057SRXVY,4.5,6
B006VDTYP2,4.0,6
B0052P0FQM,5.0,6
B004GCBXK4,4.5,6
B005HXXH6O,5.0,6
B000V3KMEA,5.0,6
B00FSD0MA2,4.166666666666667,6
B00B4KQCTI,4.5,6
B00FVVM448,5.0,6
B00DWEDHJ2,4.0,6
B00243F8Q2,4.833333333333333,6
B0080M7BIO,4.333333333333333,6
B004NS3EWQ,4.666666666666667,6
B000V41K54,5.0,6
B00BC4APO4,4.333333333333333,6
B000UY81H0,4.333333333333333,6
B000BTKFK0,4.333333333333333,6
B00662Z9VG,4.0,6
B003ATAKNU,4.5,6
B007YT34S0,4.166666666666667,6
B001BBHOOM,4.333333333333333,6
B004GC8VZY,4.833333333333333,6
B0092RHHOY,4.833333333333333,6
B0009HKCH0,4.5,6
B001AWZ5L6,4.166666666666667,6
B004UBMB98,4.833333333333333,6
B0057GSDOM,4.333333333333333,6
B0039Z9Z2M,4.166666666666667,6
B00HMUBOHY,5.0,6
B005I5SAW2,5.0,6
B007ZC44R6,4.666666666666667,6
B00ARBFM5K,4.333333333333333,6
B000F6WQB0,4.666666666666667,6
B00137Q98G,4.666666666666667,6
B000WATK1I,4.833333333333333,6
B0006LJH4I,4.833333333333333,6
B001AWDV4Y,4.5,6
B004S0ETGY,5.0,6
B00FAIQJVQ,4.333333333333333,6
B009R98T3K,4.333333333333333,6
B003MX06ME,5.0,6
B001ZSMOJG,4.333333333333333,6
B008D8AC90,5.0,6
B00A1IUKLU,4.166666666666667,6
B0020MMMDE,4.0,6
B0046KG82E,4.166666666666667,6
B001W6Q2KS,4.5,6
B006YXFCBE,5.0,6
B004GLIWUE,4.833333333333333,6
B001VURI6M,4.166666666666667,6
B00243FKOC,4.166666666666667,6
B00FU7PZ3K,4.833333333333333,6
B001AWZ5M0,4.666666666666667,6
B000052Y6I,4.5,6
B003YUW10A,4.333333333333333,6
B00DWHLR8C,4.0,6
B000BP0O8M,4.333333333333333,6
B00AFZJ0GU,4.5,6
B004AR02CK,4.333333333333333,6
B004GC74GG,4.333333333333333,6
B000KHZIH8,4.166666666666667,6
B00CTSA1D2,4.333333333333333,6
B0033TF0ZK,5.0,6
B001AWKYIK,4.333333333333333,6
B00133A2TW,4.666666666666667,6
B0006LJD2E,5.0,6
B000HGGP7Y,5.0,6
B00GH537LG,4.333333333333333,6
B00932C572,4.166666666666667,6
B005IE9L94,4.333333333333333,6
B00A1WFI2C,4.333333333333333,6
B000HBRMTE,4.5,6
B0093WUBH8,4.5,6
B00AFZJ16Y,4.333333333333333,6
B00400C87O,4.166666666666667,6
B008UAXKPO,4.333333333333333,6
B000LQTX1A,4.166666666666667,6
B003N721CC,5.0,6
B008DK9AKA,4.666666666666667,6
B0009F3RNI,4.166666666666667,6
B000V1XZD2,4.166666666666667,6
B0006IC3BK,4.833333333333333,6
B00DWL660M,4.833333333333333,6
B007ZC4VGU,4.333333333333333,6
B00H2H6ZEY,4.666666666666667,6
B004AI39TC,4.333333333333333,6
B001W021F4,4.666666666666667,6
B006XMCZUW,4.333333333333333,6
B007ZEMMQY,4.0,6
B004AI3A6O,5.0,6
B0065XGGKE,4.666666666666667,6
B008D7DKSQ,4.333333333333333,6
B001AWW97O,4.333333333333333,6
B001BB8YHI,4.5,6
B008UB0BS2,4.333333333333333,6
B004AMHUDY,4.5,6
B00BWI75Y8,4.166666666666667,6
B00AFZJ18M,4.166666666666667,6
B007ZEIWHW,4.333333333333333,6
B0009F43CC,5.0,6
B00138VRAA,4.5,6
B004J2T82Q,4.666666666666667,6
B00212FHJE,4.333333333333333,6
B000LRKMQY,4.333333333333333,6
B0013EKXFO,5.0,6
B006WQ5R3G,4.166666666666667,6
B0002GR6UY,5.0,6
B000P3XAA4,4.333333333333333,6
B0043LWNJI,4.666666666666667,6
B0033ZIQVO,4.166666666666667,6
B0092PZZZ4,4.666666666666667,6
B002PKNY42,5.0,6
B003ACHFPI,4.0,6
B008CIQ18M,4.833333333333333,6
B003MI2ACS,4.5,6
B003NGNN6G,4.333333333333333,6
B0013FE5ZM,4.833333333333333,6
B006Z7RGFO,4.333333333333333,6
B0057BPE5S,4.0,6
B004UDRUGA,4.666666666666667,6
B0057BZ1B0,4.166666666666667,6
B0039UUCZQ,4.666666666666667,6
B00FVSCCKC,4.166666666666667,6
B001BADF7I,4.333333333333333,6
B006W2CMZG,4.166666666666667,6
B0024GTIEW,4.833333333333333,6
B000KG888U,4.833333333333333,6
B000UUJ1P0,5.0,6
B00AQYYM5O,4.333333333333333,6
B003MH6VHY,4.5,6
B004S6SIOW,4.833333333333333,6
B003MHMZ06,4.833333333333333,6
B0080NVFGW,4.166666666666667,6
B000V1SGM2,4.166666666666667,6
B006WQ746Y,5.0,6
B000E7HB10,4.166666666666667,6
B00BRNAVRQ,4.5,6
B007ZI78KA,4.5,6
B00804EGU8,4.5,6
B0065WQ6LO,4.166666666666667,6
B000P9IEJ0,4.833333333333333,6
B001AM6484,4.166666666666667,6
B0065J59YW,5.0,6
B0034CX05I,4.333333333333333,6
B0093ISE1C,4.666666666666667,6
B00BWF24HY,4.833333333333333,6
B004NMC4MS,4.833333333333333,6
B002PJQWMY,5.0,6
B000UUNIL8,5.0,6
B000P9COL4,5.0,6
B00201009I,4.0,6
B000LSBZBE,4.5,6
B00HIC6GP6,4.666666666666667,6
B00CN3QW3G,4.666666666666667,6
B0033RSOA0,4.833333333333333,6
B0080KLCPO,4.0,6
B004NN0D5C,4.833333333333333,6
B006XD12YQ,4.166666666666667,6
B00ICT3K4O,4.666666666666667,6
B00JJ58GTO,4.333333333333333,6
B00DY8MNFU,4.5,6
B000KI8RFW,4.5,6
B000LSBZCS,4.166666666666667,6
B003YV2PYQ,4.333333333333333,6
B004IT368C,4.666666666666667,6
B00DEPPWRE,4.166666666666667,6
B00804EIWO,4.166666666666667,6
B0007Y2AYS,4.0,6
B00J7STLKQ,4.166666666666667,6
B004IT3A6K,4.833333333333333,6
B002PEBAG2,4.333333333333333,6
B00FVQ6412,4.833333333333333,6
B00BOWH5NS,4.0,6
B000KI5KW0,4.166666666666667,6
B00FAT8MSI,4.0,6
B002NNXM8E,4.333333333333333,6
B0033RKTFI,4.666666666666667,6
B005I032B6,4.5,6
B003N8SJ6I,4.5,6
B00JH1D0SM,5.0,6
B004ITYX52,4.833333333333333,6
B0057W0MCW,4.333333333333333,6
B000BTM2L0,4.166666666666667,6
B000F76PRA,4.333333333333333,6
B0020MMAF4,4.166666666666667,6
B004LJYZHK,4.833333333333333,6
B004RTTV1Y,5.0,6
B000PB0Q12,5.0,6
B00A0REL30,4.666666666666667,6
B000LT5UUK,4.333333333333333,6
B000P2780S,4.166666666666667,6
B004S80UVE,4.5,6
B00652J67K,4.833333333333333,6
B001AT1ZA4,4.333333333333333,6
B007Y9PBQS,4.833333333333333,6
B0046JHYJ6,4.833333333333333,6
B0020MM5YA,4.0,6
B00012MKL4,4.333333333333333,6
B004ARQ01C,4.833333333333333,6
B001VEHXMW,4.0,6
B003MS61MI,5.0,6
B009RW3NCO,4.166666666666667,6
B001B0C5BA,4.5,6
B00ABXAHNQ,4.5,6
B006ZE7IKU,4.333333333333333,6
B000141T1E,4.333333333333333,6
B00DVPN8FK,5.0,6
B002P9FG4E,4.333333333333333,6
B0002EB0JO,4.0,6
B0063TDXYM,4.166666666666667,6
B00CCNT888,5.0,6
B001BJIXIK,4.333333333333333,6
B000141SMY,4.666666666666667,6
B001B1ODNM,5.0,6
B0046METJQ,5.0,6
B006WZ8UO0,4.0,6
B00H348JW2,4.5,6
B005IAZNZO,5.0,6
B007Y91RRA,5.0,6
B001B7I9ZO,4.333333333333333,6
B006Y8D16W,4.666666666666667,6
B00IHRQFGQ,4.333333333333333,6
B008C8NQ1W,5.0,6
B000V31ZF0,4.166666666666667,6
B00FSBJLK6,4.5,6
B005HV2QYU,4.666666666666667,6
B0046HEWVG,4.0,6
B0002E3EGG,4.5,6
B00CTY1EK0,4.666666666666667,6
B00J7UJWXK,4.333333333333333,6
B00AZIXV0S,4.666666666666667,6
B008TOLAB2,4.5,6
B000ALDKG0,4.666666666666667,6
B004GDDUAY,4.0,6
B001AZXE84,4.333333333333333,6
B001B8IEDK,4.0,6
B001VFFGSE,4.333333333333333,6
B0009FUZTW,5.0,6
B00F9BH166,4.5,6
B008DGOMF2,4.166666666666667,6
B006X1KW1W,5.0,6
B006WXZFFE,4.833333333333333,6
B001ARPKF2,4.666666666666667,6
B00404NS4M,4.833333333333333,6
B0020MMBEE,5.0,6
B00937UYCK,4.833333333333333,6
B000E7SS94,4.333333333333333,6
B001XILJSU,4.5,6
B001VEHY3U,4.166666666666667,6
B008CS6UE2,4.666666666666667,6
B0057SHNP0,4.5,6
B003N3S6IE,5.0,6
B0021J367C,4.333333333333333,6
B001VEHY58,4.833333333333333,6
B008DYHG2U,4.666666666666667,6
B001AT4WM2,4.5,6
B000V0Y9TM,5.0,6
B001B1QMVI,4.833333333333333,6
B0039QTN46,4.666666666666667,6
B001XIPJZY,4.666666666666667,6
B004ZD2M7W,5.0,6
B007YBSZL4,4.0,6
B000IF5CDM,4.166666666666667,6
B00B4I8RLG,4.0,6
B005I4PJ5Y,4.5,6
B003MAI9NU,4.333333333333333,6
B00FBJ55GO,4.666666666666667,6
B002N5MKEY,5.0,6
B00BP3QT92,4.666666666666667,6
B006USY9YY,4.666666666666667,6
B000PHIIXE,5.0,6
B002N5MKHQ,4.333333333333333,6
B008D1BCKK,4.833333333333333,6
B00139Y7MY,4.333333333333333,6
B0080G6WLC,4.333333333333333,6
B006WZA1GK,4.5,6
B008DZENEI,4.666666666666667,6
B0013JFDKO,4.166666666666667,6
B008CZC1MU,4.333333333333333,6
B00817N27C,4.5,6
B002614ICM,4.833333333333333,6
B000WBJWRE,4.0,6
B00F91B0B8,4.166666666666667,6
B004RZA6CG,4.833333333333333,6
B008192ZJ6,4.833333333333333,6
B00DZW42F4,4.333333333333333,6
B003N3GDUM,4.333333333333333,6
B0052GN9TQ,4.333333333333333,6
B00012U9CG,5.0,6
B003AXUZNG,5.0,6
B00DDO9P92,4.666666666666667,6
B00012U9EO,4.0,6
B00ARCQIQQ,4.5,6
B001B19EL8,5.0,6
B00261M4YQ,5.0,6
B006535IOO,5.0,6
B00BP472BU,4.333333333333333,6
B000P276G4,5.0,6
B0002F1UNE,4.166666666666667,6
B006YCB45I,5.0,6
B0046MEVVC,4.0,6
B007Y7SKTU,4.833333333333333,6
B00BOU8MT6,4.5,6
B001B128PC,4.333333333333333,6
B00FBKLF4Y,5.0,6
B000P88AMW,4.666666666666667,6
B000NLCM2K,4.0,6
B00135FIJY,4.333333333333333,6
B002N5MKL2,4.833333333333333,6
B004NMVCWG,5.0,6
B0020MM9RI,4.666666666666667,6
B0020MM6US,5.0,6
B008TWV6OK,4.666666666666667,6
B000IF5C7S,4.666666666666667,6
B00529W8F4,4.333333333333333,6
B00H2U8DFK,4.5,6
B000LRMN0M,4.333333333333333,6
B004RZ21CE,4.833333333333333,6
B006UTS4RQ,4.5,6
B003N3Q80C,5.0,6
B0092GX3GQ,4.166666666666667,6
B000HGQ7PE,4.666666666666667,6
B001B1MYR4,4.666666666666667,6
B003N21ULK,4.166666666666667,6
B0006LJC48,4.166666666666667,6
B000F4T6M4,4.833333333333333,6
B003ARL88S,4.0,6
B000NLAO3E,4.166666666666667,6
B000W8QWXO,5.0,6
B0020MM75M,4.5,6
B00FA2UAXK,4.833333333333333,6
B007Z8NPMK,5.0,6
B000141TH8,4.166666666666667,6
B00011K0O4,4.333333333333333,6
B001ADVW2G,4.333333333333333,6
B001VD7P12,4.166666666666667,6
B008D1OHHU,4.0,6
B0020MM7HK,4.833333333333333,6
B00FBGW9LG,4.666666666666667,6
B0013DUFOE,4.333333333333333,6
B001ADVWXA,5.0,6
B005N3986Q,4.833333333333333,6
B001ADVWXK,4.5,6
B000V02F9I,4.833333333333333,6
B0020MM7B6,4.666666666666667,6
B001BKICEY,4.666666666666667,6
B000NNAPS6,4.166666666666667,6
B004NMUZ4W,4.5,6
B003AQ8NXW,4.5,6
B0021FCGWW,4.0,6
B003MRPTO0,4.5,6
B005N7MVS4,4.0,6
B00CC8TIJC,4.5,6
B003MRJ3KQ,4.833333333333333,6
B000NJJDQK,4.166666666666667,6
B003U8204I,4.833333333333333,6
B006UZGJTU,4.166666666666667,6
B001VGOREW,4.5,6
B0093PBL10,5.0,6
B0013H3K1U,4.333333333333333,6
B003N1SOM4,4.666666666666667,6
B00H2Q7QKM,4.833333333333333,6
B004IUPB0W,4.333333333333333,6
B001B1T9O0,5.0,6
B009QYO5EI,5.0,6
B008CQPKO0,4.666666666666667,6
B001B6ZU1Q,5.0,6
B00DYKAC9C,4.0,6
B0006J60QS,4.833333333333333,6
B001B1SOAU,4.0,6
B0057RPUHY,4.333333333333333,6
B002OIFOBG,4.666666666666667,6
B00KIX65BM,5.0,6
B0022GK0G4,4.0,6
B0064FKEI8,4.166666666666667,6
B000P6TF7S,4.333333333333333,6
B009R44EUW,4.5,6
B003MBZ13K,4.166666666666667,6
B00BWH0VFO,4.833333333333333,6
B0046KKWMQ,4.5,6
B000C210FU,4.166666666666667,6
B000HGLL3C,4.666666666666667,6
B000NO6XXG,4.5,6
B009RTW1IO,5.0,6
B00BJ74HBG,4.0,6
B00DCZBT0A,4.5,6
B00946GJOM,4.333333333333333,6
B000NK7KRS,4.666666666666667,6
B002NXW7US,4.166666666666667,6
B003NODKNY,5.0,6
B000V12EIO,5.0,6
B0002GPHNC,5.0,6
B004J00ZUC,5.0,6
B007ZXSXIQ,4.833333333333333,6
B0057Y7DL8,4.833333333333333,6
B00DEHRV12,4.5,6
B000KESRZG,4.5,6
B000PAWPVC,4.333333333333333,6
B002OS76XA,4.666666666666667,6
B004GF2EUY,5.0,6
B001BDX7EG,5.0,6
B000C210BE,4.666666666666667,6
B008DW2U32,4.5,6
B004NRCO5K,4.833333333333333,6
B0000530GS,4.333333333333333,6
B0034K8208,4.666666666666667,6
B00A24KR16,4.666666666666667,6
B0020MMCNY,4.666666666666667,6
B00BC38RR2,5.0,6
B001AQX9II,5.0,6
B000141MAW,4.666666666666667,6
B004WT648C,4.833333333333333,6
B007Z9OI52,5.0,6
B00AYIV2P0,4.166666666666667,6
B002OLQASY,5.0,6
B001B1U13S,4.333333333333333,6
B0065OVNC4,4.166666666666667,6
B0013EGZYW,4.5,6
B0039THLRO,4.5,6
B001AH0H9G,4.0,6
B003UNRQ38,4.333333333333333,6
B003UFG5O2,4.666666666666667,6
B003U7UFU0,4.5,6
B0013AHPZ4,4.833333333333333,6
B003UIYAJQ,4.5,6
B00134VNRQ,5.0,6
B00BC5HVPO,5.0,6
B004NQ5GQK,4.666666666666667,6
B0057JCRHI,4.833333333333333,6
B001B7CJDC,4.833333333333333,6
B001B1SDNI,5.0,6
B007YCMBOK,5.0,6
B000LQRYYS,4.333333333333333,6
B00BBTVGDE,4.833333333333333,6
B00H2FWAD6,4.0,6
B001B1SB9Y,4.833333333333333,6
B006WAF2GE,4.666666666666667,6
B005I4L9Z8,4.833333333333333,6
B001ATUUM8,4.0,6
B001VFJFJU,4.666666666666667,6
B0052B760Y,4.666666666666667,6
B000JL8Q42,5.0,5
B004QIMV54,4.2,5
B002D3VDXK,4.2,5
B004QIF7EQ,4.2,5
B00HAQV04M,5.0,5
B002ZOFTHI,4.6,5
B003F2G8FQ,5.0,5
B00CHUHSGU,4.4,5
B002QK65JM,4.0,5
B001U3I9R2,5.0,5
B001L1CDJI,4.4,5
B00J77OMR4,4.2,5
B000O1QKTU,5.0,5
B00EIW5MN6,4.8,5
B002ZNJU8I,4.8,5
B002IPWOTU,4.0,5
B002ZSZ73A,4.6,5
B001L11TTS,4.0,5
B00BUQ87YO,4.8,5
B00A1X6EVU,4.4,5
B000JL7WQK,4.8,5
B001KYVM7U,4.2,5
B000CNIHJQ,4.4,5
B00065CIBS,4.6,5
B00ADPS9I2,5.0,5
B005I59AJY,5.0,5
B00ALM78NO,4.2,5
B00B2NRVZ6,4.2,5
B00DL0Y0GQ,4.6,5
B0009V7GWU,4.2,5
B002P3ZCE4,4.8,5
B005LKDRIG,4.4,5
B006KC71S6,5.0,5
B001KYTSRG,4.4,5
B006KC7NAC,4.8,5
B002IUZM94,5.0,5
B002JAZOFK,4.0,5
B0071TQSEU,4.6,5
B000RHJH32,4.2,5
B0044ZQ8SU,4.8,5
B002JCSLXU,4.6,5
B00I1VR43Q,4.8,5
B001KYVNZ6,4.8,5
B004ANYJHI,4.2,5
B009H3X95O,4.6,5
B009P3H7HW,4.4,5
B0047DS72E,5.0,5
B004WG45DG,4.2,5
B001KYS98A,4.4,5
B002ZU6P3Y,4.2,5
B00B2CJV8W,4.4,5
B00EJDPZDG,5.0,5
B003F6VKCS,4.6,5
B00DR5RTO0,4.6,5
B004XFXAAU,4.4,5
B005HG4XDW,4.4,5
B005EMQA9Y,4.6,5
B004QIPE4E,4.4,5
B006L21OVA,4.6,5
B00AEUIYBS,4.6,5
B002WW7KK2,4.4,5
B000O1QKSQ,5.0,5
B00A1XYOQC,4.2,5
B00HAT7BQ0,4.8,5
B002D48QJI,4.4,5
B005I55W4Q,4.6,5
B000KEIPT4,4.8,5
B001L2C6AI,4.4,5
B000JL7YF4,4.6,5
B005JXU512,4.2,5
B005TM4190,5.0,5
B004ANTOA0,4.2,5
B003F1CHVG,4.2,5
B005LOCU9O,4.8,5
B0032VFB3U,4.0,5
B002D8GBBO,4.0,5
B0037650VI,5.0,5
B00020M6YQ,5.0,5
B00BMXBYW2,5.0,5
B004ANTJ1O,4.4,5
B005K0E6Y6,5.0,5
B000C1Z50M,4.6,5
B001L1X234,4.4,5
B00CZ58Q5Y,4.0,5
B00GWBNS64,4.0,5
B005NOP9S6,4.2,5
B00DL4N0O0,4.2,5
B006KC6RHM,5.0,5
B00J5KCKRM,4.6,5
B00BMUYJC2,4.2,5
B00D2KTDA8,4.6,5
B009GYZ35I,4.2,5
B00DR4WTHI,4.2,5
B0071KDKPE,4.6,5
B0009UXNE6,5.0,5
B002QSD1YQ,4.4,5
B000C1Z4WQ,4.8,5
B0046KG2SY,4.4,5
B000JL7VIE,4.4,5
B00B9RMLAK,4.8,5
B006KC6S8U,4.4,5
B0064LFRSE,4.8,5
B001KYVM7K,5.0,5
B000MWQRNK,4.4,5
B001KYUEBU,5.0,5
B001KYVZW2,5.0,5
B001U5DKJC,4.6,5
B005PPC9KY,5.0,5
B00DQSW0HE,4.2,5
B006L0VKCK,4.2,5
B003F668MA,5.0,5
B001KYUDWU,4.0,5
B000MF7B46,4.2,5
B005PPF64A,5.0,5
B00DLIPWWY,4.8,5
B00DAHP18Q,5.0,5
B004RZVBY8,4.2,5
B00CREBOSO,4.6,5
B00B9QE640,5.0,5
B006DRRDA4,4.6,5
B007HKMGFS,4.6,5
B002ZNJU9M,5.0,5
B004D65ARA,4.4,5
B002WRAP4A,4.8,5
B001KYUHIA,5.0,5
B009H87CHU,4.2,5
B00DLK0DDK,4.6,5
B004QI8BTE,4.0,5
B00A1YH0BC,4.6,5
B00BVO6P8U,4.8,5
B002CYVURY,5.0,5
B001XILJBW,4.6,5
B004XFY8OM,4.0,5
B001KYTXK8,4.4,5
B002D4H9LY,4.6,5
B007HU0BTQ,4.6,5
B00DZQ0UJM,4.8,5
B002CTFYQC,5.0,5
B00CV919AI,5.0,5
B00GW9FYR2,4.6,5
B00DQVKK9G,4.6,5
B00CMHCAKM,4.8,5
B00AETFRAU,5.0,5
B0002Z8ETM,4.0,5
B00AEUVTTW,4.6,5
B000MVQQLY,4.8,5
B006XXDZ6O,5.0,5
B002WQV5Z4,5.0,5
B0037658QU,4.2,5
B002ISTDAU,4.4,5
B003F1S800,4.8,5
B000C1VW22,4.6,5
B000NHZPR8,4.4,5
B006E4UF8I,4.2,5
B005HF0W1A,5.0,5
B005TPN0TY,5.0,5
B00369KEN0,4.0,5
B00CZ51ASO,4.4,5
B00CQ1BTMY,4.0,5
B006DME99M,4.6,5
B005TTU912,5.0,5
B005ENTZ22,5.0,5
B00CHSQWDW,4.8,5
B000OFGOPQ,5.0,5
B000216N6C,5.0,5
B006DLAELK,4.8,5
B000OGULXQ,5.0,5
B001KYTU9M,4.0,5
B002QGB8ES,4.0,5
B003BCL69I,4.6,5
B002CV585C,4.0,5
B002CZ7AYK,4.2,5
B006L692WO,5.0,5
B0009V41N2,4.8,5
B000K7MDG2,5.0,5
B00I3U1W56,4.2,5
B000O1NVVU,5.0,5
B003F22OH2,4.6,5
B00B2N0QAI,5.0,5
B006DKTC6E,4.4,5
B006DRRU4I,4.2,5
B00BOUC7BU,5.0,5
B00A1Y6S0G,4.6,5
B00BOUKXS4,5.0,5
B00B22BCH0,5.0,5
B0009V8N0O,4.6,5
B00JD7ODUY,5.0,5
B00DQYBBNM,4.6,5
B00BOU8NPY,4.4,5
B006KYTZBK,4.2,5
B0048BT9AO,4.6,5
B00469V4ZQ,4.8,5
B0036AQ0I2,4.4,5
B001KYVWKW,4.6,5
B000REKRE8,4.6,5
B00GW7I8DQ,4.8,5
B00E3G8BZ8,4.4,5
B004XFWKWY,4.6,5
B0002Z8DXY,4.0,5
B00CU51SRW,4.2,5
B000FWAHVK,4.6,5
B003766TS6,5.0,5
B007HNSK2I,5.0,5
B00020HNEE,5.0,5
B006DM94H4,4.6,5
B005EMH0CK,5.0,5
B002D4H1AS,4.6,5
B001XUE5CA,4.8,5
B00B5LR5XS,5.0,5
B002IUBUGS,4.6,5
B005TUHM3O,4.8,5
B0042SSBQ6,4.0,5
B003BA4D7W,4.0,5
B00JK9Z8I6,5.0,5
B0002Z7KLK,4.8,5
B001KYW9TU,4.6,5
B000NK7KQO,4.8,5
B0062K3Q3U,4.4,5
B00H6010C4,5.0,5
B000GI0U9M,4.2,5
B001KYU04Q,4.8,5
B00DDR4UAS,4.2,5
B002CT0606,4.4,5
B000O1L8BU,4.6,5
B002IWZVQ6,4.0,5
B004UMAGIK,4.0,5
B001L2IGT8,4.2,5
B005UGVLQQ,4.0,5
B0048NX32C,4.8,5
B000LF83L2,4.8,5
B000N2ART4,4.2,5
B000FVCNQI,4.4,5
B005UGVLMA,4.6,5
B00BRMW9E0,5.0,5
B005UGVM7O,5.0,5
B000GDDKMG,4.6,5
B00CRSCQ1O,4.2,5
B004S1S1HQ,5.0,5
B00424R3E6,4.4,5
B000GCSXRY,4.2,5
B000LRHJWO,4.4,5
B00CYQWC8G,4.8,5
B002ZYS6LO,4.8,5
B009VCNWXA,4.0,5
B00CPJAGOO,4.0,5
B00B0RH7HQ,4.6,5
B006ML142Y,4.2,5
B002ZZ1TLM,4.0,5
B004CZWD5Y,4.4,5
B00BWHOUH4,4.2,5
B0048NWI4Q,4.2,5
B000NKJ3SW,4.2,5
B003EGSAJ0,4.6,5
B00D362IAS,5.0,5
B000R8ZBJK,4.2,5
B002R23GFK,4.2,5
B000OLFXFM,5.0,5
B0035YR9SO,4.8,5
B00I6T760O,4.4,5
B006MV9OVW,4.4,5
B000NGOQU6,5.0,5
B000PUB8QK,4.6,5
B00BOJL79E,5.0,5
B00IXQUZAI,4.0,5
B003BISPXW,4.0,5
B004B8MFT6,4.4,5
B00AL0ZFL8,4.2,5
B006MW8YA8,4.2,5
B009YS0LRG,4.8,5
B0048U6ZZ2,4.0,5
B006MU9404,4.8,5
B00E456MVI,4.2,5
B0002W30HQ,4.4,5
B0047A2Z8E,4.6,5
B000PU6MSO,5.0,5
B00BVR32GU,4.4,5
B00B0RHH8K,4.0,5
B0072COH3U,4.6,5
B006X1P13G,4.2,5
B00HMUIXZU,4.4,5
B001LTVWFQ,4.2,5
B002OOWLV6,5.0,5
B006MRPMPI,4.8,5
B001LOPX8S,4.8,5
B000C1ZEZS,4.2,5
B0048NTD8K,4.0,5
B002W8Q5WU,5.0,5
B0037IJJ3G,4.4,5
B001TWHBCS,4.8,5
B003EH22D4,4.4,5
B00A37CDHI,4.4,5
B0037INTV4,4.6,5
B000PT4CFA,4.2,5
B00EGXGNCG,4.8,5
B004250S7E,5.0,5
B0042ACZ20,4.6,5
B005ETOHOC,4.2,5
B004251TOK,5.0,5
B000JLEWNG,4.0,5
B002R14N8A,4.0,5
B003EHYFIE,4.8,5
B00E41UJXY,4.4,5
B0006M9XJQ,4.6,5
B005NR6JSW,5.0,5
B006CAR91K,4.6,5
B003EHB1YK,4.4,5
B00CVC2VJ8,4.8,5
B0002XK050,4.2,5
B0042SI2P6,5.0,5
B000OL8SLS,4.4,5
B00D30JRFI,4.4,5
B00A7ORGVK,5.0,5
B0037L6GNY,4.4,5
B00DE1P82W,4.8,5
B004B843ZU,4.8,5
B009I2NRHO,5.0,5
B001LNR0EO,4.2,5
B006X338B6,5.0,5
B0047AFCUW,4.2,5
B004D00M2E,4.0,5
B006MK6092,4.0,5
B002C0R55O,4.0,5
B00HMURJEG,4.6,5
B007FXOXIU,5.0,5
B000JLEZP6,4.8,5
B0009TMZBO,4.6,5
B00AL4VRFM,4.8,5
B001LNOENE,4.6,5
B007G03JTQ,5.0,5
B00B5S9CTG,4.0,5
B00CI95WP4,4.6,5
B00EGSTF4E,4.6,5
B002ZXUXBQ,4.8,5
B00DJZ7P7E,4.2,5
B000R90QPS,4.4,5
B00B856PLE,4.8,5
B002QTITG0,4.4,5
B0006VVNTA,5.0,5
B005F0WAJE,4.8,5
B000OMX20E,4.8,5
B004V4I1HK,4.6,5
B00306FAQ0,5.0,5
B00EFQ3FI4,4.2,5
B005F0XPTS,5.0,5
B0006VVA1G,5.0,5
B00EFJD9NC,5.0,5
B006N1SA8E,4.6,5
B007FAOGXA,4.8,5
B002VYWX58,4.2,5
B00067PFFC,5.0,5
B001M2D1ZQ,4.2,5
B00021CKGO,4.0,5
B005EZSUS0,5.0,5
B00ADE6I4U,4.6,5
B002VYT8Q0,5.0,5
B00306AAW4,4.4,5
B00ABDWH0M,4.6,5
B0007W1E1U,4.0,5
B001M58Q8K,4.8,5
B000OMWKXE,5.0,5
B0009HIFSS,4.2,5
B005UOCOWS,5.0,5
B002KDGUUO,4.2,5
B0037MG8X6,4.2,5
B001M5H45Q,4.6,5
B000GCT06C,4.2,5
B004V4BTXI,4.2,5
B000PBQZOY,4.4,5
B004UD3K7S,4.2,5
B004AJ0692,5.0,5
B007F0WNVW,4.2,5
B0037MHHBI,5.0,5
B004QO3652,5.0,5
B004QO3L84,4.2,5
B000ONF558,4.6,5
B002OLX500,4.4,5
B002VWK9BU,4.8,5
B006N2B5U8,4.8,5
B000KUA1Y0,5.0,5
B0020MM7Y8,5.0,5
B004XC75D6,4.8,5
B009V1249E,5.0,5
B00021CUBE,4.8,5
B002KDK40Q,4.2,5
B004SV0FUW,4.6,5
B002BUBLIW,4.8,5
B00021CUBO,4.8,5
B00479DR4G,4.8,5
B00A7GG5II,4.6,5
B001M5F9EY,5.0,5
B000LRHFN2,4.0,5
B00A3B4GLU,4.4,5
B004B9AWUE,4.4,5
B009IET47Y,4.0,5
B00CIBBFDA,5.0,5
B00DSAFH16,4.6,5
B000OLFXMU,5.0,5
B002W2UON2,5.0,5
B005JNJQS0,4.0,5
B004CWU7BE,4.4,5
B000OLFXNE,4.0,5
B006MY5XM8,5.0,5
B002W4HCWG,4.2,5
B001LXSP0W,4.6,5
B00626XA2G,4.8,5
B00AL0UE64,4.8,5
B007FJ1KKS,4.0,5
B000KUWE18,4.2,5
B005JNO90K,5.0,5
B002W4J1Q6,4.8,5
B00021CCDU,4.4,5
B00IXQH8EO,4.6,5
B00303E1P4,4.8,5
B000GCAKUM,4.6,5
B004V4RXRE,4.8,5
B005UJTRX2,4.6,5
B000KFP816,4.4,5
B00H57HFFO,4.6,5
B00H57H8QK,5.0,5
B000LFYSZM,4.2,5
B004AJTB0W,4.2,5
B00AC2J8A4,4.0,5
B007FG1MBS,4.2,5
B00CM814AI,5.0,5
B00BV2AX9Y,4.8,5
B002BWOXZS,5.0,5
B00E4CQVOY,4.8,5
B002R2CTPS,4.8,5
B001M0S9QO,5.0,5
B00454FEM6,4.8,5
B001TRTHSE,5.0,5
B0020MM5Y0,4.4,5
B002BWRFCQ,4.4,5
B000MC417O,4.6,5
B002BWQWAW,4.0,5
B00021CEI8,4.0,5
B004WLC4ZC,4.8,5
B005HA9F40,4.8,5
B004VP15IQ,5.0,5
B00B1DRD0K,4.8,5
B002BWPXGG,4.8,5
B003460DYA,4.8,5
B001M0HHIK,5.0,5
B000GG0AGC,4.2,5
B00AAHV7NC,4.2,5
B00GWS3IC6,4.8,5
B002WJHK2I,5.0,5
B0043OVIYQ,5.0,5
B00EI3AXUC,4.0,5
B00BPX88V4,5.0,5
B002QW5PBY,4.8,5
B002CKZ22M,4.0,5
B00429ZZW8,4.4,5
B00H5GNL5I,4.8,5
B000PSPV8S,5.0,5
B009P0HU2C,5.0,5
B002JIH8UG,5.0,5
B002CKGAZ0,4.8,5
B002WJHK1Y,5.0,5
B001LBS7W0,5.0,5
B002ZVGBSC,4.8,5
B002QZMOAQ,4.4,5
B000RB9ZN0,4.8,5
B009P0K9SE,5.0,5
B0009A11C2,4.4,5
B00CPPF4NG,4.6,5
B00EI3JUNS,4.6,5
B0037A60C2,4.8,5
B002CL8AG6,4.0,5
B002QV0NPS,4.2,5
B000RB8U0O,4.6,5
B0037A607C,4.8,5
B004D2DQD4,4.2,5
B0009TRBGI,4.8,5
B004V8N90U,5.0,5
B001U1Q4WQ,4.0,5
B001LF4B0I,4.6,5
B005LQ5QP2,4.6,5
B007GPH85C,4.8,5
B001LBU5PC,4.8,5
B006LTGYQ8,4.2,5
B001LF4BBM,4.8,5
B0048JALOE,4.8,5
B007GOQJMG,5.0,5
B0002Y5KGS,5.0,5
B009HRLWY0,4.4,5
B00203KOV0,4.4,5
B001LBVX7G,4.6,5
B000GHGG7I,4.2,5
B0002BLMMM,4.4,5
B004WK1ZLM,5.0,5
B0047DIEZE,5.0,5
B000NZY1M0,5.0,5
B007GX5FSG,4.2,5
B00450L6NQ,4.8,5
B0037AITHQ,4.0,5
B001LEVLQG,4.8,5
B00AEYL880,5.0,5
B00CPOE1U4,4.4,5
B00CZ4W8UE,4.0,5
B002OV04AO,5.0,5
B005HEF0AO,5.0,5
B003BDF10W,4.6,5
B0047DOYMG,4.8,5
B0002CD08A,4.8,5
B0071WJRGS,4.6,5
B00BTAXZKM,4.4,5
B002JESKO8,5.0,5
B00BMZK3V8,5.0,5
B003EV9ZB2,4.4,5
B0009UAS8U,5.0,5
B000RC6PQY,4.8,5
B000GHFV8I,4.0,5
B00CHXAJYK,4.0,5
B006LM754U,4.8,5
B000O146MI,4.4,5
B00377J9KK,4.2,5
B002CMLS96,5.0,5
B002CMLS64,4.6,5
B001U31MXA,5.0,5
B00DZML9KA,4.0,5
B005EQOCLS,4.8,5
B00366OUZG,5.0,5
B006DHFBJO,4.0,5
B003EVUCD2,4.6,5
B0042SJSH2,4.0,5
B002WJR58W,4.4,5
B006D8XBOU,4.4,5
B0064PMBFC,4.8,5
B001L72FAY,4.2,5
B00BN05E4S,4.6,5
B000FQPALS,4.4,5
B0062CZEFG,5.0,5
B000GCRXT8,4.2,5
B00EI4F7H0,4.4,5
B00468YBEI,5.0,5
B00DDX09AW,4.2,5
B00JKC4TIS,4.6,5
B006XHNK7Y,4.0,5
B004B6OVL8,4.8,5
B0006ZWUSY,4.0,5
B002JF1CBA,5.0,5
B001L4OGGI,4.4,5
B009P0KDBC,4.4,5
B004V8VO66,4.8,5
B000JL8SOU,4.8,5
B00H2M2YZ8,4.0,5
B00BTWK9Q8,4.2,5
B007233GFE,5.0,5
B00724RA0U,4.0,5
B004515910,4.8,5
B00B83MCJA,4.8,5
B006CR69H8,4.6,5
B005ET4KIA,4.4,5
B00ADJILHC,4.0,5
B0002B02AU,4.4,5
B002JQ1BVA,4.8,5
B000GCEABC,5.0,5
B0020C1WUS,4.6,5
B005UCWZ1U,4.6,5
B000PDG13C,4.2,5
B000LEHMHY,4.4,5
B000C1UAXY,4.8,5
B002QXS3P8,5.0,5
B001LG8VK8,4.6,5
B005IAAUU2,5.0,5
B004T19OEO,5.0,5
B002JPD2KY,4.6,5
B002WEWPGE,4.4,5
B005NORFL0,4.6,5
B006CREMB8,5.0,5
B002C98ESC,4.6,5
B00DDYVRHA,4.4,5
B00021AF3E,4.2,5
B00BPWSVGC,4.0,5
B00442Z8Q6,4.6,5
B00BS5C19O,4.6,5
B0020BWS2K,4.6,5
B003AMZ942,4.8,5
B001LGOOG8,5.0,5
B003BHRVAQ,4.2,5
B005NOUNLY,4.8,5
B002OSL1EA,4.0,5
B00A7R0K06,4.6,5
B002QZHV9A,5.0,5
B00B9MF43Q,4.6,5
B0047AWMXM,4.6,5
B005JQQMTI,4.2,5
B004364A62,4.8,5
B003BHSW0O,4.4,5
B00021AQ42,4.4,5
B001LINESK,4.4,5
B009VGMW28,5.0,5
B00HMUWPTK,4.2,5
B00DZ16KE6,4.8,5
B00341L31M,4.4,5
B001TZIXCM,4.8,5
B004B7WDDK,4.2,5
B004D1DGZI,4.8,5
B009VH3N5C,4.0,5
B00066N97Y,5.0,5
B002WDVY44,4.4,5
B001LIH4XG,4.2,5
B004RPRCIW,5.0,5
B0062BAPQA,4.2,5
B006CS3TSY,4.0,5
B002JKZUMC,5.0,5
B003EMM3M4,5.0,5
B000NZT84Q,5.0,5
B001LF4G5S,4.8,5
B002CFINC8,4.6,5
B009VJA2Z4,4.8,5
B001U0OVFE,5.0,5
B005JT9JSQ,4.2,5
B004WKE366,4.6,5
B00340UYEA,4.4,5
B000R9KVJO,5.0,5
B00EHQOQGM,4.2,5
B009VJ6LMM,4.6,5
B004D268M0,4.4,5
B00021A86S,4.0,5
B001LF4DWY,4.6,5
B000NZW4AG,4.6,5
B000JLAX8Y,4.6,5
B002WI7VRI,4.6,5
B002WI2FCY,5.0,5
B0047D8FXA,4.2,5
B000FKHXH8,4.8,5
B000JLCQ7U,4.6,5
B001U0UMGG,4.2,5
B0007DGMJI,5.0,5
B0037B18SM,4.6,5
B001U0R4S0,4.2,5
B00DRAPGOK,4.8,5
B002JKFHNE,4.0,5
B005LQ7GFK,4.0,5
B005PGW8CC,4.2,5
B00CU0U4N6,4.6,5
B00AAGXXJY,4.0,5
B002C9M0EQ,4.6,5
B006X4NAJK,4.6,5
B007GGD7S8,5.0,5
B00DRFOGR8,4.2,5
B004D1X0YK,5.0,5
B004UMQ8QY,4.4,5
B00ALBQE94,4.0,5
B002OTIJZ8,4.6,5
B00B9MFJK4,4.8,5
B00BRN62R4,4.2,5
B000FKHYA4,4.2,5
B002ZVV60K,4.8,5
B0002Y5JQE,4.8,5
B000FKHY2C,4.8,5
B006LXPRDA,4.2,5
B007242EP6,4.2,5
B002OTM1KC,4.0,5
B002QXKBSU,4.4,5
B000FKHY3Q,4.6,5
B007GGRCOI,4.2,5
B009VJ266W,5.0,5
B000NKHI3E,4.8,5
B000C215YG,4.6,5
B001KYS7HI,4.8,5
B002Z7FUOM,4.8,5
B0008GHBXU,4.2,5
B000PHZ8NM,4.8,5
B001JEEGTW,4.0,5
B002FSSDOU,4.6,5
B0002DMH74,4.2,5
B002Z7FUQU,4.0,5
B001JEPFQU,4.6,5
B006ZABZ12,4.4,5
B002FRK8R6,4.8,5
B007KAZE4U,4.6,5
B009FKNHSI,4.0,5
B002FRIEPE,5.0,5
B00H7LNTSK,5.0,5
B001V76V3G,4.2,5
B00AMLAP34,4.0,5
B000GHVH1I,4.2,5
B001VHLK1E,4.4,5
B002HFK4S4,5.0,5
B0044E8I9S,5.0,5
B004DIPU5U,4.6,5
B001V732UQ,4.4,5
B002YERJBS,4.6,5
B002HFQ0FU,5.0,5
B00AECOH1M,5.0,5
B002YEJBZA,5.0,5
B0042ZFWG6,4.6,5
B004TNCOCG,4.8,5
B00EMKA6QC,4.4,5
B0047NZZJW,4.0,5
B004XJNLHI,4.2,5
B002FQ55GG,4.4,5
B0036JV0S8,5.0,5
B003G7Q5Y4,5.0,5
B00CQUH3IY,4.8,5
B006HLBECY,4.6,5
B007K9Y1BI,4.0,5
B002FPDFKU,5.0,5
B001JIF2UK,5.0,5
B002FPAL48,4.0,5
B004THGOK0,4.4,5
B005RF95I6,4.0,5
B001V6OS50,4.2,5
B000FJLX2A,5.0,5
B002PQNIEC,4.8,5
B001V6WWNU,5.0,5
B0002ZZY3Q,4.8,5
B002Q636VG,4.4,5
B005R9AHO8,4.4,5
B000CNP3OS,4.6,5
B003706I7O,5.0,5
B001JHCQK0,4.2,5
B00HG1JMB4,4.4,5
B001VIRO9U,4.0,5
B007KAWVD2,4.4,5
B00I33T8N6,5.0,5
B003G8J2SE,4.2,5
B0007CXXPU,5.0,5
B007KAESZG,4.0,5
B002FQASKY,4.4,5
B002HFG1XG,4.4,5
B009FKGESI,4.6,5
B003AUET6I,4.2,5
B002G3PI74,5.0,5
B00CMXOZPY,5.0,5
B006G84J5W,4.0,5
B000O7A2PW,4.8,5
B00AECA02C,4.6,5
B006G83ZXO,4.2,5
B001JB7462,4.2,5
B004RRGNVW,4.0,5
B002G253WK,4.6,5
B00CQRSD4K,4.4,5
B003AZ26T0,4.0,5
B005R3IHKU,4.2,5
B002Z7FUCE,5.0,5
B002Z7FUE2,5.0,5
B000PHZI0U,4.2,5
B001VHEKWA,4.8,5
B005R2IVYS,4.2,5
B005R2OSRC,4.2,5
B0009WY5L4,4.2,5
B002HEW8BG,4.6,5
B00B2E9WGG,4.2,5
B000O3HICQ,4.4,5
B000C2103C,4.8,5
B00EN347TK,5.0,5
B002G3V18O,4.8,5
B004XJNP6U,5.0,5
B006HBWZZY,4.2,5
B00BV6AD8G,4.4,5
B0043MJ7P0,4.2,5
B007KJ02WA,5.0,5
B006G7P0RY,4.4,5
B00DN36GUE,4.2,5
B001V79SEA,4.6,5
B0036ZJW7S,4.8,5
B00CUGP64C,4.6,5
B00BTR03UA,4.0,5
B00DOH0BX2,4.8,5
B002HFED5E,4.8,5
B000RPNC4Y,4.6,5
B002HFEKUC,4.4,5
B0036ZLEOW,4.6,5
B0003058UE,4.6,5
B000L7XH66,4.2,5
B000MLS9OQ,4.2,5
B006G7THQO,4.0,5
B006HGYWVY,5.0,5
B002HEYH2O,4.4,5
B002HEW8O8,4.6,5
B001JB99EC,4.0,5
B007KGI20W,4.4,5
B002HEW8NE,4.0,5
B001JBC2LE,4.0,5
B00448ALQW,4.6,5
B009PPF4LG,4.6,5
B001JBB1XE,4.0,5
B00092M2YQ,4.2,5
B004VIXBG2,5.0,5
B000PIMRJO,4.2,5
B001JYW6D0,4.0,5
B000RO2ZUM,5.0,5
B006I7JBUE,4.8,5
B0063HHJXA,4.2,5
B002Q7A5NW,4.4,5
B00429BVIA,5.0,5
B0008F6X6C,5.0,5
B009FV626G,4.4,5
B005RRG0UU,4.2,5
B004DEJIDE,4.8,5
B0002Z938I,4.6,5
B00ELPZPUA,5.0,5
B00CN0SB1K,4.8,5
B002XUZLZO,4.6,5
B003FXK4Y6,4.4,5
B0002DM012,4.2,5
B0070R8NUU,4.0,5
B006Z98M7I,5.0,5
B002HJGK1U,4.6,5
B006Z98M0K,4.2,5
B00AMANH58,4.6,5
B004VHY2Q6,4.2,5
B006I331F4,5.0,5
B0002ZH83A,4.8,5
B0041IZOTE,5.0,5
B005E2JH0S,4.2,5
B002PNDGVK,4.4,5
B003733XE2,4.2,5
B003FXK48W,4.6,5
B000MPOSN8,4.2,5
B000RNPXS4,4.6,5
B003375FCK,4.6,5
B009FWYEAQ,5.0,5
B0009WC9M6,4.8,5
B005HZO82O,4.6,5
B00GV25KVK,4.2,5
B006IC8C2C,4.0,5
B001VP5NDC,4.0,5
B0063G4CJU,4.2,5
B0001WHXZM,4.8,5
B0002Z91NK,4.0,5
B000O2WMZA,4.4,5
B000FQN1SC,4.0,5
B000O7NJ5W,4.2,5
B002Z7FW0Y,4.6,5
B0046E1X2K,4.0,5
B006FX0JW0,4.8,5
B002F8ROFY,4.6,5
B000O2V8S2,4.6,5
B0041JPYS4,5.0,5
B0006LNIZW,4.4,5
B0063GEL4Q,4.4,5
B003FXG2BU,4.6,5
B007JUW0VG,4.2,5
B004TO1RTQ,5.0,5
B00HQNLT7C,4.6,5
B001USDTUY,5.0,5
B0063HX1OQ,4.0,5
B004THENLW,5.0,5
B0036JHQ5E,4.0,5
B000K8U926,4.0,5
B00DOU9PV8,4.6,5
B000C21AHS,4.6,5
B000C21ANC,5.0,5
B006Z9GMWA,4.6,5
B009WRYFB2,5.0,5
B001V2KFE2,4.2,5
B0002ZW5UG,4.8,5
B000ROCGOC,4.8,5
B003G4F82M,5.0,5
B001JJMQ76,4.2,5
B0009WY4XI,4.2,5
B003G5K42K,4.4,5
B00EMFHF66,4.2,5
B003718HCW,4.8,5
B004WC2K4G,4.2,5
B001JKE4KC,5.0,5
B005E0D7XS,4.4,5
B000PHZ1Q6,5.0,5
B006HPH6TK,5.0,5
B0001TS4TO,4.4,5
B002Y2UR00,4.4,5
B0036J636W,4.4,5
B0033PSM68,4.4,5
B000PIMS48,4.8,5
B000PINUDG,5.0,5
B002Y1NLPO,4.8,5
B002Z7FVMI,4.2,5
B002Z7FVO6,4.8,5
B00433P7US,4.6,5
B005NI89EI,4.2,5
B0006LNIH0,4.2,5
B0044F95AI,4.0,5
B0063HX2QI,4.0,5
B005E1K370,4.2,5
B00D13C43E,5.0,5
B002XYXRSI,4.6,5
B002HJBNX0,4.4,5
B006FXO6IS,4.8,5
B000MNMYDG,4.0,5
B00BRYE1HQ,4.8,5
B009WRA49O,4.2,5
B0002DO4CA,4.6,5
B00D0349JC,4.6,5
B000C20ZIS,4.0,5
B00D02XLHE,4.6,5
B00CN0868I,4.2,5
B00371T3L6,4.0,5
B000MNJMDG,4.8,5
B00ELXI3JM,4.4,5
B006HXIG4G,4.4,5
B0047XMN3S,4.8,5
B0046EAFHY,4.0,5
B00448H74G,5.0,5
B002HEW83Y,4.0,5
B00703MLRK,5.0,5
B002GN9T7O,4.0,5
B00039BJ1W,4.8,5
B005QH62D6,4.6,5
B0063SN0VE,4.0,5
B000RRKYZC,5.0,5
B002H39MLG,4.2,5
B002GN7VWO,4.2,5
B0036S4FK4,4.8,5
B007L7XQT2,4.6,5
B002H3DUVE,4.4,5
B001ISN0VO,4.8,5
B002H3J4GO,4.4,5
B00BALO6X0,4.8,5
B00DNIFD0S,5.0,5
B00BYCA2BK,5.0,5
B0036WFWM0,4.0,5
B00A2GQNU8,4.8,5
B006GZ2HX6,4.8,5
B002Q0KCH8,4.4,5
B002GOEBF8,4.2,5
B000621XUI,4.8,5
B005DOQ9P8,4.6,5
B001IQIT9Y,4.8,5
B00BTO2K04,4.2,5
B006GZDZPA,4.6,5
B00BWL6PHS,5.0,5
B005R1XV58,4.8,5
B0001OOEMU,4.0,5
B002Z7FSBM,4.6,5
B0007CXYJA,5.0,5
B000GF69TK,4.8,5
B006ZE09ZG,4.8,5
B007L4D1OK,4.8,5
B0044B4GJC,4.4,5
B000FIZAZM,4.4,5
B001J1RSBI,5.0,5
B00BAKN5TC,5.0,5
B006ZDB8MU,4.4,5
B00I884NZE,4.8,5
B001V9MWWI,4.8,5
B00DNCXVDU,4.6,5
B00CGWSJK8,4.0,5
B001IZYQCE,5.0,5
B001VDP8AC,5.0,5
B001IZ1G8Q,4.4,5
B000GJ0I0W,5.0,5
B009QAJYES,4.4,5
B000PI2W94,4.2,5
B002Z0QJRG,4.4,5
B0033D2ONC,4.2,5
B0036RH8XQ,4.6,5
B001IZ9H7I,5.0,5
B00DCV147C,4.4,5
B001V9OFKA,4.8,5
B002PZ53Y6,4.0,5
B000FIS9SC,4.6,5
B000GF5UFE,4.8,5
B001IMP7KC,4.6,5
B005L8YVV0,4.6,5
B00DNK5FMW,4.6,5
B009Q81K4W,5.0,5
B000C1Z1S8,4.2,5
B00A9XKK80,4.0,5
B000JJIUO0,4.2,5
B00061MPI8,5.0,5
B00EO044QI,4.2,5
B004RSU0DI,4.0,5
B0047RYPNK,4.2,5
B002Z37UXA,4.6,5
B00AE87A8I,4.6,5
B002Z5S096,4.0,5
B009WZWXRC,4.6,5
B002GYQ958,4.2,5
B000O58KA8,4.2,5
B001VBG330,4.2,5
B004PX34PG,5.0,5
B004RSLBR2,4.2,5
B00BV8GWK2,5.0,5
B002GZPUHA,5.0,5
B002GZP7TG,4.0,5
B005DMYIZS,4.8,5
B000C1VWNQ,4.8,5
B00449Q53O,4.2,5
B002GZTZ1M,4.0,5
B002GZU38G,5.0,5
B002GUUO9O,4.2,5
B00ABOY5PG,5.0,5
B00BV8T2MM,4.2,5
B000FIDP72,4.8,5
B004WAPSTW,5.0,5
B002GQ3FAI,4.4,5
B005L4RDVY,4.8,5
B000CD1S7O,5.0,5
B003GU0YQ6,4.8,5
B00AMPP1U2,4.8,5
B006ZQELCQ,4.2,5
B00IIUK41E,4.2,5
B002GPYZBW,4.2,5
B000CPJ58G,4.0,5
B001IMBR56,4.4,5
B002GPMNZM,4.0,5
B007L8LII2,4.6,5
B005DNTA5U,5.0,5
B000C1VWKY,4.8,5
B003GW79FI,4.6,5
B004RSU1JG,5.0,5
B00AGS3QPM,4.0,5
B003AYC0BA,4.8,5
B005QG50ZI,4.2,5
B001IKLYGA,5.0,5
B00AE8ZUUS,5.0,5
B004VM9LEY,4.0,5
B002GT361I,5.0,5
B005HT2T4E,4.0,5
B001ILHMTW,4.6,5
B005NERD76,5.0,5
B009PUV7QW,4.6,5
B009WZQRTM,5.0,5
B005DREIQC,4.2,5
B00GUOSL10,4.4,5
B001J9NAH6,4.2,5
B006H9LHSW,4.4,5
B002G7H1IY,5.0,5
B007KSWOV8,4.4,5
B001J9NCYM,5.0,5
B002G7EXGM,5.0,5
B0033L50RQ,4.6,5
B00I53E2T4,5.0,5
B001J9PA8S,4.8,5
B002G7CPLM,5.0,5
B002H9N5V8,4.0,5
B0046HG8C2,4.0,5
B002YK5504,4.0,5
B000RPPLTS,4.2,5
B000O6CMZG,4.8,5
B001J9LL72,4.8,5
B005QZKLBM,4.2,5
B00B5JW3A0,4.4,5
B00CH1EESY,4.6,5
B005HRA7N6,4.0,5
B006H9LDTK,4.0,5
B006H9LET4,5.0,5
B001VFQ40I,4.2,5
B0033I7WRK,4.8,5
B000O3RCWW,4.6,5
B001V9LBHA,4.4,5
B005DSNBI2,4.0,5
B002H95336,4.2,5
B002G7N0JS,4.2,5
B006ZBPTWC,4.6,5
B000GEZWPI,4.0,5
B002YK53ZQ,4.2,5
B00DD0B6SO,4.2,5
B000O70LJO,4.0,5
B0047VO1MG,4.8,5
B002HEW7VM,4.4,5
B004RRH3M0,4.2,5
B001JAH2O2,4.2,5
B002Z7FTZ2,5.0,5
B00BOJZE5M,5.0,5
B006HATYKO,4.8,5
B00CH3IOGA,4.2,5
B00HK7GTGA,4.8,5
B004DIW1EI,4.0,5
B002Q59LW0,4.0,5
B001JAH2SS,4.8,5
B009XE8T0W,4.4,5
B00E1LT5NC,5.0,5
B009FBTRMW,4.2,5
B007KOXNN0,5.0,5
B002YK53B0,4.6,5
B00BONE8R8,4.2,5
B007KPQGBA,4.2,5
B007KPEO9Q,4.0,5
B004DIXXCC,4.0,5
B00CMWYCDU,4.0,5
B002YJGZO0,4.6,5
B00EN57G8M,4.4,5
B000O3MHT0,4.8,5
B00062ACSW,4.6,5
B006ZAHDRC,4.4,5
B000PI0Y0I,4.2,5
B002H6R2Q0,4.8,5
B00DNAG8LY,4.6,5
B001V9LV1G,5.0,5
B001V9LUZ8,4.2,5
B004RRH9I8,4.8,5
B001V9LUY4,5.0,5
B00DCF3SUO,4.2,5
B001VEZIME,4.8,5
B00DO6RTOC,4.0,5
B002YSPYZC,4.2,5
B006ZW4TFE,4.0,5
B000C1Z1PG,4.6,5
B002Z7FSRQ,5.0,5
B000O6463W,4.8,5
B00CGZMEDI,4.4,5
B00HQWZK5K,4.2,5
B003AVNG48,4.8,5
B002GHVQ3U,4.2,5
B002H6SSH2,4.2,5
B0044B4GK6,4.2,5
B000RQEHRE,5.0,5
B000PI33JW,4.2,5
B0063U8PWG,4.2,5
B001J3ISOM,5.0,5
B000ML0TWG,4.8,5
B000PI33KQ,4.2,5
B005HWAML8,4.2,5
B0044B4GLA,5.0,5
B00JJIUQGM,4.0,5
B00B22VJUK,4.6,5
B0044B4GNI,4.2,5
B002YV9Q5I,4.2,5
B00AE26B2A,4.8,5
B0001S5TDY,4.4,5
B00HK5ZPOE,4.2,5
B00AMO47FS,4.6,5
B006H9JDLK,4.6,5
B004DJ1NQE,4.4,5
B003GF8SMS,4.2,5
B002GCT7W2,4.6,5
B004ASDLOK,5.0,5
B0009I4LEE,5.0,5
B0047PR2XW,4.4,5
B001J8DBHG,4.8,5
B0036QEWCM,4.4,5
B006H9JMJ8,5.0,5
B006H9JYTG,4.6,5
B006GF497S,4.8,5
B001J8LTPM,4.8,5
B005QZDEK2,4.8,5
B00AMNTOHA,4.0,5
B00B2F9B16,4.4,5
B001J8528W,4.0,5
B000O6AQ1S,4.2,5
B007KWUMT0,4.2,5
B004AS7JV6,4.6,5
B000PI38QU,4.6,5
B002YQMDW6,4.4,5
B0036YZ2IW,4.6,5
B004292BBG,4.8,5
B0041FSRIC,5.0,5
B00ENFN8BG,4.6,5
B004DJ3N0I,4.2,5
B006H9FG8O,4.4,5
B0001S6WYO,4.2,5
B000RPSHMG,5.0,5
B00B1T4T7E,5.0,5
B000NJOIY2,4.0,5
B001WAKHWS,5.0,5
B001KYO524,4.0,5
B00CR7SJVG,5.0,5
B006YRD9NI,4.0,5
B000OBCQQQ,4.8,5
B00A8GA5L0,5.0,5
B001KYO600,4.2,5
B00BS2RRMS,4.0,5
B001KYO65A,4.4,5
B0036FBCJO,5.0,5
B003FBMH34,4.0,5
B00EJXOM62,4.6,5
B000PMPZTE,5.0,5
B006YQM0ZM,4.0,5
B006JRI3PW,5.0,5
B00EJXUCQG,4.6,5
B0036FBUS2,4.6,5
B00DDKXALA,4.4,5
B000980PK8,5.0,5
B004VD76AY,5.0,5
B00A8JCK2E,5.0,5
B000GEJR9K,4.0,5
B001KYO0NS,4.8,5
B00AM0MRDQ,4.6,5
B002PBM4ME,4.8,5
B003FBOJJO,4.6,5
B006JPUU0A,4.6,5
B002DYY35Y,4.8,5
B000772HFW,4.0,5
B000NJJBIA,4.2,5
B002XHPUXU,4.8,5
B004RYY9I4,5.0,5
B00375W8Q4,4.8,5
B009XUTCCA,4.8,5
B000KE1A1O,4.8,5
B00484OWDA,4.2,5
B002IBR7F0,5.0,5
B00375WA8U,4.4,5
B000O2ME30,4.2,5
B002IEFW2M,4.8,5
B002QDTQ6S,5.0,5
B006JTH1OE,4.6,5
B000O2M818,5.0,5
B002XGQ5PI,4.8,5
B002IBFN1U,4.8,5
B0062UVQD2,5.0,5
B00ALZMEZI,4.6,5
B002XHNSDY,5.0,5
B001KYO8O4,4.6,5
B002ZJ9DUC,5.0,5
B002DVJDXY,4.2,5
B000K7MDVW,4.2,5
B00HF8TAU6,5.0,5
B009GLPHFW,4.8,5
B004WT70GC,4.6,5
B001WAKPOI,4.8,5
B0009VO8KI,4.2,5
B001KYOHFE,4.0,5
B004D9COJO,4.6,5
B000O2NUAQ,4.6,5
B000CCMP0E,4.4,5
B0001YQTLE,5.0,5
B005EGJVW8,4.2,5
B009GIMI5M,5.0,5
B0062W4WZO,4.8,5
B00JJ296GE,4.8,5
B002E52MXC,4.2,5
B005SW2RQA,4.6,5
B00CHPMX60,4.6,5
B000JL5MGC,4.2,5
B003AT4V4E,4.6,5
B000JL5KUA,5.0,5
B002E9ZWQC,4.0,5
B003FE3FMI,5.0,5
B003FE2ZE2,4.6,5
B007IVTK32,4.2,5
B009PCL37I,4.8,5
B003FE1SJK,4.2,5
B009PBSSAY,4.2,5
B0006LJCQQ,4.8,5
B006JCK7RY,4.8,5
B003324XBE,4.6,5
B001KY9W1I,4.2,5
B00H1X6KWG,4.4,5
B007IVCKUM,4.4,5
B00DDJM3GY,4.6,5
B002PC53ZS,4.8,5
B0002Z8OEC,4.2,5
B002XITYRM,4.4,5
B004DAM6ZA,4.4,5
B001KYNYIU,4.2,5
B000OA9Z4S,4.0,5
B001WAD7I4,5.0,5
B006ER5JNG,4.6,5
B004AZC3C4,4.8,5
B002XITYFE,4.2,5
B007INZFH0,4.6,5
B00BWIYNX4,4.8,5
B00JJZLG6Y,5.0,5
B002XITZN0,5.0,5
B001UICK3G,4.8,5
B000MUL1OC,4.0,5
B000LBWRYA,4.2,5
B004WEJVKU,4.8,5
B00GVKM29A,5.0,5
B002XITZC6,4.2,5
B002I9F22M,4.0,5
B00DDKX98Y,4.0,5
B002E2Y0X0,4.2,5
B0036FRUK4,4.0,5
B00D1C0O5U,4.2,5
B002HM5CKW,5.0,5
B004XG4MNI,5.0,5
B000768LVW,5.0,5
B004UEU4QC,4.2,5
B001WERMPY,4.8,5
B004VAWJ8G,4.0,5
B004RZ1XG4,5.0,5
B005NKD7SO,4.4,5
B0041M1RWS,4.8,5
B001KYROW2,5.0,5
B002ZNJIHG,4.0,5
B002IJT6Q0,4.4,5
B00DDMJ7U6,4.2,5
B006EK7Q48,4.2,5
B0042TURM6,4.2,5
B00CR944N6,4.4,5
B000O2K766,4.0,5
B00DZWO9UW,4.6,5
B005K6TNFW,4.2,5
B0046JJO6M,5.0,5
B007I5VBRG,4.6,5
B000POX4Y0,5.0,5
B0043NPD5W,5.0,5
B00DDMINTW,4.2,5
B000C1Z4OE,4.4,5
B00487RQOE,4.6,5
B001WRVQFI,4.0,5
B00BMU0UB6,4.8,5
B009XY487K,4.2,5
B00H6YLTDU,4.4,5
B00D1XVA8Y,4.6,5
B002DGV0U8,5.0,5
B00HHPKQAA,4.2,5
B006K561N4,4.8,5
B004RZAXGK,4.8,5
B002WZO0CK,4.6,5
B0033XKMFO,4.8,5
B004B3Y5M6,5.0,5
B000RHKD4E,4.2,5
B001KYS5Y8,4.4,5
B00AESDSPW,4.8,5
B001KYS0IO,4.4,5
B00D1XMF4C,4.2,5
B000RI3RQE,4.8,5
B004QEE88Q,4.8,5
B0008D4QKE,4.6,5
B004RZ26R4,5.0,5
B005ELN5MK,4.2,5
B001KYRV6Q,5.0,5
B00487X2XS,4.4,5
B00CHS3HOY,4.4,5
B006K1I26C,5.0,5
B004QEC6UI,4.4,5
B000OC0QDU,4.8,5
B001KYQ57M,4.2,5
B002ZNAHU8,4.6,5
B005TGFDIE,5.0,5
B000PHP8IC,4.2,5
B0033W21X6,4.8,5
B005I4CE20,4.6,5
B004B2J8UG,4.2,5
B002QDWW5U,4.0,5
B007ICJGZ8,4.8,5
B003F8USA6,4.0,5
B001KYQ7RK,4.4,5
B003F8UT28,4.6,5
B000993WWA,4.2,5
B001KYQDNS,4.0,5
B000RJDZNI,4.2,5
B004RRBUVA,4.4,5
B001KYQ2PM,4.4,5
B009W8UIVW,4.2,5
B004RYYA8I,5.0,5
B00A8AMRHG,4.2,5
B002DQIT7U,5.0,5
B009W8UH0E,4.4,5
B001KYQ3YW,5.0,5
B002DQBS5U,4.2,5
B005EII7SU,4.4,5
B001UFQCBA,4.2,5
B002IFNNUY,4.2,5
B00DZXJJXI,4.2,5
B001WAKUR0,4.0,5
B000MUWSLC,4.4,5
B000O2LVI4,4.0,5
B003F8QOHM,4.8,5
B007I725CE,4.2,5
B00BUPL8CI,4.2,5
B005NJZMQ0,4.6,5
B001KYQCIY,4.0,5
B009W8CHTS,4.2,5
B0046JG13Q,5.0,5
B00GW4OGR6,5.0,5
B0001ZWP84,4.0,5
B000POUFTW,4.4,5
B0009VNI2M,5.0,5
B0042TXGPG,4.0,5
B000FQNR6I,4.8,5
B002IG9FHS,4.6,5
B006JV49PG,4.4,5
B005I4Q5R0,4.8,5
B00B1UXCO4,4.6,5
B005THOQL8,5.0,5
B0047FATW8,5.0,5
B00A2XM8GO,4.8,5
B000FKGRSY,4.8,5
B001UE7D4G,4.4,5
B0036CGPLW,4.0,5
B00A2XQWIY,4.8,5
B002IGU41Y,4.4,5
B003F8THA8,4.4,5
B001KWZ1UQ,4.8,5
B00079310U,4.4,5
B002XO2J46,4.8,5
B00447BF18,5.0,5
B006FK5T9G,4.8,5
B004XJI9RU,4.2,5
B00DPJ40HM,4.2,5
B002ZAOOUU,4.0,5
B00J127WQI,4.6,5
B00JJ7SU8E,5.0,5
B00095P3US,4.2,5
B004WD2VIK,5.0,5
B00BQBM7YO,4.8,5
B006Z23B4E,4.6,5
B0041K8O8U,4.2,5
B002ETEJKW,4.8,5
B00HFFENNS,4.6,5
B005I035IQ,5.0,5
B00B1953U6,4.4,5
B005S6RT5U,4.8,5
B005HM4NT0,4.4,5
B002EZOMEY,4.8,5
B002EZMNBS,5.0,5
B000MQPUFM,4.4,5
B002XQ1XTQ,4.8,5
B006FLBMB4,4.8,5
B006ISW38A,4.0,5
B000RNNK0W,4.0,5
B005HLSJSC,4.4,5
B00CUXH0YY,5.0,5
B004TO7B00,4.4,5
B002ZAKOEK,4.8,5
B005I035H2,4.6,5
B001K4H9RW,4.6,5
B0036G2SMS,4.2,5
B001VUTUX6,5.0,5
B00HFG1JJ8,4.4,5
B00336WT3O,4.8,5
B002XO461U,4.2,5
B002XQ1VIY,4.2,5
B0036G15HC,5.0,5
B001UO696Y,4.2,5
B005NIT4O2,4.2,5
B007JGBU6Q,4.4,5
B0047KVURQ,5.0,5
B000O2R106,5.0,5
B002ZBEA7Q,5.0,5
B005HJRV56,5.0,5
B004804IFG,4.8,5
B001KIXRJ2,4.2,5
B002PIN6TM,4.4,5
B002HTX1VC,5.0,5
B00I81IS70,4.2,5
B00JJWYHBI,4.8,5
B007JGXFAA,4.0,5
B00AA4CH8E,4.6,5
B005SBCDRY,5.0,5
B0009VS7O6,4.8,5
B00AA4D4W2,4.6,5
B001VZ4T96,4.2,5
B001UO7DF0,4.0,5
B009WI2K04,4.4,5
B002XQ1VLQ,4.8,5
B002ER1BZK,4.6,5
B004AWQ4Q8,4.2,5
B005HZX8IY,4.6,5
B00CHFWG4E,5.0,5
B005RUHQPA,4.8,5
B007JPH5RK,4.4,5
B009G0E4TI,4.6,5
B003B3Q4WG,4.8,5
B004AWJ0RI,4.4,5
B002Q7SLFQ,4.0,5
B0043MOTJO,4.0,5
B0002DO57O,4.6,5
B000RNPJMO,4.4,5
B005LDE1JM,5.0,5
B006Z77X02,4.8,5
B0006LLZ3Y,5.0,5
B002HMMV56,5.0,5
B0063AGC8U,4.2,5
B002F57QJ6,4.6,5
B0063EIFCC,4.0,5
B002HMBU1C,4.6,5
B0047ZLHCY,4.4,5
B003B3PZE4,4.4,5
B002HMBU58,4.6,5
B009WLX7D0,4.0,5
B00A8WXXBI,4.8,5
B005RUHCVI,4.8,5
B002PJWGTM,4.8,5
B004QB54J6,4.2,5
B000C20ZHE,5.0,5
B002F3RED6,4.6,5
B002HNUDT6,5.0,5
B002Q7UU8M,5.0,5
B0002Z8XDE,4.2,5
B00433RJ0Y,4.4,5
B000JL1NQU,4.2,5
B002HO3A1S,4.0,5
B00433RJ7W,4.0,5
B004UGCCBA,4.6,5
B005Q0SBOG,4.6,5
B005E8PFK8,4.4,5
B0007D36JM,4.4,5
B004DDNQA6,4.2,5
B007JNXI8C,5.0,5
B0009W1KQ2,5.0,5
B005E8N21C,4.2,5
B009WJY7IQ,4.0,5
B002F3YTGQ,4.2,5
B00B2G0X1C,4.6,5
B004TGUH1S,4.8,5
B00373O5OE,4.2,5
B000GHVK0G,5.0,5
B004WD0UN8,4.8,5
B000L1TQG2,4.0,5
B000PHVNCC,4.6,5
B00BOJTZVG,4.4,5
B005SPU6UQ,4.0,5
B00332YVTI,4.6,5
B001ULBORQ,4.2,5
B005SQO9K8,5.0,5
B003FG6L36,4.4,5
B005SRJ9MK,4.8,5
B00BOJSZNA,5.0,5
B003FG3B02,4.4,5
B005SPEWNS,4.0,5
B003334V06,5.0,5
B002PFI3Y8,4.2,5
B002ED7BMG,4.2,5
B001KOTRF4,4.8,5
B00GVG8ELO,5.0,5
B0001XQNPM,4.6,5
B009WI0948,4.2,5
B00GVGLD94,4.0,5
B007J61ZFM,4.8,5
B00445IQTE,4.8,5
B003337JK0,4.2,5
B00J73PQSC,5.0,5
B00J2A1A6W,5.0,5
B002XOLJ24,4.2,5
B000FKGKL8,4.6,5
B002I05I7K,5.0,5
B001W8OI4S,4.0,5
B002I4HAPY,4.0,5
B000O2OWL2,5.0,5
B00A2WBJDS,5.0,5
B007IXA3X6,5.0,5
B00DQ1652C,4.4,5
B002I502US,5.0,5
B000O9LSQM,4.0,5
B000978WTK,4.2,5
B000GHVDPI,4.2,5
B000O9PHOQ,4.0,5
B002EAASYW,4.4,5
B000C1W02I,5.0,5
B004DAWPMO,4.2,5
B005KDVZ9M,4.2,5
B006JBUR6G,4.6,5
B00630M98W,5.0,5
B004DB4GJ8,4.6,5
B004TERPCE,4.4,5
B00D14FZ9I,5.0,5
B006JA53OS,5.0,5
B004RXH87O,4.2,5
B00BTIY2ZQ,4.8,5
B002EBMTX4,5.0,5
B0001XXC7O,4.2,5
B00427WK00,4.6,5
B0001YA2PS,4.8,5
B00481AS7M,4.8,5
B000NJJ6LW,4.4,5
B005NIU6TY,4.8,5
B00B2DYJK6,5.0,5
B002EBGLVA,4.0,5
B001KOTRAO,4.8,5
B009WI0SHQ,4.0,5
B00375L8N8,4.0,5
B00636XBQU,4.4,5
B000C216KO,4.2,5
B007JD28YC,4.0,5
B000C1VW9K,4.8,5
B002PHTYC6,4.2,5
B00333YQII,5.0,5
B005SJ0NP0,4.6,5
B002XQ1RLA,4.2,5
B00063FBBE,4.2,5
B00A8ODCMQ,4.2,5
B00375L8WO,4.0,5
B00333UBKA,4.8,5
B00HA6N9V4,4.4,5
B002HVX9SK,4.6,5
B000C216BS,4.8,5
B003B4NFU4,5.0,5
B002EP62EM,4.0,5
B0064AV8KG,4.0,5
B00BUO40VA,5.0,5
B004TGAGIW,4.2,5
B00BUO4164,4.8,5
B006Z0H4GC,4.6,5
B006J0VSQA,4.6,5
B001KKMBXS,4.6,5
B000C20ZE2,4.4,5
B0002Z8TTW,5.0,5
B00E0FZYGG,4.4,5
B004AQTJTI,4.0,5
B0041LIMWM,4.6,5
B0036FTF02,5.0,5
B002PFSW8A,5.0,5
B002EECYM2,4.2,5
B000RNC6WU,4.8,5
B001ULRF0G,4.2,5
B006J5V9B4,4.8,5
B005KJ356C,4.2,5
B0002Z8TB0,5.0,5
B000O92N0W,5.0,5
B005SLP0B0,4.4,5
B0002Z8STS,4.8,5
B002EDM6CQ,4.0,5
B000MT8K2Y,4.0,5
B006YZN5VQ,4.2,5
B0002DL28Y,4.2,5
B005HJK6XU,4.0,5
B000RNIO2Q,5.0,5
B00CZEDDKS,4.0,5
B00333MFFE,4.2,5
B004WTZ9BK,4.6,5
B000K879SI,4.0,5
B003B5LOV0,4.6,5
B000JL3VK6,4.0,5
B00333G55K,5.0,5
B002HX8M3U,4.6,5
B002ZG8DDS,5.0,5
B00CN61X0A,5.0,5
B00DBQQ090,5.0,5
B00307EDAS,4.6,5
B0020MMBVW,5.0,5
B000FKJPZ6,4.8,5
B000P1TYF6,4.2,5
B0060NQ1J0,4.8,5
B00243FKNS,5.0,5
B001PLL0UW,4.8,5
B002LTZV2K,5.0,5
B000FL60YE,4.2,5
B001PLMQ0U,4.0,5
B004BYSOVS,4.8,5
B000Q31NCK,5.0,5
B006T58WBY,4.4,5
B004A24Q7W,4.8,5
B002LU4PMG,4.6,5
B00A5ZMZW6,4.6,5
B005O1LGDK,4.4,5
B000P43JWC,4.0,5
B0006PJTFG,4.0,5
B001PKXNN0,5.0,5
B0041TA6KA,4.2,5
B0009F3RJW,5.0,5
B0031AFRA4,5.0,5
B003D18J8I,4.4,5
B004BZCEE0,4.6,5
B00D8RUXPO,4.2,5
B0068MS4A2,4.8,5
B004R7GKO2,4.8,5
B001PJD64M,5.0,5
B0009N4LGW,5.0,5
B005MWABPA,4.6,5
B00BR45PQC,4.8,5
B006RQMB9O,4.6,5
B005XXSGSC,4.4,5
B000FL9EJM,4.8,5
B0009EXO46,4.8,5
B003552FGE,4.2,5
B0027VKOQ0,4.0,5
B001PN0LD2,4.6,5
B0009EXO50,4.2,5
B000LNG23A,5.0,5
B001PN33PA,5.0,5
B003CYKP5Q,4.0,5
B000NRUZUU,4.4,5
B0046VJUMI,4.6,5
B0045R39N4,5.0,5
B0077S11Q0,4.8,5
B000P43JUE,4.2,5
B0045PKGE6,5.0,5
B00243FKS8,4.0,5
B009LNZ7F0,5.0,5
B0006BECPC,4.8,5
B0006PJSLQ,5.0,5
B0027WQBES,4.6,5
B0077S32O4,4.2,5
B004R7IX4M,5.0,5
B00ACPI6UO,4.6,5
B00A03J8F0,5.0,5
B00IUOPIXC,4.0,5
B00CTN3GKC,4.4,5
B000C1ZBZG,4.8,5
B00AJIY66M,4.8,5
B004U3XNLG,5.0,5
B002LOUF62,4.8,5
B00B67FI1M,4.4,5
B002LOZWXI,5.0,5
B000NSN98O,5.0,5
B001PBRSD0,4.6,5
B001PBSQCW,5.0,5
B004UWQYEA,4.6,5
B002NM0RU6,4.6,5
B005MIMHKQ,4.4,5
B004R719BQ,5.0,5
B00285TNK8,4.0,5
B000GG854Q,4.8,5
B000N5QWA4,4.0,5
B00DUGS7Z6,4.2,5
B005XR31MY,4.0,5
B001PDLVC2,5.0,5
B002LN4HNK,5.0,5
B002TK31IW,4.4,5
B00EA5AA6U,5.0,5
B00785G9D2,5.0,5
B00H03VATU,4.2,5
B001PBKP44,5.0,5
B0023SDJCS,4.2,5
B001PBMAAG,5.0,5
B005IVZ31C,5.0,5
B001SAQEP6,4.2,5
B005XQTE62,4.8,5
B00A013VZK,5.0,5
B003D2AT30,4.0,5
B002TJHXBO,4.0,5
B000LQL1BU,4.8,5
B00D8UNC7W,5.0,5
B000P1JSS4,5.0,5
B006RM3Z8O,4.6,5
B002833BK8,4.2,5
B00COP6DBE,4.2,5
B003D1L55M,4.0,5
B00242QNHQ,4.6,5
B003BU4IQI,5.0,5
B005XS244Y,5.0,5
B001PHLCSQ,4.2,5
B001PI2536,4.8,5
B00781ZSV0,5.0,5
B005XS2EJ4,4.6,5
B00282HTI4,5.0,5
B00285LNDI,4.8,5
B005ONFHHO,4.0,5
B0074442KY,4.0,5
B006RKJ9IG,4.8,5
B009SNBHOS,4.2,5
B009LLMLNS,4.2,5
B00284JRP0,5.0,5
B001PF8C6S,4.2,5
B006VXTAF6,4.8,5
B0043D5R6M,5.0,5
B009SNBGOY,4.8,5
B002NLOK8M,5.0,5
B00DFN45NC,5.0,5
B000M4VX64,5.0,5
B003D1QUYI,4.4,5
B0077RQ3J6,4.6,5
B005Y1ZYP6,5.0,5
B0077RPXE2,4.4,5
B004UU05YC,4.2,5
B0027ER5P0,4.6,5
B00E9G1W8U,4.4,5
B004AHF1O4,4.6,5
B00462JLSA,5.0,5
B009RS05SI,4.0,5
B0024H0XZY,4.2,5
B00HCM3RVI,4.8,5
B003BX7I1C,5.0,5
B000JYY0PS,4.2,5
B0006NYUSY,5.0,5
B0045SUJU4,5.0,5
B005MU0WRO,4.0,5
B002T5G92C,5.0,5
B000NCTX3A,5.0,5
B0060M97K6,4.8,5
B005MJVLC0,4.2,5
B004BVMHI2,4.0,5
B00JH3K6DM,4.2,5
B000Q33CKG,5.0,5
B00B28RO0I,4.6,5
B00CX0JOKC,4.4,5
B004UB9YSY,4.6,5
B005YESDXI,4.2,5
B0060MD29I,4.4,5
B0039V4NDW,4.4,5
B0027G760W,4.4,5
B000N7BARC,4.2,5
B000GHYRWY,4.6,5
B000GCW4TC,4.0,5
B0039UVPHU,4.6,5
B005YGFTT2,4.6,5
B0077CNNM6,4.8,5
B009SDL2KM,4.8,5
B00A0ZH2M4,4.6,5
B0074EIAEI,4.0,5
B00392X9UO,5.0,5
B002NGMHUK,4.6,5
B00A0YCFT0,4.8,5
B0045SYBVC,4.6,5
B0027AD1CK,4.8,5
B005YNB3AY,4.2,5
B001PYZC2G,4.0,5
B009LXEQWU,4.8,5
B00685SLSY,4.6,5
B003CSPNA4,4.8,5
B0074EGU9A,4.6,5
B002T58CSQ,5.0,5
B00686SDH2,5.0,5
B00B213B9I,4.8,5
B0034G8VCQ,4.6,5
B00DUQ5MUO,5.0,5
B0077BVXS8,4.6,5
B0074EGMSE,4.6,5
B000QDNXBO,5.0,5
B002T5BXA0,5.0,5
B00DGY6FNI,4.6,5
B0077B267U,4.6,5
B00A5MQE94,4.2,5
B000GACZSE,4.4,5
B0002JMQW4,4.2,5
B0068DL4P8,4.0,5
B002T7LOJS,4.2,5
B00243FWOA,4.2,5
B00IGW6H5Q,4.0,5
B002T77UR8,4.8,5
B0077QL13K,4.4,5
B000P41ECO,4.2,5
B00I3JXJOE,5.0,5
B005Y4JB6Q,4.2,5
B00D8N4RW8,5.0,5
B0077QKKUU,4.0,5
B0027QM1KW,5.0,5
B001PPMLFQ,4.8,5
B000P41D3Y,4.4,5
B006SHY24Y,4.0,5
B009LO0JOS,4.6,5
B0027SU56W,4.4,5
B002RTXV08,5.0,5
B000N5WRTO,4.6,5
B00CK2D75Q,4.0,5
B00749GYK0,4.6,5
B003552FE6,4.0,5
B003CYKOD4,4.6,5
B0068DDPH8,4.4,5
B000P20RNS,4.0,5
B000GA9QRC,4.4,5
B000M4AB8K,4.6,5
B000P20RRO,5.0,5
B000QF53T2,4.2,5
B0077PG3DY,4.0,5
B002T6Z76A,4.4,5
B0042D6I2A,4.6,5
B001S0OH00,5.0,5
B006VM6H62,4.2,5
B0009OMNWA,4.4,5
B00DUNDEWA,4.4,5
B00392A6NW,5.0,5
B005YEHPDM,4.6,5
B001PTFVE0,4.4,5
B00CK3WRWO,4.0,5
B00DFQP06A,4.4,5
B0032C50Q2,4.6,5
B006VOY51Y,4.4,5
B000M3VYKA,4.0,5
B00IZ6KK38,4.8,5
B004X8GE9G,4.4,5
B006SJORH4,5.0,5
B0041XIOQ4,4.8,5
B003552D02,4.6,5
B005GQSL7C,4.0,5
B000JYNN42,5.0,5
B002LYXOAG,4.2,5
B005G3C5NG,4.0,5
B0031ETCZ6,4.2,5
B000C1Z8AO,4.2,5
B0031EUAK2,4.4,5
B005IKFQZ6,4.6,5
B005IUH66I,4.8,5
B000KOI4HC,4.4,5
B004W2XRCK,4.6,5
B001PB3EGK,5.0,5
B0043TUEF0,4.2,5
B005MFATIG,4.4,5
B00EAQKNDO,5.0,5
B005IYW5WY,5.0,5
B002TXN5L2,5.0,5
B002LMC3UA,4.0,5
B001P2NZRM,5.0,5
B00694LBEU,5.0,5
B00DU6DWVA,4.4,5
B002LMD63I,4.8,5
B000KOM91Y,4.8,5
B0022XIPB4,4.8,5
B0078X6JSO,5.0,5
B000CBNGI0,4.4,5
B000K3E55S,4.8,5
B007901WZG,4.6,5
B0007PF7OM,4.8,5
B0041T7IKG,4.0,5
B000FL4424,4.8,5
B003DDB9SI,4.2,5
B005XBDL9I,5.0,5
B00CLLPX1M,4.0,5
B000N3VVLG,4.2,5
B0031133KE,4.0,5
B005XBF9SE,4.2,5
B003116NUG,4.8,5
B0028R163S,4.0,5
B00JLS9UBM,4.2,5
B000NND984,4.2,5
B00A6GEIVK,4.2,5
B000KHMROK,4.2,5
B000QMMGGI,4.6,5
B00CNYHT82,5.0,5
B000CFILS6,4.4,5
B00022UEZ2,5.0,5
B0009Q658G,4.0,5
B00A6FM0W0,5.0,5
B004U1NH4G,5.0,5
B0035AK3MW,4.4,5
B000GCWGGS,5.0,5
B004SIZOQU,5.0,5
B004UQ2EWM,4.8,5
B006W3C3TU,5.0,5
B00A6FBFSA,4.0,5
B0006ICDAG,4.6,5
B00694GSWK,4.8,5
B004U1IDH2,4.2,5
B004V1ZTUK,4.0,5
B001SHLJZ4,4.4,5
B0041T7LVC,4.2,5
B0035AMC7G,5.0,5
B0035AKSA4,4.2,5
B000GHYOLI,4.2,5
B00B0YDLMY,4.2,5
B000NNETS8,4.0,5
B002TXFZDS,4.6,5
B003DA4O7Y,4.2,5
B0023ARU2Q,4.2,5
B0043IS1YC,4.8,5
B001OTG9U6,4.6,5
B0035BAWVS,4.0,5
B00EAVQOVE,4.6,5
B00AI31DMI,4.0,5
B0007PCBXC,4.2,5
B006R01I9Y,4.8,5
B000N3EGDG,4.4,5
B005X9IFEQ,4.8,5
B0009QZXJS,5.0,5
B00B3CUSRY,4.4,5
B0045L6M84,4.0,5
B000OZ4ZUC,4.6,5
B0028T4HWS,4.8,5
B0073X2D02,4.2,5
B0009QZXMU,4.6,5
B007971XQC,5.0,5
B00A3VO4CQ,4.0,5
B005IZS1LM,5.0,5
B00EAY3HSO,4.8,5
B00DU06X62,4.6,5
B000CIBX4C,4.0,5
B004X2XDV4,4.6,5
B00A6HER74,4.8,5
B009NU9S56,4.8,5
B00B46LNIC,4.4,5
B000C1W23U,4.4,5
B00795YCTE,4.8,5
B00795Y55U,4.2,5
B004VSJO1S,4.2,5
B006R1TJX0,5.0,5
B000N3NRHC,4.2,5
B0009ET8T6,4.4,5
B001OXZT3K,4.8,5
B006R0WXZW,5.0,5
B002U2GD8O,5.0,5
B00COU4YL0,4.4,5
B00E5OCYCY,5.0,5
B0079285RC,4.4,5
B000N3RNB8,4.2,5
B0002MJCDW,4.2,5
B004SK4GEE,4.2,5
B003A2PVRC,4.4,5
B002U1DNL0,4.6,5
B001OZU9YC,4.8,5
B009SSP9A6,4.2,5
B001OXO6PW,4.2,5
B000OZJNQS,4.6,5
B00AFIT5EO,4.4,5
B002NTAAII,4.6,5
B00D5FZCY6,4.4,5
B0028SGHJA,4.4,5
B002LM9K5G,4.4,5
B0006NY3TU,5.0,5
B00CJHOOJU,5.0,5
B000JWK4IC,4.2,5
B003DGL688,5.0,5
B00793CHLG,4.2,5
B005X9UUVC,4.6,5
B0041T7CSO,4.4,5
B0028SALLA,4.2,5
B005X9V5J8,4.8,5
B00EAI11YW,5.0,5
B0023ASEOE,4.0,5
B005IVZ4ZC,5.0,5
B000C1Z728,4.2,5
B002RT728K,4.2,5
B00EA5AR36,4.4,5
B005XNALC6,4.4,5
B005OPPBI2,5.0,5
B000QHACOQ,4.4,5
B001P83MJC,4.6,5
B005IVZ4YI,5.0,5
B00DUFLTW0,5.0,5
B00743VA78,4.6,5
B0038T64KK,4.4,5
B00HH64GGY,4.0,5
B00HOEQP22,4.0,5
B000QHJS2S,4.6,5
B00788RN02,4.2,5
B00GYKN3VI,4.2,5
B00788WHHQ,4.4,5
B003A0HAR8,4.6,5
B00HOJ1FPE,5.0,5
B00743INNC,4.6,5
B005XJ44WI,4.8,5
B002TOGLF8,4.0,5
B004R6KBBQ,4.2,5
B00EA5AWXG,5.0,5
B005GS3JWW,4.0,5
B003D7G1D2,4.6,5
B000P0PBAO,5.0,5
B00EA5AW40,4.8,5
B000C1UFPW,4.6,5
B000GCUEJY,4.8,5
B00DUFCYOM,5.0,5
B000P4ALDC,4.8,5
B001SAZPLA,4.0,5
B004VTFR68,4.4,5
B0006PKEZ0,4.4,5
B00743VB5O,4.4,5
B0002KAJ5Y,5.0,5
B00DWKRDBE,4.8,5
B005IVZ3I0,4.6,5
B00B8ZWKQS,4.2,5
B000QGDZ4G,4.0,5
B000FTP1H8,4.2,5
B000C1VY5C,4.2,5
B0023RVWQ4,4.0,5
B00787OGSA,4.6,5
B00ACSTQ14,4.4,5
B004R6RWS6,4.8,5
B0006PKH9S,5.0,5
B00CJSGFLE,4.4,5
B00BR3JG6S,5.0,5
B0028BTVHM,4.8,5
B000GBGOI0,4.0,5
B0006PKFF4,5.0,5
B000KOJVYM,4.4,5
B00ACSOAOM,4.4,5
B005IVZ452,4.8,5
B000P4U3WQ,4.8,5
B00JFO4HY2,5.0,5
B009ZYLRAO,4.4,5
B005ONU6N4,4.8,5
B00023AIVG,4.4,5
B005IVZ43E,4.8,5
B0006PLP9O,5.0,5
B0045M0WO8,4.8,5
B00A6FAXOM,4.0,5
B0041T9CK0,4.6,5
B0023AX72I,4.4,5
B005IW9NCG,4.8,5
B0078HTLJY,4.6,5
B0078H4ZVS,4.2,5
B0078G8TXY,4.8,5
B005IW84BM,5.0,5
B005MGRYYW,4.0,5
B004V0RM4C,5.0,5
B005GS4DAE,4.6,5
B0045LSYRG,5.0,5
B00B4UDUVG,4.4,5
B00ACUH2ZE,4.6,5
B00DFHGHQQ,5.0,5
B0002LJUXU,4.8,5
B007408PIS,5.0,5
B000P0DBFG,4.2,5
B002TVIDEI,5.0,5
B002NPPT2E,4.8,5
B0028LNRBI,4.4,5
B003D8TG4C,4.6,5
B004X8ICIM,5.0,5
B002LMHCE2,4.2,5
B009ZVHRY2,4.0,5
B002TTK20I,4.4,5
B000QI51VY,4.4,5
B000JWO7TE,4.8,5
B009ZVP2YY,4.6,5
B000QJ9MHW,5.0,5
B005XGGR5I,5.0,5
B000M5DTWO,4.2,5
B000CBJ5EY,4.2,5
B0023C08XM,4.8,5
B0023C2GSC,4.4,5
B006RGMHLQ,4.0,5
B003156OL0,5.0,5
B00B3FQRLM,5.0,5
B00356K6T6,4.6,5
B000NNH8L8,4.2,5
B002TQ2EW0,5.0,5
B000N4GAJS,4.0,5
B00BPEVXLK,4.8,5
B0078FILXI,5.0,5
B009NQS7RK,4.2,5
B009LEPED4,4.2,5
B005XF7PX2,4.8,5
B003156OF6,5.0,5
B000N4ECJS,4.8,5
B0028H3DNY,4.6,5
B0038SC6GC,4.2,5
B005FUEHC2,4.8,5
B0006PQDAK,4.0,5
B0060P1VMU,5.0,5
B00EA5B8HU,5.0,5
B000K2DIWA,4.4,5
B0027A5HEK,4.8,5
B00307G95A,4.4,5
B0031WUV8K,5.0,5
B002MXPBY8,5.0,5
B001QYKWWK,4.6,5
B00A0IWSOS,5.0,5
B002S8TXW8,4.2,5
B0026IDPKG,5.0,5
B00CO60152,4.6,5
B0046QTCB2,4.0,5
B000C1W5WI,4.2,5
B000Q3CI0G,4.8,5
B005GHJS3W,4.8,5
B0066SQ8HO,4.4,5
B00ACIDJG2,5.0,5
B00E87CO2I,4.6,5
B000P2558K,4.2,5
B009RUZ194,5.0,5
B002SPVCUC,4.8,5
B00A0IWSJS,4.8,5
B002SPX09S,4.6,5
B00763M0HA,5.0,5
B000KJ4UHK,4.8,5
B0031WEX1Q,4.0,5
B003C548NA,4.2,5
B006U6MTVG,4.8,5
B002S8TP5I,4.2,5
B004U7HWCI,5.0,5
B0002J3KXI,4.4,5
B000P253ZA,4.6,5
B00E8C7GB2,4.2,5
B004U7ICW2,5.0,5
B005IQ7XKQ,4.8,5
B002SPVMO8,4.8,5
B001QZ59Q8,4.6,5
B002S8VNXA,4.6,5
B000C1UECQ,4.2,5
B004VVRYNK,4.2,5
B00B3TKVEW,4.6,5
B000P258Y6,4.0,5
B00755JD56,4.4,5
B005ZU1NXS,4.4,5
B004W2OQOI,4.4,5
B00JH008QU,5.0,5
B004BJL8QQ,4.2,5
B00DVE02SC,4.0,5
B000C1Z958,5.0,5
B001RRCLHK,5.0,5
B004AAMEO6,4.0,5
B00JGX9C6A,4.4,5
B00E6WSMA8,5.0,5
B0043R53I0,4.2,5
B003CHX4LK,5.0,5
B000NO89OC,4.6,5
B006UETCLS,4.0,5
B000Q6MYFW,5.0,5
B00JGX8JC8,4.6,5
B002SOHP7M,4.0,5
B00DV82GCI,5.0,5
B004602SGO,4.8,5
B000Q6RHOA,4.6,5
B00CWEB7EU,4.2,5
B005OCFO2S,5.0,5
B005GMYNA0,4.2,5
B0031Y0Y2Q,4.6,5
B000FLZWGG,5.0,5
B00027D8QE,4.0,5
B000GHIVTE,5.0,5
B001QXDZI4,4.2,5
B00D7IMDZM,4.2,5
B00DV2Q1UC,4.6,5
B000Q7U71Y,5.0,5
B004BIZGOM,4.2,5
B0067QXFCG,4.8,5
B00750EZAE,4.2,5
B002N9B9ZG,4.6,5
B004SA0KYY,4.6,5
B001QWEBEW,4.8,5
B00CLENWS0,4.2,5
B00E8HSJ40,5.0,5
B00IJVCWJY,4.2,5
B007512E7E,4.6,5
B00A0HV606,4.8,5
B004X75RCM,4.8,5
B0074ZJA32,4.8,5
B0041U4VHS,4.6,5
B001QWCBF8,4.6,5
B00DGJM37U,4.0,5
B001QVT2JM,4.8,5
B0076AXKMW,4.6,5
B001RV2180,4.2,5
B001RV00OC,4.8,5
B00B3R2YVM,4.6,5
B0041U1TNM,4.8,5
B00CLEXGJU,4.8,5
B00COEIYAI,4.0,5
B00B12T0P2,4.4,5
B004WOW03U,5.0,5
B001RTSUDC,5.0,5
B0060E8H1Y,4.8,5
B0006NZNJY,4.0,5
B00E6SH6I6,5.0,5
B0039K40PY,5.0,5
B005ZN389C,4.8,5
B001QXA1LS,4.6,5
B000GCUZX4,4.8,5
B000GHYT7C,5.0,5
B009MR7S6G,4.6,5
B001QXDBDI,4.6,5
B004S9SL0U,4.4,5
B0060EWSRI,4.6,5
B006U48KAC,4.0,5
B002SPYWW2,4.2,5
B0026NUGIU,4.2,5
B0026NED8O,4.2,5
B005GMYPQ2,5.0,5
B0026N98Z2,4.8,5
B0034KANS2,4.8,5
B005GFXJSO,5.0,5
B006UWDAUY,5.0,5
B00E8G2NT8,4.2,5
B00A4LLG94,4.2,5
B001RTSUDM,5.0,5
B0007TJOGK,4.2,5
B0075ZWCTU,5.0,5
B000Q6KMFQ,4.6,5
B0041VD5ME,4.8,5
B00DVO5COQ,4.6,5
B004WP4BL8,4.8,5
B001RC2V3O,5.0,5
B002614J80,5.0,5
B000P275AG,4.6,5
B00DVJWW3U,4.0,5
B00B3W1RA6,5.0,5
B00604MV02,4.0,5
B0039PIFSM,4.2,5
B0034KWJNO,4.2,5
B000NBWZW2,4.4,5
B00DGADC24,4.0,5
B0034KWN3U,4.2,5
B00CW91RC2,4.6,5
B004AGF8O8,4.4,5
B00604MRQ0,4.0,5
B005IQ20WW,4.8,5
B000Q58BX2,4.2,5
B00322SZFA,4.0,5
B0075J6BWK,5.0,5
B0006GQA48,4.4,5
B001R96PW0,4.4,5
B00BUD5JMU,4.6,5
B001R9FHIS,5.0,5
B00267NPPC,4.0,5
B004BL7ZC0,4.8,5
B000Q4SI7C,4.4,5
B00HHE99P4,4.2,5
B004S8BEK0,4.2,5
B00BWAN9UK,4.4,5
B006081NOI,4.2,5
B004S89NAS,4.6,5
B00324D7E2,4.6,5
B00324DNF0,4.2,5
B003CE0CV8,4.0,5
B00E78IMTC,4.2,5
B000GCUKFC,4.8,5
B001RJMQW8,4.2,5
B000C1W4NS,5.0,5
B0006O0LP4,4.6,5
B00B8JSHHK,4.0,5
B000P276BE,5.0,5
B0034KMX8U,4.8,5
B0075CK0XS,4.6,5
B00027CFG8,4.2,5
B0075FII7U,4.0,5
B004R7QQGO,5.0,5
B00E7GTZO0,4.4,5
B0041VH016,5.0,5
B005O561A4,5.0,5
B004BNB2S6,4.0,5
B002N5MK12,4.2,5
B001RETZEA,5.0,5
B000NOIEAQ,4.8,5
B005ING9DG,4.4,5
B0039OZ2GQ,4.2,5
B0002I0UJQ,4.0,5
B002613TOK,5.0,5
B003CGYK7S,4.6,5
B0075SU6ZY,4.0,5
B0031YR5CS,4.0,5
B002SKFKZU,4.2,5
B00H3O2MT8,4.6,5
B006UHHEOW,5.0,5
B005GIQL9K,4.8,5
B004R7PETE,5.0,5
B009MXZVM8,4.2,5
B005IMHE4A,4.4,5
B0026C13OC,4.8,5
B00BOF733M,4.0,5
B005OARAZ4,4.6,5
B009MXZ1I2,4.0,5
B003CHRLY6,5.0,5
B00260HH6W,4.0,5
B000P25CQK,4.6,5
B002MYU5W0,4.8,5
B00260NL8A,4.4,5
B002N61M56,4.8,5
B0039MH4BE,4.0,5
B000Q3YJ08,5.0,5
B00AB3ZMK4,4.8,5
B000FM39B0,4.0,5
B00E6ZA94W,4.0,5
B003CHSRCQ,4.0,5
B001R4CLBE,4.0,5
B00JMNWTCI,4.2,5
B00322K6VG,4.2,5
B000P27556,4.4,5
B004BKWYH2,4.0,5
B001R5UWUA,5.0,5
B0067FOR9M,4.6,5
B00D7ZF8PC,5.0,5
B0041V2KLQ,4.8,5
B00DVOFJCG,4.4,5
B00027D2O2,4.2,5
B000CEOSNY,4.8,5
B004R7PQ9W,4.2,5
B00027D2LA,4.0,5
B00A4CNA4C,4.8,5
B0006G80QY,4.4,5
B00027D86O,4.6,5
B001R4CLF0,5.0,5
B0031ZX7QK,5.0,5
B0006O2HO2,5.0,5
B001R4PPPS,5.0,5
B001ROV75K,4.0,5
B00326IBLY,4.4,5
B0007Z66P6,4.0,5
B005GJ3HAK,4.4,5
B004WP46GS,4.8,5
B001R5GF42,4.8,5
B005O5526I,4.8,5
B005ZY7NCY,4.4,5
B00BOFJY5C,4.6,5
B00D7VRVH4,5.0,5
B0031SXU3C,4.6,5
B000Q7VCZ4,4.4,5
B00770K6YG,4.0,5
B000N967MS,4.2,5
B009RT0RVC,4.6,5
B002SVKKCC,4.2,5
B00461G7M4,4.6,5
B00DFUO0ZI,5.0,5
B000N967NC,4.4,5
B005G62P92,4.2,5
B004RBI5RS,4.2,5
B0007RRO6E,4.0,5
B0046N0FQQ,5.0,5
B0043R8TQI,4.2,5
B005MO5BG2,4.2,5
B000P22VFU,5.0,5
B00684ENC8,4.6,5
B0076WJSGW,4.0,5
B00770K7QI,4.8,5
B00IZMBKFY,5.0,5
B001Q9QMK6,4.0,5
B00B1GK7SW,4.6,5
B002SYXH0G,4.2,5
B005IMHBA2,4.4,5
B002MAT70A,4.2,5
B006TD2582,4.0,5
B00HMIOALI,4.8,5
B00A5ERI6K,4.0,5
B002SWCU8I,4.2,5
B00CKFU0SA,4.4,5
B006TD3SIS,4.0,5
B002710LOA,4.8,5
B0009OMNIY,4.8,5
B0031NLI8Q,4.8,5
B0076TCYEI,5.0,5
B000289CQI,4.2,5
B000GHYSDM,4.8,5
B0066PFBES,5.0,5
B00E6HR63C,4.2,5
B002STZT20,5.0,5
B00025G22S,4.2,5
B004USSELU,4.2,5
B0009F3MRY,5.0,5
B002MHGUSU,4.0,5
B00DUW72JW,4.4,5
B004U6J006,5.0,5
B004X7W0S6,4.8,5
B0066NBROI,4.0,5
B009SB2RLC,4.0,5
B001QEPN5G,4.6,5
B00DW5KH44,5.0,5
B002NDE2YW,4.0,5
B000GAO942,4.8,5
B002MFTCSW,5.0,5
B0025L5SEA,4.2,5
B009M7HD5W,4.6,5
B002S01MRK,4.0,5
B000P22YE8,4.2,5
B000N97T02,4.2,5
B005G7FOV2,4.6,5
B005YXCWOU,4.2,5
B0034JUU3G,4.2,5
B00AAXGYAM,4.0,5
B00BR6SXBO,4.4,5
B003CR4SEC,4.8,5
B00E9BRX3S,4.2,5
B00HLZIR70,4.4,5
B005O1RQQ6,4.8,5
B000QC8SCY,4.6,5
B0060LQV74,5.0,5
B006T7GJDA,4.6,5
B004UT9666,4.8,5
B00023QUEK,4.6,5
B00CW64R2M,4.0,5
B004BUVRCK,4.4,5
B004UT4GP2,4.8,5
B00AFZ1YZ0,4.0,5
B0066BF83G,4.8,5
B001Q51NOU,4.6,5
B006T7JV80,5.0,5
B00JOOJ5E0,4.6,5
B002RWBD0U,4.6,5
B009NKQF8O,5.0,5
B0031KI7XI,5.0,5
B00685PN8A,4.2,5
B000N8GMEM,5.0,5
B005G4FEAG,4.2,5
B005YP4WGE,4.2,5
B000NCTWXQ,4.8,5
B0046VEND4,4.2,5
B000FLI6KA,4.4,5
B00HO1P0ZS,4.0,5
B005YP675S,4.6,5
B009LZTWZE,4.0,5
B005YPYRIW,4.0,5
B0042I6Y10,4.6,5
B002RZUIAI,4.6,5
B00771V18K,4.6,5
B00CSXW294,5.0,5
B00ACN4OMK,4.6,5
B0041TF5YW,4.8,5
B00E6BOPWS,4.0,5
B001Q8BSE2,4.8,5
B001Q8DNTK,4.2,5
B005G50XI8,4.0,5
B0002GRIHU,4.0,5
B000N93A1O,4.2,5
B006VFWT0M,4.0,5
B002SZ22RE,4.4,5
B000NCQHI4,4.6,5
B0074L3RZI,4.8,5
B0042DFATW,4.8,5
B001Q5CO1G,4.6,5
B0041TF3UI,4.2,5
B0068540X4,4.4,5
B00B2A50X4,4.2,5
B004BUQ46E,4.0,5
B0027895F4,4.6,5
B00ACN8U0W,4.6,5
B002M42ZG4,5.0,5
B000GCUG8I,4.8,5
B002NGMEN0,4.6,5
B000C1UEEE,4.2,5
B006T8C8MA,4.4,5
B0074H3M0W,4.8,5
B0026X5KCW,4.8,5
B005GAK4W8,5.0,5
B00A4VB65S,5.0,5
B0007SKE88,4.4,5
B0076KAM7S,4.6,5
B00BPA6JBS,4.8,5
B000NPKT7Q,5.0,5
B0034UHCFE,4.4,5
B003CIZQEC,4.4,5
B001QTNFLK,4.8,5
B0002H7SFG,4.2,5
B002NBRXNQ,4.8,5
B005ZEV99W,4.0,5
B005ZFOKM4,5.0,5
B002MTM1DG,4.4,5
B004WOGUWM,4.8,5
B000Q83Y4A,4.0,5
B0034VY4EK,4.8,5
B00AICNONA,4.6,5
B009ND81KQ,4.8,5
B0039D4N6C,4.6,5
B009RTN0G6,4.4,5
B0076L2BYY,4.2,5
B00B8DBYNK,4.0,5
B0076KGXOO,4.8,5
B001QPZGI4,5.0,5
B001QU5JC2,4.0,5
B002NBJAUA,4.6,5
B001QU8H7G,4.0,5
B002SQ4O6A,4.6,5
B0031SUC6K,4.2,5
B0026PBXGC,5.0,5
B00IZPB5B0,4.4,5
B0009OAIKO,5.0,5
B000NCA7NU,5.0,5
B005GMYSC8,4.8,5
B0041TZXBW,4.2,5
B004BRL3UY,5.0,5
B00DV1JTCA,4.0,5
B002NBMXWM,4.4,5
B000NPCR3U,4.2,5
B009MHU8HW,5.0,5
B0067W27OM,4.2,5
B0007SVHXO,4.6,5
B005ZGLM2O,4.8,5
B002MVAZWS,4.6,5
B00BSE2PRS,4.8,5
B00AICQIJ2,4.8,5
B004USS7EO,4.8,5
B0076JA9OA,4.8,5
B002SQ4P6Y,4.2,5
B000Q7WYUG,4.4,5
B005ZA1004,5.0,5
B00JGORVV2,4.4,5
B002ML4Y3Y,5.0,5
B001RVINAK,4.6,5
B004R7LE98,4.6,5
B006TOPJ9S,4.6,5
B00A433SDE,4.4,5
B005GO25VW,4.0,5
B004VWX9FQ,4.2,5
B002MN0MVU,4.8,5
B0026VOXRC,4.2,5
B0002JBPEY,5.0,5
B002ML3TBW,5.0,5
B00CKJV8XM,4.6,5
B0031O0ZWA,4.2,5
B0026X3KJ2,4.4,5
B000GCVZ2E,4.4,5
B003C1TA14,4.8,5
B009SANKYG,4.2,5
B0032A2KUS,4.8,5
B0002JBRUQ,4.4,5
B000N97T20,4.8,5
B000C1Z8MM,4.2,5
B0045VN36I,4.2,5
B0074NFYWK,4.6,5
B009MA368M,4.6,5
B0046128QI,4.4,5
B0006H91HK,4.0,5
B004USSAW8,5.0,5
B000K12XZO,5.0,5
B00E8Q21B8,4.8,5
B001RVDPH6,4.8,5
B001QNARY4,4.2,5
B003C1XEHU,4.6,5
B001QNF5FK,4.8,5
B003CJ3ZAI,4.0,5
B00CTF5NGA,5.0,5
B0043G5XJK,4.6,5
B004BRT7P2,4.8,5
B00CTF5KO0,4.6,5
B003C1XILW,4.0,5
B0025YI4AW,5.0,5
B0007U95E0,4.6,5
B00AIYC0Y2,4.8,5
B001QNBDC4,5.0,5
B0025X0PCS,4.0,5
B000NPVDD0,4.2,5
B004S7O8H2,4.0,5
B006V6O50I,5.0,5
B004R7LF2E,4.2,5
B0045VUSKW,4.4,5
B0026U0W8M,5.0,5
B0031O5QCE,4.8,5
B002NCLWHS,4.0,5
B000GCUJEE,4.2,5
B009RTIMVE,5.0,5
B0006H3ZQI,4.8,5
B0039UC4CK,4.8,5
B0045VUTII,4.2,5
B0026SU7HK,4.0,5
B0009QZXN4,4.8,5
B00798BEL0,4.2,5
B002VCZFJ6,5.0,5
B0043YJK6E,4.0,5
B002AV346O,4.2,5
B00733J29C,4.2,5
B006OGJMSU,4.8,5
B002ATPISS,4.0,5
B007CLKZ6Y,4.8,5
B0045ECMIA,4.2,5
B0073VBT2C,4.2,5
B005H3QPX6,4.6,5
B0030F4TKE,4.4,5
B005JDPIM8,4.6,5
B002VCJFIS,4.2,5
B007CJY8VY,4.2,5
B004X2JUTS,4.8,5
B00DSZ6YP4,4.6,5
B002VD31SW,5.0,5
B007CLR328,4.4,5
B0006NI4FO,5.0,5
B002VD54J6,4.8,5
B003E11X3A,5.0,5
B002B0FOOO,5.0,5
B002VDCH2I,4.8,5
B007CM4EQU,4.8,5
B00733IBDA,5.0,5
B004QRXLJK,4.2,5
B00H928F0Y,5.0,5
B005FAAB7M,5.0,5
B002AX2POY,4.6,5
B004QS4NNW,5.0,5
B0009HG2OW,5.0,5
B004675652,4.2,5
B000NVU83A,4.4,5
B005JDPH06,4.4,5
B0030FMQOU,4.0,5
B0002TMC2S,4.0,5
B0020MMEBE,4.4,5
B0045EY2PQ,4.0,5
B00A76JP2Q,4.2,5
B000C2374M,4.2,5
B00JRBX1UE,5.0,5
B000ORVWN8,4.2,5
B005P0QZ5O,4.8,5
B00HNKS08Y,4.8,5
B00DT0H7LI,4.8,5
B000NVZA5Q,4.8,5
B002AT7EIK,4.4,5
B002ASZVIG,4.2,5
B00EDO7OHG,4.6,5
B003E10UEI,4.4,5
B000N2KTS8,4.8,5
B0020MMDOW,5.0,5
B0061XQMS4,4.2,5
B009UFF9FM,4.4,5
B002L6FUGK,5.0,5
B000LI7XPG,4.8,5
B0030FIQB2,4.8,5
B002ARQM08,4.2,5
B0035RE2AO,4.0,5
B00CS4XKMG,4.0,5
B00081J4IK,5.0,5
B00D3TDT5S,4.6,5
B002VECJ48,4.6,5
B00I6GAT7Y,4.2,5
B009JNX0CY,4.0,5
B005VDJEJE,4.2,5
B00I6G9GIW,4.8,5
B002VECJ2U,4.6,5
B00499C5BA,4.8,5
B0009ET3JG,4.0,5
B003E13O00,5.0,5
B004S2DVKC,5.0,5
B002VECJ2K,4.2,5
B0020MMDH4,4.2,5
B007CTHWLW,4.2,5
B009JNVRJ2,4.6,5
B00656KQ9S,5.0,5
B005F8W17C,4.6,5
B004V44Z3Y,5.0,5
B0061YRVP6,4.6,5
B0037UQXJC,5.0,5
B00GXD7KGU,4.2,5
B007CYSEK0,4.2,5
B000N2K5DW,4.4,5
B0042ASJ4I,4.8,5
B00AFB89HA,4.8,5
B000ORKJAA,4.6,5
B0045DJZYA,4.4,5
B0009ET3NC,4.4,5
B006OAGJX2,4.2,5
B001TF7VQQ,4.4,5
B004CN2W7A,4.6,5
B00028PYT2,5.0,5
B00021DYVY,4.8,5
B006OAJU6A,4.6,5
B00028PYNS,4.8,5
B009UIY4K0,4.6,5
B0020MMDMO,5.0,5
B002VECI94,4.2,5
B001MV5TLG,5.0,5
B003E12MG2,4.6,5
B004V44IGI,5.0,5
B007316J2C,4.8,5
B005H3RE3Q,4.6,5
B004V44M46,4.8,5
B005VDL7JY,4.6,5
B009JOQ9DA,5.0,5
B00I17BY54,4.4,5
B009JOGDR2,4.2,5
B001MTFMQK,4.0,5
B009UKPV78,4.6,5
B002VECIS0,4.6,5
B0042ATVMW,4.4,5
B003E133M4,4.4,5
B002VECIRG,4.2,5
B003E132E8,4.8,5
B005JE6P6A,4.0,5
B006OO2752,5.0,5
B000ORWDLS,4.8,5
B00439QF9Y,4.0,5
B005M1NU18,4.0,5
B000P9IE54,4.4,5
B002AMUFLK,4.2,5
B001N7N6IW,4.8,5
B00D45UVMA,4.6,5
B00474XD0E,4.2,5
B0030GOCYQ,4.6,5
B002AMUFLA,4.4,5
B005FCDPLO,4.6,5
B003BOISLK,4.8,5
B002AMUFJC,5.0,5
B002V63BVQ,4.0,5
B00CS6HF6Q,4.2,5
B000C1ZDS6,5.0,5
B000JR6S3C,5.0,5
B001T8S86U,4.8,5
B00D448PJW,5.0,5
B00E4WRQAW,5.0,5
B001N58K9Y,4.4,5
B00D459QMQ,4.2,5
B0006UIGAU,4.8,5
B0043XLCMA,4.2,5
B0035MUGAO,4.4,5
B002AMUFSS,4.2,5
B000JR5B9E,4.2,5
B004RHA8VI,4.8,5
B00E4Y56QQ,4.8,5
B00AFCKTH2,5.0,5
B005NZG178,4.4,5
B002AMUF7E,4.2,5
B0046L1DGO,5.0,5
B0032GV0VC,4.8,5
B002AMUF5Q,4.4,5
B002LCFN4I,4.2,5
B001NFMQTY,4.2,5
B00H4H4L66,4.4,5
B00AAMHVN2,4.2,5
B00439UY2S,4.2,5
B000LJDNIG,4.0,5
B001T8P1DI,4.4,5
B00DIINIU0,5.0,5
B006OZF5QY,4.6,5
B0030GYCXC,4.4,5
B00DT7DEWM,4.8,5
B005JCB5SA,4.6,5
B000LJC332,4.6,5
B00D46507K,4.8,5
B000FKLLNU,4.8,5
B007BQNDB4,4.8,5
B005FCH3Y4,4.4,5
B007BQIOL8,4.6,5
B00CJ0ZXTM,4.0,5
B00382DDFQ,4.6,5
B006A8SFMQ,4.8,5
B00382HWO4,4.6,5
B00DEWAY1Q,4.0,5
B001NDKSU0,5.0,5
B00A1JCH8S,4.8,5
B000C1UFMU,4.8,5
B00AKIFPKM,4.6,5
B00021EAS0,5.0,5
B005M05SLY,5.0,5
B004RHMJ3I,4.8,5
B0049D1W56,4.2,5
B002L9Z634,4.6,5
B002AMUGQY,4.2,5
B000N2KYL0,4.2,5
B002VA4FXK,4.8,5
B002AMUGOQ,4.0,5
B006OXPDP4,4.4,5
B0032H4ECS,4.4,5
B009JVF3Y4,4.4,5
B000LX69ZQ,4.2,5
B005H3HTPO,5.0,5
B005NZFOZI,5.0,5
B007C9CZ5U,4.0,5
B001MXBJ4U,5.0,5
B001TBK6D0,4.4,5
B004UMY23K,4.8,5
B0049CQOVY,4.6,5
B001TABNWY,4.8,5
B001MXRAKC,5.0,5
B0002T5ZNQ,4.6,5
B002VA4G1G,4.0,5
B002AMUGMI,4.4,5
B0030G9214,5.0,5
B0030G92UK,4.2,5
B00658J6R4,4.6,5
B00475IO8E,4.2,5
B0020MMFFE,4.2,5
B000GCY058,4.8,5
B009Z5CPE0,4.0,5
B0045FPAXS,4.6,5
B000NLZ8XA,4.0,5
B004220DZ4,4.2,5
B000JR51EO,4.8,5
B001N43JNC,4.0,5
B002OAKXRO,4.2,5
B0002T54BY,4.8,5
B00JQW4MIY,4.8,5
B009K0RGVM,4.0,5
B003E0XPIW,5.0,5
B005FCADSM,5.0,5
B004V43YL8,5.0,5
B0045F8GPM,4.8,5
B002AMUGIW,4.8,5
B009Z4JVMA,4.6,5
B009Z4WQAO,4.6,5
B001N0SAUI,4.8,5
B005FC70SI,4.4,5
B000C2141A,4.8,5
B002AMUGEQ,4.6,5
B006OY1LW2,4.4,5
B0032GZM1Q,4.4,5
B0061RJJSK,4.8,5
B002RDA2SI,4.8,5
B002LA1CZO,4.4,5
B007C5XBNE,4.8,5
B00H2XAS1Y,5.0,5
B005F7PHGK,5.0,5
B000K5JC2C,4.2,5
B006NFBD16,5.0,5
B007EDQ03M,4.6,5
B006WZ8VNU,5.0,5
B007EDLJHE,4.4,5
B003E6SNOW,4.2,5
B004CQ9D0G,4.4,5
B007EBUHZ6,4.2,5
B0030AGYEI,5.0,5
B00BXTY6B6,4.2,5
B0032K1U9K,4.6,5
B00BR01AV0,4.4,5
B00DSL0WI8,4.2,5
B002VM28KA,4.0,5
B007E77PPK,4.8,5
B001MA5W0U,4.2,5
B001MA2AZA,4.8,5
B006BD8Q1A,4.2,5
B00021DA2M,4.2,5
B00JRTJJQ6,4.6,5
B002VNOXHK,4.0,5
B00HHKDYMW,5.0,5
B006NEXER8,4.6,5
B002BN4BT0,4.6,5
B006BASLKE,4.2,5
B00A3FXGLM,4.4,5
B000C1UEY4,5.0,5
B00DSL12G4,4.8,5
B001MCDHGY,5.0,5
B001MCF0UU,4.2,5
B006NNDXTS,5.0,5
B007DUZUFK,4.6,5
B007DNRUKK,4.2,5
B0035UCYGA,5.0,5
B002BGDNM8,4.8,5
B0009LIV6A,4.8,5
B002BG911A,4.6,5
B007DL0KA4,5.0,5
B001MC9W9A,4.2,5
B003BM66CK,4.8,5
B0048ZKELI,4.0,5
B000NLM9Z0,5.0,5
B002BJMBAA,4.2,5
B001TL8QMS,5.0,5
B003AJDBL8,4.8,5
B00DSL0ZDK,5.0,5
B009IXFZ32,4.2,5
B0046KJ6B4,4.0,5
B000JO6B5U,5.0,5
B004V46BK4,4.8,5
B002OJLUJ0,4.6,5
B005MZPGPM,4.0,5
B00EESYZ6O,4.8,5
B00BN7LM42,4.0,5
B005UY1A28,5.0,5
B002VOR4RA,4.6,5
B004V465TQ,4.8,5
B009V0Z4HY,4.2,5
B002BTV3AY,5.0,5
B009V0YT34,4.8,5
B009V0YM86,4.0,5
B006NA7ELO,4.6,5
B009V0WUVM,5.0,5
B009IRODNG,4.8,5
B00DJLLNCQ,5.0,5
B003AJTRAM,4.2,5
B009IROFB6,4.2,5
B00IIW54JE,5.0,5
B009IROFVQ,4.6,5
B00029V166,5.0,5
B005P2KDZ0,4.2,5
B001TOAX4Y,4.6,5
B0072DRRZY,4.4,5
B005F1QK6C,4.4,5
B0002VNKSG,5.0,5
B00DYSQ1AI,5.0,5
B002R4Y3IM,4.0,5
B00B2SYQJ0,4.4,5
B00DSG60MA,4.0,5
B000JMAZQS,4.2,5
B00EFBOSV2,4.8,5
B00307L6G2,4.0,5
B0006VS39S,5.0,5
B006WZ9PCG,4.4,5
B0009KRZRM,5.0,5
B004CR9DG4,4.2,5
B0037MM5J2,4.8,5
B001M921J6,4.6,5
B002BQKOCU,4.4,5
B00IHEMETQ,5.0,5
B0009EILN0,5.0,5
B00BTYOBOC,4.4,5
B002VP337Y,4.8,5
B006WZ9LCA,4.6,5
B005P13ECK,4.2,5
B00AKTKRAO,5.0,5
B004QONP4O,4.2,5
B000MARNVW,4.0,5
B002R8FOQ8,4.6,5
B002VS0G7G,4.0,5
B0032K5QU4,5.0,5
B006WZ9M88,4.4,5
B00620R4HO,5.0,5
B007EMR1Y0,4.6,5
B001TO4Q24,4.8,5
B000KU91VE,4.8,5
B004V48CJM,4.6,5
B009IROJY4,4.8,5
B001TO20JU,4.4,5
B002VQZAXS,4.8,5
B005P0WUEO,4.4,5
B007DKYGXC,4.6,5
B005F7PH9M,4.2,5
B007D5FGPE,4.0,5
B004BBMDHW,4.8,5
B003E17988,4.6,5
B00477TPWQ,5.0,5
B004TSKOH8,4.0,5
B000C2146U,4.6,5
B0032JZ06A,4.6,5
B000N2JZ38,5.0,5
B0020MMCKC,4.8,5
B003E1772G,5.0,5
B000KS833S,4.2,5
B009OIMF2K,4.6,5
B000MAQWC8,5.0,5
B000PVYDXO,5.0,5
B000NLQ6OA,4.2,5
B00GX9W0EQ,4.2,5
B0037SRIAC,4.2,5
B009YZPXJA,4.2,5
B003E1CT3I,5.0,5
B006B6JJXQ,4.8,5
B00BN7M7K0,4.6,5
B004X2A6A0,4.8,5
B002VECK4M,4.6,5
B0037RD9JC,4.8,5
B00JHV0REW,5.0,5
B009R5O0Y6,4.6,5
B006NZQ7C6,4.8,5
B003E1AVDI,4.6,5
B005V9FY6U,4.4,5
B002VECJXO,4.8,5
B006NZRM5C,4.2,5
B004SU8F1E,4.6,5
B002KYF69Y,4.8,5
B00E4PL4AC,5.0,5
B00CM0EZIY,4.6,5
B007D1EBA4,4.8,5
B006WUZM2I,4.4,5
B004CNH752,4.2,5
B00D9GVFAG,4.4,5
B004VPVFHW,5.0,5
B006O47GLC,4.8,5
B0037UN5BQ,4.6,5
B001MQWZLS,4.2,5
B005NWRTT0,4.8,5
B0007INVLK,4.2,5
B006567FIS,4.4,5
B002VECJDY,4.2,5
B005H4VCEC,5.0,5
B006AZHREG,5.0,5
B005H4VR1A,4.8,5
B00DJ6Y0V2,4.6,5
B004RKCAHU,4.8,5
B00CIVL2OW,5.0,5
B006AW5IEU,4.8,5
B00CP80JBU,4.0,5
B00EE9AHQA,4.2,5
B005F78EYW,5.0,5
B002RCW6QA,4.2,5
B000NW4JNY,4.6,5
B0002V4U2Q,4.4,5
B002BG1D84,4.2,5
B0006V6U8O,5.0,5
B004597KYQ,4.6,5
B003E1IXF6,4.0,5
B007DCWM9K,4.6,5
B002VH1OCI,4.8,5
B001MIZC8Y,4.0,5
B001MIZCAM,4.0,5
B00AF9DI0U,5.0,5
B0032JZWTU,4.8,5
B00A7BDHDO,4.2,5
B001MIZCI4,5.0,5
B00DSOY2OA,4.4,5
B00I6AL31Q,4.2,5
B001MIZMI4,5.0,5
B002BF0GLA,5.0,5
B009OK0L5Q,4.0,5
B000PAYPOM,4.8,5
B000NWA1AO,4.6,5
B002VIFYYQ,4.8,5
B009OK5EJO,4.4,5
B00CYHBF4W,4.8,5
B0030C3PY8,4.2,5
B0009RF8AG,4.8,5
B00CIQB9ZO,4.8,5
B0009R5CQQ,5.0,5
B00D3PDF7Y,5.0,5
B000CE8LBO,4.6,5
B002KNP79O,4.8,5
B001MIZBUI,4.6,5
B001MIZBXU,4.2,5
B005V1XCYO,4.8,5
B000R8QL9E,5.0,5
B00AHJHP52,5.0,5
B0020MMC6G,4.4,5
B009JAAZDE,4.8,5
B003E1F160,4.4,5
B001TJWRKM,4.2,5
B00BXRP50O,4.4,5
B005P0UWYE,4.4,5
B005LY12B6,4.2,5
B0030CSVZ6,4.2,5
B0009EIMQQ,4.0,5
B00D9IVVFS,4.2,5
B002KQ87UM,4.6,5
B000NLO5Z2,5.0,5
B0042QLDAE,4.8,5
B004788L34,4.2,5
B00JRK8G50,5.0,5
B001MKKCT6,4.0,5
B000N2JSBW,5.0,5
B00620NXE2,4.4,5
B00EEHOP10,4.4,5
B00IVT3HDO,5.0,5
B004VPULCC,4.4,5
B00BTYPW5E,4.6,5
B000PAYCWW,4.2,5
B00423FO8Y,4.2,5
B000OPO7FK,5.0,5
B004RNRS8S,5.0,5
B006NR6JLI,4.2,5
B001MJLV7O,4.6,5
B0037O8K76,4.8,5
B0041PSDAO,5.0,5
B00021DKRM,4.0,5
B009U2TS5M,4.6,5
B000GCT73I,4.4,5
B006QHXDT6,4.4,5
B002RS6KCU,4.2,5
B006QHXE8Q,4.2,5
B0009ET710,4.8,5
B000GI0WFO,4.6,5
B004QYC5OA,4.8,5
B007A59UOA,4.4,5
B007A59U36,4.2,5
B00H4B1980,5.0,5
B0045KDFZI,4.8,5
B00CJDB6J0,5.0,5
B001ODC898,4.0,5
B001OC1PI4,4.2,5
B00BR2BZNG,4.8,5
B0021OCOY8,4.8,5
B004CA8TXE,4.2,5
B0002G930K,4.4,5
B006QGKQCE,4.2,5
B000NN883A,4.6,5
B00B0XO96C,4.8,5
B001OB18RI,4.4,5
B009KSJKIG,5.0,5
B003DPZ5R2,5.0,5
B000PZ9C2M,4.8,5
B0032ET1F6,4.4,5
B005M7HBPS,4.2,5
B000QUSAQ0,4.6,5
B000CILIK6,4.2,5
B0029N0N30,4.8,5
B0029MXGTY,4.4,5
B00HB6A2M2,5.0,5
B002RS6JUS,5.0,5
B000NJE0P4,4.2,5
B00EBCJ3VA,4.0,5
B001SZ1N20,4.0,5
B005WTL2QK,4.8,5
B009KVBPA4,4.8,5
B0049RAVUY,4.4,5
B004QZD2FA,4.2,5
B0009MSHS6,4.0,5
B00CLRNU20,4.2,5
B00B4XJDYG,4.0,5
B00HNMEYCS,5.0,5
B005FMTBJY,4.0,5
B000NEBPYS,4.2,5
B007A1SXN8,5.0,5
B000C1VTL6,4.2,5
B000C238QY,4.2,5
B002UEQC0Q,4.8,5
B002LHPXPC,4.8,5
B0038JDHL4,5.0,5
B00028ORPY,4.0,5
B005OW8F1U,4.8,5
B001OFV9DC,4.4,5
B005J5PXXK,4.8,5
B000PZB1N0,4.6,5
B00JHN8AZ8,4.4,5
B005OW7ZUC,4.6,5
B009T7RQCK,4.6,5
B000CIHGJS,4.8,5
B00DTQ18OE,5.0,5
B001SZ3JNG,4.4,5
B0029NH5MM,4.0,5
B0021WV6GC,4.2,5
B0035FZS40,4.2,5
B00B4XUQ42,4.6,5
B00CXMKYTK,4.4,5
B0069DCMRQ,4.2,5
B007AKBZRA,4.2,5
B0069D3QTY,5.0,5
B00BSVPJ1K,4.2,5
B001O8POS0,4.6,5
B000JUZGU0,4.6,5
B005J67E5Y,4.6,5
B0021HMIHS,4.6,5
B000OWV792,5.0,5
B002UKP1AC,4.4,5
B009KPSUHG,4.2,5
B00473OC9G,4.2,5
B004TXWCFU,4.2,5
B00021W27Q,4.8,5
B0029U0YDC,4.0,5
B00DTPZX6O,5.0,5
B0069FN2HI,4.6,5
B002RRN7WM,4.6,5
B00BNK18HK,4.4,5
B000OWLECW,5.0,5
B0041REXOC,5.0,5
B0069ELDHU,4.2,5
B000NU0NTU,5.0,5
B009NWRR0W,5.0,5
B005IET9QY,4.0,5
B0065LPHQU,4.6,5
B0002Q9ACQ,4.6,5
B007AKSGH2,4.2,5
B00DXH49L8,4.2,5
B005WL4RX8,4.4,5
B001OATWJK,5.0,5
B001T193Q6,5.0,5
B001OA4GBY,5.0,5
B005WN5T92,5.0,5
B003DQ6GOW,4.4,5
B0021LMNU6,4.4,5
B002UJKTFK,4.2,5
B009T8BRY2,4.8,5
B000KOUJZW,4.6,5
B00H4CTDU0,4.6,5
B000N2OICQ,4.8,5
B004CALFE4,4.8,5
B004QXR50A,4.4,5
B007AFHEOI,4.2,5
B004AI7CRC,5.0,5
B001OARLU2,5.0,5
B006QGG7AO,4.8,5
B0069CZAOY,4.6,5
B002UKP14S,4.2,5
B001O8VUKG,4.2,5
B003A84DJ8,4.6,5
B001O91YZG,4.4,5
B004QXIMNO,4.2,5
B004WPY1B8,5.0,5
B002RS6J6M,5.0,5
B006QFTP6I,4.6,5
B006WCA4ME,4.8,5
B002UKP0OY,4.6,5
B0002PU85K,4.0,5
B0030RP2BW,5.0,5
B00AJZO9PS,4.8,5
B000OYHN5W,4.2,5
B002UD52H6,4.8,5
B006961Z08,5.0,5
B0073SBI4E,4.0,5
B00BNRV6S4,4.0,5
B0035CCP80,4.0,5
B004C6OAEU,5.0,5
B000KOOH0A,5.0,5
B0049UX5IG,4.6,5
B00CJGJ8HE,4.4,5
B00B95QXNI,4.6,5
B0049UZKRK,4.8,5
B006QXBJA0,5.0,5
B002UCERKU,4.8,5
B00695ZU3C,4.6,5
B000QU3IBC,4.4,5
B002LM3VM4,4.6,5
B00CXGGIOG,5.0,5
B0009QZXRU,4.2,5
B00B4KN7VE,4.4,5
B000QU8QF0,4.0,5
B000OYLC1I,5.0,5
B001OMI9I8,4.8,5
B000QU8Q0A,4.2,5
B00294T9W0,4.8,5
B001OMI9RY,4.2,5
B005X5GHH2,4.6,5
B0041SYCS8,4.6,5
B00BR2GCOI,4.4,5
B000P6W6Y2,4.2,5
B001OMIA3M,4.8,5
B00I2D6KDS,4.6,5
B00470DVZ0,4.4,5
B004R0HX0O,4.2,5
B001OMI9EM,4.2,5
B00DU053C2,4.4,5
B005X6KP10,4.6,5
B003BQOKZG,5.0,5
B002U8LN42,4.2,5
B0038N7PB8,4.6,5
B009ZQTAYW,4.4,5
B000KONRII,4.8,5
B009STW0QG,4.2,5
B0073UVKCW,4.2,5
B0073V4V1S,5.0,5
B006954B5U,4.4,5
B000OYPYUS,4.8,5
B00464G686,4.8,5
B006WA33E2,4.4,5
B002UBVYK2,4.2,5
B005X5WDE8,4.6,5
B0049V2VF8,4.4,5
B0079HPFPW,5.0,5
B002UB6NYE,4.6,5
B00A3V55PQ,4.2,5
B000JWBOF4,5.0,5
B000NNC9ZS,4.8,5
B005X6KMB8,5.0,5
B000NNCA0C,4.4,5
B0002MPQS2,4.8,5
B0028ZO2Q8,4.2,5
B0035BBHNA,5.0,5
B0060Q21I2,4.4,5
B000QU8S9O,4.2,5
B001OIV9ZM,4.8,5
B004WPHZDO,4.8,5
B004S42DTK,5.0,5
B001SYWWKI,5.0,5
B001SYWUAK,4.6,5
B000QUJNZM,4.6,5
B00BNRV6CA,4.2,5
B000C1Z6OM,5.0,5
B0029AWYYY,4.6,5
B0060R03R2,4.2,5
B0006B0VSY,4.2,5
B001OK3MMS,4.4,5
B006QO7VTW,5.0,5
B004WPI0T2,4.2,5
B00I2TY19M,4.0,5
B0029EWVMK,4.0,5
B0041ROI2Y,5.0,5
B000LJPWYO,5.0,5
B00DI36UF0,4.8,5
B0029ELW9S,4.6,5
B006QO76I8,5.0,5
B001OI8E4G,5.0,5
B004W3LDBQ,5.0,5
B0006PS6OQ,5.0,5
B000QUAJS2,5.0,5
B001OM3VJU,4.6,5
B001OM4ILU,4.0,5
B005OTFHIM,5.0,5
B004C6ZOC2,4.0,5
B000N2QA72,5.0,5
B009T0FVWO,4.2,5
B001OMFSTG,5.0,5
B00022AUHY,4.8,5
B00296BD0Y,4.6,5
B0009ET8Q4,4.8,5
B000QUAJUK,4.6,5
B00D8XLH3K,4.4,5
B00GYB17RE,4.6,5
B003BQN53Y,4.6,5
B00464HCD4,5.0,5
B005WZ8Q7W,4.8,5
B004AI78SU,4.0,5
B006QP7UZG,4.2,5
B000NNBLTS,5.0,5
B0038K5B12,4.2,5
B0002279MS,4.4,5
B005ME7B88,4.6,5
B004V3STI2,4.0,5
B005X0IK9K,4.8,5
B0009ET87I,4.2,5
B000Q06NIW,4.2,5
B004VRLE08,4.4,5
B005GWSKU4,4.0,5
B00028PDDY,4.0,5
B00AHU5WVK,4.2,5
B0030HNNS6,5.0,5
B004QWCDZS,4.0,5
B007B93TR4,4.6,5
B000NURW8K,4.2,5
B00I25CPJY,4.6,5
B00DEX5MM6,5.0,5
B001NW9X6G,4.4,5
B004QWA206,4.0,5
B00021VTE8,5.0,5
B0043AKLF2,4.6,5
B004QW08YQ,4.2,5
B00CVRUREY,5.0,5
B000FKLMUM,4.2,5
B005P0EMD6,5.0,5
B003DXRARM,4.8,5
B000OU7GMG,4.4,5
B007BEHAUQ,4.6,5
B001NTDBX0,5.0,5
B00DY68AC2,5.0,5
B000K4Y354,5.0,5
B00D4BEI46,4.8,5
B0043A7NXK,4.4,5
B002LDY0QE,4.4,5
B002RJON2S,4.6,5
B0046LABMQ,4.0,5
B00ECIRLD0,4.4,5
B0030HS3CC,4.0,5
B002UUTEGE,4.4,5
B005VVAQUC,5.0,5
B000OUVIGG,4.2,5
B0030HTXG2,4.4,5
B00AC2P6RI,4.4,5
B004REEUHO,5.0,5
B001NYOI3W,4.8,5
B000KQ7VXI,5.0,5
B002A9JPKU,4.6,5
B000OUZBOG,4.0,5
B00212CLZ2,4.8,5
B00021VU8S,5.0,5
B0002SH5E4,5.0,5
B009TQ1IIO,4.2,5
B009K7S3LW,4.6,5
B0009HB64I,4.2,5
B0009ET5CQ,4.0,5
B001T8MD8E,4.8,5
B000C1W6ZO,4.0,5
B0006NXQXE,4.8,5
B005IEJ3E2,4.2,5
B000OUQ4L0,4.6,5
B000QX11P4,4.2,5
B002ABU43U,5.0,5
B00384EBSW,4.0,5
B00J3ADJRE,4.4,5
B0042PB8T6,4.4,5
B002LDXN76,4.6,5
B00ECRQDBW,4.4,5
B00IJIHCYC,5.0,5
B001NH588S,4.8,5
B002V01A7E,4.8,5
B0073ARS3M,4.6,5
B003E0S4OW,4.4,5
B000QXRUPE,4.0,5
B00AKFQ3M4,4.0,5
B0069ZDV74,4.4,5
B0049G0R54,4.6,5
B004CFW3Q8,5.0,5
B004CFUR66,5.0,5
B009U0HPOU,4.0,5
B001NH0ADG,4.6,5
B001T8ONTQ,4.8,5
B003E0O072,4.6,5
B006P14842,4.2,5
B00D47CAWC,4.8,5
B002ALUC1E,5.0,5
B004S34N7G,4.6,5
B0049EJF3G,4.0,5
B002ALSBQM,4.6,5
B0032GUY0A,4.8,5
B000PY205E,5.0,5
B00H0LHI5M,4.2,5
B001T8OU6M,4.0,5
B00080KAHA,4.8,5
B005VQS0AU,4.8,5
B000MAJD4W,5.0,5
B006P11VLA,4.4,5
B000N2LYQO,4.6,5
B000JR6W2E,4.0,5
B0020MMNDI,4.0,5
B003BOLINK,5.0,5
B00BOWQ46M,4.2,5
B00AANMNS4,4.8,5
B00A71YY86,4.6,5
B00AANUGDS,5.0,5
B002LDXKA6,4.4,5
B002UYBCL0,4.2,5
B00A71YEKY,5.0,5
B007BFIK2W,4.6,5
B000GCXTK0,5.0,5
B001T8OD5K,4.8,5
B00GXSC1QE,4.2,5
B001NRAEI2,4.8,5
B0069WCPLA,4.2,5
B00AFCNUM8,4.2,5
B00DTC1RIK,4.8,5
B005H0I9K6,5.0,5
B00B33XO3I,4.0,5
B005FDGCT0,4.6,5
B0043X7PP8,4.0,5
B00E526UHQ,4.8,5
B002O1TG1C,4.2,5
B0032GU1EE,4.6,5
B0045HBWT2,4.0,5
B0034CJYEY,4.2,5
B004X8MG16,4.4,5
B006P7I6QW,4.8,5
B000QXEP4S,4.4,5
B0061HJ3NQ,4.2,5
B00384JA8S,4.8,5
B00H4EX2FK,4.8,5
B00CLV7H7A,5.0,5
B000C238K0,4.4,5
B0038ARV9W,4.0,5
B005GX3IXC,4.4,5
B004WMDIJM,4.2,5
B002ULPQV0,5.0,5
B007AS4LIW,4.2,5
B003A8JBZO,5.0,5
B001T7VUDY,4.8,5
B002RPD4HW,4.2,5
B0009R15GW,5.0,5
B0021F3E28,4.4,5
B000JTDMDE,4.0,5
B0029XJ32C,4.0,5
B0042P43AW,4.8,5
B00HDP7CHY,5.0,5
B00BR1WRT8,4.0,5
B005J87Q7I,4.6,5
B009KH844I,4.2,5
B00CS7EJPA,4.2,5
B004TX2JKI,5.0,5
B0009R15L2,5.0,5
B000PYCNQA,5.0,5
B0009ET5P8,4.2,5
B00E57MCMS,5.0,5
B003DRJESG,4.0,5
B002ULATZI,4.8,5
B009TCUCT4,4.2,5
B00BWW8GT2,4.0,5
B00614LQFM,5.0,5
B0029V75OW,4.4,5
B0030MMB84,4.6,5
B0038BB4S0,4.0,5
B00A6TY6SW,5.0,5
B00DIFJ8DO,4.2,5
B00473QO24,5.0,5
B000CED0Y2,5.0,5
B00HLRWBH0,5.0,5
B000PYX31E,4.2,5
B003BQHT7C,4.8,5
B000P9B3OI,5.0,5
B004V41AFK,4.2,5
B0042OX7AU,4.6,5
B00AD418RW,4.6,5
B000GG25I8,4.8,5
B005WIH2Y2,4.2,5
B00EC02YGM,5.0,5
B000P9B3SO,4.4,5
B0029VCJNY,4.4,5
B0069P8E0I,5.0,5
B001O65RL6,5.0,5
B0009R14R2,5.0,5
B00080AZWU,4.4,5
B00EBZPU50,4.8,5
B003DSICKG,5.0,5
B003DWA1PG,4.4,5
B004AI8OJ2,4.6,5
B0043QZXHM,4.6,5
B00213K608,4.6,5
B00B73UGPI,4.6,5
B009RC5RHI,4.4,5
B00DTJT2GC,5.0,5
B009KB33YK,4.2,5
B003DVD9N8,4.0,5
B0049JPZTO,4.8,5
B000JSBVWE,4.8,5
B002UTCVCE,4.2,5
B00B220ERY,4.6,5
B000OV09EC,4.8,5
B0030IMVXI,4.2,5
B00421X2GW,4.8,5
B005W089GU,5.0,5
B0006IJ6JM,4.8,5
B00CJ4XFP2,4.0,5
B004V42GUS,4.2,5
B002UU1FIO,4.6,5
B002UU13LI,4.2,5
B000KQ74PI,4.8,5
B0007MCQT4,5.0,5
B002UU07TW,4.6,5
B000NG80AS,5.0,5
B003DVB9NK,4.8,5
B0043WI6DO,4.6,5
B001T8HNZM,4.2,5
B003BQFG5O,4.2,5
B009KFB5F0,4.0,5
B002LE4TUK,5.0,5
B00B60AHNS,4.6,5
B00CXVK8V0,5.0,5
B00D8XU7VS,4.2,5
B0007NDFKC,5.0,5
B003DSX96I,4.8,5
B005FH2SOO,4.4,5
B0061DPPP0,4.6,5
B0034D4E2K,4.6,5
B003A8QOCC,5.0,5
B000CJVGE8,4.8,5
B001T8JY9A,4.4,5
B00EC9XKNY,4.8,5
B001O1MK6G,4.2,5
B000LJHMII,4.8,5
B0032FAYLA,4.8,5
B003DV30S2,4.6,5
B004W41IME,5.0,5
B003BQBQJY,5.0,5
B001T8JMPQ,4.6,5
B000PYA27W,5.0,5
B002A03A14,4.6,5
B006PKWMX2,4.6,5
B000NPWQZ4,4.8,5
B0099LA6XC,4.8,5
B001ET6ZF0,5.0,5
B000WIUTX8,5.0,5
B0012MWFP8,4.4,5
B0016P7GEQ,4.8,5
B0012ML9K0,4.2,5
B001ET6ZNC,5.0,5
B0012MC9UO,4.0,5
B001ET6ZYG,4.4,5
B003ZKCRYE,4.6,5
B001ET7090,4.4,5
B0016P7PTW,4.0,5
B007RPTAWU,4.2,5
B003JCLNZ2,5.0,5
B000005J5M,4.6,5
B000GKVRHO,5.0,5
B00ATQZ6XG,4.8,5
B00EW1BVIS,4.8,5
B000TFXH6U,4.0,5
B000UUZHEY,4.6,5
B001BAUI7I,4.4,5
B008S8UBJQ,4.2,5
B0086WVPF8,4.2,5
B004Z0UP92,5.0,5
B000TFYTNU,5.0,5
B000J062N0,4.2,5
B007RQ3M9Q,4.4,5
B000BD0SH6,4.2,5
B0016P32VM,4.6,5
B0086W1BGG,4.0,5
B007YXN8IM,4.6,5
B00AYHSFBU,4.6,5
B000TFW8WE,5.0,5
B000006A6H,4.8,5
B0099L77M0,5.0,5
B008S6UIIM,5.0,5
B007ZBBD8A,4.0,5
B0086UO9LW,4.2,5
B007RP7V8K,5.0,5
B004LDU9Z8,4.6,5
B007Z2JS6I,5.0,5
B0057Z1Z98,4.6,5
B001ET732O,4.8,5
B0086OH8LQ,4.4,5
B0086OAL9C,4.4,5
B004JI1G3O,4.2,5
B000TDH49I,5.0,5
B004JI2SJA,4.0,5
B00FLZ0PJ0,4.8,5
B008F5FCWS,4.4,5
B008YFY8FG,5.0,5
B003JCDERC,4.8,5
B00EVY9ZFM,4.4,5
B00IAU8PN6,5.0,5
B00C9UO208,4.2,5
B004HX3DSW,4.6,5
B000H92QZQ,4.4,5
B00EVZM99A,4.6,5
B0012LW8RO,4.4,5
B004F843OC,5.0,5
B001ET71T4,4.0,5
B001ET71TY,5.0,5
B00CEX4SL8,4.4,5
B00FXMCC88,5.0,5
B000TFG4YM,5.0,5
B001ET71WG,4.0,5
B004ZLO9VG,4.6,5
B000EGMCDS,4.6,5
B00C6QRUMC,4.8,5
B000WIIMYQ,4.4,5
B00GRFNB4O,4.2,5
B00KLLKYGI,5.0,5
B003JCOO5I,5.0,5
B0099EPYOK,4.2,5
B0012OTLBC,4.2,5
B007RUK7B8,4.6,5
B004ZKFE52,4.2,5
B0094108X0,4.2,5
B00BG9KA7W,4.6,5
B007YRV77W,4.2,5
B004JFE67K,4.4,5
B00001ZTKL,4.6,5
B001ESE1WA,4.4,5
B000WIEW8Q,4.6,5
B004HXMG3K,4.2,5
B000UUNY62,4.8,5
B000HZ9K3G,4.4,5
B000BCMYDI,5.0,5
B003UZ4OZE,4.8,5
B00FMA8BA4,4.0,5
B000WIEUEM,4.8,5
B007YQUS4Q,4.0,5
B004LEWUW2,5.0,5
B003JDCBTI,5.0,5
B001ERLEZS,5.0,5
B00EW6TI6A,5.0,5
B001BBLJTI,4.0,5
B0012P2G7C,4.2,5
B003JCSIAU,4.6,5
B0016O5QXA,5.0,5
B00BG9FG8A,5.0,5
B00000IR6P,5.0,5
B000GPT582,5.0,5
B0016OB1S4,4.2,5
B001BB712W,4.6,5
B00BJB34T8,4.2,5
B00CCQQNVK,4.0,5
B007YUINEO,4.2,5
B00C6XJLVS,4.4,5
B00AYZRWXY,4.0,5
B0012NLGWK,4.4,5
B004F88NSE,4.2,5
B0016OCU7A,4.2,5
B003V20N6U,4.2,5
B003V1I44E,5.0,5
B00C2DZ08K,4.8,5
B000TGC7TM,4.4,5
B003JCR7YI,4.2,5
B001BBHLBI,4.8,5
B007YSN8MI,4.2,5
B007YSN91I,4.8,5
B0012NXVK0,5.0,5
B0012NXNVW,5.0,5
B005239U6A,4.2,5
B008EUZN3M,4.4,5
B00EW4WYZE,4.6,5
B0016O94BU,5.0,5
B001ESOLKM,4.6,5
B001ESPBXS,4.2,5
B007Z2K3CG,5.0,5
B007Z2K3XU,4.8,5
B0086ICE5C,4.4,5
B00IS8AAB0,5.0,5
9790801076,4.2,5
B001ET7BJE,4.6,5
B00EVTGUPK,4.2,5
B007Z8JF56,4.8,5
B0099TXBCC,5.0,5
B005BTM2ZG,4.6,5
B003JBCSA2,5.0,5
B000TBKKB4,4.8,5
B004HUYMBW,4.6,5
B00ATLZJ06,4.6,5
B008FLQKUU,4.0,5
B000UWSEPQ,5.0,5
B004GDH6EU,4.0,5
B001ET7APE,5.0,5
B004LC29VQ,4.6,5
B004OT2038,4.8,5
B0012GVMWG,4.4,5
B000BOA88E,4.8,5
B001B7ZXD0,4.0,5
B001B7RVCG,5.0,5
B000EPXEJA,5.0,5
B000EVL3CY,4.0,5
B0012G1WHQ,4.8,5
B00170QC3Q,4.6,5
B000UWGSSG,4.4,5
B000AJ23C4,4.0,5
B001ET7AOU,4.2,5
B00C6L48W2,5.0,5
B0012DWBCE,4.0,5
B00CCKO5SY,4.2,5
B000WN6RB6,4.8,5
B0093PABTS,4.6,5
B001ET7ETQ,4.8,5
B000TAFQVE,4.0,5
B000F71AEI,4.6,5
B004MMSHLQ,4.4,5
B00FL8185M,4.8,5
B0012BVNUM,4.0,5
B00KBT2VNE,4.8,5
B003J9WA02,4.6,5
B0012BUJAM,4.4,5
B00C6HCFB2,5.0,5
B0012C5KS2,4.4,5
B000069IEV,4.6,5
B004014R7M,4.2,5
B008FLQMK8,4.6,5
B000H8C7WY,4.2,5
B001ET7E96,4.2,5
B000H8C7WO,5.0,5
B00C6IDNGC,4.0,5
B007RKXSH8,4.0,5
B001B7G97O,4.0,5
B003JA3L4U,4.2,5
B003VCJA3C,4.6,5
B003VCL85K,4.0,5
B004YE1XUE,4.2,5
B004OT58K0,4.0,5
B003MUE7UY,5.0,5
B008FMRV4S,5.0,5
B003JBKZOI,4.8,5
B004OSVS46,4.8,5
B000J10I8Y,4.0,5
B003YQ1S9O,5.0,5
B003V7M0YI,4.4,5
B005208EAG,4.4,5
B001ET77IO,4.4,5
B003MQI362,4.6,5
B0012J1WR8,4.4,5
B003V7UO32,4.2,5
B003MQVSKK,4.0,5
B0012IXO7K,5.0,5
B003JBX3RE,5.0,5
B008FCUBO0,4.4,5
B0016ZQDHM,4.2,5
B001ET77S4,5.0,5
B001ET77BG,4.2,5
B004GCTR34,4.4,5
B0086LC24C,4.8,5
B00FXSRJYY,4.2,5
B0057YHPRA,4.2,5
B0057YCSU4,4.2,5
B0012K0AZM,4.8,5
B00401OYYI,4.4,5
B000068DWY,4.2,5
B0093U274U,4.4,5
B008S2WX16,4.6,5
B003MQE7QC,4.0,5
B008F8I77M,4.0,5
B004NRFAZG,5.0,5
B0012JX34S,4.2,5
B000VRFKBQ,5.0,5
B00AOJVIQW,4.6,5
B008FDHUAC,4.8,5
B001ET78DS,4.6,5
B0086KSAZS,5.0,5
B0012H8GRY,4.0,5
B0057X7U3A,5.0,5
B001B87SGO,4.4,5
B00CF1FRUU,4.2,5
B00IS7XMWA,4.4,5
B001ET78P6,4.8,5
B00C6NG7OW,4.2,5
B00FY42K7S,4.2,5
B001ET794G,4.8,5
B001B8GUCC,4.4,5
B00AQU53I8,4.6,5
B001701Y52,4.2,5
B007RO7KVE,4.2,5
B0054Y435U,4.4,5
B00BZI2FP4,4.8,5
B007RNZV52,4.4,5
B00ATNWXQC,5.0,5
B00GRM6JK0,5.0,5
B0099OAOUO,4.2,5
B0012HJJUM,5.0,5
B0012HJHRC,4.2,5
B008FG7VE4,5.0,5
B000TC36T6,4.2,5
B007RNOBSK,4.6,5
B001701Y6G,4.8,5
B000069A31,5.0,5
B0012QEBCE,4.4,5
B0012QEDUY,4.8,5
B004LL8BFK,4.4,5
B003USDDPI,4.4,5
B000IZ6S6W,4.6,5
B0012XKAMM,4.4,5
B00GH3G1V6,4.8,5
B0054Y0RC8,5.0,5
B003MAIXT0,4.2,5
B007SH87O4,4.8,5
B0012XJWJE,4.0,5
B001ECQ548,4.4,5
B001ECQ59S,5.0,5
B00AQLKMRO,4.8,5
B001ECQ5DE,4.0,5
B007SH3LFE,4.6,5
B000WE1RRO,5.0,5
B0012XI1T6,4.6,5
B00GQS6EBE,4.4,5
B000ES74V6,4.2,5
B007Y7D29I,4.8,5
B000FDMNCU,4.0,5
B001ECQ4NU,4.8,5
B003YUTSPQ,4.0,5
B0012YVXWW,4.2,5
B000BCCR3K,4.8,5
B003USB5WQ,4.2,5
B00FVZ5UFO,5.0,5
B000TM72PU,4.6,5
B00FVZ8NT4,4.6,5
B000EGK4HE,4.8,5
B00404XRKC,4.6,5
B001ECQ5JI,4.6,5
B001ED8HTS,5.0,5
B00AQLWJ6Q,5.0,5
B001EDAN7M,4.0,5
B000WF2F3I,4.8,5
B00IRNQJYI,4.6,5
B00875KPGY,5.0,5
B003USIG6O,4.8,5
B004FDSD8E,4.6,5
B000VUF20C,4.2,5
B001EDY7UQ,4.8,5
B007SERFCW,5.0,5
B00K0UF95G,4.8,5
B0012WCBHA,4.2,5
B005AZQ33I,4.0,5
B00FW6BCU4,4.0,5
B000ES62CI,4.6,5
B003RPP582,5.0,5
B001BKFGLG,4.6,5
B004OKGWJA,4.8,5
B000FDSX2E,4.4,5
B0012WPE38,5.0,5
B004MFLVRA,4.2,5
B00F640EZQ,4.2,5
B00C78GK3Y,4.8,5
B003USGKJY,4.0,5
B007SGP5T0,4.6,5
B007SGP1J4,4.4,5
B0012ZI0V8,4.0,5
B000FDVVPK,4.8,5
B0098TK4I2,4.2,5
B000B5T2HG,4.6,5
B00169ZFZ4,4.8,5
B00FN6YGKG,4.4,5
B000141XO2,4.6,5
B004OK9XQY,4.8,5
B001E96PAU,5.0,5
B00CEKCCYG,4.2,5
B00005Y1V4,4.0,5
B0016A4TF0,4.0,5
B0016A6JQM,4.0,5
B00IAA94V8,4.8,5
B000TQDEL2,4.0,5
B000AERIV0,4.6,5
B008DK98U2,5.0,5
B007Y660MK,5.0,5
B007SRXJVA,4.6,5
B00FV9JSA8,4.4,5
B00134DZ5E,4.8,5
B0052EDMF4,4.0,5
B0098T1OFE,4.2,5
B003UOA56M,4.2,5
B008DK9A2I,4.8,5
B0098T3D5I,4.6,5
B008TMB8YS,4.2,5
B00FVAFT6Y,4.8,5
B00169NCMM,4.2,5
B004LMGVOW,4.0,5
B003S0G4MM,4.2,5
B004OKBOWU,5.0,5
B00K5L50J0,4.8,5
B00BH95H42,4.4,5
B0040573NI,4.8,5
B001EBYQI6,4.8,5
B000IZ574G,4.4,5
B0087GJ4LU,5.0,5
B000TN7YYI,5.0,5
B004FF44NK,4.2,5
B00EXK0TLI,4.2,5
B00AW0FTBS,4.8,5
B004J2VD5Q,4.8,5
B00C7A86SO,5.0,5
B004MDPEQ6,5.0,5
B00AQL4HKM,4.4,5
B00ATUVM5I,4.8,5
B003JKLPYI,4.8,5
B0012ZI8F6,4.2,5
B003JKKOWW,4.2,5
B00BD3N6UY,4.8,5
B0052CK19Q,5.0,5
B004XXRU3A,4.2,5
B000FD98Z0,4.8,5
B0087HZ1UC,4.4,5
B003UP1JZW,4.2,5
B0058DN9QG,4.2,5
B00IDYK4EM,4.2,5
B0016AM05Q,4.8,5
B000CSY5CY,4.8,5
B000052Y2X,4.6,5
B003RYHM0C,4.4,5
B000WCWUQ8,4.4,5
B0012UFEW6,4.4,5
B0016LY7BK,4.4,5
B00GR0QDE4,4.2,5
B003UX8Q7S,4.0,5
B0012RUJX8,4.6,5
B0012RUJ6U,4.2,5
B000TIJW5M,4.2,5
B0012RT7O0,4.6,5
B00AOU3QYS,5.0,5
B003ZJX56E,4.6,5
B000EGMB3O,5.0,5
B00KLJ9OT8,5.0,5
B000TI67S2,4.0,5
B004LGVLFC,4.4,5
B003JFMGR8,4.6,5
B007YOFZBO,4.2,5
B000CSWMAG,4.6,5
B0012RSXMW,4.2,5
B0012RSUY8,4.6,5
B003MGB6OS,5.0,5
B0052603R2,4.2,5
B000063T48,4.6,5
B00871PZV8,5.0,5
B001BCVF5A,4.6,5
B000TJFTWQ,4.2,5
B007S3I42I,5.0,5
B00CEOXJPS,5.0,5
B003RI81LC,4.2,5
B00871KOOG,4.6,5
B003JHZ8LW,4.8,5
B00BJCNA00,4.0,5
B00BGBOLTI,4.0,5
B008SIL1ZO,4.0,5
B001BBWJI8,4.8,5
B00FWZPILE,5.0,5
B008ENBJXM,4.4,5
B007YPMTXK,4.2,5
B003JFD578,4.8,5
B004JC5QX6,4.2,5
B0016LUHZA,4.8,5
B007RZ8AXU,5.0,5
B008SDLZL4,4.2,5
B004JC3PBQ,4.8,5
B00CEQHV64,4.2,5
B00AZIDJ9Q,4.4,5
B0016LUYKS,4.6,5
B008SDC4WI,4.8,5
B0054Y2370,4.0,5
B003RD9CJM,4.2,5
B0016LVQAA,5.0,5
B00FMDPFJG,5.0,5
B0012QM57W,4.4,5
B008716FJ4,5.0,5
B004NTS3QW,4.0,5
B00BJCFBUC,4.6,5
B00871KLMG,4.2,5
B000HA7S3K,4.8,5
B000WIBQN0,4.2,5
B0016LPICC,5.0,5
B00GLCMU5Y,5.0,5
B007RZLNHK,4.2,5
B007RZE9LM,5.0,5
B004HY5906,4.0,5
B00GGOEHNK,4.4,5
B000IZSU6I,5.0,5
B000TJIM4I,5.0,5
B005BA5J5U,4.2,5
B000GZ9IKM,4.8,5
B00993QQKC,4.8,5
B005B0YG0E,4.0,5
B0058A7262,4.2,5
B005B0YLFE,4.8,5
B000TKD22O,4.8,5
B000F7IAIM,4.6,5
B0012S8LEQ,5.0,5
B0012S25TS,4.2,5
B0012S249E,5.0,5
B000E3YSNI,4.6,5
B00BGCZUX8,4.6,5
B005B1N0PU,4.8,5
B001EJOPRK,5.0,5
B007YBSUO6,4.8,5
B00GH07JVU,4.8,5
B00FWL2S9S,4.8,5
B00017UZ2K,4.0,5
B000VUCKVG,4.4,5
B000A40REA,4.6,5
B00BBTTX52,4.8,5
B000E3YPIG,4.6,5
B0012TXMC6,4.0,5
B008E6YD5U,5.0,5
B005B0XCS6,4.6,5
B001EHDHTO,4.6,5
B00017UZ3O,4.6,5
B0012SWKBG,4.4,5
B00FWMHSQK,4.2,5
B003JK87NK,4.2,5
B005B0XTFC,4.0,5
B004MGPA2Q,4.6,5
B005B5EII4,4.0,5
B0016JA0JA,4.4,5
B0016KTND8,5.0,5
B005B8Z7GI,5.0,5
B00C75L16I,5.0,5
B001EK1IC4,4.8,5
B000ERAGC6,4.4,5
B003YTXLOQ,5.0,5
B000ERAGBW,5.0,5
B000CSWMD8,4.8,5
B00872H6M8,4.8,5
B001BDRBHK,4.6,5
B00EWNOK2U,4.4,5
B001BDK79Y,4.2,5
B003MC99O6,4.8,5
B003JIVK0Y,5.0,5
B004FBOKLU,5.0,5
B0012RY132,5.0,5
B00873A822,4.8,5
B003RKU6GS,5.0,5
B00IAKKSZY,4.2,5
B004FCOAL4,5.0,5
B004FCLN64,4.8,5
B000VTQCH0,4.6,5
B00996LB5E,4.6,5
B00EWOTTK2,4.6,5
B00AW3EF6A,4.0,5
B004OM0EI8,4.6,5
B003ZJPG3Y,4.2,5
B001BEMDJ0,4.0,5
B00527C5CW,5.0,5
B004NU1JCQ,4.4,5
B0012RYCRW,4.8,5
B00996RKOA,4.6,5
B00BJEAAHY,4.8,5
B0012BUEWA,4.4,5
B003UNRARU,4.8,5
B0017JTJWI,4.6,5
B00AWR9HGO,4.4,5
B0011FRP4C,4.8,5
B000SSG09E,4.2,5
B000IHUJ4C,4.4,5
B003VP1Q0Y,4.8,5
B00G0Q3AJQ,5.0,5
B004HLWZN8,4.2,5
B00CA8OE7K,5.0,5
B0017JTEYG,4.8,5
9790790988,4.6,5
B000WUCHLI,4.4,5
B000IHTO9I,4.6,5
B0011FM46Q,4.4,5
B008H1SDZS,4.8,5
B00F9MNLLO,4.4,5
B0085UPJLW,4.2,5
B00C5V6BOG,4.4,5
B000BTHLDO,4.4,5
B00BLDSWCS,4.6,5
B005C48XG2,4.8,5
B0017JSZ96,4.8,5
B003N4YV6O,4.8,5
B004OXAEA0,4.8,5
B0051MQ3LW,5.0,5
B0011G4BXY,4.0,5
B003VOBV8C,4.6,5
B00BLEP5PE,5.0,5
B004HLXSLG,4.6,5
B0040ZU4N4,4.2,5
B0055AOVBE,4.2,5
B007RIZ2YM,5.0,5
B001F604MW,5.0,5
B00KB9NV7Y,4.8,5
B00019HB20,4.6,5
B0051I6GEA,4.0,5
B004JVXPLC,4.2,5
B008H51NHO,4.8,5
B00AR86FK4,4.6,5
B000J2HFTI,4.2,5
B004MOKXAC,5.0,5
B004MON2RI,4.6,5
B004JW0DZ2,4.0,5
B00F9QNQMO,4.8,5
B0085P0MG4,5.0,5
B004L5QTT6,4.0,5
B000EYNPFY,4.0,5
B001F51VB6,5.0,5
B00G0TWAZI,4.0,5
B00BZBW6MI,4.4,5
B00GLP5ZVM,4.8,5
B0085SOXSO,4.4,5
B004ETIWL2,4.4,5
B008RDEI0A,5.0,5
B000BOA3BG,4.0,5
B007QERALK,4.2,5
B00CC5VTRO,4.8,5
B008RD2C6C,4.4,5
B004XRS7VK,5.0,5
B00006L9L3,5.0,5
B001F4UDWK,4.0,5
B0017HRQ3E,4.8,5
B0085XXOWK,4.6,5
B000AZBICY,4.0,5
B00IP2PRDK,4.2,5
B0017I3OMU,4.4,5
B004L6TWJY,4.8,5
B003YMJ5ZM,4.2,5
B0085XUB8A,4.4,5
B001F0RBFQ,4.6,5
B000VONBD8,4.2,5
B0085XTQVI,5.0,5
B003VMUKE0,4.6,5
B005C1VXN0,5.0,5
B004YF5MY6,4.8,5
B004HNG7X0,5.0,5
B00BCRU2PS,4.8,5
B001F0QXSC,4.8,5
B007QXOEBU,5.0,5
B001F0QXUU,4.8,5
B004GFR2YC,4.2,5
B00937LGXQ,4.4,5
B001F0QXZU,5.0,5
B00CFB2DFW,4.2,5
B000EXIHQM,4.2,5
B008YYC570,4.0,5
B0011V0994,4.6,5
B001AZVDIW,4.6,5
B004YF5JZI,4.6,5
B000II3CCC,5.0,5
B000SSWPKC,5.0,5
B000A39K9E,4.8,5
B001AYC4NG,4.2,5
B000195RKS,4.2,5
B003VMXQLO,4.4,5
B001F2WNAC,4.8,5
B000VONA5C,4.6,5
B00BC38TWK,5.0,5
B000V1O1B2,4.8,5
B00006L76O,5.0,5
B003N4NKGQ,4.0,5
B00FKFJH8Q,5.0,5
B00802E9XY,4.6,5
B0051OHKVC,4.2,5
B008GZ2JDM,4.6,5
B0085WAIU2,4.8,5
B0011NIZ70,5.0,5
B0017JR7GI,4.8,5
B0017JRBGE,5.0,5
B00ATFN3FA,4.8,5
B00BCRMPLM,5.0,5
B0085XR8CW,5.0,5
B000H758ZS,4.8,5
B000V13S8E,4.6,5
B0011TWJ6M,4.4,5
B008GWJDAM,4.6,5
B00EUULOB0,4.4,5
B004EVZY0C,5.0,5
B0017IY4D8,4.4,5
B000FFEVGY,4.2,5
B008GWNJZM,5.0,5
B0011TPJU0,5.0,5
B003ZPHWMG,4.0,5
B007ZZ5CSS,4.2,5
B004OX54HI,4.8,5
B000VON0ZM,4.6,5
B0017K45PS,4.2,5
B003VV0FFK,4.6,5
B00BB8JMEU,4.0,5
B000VOMVKC,4.8,5
B00BC3PDWY,4.6,5
B0051CT03U,5.0,5
B0085LXXW8,4.8,5
B004OZRRJO,4.2,5
B008HP2TLS,4.0,5
B003PZCMC6,5.0,5
B0085LXO0Y,4.0,5
B001FB5NFK,4.6,5
B00HUZBWZU,4.6,5
B0057K7844,4.8,5
B001ASGL4K,4.4,5
B0080FWGOA,4.4,5
B001FB5NHS,4.4,5
B00116431Y,4.0,5
B001FB5NQO,4.0,5
B0051C2MD0,4.4,5
B000WZKZP8,4.0,5
B009AX0U8U,5.0,5
B0080FELGQ,4.6,5
B003VV3CRS,4.2,5
B00011K4W2,4.6,5
B003PZJS0A,4.4,5
B001FB5IPK,4.4,5
B00117RUCW,5.0,5
B00AWX501Y,5.0,5
B0017L076S,4.0,5
B0051D8S8M,4.0,5
B001FB5MI8,4.4,5
B00G1RMS6U,5.0,5
B0051D5U6A,4.6,5
B004NMVEEW,5.0,5
B000VOLN7Y,5.0,5
B001FBC5LU,5.0,5
B00GSW68EG,5.0,5
B001FB5TZY,4.2,5
9790786328,5.0,5
B00FJFIFLW,4.4,5
B00113RFQM,5.0,5
B003PWZEAQ,4.2,5
B001ARSVB2,5.0,5
B005CB9MYW,5.0,5
B000AV4XNE,4.0,5
B001FB5TQ8,4.8,5
B0085L0BFU,4.0,5
B008HRPEH2,4.2,5
B000AXMDXY,4.8,5
B0055DT4YU,5.0,5
B0017LQO6K,4.8,5
B004OZT3A0,4.8,5
B00BFWAZ2K,5.0,5
B001FB5TLS,4.8,5
B000A232V2,4.8,5
B00BCPE5Y4,4.2,5
B005C952I4,4.8,5
B00HS0C8WI,5.0,5
B003VUZKJM,4.2,5
B0011DJ5CO,4.0,5
B000VOMYU4,4.8,5
B000EGZ3IE,5.0,5
B000WY1CM4,4.2,5
B000WY3AME,4.6,5
B00F9QTRMM,5.0,5
B003YM81SO,4.8,5
B000V24634,5.0,5
B000V2ACIM,4.8,5
B004XQWZ5A,4.2,5
B00G193RVI,4.0,5
B003Q2ZIXS,5.0,5
B00006RS71,5.0,5
B000A26CB4,5.0,5
B003IJ6I6U,4.0,5
B001AVN1NG,4.8,5
B003IJ0PPA,4.2,5
B003IKI1NM,4.6,5
B008H6XCJ0,4.2,5
B003IKQ7F6,4.0,5
B0011DL8QU,4.0,5
B001F7EQRU,4.0,5
B00AO0SUCQ,5.0,5
B00BB8KLBI,5.0,5
B004ESUI38,4.0,5
B0017K70IC,4.8,5
B003ZZBL2I,4.2,5
B001AVV386,4.8,5
B003VRAG2Q,4.4,5
B008H6MYQW,4.8,5
B00BLFCCK4,4.8,5
B003ZQEY4E,4.0,5
B00GFBAY1I,4.4,5
B001AVWLV4,4.2,5
B004OYS4F6,4.2,5
B00IQ1QAPO,4.0,5
B00CAAPQ66,4.2,5
B000SOLIKO,4.6,5
B008HFWLCU,4.6,5
B00BFWTTF4,4.4,5
B0080E8X7K,4.4,5
B000SOJSWO,4.8,5
B000I4ANUA,4.8,5
B000WZHFSS,4.6,5
B000H73FH6,4.4,5
B0017KCPUU,4.6,5
B004GIQ53I,4.4,5
B000V2EYPO,4.4,5
B0017KFLWY,4.4,5
B003Q1K4N8,4.6,5
B00BFWY8ZK,4.6,5
B004JX03CO,5.0,5
B003ZR90M4,5.0,5
B003IITTNA,4.4,5
B005C6QVA0,5.0,5
B001AU6ZKS,4.4,5
B003PZQBYG,4.8,5
B001F0QXPA,4.8,5
B000VOP0X2,4.0,5
B003J6QW4K,4.2,5
B001280H2K,4.4,5
B004GF06LI,4.6,5
B00EVCERCA,4.0,5
B00F8OMN1C,4.2,5
B00127Z83E,4.0,5
B008FZAYXA,4.4,5
B000ALCIW2,4.8,5
B00555P974,4.6,5
B00127YE66,4.8,5
B000WNO4CK,5.0,5
B000T4T5KI,4.4,5
B005BY4TR0,4.0,5
B007REKMMS,4.8,5
B00EVB5VQ2,4.0,5
B003N0EFXM,5.0,5
B00C69IJM4,4.8,5
B007RF72CK,4.6,5
B00BJ8WVCW,4.2,5
B0057UO8YM,4.6,5
B0093KSY60,5.0,5
B003YOUI6U,4.0,5
B00175X7PW,4.6,5
B00175XI5Q,4.2,5
B000132G7G,4.0,5
B000WNH5YO,5.0,5
B003QLSIQS,4.8,5
B00012WYH4,4.0,5
B009A0VBX6,4.2,5
979079830X,4.4,5
B001B3ROWW,4.4,5
B00HTQT95A,4.6,5
B008FZZH2S,4.4,5
B000UYGFY6,4.2,5
B005BYKRMQ,4.2,5
B00125QSQM,4.8,5
B00C678QMY,4.4,5
B00AZ2MSW6,4.2,5
B00125F0BG,4.2,5
B001EWF0ZS,4.0,5
B00176YT2Q,5.0,5
B003IZFMES,4.8,5
B00FKZ2HGU,4.6,5
B00BZEWOYU,4.8,5
B008G3K7DI,4.8,5
B001EWF0MQ,4.8,5
B00GS45GQA,5.0,5
B0085YKSSW,4.0,5
B00127NNGI,4.8,5
B000EGOFMY,4.6,5
B007ZIVV1M,4.0,5
B005BYC8BO,4.2,5
B0085YPCBU,4.2,5
B009A0VZOG,4.0,5
B000EGOG64,4.0,5
B001EWET9G,5.0,5
B00126Z36W,4.8,5
B008G29GR2,4.8,5
B004JO1SGS,4.6,5
B009A0W144,4.8,5
B00126SLW0,4.4,5
B004F0VYXS,4.6,5
B004JLBBYA,4.4,5
B001EU3STK,4.2,5
B003QSGDUE,4.4,5
B00F8L8ZO4,4.6,5
B0051VQF3E,5.0,5
B0012ACTEM,4.0,5
B000T9K336,4.0,5
B000UXTBAC,5.0,5
B00BG45QPS,4.8,5
B001ET7JKA,5.0,5
B000I01OQQ,4.8,5
B001ET7JM8,4.8,5
B000T97E8I,4.4,5
B000A3V2HC,4.8,5
B00172ZXDO,4.0,5
B00865GTVK,4.6,5
B008FQGTCY,4.6,5
B000BF1QZW,4.6,5
B00EVNF0RU,4.8,5
B0012AN5WC,4.4,5
B004F1U8EI,5.0,5
B008FPGBUK,5.0,5
B001ET7GJ4,5.0,5
B007ZBCXZC,4.2,5
B004MMY0N0,4.8,5
B00867FDJ2,5.0,5
9790799659,4.2,5
B00C6F0NDQ,4.8,5
B001ET7IRE,4.8,5
B000189NLS,4.2,5
B000H8ADQG,4.2,5
B00BZH66AK,4.6,5
B008FPR9OW,5.0,5
B000UXPE3K,4.4,5
B000B41DEM,4.4,5
B0012ANE00,4.6,5
B0055272I6,4.4,5
B001B4UZJU,4.4,5
B000T91DUS,4.4,5
B008RUOLXM,4.8,5
B001B4JU7S,5.0,5
B003J80V72,5.0,5
B000ALBLMU,4.4,5
B007RG4PX8,4.4,5
B0051UTLDG,4.2,5
B00862M2O6,5.0,5
B001ET7ME8,4.0,5
B001ET8QHK,4.2,5
B00FYY741U,4.6,5
B001ETC7OS,4.0,5
B001287J80,5.0,5
B001ETSXVE,4.6,5
B007RG4LUA,4.8,5
B0012878I6,4.2,5
B004XV6R04,4.8,5
B001ET7KA4,4.2,5
B003VDEJB4,4.2,5
B001ET7KDQ,4.2,5
B00CF46AXU,4.6,5
B000VPR5CU,5.0,5
B004GEWEYQ,4.8,5
B00552KF2Q,5.0,5
B001ET7L80,4.2,5
B004OTAI28,4.2,5
B001ET7MC0,4.8,5
B00AWGRCOE,5.0,5
B000WNAMJ4,4.2,5
B000T5PA88,5.0,5
B001B4KONM,4.8,5
B003ZNITJS,5.0,5
B00AWH7CAC,4.2,5
B001B2LONS,4.6,5
B00CCFVKQ4,4.4,5
B004HNS724,4.8,5
B000BYCR06,4.0,5
B0011ZINAC,5.0,5
B00EV59CKO,4.2,5
B0017DIJ1G,4.4,5
B007ZR1AUA,4.0,5
B008ROBA50,4.4,5
B000H7G6TA,4.6,5
B000WR2HB6,4.2,5
B00GS9IFE0,5.0,5
B008RN1QQO,4.6,5
B007R2J4EC,5.0,5
B003N3IV7U,4.4,5
B009AAW1J4,4.8,5
B00AZ5G874,4.2,5
B004JS6XG4,4.2,5
B003IS66PY,4.4,5
B004OUFP7K,4.2,5
B001209FYY,4.2,5
B000BOA6S6,5.0,5
B004JRHE8Q,4.4,5
B004002J7S,4.6,5
B0093B3Y3M,4.2,5
B000VOPA46,5.0,5
B0093AUOVI,4.2,5
B000SXQCZ6,4.2,5
B0085YK50I,4.0,5
B003VJXVB2,4.4,5
B00EV5KRTE,4.0,5
B008RPJ222,4.4,5
B00FKVLPQC,4.2,5
B004GFBVAS,4.0,5
B008GMSHD6,4.2,5
B008GMZK72,5.0,5
B003VKHWCU,4.4,5
B00EV5LM3E,4.0,5
B000H7BCBC,4.6,5
B00AR19YHW,4.2,5
B000H30EUG,4.0,5
B009AEEKSK,4.2,5
B00F97B4FO,5.0,5
B003IR8E2I,4.6,5
B003VLAEWY,4.8,5
B000F6NLS2,4.4,5
B00FZY700O,5.0,5
B003VM41JU,5.0,5
B00GFV45R2,4.8,5
B008GSF2G0,5.0,5
B001B0TFSQ,4.0,5
B001F0QX50,4.2,5
B000V0OUPK,4.6,5
B003ZPFP7A,4.0,5
B003IQRM18,4.4,5
B003IROILE,4.2,5
B0017GBAAA,4.8,5
B008RMNJRE,4.6,5
B003N3M5Q8,5.0,5
B0017GES90,4.0,5
B007QYWQT6,4.8,5
B0011YUG9Y,5.0,5
B004OUSZX6,5.0,5
B004JTN5IM,4.4,5
B009ADURC4,4.0,5
B0085YB0HU,4.0,5
B008RPT0PQ,5.0,5
B001EXUMAU,4.2,5
B003N185OQ,4.8,5
B003N21PX8,4.4,5
B000T2CYDA,4.6,5
B001EWF2I8,4.6,5
B001B1UUVG,4.0,5
B00BHOD0ZK,5.0,5
B00FZEQTAG,4.6,5
B0051SZS7G,4.8,5
B000ALDJXE,4.4,5
B004F0OFWA,5.0,5
B00122L7RA,4.6,5
B00178TF0A,4.4,5
B00178TX66,4.6,5
B003VIFOJU,4.2,5
B00123A7I4,4.2,5
B004GF2AOE,5.0,5
B003N185PK,4.2,5
B001B2K4LG,4.2,5
B007ZKATV8,5.0,5
B0085YKMY2,4.6,5
B00GG0OBHG,4.2,5
B00178HK52,5.0,5
B005567RQO,4.8,5
B00BB8MY1S,5.0,5
B00123KI8S,5.0,5
B000H7NWUQ,4.2,5
B004MNN12A,4.8,5
B008G923HA,4.8,5
9790794495,4.4,5
B008RQMAN4,4.8,5
B001B1QL2I,5.0,5
B007R6U8A2,4.4,5
B00KBI8VXE,4.0,5
B004JPW96U,4.2,5
B001217E3C,4.0,5
B008GI0WTC,4.4,5
B003IW5IJ0,4.6,5
B008RQ9FD2,4.0,5
B007ZN5DF2,5.0,5
B00AR19CWE,4.4,5
B001B1OV4I,4.6,5
B0051RYINM,4.2,5
B00556RRPA,4.2,5
B00C663USU,4.0,5
B008RQMQPQ,4.2,5
B007RA3CZ6,5.0,5
B003VJGGH8,4.6,5
B005BYVIL0,4.2,5
B000A3V1WI,4.8,5
B0085YKFCG,5.0,5
B003VIZVQQ,4.0,5
B001B1QZQU,4.0,5
B00556KHUM,4.6,5
B001EWF3C8,4.2,5
B004F0MPT0,4.6,5
B003VJLO0M,4.6,5
B0093BZTI0,4.2,5
B005BZ2RLE,4.6,5
B000T1EVHS,4.8,5
B00121G0BY,4.2,5
B0087N4REC,5.0,5
B008HSGETS,4.4,5
B004M375UE,4.4,5
B0040HDATC,4.2,5
B007V5OPAI,5.0,5
B00C8PG5FO,4.6,5
B0096U4QGO,4.0,5
B000ULNFCO,4.4,5
B00F0NS2B6,4.6,5
B00892ZVKU,4.8,5
B004Z91L82,4.8,5
B004LXKY0I,4.4,5
B00005334Z,4.2,5
B000E26COW,4.2,5
B00014IXAY,5.0,5
B0096U3USE,5.0,5
B00014I9NU,4.8,5
B001DQVXMY,4.0,5
B0015ACIAE,5.0,5
B00005BWXD,4.4,5
B00895IGH2,4.4,5
B004IH5XQ2,4.6,5
B001DR3U6U,4.6,5
B00005337Q,4.2,5
B000UEERK0,4.6,5
B004O3UC2U,4.4,5
B00GIMHVAG,4.8,5
B000UEEJSU,4.8,5
B000HKPV8Y,5.0,5
B00GOPS8DG,4.2,5
B007V5YY4K,4.8,5
B000143LCE,4.8,5
B007WVWOHM,4.4,5
B00892ZP2E,4.8,5
B0015E7SV4,4.4,5
B003TTZTEG,4.4,5
B0040AU0ZG,4.8,5
B00540U3L2,4.0,5
B001CN8RLI,4.8,5
B00143V3US,4.8,5
B004FQEJI4,4.8,5
B0040AU0BU,4.0,5
B001DW2A6G,4.8,5
B000VV1Z2K,4.8,5
B0096V29LW,5.0,5
B00AZIXZ6I,4.2,5
B001DWAIEW,4.4,5
B00F3S756G,5.0,5
B0000532YP,4.4,5
B00005331J,4.2,5
B001443PLC,4.6,5
B001DUCD9W,4.6,5
B003SZ4BXG,4.2,5
B00APRLMAK,4.6,5
B000W2ZZIS,5.0,5
B005985WPG,5.0,5
B00532U8XO,5.0,5
B0014406P0,4.0,5
B004Y923KI,4.6,5
B004FQEK60,5.0,5
B001CNEQOA,4.2,5
B003TTYH8U,5.0,5
B0015AB3BO,4.0,5
B0040HAB8K,4.0,5
B00149LGZY,4.2,5
B0015AA1NK,4.6,5
B00158SLBQ,5.0,5
B00AZJ0C5O,4.6,5
B001DLFL04,4.4,5
B000UGXFHY,4.4,5
B00BGQ4S5U,4.8,5
B008VFXYLI,5.0,5
B001CT03CI,4.4,5
B001DLPGHM,4.4,5
B007WRW67Y,5.0,5
B004Z2SRUY,4.4,5
B000HKTBL2,4.0,5
B000B7OS8C,4.8,5
B00C84PTA2,4.4,5
B00014H8L4,5.0,5
B004FX4R1G,4.6,5
B0014BF8QU,4.6,5
B008WLOR62,5.0,5
B00539PQI4,4.2,5
B003T0VHHS,4.8,5
B0014C6PPW,4.2,5
B003L7Y2IK,5.0,5
B0014C4GXK,5.0,5
B00FOPQZAU,4.6,5
B008VGZKTG,4.0,5
B0014BTEWE,4.8,5
B00594XJXW,5.0,5
B008AKVL3M,4.8,5
B0000535SB,4.4,5
B0014C4FZY,4.2,5
B004Z7R9P8,5.0,5
B003LA93C2,4.8,5
B008AZ2BH2,4.6,5
B008AZ2R2G,4.2,5
B003K9UUVC,4.2,5
B001DO5AAM,4.0,5
B001DO5BK6,4.4,5
B00BBJKNPQ,4.2,5
B007WU0DEE,4.8,5
B004LXL1RS,4.6,5
B00BDGL1S0,4.4,5
B0096TW1BM,4.8,5
B003SZGEAY,4.8,5
B000W14ZPI,4.8,5
B0014AULXG,4.2,5
B000ULLR7Y,4.6,5
B0014AWRWO,4.2,5
B001CSOMBM,4.8,5
B004FQMRQ0,5.0,5
B004LXL2EK,4.0,5
B000W0XVWC,5.0,5
B001DNG7QE,4.0,5
B001DNYFAY,5.0,5
B0040GTAL0,4.2,5
B00F0YFNKI,4.4,5
B000AA9H0O,4.2,5
B0014AUGXG,4.6,5
B0095OHDJS,5.0,5
B0096T7W66,4.0,5
B008VF5ACO,5.0,5
B000B9N0XE,5.0,5
B004LXJVF2,4.6,5
B000E0DUIU,4.4,5
B004IMCXFG,4.4,5
B003LJACV4,4.4,5
B003U0IEAU,4.4,5
B000143DFY,4.4,5
B0000531VY,4.4,5
B000143DCC,4.0,5
B00EZVOM40,4.6,5
B0013VB8HE,5.0,5
B000UM18IG,4.8,5
B00AVPB6RA,4.8,5
B00EZVK7JE,4.4,5
B007US571W,4.0,5
B0013V2LMA,4.2,5
B00EZV0VF4,4.4,5
B0000531WB,4.2,5
B00GNR6JKY,4.4,5
B000H0Y5AO,4.4,5
B000VV0E90,4.0,5
B00AVNSRFG,4.2,5
B0059JHIA2,4.2,5
B00AU827ZS,4.8,5
B004OCGZWW,5.0,5
B008X3PF7O,4.2,5
B007USQ6DK,4.2,5
B000F8LQ2I,4.0,5
B0013WI0GU,4.4,5
B007UT66GQ,4.6,5
B001E0SYEY,4.4,5
B0015KOT42,4.0,5
B004IN22K6,4.4,5
B0015M5K2K,4.0,5
B00HVIDR6I,5.0,5
B000B6DXLG,5.0,5
B0013THRJE,4.2,5
B001E0WGXY,4.2,5
B007UQR74E,4.4,5
B0015N1PXM,4.8,5
B0052XVJUU,4.2,5
B003U30HFM,4.0,5
B0015NJDGI,4.0,5
B00BBFNMB2,4.4,5
B00AYLMTBS,5.0,5
B00409HYOC,4.0,5
B001E0WLLQ,5.0,5
B0059KXRME,5.0,5
B0052XTYNE,5.0,5
B007X6K61M,4.4,5
B004G38N06,5.0,5
B0052XTPYW,4.0,5
B000FBK6EY,4.4,5
B004IN4RU4,4.6,5
B0040IMK2E,4.4,5
B001CITVZ4,4.6,5
B0088P5STM,4.0,5
B000EVELAA,4.6,5
B00EZTNZF4,4.8,5
B000W6CDRU,5.0,5
B008UW9MOK,5.0,5
B0095ENDZQ,4.4,5
B001CIFQ4O,4.0,5
B0013TLZL0,5.0,5
B000W767XU,4.0,5
B000FBK6EE,4.8,5
B008X5TRDU,5.0,5
B00AU78AN2,4.4,5
B008BGN2A0,5.0,5
B00EZWS3AS,4.8,5
B004LXJVC0,4.8,5
B000U99TV2,4.0,5
B007X2FTW2,4.6,5
B000IO6NNG,4.2,5
B004G2D9H4,4.4,5
B004IJ7A0C,4.4,5
B001CL88NW,5.0,5
B00599D2A2,4.6,5
B004LXJTL8,4.2,5
B001DYK78M,5.0,5
B001DYM2NU,4.2,5
B000BW2906,5.0,5
B00C04BBFW,4.0,5
B0058OYY6Y,4.2,5
B00141IKF6,4.6,5
B00GJVSFN8,5.0,5
B008B9RL90,4.2,5
B00142ACPG,5.0,5
B008B8LE9E,4.2,5
B00AU9AR0E,5.0,5
B0015GIPAU,4.4,5
B0089032GW,4.0,5
B000143HB4,5.0,5
B001CL9XEK,4.8,5
B00014UHSK,4.0,5
B004Z2L9OK,5.0,5
B00AYNFNSC,4.6,5
B00AVMF8RM,4.8,5
B0058OKWOM,4.0,5
B003TZ94UK,4.6,5
B004M5UGRQ,5.0,5
B007UZ1GF6,5.0,5
B000ULPL3A,4.4,5
B000W44T10,5.0,5
B00005LOHD,4.2,5
B007UVNMRK,4.2,5
B007X5AC12,4.8,5
B0088R4U4Y,5.0,5
B008UZEOFO,4.2,5
B001E0R2YM,4.6,5
B000BVB1LK,5.0,5
B00HVRAPV4,4.8,5
B000AA5VNG,4.6,5
B004I6F0BG,4.4,5
B001410RKM,5.0,5
B0015IZRJA,5.0,5
B00005JTW9,4.2,5
B00C8RZP6C,4.6,5
B00140ZLG8,4.2,5
B0052ZHDGW,5.0,5
B001DZKL6Y,4.8,5
B003LENIEM,4.0,5
B00005322I,5.0,5
B001CKSKNG,4.8,5
B00AVLEGZS,4.2,5
B00F01JXTS,4.0,5
B00BGL5AIE,4.8,5
B000AADFSO,4.2,5
B00158G7YO,4.0,5
B0014C9SQ0,4.4,5
B003KU8WWK,4.0,5
B0053HCY22,4.8,5
B00152TKXA,5.0,5
B001D2FAEK,5.0,5
B003L1CMLK,4.0,5
B000ULCUZW,4.2,5
B000AAAWN0,4.8,5
B004LXOPXU,5.0,5
B00F2JHTKS,4.8,5
B0040E4M6K,4.4,5
B004LXOPW6,4.2,5
B000ULBCGA,5.0,5
B007W327VI,4.6,5
B00AZIZQ4M,4.0,5
B004LXOQ3E,4.8,5
B008W8FWCI,4.8,5
B001D23U4M,4.6,5
B0053T8ERY,4.2,5
B00AUM9VHG,4.8,5
B00AQ45N2U,4.6,5
B000ULCXOU,4.8,5
B004LZ7WEC,5.0,5
B0014TBT10,4.4,5
B004FSJPAY,4.6,5
B000ULCVVK,4.6,5
B00152SWQ6,4.8,5
B000GLEMZC,4.6,5
B00960YWZE,4.8,5
B0058SQN50,4.6,5
B003TJK3M4,4.0,5
B001D7PTNM,5.0,5
B00014EH2W,4.0,5
B00AUCC29K,4.2,5
B008A1KSX0,4.2,5
B00FP6OAG4,5.0,5
B008VTL55Q,5.0,5
B00AYRD8SK,4.2,5
B0089FZJBS,4.6,5
B001CT0AC6,5.0,5
B00152WNOS,4.4,5
B00BGTOV90,5.0,5
B00HVKBD7Q,4.0,5
B00BGVMWAI,4.4,5
B004IDKXM0,4.0,5
B00014EFZ6,4.4,5
B0014M1YLM,4.6,5
B00AQ0N7W2,4.6,5
B003KRA712,4.6,5
B00014E1NC,4.0,5
B00AZIZRD2,4.8,5
B008A058S6,4.2,5
B0014LOOMO,4.2,5
B00HVKBDE4,4.2,5
B003TC14N8,4.4,5
B008A106S2,4.0,5
B00HVKBDCQ,4.8,5
B0058SQG7U,4.2,5
B000ULI4GG,5.0,5
B001D0ON3G,4.8,5
B003KUA7WI,4.4,5
B0014Z7OZO,5.0,5
B0014Z5S6Q,4.8,5
B00AUJRLGW,4.0,5
B000IOHOU2,4.8,5
B00014DG7Y,4.0,5
B003THX4A4,5.0,5
B0089O36BY,4.2,5
B00BGVJ882,4.4,5
B00964ZG1Y,4.4,5
B000ULF8Q0,4.2,5
B00150GPCG,4.4,5
B000E177NS,4.2,5
B0053PIPMM,5.0,5
B004LYGDQG,4.6,5
B00014D8HM,4.4,5
B001CYCTYS,4.6,5
B0014ZWH6U,5.0,5
B0089PT0SQ,4.2,5
B00AZIYSRI,4.2,5
B001CYCS4Y,4.8,5
B007WE0AUM,4.2,5
B0014ZUGUO,4.4,5
B0014ZR2PG,4.2,5
B0053PJRN8,4.8,5
B0014ZP212,4.4,5
B0089PDMEO,4.8,5
B001CYC4DE,4.4,5
B0014ZXXEU,4.4,5
B000ULGMV0,4.6,5
B0058WEPBA,4.8,5
B0053P6PCY,5.0,5
B00152RZ8W,5.0,5
B003TIV7SE,5.0,5
B0089UQWL4,5.0,5
B0089VD8OM,4.2,5
B00152R2XK,4.8,5
B000VXOQH4,4.4,5
B0053SZVNU,4.4,5
B003ZAG254,4.6,5
B00AUKTQ6Y,4.6,5
B00F39AGES,5.0,5
B003KUG80I,4.8,5
B000BVMWHC,5.0,5
B003KUN3F6,4.4,5
B000VXK394,4.2,5
B001526B0A,4.6,5
B001CXF4RS,4.2,5
B0014XCQ8G,4.2,5
B000VXD0QM,4.8,5
B00IOF4N8I,5.0,5
B0014XAIRC,5.0,5
B003KUN3FQ,4.8,5
B001D0CCJI,4.6,5
B001D0CWNO,4.8,5
B003KXZIIS,4.0,5
B001D0CYXC,4.0,5
B001D0CZLI,4.6,5
B00BGVL4MK,4.4,5
B0014X7AWI,4.4,5
B007WODJ7I,5.0,5
B0040B09A6,4.4,5
B000ULKQYO,4.6,5
B001CT08CS,4.2,5
B001DJ9X64,4.0,5
B000143RZU,4.4,5
B000VVE5UO,4.6,5
B00155WKXY,4.6,5
B00155XB82,4.0,5
B000E0I5IA,5.0,5
B0089B4FZ8,5.0,5
B0014EWNF6,5.0,5
B00GOJ9RLE,4.2,5
B00BGVOH06,4.4,5
B00F1IM16W,5.0,5
B00156615Q,4.6,5
B00155P8UQ,4.6,5
B000UICUBY,5.0,5
B000ULKQ2G,4.2,5
B000VVHK56,4.8,5
B003L3GV9M,5.0,5
B000IOFQSE,4.8,5
B001DIZON6,5.0,5
B00593FJW2,4.2,5
B0014FD7SW,4.0,5
B0014F8YHQ,4.4,5
B0089BB722,4.2,5
B0089BB6ZU,5.0,5
B0096HXX34,4.6,5
B00BGSRIBE,4.6,5
B001DJ81QW,4.2,5
B003T16HLS,4.0,5
B007VMBFRM,4.0,5
B007VIAM7U,4.2,5
B000IOOKKE,4.8,5
B007VIU6PS,4.2,5
B0096M9F2W,4.6,5
B000B9J3PI,4.2,5
B0058RL0OK,5.0,5
B0014CAKLM,4.4,5
B00157ZFC0,5.0,5
B001DKETYO,4.8,5
B001DKGKGE,4.6,5
B00158FPT2,4.0,5
B000F8WK64,5.0,5
B0096N7TRE,4.4,5
B00FQSG2VC,4.2,5
B000HL1MU4,4.8,5
B000VV9ZCC,4.4,5
B004IFM1FA,4.2,5
B000IOBZE8,4.8,5
B00157FJGM,5.0,5
B003T127OE,5.0,5
B008AGN4B8,4.2,5
B008AGWLNU,4.4,5
B00157VKWE,5.0,5
B004FQRXK0,4.8,5
B008AH3BN8,4.0,5
B000HLWXPW,4.6,5
B000ETXVLW,4.6,5
B00GIYZ14C,4.4,5
B003L6EHJA,4.2,5
B003T10PDE,4.0,5
B003KNQPGM,4.4,5
B000VZZSB0,4.0,5
B00F2A4PK4,4.6,5
B000GZNGLY,4.0,5
B000ULJM44,4.6,5
B004O3ZUP4,4.0,5
B004IF4RPC,4.8,5
B003TM6ZLO,4.6,5
B000053772,5.0,5
B00FQD0LNW,4.0,5
B003KPIKGS,4.8,5
B001DDGVEW,4.2,5
B003L2GVLG,4.0,5
B008VT9EDG,4.8,5
B0014JT4Y4,4.6,5
B007W0BH6W,4.8,5
B00C89WH70,5.0,5
B0040EDNDI,4.0,5
B000FA7L9S,4.8,5
B008A4C0GA,4.2,5
B001534U5C,5.0,5
B004LXOLLG,4.4,5
B008A51WUO,4.8,5
B00590HINI,4.4,5
B000UL944M,4.4,5
B003T88DJU,4.2,5
B008VTFX72,4.6,5
B00CD8GH4K,5.0,5
B008A612JO,4.0,5
B0014JTEVC,5.0,5
B001539BCO,4.6,5
B000BPR08Y,5.0,5
B0089CF3E4,4.4,5
B004FVY006,4.6,5
B00FQHDSV0,4.2,5
B003T3DZQG,4.2,5
B001CT099K,4.8,5
B008VPAAQA,4.6,5
B0014GUG30,4.8,5
B00AUVPN6A,5.0,5
B0014GFGD0,4.2,5
B001DI68HC,4.4,5
B00BDATZTI,5.0,5
B000VZRNUY,4.0,5
B004Y7MQOI,4.0,5
B00AZIZVLA,4.8,5
B008WF3EIA,5.0,5
B00AUV1TLI,4.6,5
B000E0LB86,4.2,5
B00005AR7E,4.4,5
B0096DPWHS,5.0,5
B004IF69I0,4.8,5
B0095ZYZFW,5.0,5
B000VZM84K,4.2,5
B003T4O7BM,4.0,5
B008WG3DGC,4.8,5
B00014FCJY,4.4,5
B007VT78GC,4.2,5
B00BK88XR8,4.4,5
B000IOOJSW,4.4,5
B001CT09JU,4.8,5
B00975CN18,4.0,5
B0013SREVG,4.8,5
B004G85160,4.0,5
B00163MX5K,4.2,5
B003UH3JDU,4.4,5
B00163NKGQ,5.0,5
B007XU8P0M,4.2,5
B001E76430,4.4,5
B001E76444,4.0,5
B003YV2PGE,4.2,5
B007XUBUKY,4.8,5
B00HZRE16U,5.0,5
B00F4YS5KY,4.4,5
B001E72RBS,4.4,5
B00016WRFO,4.2,5
B0052MPUNS,4.2,5
B0087ZCUKS,4.8,5
B003JN64L4,4.8,5
B001E726S2,5.0,5
B001BTNIZS,4.4,5
B00161JJNG,4.6,5
B001E72740,4.4,5
B0052M04C0,4.8,5
B001E72AF6,4.2,5
B0013C7F8O,4.8,5
B00989LO04,5.0,5
B000BU5ICE,4.2,5
B00BD3PSY6,4.6,5
B007XUIPQG,4.8,5
B008TYPAB8,4.2,5
B000U8QBOG,4.2,5
B001E767DW,4.8,5
B001644QZY,4.0,5
B001E76D1S,4.0,5
B003M0TNJY,4.8,5
B001646U94,4.8,5
B008TYJM44,4.8,5
B004OHBTNC,4.2,5
B001E76EF8,5.0,5
B0016476WE,4.8,5
B0016483Y4,4.4,5
B003UHWUOO,5.0,5
B00FNOGQ4C,4.8,5
B00BGFMJDE,4.2,5
B004G8APRK,4.6,5
B008TYFQ9E,4.2,5
B000ET47TW,4.2,5
B0087SPSL8,4.8,5
B004MBFLRA,4.4,5
B0013B01KY,4.4,5
B000IX1D9Q,4.0,5
B000B62AV0,4.0,5
B000TZZHCM,4.4,5
B008TYP9MS,5.0,5
B000W9KWAW,5.0,5
B00EXW5NDK,4.2,5
B000TZZGMS,4.4,5
B000TZWZHM,4.2,5
B00FNQLX1Q,4.2,5
B00C7GB5Y0,4.8,5
B0013B0JS8,4.4,5
B003M0PYK6,4.2,5
B003JN4KC4,4.6,5
B003YV0I54,4.2,5
B00163UREO,4.2,5
B00F54FQWS,4.8,5
B0098HIXLE,4.8,5
B003UHCLZW,4.8,5
B0087UAGZY,4.4,5
B00APBSFSI,4.0,5
B003LZTY4Y,4.2,5
B004FJZEVM,4.8,5
B00BZXCRFM,4.8,5
B00016WOW0,4.8,5
B000142KUI,4.8,5
B001BY12E2,4.6,5
B003JN6JA0,4.4,5
B000U1W58E,4.6,5
B0013EIWES,4.4,5
B00FNXEX0C,4.2,5
B007XNN96Y,4.0,5
B000IVBC12,4.6,5
B000U1U5E0,4.2,5
B004FK22SE,4.4,5
B004OH5VE0,4.8,5
B00AVW9BNE,4.6,5
B001615ZHU,4.0,5
B003LZ8UL2,4.2,5
B001C1AY02,4.6,5
B001E6Q8KA,5.0,5
B00CE83PHQ,4.8,5
B003SFKX7O,4.6,5
B00KD1QXA2,5.0,5
B007TBW4ES,4.8,5
B004FK48O0,4.6,5
B00016WMZO,4.2,5
B00BKQIPSM,4.8,5
B001617T9W,5.0,5
B0013EKOM6,4.8,5
B00BBPFNT6,4.4,5
B008CQHILS,4.2,5
B003UE9IH4,4.4,5
B0094OFSI2,4.4,5
B007T87XGU,5.0,5
B003UFF4C6,4.0,5
B004FK0VKA,4.2,5
B00161DECS,4.2,5
B00AVXC2O8,4.0,5
B003YV5FJ8,4.4,5
B007T9VXTW,4.8,5
B000UQIPEW,4.0,5
B001E723PS,4.6,5
B001E7244S,5.0,5
B008CYCWSO,5.0,5
B004I4YJDI,5.0,5
B000F8HMWQ,5.0,5
B000F8FZ5W,4.8,5
B004IUI2RG,5.0,5
B00016WPGA,4.0,5
B00GHY1VRE,5.0,5
B001BXLZUO,4.6,5
B000BARTW6,4.6,5
B001BXJUPG,5.0,5
B000BAT6NQ,4.8,5
B0013DVOC6,4.8,5
B000U138K8,5.0,5
B008CRWS7G,4.8,5
B004LT9480,5.0,5
B0058FO0NU,4.8,5
B000U0NY26,4.2,5
B000052YP3,5.0,5
B001389V9E,5.0,5
B0013897MA,4.6,5
B004Y9MCBI,4.0,5
B008TSUAPK,4.0,5
B001385M24,4.8,5
B008D6ZCGU,4.0,5
B000FD7EG0,5.0,5
B001381GVU,4.8,5
B00F5L0WSO,5.0,5
B001E96L04,4.8,5
B00F5L2UIY,4.2,5
B00FNGSHJM,4.4,5
B001BNYPVK,5.0,5
B0094GI7V0,4.6,5
B00167BFHI,4.6,5
B000HD2VAM,5.0,5
B001BOKP3Q,4.6,5
B008D5Q08U,4.2,5
B00016X02S,4.0,5
B000052YOZ,5.0,5
B00166WPZK,4.6,5
B0087PWXW8,4.4,5
B00138QW0A,5.0,5
B007SYYPA2,4.6,5
B003S5LCGU,5.0,5
B004J0HYC4,4.6,5
B003S5GDFU,5.0,5
B008XOOQ4Q,4.8,5
B001E95FMO,4.8,5
B004FGAXSE,4.6,5
B00FUC9WY8,4.0,5
B001E96LTU,4.6,5
B004FG9XHQ,4.8,5
B004LNYAMG,4.4,5
B001E96LY0,5.0,5
B008DGBZHA,4.8,5
B00135G7IK,4.8,5
B000TSRHU4,4.6,5
B001BM7SQ0,4.4,5
B00FNGS6ZM,4.6,5
B008DG8SKM,5.0,5
B00CCYL0GU,5.0,5
B00FNGSHGK,4.8,5
B004LOHTV4,4.6,5
B0094GHT6O,4.4,5
B004XZEUOA,4.0,5
B004LO7XWO,4.4,5
B0052ENGEQ,4.6,5
B007SXF296,4.8,5
B008DEW3PA,4.0,5
B00FNGSDIW,4.2,5
B00F5OU6IC,4.2,5
B00BBS6V0S,5.0,5
B003UKQN26,5.0,5
B005ASLQM8,4.2,5
B008D1BB9M,5.0,5
B00139QG6E,4.4,5
B007SZM7CO,4.4,5
B000AEERH8,5.0,5
B005AO5BVE,4.4,5
B004OHDP0C,4.2,5
B003M341BG,4.6,5
B003S7UEOY,4.2,5
B001E77RJ0,4.8,5
B001650N3C,4.4,5
B00166416Q,4.2,5
B00139AO8K,4.6,5
B004FH4RDA,4.8,5
B001398RJS,5.0,5
B00F5B41KO,4.6,5
B000W9R598,4.2,5
B00IRL4410,5.0,5
B001E77NXA,4.0,5
B000TZI35U,5.0,5
B000IX4J38,4.2,5
B00C9BQD4A,4.6,5
B000BB7MIG,4.2,5
B003JN2UAS,4.8,5
B007XWWLYG,4.2,5
B00BKSPTMA,4.6,5
B001E77NXU,5.0,5
B00BGFLZU2,4.6,5
B00005TP3U,4.6,5
B0040QLGIA,4.6,5
B004G8DL2Q,5.0,5
B004XZO96E,4.2,5
B000IMTHK4,5.0,5
B008CZC18E,4.2,5
B004FH9WJY,4.6,5
B00IRKWO18,5.0,5
B0094ITXO8,5.0,5
B001E7BBC4,4.0,5
B004IZXEYC,4.2,5
B000GP9QWM,4.4,5
B001E8EV0C,4.0,5
B0098OMH82,4.6,5
B000BBF4P4,4.2,5
B00C9EQ4T6,5.0,5
B007Y060BW,5.0,5
B003JN0U9G,4.2,5
B00016WZX8,4.4,5
B004OI7N7W,4.6,5
B00CEIXQCK,4.6,5
B000TX5TVI,4.0,5
B00166TMNS,4.0,5
B001BOUN10,4.8,5
B005AQCE4O,5.0,5
B00GHSNN26,4.8,5
B0040QRLIY,5.0,5
B007XZM6A2,4.8,5
B001395R1E,4.8,5
B003M3LONE,4.8,5
B0058EG0NE,5.0,5
B001E7UH1U,4.4,5
B001E7BEZI,4.2,5
B001394V7U,4.6,5
B004MBZFGW,5.0,5
B000HDSV6A,5.0,5
B001BPMP60,5.0,5
B000HDN89U,5.0,5
B00GHR65C2,4.2,5
B0094Q7OX2,4.8,5
B003SG1YEO,4.2,5
B004Y3BBDE,5.0,5
B004FMAT32,4.2,5
B004FMA4XC,4.8,5
B004FM6MF6,4.2,5
B00FS3G008,4.4,5
B000HP9LYO,4.2,5
B000FBMS4K,5.0,5
B003JTT8AW,4.8,5
B0013N0YP4,4.2,5
B008X8A0PQ,5.0,5
B000168CIA,4.8,5
B0013MXEWK,4.0,5
B003U4MJJI,4.8,5
B008BWL61G,4.8,5
B00C01WLZY,5.0,5
B007TZ9OFG,4.4,5
B009538JQ0,5.0,5
B0059T73TS,4.4,5
B0088JR7JW,4.4,5
B0015RAMT6,5.0,5
B0088J8RWI,4.2,5
B0013NB82M,4.2,5
B0013NB6FQ,5.0,5
B0013N9U7M,5.0,5
B0097E2K7G,5.0,5
B008BUI6M0,4.2,5
B001CBWZ6S,4.8,5
B004OETDC4,4.8,5
B001E117NS,4.6,5
B003U4KOOK,4.6,5
B001CBSNAK,5.0,5
B0000531H1,5.0,5
B000UPA8F2,4.8,5
B004IQA2W8,4.6,5
B000U7Z9U4,4.2,5
B004IQIXU6,4.0,5
B0015TGT1E,4.6,5
B00HT16ZUC,4.2,5
B000VUZ1RQ,4.2,5
B004LWEUHC,4.2,5
B004FL4B8C,5.0,5
B003JT6VBG,4.6,5
B0000530NK,4.2,5
B00APL5H84,5.0,5
B001CB5ODO,4.4,5
B001E14JL0,5.0,5
B001CB2RIE,4.8,5
B000ETN90A,4.6,5
B008XB75QK,4.8,5
B000HQXPRW,4.4,5
B0015UEWXU,4.2,5
B0088F2692,5.0,5
B00CD0SUB6,4.6,5
B0088H1XO4,4.8,5
B000UPATYM,4.0,5
B00EZ4F6T2,4.2,5
B000IT6UAC,4.8,5
B000DN7C1Y,4.2,5
B00HVGDSIW,4.0,5
B0013LAR80,5.0,5
B0013L9EFC,5.0,5
B007XCNTOC,4.8,5
B001E12SGI,4.8,5
B00HSOA15U,5.0,5
B007XCQ83Q,4.8,5
B00F4A124O,5.0,5
B00IO47FRA,4.2,5
B0013KA0B0,5.0,5
B008BTFM0A,4.8,5
B000U8LDGW,4.2,5
B0015OMJFY,4.6,5
B0013ROV54,4.4,5
B007UJXVUA,5.0,5
B004FO5U8O,4.6,5
B000F8K5YI,5.0,5
B0015PQNGE,4.2,5
B008UTQM82,4.0,5
B004FO5APM,4.8,5
B0013R0F86,4.0,5
B0013QRRIS,4.8,5
B004LXHLLS,4.2,5
B0001435XY,4.2,5
B003U451IY,5.0,5
B000UO2I9M,4.8,5
B0015O6RRK,4.8,5
B00IKTTP2M,4.6,5
B003Z2QG8A,4.6,5
B004FOCWBC,4.0,5
B0052XK8T8,4.6,5
B007X6XBGY,5.0,5
B00K4M81KK,5.0,5
B008UTXBXG,5.0,5
B00BGJ2IEK,5.0,5
B00APO7VM6,5.0,5
B0040J44TK,4.4,5
B0013SN2W6,4.2,5
B00HZ653YA,5.0,5
B0015OIV8I,4.6,5
B00958WWLI,4.0,5
B000HP4B26,4.4,5
B004G46DIY,4.8,5
B004I69F3U,5.0,5
B00APND5MW,4.4,5
B003U4H5KG,5.0,5
B000F8JKXA,4.2,5
B003JVB8TO,4.6,5
B001E0ZXL6,4.2,5
B00956NLW4,4.2,5
B008BREUVE,4.6,5
B000W7M2K2,4.2,5
B00EZFBVWW,4.8,5
B00GI23X5S,5.0,5
B003LPUWX6,4.2,5
B00BBF8WYE,4.4,5
B007XBJW9Y,4.0,5
B007U90JC8,4.8,5
B001CE1I5O,4.6,5
B008BQE7NG,5.0,5
B003U4F7CO,4.8,5
B000GLA95Y,4.8,5
B0015QGLVU,4.4,5
B0000531M9,4.2,5
B008BONOYQ,4.6,5
B000W7GK9Q,4.6,5
B0013OMJOC,4.6,5
B004FNYX92,4.8,5
B000BR124A,4.8,5
B00979OQ46,4.4,5
B0097A2IFO,4.8,5
B0097A2ISQ,4.6,5
B00AU62M14,4.8,5
B008C4CPCW,4.6,5
B004FK4D7M,4.6,5
B0013G3OJO,4.0,5
B000E3B9WQ,5.0,5
B00GP4AU5K,4.2,5
B007TKXT98,4.0,5
B0054JZ7VE,4.2,5
B000HH0CKY,5.0,5
B003SHU5S4,5.0,5
B0052P1KZ2,5.0,5
B007XKCIMS,4.4,5
B00408LCZU,5.0,5
B003YWHGPS,4.0,5
B004OH4HKY,5.0,5
B004IT03QA,4.2,5
B004LU72QK,4.4,5
B0013FKQXM,4.4,5
B00FOAN1GG,4.0,5
B003JNK1ZO,4.6,5
B004FK64H4,4.0,5
B007XJX3A0,4.4,5
B004FK7SQA,4.6,5
B001C43E4W,4.6,5
B000BW76LS,4.8,5
B0013G1QEE,4.8,5
B0015XWTRI,5.0,5
B00EYHM70G,4.0,5
B003LYB7X6,5.0,5
B003JO8AME,4.8,5
B0052P242A,4.4,5
B000W992RG,5.0,5
B0013FPPS8,5.0,5
B004M8BAV4,4.6,5
B004G6PCXO,5.0,5
B0052P23A8,4.4,5
B00F4KPLWS,5.0,5
B001E4S6MU,5.0,5
B000W98T1G,4.8,5
B008CGLGL6,4.4,5
B000EVGORS,4.8,5
B0052P16UQ,4.4,5
B0013FE1JC,4.4,5
B00ICU1VE4,5.0,5
B001E6E5NC,4.2,5
B0054KMA04,4.4,5
B00FTB8J76,4.4,5
B000W9FSME,5.0,5
B000ACQ3N6,4.8,5
B00FT9V8SU,4.8,5
B0052P0YLI,4.2,5
B000VUXCUY,5.0,5
B003SG5QFC,4.6,5
B001E631WS,4.6,5
B008XHS5XG,4.4,5
B003JNBWNY,4.2,5
B00GP7MJRY,4.4,5
B001C366NE,4.8,5
B000W99QZ4,5.0,5
B008XHCUAU,4.6,5
B008XHS25M,4.6,5
B008UDHDMC,5.0,5
B008CGOC6C,4.8,5
B0054KE99O,5.0,5
B004OH4IXU,4.8,5
B000BR48E6,4.6,5
B003JN9TI4,4.2,5
B004FK5XW6,5.0,5
B008XHS356,4.6,5
B000UQCR4G,4.0,5
B008CH9KGS,5.0,5
B008XHS5IQ,4.6,5
B001E5ED3K,4.4,5
B0015XTIU4,4.2,5
B0013G49JS,4.8,5
B001CAYPCQ,4.2,5
B005A6C39U,4.6,5
B0015WJTFY,5.0,5
B000B9RV0W,5.0,5
B004FKFF0Q,5.0,5
B0000530LX,4.2,5
B000HHJHXC,5.0,5
B007XH26HI,5.0,5
B00AVUDDC6,4.4,5
B0097LUWVU,4.4,5
B0013JFORQ,5.0,5
B00EYPLSKS,4.4,5
B00EYPKAHK,4.6,5
B00AQD4VS8,4.6,5
B000W8R5OY,4.6,5
B004G6456E,4.8,5
B0054HIVJG,4.6,5
B004IRC45U,4.4,5
B0013JZU6Q,4.6,5
B0052TFKLS,4.8,5
B001CATF3U,4.0,5
B004I65J4E,4.4,5
B003LU29ZK,4.6,5
B0015VO86K,4.6,5
B00EYVSOKY,4.6,5
B004IR9V6A,5.0,5
B00FOGWV0C,4.6,5
B0013K0XU8,4.2,5
B00EYUY8ZK,4.8,5
B008UNIWQ8,4.0,5
B0097NDG8Y,4.0,5
B0013IX3GQ,4.2,5
B003LVYGB4,5.0,5
B007XJ14ME,4.8,5
B003JP2ZNS,4.4,5
B000U7I9VK,4.4,5
B003U8BEWC,5.0,5
B0015XNARQ,4.6,5
B00AVUDZ2E,4.8,5
B0015XNATO,4.8,5
B003YXFOOM,4.2,5
B0000530EV,4.2,5
B001E3GAXI,4.6,5
B0013GFEB0,5.0,5
B005A5R51W,4.0,5
B00FSBSCAG,4.6,5
B008CAJALU,5.0,5
B0013HA1N0,5.0,5
B001C7C4M2,5.0,5
B001E1S67S,4.8,5
B00BKO2KTE,4.6,5
B000EVELTQ,4.0,5
B00GP35WPY,5.0,5
B00EYNBO0E,4.4,5
B0097P24KI,4.2,5
B000U7NOXS,5.0,5
B003U80NRY,5.0,5
B0015XEE3U,4.8,5
B007TOJ2M2,4.0,5
B001C5EAAS,5.0,5
B001FBOC16,5.0,5
B000WOV44A,5.0,5
B001ARQWEA,4.4,5
B0050WUJPY,4.0,5
B001G7PLHS,4.8,5
B000V7F23W,4.4,5
B001G7PLK0,5.0,5
B0050WV6U6,5.0,5
B0090FZQUA,4.8,5
B003XUQ35A,4.6,5
B00G6S2W10,4.2,5
B004EBSGOI,4.4,5
B000S94HIE,5.0,5
B003XUQ4PE,4.2,5
B000VHAE5I,4.2,5
B00EOZKS7C,5.0,5
B000FGJOA6,4.6,5
B0019H2KUG,4.6,5
B000H3GDZ6,5.0,5
B0081FLG68,4.2,5
B000YDDZRI,5.0,5
B000H3GDXS,4.6,5
B000AMC6RS,4.8,5
B00913AO62,5.0,5
B0050WW24K,4.6,5
B004KNFOM2,4.2,5
B004GWXWA8,5.0,5
B000XE8X1Q,4.6,5
B009CAEOYM,4.2,5
B00EOZKSDG,5.0,5
B001A8EI9A,4.6,5
B00AXKQE1Q,4.0,5
B00AXKQEZC,4.4,5
B0081GEOG6,4.0,5
B0018835NC,4.2,5
B003X9ZRV2,4.0,5
B000V7FHLY,4.0,5
B00FDZ1JH0,4.0,5
B000XDXDF8,4.0,5
B000VL6BT2,4.2,5
B00G6ZISGG,4.2,5
B00GAT2R38,4.0,5
B00FC0H40C,4.6,5
B0083OX9L2,4.8,5
B000VLA2LU,4.6,5
B000ZOW47I,4.2,5
B001A8DRZG,4.6,5
B00FGY4N12,4.8,5
B00IC8XBCG,4.6,5
B001A8DS50,4.6,5
B00HY9C9QI,4.8,5
B000ZQ43M0,4.8,5
B000VLDIYI,4.8,5
B000VBGIXQ,4.8,5
B000Y214YA,4.0,5
B005CUHGVE,4.4,5
B00EOXPWAC,5.0,5
B0050WYOB4,4.8,5
B00BB0UQSY,4.6,5
B000J64Q0U,4.2,5
B000F140IM,4.8,5
B004ECGEIM,4.6,5
B000ENYYW8,4.2,5
B008K9ZH06,4.4,5
B003O4FQV2,5.0,5
B00101RAN8,4.8,5
B0083MMKPA,4.6,5
B003I6Q7I2,4.8,5
B00103H69E,4.6,5
B000H6CABE,4.8,5
B0081CWUEI,4.2,5
B007MJVOBG,4.0,5
B0081CO2BM,4.8,5
B000AMBFBQ,4.2,5
B003H85W46,4.2,5
B00185RSHO,4.8,5
B001G7PILM,4.2,5
B00185RP04,5.0,5
B001G7PJHK,4.4,5
B008PGI418,4.6,5
B001A9DYI0,4.6,5
B000YD47BG,5.0,5
B000ZV7VTC,4.0,5
B00ARVRLK4,4.2,5
B003ZW2EP4,5.0,5
B001A9YT5W,4.0,5
B003I5XJ8E,4.4,5
B001H54SK0,4.8,5
B0009YDOHI,4.6,5
B0050WWR90,4.6,5
B000GU9I48,5.0,5
B00186KC1M,4.2,5
B00BE57DBY,5.0,5
B0081E6YY8,5.0,5
B0001KBP7Q,4.0,5
B003XV94P0,4.6,5
B000VBJ630,4.6,5
B001G7PJPC,5.0,5
B0000YI9YA,4.2,5
B000XE8XX4,4.4,5
B000RZPKK8,5.0,5
B000XB6OII,4.8,5
B001G7PJKW,4.0,5
B000S8MHLE,4.2,5
B003H9Z7Z4,4.8,5
B001G7PPGK,4.4,5
B00KYA573G,5.0,5
B001G7PPJC,5.0,5
B00AXTF5GM,4.8,5
B0081ZLEO2,4.8,5
B00BDV7XJG,4.2,5
B008KSFPU4,4.6,5
B007OGUUGW,5.0,5
B001A5W958,4.2,5
B00KY7524S,5.0,5
B00564ES7Q,5.0,5
B0050G385I,4.4,5
B000ZJVI2U,4.8,5
B000ZJW6TY,5.0,5
B0055S4DKU,4.8,5
B000AR9YIW,4.6,5
B000F4EMNC,4.4,5
B008MHUK3U,4.4,5
B00CBAOPP8,4.6,5
B0018A33BY,4.2,5
B00IDCNZ2M,5.0,5
B000XE874E,4.4,5
B007ONF4K2,4.8,5
B003XSEO6W,4.0,5
B003XSINE6,4.4,5
B004DU1Y8K,4.2,5
B0083SVZ3C,4.2,5
B000BO1VJY,4.8,5
B0000Y3NPK,4.2,5
B003P37494,4.8,5
B000EMBJG8,4.4,5
978807894X,4.6,5
B004NDN7RS,4.2,5
B0000Y3LU2,4.6,5
B000S0EKUI,4.8,5
B0018AH92I,5.0,5
B0050VU3JM,4.4,5
B009DKMM9K,4.4,5
B008METX72,4.4,5
B00AXKVPZQ,4.2,5
B00EQC4G1C,4.2,5
B004EANZZY,4.6,5
B003XCNZ9U,4.2,5
B003I39QL0,4.6,5
B000YGHZ76,4.6,5
9788079989,4.6,5
B003OJG314,5.0,5
B003XU4QLS,5.0,5
B00ARQAK6Q,4.0,5
B00189SO96,4.2,5
B0050WM3BC,5.0,5
B004PBCQ6Q,4.0,5
B0056ZMW8C,5.0,5
B00GASV0TQ,4.2,5
B004NH48JA,4.0,5
B00B0F3AEM,4.2,5
B003ZWXQPQ,4.4,5
B00CGBYHU0,4.6,5
B0081HXH86,4.2,5
B000V86CH6,4.8,5
B0019IPWSW,5.0,5
B004MYJG3C,5.0,5
B001H1ZXYY,4.2,5
B004GTKX80,4.4,5
B004KASK1W,4.4,5
B007OMTPGW,4.6,5
B000V7Y22Y,4.0,5
B00FFHT8IS,4.6,5
B007MKPC4K,4.4,5
B000ZN1UOC,4.2,5
B0091QOMW6,4.8,5
B000ZM07HE,4.6,5
B000S85FMC,4.2,5
B00BDULWOO,4.6,5
B00HUHLE92,4.8,5
B00CAWHN88,4.0,5
B0083R7H7G,4.2,5
9788081053,4.6,5
B000FH9G3A,4.8,5
B004MZEBAY,4.0,5
B0000Y8H4C,4.2,5
B00KXMNDOA,5.0,5
B000YDYWTI,4.8,5
B000ZLZIR4,4.4,5
B003ZWXCT6,4.8,5
B00188RJ8Y,4.8,5
B004ZWH22I,4.2,5
B00188OC2U,4.2,5
B00FGRD784,4.6,5
B00BM87HN2,4.0,5
B001H0LS3K,4.6,5
B000YDLCOQ,5.0,5
B000J6E0V0,4.0,5
B00BFD92LE,5.0,5
B004K9EGIE,4.0,5
B004KEQLWS,5.0,5
B00G54NPWK,5.0,5
B004DR23X8,4.8,5
B005CRNR6K,4.6,5
B00C11VT7E,4.2,5
B00850MDL6,4.8,5
B004PRQU08,4.6,5
B001H9HV2S,4.0,5
B00EOSR7UU,5.0,5
B003YCSF0I,4.6,5
B00HY5MVSS,4.6,5
B000SASL62,4.8,5
B0050DFW4G,4.2,5
B001G25IWQ,4.2,5
B003NQJGWQ,5.0,5
B0055MJ7M0,4.0,5
B009150ZNW,4.4,5
B0010H1YB6,5.0,5
B00ERVOSWY,4.6,5
B00008KA8E,4.2,5
B004DR098E,5.0,5
B000I8OB86,4.4,5
B008JH77IO,4.8,5
B000V6KSRS,5.0,5
B005CRJW0K,4.2,5
B008190TLM,4.6,5
B001H9L3HC,5.0,5
B001G2JJCG,4.4,5
B003XWK7CS,4.6,5
B001ADOUH0,5.0,5
B0084Y5C2K,4.6,5
B00C4QTJZU,4.8,5
B00BIP6O6K,4.6,5
B003YIPO06,5.0,5
B000YABZIC,4.8,5
B00EOTEDVA,5.0,5
B003ZW0CD0,4.0,5
B008MPBFTA,4.4,5
B000SA8FRW,5.0,5
B008OFC3PS,4.6,5
B007OX4FHA,4.4,5
B001ADOUS4,4.6,5
B001H988XY,5.0,5
B000J5849U,4.2,5
B0050DKL2O,4.8,5
B000EIHM2W,4.4,5
B000VNL1GS,4.4,5
B008MPY9O8,4.4,5
B003PC4RDG,5.0,5
B0018QHUGM,4.6,5
B00BZ2JI6E,5.0,5
B005DEUNHI,4.2,5
B000X94SHE,4.4,5
B003H6YRPI,4.8,5
B0010K52ZM,4.2,5
B000VO1U86,5.0,5
B003XXKANI,4.2,5
B000VGMXZS,5.0,5
B00FBGCNNA,4.8,5
B000Y9FZNY,4.0,5
B003OF7HYU,4.4,5
B001AE5776,4.4,5
B000J4J454,4.8,5
B008JEC9E4,4.6,5
B0001BOQ94,4.6,5
B004HGUY2C,4.4,5
B0000AOWL4,5.0,5
B007MJK8FO,4.4,5
B003OF694Y,4.8,5
B00ES5KT54,4.8,5
B003YJ4NDE,4.8,5
B003YJ4VQI,5.0,5
B000GUK34W,4.6,5
B004DQC4VU,5.0,5
B001HBL9OW,5.0,5
B00HUGJVTS,4.4,5
B000X92KBU,5.0,5
B001G10EEY,4.2,5
B0018QI2NW,4.4,5
B000H3CNT6,4.6,5
B004KLYIXU,4.0,5
B00BI316QA,4.6,5
B00ERYKD5W,4.6,5
B0019D26L8,4.4,5
B0010H5TVC,5.0,5
B00CFLXI06,4.8,5
B000A0FBQ8,4.8,5
B000Y8H89Y,5.0,5
B003WZ2PJY,4.8,5
B008510RWC,4.4,5
B001ADVW3A,4.6,5
B007P0MWAO,5.0,5
B005CQL5Q0,4.4,5
B00EORAP4G,4.4,5
B007P173ZW,4.6,5
B004ZVDZ3E,4.6,5
B00565TFWS,4.0,5
B000I9RFII,4.0,5
B000V6ZKIK,4.2,5
B001ABP7OW,4.8,5
B00819UR3M,4.8,5
B004K6UFZA,4.6,5
B00FBPETE2,4.6,5
B000J63372,5.0,5
B001H6HJ0U,4.6,5
B004YNAOW8,4.6,5
B0018QE6A0,4.6,5
B003I7TITG,5.0,5
B000YB3WH8,5.0,5
B00CBYCQDM,4.4,5
B004K70SVU,4.6,5
B001H7NPN4,5.0,5
B003H7YILU,4.8,5
B007MJKMAK,4.2,5
B004MUTCBC,5.0,5
B0018QEAS8,4.4,5
B001H7UOO2,4.0,5
B008K0URW8,4.4,5
B00FBP0U7M,4.2,5
B003ZTYWKW,4.4,5
B0018QG0IQ,4.2,5
B000YB3WT6,4.0,5
B00C4O2QDO,5.0,5
B00BETRL76,4.4,5
B0001EKS0C,4.8,5
B004HFEOCE,4.2,5
B00184G2U4,4.2,5
B00BIT9DW8,4.6,5
B008MNP9SA,5.0,5
B004XJO59Q,4.0,5
B008PJW6XC,4.0,5
B0081AYWL4,4.8,5
B0081AV5WS,4.2,5
B00BIUOLM4,5.0,5
B008K517M2,4.6,5
B000AMAW88,5.0,5
B008228N0M,4.2,5
B004KEQH36,4.2,5
B0050E1PIC,4.4,5
B00EOWOTK2,4.8,5
B007OT1V7G,4.0,5
B008MOK95W,4.8,5
B00415CGWK,4.2,5
B00908VBWY,4.8,5
B00IPU7SD4,4.6,5
B0010C3V4Y,4.4,5
B000XA6W22,4.6,5
B001G59MHK,4.8,5
B0019EPJ2K,5.0,5
B007OVJGUI,5.0,5
B007OV7JVQ,4.4,5
B003X3YY6C,4.4,5
B004MUPKEA,5.0,5
B008JUDZH8,5.0,5
B000XAGMSG,4.8,5
B004DR6KA0,4.4,5
B000H6F51Q,4.6,5
5357955867,4.2,5
B00GEED5FS,4.8,5
B000FHABVG,4.6,5
B000VC5TXK,4.6,5
B000H6F52U,4.6,5
B000S9UT4A,4.6,5
B0050DLOO8,4.0,5
B001G4LNL4,5.0,5
B000AM3RLC,4.2,5
B000S9V9T4,4.8,5
B0010EBLHG,5.0,5
B0000SW8E8,5.0,5
B004HFT6SQ,4.4,5
B001G60HT6,5.0,5
B008JWW45K,4.6,5
B004KMVQG6,4.6,5
B003H7NEZQ,4.4,5
B004GQX074,4.8,5
B0010A9S7U,4.2,5
B000VC3NMY,5.0,5
B003X4F1V8,4.6,5
B0010AYGOU,4.0,5
B004NHUKS8,4.0,5
B003NRFRAA,4.0,5
B00FBN8CN8,5.0,5
B00C4OZOB0,4.0,5
B003I81TB0,4.8,5
B00182LOYA,4.6,5
B008JVL8YY,4.0,5
B007OTJPK6,4.8,5
B00AMXKXG6,4.6,5
B007OTJRW2,4.8,5
B004KEQIPI,5.0,5
B008JVJ7GU,4.0,5
B008JVIDBA,4.0,5
B008JVIB3U,4.4,5
B001A5R7HS,4.2,5
B00GM8AY96,5.0,5
B000BL2IOY,5.0,5
B003XKP84C,4.0,5
B00CFXKKF0,4.0,5
B004E60U60,4.8,5
B0081U9QU6,4.6,5
B000V8J4VC,5.0,5
B009DCWYHS,5.0,5
B0081U9OMG,4.2,5
B0018DCJ5C,4.8,5
B00HRGBAT0,4.0,5
B001GMANEO,4.6,5
B003XNWNEM,4.6,5
B008M2E8KG,5.0,5
B00BLZH1Q4,4.6,5
B008LF9H64,4.6,5
B00EPI27PY,4.6,5
B00G993GUC,4.6,5
B00HREENC8,5.0,5
B000XE6OC6,4.0,5
B00EPHTMQ2,5.0,5
B0018LGKYK,4.8,5
B000Z606RG,5.0,5
B008OVGI6M,4.6,5
B00CG756TK,5.0,5
B00BF10YPE,4.8,5
B0050OMAAE,4.4,5
B00C3Q0I6K,4.2,5
B004N2ROAK,4.2,5
B004ZXUMTM,4.8,5
B004XJQANK,4.0,5
B0083XGMYO,4.8,5
B000V9QPEA,4.8,5
B000XE4KVS,4.8,5
B005D2I4ZI,4.8,5
B004GVA39W,5.0,5
B003XL108Y,4.4,5
B00L2JKUY4,5.0,5
B007N8R5EG,4.8,5
B000I7SZ34,4.2,5
B003HKVQQ2,4.0,5
B000E7WG9C,4.2,5
B00CFYP0KY,4.4,5
B00BCAPVME,4.8,5
B000YYCDE8,4.4,5
B00845QG60,5.0,5
B0056PJHFI,4.8,5
B0081U9A3Y,4.4,5
B004NEL9MC,4.4,5
B003OOKOIC,4.4,5
B00FDN9P0A,4.4,5
B004E2DO5S,4.6,5
B000E7WG3S,4.0,5
B003HOW2MU,4.2,5
B009DF7K74,5.0,5
B003ZWQ3HY,4.6,5
B0018MFMRK,4.2,5
B0018CS68M,4.6,5
B003XJQMAW,4.0,5
B0091TPMMM,4.4,5
B0018M24BC,4.8,5
B00EQ2LEBM,4.8,5
B00EQ2I1LI,4.8,5
9788072895,5.0,5
B004PEOI3M,4.2,5
B00IMRC4SY,4.4,5
B008OXQJ46,4.6,5
B003XJGC3Y,4.6,5
B001A1HY6G,4.8,5
B004KRYTKQ,4.4,5
B004KEMDG6,4.4,5
B004PEKOMQ,4.2,5
B00G8SZE3Q,4.8,5
B004HADYE8,5.0,5
B00EQ2ACN8,4.0,5
B00G9TJ0PM,4.0,5
B004HAAA0Y,4.2,5
B000Z61KYY,4.8,5
B000Z61NEQ,4.4,5
B007NNA80E,4.4,5
B0019ROHDO,4.4,5
B0050PHNNW,4.0,5
B001GBF3HW,4.2,5
B0019RKRYW,4.4,5
B0091UCWAG,4.4,5
B004KRYRM6,4.2,5
B000Z61SFK,4.6,5
B000F4GIMU,4.6,5
B00560QOPE,4.4,5
B001A0E0GO,4.2,5
B003OUIT9W,5.0,5
B004KEMA9Q,4.4,5
B000IE88SE,4.2,5
B000Z61T0E,4.6,5
B0090QKIPC,5.0,5
B008LEZUN4,4.0,5
B00AN8DL6Y,4.4,5
B00BM1VYX8,4.4,5
B001A0WLQA,4.6,5
B000E7WG4M,4.6,5
B007N54ZGU,4.0,5
B00IPJXEYC,4.2,5
B000H3CPB2,5.0,5
B0018GT3L2,4.8,5
B00HYEXLNS,4.8,5
B00FG0AR0W,4.8,5
B00CG58T8C,4.8,5
B000Z3YVRU,4.8,5
B0018H54KU,5.0,5
B0019VYHI0,4.8,5
B004E4IB8Q,4.2,5
B004PI3YOW,4.6,5
B00ASMTJ5M,4.4,5
B00GMEIUCI,4.6,5
B00AXOIVOK,5.0,5
B005D4F6HU,4.6,5
B003OQUFT8,5.0,5
B004NEOHNU,4.4,5
B004KRVEJA,4.0,5
B00BYLB8U0,4.8,5
B009DCTNDG,4.2,5
B000YZIOSG,4.8,5
B00GTNZC78,4.4,5
B0019VM70K,4.2,5
B005D50X5Y,4.6,5
B0001G6ZNO,4.8,5
B00L3KIDC8,4.8,5
B000S2LJKK,4.2,5
B000YZLPH8,4.0,5
B001GIOVWI,4.0,5
B003HLII8A,4.0,5
B004KEKJKS,4.8,5
B000S2K26C,4.4,5
B00BYKWBO8,4.4,5
B000H3I412,5.0,5
B004GVDSX0,5.0,5
B005D4ULUM,5.0,5
B00GTRIYXI,5.0,5
B000XE67BY,4.4,5
B005D4QLSS,4.6,5
B000YZL870,4.8,5
B005D4Q6R4,5.0,5
B0019VSL7I,5.0,5
B008LUUKNS,4.6,5
B004N2OO5I,5.0,5
B00AN5TR9C,4.6,5
B000XE67F0,4.8,5
B001GG47LU,4.4,5
B000Z4LATQ,5.0,5
B001GG048U,5.0,5
B008OUYSA6,4.6,5
B004GVBZL2,5.0,5
B0091VB012,4.6,5
B00G9AVNKG,4.0,5
B0050OC11C,4.0,5
B007NA4BHI,4.6,5
B003HLXOP2,4.6,5
B00ARMGIMA,4.2,5
B000Z4SNNC,5.0,5
B004N213A2,5.0,5
B0018DXYTW,4.6,5
B00EPS0FDK,4.8,5
B004E2X8K4,4.2,5
B003XLQ2PU,4.8,5
B000YZ6L54,5.0,5
B000YZ6KY6,4.6,5
B003OSEP2O,5.0,5
B0019XNMUC,4.6,5
B00L2K53BS,4.8,5
B008LMWPWA,4.4,5
B0019Y1604,4.8,5
B00FFXWEHE,4.0,5
B0050OKQ4G,4.0,5
B0018JWO5Q,4.2,5
B0019WY2H0,4.0,5
B00IPJXIFC,4.6,5
B008LQXMOG,4.0,5
B004KRXDXK,4.2,5
B008OUOY3C,4.6,5
B00BLZHLZ0,4.4,5
B00EPQP8GQ,4.8,5
B000XE5IR8,4.4,5
B0018IQ1NI,4.6,5
B0056R3MJI,4.6,5
B003ZSK4D2,4.2,5
B00009WQUH,4.8,5
B000S4P3NC,4.2,5
B0019WWL6Y,5.0,5
B000Z4NVD4,4.6,5
B000XE5AT4,5.0,5
B003HLC6PQ,4.8,5
B001GFBOXA,4.0,5
B0018IYPTK,4.8,5
B004KRVE7C,4.4,5
B000YZBVMM,4.0,5
B000IEAYJK,4.6,5
B004KEKGBU,4.6,5
9788071074,4.2,5
B000I6PV8M,5.0,5
B0090U0YK2,4.2,5
B0018JEWHY,4.2,5
B003HLTD84,4.2,5
B0090SLNGS,4.2,5
B000Z63XB2,5.0,5
B0018O18R6,4.4,5
B00ASRJ6AK,4.2,5
B0018NP72O,4.8,5
B004NDUPBE,4.0,5
B00BC9VL74,4.6,5
B001G7PY9I,4.2,5
B007MS0VHK,4.8,5
B00GDPQXZM,4.2,5
B0084F0I3M,5.0,5
B0019LYBH2,5.0,5
B000VA6I3W,4.6,5
B0055TGEA6,5.0,5
B001A44NK8,4.6,5
B000YIS5LY,4.0,5
B0056L79XY,4.8,5
B00BM6RR4S,4.2,5
B0090XCJX4,4.4,5
B000F4EPD4,4.8,5
B000Z93O4U,4.0,5
B001GSQ2NE,4.2,5
B007O614G2,4.2,5
B0081XVPYI,4.4,5
B0001EKYTM,4.8,5
B001G7PWN6,4.8,5
B000BKLN6Y,4.0,5
B009CMI9BO,5.0,5
B000JCFU9K,4.0,5
B0050IKIXQ,5.0,5
B001GSJD30,4.6,5
B001A3LQC2,4.6,5
B00ARQ0F20,5.0,5
B004KEMMIU,4.2,5
B008L2RTTY,4.6,5
B003HWU1YI,5.0,5
B00BCC2HYC,4.0,5
B00GTWMZW4,4.6,5
B000GJOW6S,5.0,5
B000CQZX7W,4.8,5
B0050RQTVC,4.6,5
B001GSJYNY,5.0,5
B008P8NEO8,4.8,5
B003OYBD96,5.0,5
B0019LZWY8,4.2,5
B0018BVAI6,4.8,5
B0084EYH94,4.8,5
B004E8BP94,4.6,5
B0001EKZ3C,4.6,5
B00CFTL8N2,5.0,5
B0084FGB9W,4.0,5
B0018BM0TE,4.2,5
B0019LVNSW,4.8,5
B001G7PTSE,4.2,5
B000FH7YQ6,4.2,5
B007OABK6W,4.0,5
B004GUHQTS,4.8,5
B001GTVCYW,4.0,5
B0018BF2NK,4.0,5
B004DWM61C,4.8,5
B000XE80XW,4.4,5
B000BL7YP2,4.4,5
B009CIN5GC,4.0,5
B00ARL5EK8,5.0,5
B000YHI3BC,4.8,5
B0090YP1MY,4.4,5
B004XMTM2S,5.0,5
B000ANARQ4,4.0,5
B008L0ADYO,4.0,5
B00BIP6UO6,4.6,5
B001G7PTO8,4.4,5
B000VKRWV4,4.8,5
B0000AFNI2,4.2,5
B008MCHS58,5.0,5
B004DVVS2Q,4.6,5
B004DVL4YI,4.2,5
B00BF8ZJZW,5.0,5
B008OJJWL2,5.0,5
B00CBY8Q5O,4.4,5
B0018NX4UG,4.0,5
B0001EKYOC,4.0,5
B008PBV29O,4.6,5
B001A4DHM8,4.4,5
B001GSS3FO,4.0,5
B00BEW3IW0,4.4,5
B008MCELIK,4.2,5
B000Z9783I,4.6,5
B00HYLLJCQ,4.8,5
B000AQJO6K,4.6,5
B001G7PW8Q,4.2,5
B003OJX6ZK,4.0,5
B004E93M0S,5.0,5
B009CJW4EU,4.8,5
B004KEOFDK,5.0,5
B008MCH1X2,5.0,5
B000ZA5EOC,4.8,5
B000YHP65I,4.2,5
B001G7PVAA,4.6,5
B008L2NBQY,4.4,5
B000YHP5DG,4.4,5
B0056WQQKU,4.4,5
B003P10Z0G,5.0,5
B000S82OQW,4.8,5
B00ASFXUEU,4.4,5
B004PECXS4,4.2,5
B000BO6ESM,4.6,5
B000IEKUDU,4.8,5
B000VA3BMS,4.6,5
B003O3384K,4.4,5
B000BKUZSG,4.0,5
B0018C0JLE,4.8,5
B001G8HYN6,4.4,5
B001G8M35U,4.4,5
B00FCQHVBS,4.0,5
B003XQDD3O,4.0,5
B0019QGCL0,4.4,5
B0050QKTKA,4.0,5
B00AY3IDQG,4.4,5
B001G7R450,4.4,5
B00HYUD9UC,4.2,5
B0000Y3EC2,4.6,5
B0081PLKS2,5.0,5
B0050JGPGO,4.8,5
B000E7WG3I,5.0,5
B0050QLAP8,4.6,5
B004ZWH4IA,4.2,5
B001G7R3WO,4.6,5
B003OX82HI,4.6,5
B00C42CAVO,4.0,5
B007N3GBYG,4.2,5
B001GS6PUE,4.2,5
B007NSZKCA,4.2,5
B0018C1HJC,4.0,5
B00EQ4UT4S,4.0,5
B00C3NBDH6,4.6,5
B00G8RXNHQ,4.6,5
B003XJ8ZUC,5.0,5
B009D150FM,4.8,5
B000XE7BL4,5.0,5
B0056219U2,5.0,5
B000AMPICS,5.0,5
B007N4NEAY,4.4,5
B000S12Z6I,4.6,5
B001GO5SDS,4.0,5
B008M5I2FA,4.6,5
B004KS0MHE,4.8,5
B000XE29T8,4.8,5
B000JFKI9E,4.6,5
9788073417,5.0,5
B00CB1SZIA,4.4,5
B00G9XOZF8,5.0,5
B003YDGWQQ,4.2,5
B007N3PIMM,4.2,5
B000Z6CWYG,4.0,5
B003NX9IXQ,5.0,5
B001GQDJAA,4.8,5
B004H6SI66,4.6,5
B003O473YU,4.0,5
B003ZWEO4S,5.0,5
B003HEV1KY,4.8,5
B0081PGU9Q,4.0,5
B000Z7369K,4.2,5
B007NZKB5E,5.0,5
B000Z89TZ4,5.0,5
B003HV7R64,5.0,5
B009CX7UNG,4.6,5
B0018BWO68,4.6,5
B00CBSVYU4,4.6,5
B003HER6R6,4.2,5
B00G7W8ODA,4.2,5
B008MAAIHU,5.0,5
B000BYSUVQ,4.6,5
B004YTEODW,4.0,5
B003HV2G4M,5.0,5
B000Z70WTC,4.8,5
B00847V1HW,4.8,5
B007N16N5A,4.0,5
B00JW7UC96,4.0,5
B000XE7O8Y,4.2,5
B008L3HRC2,5.0,5
B0018BYLYG,5.0,5
9788073859,4.8,5
B008P0S0L8,4.6,5
B003HUP122,4.6,5
B004GVVZGW,4.0,5
B005CXPFEQ,4.0,5
B0019PMGSO,4.6,5
B008L2UEGY,4.2,5
B001A35X8A,4.4,5
B004ZWH4I0,4.4,5
B000AMPEKO,4.0,5
B001GRNQ9S,4.2,5
B00HYAXFT2,4.8,5
B007N0F2TO,4.0,5
B003HUSOC6,4.8,5
B00CBT0SN2,4.0,5
B001G7QBF4,4.0,5
B003XQQDPY,4.0,5
B003HF6SOM,4.6,5
B00EQ504JC,5.0,5
B0019CTF5E,5.0,5
B00BIPCWM0,4.8,5
B000RV25DW,5.0,5
B00GMOW06K,5.0,5
B000CQ0ZUM,5.0,5
B003H1686Y,4.8,5
B001FWXH66,4.2,5
B001AKLU1W,5.0,5
B007LT1FNO,5.0,5
B00ET7J0HY,5.0,5
B00ESMRW5W,5.0,5
B001AOW8F0,4.0,5
B004NL252I,4.4,5
B001I7D35I,5.0,5
B0056AG0QM,4.0,5
B001AKJTCO,5.0,5
B0018Z5TAC,4.4,5
B00BDOGV5A,4.2,5
B009BF8ZEI,4.0,5
B001FWXHNO,5.0,5
B0082MRIPS,5.0,5
B0010ZETVA,4.8,5
B001AKJEFG,4.6,5
B000H3CPS0,5.0,5
B008IT9CMW,4.2,5
B001FWXHAM,5.0,5
B001FWXHKC,4.8,5
B000E7SS58,4.2,5
B001FWXHHK,4.6,5
B00FEYZO58,4.8,5
B000ALILKU,4.8,5
B00112DTF4,4.4,5
B00ATA8DRS,4.4,5
B004GZ7YUY,4.6,5
B008I3YYWQ,4.4,5
B001AKV1HU,4.2,5
B000IFF0WU,4.6,5
B000JIK0S0,5.0,5
B00CFDC8YQ,4.4,5
B000XTCFN8,4.8,5
B000JIK1KM,4.4,5
B001FWXGCG,4.8,5
B001FPZ1GW,4.8,5
B001HV3MTC,4.6,5
B004HIAXBM,4.2,5
B003WL4YLU,4.4,5
B000VDT5OI,5.0,5
B00BB3K0X2,4.2,5
B00ISEOY20,5.0,5
B00110S28U,4.8,5
B00198W3AW,4.2,5
B001933FJA,4.4,5
B003Y5T0HW,4.2,5
B00HZUJVG2,4.2,5
B0080Q6ZTQ,4.6,5
B000RV0XJ0,4.0,5
B003I97C8S,4.8,5
B001AKP7SE,4.0,5
B000VOHSCS,4.6,5
B008I3GZCS,4.8,5
B008O8K0IM,5.0,5
B001AKR15G,4.4,5
B008O89JJ8,5.0,5
B0082D9W8S,4.6,5
B00C10S4SC,4.4,5
B0017RD0KW,5.0,5
B003ZS1ODG,4.4,5
B003WLUVAI,4.6,5
B000RU5AYE,4.8,5
B003ZVQBDQ,4.6,5
B000VDVRDU,4.4,5
B004K2TKNW,4.2,5
B0055ESF9Y,4.8,5
B00196SX8A,4.6,5
B000XEB2BO,5.0,5
B00CAG6RX6,4.6,5
B00196NJW0,4.8,5
B004L1G3G4,4.0,5
B003I94B9Q,4.0,5
B003O4NLVE,4.4,5
B000SE9PZ4,4.6,5
B00AZDCG90,4.4,5
B003PGYZSY,4.8,5
B007P7QL8G,4.2,5
B001HOF63Y,4.4,5
B000J46LQE,5.0,5
B004GZJOHU,4.8,5
B001FORJSQ,5.0,5
B000RWB988,5.0,5
B007P7QU5U,4.4,5
B003WP1P4A,4.6,5
B000XVGBYU,5.0,5
B00CGICZFC,4.4,5
B000VEM0OO,5.0,5
B004YNIHOU,4.0,5
B00853EO8I,4.0,5
B003NMMVJ0,5.0,5
B000XXZ1DA,4.2,5
B000F0C788,4.4,5
B0092MCO8S,5.0,5
B001FORJCW,4.6,5
B008ZHJCDQ,4.8,5
B00196M4ZS,4.8,5
B008OBSUUE,4.8,5
B00BLOLV3E,4.8,5
B000V5FG6C,4.8,5
B003OCYITU,4.0,5
B0018WVIS2,4.2,5
B001HNFG5S,4.0,5
B001FORJIG,5.0,5
B00K6NKJ3Y,5.0,5
B009BGN7EA,4.2,5
B000VEL5RC,4.6,5
B00K6NJ8CM,4.8,5
B008N5O0QY,4.8,5
B0080KA778,4.4,5
B00FEZ5JE8,4.0,5
B00112DU12,4.6,5
B00506S73Q,5.0,5
B000E7YK82,4.6,5
B00FED9F0O,4.0,5
B000H3CPRQ,4.8,5
B00FIPQY34,4.2,5
B000VD1U3M,4.0,5
B008N6HR18,4.4,5
B00112DUHQ,4.6,5
B0050AXH5U,5.0,5
B000VOHPIK,5.0,5
B00918C93I,4.6,5
B00578ZJZQ,4.8,5
B000WZT5TK,4.4,5
B00BEJZNNK,4.4,5
B0018Y44K4,4.6,5
979078371X,4.8,5
B004NATSYM,4.4,5
B000ALILNC,4.0,5
B000WZT9TG,5.0,5
B00AMSGQ4Y,4.4,5
B0091B8TDY,5.0,5
B001HX01T4,4.6,5
B00IDID17K,4.0,5
B000X21WG6,4.0,5
B008IEF884,4.8,5
B0080LLHXU,4.0,5
B00FAT48O0,4.2,5
B0000C0FJT,4.8,5
B001I12G8Y,4.8,5
B003WHC6SC,4.0,5
B00412XPY6,4.0,5
B008NGKQUW,4.2,5
B0019205H6,4.8,5
B004HIHO6O,4.2,5
B00BZA0YP0,4.6,5
B000EZYACU,4.2,5
B004KGWAKI,4.0,5
B001AMZAXY,5.0,5
B0011291LK,5.0,5
B004PW58VU,4.0,5
B003O539NS,4.0,5
B003WHD4L0,4.8,5
B0082FZOQK,5.0,5
B00857RZ2Q,4.6,5
B000VDP7TK,4.6,5
B00C34B0DW,5.0,5
B00FEHX8QM,5.0,5
B00AMQWYQU,4.0,5
B003WHH0A6,5.0,5
B001FTF1S6,4.0,5
B001I0O15Q,5.0,5
B000FI31YY,5.0,5
B008352PH0,4.2,5
B000X1MCZ2,5.0,5
B0001BG584,4.6,5
B000RUQOSA,4.8,5
B00AZGAK68,4.6,5
B004L0ZKLY,4.2,5
B00FJ0SMVA,4.4,5
B008O6FWKA,5.0,5
B001AMGC4U,4.8,5
B00112AFQ0,4.8,5
B00IFBJBRY,4.0,5
B00EODVCEM,4.8,5
B003ZVQV7C,5.0,5
B007PJFF4U,4.8,5
B001FSHUKE,4.4,5
B00EOBHVIK,4.6,5
B004XOTIN4,5.0,5
B00CFD4R04,5.0,5
B00192M7Y0,4.4,5
B001AMRI70,4.0,5
B00518N2HE,4.4,5
B000XRADFW,5.0,5
B009B5COQS,4.8,5
B0017QNGFC,4.8,5
B00B0GON10,4.4,5
B004K0HALI,5.0,5
B001FSNFNK,5.0,5
B000GSUJ2K,5.0,5
B00FARAX2S,4.0,5
B004ZQR9AO,4.2,5
B005DKR0W8,4.4,5
B000V3SY1I,5.0,5
B00ANTRQIC,4.6,5
B00BB3K85M,4.6,5
B000XS9N6Q,5.0,5
B005CGKEX0,4.6,5
B005DKUKM0,4.8,5
B000RUO414,4.8,5
B00112AGG4,5.0,5
B000XQUE2U,5.0,5
B00ET2B8G0,5.0,5
B00IFBQH12,4.4,5
B00FAU2DLY,4.2,5
B0017QW7Q6,4.6,5
B005DKJSKA,5.0,5
B00C53Y5RY,4.4,5
B00506U8KG,4.8,5
B007PEU086,4.4,5
B000FHQHGE,4.0,5
B004HIDJ0Y,4.0,5
B003WCPDJG,4.8,5
B008IG7FY2,4.2,5
B000IBNLX4,5.0,5
B0056EBITC,4.8,5
B001FVUAX0,4.8,5
B001FR4UB2,4.4,5
B004HIDJ2M,4.6,5
B00HUVL6PK,4.2,5
B001ALN5GE,4.8,5
B00110U74C,5.0,5
B00112AI9E,5.0,5
B003NGTZ2C,4.0,5
B00BCL5CIG,4.8,5
B003ZS1OEU,5.0,5
B00G30RH3Y,4.8,5
B001ANQ816,5.0,5
B000VOJA5Q,4.8,5
B00FAV1EKY,5.0,5
B001FQ71D2,5.0,5
B00BLQDVPI,4.0,5
B003NGJ4P0,5.0,5
B009B9YV1U,4.8,5
B00506U3SS,4.2,5
B0001B871C,4.2,5
B00ARBOZ26,4.0,5
B008I5B5L2,4.6,5
B00507HEY8,4.0,5
B0056AJZNW,5.0,5
B0082J3WL0,4.4,5
B00518N0AS,4.2,5
B00518N3XW,4.6,5
B005CIRGOS,4.2,5
B00112AJ5M,4.6,5
B00838GY74,4.2,5
B000XSOR8K,4.6,5
B0011254TS,4.6,5
B003WIN8FG,4.6,5
B001126VXG,4.0,5
B000CR2F3G,5.0,5
B003O59108,4.2,5
B008QOBM4K,4.2,5
B003ZS1OK4,4.4,5
B001126X5W,5.0,5
B007PLAM0A,5.0,5
B000XQQ62W,4.2,5
B000XSNRQI,4.2,5
B00011JOPA,4.2,5
B00B0GIJR4,4.8,5
B00AX327IW,4.2,5
B008O75Y66,4.4,5
B000V4WS0A,4.4,5
B00111K55C,4.0,5
B0082DC0O6,4.4,5
B004ZQYRAO,4.4,5
B004K0OD7W,4.0,5
B003O9QFZS,4.4,5
B0056BI6PO,4.2,5
B000V4USBQ,4.6,5
B001FV7Z60,4.6,5
B0001BNTJM,5.0,5
B000V3Q1DQ,4.2,5
B003O9PC3O,4.2,5
B000XEAZ1W,5.0,5
B000JIIO2O,4.2,5
B000BIGQ9U,4.0,5
9790778619,4.0,5
B003PGF91G,4.6,5
B004P0671C,4.6,5
B001AH233Y,4.2,5
B00ESE51BM,5.0,5
B003PGFD1M,4.4,5
B003W4VIIY,4.6,5
B0000CC64Y,4.4,5
B0090347RU,4.4,5
B0092JXYXA,4.8,5
B007P4QWDI,4.6,5
B009AYXWWA,5.0,5
B000E7SS6W,5.0,5
B001AQRSAS,5.0,5
B0083HTODQ,4.2,5
B00902QRQK,5.0,5
B00GD2XAW4,5.0,5
B000IB0GBO,4.4,5
B0010S5NBW,4.2,5
B00FBF1904,5.0,5
B00513IF94,4.2,5
B00826NWXQ,4.6,5
B000EI7T7A,4.8,5
B003O4K32O,4.2,5
B0017WDTAS,5.0,5
B001FLMWX6,4.8,5
B00BYDMNBG,5.0,5
B00513JA20,5.0,5
B000XEFCLU,4.2,5
B00ETHVQIK,4.4,5
B003H63RZE,5.0,5
B000V5NWM2,5.0,5
B003NOEN6W,4.6,5
B0018R4RB2,4.6,5
B003W4X0PS,5.0,5
B00GMOV1GK,4.6,5
B003W4XLHU,4.4,5
B00CFG2XDE,4.0,5
B008J52JXE,4.6,5
B000H3D7JG,4.2,5
B0057IA5B4,5.0,5
B003NAPU5E,4.2,5
B0050BQ7SS,4.4,5
B0085F4I9Q,4.2,5
B00CFFZC3I,5.0,5
B0017UXT50,4.8,5
B000RXDJNU,4.0,5
B001IAH2Q6,4.0,5
B0017UXSY2,5.0,5
B001HKC9ZQ,5.0,5
B000XZI9MS,4.6,5
B00568AL7S,4.8,5
B000V5MJXA,4.8,5
B007P531AY,5.0,5
B00GCQT4CG,4.0,5
B000XGPL64,4.8,5
B001HITK46,4.0,5
B00EOP1YRA,4.2,5
B005COMIZO,4.4,5
B005CC87EM,4.2,5
B008Q8XIVQ,4.8,5
B005CCCTYQ,4.0,5
B003IDAABA,5.0,5
B0083HTO5O,4.8,5
B004GY0FJ2,4.4,5
B000E7WFXE,4.6,5
B009BPSFN4,4.8,5
B0017M5UWI,4.2,5
B001AQQ0F2,4.6,5
B007MJK18I,4.0,5
B000XEVO1C,4.2,5
B005DMQ8HE,4.0,5
B000WZPIV4,4.4,5
B000X78Y0I,4.0,5
B00008IHO0,4.0,5
B0017LXSHI,4.2,5
B003YJ5HGQ,4.0,5
B001FXRZ0E,4.0,5
B004OZY46S,4.0,5
B00G4GXIA8,4.6,5
B000XEFEZ4,4.2,5
B00852H4E0,5.0,5
B000X76UOK,4.6,5
B000XFR442,5.0,5
B00G4GO0H8,4.4,5
B0082PEPB0,4.6,5
B007PWFE1Q,4.0,5
B00BMDKUBI,4.4,5
B001ARNX7Y,4.6,5
B003YBVQCS,4.6,5
B000Y1NFAC,4.4,5
B00113KBAO,5.0,5
B003YCJ4D0,4.2,5
B001AFFA0E,5.0,5
B004153NRC,5.0,5
B004L1ZAUY,4.4,5
B004H2TMFQ,4.0,5
B0010MGWCW,5.0,5
B00GMP93AA,5.0,5
B000H3FBR2,4.8,5
B005CBEHHY,4.2,5
B001HBX5X0,5.0,5
B00BDMNIJO,4.0,5
B001AFGXGO,4.4,5
B00AS2TLUU,5.0,5
B0001M7DKC,4.6,5
B007P3NSQI,5.0,5
B008NWL5YC,4.0,5
B001IAVSD4,4.6,5
B0001AVSU0,4.8,5
B00852KF6Y,4.2,5
B004L1LSDW,5.0,5
B001AQXD8E,4.4,5
B00BMA9FWG,4.0,5
B0057J56PI,4.8,5
B001HE2LDW,4.6,5
B008ODCWUG,4.6,5
B00KUWDWO4,5.0,5
B000Y0C8SI,4.0,5
B000F3ZSUO,5.0,5
B00904MNWA,4.8,5
B0085FUE0S,4.8,5
B003IEUQUO,4.4,5
B003W3WX52,5.0,5
B001FWXMDE,4.2,5
B00C5IJ8C6,4.6,5
B003PG69SS,4.2,5
B00BC5OCJC,4.8,5
B0056H16HS,4.8,5
B00008GQ3B,5.0,5
B001AFJ7ZI,4.4,5
B0010OV4NM,4.4,5
B003IFB6Y8,5.0,5
B003GYCTBK,5.0,5
B008JB0XR2,4.0,5
B00CFIIX54,4.0,5
B00AT9DF36,4.8,5
B001FGA008,5.0,5
B00GBDNT5I,4.4,5
B000XEARTM,4.2,5
B00CBYOK0E,4.2,5
B00412MTRU,4.0,5
B000RWPGSC,4.4,5
B000XJS9WE,4.2,5
B003WRLIUE,4.2,5
B00IMBN8X0,5.0,5
B000ASFZZ2,4.0,5
B003W5D4BM,4.6,5
B00577ILUW,4.4,5
B0017OB2JG,4.2,5
B0057I8JKI,4.6,5
B001FWXJA0,5.0,5
B0001B52EM,5.0,5
B003I93RW8,4.8,5
B00BAWZPFM,5.0,5
B009EDBGKM,4.2,5
B0091HCZE2,4.8,5
B00112FM6I,4.6,5
B0010VF5AI,4.6,5
B00GCHAW4E,5.0,5
B00HZ1TCFG,4.2,5
B0057I8P2K,5.0,5
B00BLUYNEM,4.6,5
B004KZF7EK,4.4,5
B004KG6RRU,4.6,5
B008Q8XMV2,4.0,5
B00112HQWG,4.6,5
B007MFALJ6,4.0,5
B00FF1HGDI,4.8,5
B000VEOY20,4.0,5
B003NAZDO2,4.2,5
B003NAVLKC,5.0,5
B000H6ZMYQ,4.2,5
B0017O1WDW,4.2,5
B000XJ4HGG,4.8,5
B0018SQGP6,4.0,5
B001IACKGI,4.8,5
B000089S9Y,4.4,5
B005CD4OPM,4.4,5
B0080XTY42,4.2,5
B001FWXIW4,5.0,5
B00LEWE6RG,5.0,5
B0000C6HHY,4.6,5
B000WZRE1Q,4.6,5
B00IPOVNK4,4.6,5
B0080IUYAU,4.4,5
B003NMP5HA,5.0,5
B001HLNBTS,4.0,5
B001AID8NW,4.0,5
B0083HTASA,4.8,5
B0036IIFK0,4.75,4
B006OZF1WC,4.5,4
B003SO2O8Q,4.75,4
B006QR244G,5.0,4
B003SEVFEK,4.75,4
B006COBI2W,4.25,4
B00FPEL17C,4.25,4
B00562CNJI,4.5,4
B006FJQAC2,4.5,4
B002AKV2QE,4.0,4
B002KA2KFG,4.5,4
B0035Y8118,4.0,4
B00ADJIHNK,4.75,4
B000EAIF6M,4.75,4
B00C92XBGW,4.0,4
B00882ELMU,4.0,4
B000OYLBDW,4.0,4
B002AK6OB2,4.5,4
B00CR1ZQ2W,4.0,4
B00IYM6J4W,4.5,4
B004H02GE2,4.75,4
B005J1613K,5.0,4
B002HIZT18,4.25,4
B0018N0814,4.5,4
B00CB3TUPU,4.25,4
B000HTUBA8,4.0,4
B002HFNEQ8,4.0,4
B006BPDK2S,4.0,4
B000HRPHMC,5.0,4
B00JAONPG8,5.0,4
B0038L66PQ,4.0,4
B006FLRZ5G,4.0,4
B00AS42LBE,4.0,4
B00152VMQS,4.25,4
B00152QNF8,4.5,4
B002HFV0Y6,4.0,4
B000O3GBYC,4.25,4
B005LDFFD8,4.5,4
B00196456E,4.25,4
B000674XPU,4.5,4
B000O2R45I,5.0,4
B0056BH9HK,4.25,4
B00066N97E,4.25,4
B0018IEUFO,5.0,4
B00363JNWE,5.0,4
B002HFSH6K,4.25,4
B00GMME8LC,4.0,4
B005LDL3U2,5.0,4
B002AMUG9Q,5.0,4
B000C2DYJA,4.0,4
B001500CN4,4.75,4
B004TOLFXO,5.0,4
B006FXIAIU,4.5,4
B00886WWYA,4.75,4
B000B8PF1U,5.0,4
B002K4W0PC,4.75,4
B00192MTVG,4.25,4
B000GWCJFQ,4.5,4
B004N9VQI4,5.0,4
B006C49MA2,5.0,4
B000KOO8KO,4.75,4
B0042LLE9Y,4.25,4
B00C1W2QR0,4.5,4
B004N9U7FW,4.0,4
B00066N93S,4.75,4
B0089MRN9M,5.0,4
B00HLUCLFO,4.5,4
B0002OCPCA,5.0,4
B000VHPEW6,4.75,4
B004N3YHMC,5.0,4
B006CQA826,4.0,4
B00881WNHG,5.0,4
B00886JMES,5.0,4
B0036G2SIW,5.0,4
B0036O86CQ,4.5,4
B00066N942,5.0,4
B006BQHGJ0,4.75,4
B0083X0V64,4.25,4
B0055ZGKMW,4.5,4
B002HRENS4,4.75,4
B000O2RMOG,4.5,4
B0018HSDIU,4.5,4
B000VUZ19O,4.75,4
B006QV1RPY,4.75,4
B0047BA4LI,5.0,4
B000HLF30E,4.75,4
B00HJUQ2QU,4.0,4
B003SO4N4O,4.75,4
B00AFGC854,5.0,4
B002HFICH4,5.0,4
B006CPZLWO,5.0,4
B0083WZXK4,4.75,4
B00290WSL8,5.0,4
B0088EZHU8,5.0,4
B004I9LA4E,4.0,4
B000FTT1ZQ,4.0,4
B005JBM2TM,5.0,4
B0014ZWI96,4.0,4
B0083V5X0A,4.5,4
B00152QJ4I,4.5,4
B0036H5R0C,5.0,4
B0082X7IV6,4.25,4
B00152UHGO,4.5,4
B0038KOEWO,4.0,4
B0015TM95E,4.75,4
B0055WRC18,5.0,4
B002AJGKAS,5.0,4
B005LQXZGO,5.0,4
B0036G34X0,4.25,4
B00192OGQM,4.75,4
B0018N1TSU,5.0,4
B0053SS47K,4.0,4
B0090WOKPU,5.0,4
B00IPNBAEY,5.0,4
B000LFVFUI,4.0,4
B00479V0WW,5.0,4
B004TRPHPI,4.5,4
B0083VNBN6,4.0,4
B002AL2UA0,4.75,4
B0008G319I,4.75,4
B002K75UDS,4.25,4
B0056BR5K6,4.25,4
B002ALVLZ0,4.75,4
B000O2TO24,5.0,4
B0083VFF12,5.0,4
B00005Q2UK,5.0,4
B002HM3GAK,4.75,4
B004H07IVS,4.75,4
B002AMUFXI,4.0,4
B000HLH456,4.5,4
B00GK5RGU6,5.0,4
B00BGVM578,5.0,4
B00150INX0,4.0,4
B00BD3R5KG,4.5,4
B006C0C00U,4.25,4
B0083VFDZA,5.0,4
B0035ZBTMA,4.5,4
B004TNEZGY,4.0,4
B006OZEZFG,5.0,4
B004SQQZL0,5.0,4
B00062O5FI,4.0,4
B000EUJLII,4.25,4
B002K748KO,4.5,4
B0053T379O,4.5,4
B0089KZZ9O,4.5,4
B0015XJ106,4.0,4
B000C1VWS6,4.75,4
B0015XMZUO,4.5,4
B00FFQXCKY,4.75,4
B000NYN36Q,5.0,4
B00192Y63U,4.75,4
B000BR4972,4.5,4
B00B5EFJJC,5.0,4
B00DK0VO8E,4.75,4
B003O9IGP0,4.5,4
B000KOQ84I,4.75,4
B0000C88FW,4.25,4
B00005NWSO,4.75,4
B0089LGWPE,4.75,4
B000C1VXEE,5.0,4
B009SU19IK,4.75,4
B008XHS8S8,4.5,4
B0015XNAW6,4.75,4
B002AMUFUQ,4.25,4
B003833CX8,4.25,4
B002HLVOI2,4.75,4
B009XK8KH8,4.75,4
B00194HJJG,5.0,4
B0008G3166,5.0,4
B006OZEWFE,4.25,4
B005J07W7K,4.75,4
B002HLKMKS,4.75,4
B004TO2AN8,4.25,4
B0089LGZMO,5.0,4
B0015ZC0W0,4.75,4
B004I5H8PS,4.25,4
B0091G7BDS,4.75,4
B000VWQAJM,4.0,4
B003O9HMZK,5.0,4
B002HGDP7U,4.5,4
B0083VLR6E,4.75,4
B000VHT3GE,4.25,4
B005LCTIZK,4.75,4
B002JYFCCQ,4.0,4
B003TFDQJK,4.75,4
B00362VVKM,4.5,4
B0083XM04K,5.0,4
B000KQBR7Y,5.0,4
B0082PMM9W,5.0,4
B0056BIZLE,5.0,4
B002JURAW0,5.0,4
B002HNAHI8,4.75,4
B00005NZAR,4.5,4
B008XJ8UPM,4.25,4
B001611YPM,4.75,4
B000GZYR76,4.5,4
B006CDYA14,4.0,4
B00CB5HNX4,4.25,4
B00433NAXY,4.5,4
B00005NHF9,5.0,4
B009XG82Z2,4.25,4
B00CR0HB94,4.0,4
B0035YI5SW,4.0,4
B002HG63LA,5.0,4
B0049DQSA0,4.75,4
B006QV3IJC,4.5,4
B00BV5EYDM,4.5,4
B006C59WMY,4.5,4
B000FTS7CE,4.5,4
B002HNTU2C,4.75,4
B006QYY5PK,4.25,4
B002JTPVOU,4.5,4
B002K9UFV8,4.5,4
B006FY6MXY,4.0,4
B00DMMYJLY,4.0,4
B009XIN8ZY,4.0,4
B00FPF2YU4,4.5,4
B00AFHZFVW,4.0,4
B0049U46GQ,5.0,4
B006FNH0TU,4.5,4
B0018MR8NG,5.0,4
B004I53UM8,5.0,4
B006FNOI1I,5.0,4
B002HG4HKO,5.0,4
B002HG4I6C,4.5,4
B00290AT82,4.0,4
B0083X5SJ4,5.0,4
B0036LNXRW,4.5,4
B0047AUY78,4.0,4
B0035ZYWNS,4.25,4
B002HG9QWI,5.0,4
B006FYM33M,5.0,4
B003TDN8RC,5.0,4
B00FO5U26S,4.75,4
B00150GGVQ,5.0,4
B006FOB414,5.0,4
B000B86ULE,5.0,4
B0054HLEL8,5.0,4
B00IOFEW52,4.0,4
B000NYIJQ0,4.5,4
B000O36X72,4.25,4
B0035YQKB6,5.0,4
B0053QLCVC,4.0,4
B002ALOHDS,4.0,4
B00B5F2WFU,4.5,4
B00193WZIW,4.75,4
B000VWQBHS,4.25,4
B0036LMK7G,5.0,4
B00886Y7YI,5.0,4
B008322Y6U,4.25,4
B0047N2IYM,4.5,4
B006G3H5QC,4.0,4
B002HMGO1S,5.0,4
B0015Y0UDC,5.0,4
B0089NKTW4,4.5,4
B006OZFA8W,4.5,4
B00160MB6E,5.0,4
B00150UTTG,4.75,4
B000O2VD4Q,4.5,4
B008873ILK,5.0,4
B002HMD5ME,4.5,4
B000NYDZMS,4.0,4
B00BPN0S0S,5.0,4
B004Z22MDM,4.75,4
B00BD3RGHI,5.0,4
B006CD45I2,4.0,4
B00066N9AG,5.0,4
B0015Z2OFI,4.0,4
B000G0PFFO,4.0,4
B0049F5MV4,4.5,4
B003O9H4ZS,4.0,4
B0008GGO4C,4.0,4
B004TPNPAE,5.0,4
B00DMFI32C,5.0,4
B002IJRXEW,5.0,4
B004M46374,4.25,4
B002IJP3VW,4.25,4
B002IJP4TS,4.75,4
B002A04D9M,4.0,4
B00DTQ05RK,4.25,4
B002A027PE,4.0,4
B006EKU8C0,4.0,4
B0083LFX1Y,5.0,4
B000FTTFLQ,5.0,4
B006EELC6W,5.0,4
B00C8R39NI,4.25,4
B003ZCOHPO,4.5,4
B00005B6ZU,5.0,4
B000GHWXCU,4.5,4
B00ASCR7S8,4.75,4
B003670ZKO,5.0,4
B00DKXX9ES,4.25,4
B002JB3KKK,4.25,4
B000O2LMGU,4.75,4
B0018QE4GG,4.0,4
B00CR942II,4.5,4
B004N72J14,4.75,4
B0029QM8O4,5.0,4
B0029QNINO,4.75,4
B0018SJ0ZE,4.0,4
B0088W8ASQ,4.0,4
B0049KHM62,5.0,4
B000VEV0SQ,4.25,4
B006PKYSYS,5.0,4
B006DJYC1K,4.5,4
B002IMH0VU,4.25,4
B00FFDV0Z6,4.5,4
B00CP0R4HU,4.75,4
B003897R1A,5.0,4
B00FF2V2WS,4.5,4
B000AQIJ6G,5.0,4
B00FFE0QIW,5.0,4
B002IO55AG,4.0,4
B009Y8AEQ4,4.25,4
B00158QTQK,5.0,4
B00C8KGLN0,5.0,4
B00434V7W4,5.0,4
B002J7B0EC,5.0,4
B002J7KV3S,4.0,4
B002IM4BDU,5.0,4
B002IKDWGE,5.0,4
B00899QB4S,4.5,4
B006ECXRHQ,4.75,4
B000HLYR9C,4.0,4
B00B594KG0,4.75,4
B000OWT4UG,5.0,4
B00DTP5D1Y,4.0,4
B006OY1LZ4,4.25,4
B00HLRCTVS,5.0,4
B0018YCNYI,4.0,4
B003ZD8Z9C,4.75,4
B006ENVLUU,4.75,4
B00156R9MA,4.75,4
B006QHXD5U,4.25,4
B006PKVKGC,4.0,4
B002IFOP8S,4.5,4
B0036D8226,4.25,4
B002IG2BF6,4.0,4
B00005LAAJ,4.5,4
B000GVQZJS,4.0,4
B000OWZXLU,4.75,4
B00066677S,5.0,4
B002IBJDUW,5.0,4
B0049JBYE4,4.0,4
B00005LOHI,4.25,4
B004SNAGRC,4.5,4
B000HOZ9CI,5.0,4
B000VVDXN4,5.0,4
B002A29BYC,5.0,4
B0049JC2KE,5.0,4
B00IXEPOLA,5.0,4
B0018QE1DM,4.0,4
B00GJVXHLS,5.0,4
B0000AYXBO,4.25,4
B0015K93M0,5.0,4
B004N8ZDWK,4.0,4
B006ELSFWE,5.0,4
B000OWWQWO,5.0,4
B000IAPT8U,5.0,4
B0083G143K,4.75,4
B000C238CI,4.25,4
B008X2OUR6,5.0,4
B00CRJOCAG,4.5,4
B004W5VT7C,4.0,4
B0083LU5LC,4.75,4
B00545ZJ0W,5.0,4
B00FEZYNVS,4.75,4
B003SWEAX0,4.75,4
B000VV70U6,4.0,4
B00005LAA2,4.75,4
B00BD3X1YA,4.0,4
B00B1V4HJC,5.0,4
B0018TKYBC,4.75,4
B002IGP9NC,4.75,4
B00434G9P4,4.5,4
B005460QY0,4.75,4
B005LOJ3RG,4.0,4
B0083HTHA6,4.5,4
B0018QHTSG,4.0,4
B00367N1X2,4.5,4
B0029XFHTU,4.0,4
B0049OGCRI,4.0,4
B00892ZUBK,5.0,4
B00CRBM8BY,4.25,4
B0018QJG0U,4.5,4
B00566HFS8,4.75,4
B0018QXR4Q,4.0,4
B0038BBRV4,4.75,4
B00892ZXHG,4.75,4
B00159VSVK,4.5,4
B000LD547A,4.0,4
B00DL5XEEA,5.0,4
B002ITGS3O,4.0,4
B00892ZS2Q,4.5,4
B0018QJF6U,4.75,4
B00367N65U,4.0,4
B0029U0YTG,4.0,4
B000C1VX9E,5.0,4
B005654CQ2,4.5,4
B00159JOJS,4.0,4
B006PXM37E,4.0,4
B006E3PPDO,4.0,4
B004M1UJ4A,4.75,4
B003OGPAUC,4.0,4
B009T9V9AS,5.0,4
B0083KBSVO,4.0,4
B00CRGZU7I,4.75,4
B006DRPSZQ,4.25,4
B000C238MI,5.0,4
B002ITGSBG,4.75,4
B00C8OUZB0,4.0,4
B0036B75W6,4.5,4
B0029VCO7U,4.25,4
B000GHULUQ,4.5,4
B0018QS0F2,4.5,4
B00CBBENHW,4.0,4
B0015A831M,4.75,4
B00FFAEU60,4.5,4
B004N7JII6,4.5,4
B00AYVSYB2,5.0,4
B003SZGTYK,5.0,4
B00C1BIZTO,4.75,4
B006DRRE4Y,5.0,4
B0029VGE8U,4.0,4
B00892ZY1G,4.75,4
B000O1LR66,4.75,4
B00FOI5JFY,4.0,4
B006E247H0,5.0,4
B005LN5I3A,5.0,4
B00DL6SMZU,5.0,4
B008WPQA40,4.0,4
B0015DDHPQ,4.5,4
B004M2QEVG,4.5,4
B005LN5H5E,4.75,4
B002IUHUXK,4.0,4
B0083IVH0I,5.0,4
B0053ZOGF2,4.75,4
B0049O5ZRQ,5.0,4
B000LD3KDU,5.0,4
B00065AFMM,4.75,4
B00I3ZNQXC,4.5,4
B008WNPDTK,5.0,4
B00CRHCX8Q,4.0,4
B008915I72,4.75,4
B00159AC4Y,5.0,4
B0049MANW0,4.75,4
B000OWHJG2,4.5,4
B0029XZEDE,4.0,4
B00DL4GFZQ,4.0,4
B000EVEKQK,4.0,4
B00BPJGH0C,5.0,4
B00C8NE2QA,4.5,4
B00368PU3U,5.0,4
B000VV3W4Y,4.75,4
B000O2EYEM,4.0,4
B004SNMQ8Y,4.0,4
B0018QHTVS,4.5,4
B000OV5LOA,4.0,4
B002IOYAUC,5.0,4
B00B6131CG,4.75,4
B000VV2G8M,5.0,4
B004I6GYEI,4.75,4
B00914TVHO,4.5,4
B000LD8YTK,5.0,4
B0018QHUNK,4.25,4
B000C1VTNO,5.0,4
B0018QXR78,5.0,4
B004I6J65C,4.75,4
B002ISD09U,4.0,4
B0047E533O,4.0,4
B0015F3MRW,4.25,4
B002ISVF2E,4.0,4
B00368UOYA,5.0,4
B0047E9MFE,4.5,4
B00H4EVCTI,5.0,4
B000OWFN6U,4.0,4
B00AU9BHYY,4.5,4
B0047E7G6Q,5.0,4
B0029U0Y96,4.0,4
B0049MAQS6,4.75,4
B0083KHTJO,5.0,4
B005678ZEK,4.25,4
B000FTV7I0,4.75,4
B0029U0YDM,4.5,4
B006QB5A0M,4.5,4
B0029XRYL4,4.5,4
B000LCUB10,4.0,4
B000VHPBHY,5.0,4
B003O9N93E,5.0,4
B002JKXKVU,4.75,4
B00DMBE0J6,4.75,4
B002JKWH8M,4.0,4
B00HVKAYL2,4.25,4
B0088JR7RO,4.25,4
B009XQG2V8,4.5,4
B000E7WG2O,5.0,4
B004YNZ0GS,4.25,4
B00CBG74GE,5.0,4
B00B5DVXAC,4.25,4
B0036FTEVM,4.5,4
B00H8AWB98,4.5,4
B005LF0V9E,5.0,4
B0029DML30,4.75,4
B00CP55OIG,4.0,4
B0036FTF70,5.0,4
B00I4MK6V4,4.25,4
B001531X2A,4.5,4
B000OTRE6U,5.0,4
B00063FZSI,4.75,4
B006FCIGWQ,4.25,4
B000L9YX94,4.25,4
B000VWL9J8,4.75,4
B005J5BSSY,5.0,4
B004I76HCG,4.75,4
B000OYJ9G8,4.0,4
B0015RPIXQ,5.0,4
B002HWS7UO,5.0,4
B00563RCVQ,5.0,4
B00005NATT,4.75,4
B00365AC2C,4.0,4
B0018NSOO2,4.25,4
B002JKCN7C,4.25,4
B00190F5EG,4.5,4
B009T67PW2,5.0,4
B00HUECKJS,5.0,4
B003OJL1XO,4.25,4
B006CSPVTE,4.5,4
B006F5T53M,5.0,4
B000VHFSZ4,4.25,4
B00DKBYY9E,4.0,4
B0015Q2SY4,5.0,4
B0042PADUG,4.0,4
B0029EY2RC,4.75,4
B00433VG94,4.0,4
B0018NVCP0,5.0,4
B0015R1LXC,4.75,4
B00COYIBXI,5.0,4
B004H0WOSK,4.25,4
B002HZX1S4,4.25,4
B0018NUQ6Q,5.0,4
B003T7YUVG,4.0,4
B0018NUUSK,4.5,4
B000O1NBWO,4.75,4
B000VHNFE0,5.0,4
B003T1BI6M,5.0,4
B004TPNJKA,4.75,4
B0054FJUC0,4.5,4
B0036G03LQ,4.75,4
B00BD3RNFS,4.75,4
B00192L1BU,5.0,4
B0015TD46M,4.0,4
B000GVVDRW,5.0,4
B00433UTEM,5.0,4
B0029ACEVC,4.75,4
B00066MIDU,4.25,4
B00H8A2SYG,5.0,4
B00152W3WK,4.25,4
B00152W42Y,4.0,4
B000OYJ9L8,4.0,4
B00JEQKI2G,5.0,4
B000VUZW7U,4.0,4
B00JAN45FE,4.25,4
B007LIDHG8,4.75,4
B0088F2XSQ,4.75,4
B00BPHF8LS,4.75,4
B0049H9VC8,5.0,4
B002HT8ZIG,4.75,4
B00152VSDA,5.0,4
B00152VTS4,4.5,4
B002JPFWAM,4.75,4
B00BPHXRO8,4.5,4
B0088H2D1Q,4.5,4
B00152WEDI,4.0,4
B0089F7TA2,4.0,4
B00834N20U,4.75,4
B006CRKNNE,4.75,4
B0089F622I,4.75,4
B001927QKU,4.5,4
B006FGMFOM,4.25,4
B004SQ6NFI,4.5,4
B0088ITHJQ,4.0,4
B0015S88Y6,4.5,4
B0088IV1T0,4.0,4
B006PANXFI,5.0,4
B000VHO1F2,4.75,4
B000B7TLMK,4.75,4
B00563HJSM,4.0,4
B005LE43JE,4.25,4
B000C215TQ,4.75,4
B006PANUI8,4.75,4
B000NZRWQ2,5.0,4
B008X8JKDO,4.75,4
B009T3NUQ0,4.5,4
B008X8EPK2,5.0,4
B004Z24ONS,4.0,4
B0083UQOAY,4.75,4
B0018OL7QI,4.0,4
B002A6AW32,4.0,4
B0015MN46O,4.5,4
B00ADSCWJ6,5.0,4
B0083P4EXS,4.75,4
B006QJUIBU,4.75,4
B000KQ73MC,4.0,4
B006QJT0KK,5.0,4
B006QJSFZQ,5.0,4
B000O2NR0O,4.75,4
B0018PSPNK,4.0,4
B002IARDCS,5.0,4
B00C1RWL16,5.0,4
B0018Z4D4U,4.0,4
B0015PYQ18,4.25,4
B000IAZ78M,5.0,4
B0029GQYAI,4.25,4
B00GMOW2H2,5.0,4
B00C8URGCU,4.75,4
B00ADSHVNS,5.0,4
B00ADL7KT0,4.25,4
B0029L1MX2,4.75,4
B003STHX0A,4.5,4
B00CRMAR7U,4.0,4
B00H8M39ZQ,4.25,4
B0015MPK48,5.0,4
B004N6STFU,5.0,4
B008X3PFBA,4.75,4
B002IB0JLY,4.0,4
B0029LBA2K,4.75,4
B000G1OX6A,4.5,4
B000HP01V6,4.25,4
B004W812XU,5.0,4
B002A3IJZI,4.5,4
B002A3HQNY,4.25,4
B00BIBPTDI,4.25,4
B00GMN0IDI,5.0,4
B00B51FKT4,5.0,4
B00DTQ0V4M,4.0,4
B004WLXV9U,4.0,4
B004348UTW,4.75,4
B006PKBO5Y,4.75,4
B00GMOVTEE,5.0,4
B00547D1BO,4.5,4
B0006696G2,5.0,4
B003ZDH7MI,4.75,4
B00C1S8MXQ,5.0,4
B000OV32AK,4.25,4
B0083ODFVQ,4.75,4
B005JA0T7A,4.25,4
B003STPXU2,4.75,4
B0083BUXPU,4.75,4
B0015KVD9G,4.0,4
B004WMFVPG,4.0,4
B0083P68WI,4.0,4
B005JA940I,4.0,4
B002I9LLAE,5.0,4
B00H4A36JG,5.0,4
B00IOSB522,5.0,4
B0018ZWLMG,4.5,4
B004W86NVG,5.0,4
B002JJ47Z4,5.0,4
B0015OFZJ6,4.0,4
B009YGBO9C,4.0,4
B0036FTDWC,4.75,4
B002JISWXS,4.0,4
B002A9JPLE,4.0,4
B00BD3S2J4,4.0,4
B0008ENQE0,4.25,4
B0029F2HMS,4.75,4
B0018OXT3W,4.25,4
B004I69FW6,4.25,4
B008WF2WHO,4.75,4
B002JK6E54,4.75,4
B002JK3ACO,4.75,4
B003OJKPE0,4.5,4
B0047HIEV4,4.75,4
B0047HIEOG,5.0,4
B000VV01NE,5.0,4
B000VV0260,4.75,4
B003SSVLM2,4.25,4
B009XRJNV8,4.5,4
B009XRM1IU,4.5,4
B0015OGRVG,4.25,4
B00005B0AI,5.0,4
B000HP3J1U,4.0,4
B00154ODL2,4.25,4
B00154OJV6,4.25,4
B006CWSFAM,4.0,4
B00154QL8K,5.0,4
B00384Y85S,4.5,4
B0018P3I14,5.0,4
B0000AZVZS,4.75,4
B000HP260U,4.75,4
B000O00MTU,5.0,4
B00BCLS152,4.5,4
B00005LZQ5,4.5,4
B002I9FGEQ,5.0,4
B002A7KGAK,5.0,4
B000HP4AZE,4.5,4
B0049J3PB4,4.25,4
B00005AUVX,5.0,4
B0088NX1Z2,4.5,4
B006CVAG6Y,5.0,4
B0036FTDQI,5.0,4
B00FOVMIDC,5.0,4
B000F3CHZS,5.0,4
B00HVKAYC6,4.5,4
B000VHCA46,4.5,4
B003OIHXVO,4.75,4
B000O2NXNK,4.25,4
B002A86LAI,4.25,4
B002IM2L1Y,4.75,4
B004I2BKV4,4.25,4
B005K9KBLY,5.0,4
B008532SEK,4.25,4
B004TDQDSW,5.0,4
B00GM22ZZS,4.0,4
B008532RN2,4.0,4
B000OLEBPK,4.0,4
B0017664LU,4.75,4
B009WCFW8C,4.5,4
B003PGFJ02,4.5,4
B000OLEBWS,4.5,4
B006MRPOQK,4.75,4
B005KAOQA0,5.0,4
B002DWNKTQ,4.75,4
B00DS60B84,4.5,4
B000OBCQPM,4.5,4
B006JQU31A,4.75,4
B00DS60BMA,4.75,4
B002DY7HQQ,5.0,4
B000FVB2JM,4.25,4
B0002WT45I,4.0,4
B0037LJ8F2,4.25,4
B006JSNHEI,4.0,4
B004842T76,4.0,4
B003ZNPJL4,4.75,4
B008YQ9AD0,4.5,4
B00CQ7MWO2,4.0,4
B009WBJC6G,4.25,4
B00006IAUY,4.75,4
B00DQBMN6E,4.0,4
B002BZCA1E,5.0,4
B0048O2WAU,4.75,4
B00HUSSPL6,5.0,4
B006MQMIW4,4.25,4
B00176G4RO,4.5,4
B004TDJVXG,4.75,4
B000I1DJDG,4.25,4
B000VOPIZ2,5.0,4
B0055531W4,5.0,4
B003QLVUYA,5.0,4
B00IY00TEK,4.75,4
B006MW8FW0,4.5,4
B00375UFX2,4.5,4
B00175GS8U,4.5,4
B0017WGG1C,4.5,4
B005KC1O1M,4.25,4
B002E34CAK,4.0,4
B0048U8L18,5.0,4
B00006D2RM,5.0,4
B002E38GDO,4.25,4
B00174LP8O,4.75,4
B006JIZQVK,4.25,4
B00864UJPI,4.5,4
B002BX8UPQ,4.75,4
B0017W995W,4.75,4
B006JKXJ30,4.25,4
B00375UZQ4,4.25,4
B0037LMGVU,4.0,4
B00175XWYS,5.0,4
B00553ZZL6,5.0,4
B006MUVTUC,4.25,4
B00DQ6CGFW,4.5,4
B00006EXJQ,4.25,4
B002DZUFBE,5.0,4
B00175X42I,4.25,4
B006JO6WW6,4.0,4
B00175U0GQ,4.25,4
B00DS6UWM4,4.75,4
B002E0WW5U,4.75,4
B003QO7QFE,4.25,4
B006JKXKK2,5.0,4
B0017W5LTA,5.0,4
B00DS8B0IM,4.0,4
B00BVR2LO4,4.75,4
B00JDZE4X2,4.25,4
B000I62IUQ,5.0,4
B004HI6460,4.0,4
B005K84WJM,4.75,4
B0017SN3CG,5.0,4
B0017SNUCO,5.0,4
B000GHVM8G,5.0,4
B006MK3R8O,4.25,4
B000OCSQ9G,4.5,4
B000VOHPVM,4.75,4
B0085YKILO,4.5,4
B00BQ5UXB4,4.0,4
B006JW8PBE,5.0,4
B0017SQHW4,4.0,4
B002C10BV8,4.5,4
B00FIN5FCC,4.5,4
B00178N1FA,5.0,4
B000VOPF0K,5.0,4
B00178JNY8,4.75,4
B000VOHPE4,4.0,4
B00178IOYI,4.75,4
B000OCTC6C,4.75,4
B006JY7WLG,5.0,4
B003QKKDQ2,5.0,4
B00FKVWWD2,4.75,4
B0048NRT18,5.0,4
B0085YKATO,4.0,4
B0017RU992,4.5,4
B000OCVLM0,5.0,4
B00556L9HW,4.0,4
B002C3LUDO,4.5,4
B006K10NY6,5.0,4
B008YS7Z6W,4.5,4
B00487JROG,4.5,4
B006JZEB0U,4.75,4
B005K831OE,5.0,4
B006JZDIEA,4.75,4
B004TCUFZ0,5.0,4
B006JZ0L0E,5.0,4
B0017S35WE,4.75,4
B005K84VNO,4.75,4
B000E7YK7I,4.0,4
B000C2322E,4.5,4
B000VOPI7A,4.5,4
B001778SSG,4.75,4
B000KVLKT4,4.5,4
B009VB1RGK,5.0,4
B0002Z8LOA,5.0,4
B0017706WM,4.5,4
B00DS2EC74,5.0,4
B00BCOL1ZG,5.0,4
B00176YZXE,5.0,4
B009VB0798,4.0,4
B00FIJATFO,4.5,4
B00176WUFO,5.0,4
B009W94I3A,4.5,4
B002BZXZWC,4.5,4
B000OBFZ6Y,5.0,4
B009W969BY,4.5,4
B000VOHIZ0,4.5,4
B000VOHIWS,4.25,4
B00H71YPGU,5.0,4
B00GM0OCPQ,5.0,4
B006JU9QN2,4.0,4
B00CAKAIKK,4.75,4
B008YREJJE,4.25,4
B002DPYM7W,4.5,4
B000KW4RNE,4.25,4
B0055641AY,5.0,4
B00178HDTA,5.0,4
B006JUVPSG,4.75,4
B0085YKN5A,4.5,4
B001784RY4,5.0,4
B00CA6BZ7Y,4.25,4
B0055KLNA6,4.25,4
B006JUOB0U,5.0,4
B000KVV5SU,4.75,4
B00375WDSC,4.5,4
B0053PJRI8,5.0,4
B00B1O8FFG,4.75,4
B00BHMXBL0,4.5,4
B00852JLRI,4.5,4
B009WI1SBG,4.0,4
B00170OHLK,4.5,4
B00181UD70,5.0,4
B000C21BZY,4.75,4
B00GM4IY1A,4.75,4
B0086I7PB0,4.75,4
B00AEJIWM0,4.0,4
B00FLKP5NQ,4.25,4
B009080N00,4.25,4
B000O8ZAB2,4.75,4
B003PBRVOE,4.0,4
B000VR9CF6,4.75,4
B004YTVVTC,5.0,4
B000VNHU36,4.5,4
B00850MF0U,5.0,4
B006J1L8H8,4.5,4
B00170WL5E,5.0,4
B0009DY8W4,5.0,4
B0054YU3AY,4.5,4
B002BWOXWQ,4.0,4
B006J6E064,4.5,4
B000E8SVBS,4.75,4
B00BVKMQ3C,4.5,4
B0002Z8RXK,5.0,4
B0086GKECY,4.25,4
B005JKMVTO,4.75,4
B000VQSSNO,4.0,4
B001711IKW,5.0,4
B000I6DCSI,4.75,4
B000KUAJGU,4.75,4
B002EDPGRS,4.0,4
B0086HB85U,4.75,4
B00CPEZAJK,4.25,4
B002BW031Q,4.0,4
B00375L90A,4.75,4
B002EIS85U,4.25,4
B004MLWFQK,4.75,4
B004809FX6,5.0,4
B009087P3I,4.5,4
B00IXNYH1O,4.0,4
B00FHO9W3K,4.25,4
B004Z00S8U,5.0,4
B00DPN5NQK,5.0,4
B009089CX4,5.0,4
B00FLUYATQ,4.75,4
B0084V8SCE,4.25,4
B00CAMCMB6,4.0,4
B003ZL09GQ,4.0,4
B00JE26AU4,5.0,4
B002EQSF78,4.0,4
B000VRHZUK,4.25,4
B000O8SQJ0,4.0,4
B00BCODSK2,4.75,4
B0054Y3M5W,4.5,4
B004803YPQ,4.75,4
B00375L8OC,5.0,4
B002EP9OUQ,4.75,4
B004HGDSO8,5.0,4
B0086L28MI,4.75,4
B001824JAG,4.75,4
B000069A4C,4.0,4
B00BVU8RPS,4.75,4
B0048WSLFW,4.75,4
B00008LUP8,5.0,4
B009V0Z8MA,4.25,4
B00BVKHE5M,4.75,4
B002EKO40Q,5.0,4
B006J0Y1EG,4.0,4
B00182ERFS,4.75,4
B00CAMCL1M,5.0,4
B00ATNXF9Q,4.75,4
B006J0MUG2,4.0,4
B009WI1ZK0,5.0,4
B0016ZTGLW,5.0,4
B0016ZSH9E,5.0,4
B000VNSG7U,4.25,4
B0054YWM1M,4.25,4
B009WGL2UA,4.5,4
B003QSQLUG,4.0,4
B00006AKZ1,4.5,4
B000E8H4T8,5.0,4
B000OA0ZME,5.0,4
B00866C9G8,4.75,4
B0002Z8PJQ,5.0,4
B0017XHP5C,4.5,4
B006JC2L0K,5.0,4
B0048VH6C2,4.75,4
B00H74TLPM,4.5,4
B00551DSAS,4.75,4
B00375SRGY,4.0,4
B00006AKYI,4.0,4
B00DQ2AO4G,5.0,4
B0017YT4GY,5.0,4
B00008IHO6,5.0,4
B001738KBK,4.75,4
B00ATJFL9C,4.25,4
B002BX86EG,5.0,4
B000FVB242,4.5,4
B0017WW300,4.0,4
B002E5DCWW,4.75,4
B002E5I7AO,4.5,4
B001732FVG,5.0,4
B005KD9NV4,5.0,4
B00B1MTMWS,4.0,4
B0037LZ84W,5.0,4
B005JNKT40,4.0,4
B00DQ3LNGS,5.0,4
B003PG49YE,5.0,4
B00172Y67S,5.0,4
B002BWYROA,4.0,4
B00ATK51DC,5.0,4
B00ATL4G0A,4.25,4
B00851WUFY,4.25,4
B009WHBL5U,4.75,4
B00FI2W28I,4.75,4
B00BPPRY0S,4.5,4
B006J9C42I,4.25,4
B0002Z8R7G,5.0,4
B003PDG41S,4.25,4
B00BVSZUZ0,5.0,4
B005KFTXOE,4.5,4
B008511AFA,4.25,4
B008YJ4TII,4.5,4
B00CA0F382,4.75,4
B000VQP8Q4,4.75,4
B003PD6LKC,5.0,4
B00375QY9G,4.25,4
B000069IEW,5.0,4
B0037MF1PM,5.0,4
B005KH27S6,5.0,4
B005KH5A80,4.0,4
B0086F5BI2,4.5,4
B000O9GD6C,4.0,4
B002ECSP4K,4.0,4
B00BVSUXB6,5.0,4
B000VO3RCI,4.75,4
B00008J2WL,4.25,4
B002BWOY66,4.25,4
B0017Z52JG,5.0,4
B000BR6UGA,4.5,4
B0017Z88DS,4.0,4
B002EBINN4,4.5,4
B00IY8EKR4,5.0,4
B000069R7R,4.25,4
B00172DJF8,4.75,4
B002BWOY48,5.0,4
B005516X6O,4.5,4
B0086AZS12,4.0,4
B006N0BK2S,5.0,4
B0086BB21Q,5.0,4
B002EBMUTC,5.0,4
B008YJBYD6,5.0,4
B0086DAWEC,4.75,4
B0002Z8QVS,4.75,4
B00556R21Y,4.0,4
B000C230JE,4.5,4
B0055BR1II,4.5,4
B000VOL7EI,5.0,4
B004MSS7U6,5.0,4
B0085DQNKA,5.0,4
B002CI9TXW,4.0,4
B00007E318,4.75,4
B004T19V38,4.5,4
B00DQVE3QW,5.0,4
B005JTGTN4,4.75,4
B009VK1JLO,5.0,4
B000EZMDWO,4.5,4
B00FK2KVVQ,4.75,4
B000AY2CIE,4.25,4
B004YWMGSE,4.5,4
B002CW2KSY,4.0,4
B0055F75I0,4.25,4
B004WI3X1Y,5.0,4
B000VOJQP0,4.0,4
B008ZIU4E6,5.0,4
B002CWSTIE,4.75,4
B0055BSBRS,4.0,4
B000I4VHJQ,5.0,4
B005JTGXMG,4.75,4
B008Z72ITG,4.5,4
B002CJFQ2O,4.0,4
B000OGPXGG,5.0,4
B000VOLD2E,4.0,4
B006L6986E,4.5,4
B00ATDW38A,4.0,4
B000I48QRC,4.75,4
B004T6VQPE,4.5,4
B00B5PEU50,5.0,4
B006L68CKC,4.75,4
B009VS3PW2,4.5,4
B000AV36CI,4.5,4
B006LSVUPE,4.5,4
B0037AOUTW,4.0,4
B0002Z83SO,4.0,4
B009VK5XMU,5.0,4
B0037AUFXW,4.0,4
B0085O8QX6,4.5,4
B00CPTQVNE,4.25,4
B000EZOOW6,5.0,4
B008Z6B1YK,4.75,4
B00B5OYC22,4.25,4
B002CZ6KN2,5.0,4
B000VON60G,4.25,4
B000C230F8,4.5,4
B0037BEY1K,4.5,4
B0017JV372,4.0,4
B004MOBMDE,5.0,4
B000C21CVC,4.0,4
B006KXVX84,5.0,4
B002D3C3RU,4.75,4
B000KWRE2U,4.25,4
B006KWNYMI,4.25,4
B004YWTOTI,4.0,4
B0002Z8FNC,5.0,4
B003Q6VDYW,4.0,4
B000OIX8JS,4.75,4
B00CPZHUVU,4.5,4
B00FK8J60M,4.75,4
B008Z40XL4,4.5,4
B000VON4KI,4.25,4
B0037B3OLG,4.75,4
B0085BZ9YI,4.25,4
B006LXBNYM,5.0,4
B004HJ1798,4.25,4
B0085BDB3Y,5.0,4
B0048JI8V2,4.75,4
B005JTAI8G,5.0,4
B000C230J4,4.0,4
B003Q4HETC,4.5,4
B0017PWP50,4.25,4
B00FK5QA54,4.0,4
B004HLIWHG,4.5,4
B00BPX87LU,4.0,4
B00CPWRV08,4.75,4
B002CDWLBE,4.0,4
B004HLJBDU,4.0,4
B003Q20TB4,4.75,4
B000C231DY,5.0,4
B0048HV4O2,4.75,4
B00BPY98D0,4.75,4
B00CADBJ5A,5.0,4
B00DR75MOM,4.5,4
B00CADY1E6,5.0,4
B002CML1O8,5.0,4
B0042SLK00,5.0,4
B0048FPXVE,5.0,4
B00CAE20VG,5.0,4
B0017LQMXU,4.5,4
B00CPR82HO,5.0,4
B0048FIGXG,5.0,4
B00ATDTYIC,4.5,4
B003PZCTRE,4.75,4
B000KYP6R8,4.5,4
B002CMLS6O,5.0,4
B0017LQOEM,4.25,4
B00007D07S,4.5,4
B000AV4XJS,4.75,4
B004HK2I5E,4.0,4
B006LNFQAO,5.0,4
B000KYASVC,5.0,4
B008ZEVV9M,4.5,4
B000OIDMWG,4.25,4
B0017LUWRW,4.75,4
B0017LUVEG,4.0,4
B004MS03HQ,4.5,4
B000FVWARU,4.25,4
B0002YFQAS,5.0,4
B009VMWW2C,4.0,4
B0017LXTAO,4.0,4
B0085K2P3W,5.0,4
B006LP6ITA,4.0,4
B002CMLH7Y,4.25,4
B002CMLH74,5.0,4
B0085FIOYQ,4.75,4
B000I4AH24,4.75,4
B006L7QA1O,4.0,4
B00376LEOK,5.0,4
B0017OAW10,4.25,4
B002CRTS4S,5.0,4
B004T6BHPI,4.5,4
B00006WNLX,4.5,4
B0085MQCBG,4.5,4
B000VOLEIM,4.5,4
B002CS12IC,4.75,4
B002CS4MCA,4.25,4
B0085MS7UK,5.0,4
B004HKKK2W,4.5,4
B0017KG7CW,5.0,4
B002CRF0Y0,4.25,4
B0009A6KYG,5.0,4
B006LR528Q,4.25,4
B002CR3WKO,4.0,4
B005JYOWKQ,4.0,4
B000EZU8O4,5.0,4
B00099YMM4,4.75,4
B008ZFIHIO,4.5,4
B00DR3Y4CC,5.0,4
B002CPCPEU,5.0,4
B00FJC672E,4.75,4
B00H5I2F0I,5.0,4
B002CPPRE0,4.75,4
B0048IHITQ,4.25,4
B002CPPTWU,5.0,4
B000VOMWI8,4.0,4
B005JYPALQ,4.0,4
B006L7U6BY,4.5,4
B0017O01I4,5.0,4
B005JUVK6E,5.0,4
B0048910YE,4.5,4
B003ZS2U3E,4.5,4
B00ATFWT4G,5.0,4
B00CQ4UV16,4.25,4
B002C793TS,4.5,4
B002DGA48M,4.5,4
B00375ZC58,4.25,4
B0085YA8BO,4.0,4
B000VOJBJG,5.0,4
B002DGWCZU,4.25,4
B00ATG1Z3G,5.0,4
B00CQ561EG,4.5,4
B0042SI5F8,4.25,4
B002DHDPYQ,5.0,4
B00H58QIVA,5.0,4
B00BQ3SHX2,4.0,4
B009W6BSZ4,5.0,4
B002C7485C,5.0,4
B002DHHLFU,4.25,4
B00FIX6IKU,4.75,4
B000I2NJVC,4.0,4
B00FKPV1G2,5.0,4
B00006IV5M,4.5,4
B0085XV9X6,4.5,4
B0017I3OZ2,4.25,4
B006KC7L6I,4.5,4
B00856K786,4.5,4
B002C7GNLE,5.0,4
B0017QQ0W8,5.0,4
B00CQ3EAUA,4.5,4
B002C7EN2U,4.0,4
B00BVOALRG,5.0,4
B00H59CK9I,5.0,4
B00856JQK6,5.0,4
B008YXP9I8,4.75,4
B000VOJD5S,4.0,4
B000FWEBC6,4.0,4
B002C7AC8O,4.75,4
B00FIY33YI,4.75,4
B009W6P4W2,4.25,4
B0017JTG6W,5.0,4
B000VOP866,4.5,4
B002DMK0LM,4.0,4
B00487O2K0,4.75,4
B006K2FRZK,4.0,4
B0017DETJ2,4.75,4
B00H6YT0RC,4.5,4
B004YW3EQM,5.0,4
B0017RINS6,4.25,4
B00CQ6N9OU,5.0,4
B0017RJJS4,4.5,4
B00375XZVG,4.75,4
B002DMLTAS,4.75,4
B0017BGR8K,5.0,4
B00DRJZL3M,4.0,4
B000OCWJRQ,5.0,4
B000OL8OWG,4.25,4
B00H6ZIEGO,4.0,4
B006K1W9TI,4.75,4
B000VOPAXW,4.25,4
B00007M9MB,5.0,4
B002C5L03W,5.0,4
B006MA07Q4,5.0,4
B000E7YKAK,4.5,4
B000VOP58M,4.75,4
B0009DSQL8,4.75,4
B008YVTQ5M,5.0,4
B006MBJ0YI,4.25,4
B002DKIBYC,4.0,4
B0017ELRXC,4.25,4
B00B5LR5B0,5.0,4
B000EX6I0Y,4.0,4
B0037GQKWG,4.25,4
B0048NMLAM,4.75,4
B0017DO8IO,4.5,4
B00006IV2Y,4.0,4
B002C5UWZY,4.75,4
B00H6YRE8E,4.0,4
B00FKV83ZI,5.0,4
B002C5SJN6,4.75,4
B000ODTLE4,4.0,4
B00DQM4TKG,4.0,4
B00856KVSW,4.5,4
B002D4OMO6,4.5,4
B0017JT7KC,4.0,4
B00ATFDRDI,4.5,4
B0009BH7RO,4.25,4
B000VON97G,5.0,4
B000EYFTNK,4.25,4
B005K0LWS4,5.0,4
B000I30HXE,5.0,4
B0085UPTVM,4.75,4
B000VOJLYG,4.25,4
B0017QK830,4.0,4
B004TB2OFA,4.0,4
B0017QK9AW,5.0,4
B0055AIR96,5.0,4
B009VIM99C,5.0,4
B0017QL48I,5.0,4
B005K0OFTW,4.5,4
B000AUWZRQ,4.5,4
B00CQ1P1E6,4.0,4
B003PN22FA,4.0,4
B004WKI7CM,4.75,4
B004TBMID8,4.0,4
B0017JTF7C,4.5,4
B0017JTEZK,4.0,4
B000C230WG,5.0,4
B006LXPRBM,4.25,4
B002D48QLG,4.25,4
B003Q8TJ50,4.0,4
B000OGBOKK,4.0,4
B000KYW2MA,4.25,4
B00H6CCB3Y,5.0,4
B0017QFNN0,4.0,4
B003Q8U1WK,4.25,4
B0017JTBVM,5.0,4
B00DRF8E8A,4.75,4
B003PNC9WQ,4.75,4
B004WGN15O,4.75,4
B006LYMNJU,4.75,4
B0017JTADQ,4.0,4
B0085UPJY4,5.0,4
B0017QK4DO,4.0,4
B0085VZYSO,4.5,4
B000C1VW1S,5.0,4
B003PM6KNQ,4.25,4
B00ATB8MGE,4.25,4
B006KH5C5K,4.0,4
B00DRHJFRW,5.0,4
B000AUV4B4,5.0,4
B002D4KJRK,4.75,4
B00FKL3A8S,4.75,4
B008YZC1FK,4.5,4
B002D4L2D0,4.5,4
B00DQN8DSE,4.75,4
B002C8BVCY,4.75,4
B0017IE2US,5.0,4
B000VONAZ2,4.0,4
B00ATB1ISS,4.75,4
B00DQMNE3Y,4.5,4
B000E7YKB4,5.0,4
B00DQMDY7U,5.0,4
B002C8TXHO,5.0,4
B0085X4E1A,4.25,4
B00FIZGN2Q,4.0,4
B0085WGDI8,4.0,4
B003761K6C,5.0,4
B004TB5CG8,4.0,4
B000KYXEBI,4.5,4
B006M174X2,5.0,4
B006KL9R8O,5.0,4
B0017JP7YC,4.5,4
B003QA25ZO,4.5,4
B004WG5IEQ,4.75,4
B00B5MFRXM,4.75,4
B00I0XW3P4,5.0,4
B000VOJGBO,4.75,4
B0055A4DOO,5.0,4
B005JRTFNC,4.0,4
B005K166VQ,5.0,4
B000L1WRT0,4.25,4
B00182ZN10,4.25,4
B006N9SRRA,4.25,4
B0037W8DZC,4.5,4
B00168LXN8,4.0,4
B00DNPGNN2,4.5,4
B006GXOV1O,4.5,4
B0055UYKDS,4.75,4
B003S1Q85E,4.5,4
B002GPJEK4,4.0,4
B0018C0MGG,4.0,4
B006GWEYD0,5.0,4
B00FNGSDJ6,5.0,4
B002GPV0PQ,4.75,4
B0018C0MM0,4.75,4
B005JDPKGC,4.25,4
B0047S9NUE,4.0,4
B003ZHL47S,4.25,4
B0018C1EO0,5.0,4
B00AE90TW6,5.0,4
B00168NJJO,4.75,4
B009X04T6O,4.25,4
B00CQNM4OE,4.5,4
B00DNRXN2E,4.25,4
B0036XSU9G,4.5,4
B0087MS5AK,4.25,4
B000O5WCMA,4.25,4
B004I3UAE6,4.75,4
B002GN7WBE,5.0,4
B00B5IFGKU,4.25,4
B00169G0I0,5.0,4
B0054S63JA,5.0,4
B00005V5OV,5.0,4
B0037W4MOS,5.0,4
B00FNGS71A,4.5,4
B0087O5XDA,4.25,4
B000GHVIGW,5.0,4
B008XU8UA6,4.5,4
B000F2HW5O,4.25,4
B002GKYH1A,5.0,4
B006OFUIFC,4.5,4
B0037XVLQY,5.0,4
B002GV0UM4,4.5,4
B004TMA2R6,4.25,4
B000HVWK0U,4.0,4
B00DNK5FPY,4.75,4
B00ASPXXZG,4.0,4
B00GMCV84C,4.0,4
B0049B0G6O,4.0,4
B00BH4OS6U,4.0,4
B00FNIBZIA,5.0,4
B002GYKD1Y,5.0,4
B002AUCNZI,4.25,4
B00167NX8C,5.0,4
B006GVOFR6,5.0,4
B003ZHL1DU,5.0,4
B006GV8CK2,4.0,4
B00DNLLWCI,4.0,4
B006GUUBHK,5.0,4
B003OWURNG,4.0,4
B006GUSBHC,5.0,4
B0049ATUIK,4.5,4
B006GUBLPG,4.0,4
B0036VVLTY,4.5,4
B00CB21G08,4.0,4
B002GSYIUW,5.0,4
B00ASQFN58,4.0,4
B0054RK0Q8,5.0,4
B004I3WDNC,4.0,4
B002GT8TF6,4.75,4
B00AE8ZDQO,4.75,4
B00167SNVY,5.0,4
B0087MNURI,4.0,4
B000095S95,4.0,4
B0036Z2OHI,4.75,4
B00FN57FZU,5.0,4
B0036Z052E,4.5,4
B00DO70AT2,4.0,4
B005KYNJ9A,4.75,4
B003RY6ILG,5.0,4
B0037USPW0,4.75,4
B002GEC2ZO,4.25,4
B006O71FZM,4.5,4
B000FZZ49C,4.0,4
B002B5AY30,4.25,4
B00032OQBY,5.0,4
B000C1VWJK,5.0,4
B00FN5SKAY,5.0,4
B00FN5VV32,4.75,4
B0087HVEPS,5.0,4
B0090P2G6C,4.75,4
B000O6460U,4.5,4
B004MDRDU6,4.0,4
B0016BKS5E,5.0,4
B005KXWKDC,4.0,4
B008Y1K638,4.0,4
B005KYNCS8,4.75,4
B0084ETFYG,5.0,4
B00DOAI1MM,5.0,4
B0054U9RXC,4.0,4
B000O6CMX8,4.75,4
B004I12B8G,4.75,4
B000O6AQ7W,4.0,4
B000L6D0A0,4.5,4
B0087HWF0Q,4.5,4
B000E9FRCI,4.25,4
B006H4GLIS,5.0,4
B002B4LUAM,4.0,4
B002GK1PW4,5.0,4
B00169XQH8,5.0,4
B000HX2KBM,4.75,4
B000ORM5G6,4.5,4
B00B5J9Y2K,4.0,4
B00849C5SE,4.75,4
B008486OLO,4.75,4
B0055UJLFK,4.75,4
B0036XUZ08,5.0,4
B0018BYLM8,4.0,4
B003S0ULI0,4.0,4
B00BPYK9BU,4.0,4
B002GKTXA0,4.75,4
B00169M1P6,5.0,4
B006H4NG40,4.0,4
B000ORGS14,4.5,4
B000ORLUFS,4.0,4
B0084AEA8Q,4.0,4
B002GHWLWU,4.25,4
B00FN63S6Y,4.0,4
B006O8EKH6,5.0,4
B00DNXCT5U,4.75,4
B009WXPVJG,5.0,4
B000ORHCE6,4.0,4
B004HCC9EC,5.0,4
B000VKCOR6,5.0,4
B00FN68IA0,4.75,4
B0054TBRSG,4.25,4
B000G014OK,4.5,4
B000ORIE4S,4.75,4
B000094DV5,4.25,4
B004HCA4QC,4.5,4
B0016A1XBS,4.5,4
B006H4NRAS,4.75,4
B000ORULRG,5.0,4
B002GYSCO4,4.75,4
B009UFS09E,5.0,4
B004N2216M,4.25,4
B006GG2AIM,4.5,4
B00FNRMOV8,4.5,4
B002H6YUF6,5.0,4
B0054P0WYA,4.75,4
B004MB3KT6,5.0,4
B000VUWXTU,4.5,4
B0054O3EB4,4.0,4
B004MAXGS2,4.0,4
B002AMUI8A,4.0,4
B00163H9P4,5.0,4
B003ZH5B36,5.0,4
B00IOVOLJI,4.75,4
B000I6R99Q,4.25,4
B0087XSIHO,4.75,4
B002AMUGTQ,5.0,4
B001620I9Y,5.0,4
B00C94GX3I,4.0,4
B00842FKZ6,4.25,4
B00161KXKE,4.75,4
B000G0KAD6,4.75,4
B0087VYA0U,4.5,4
B00HK0UOT0,4.0,4
B003ZSG9RC,4.0,4
B008XM6B14,4.75,4
B0037ZCASA,4.25,4
B00FG2J1SY,4.75,4
B00163URB2,5.0,4
B0018DQ1HY,5.0,4
B00BPN42J6,4.25,4
B006GH6WY4,4.0,4
B00163QVTY,4.0,4
B00K9M89L6,4.5,4
B000E9ULYM,4.0,4
B008XM3TB4,5.0,4
B000GHVH40,4.0,4
B004TMOW36,5.0,4
B006OR6SSG,4.25,4
B00163PNIY,4.5,4
B0008MFI48,4.0,4
B006ORZ0RG,4.75,4
B000VIMV4E,5.0,4
B0036Q94CU,5.0,4
B004MAL13O,5.0,4
B000L7QB3M,4.0,4
B006GBNIBA,5.0,4
B002HEW84I,4.5,4
B002AMUGFU,4.5,4
B000FU0WD0,4.5,4
B000O3I87K,4.0,4
B00BH4J2WA,4.75,4
B00161D5LS,4.25,4
B0000A605J,4.0,4
B003SEHPBC,4.75,4
B00FNWPLMC,4.25,4
B0018HNEA2,4.0,4
B008XKEECY,4.25,4
B003OR5N26,5.0,4
B003OQY5NA,4.0,4
B003SEO0SI,4.75,4
B002HEW7W6,5.0,4
B00161JKGW,4.5,4
B0018GY164,5.0,4
B00BVXJG7I,4.0,4
B006OWNNDE,5.0,4
B0087Y7PHM,4.5,4
B0054MSA60,4.75,4
B006GEBW8S,4.75,4
B002AMUGOG,5.0,4
B004N2JW32,4.25,4
B00161HFFU,5.0,4
B000O3PL84,4.0,4
B000HTYVIG,4.0,4
B0054MS9A2,4.25,4
B000O3P0JE,5.0,4
B0036PZF9C,4.25,4
B0087ZT7W2,4.25,4
B0047PMSAY,4.0,4
B001641K76,5.0,4
B0087TVKXW,4.0,4
B00HLNXTPM,4.5,4
B009UFF4R0,5.0,4
B009X4145E,4.75,4
B00ASOODM4,4.5,4
B00B5HMO88,4.0,4
B002GZT5R6,5.0,4
B0004PYUPW,5.0,4
B00C9DYQVA,4.75,4
B004TMNOQW,4.75,4
B002GZU56G,4.0,4
B00DNJ7JG8,5.0,4
B002ARQLX6,4.5,4
B004MBP2F6,5.0,4
B00061SY2Y,5.0,4
B002GZYCAQ,4.75,4
B004N1FRE6,5.0,4
B00846JEGS,4.25,4
B006GPTJFA,5.0,4
B000VJ3BVA,5.0,4
B002AS0Z7S,4.75,4
B0054R4BRM,4.25,4
B0054R601M,4.5,4
B003OUKPNK,4.75,4
B0054R5ONW,5.0,4
B00846ZBT2,4.0,4
B002GZCL8G,5.0,4
B006GRUAOW,4.5,4
B0036UU5UG,5.0,4
B00846Z1AQ,5.0,4
B00FNJ1AVG,4.75,4
B00005UF3C,5.0,4
B0049BFR40,5.0,4
B003S6AX14,4.0,4
B00C9EESXU,4.75,4
B004TMO3FI,4.0,4
B00DNHNZ8Q,4.75,4
B002H00CD6,5.0,4
B004SSGVAS,4.75,4
B0036S4694,4.0,4
B002H3H5PQ,4.5,4
B00FG3B8ZM,4.5,4
B0036RP504,4.75,4
B00005T7D0,5.0,4
B0049CCP12,4.5,4
B005JDFZQM,5.0,4
B00IOW1816,5.0,4
B003ZH74JA,5.0,4
B002H58RRE,5.0,4
B002H59ZES,5.0,4
B004H9PDOI,4.25,4
B009U9SXP6,5.0,4
B00005RV5Z,5.0,4
B000VIVDG6,4.5,4
B0036R8WQI,4.5,4
B006OP4RPO,5.0,4
B000L6MJ9I,4.5,4
B00FNP40QC,5.0,4
B000ORUQD0,4.75,4
B00C9BS9PG,4.25,4
B00009OL72,4.25,4
B004W9WJL8,4.75,4
B000AQQCMY,5.0,4
B004N1Q0LA,5.0,4
B0002TMC3M,4.25,4
B006GLF2M8,4.75,4
B0018DE6BC,4.25,4
B0036SKPR6,5.0,4
B009X623AC,4.75,4
B002AQCHQM,5.0,4
B00JEGHE1E,4.25,4
B002H0YLWO,4.75,4
B00005T7D1,5.0,4
B00164NR0E,5.0,4
B0084EYVY0,4.25,4
B000VUTFKA,4.5,4
B009WI2PHM,5.0,4
B000GHWUSW,4.0,4
B0054Y2AAA,4.5,4
B0086ZQ2B2,4.25,4
B00K9ZO4XU,5.0,4
B00AEG9HCC,4.0,4
B004MXQ9L0,4.75,4
B006IB47BS,4.5,4
B00ATR8XHG,5.0,4
B000VSDKIK,4.0,4
B004MJVVBC,5.0,4
B000VSDSK0,4.75,4
B004MJU5GY,4.75,4
B0054Y24PG,4.0,4
B006NJMQ7M,5.0,4
B000VLG28W,5.0,4
B000VSFQH8,4.0,4
B000I6IFSK,4.5,4
B003P645CU,4.0,4
B0002Z90FE,4.75,4
B002BMREKY,5.0,4
B000VS9TWG,4.0,4
B0084P63FE,4.25,4
B006NFBC4Y,5.0,4
B008YBZZ6G,4.25,4
B00ASX6UYO,5.0,4
B0016NJG1O,4.75,4
B0016N953S,5.0,4
B00ASWQX8I,4.5,4
B00CPBRE2E,4.75,4
B006NGHV5W,4.25,4
B000VSA5EM,4.25,4
B000EVKYE2,5.0,4
B00JE26DC4,4.5,4
B0055Q6L7K,4.0,4
B004HXMEOQ,4.5,4
B0002ZH8FS,4.0,4
B00JE2T89Y,4.5,4
B000VL44J6,4.25,4
B0016LBX1C,5.0,4
B00871KN4C,5.0,4
B0084KMT7A,5.0,4
B005JFVX4S,4.75,4
B0054Y1VPA,4.75,4
B000063WTU,4.5,4
B009WQVCSW,5.0,4
B0016L3PDG,4.75,4
B006HVFDHQ,4.25,4
B006NOGHZY,4.0,4
B004YTGMSM,5.0,4
B000931VOC,4.5,4
B0048ZKEN6,4.0,4
B0016LOL2U,4.0,4
B0047YXI18,4.25,4
B002FDEWHW,5.0,4
B006I33XCK,4.0,4
B009UV46AU,4.5,4
B000VSFQPU,4.75,4
B006I33T24,5.0,4
B00FGYV5WW,4.0,4
B003RD5T7Q,4.75,4
B00DP3ADXI,5.0,4
B003723PKU,4.75,4
B00JE26EFU,4.75,4
B0016LTX6E,4.0,4
B003RDMJFG,5.0,4
B00187ZIBA,4.0,4
B00AF9D60M,4.75,4
B002FCOB1K,5.0,4
B005JFVXTI,4.5,4
B003RDPQII,5.0,4
B0084P895Q,4.5,4
B0054Y2C30,4.0,4
B003RSJU76,4.0,4
B0047ZXVAA,4.75,4
B006ISWUJW,4.5,4
B00AEII85C,5.0,4
B000VRMUSM,4.0,4
B0086U5D4E,5.0,4
B00DPF4KEO,4.25,4
B00KAH20L0,4.0,4
B000I6H0HC,5.0,4
B0086U9I8G,4.25,4
B00BHKY9Y0,4.25,4
B003754OIY,4.75,4
B00JE26BK8,5.0,4
B006NANG5C,5.0,4
B00DSIXS6O,4.5,4
B00BI4HTTW,4.5,4
B00HKL8VEO,5.0,4
B004Z0SWSI,4.25,4
B0084TIWJU,4.25,4
B00I49DYXO,5.0,4
B003ZKENO6,5.0,4
B00GLF6N68,5.0,4
B0016Q3NYW,4.5,4
B0016QYRU6,4.25,4
B0084UGGWO,5.0,4
B003ZS8MGS,5.0,4
B000O8AGKM,4.0,4
B009V0YJTS,5.0,4
B0016QAYWG,4.75,4
B0086P1SVQ,4.25,4
B002ETFZIC,4.5,4
B00BHLBA4G,4.0,4
B000HZFVXO,4.0,4
B0016Q3XLA,4.0,4
B000C1VWD6,4.0,4
B00CQASCRU,4.25,4
B00JE26BAI,4.25,4
B006NBAT1U,4.75,4
B004MXOSC2,4.0,4
B0016OKDUQ,5.0,4
B0054Y2H1W,5.0,4
B004TGZD94,4.75,4
B000OO7HZI,4.5,4
B000067O3J,4.25,4
B0002Z901S,4.5,4
B000OOIX7E,4.0,4
B0055PJXJE,4.0,4
B0002Z9068,5.0,4
B0037MMJIY,4.25,4
B002BPW71W,5.0,4
B000KU5YKG,4.5,4
B002F59Z5O,4.25,4
B0047ZLHJM,4.75,4
B00JE26CJI,5.0,4
B0002VHOBK,4.5,4
B005JIXIAC,4.75,4
B00JE26D9W,5.0,4
B0002VGLFU,4.0,4
B004MWTWE2,4.5,4
B004Z0V2LC,4.0,4
B000GHVIV2,5.0,4
B009UZ9GNS,4.0,4
B006ILBMEI,4.25,4
B004MWHUGY,4.5,4
B002F3RDZK,4.5,4
B00IA8JA1O,4.25,4
B000GWNAU4,4.5,4
B00BHKNT64,4.0,4
B0048ZGEJY,4.0,4
B006ILBJD2,5.0,4
B008YD2F0I,4.25,4
B00185NNS2,4.75,4
B0084QK08O,4.0,4
B002F3TQQO,4.75,4
B002F3WZXK,4.5,4
B009WJTL1O,4.5,4
B008YCTYNU,4.0,4
B0086WK4XC,4.0,4
B004Z0V1MW,4.75,4
B004THBGMG,5.0,4
B0036ZKZ6U,4.75,4
B0037SN2IE,4.5,4
B00FMXLW8O,4.75,4
B00006372R,4.5,4
B0055SXZK4,4.25,4
B0036ZHXO2,5.0,4
B002FZFPOY,5.0,4
B004HDVHR6,4.75,4
B00BHHIMZU,5.0,4
B0037SNAY0,4.5,4
B0016HBOM4,5.0,4
B008Y3IV1A,5.0,4
B0036ZDWQK,4.75,4
B004MFKZ5Y,4.0,4
B006HGFRYA,4.25,4
B00BHH2MOW,5.0,4
B0049505UM,4.75,4
B002G0WOVU,4.25,4
B0018BD0JI,4.0,4
B0016GH4OM,5.0,4
B000E9DWRU,4.0,4
B00BQH6I3O,5.0,4
B00FMX2A0S,5.0,4
B00FGLRBDM,4.5,4
B000VTVD88,4.75,4
B00JE3MW1E,4.75,4
B002BA9WEC,4.0,4
B0047WKH28,5.0,4
B00JE3MXKY,5.0,4
B000C1VTVG,5.0,4
B000O7GC60,4.75,4
B0036ZRNFG,4.75,4
B00HLH3UZW,5.0,4
B0084HAC9K,5.0,4
B00BPPIQZK,4.5,4
B000OQSZPM,4.5,4
B0016IQWNO,4.75,4
B0084H2PVS,5.0,4
B00BQH03US,4.5,4
B00DSR9U8A,4.25,4
B0018AY64M,4.75,4
B0037SLMCM,4.5,4
B00875D5X4,5.0,4
B0016G1PY2,5.0,4
B0042YWAQ2,5.0,4
B002G4W1U0,4.0,4
B002B6ZEHK,4.0,4
B000EVIV42,4.5,4
B0055TA2S6,4.5,4
B00FGJA62W,4.5,4
B00GKZVUNA,4.75,4
B002G5F6LA,4.0,4
B000O70LVM,4.0,4
B002G5J83W,5.0,4
B0084FC6PU,4.75,4
B00879RU8G,5.0,4
B004308YTM,4.5,4
B000B5RYU8,4.0,4
B0037U2986,4.75,4
B008Y2725W,4.75,4
B003OYU55O,5.0,4
B0054Y0CZ0,5.0,4
B005KXQL78,4.5,4
B00FN3KF18,4.25,4
B004WLM6KU,4.5,4
B004Z1L11C,4.75,4
B0084FGAO8,4.5,4
B0016G0E8U,4.25,4
B00092M2WI,4.75,4
B000O76UQM,5.0,4
B000OQZX48,5.0,4
B0047VSWWG,4.5,4
B006O1GD32,5.0,4
B0000636YL,4.0,4
B004MF7CAU,4.5,4
B00FN1PWOU,4.0,4
B000HX6K18,4.25,4
B006O262QO,5.0,4
B002B8K66M,4.0,4
B003RQTBX6,4.75,4
B00879RN1A,5.0,4
B0084FGB24,4.5,4
B004966QCM,4.0,4
B00879RP0E,5.0,4
B00B5K5VB2,5.0,4
B0036ZSYZE,5.0,4
B003P16Y5G,5.0,4
B00B1PQLAG,4.0,4
B002BDHQ0Q,4.5,4
B0054Y1FWO,5.0,4
B006HNI09W,4.0,4
B00B1PQRUK,4.5,4
B0042Z8FVK,4.75,4
B00CAWLOG0,5.0,4
B00JE3MTVM,4.0,4
B0016K7D0I,4.5,4
B00BHHSYLW,5.0,4
B003ZSCMIM,4.25,4
B00ATT02BE,5.0,4
B004MGXIWK,4.0,4
B000EVKXAM,4.75,4
B006HL80JE,5.0,4
B008Y5QKLQ,5.0,4
B0084HWJ50,4.5,4
B000OPT54S,4.75,4
B006HKYD1Y,5.0,4
B0036ZSZFI,5.0,4
B000L53IXA,4.0,4
B0090FZZ4C,5.0,4
B00C1BVZ2I,4.5,4
B002FKOAYK,4.75,4
B0054Y1KO2,5.0,4
B0054Y1KBA,4.25,4
B00ATS4WB6,4.0,4
B00H7IR28G,4.75,4
B000063JED,5.0,4
B00DOTYB4K,4.5,4
B006HSRFHU,5.0,4
B000063JE7,5.0,4
B00872H5OW,4.5,4
B00DOTTNHU,5.0,4
B006NSO9Q4,4.0,4
B000I6KTTI,4.75,4
B002FRJKLG,5.0,4
B00JE3MVCO,5.0,4
B005KSVT8E,5.0,4
B00ATT5E5I,4.75,4
B002FRK8RG,4.25,4
B002FRL1G8,4.25,4
B002FRMJG4,5.0,4
B002FRQ5QO,4.0,4
B003RKXL1A,4.25,4
B000301XL2,4.0,4
B00FGO90O2,4.5,4
B002FSUHXU,4.75,4
B000OQBQQC,4.5,4
B0009ERBWW,4.75,4
B0016J2WV4,4.5,4
B00JE3MUMK,4.75,4
B0016J9ZUU,5.0,4
B00DSPJB5E,4.0,4
B0047WY39G,4.75,4
B000FV8BJG,4.0,4
B006NTA9T4,5.0,4
B0084HT2QE,5.0,4
B000063D0N,5.0,4
B009WSJ3LI,5.0,4
B006HK75JQ,4.25,4
B000VTTC2C,4.5,4
B0049475WE,4.75,4
B0084HS22Y,4.5,4
B0084HR8O2,4.0,4
B006NUUYMU,4.75,4
B0003009W6,4.0,4
B0090GWJWM,4.5,4
B001IE93D2,4.75,4
B0035Y80I2,5.0,4
B00CXGGMYW,4.5,4
B00110OKH2,4.75,4
B003WLA9Q4,5.0,4
B0051878GU,5.0,4
B00ICCX9ME,5.0,4
B00110Q8WW,5.0,4
B000M88BP6,4.5,4
B00AAROXV0,4.75,4
B005WYGWC4,4.75,4
B002UEF9AA,4.5,4
B005X0VN08,4.0,4
B000M83750,4.5,4
B00110S2WQ,4.0,4
B002UE72LY,4.75,4
B003WLK0ZO,4.75,4
B004ZRLCVA,4.0,4
B00518N0GC,4.5,4
B002UEKE4G,5.0,4
B00BFMRUIW,4.0,4
B000N2Q5VI,5.0,4
B00C51K5N4,4.25,4
B002UEIJ1G,5.0,4
B00G3KG8HA,5.0,4
B005WXZXMA,4.0,4
B002UEIDOY,5.0,4
B005WXDAQG,4.0,4
B0006PWFNE,5.0,4
B004L04Z56,4.5,4
B0007P6DR2,5.0,4
B002UDZSDY,4.25,4
B0007P6GPG,5.0,4
B000N36L3E,4.0,4
B005X5L1KK,4.0,4
B00A6JR9DG,4.5,4
B00CXGGH56,5.0,4
B004K0OC7S,4.25,4
B005OT1UCE,4.75,4
B008IG9O5A,4.5,4
B000BIRDGK,4.25,4
B00D58YWVM,4.5,4
B005X6NMT2,4.5,4
B003WKWDXM,4.0,4
B00518M3WE,4.25,4
B00111I5ZY,5.0,4
B008IG7ARY,4.25,4
B002UD52G2,4.75,4
B008QNILT0,5.0,4
B001115TPS,4.75,4
B00GER5M1A,4.5,4
B00J3HO3VI,4.25,4
B008IG9NK6,4.75,4
B002UDXTNA,4.75,4
B008IJO1LO,4.75,4
B000M8HPJE,4.25,4
B002UJOHE4,4.0,4
B00KT11OWI,5.0,4
B008J0HHXQ,5.0,4
B00B2BE0KC,5.0,4
B0010XIOZE,4.75,4
B0030T18CC,4.5,4
B000EHJS8O,4.0,4
B000H391V4,4.0,4
B002UJIWFE,4.5,4
B000N2OE9I,4.0,4
B0030PMHZ8,5.0,4
B002UKP0TE,4.0,4
B004KZHZ3G,4.75,4
B002UKP11G,4.25,4
B008QDGY3U,5.0,4
B000N2ODF8,4.0,4
B0010WNAY0,5.0,4
9790779976,4.0,4
B000N2OD7G,4.0,4
B0006Q06JS,4.0,4
B0043VW55K,4.0,4
B003WQT686,4.25,4
B002UJ12JW,4.5,4
B00C517LO0,5.0,4
B0007OERNA,4.0,4
B0010ZIJ02,4.25,4
B00G3KR33I,4.25,4
B00HDDP45S,4.0,4
B00CXK3ZFM,4.75,4
B00KSOK134,4.0,4
B004V3T8NM,5.0,4
B0010Y1MF2,4.0,4
B005WUUV5C,5.0,4
B00BSTYBZ2,4.5,4
B008IM6PAG,4.5,4
B00110248O,4.75,4
B008IJTP8S,4.25,4
B002UEQEVI,5.0,4
B002UFATB8,5.0,4
B00C2SIY42,4.25,4
B000N2ONJE,4.0,4
B005WPRQ6E,4.0,4
B000EODWTS,5.0,4
B002UH6EI8,5.0,4
B00515I0P6,4.25,4
B005WOIX3A,5.0,4
B00G3M5QYO,5.0,4
B002UIDZEI,4.0,4
B005WOINXU,4.75,4
B008IEG8CO,4.5,4
B002U75N7G,4.25,4
B00FZC84GA,4.5,4
B003W9ABV4,4.75,4
B00BU6IR2Q,4.75,4
B003W9ED40,4.75,4
B008I2BOMA,4.5,4
B003156NMA,4.0,4
B000N4CNOY,5.0,4
B0006PRUZC,4.5,4
B0006PRUYS,5.0,4
B005XEILJU,5.0,4
B00B3DJK7W,4.5,4
B00B3D75D8,4.0,4
B00A6FPQB2,4.0,4
B00C5AHT84,4.0,4
B00HD2F75Q,4.0,4
B002TV4BK8,5.0,4
B008I437MI,4.25,4
B002TW20LO,4.25,4
B003156GWC,4.5,4
B004V1NMV8,4.75,4
B000M5WI80,4.5,4
B002TSUFBK,4.0,4
B00112DTRM,4.75,4
B0006PLP6C,4.0,4
B003W86XOY,4.25,4
B005OPXQ1G,5.0,4
B003W61DT6,5.0,4
B000BIGOVK,4.75,4
B002TSEWVO,5.0,4
B004JYNIYS,4.75,4
B00D5X0LVC,4.5,4
B00112HRQ6,4.75,4
B003W5F78U,4.75,4
B005OPP4LQ,4.75,4
B005XHYIR6,4.5,4
B00112FLLY,4.0,4
B004L1HYYY,5.0,4
B00112EU3E,4.5,4
B0006PQD1O,4.5,4
B00112E4L2,4.25,4
B003W8ZY1W,4.5,4
B00A66W99S,4.75,4
B003156OJ2,4.5,4
B004UZOU2A,4.5,4
B000WZW22M,4.75,4
B004L146W2,5.0,4
B003YKPNI2,4.0,4
B008QSHZ8S,5.0,4
B005OSAV0W,4.25,4
B005X9OX88,4.5,4
B0030ZRSI4,4.0,4
B0011292Z0,4.0,4
B000X1J6HE,5.0,4
B000N3RNJK,4.5,4
B002U2GR94,4.75,4
B002U2FDAS,4.75,4
B008QV1KB8,4.25,4
B003WGRRV4,4.0,4
B00AYA65SM,4.5,4
B000M68NRO,4.5,4
B0007PCEHA,4.75,4
B004K0KYFM,4.0,4
B002U4J6N6,4.0,4
B002U4OO8I,4.5,4
B005OSOU8Q,4.75,4
B00D5DB93Q,5.0,4
B002U6225I,4.5,4
B001126Y56,4.25,4
B008IEFRXA,4.5,4
B00A6HYYW2,4.75,4
B00518N1KW,5.0,4
B00518N4N6,4.5,4
B005XC1EZU,5.0,4
B008I6K3SW,4.75,4
B00518N3CS,4.0,4
B00112AHIQ,5.0,4
B000H30G36,5.0,4
B00HD6AHPM,4.0,4
B00CXDGHI6,4.0,4
B00112AI0I,4.75,4
B00CXBX4K2,4.75,4
B000X1DKGC,4.5,4
B005XCC2J2,4.0,4
B005OS2EQG,4.75,4
B005OS4M5M,5.0,4
B00C2QRY9K,4.5,4
B000BIPMC2,4.5,4
B008I6X762,4.5,4
B00BFSZXLC,4.0,4
B00BFSZENY,4.25,4
B000N3S9TI,4.5,4
B005XAZLOW,4.25,4
B00310XJGS,4.25,4
B00112AFZG,4.75,4
B00A6GF4WM,5.0,4
B005XANHYI,4.5,4
B00310X1IY,5.0,4
B000EHHLEC,4.0,4
B005WKM8OY,4.0,4
B00BFJ3YMQ,5.0,4
B002UKXV6S,4.25,4
B00AXH4URY,5.0,4
B0010EF9QA,4.5,4
B000C1XGC6,4.5,4
B0045H5KK4,4.0,4
B0050ZIS4K,4.5,4
B000N2LV0I,4.5,4
B008JOKW4I,5.0,4
B002V0BH4K,4.0,4
B0010EPQ9U,5.0,4
B003X3E8D6,5.0,4
B008PR4BZK,4.0,4
B000MALBGU,4.75,4
B005P0MXBY,5.0,4
B00D45K0P8,5.0,4
B004VPXPWK,4.0,4
B003X3I6F2,4.25,4
B0043XG54K,5.0,4
B0006U6HE2,5.0,4
B0006U6HDI,5.0,4
B000N2LTXC,4.5,4
B005VOYVC8,5.0,4
B0050ZJ24U,4.0,4
B005VR2AJG,5.0,4
B005VT7AJ4,5.0,4
B005VTHQ5W,5.0,4
B002UYDI4O,4.25,4
B00BFGB46M,5.0,4
B0010H5OIK,5.0,4
B0010H5SJA,4.25,4
B008JGSY4G,4.5,4
B008JILW8Y,5.0,4
B002UWVNE8,4.75,4
B0030HJDZI,4.0,4
B000MAESRY,4.0,4
B000X92CJA,4.5,4
B005P0BLP8,4.75,4
B0010H1ZWY,4.25,4
B004V42T3C,4.0,4
B008PSSZCO,5.0,4
B0050ZJI3A,4.0,4
B002UZA2X8,5.0,4
B0010H0QKG,4.25,4
B005P0ILJW,4.5,4
B005VSTD0O,5.0,4
B004V42VJY,5.0,4
B00AXF1754,4.0,4
B005VS5DPS,5.0,4
B008PSSOWU,4.75,4
B008JUE09K,4.5,4
B008K5UFSO,5.0,4
B002VBRPYK,5.0,4
B00G65COCU,4.5,4
B0007KHD76,4.25,4
B003X4IL60,5.0,4
B005VEE32G,4.75,4
B005P0RV8O,5.0,4
B000N2KUFU,4.0,4
B004K8TGYY,4.0,4
B000XATJOA,4.0,4
B002VBA5HY,4.75,4
B000XAXDO2,4.0,4
B00AXJ9QI0,5.0,4
B00104U2Z8,4.0,4
B000GCY2MO,5.0,4
B002VBVC4Y,4.25,4
B00A76MGWW,5.0,4
B00D3ZJDCA,4.75,4
B004KTJ6XE,5.0,4
B000GCZYJ4,4.25,4
B005VEDSJU,4.5,4
B00HGNJSCA,5.0,4
B002VCU4TM,4.25,4
B00103MAP4,4.5,4
B0030FP6XS,4.5,4
B003X4H2HO,4.5,4
B000XASYCI,4.25,4
B002VA0ZUW,4.75,4
B0045F9FGQ,4.5,4
B005P0NT4Y,4.0,4
B000XASZ6S,5.0,4
9790773749,5.0,4
B000N2KV7W,5.0,4
B0043YDTPM,4.0,4
B005VIIH1A,4.0,4
B005P0NETE,4.75,4
B003X4D2H8,5.0,4
B002V806AI,4.75,4
B00BDTGJXY,4.25,4
B0045F6J9M,4.0,4
B003X4G3E2,4.0,4
B000C1Z688,5.0,4
B008PO5ECW,5.0,4
B00BFDP0GA,5.0,4
B00KWL83Q0,4.25,4
9790773463,4.75,4
B000MAOE5A,4.0,4
B0030FXYWI,4.25,4
B005P0Q2PM,5.0,4
B003X4G7DY,5.0,4
B004K74IM0,4.25,4
B0030HMG0W,4.25,4
B005VTTO52,5.0,4
B00B3A0D4O,4.25,4
B00A6VJ6Q2,4.5,4
B004K4LF2O,4.25,4
B008Q8XJKQ,5.0,4
B000GCWQOU,4.25,4
B003YJ772S,4.75,4
B005WCYUY8,5.0,4
B005WDMR7O,5.0,4
B000N2O222,5.0,4
B000X4J30G,4.25,4
B002UNAXPC,4.0,4
B004KXNSGQ,4.25,4
B004V420Y0,4.75,4
B000N2N660,5.0,4
B003WSL7TA,5.0,4
B00BSWJOTM,5.0,4
B000M9F25W,4.0,4
B00D53FWCA,4.75,4
B002UOPDMO,5.0,4
B00IC9YX6I,5.0,4
B0010SUG8W,4.75,4
B0030JE95A,5.0,4
B0010SXJ5O,4.0,4
B000N2N59S,4.5,4
B00AX7ID1S,5.0,4
B000X40WC4,4.5,4
B008J3NFR0,4.0,4
B008J3AZSC,5.0,4
B005WKCZUQ,4.25,4
B008J2K13W,4.0,4
B000N2OC5Y,5.0,4
B0010VH592,5.0,4
B0006Q3W62,5.0,4
B000X3IWT0,5.0,4
B002UL10S8,4.0,4
B004VRRKSS,4.0,4
B003WRJRC0,4.25,4
B0030MKLAY,4.75,4
B000N2O5HO,5.0,4
B0030MCG98,4.0,4
B008J4XMWW,4.0,4
B00HDO04X4,5.0,4
B005WG120E,4.25,4
B00D58LSS2,5.0,4
B002ULCGJA,5.0,4
B002ULCGUO,4.25,4
B008J51ITU,4.75,4
B002UPVPLG,4.25,4
B000BIUGXC,4.0,4
B0010LTP2C,4.75,4
B000BIXP44,4.25,4
B000EO89QE,4.5,4
B005VZYMGC,4.25,4
B002UTXQOQ,4.75,4
B00B35QBMW,4.25,4
B000X8YO1U,4.0,4
B003WY1TO2,4.25,4
B005116E8A,5.0,4
B002UUTEIC,4.5,4
B000X8YOA6,4.25,4
B004KVWRNI,5.0,4
B0007L8324,4.75,4
B005P079XQ,4.75,4
B000X8YOGU,5.0,4
B0010IKAWE,4.25,4
B005VUMYFI,4.25,4
B003WYJNF4,4.25,4
B008PVBRGW,4.0,4
B003YJ3HGS,4.5,4
B008JF2LB4,4.25,4
B00G4I2VL8,4.5,4
B003WWL2J6,4.5,4
B000N2N3WW,4.75,4
B002URZZ42,4.75,4
B00D50APMU,4.75,4
B00C4UZKLS,4.5,4
B000X4YKV8,4.0,4
9790776810,4.75,4
B00G4I2DLG,4.5,4
B000GG1ZUW,5.0,4
B00513ID6E,4.25,4
B004ZTPJS0,4.5,4
B003WT3D4Q,4.75,4
B00513IR7O,4.75,4
B005W46O1S,5.0,4
B005OZLN84,4.75,4
B00513HJP0,4.5,4
B00BFGUUJE,4.0,4
B003WVMB6K,5.0,4
B004V42A0O,4.75,4
B002USRB5W,4.75,4
9790776403,4.25,4
B005W31DR4,5.0,4
B0051384P4,4.25,4
B0045K62AS,5.0,4
B0010ODCVO,4.5,4
B0010OABW2,4.75,4
B00HCW0W6G,5.0,4
B000M5821C,4.75,4
B000C1W5BY,5.0,4
B00A4KIWHE,4.75,4
B008RJGLPE,5.0,4
B0011UAC7Y,4.0,4
B0045WE9U6,4.0,4
B000GCUY4Y,5.0,4
B000GCUUNO,4.0,4
B005ZRVNEA,4.0,4
B0011UP81O,4.0,4
B008GVNO3K,4.5,4
B000H75D5S,4.5,4
B00HC1EEZM,5.0,4
B002SPWNL4,4.5,4
B002SRC4DO,4.0,4
B00BG0DJDS,4.5,4
B002SPZ1GS,5.0,4
B0011S834K,4.5,4
B0011TPJSW,4.0,4
B0011TPJWS,5.0,4
B002SPXQ2Y,4.5,4
B002SPXABQ,5.0,4
B00A4KWXOW,5.0,4
B00C5XBTT6,4.0,4
B000BGRBOG,5.0,4
B008GVHGB6,4.25,4
B005ZSFEIU,4.25,4
B00A4GY6BO,5.0,4
B005ZUOUMO,5.0,4
B002SKVSMO,4.25,4
B008RLQKR6,5.0,4
B008GTRA0A,5.0,4
B003YMKGZU,4.75,4
B00B3TSDE2,4.25,4
B008RLQM7E,4.25,4
B003VMDVG4,4.0,4
B0031YCIWA,4.75,4
B005ZUYTLG,5.0,4
B0006O2KAS,4.5,4
B0006O2LVG,5.0,4
B0011V2A2I,4.0,4
B000WRZU2E,4.0,4
B004L7EIZG,4.75,4
B002SM7NIU,5.0,4
B002SM9JSW,5.0,4
B004L796XA,4.5,4
B00B3TG16O,4.75,4
B005ZSVXMQ,5.0,4
B005OCT7NK,4.5,4
B0031XLFNE,5.0,4
B008GXGEXA,4.5,4
9790791798,4.0,4
B00BFZY48I,4.5,4
B0043R6WM6,4.5,4
B00G0O393A,5.0,4
B0043R6W44,5.0,4
B0031QWAOE,4.5,4
B0011GEP1W,4.75,4
B005OHS8TO,4.0,4
B00D7C65I4,4.75,4
B008H1H0C0,4.25,4
B0031R5YCI,5.0,4
B004JUS5K4,4.5,4
B0045VW7OW,4.0,4
B00BFZWTSA,4.0,4
B00CWM8CAE,5.0,4
B00BFZS7F4,4.75,4
B000NARTC4,4.25,4
B0031QID5O,5.0,4
B0006OE7TA,5.0,4
B002SR7BI2,4.5,4
B000M2NW6A,4.75,4
B0006OIS86,5.0,4
B0031O5QD8,4.25,4
B003VOWH26,5.0,4
B0031O5Q9W,4.75,4
B0031O48LE,4.75,4
B00D76IOA2,5.0,4
B0006OCD9Q,4.0,4
B00D7CWF9M,4.0,4
B002SPZT38,4.75,4
B00B3R54K0,4.5,4
B0051ONV5Q,4.5,4
B00D7IA7KU,5.0,4
B003YMHDFQ,4.75,4
B0011MQUZA,5.0,4
B008GXPBTS,4.5,4
B000WS8GQU,4.0,4
B0011RYJX0,5.0,4
B004JU08EA,5.0,4
B0011NM8QO,4.0,4
B00A4RMD3Q,4.75,4
B005ZGQLQG,4.75,4
B0007T1KPI,5.0,4
B0011NBNZ6,5.0,4
B004L5YA4W,4.5,4
B008H06DD8,4.75,4
B0031RTWEO,5.0,4
B008H0B9MI,4.75,4
B005ZGGPDU,4.75,4
B0006O2HUG,4.75,4
B00G00L8J6,5.0,4
B004JTOM34,5.0,4
B00FZJ7UV8,4.5,4
B008GE6XDU,4.75,4
B00D8GDL0Y,4.0,4
B002S51CZW,5.0,4
B00D8GSNRU,4.75,4
B0012278AU,4.5,4
B00122AK6Y,4.0,4
B00122CJOK,4.0,4
B002S5KKVO,4.25,4
B0006NZKHY,5.0,4
B00AB5VYAY,4.75,4
B000C1Z9RG,4.0,4
B008GHDWJK,4.25,4
B00A4550YW,4.75,4
B00328RRQC,4.5,4
B002S8ZE0I,4.25,4
B004ZNCF5G,5.0,4
B00AB42KGC,4.5,4
B001214OXA,5.0,4
B00BSE0UUW,5.0,4
B00KO7UZFO,5.0,4
B000NCNATI,5.0,4
B00BSE0W0U,4.0,4
B00AWKHGAK,4.75,4
B004JOVVLA,4.25,4
B008G6U6A4,4.25,4
B00123F02C,5.0,4
B002RZQHC6,4.0,4
B00123MFD4,5.0,4
B002RZD5HQ,5.0,4
B00122I1QA,4.25,4
B004L954ZW,4.0,4
B0007UC7C2,4.0,4
B008RRL8C2,5.0,4
B000NCRHYC,5.0,4
B00C676AKO,4.25,4
B0043R1H58,4.75,4
B00461G67U,5.0,4
B0012384LQ,4.5,4
B00FZEL2N0,4.75,4
B0032AM76K,4.5,4
B004L94XA4,4.5,4
B008G7QM3S,4.5,4
B00FZEO336,4.75,4
B000NCP3L6,4.0,4
B00CW7WDJA,5.0,4
B00122XNQS,4.0,4
B0060K86QO,4.25,4
B00122SXOA,4.75,4
B002S19YII,4.25,4
B00AB66B1K,4.75,4
B00122N7TG,4.0,4
B000C1W2X0,5.0,4
B000C1ZANE,4.25,4
B000H7MW48,5.0,4
B004JTMNQM,4.5,4
B0011Z0FXA,4.75,4
B0011Z0G34,4.75,4
B0011Z2IOO,4.25,4
B002SHPU12,5.0,4
B0006O0VZ4,5.0,4
B003VKZSIK,4.0,4
B000M155Y8,5.0,4
B000WR470K,4.75,4
B003VKYW4G,4.75,4
B0011YZNGU,4.5,4
B005ZXOQZW,4.5,4
B003201F04,5.0,4
B003VL77NS,4.75,4
B002SIKIN6,4.75,4
B00BG14R9C,4.75,4
B005OAVSU2,4.75,4
B0051PM50M,4.25,4
B000H76XA2,5.0,4
B004JTL2KA,4.5,4
B0006O0VYU,4.25,4
B0045YZ9BW,4.75,4
B00607OCLK,5.0,4
B00AB3SE36,4.25,4
B00AWLXFX6,4.0,4
B008GM0XTM,4.0,4
B008RPMS0U,4.5,4
B002SB8UG0,4.5,4
B0060709CQ,5.0,4
B00AB3QKIM,4.5,4
B00324P2KY,4.0,4
B00A48VJM6,4.0,4
B008GN12MI,4.0,4
B000GCUP66,4.75,4
B008GN13GS,4.25,4
B004JSA8R4,5.0,4
B000WR23KG,4.25,4
B003VKRGNU,5.0,4
B0011ZCKX8,5.0,4
B00BG14YD6,4.25,4
B002SRAUF8,5.0,4
B002SRDGIG,4.75,4
B00BFV9Y0U,4.0,4
B00C2MMKDY,4.0,4
B002TA0MQ6,4.75,4
B000WZNI2A,4.75,4
B0011693UA,4.0,4
B00GF28SRY,5.0,4
B004JYENQK,5.0,4
B00116FPXO,5.0,4
B00GF5T32A,5.0,4
B005Y27KLQ,4.5,4
B00D6B8QGK,5.0,4
B0045VSRP0,4.75,4
B00G23OLOU,4.5,4
B0051BSEO2,4.75,4
B00114WA0C,4.5,4
B000WZOGGW,4.5,4
B004JYIHO4,4.0,4
B0007QMONS,5.0,4
B000GCWBTA,4.25,4
B00CX86K0Q,4.75,4
B00115CFC4,4.75,4
B005XYLEZ8,5.0,4
9790786964,5.0,4
B005YD9XJM,5.0,4
B008R91LUO,4.5,4
B00A5X6NFS,4.5,4
B00AATN19S,4.75,4
B003VUYY58,5.0,4
B001181T14,4.5,4
B00BSE67B8,4.5,4
B002T5MA0W,4.75,4
B001183RSW,4.25,4
B005YETUXK,4.0,4
B000BI1Z7I,5.0,4
B0043RMBXK,4.0,4
B008R7HJN4,4.0,4
B000M3XNOK,5.0,4
B004JXT2G2,4.25,4
B0031DK8A0,4.5,4
B004UV22LK,4.25,4
B0051D49MG,4.75,4
B005OLNBGU,4.75,4
B0031DDIPC,5.0,4
B002T72MS0,5.0,4
B0006PJRYY,4.75,4
9790787707,5.0,4
B000N5S0RW,5.0,4
B003W49IYU,4.0,4
B0006PKEZU,5.0,4
B002TKYQUO,4.25,4
B000N5P56Q,4.5,4
B003178IJO,5.0,4
B008HU9KS8,5.0,4
B000GCWD2U,4.0,4
B00G2K662S,5.0,4
B002TLT3A6,4.25,4
B008R1QI78,4.25,4
B00112TIIG,4.25,4
B005XQ89U4,5.0,4
B004UXJ55E,4.0,4
B000M57S7Q,4.0,4
B008R1QFU8,4.0,4
B005XPIEEQ,4.25,4
B000WZR4VQ,4.25,4
B00AATKDVM,4.0,4
B000C1Z77I,5.0,4
B00HCW0VUS,5.0,4
B000WZRD0S,4.75,4
B004UY3DFG,4.0,4
B00113EZ9W,5.0,4
B00C5KVV6A,5.0,4
B005XS46UE,4.25,4
B000BI8O40,5.0,4
B003VZTJ62,4.75,4
B005XRZVQS,4.25,4
B000C1Z79G,4.75,4
B00113MFXK,5.0,4
B000WZP4CC,5.0,4
B00113N6FG,4.5,4
B000EOXQUS,4.0,4
B004L230HI,5.0,4
B005XS38CG,4.0,4
B00113RO5O,5.0,4
B00113Z6UE,5.0,4
B0011403HY,4.0,4
B00A61IP46,4.25,4
B00BFW929M,5.0,4
B00G2G3WYW,4.25,4
B00D62THIA,5.0,4
B003W1JKGY,5.0,4
B000N5QVN2,5.0,4
B003W3DFYU,4.0,4
B00317FVO4,4.0,4
B005XQY3NG,5.0,4
B00113GDWY,4.75,4
B003W3JNDM,4.5,4
B000GG84LU,4.75,4
B000M4XRWW,4.25,4
B002TK06LM,4.0,4
B008HFP44C,5.0,4
B004JXEOWY,4.75,4
B000WUUEJA,4.5,4
B004USSF32,4.0,4
B004L5P1B8,5.0,4
B000BH5IQ8,4.0,4
B00HCA8IUU,5.0,4
B0011DQQRG,4.0,4
B00D6XHH4U,5.0,4
B0011DRT90,5.0,4
B0051I87ZQ,5.0,4
B000WUOGFS,4.5,4
B003VPPNVM,4.5,4
B000EGUJEM,5.0,4
B000BHB4XE,4.0,4
B003YMDWA6,4.0,4
B00IZR25AI,4.5,4
B000N94R5W,4.25,4
B00GFD310W,4.0,4
B004JW0VSQ,4.75,4
B00AWSCXN2,4.75,4
B002SWP3LO,4.5,4
B008H4KO8O,5.0,4
B0051HK2XW,4.0,4
B00B3PEGP6,4.5,4
B005Z4HQMQ,5.0,4
B000WUHLIM,4.75,4
B0007RTXAO,4.25,4
B00J44P7YW,5.0,4
B0011FJP0E,4.0,4
B00J40KIT0,4.25,4
B008H3NGGM,4.0,4
B0011FMEI4,4.0,4
B002SRFQRU,4.0,4
B005Z6APT0,4.25,4
B004JVSHWE,4.5,4
B002SS075K,4.75,4
B000WUL52K,5.0,4
B0031NYIKG,5.0,4
B0011DWIB4,4.75,4
B005Z3RFQY,4.5,4
B0045VI340,4.5,4
B0045VE8J4,4.0,4
B004VU8214,5.0,4
B005Z218T0,4.25,4
B0011DTFI8,4.75,4
B005YRVY7C,4.25,4
B00D6P5PUQ,5.0,4
B005OL0YXS,4.25,4
B008HAWJHW,5.0,4
B0051F37L8,4.75,4
B000WY6KV2,4.75,4
B00AWVQIDK,5.0,4
B000WY5A18,4.5,4
B0011CYFO8,4.5,4
B00AWVLUBU,4.0,4
B0006PIRRW,4.25,4
B003YM7TAU,4.75,4
B00D6KOOBC,4.0,4
B0043RK9G6,4.75,4
B000WZ3Y7E,4.0,4
B0051E38CM,4.0,4
B005YIOKPY,4.25,4
B004UTV3EE,4.25,4
B004UTV6W8,4.75,4
B000WZ8I7K,4.5,4
B005YGFISO,5.0,4
B008R9QZ4Q,4.5,4
B002T5H4BC,5.0,4
B00GF685GO,4.75,4
B00KQCRL90,4.75,4
B004VTWOAA,4.25,4
B00C2JSJQY,4.0,4
B0045U57L8,5.0,4
B000EP16KY,5.0,4
B0011DIXL8,4.5,4
B0031KQ10Y,4.0,4
B000WY1BSY,4.75,4
B000M3KDOS,4.75,4
B008RALJ50,4.5,4
B0011DJFTW,4.25,4
B000C1Z8IQ,5.0,4
B00B3N4KNG,4.25,4
B002SZ4ZMO,4.75,4
9790789513,5.0,4
B005YPIPDA,5.0,4
B0045TXZQ8,4.75,4
B000GG883E,4.25,4
B00AYCP5PO,4.25,4
B00KQASCDG,5.0,4
9790789270,5.0,4
B00B3MFREI,4.75,4
B002T27ITS,4.25,4
B00CWW0M98,5.0,4
B00C4NXOE0,4.25,4
B008K7ZAAU,5.0,4
B00CY464KA,4.5,4
B002XQ1RYM,4.5,4
B00A8P5Q5G,5.0,4
B000XE8ZDC,4.25,4
5357955905,4.75,4
B00BTJNNLO,4.5,4
B000YB6UKY,5.0,4
B004VFMIZU,4.0,4
B00BETY3O0,4.75,4
B008MNLMNQ,4.75,4
B000YB6Q6M,4.75,4
B005SGAFCE,4.75,4
B0007D3BGU,4.5,4
B003XWC8WA,4.25,4
B003XWBZVA,5.0,4
B005SGINSW,4.5,4
B00A8PFN90,4.5,4
B00GD853KA,4.25,4
B002XQ1TBI,5.0,4
B000YB3TP8,4.75,4
B005SHKDWK,4.0,4
B00CZG4HCE,4.5,4
B002ZFR9SE,5.0,4
B005PXIJ8M,5.0,4
B000H3GE6E,4.0,4
B003XUQ3BO,4.25,4
B00A8NV8X2,5.0,4
B000MGWIM0,4.0,4
B000MTJOQK,4.5,4
B002XO9W14,4.75,4
B00GAT40L0,4.0,4
B002ZG8DGU,5.0,4
B002XPLL3A,5.0,4
B004KEOMC4,4.75,4
B00A8O7FGK,4.25,4
B003XUTLZY,5.0,4
B003XUTNC0,4.0,4
B000XE8XBQ,4.25,4
B002XQ1R3S,4.0,4
B000YC4WT4,5.0,4
B000MSS72I,4.75,4
B005SFT3VE,4.0,4
B00BTKSCDC,4.75,4
B00IBVACBM,5.0,4
B00J1THAY0,5.0,4
B00D00MKN2,4.25,4
5357954771,4.5,4
B0007CXWLU,4.5,4
B008OFBKR0,4.75,4
B004KEQP8S,5.0,4
B002XQ1YM2,5.0,4
B008MZAZRI,4.75,4
B003XXPHUO,4.25,4
B005Q2GJ1G,5.0,4
B00A8X2AQ6,4.5,4
B002XQ1YTK,4.0,4
B008MZJDQW,4.0,4
B008MZJEH0,4.0,4
B008MZJF42,4.0,4
B002XQ1XSC,4.0,4
B000Y99DCI,4.5,4
B008OFC3ZS,5.0,4
B00A8Q970K,4.5,4
B000MRDESG,5.0,4
B005PZPVNG,5.0,4
B002XQ1URG,4.75,4
B0007CXWBK,5.0,4
B002XQ1UMQ,4.5,4
B005PZ910U,4.0,4
B002XQ1UE4,5.0,4
5357955786,5.0,4
B008MPCLSE,4.0,4
B00GAYM99A,4.25,4
B000XE9APE,4.25,4
B0050DKLZ6,4.0,4
B004KEQKR4,4.75,4
B00CZRXS2S,4.0,4
B00GB0GO62,4.0,4
B003XWQNGM,5.0,4
B003XWQURE,4.0,4
B000YA33QE,4.0,4
B005S8QLYI,4.75,4
B0044I68AU,5.0,4
B000BO1JJG,5.0,4
B005SRJATC,4.25,4
B00C3LH28C,5.0,4
B0044U7ZD2,5.0,4
B002ZJWDAO,4.5,4
B000H3I0I4,4.75,4
B004KP3TRW,5.0,4
B0044UC3MU,4.0,4
B008MAY65A,4.75,4
B000MFMKL0,4.75,4
B002XDKQQK,4.25,4
B000YIG7ZK,4.25,4
B002ZJWD6I,4.25,4
B004KEOCAQ,5.0,4
B000MUUPLM,5.0,4
B008MBMES0,4.75,4
B000C1Z1I8,5.0,4
B004KP21IA,4.5,4
B00076WYVU,4.75,4
B002ZJL97C,5.0,4
B0050IFLU6,4.75,4
B000GEGEXC,5.0,4
B005PTSU8K,5.0,4
B000XE7Y02,4.75,4
B004VMXZDM,5.0,4
B002ZJCREG,4.5,4
B000YJ0BGA,4.25,4
B000BO3DRC,4.5,4
B00CZC9V9M,5.0,4
B00A86STRC,4.5,4
B000YJXSX8,4.5,4
B000YK9VAG,4.25,4
B0044UO7JC,4.75,4
B00HG5JL66,4.0,4
B00GA1ZNWI,4.0,4
B000YL4BXW,4.25,4
B008MAJ1LY,4.75,4
B0044UPBDS,4.5,4
B000YL8ED0,4.25,4
B00076HMXU,5.0,4
B00B2CWJ8Q,4.0,4
B000YLACAS,4.25,4
B008OLPDS6,4.75,4
B0044UGHN6,4.0,4
B00B2JRFWE,4.75,4
B008OLJW0Q,4.5,4
B0044UFUCU,4.25,4
B00C3MM0GU,4.75,4
B00D1GZRNA,5.0,4
B0044UDCO8,4.0,4
B008MCHD8U,4.25,4
B00HG4NPRS,4.25,4
B005005HVM,4.75,4
B002ZGHGKO,4.25,4
B000YE439Q,4.5,4
B008MIRLMW,4.5,4
B005PVKAYA,4.75,4
B000YFY5J8,4.75,4
B0050034JY,4.25,4
B002XNKM4Q,4.75,4
B002XN5Q1A,4.25,4
B002ZH3ZJO,4.0,4
B002XO46JW,4.75,4
B005ST6UHA,4.0,4
B000YDO3NI,5.0,4
B00BTISWIE,5.0,4
B00D14G3F8,4.5,4
B00CZDLS0Q,5.0,4
B005SRU99C,4.25,4
B002ZG96M0,4.75,4
B000YDILM2,5.0,4
B00D14DNFQ,4.5,4
B005T5D5IA,5.0,4
B000GFWWZA,5.0,4
B003XSC36K,4.0,4
B002XITYM2,5.0,4
B000YGO85I,4.25,4
B004KP04WK,4.0,4
B000YH5QP8,4.5,4
B002XITY9U,5.0,4
B000MUQADY,4.75,4
B000YHG594,4.75,4
B005T5CH2A,4.75,4
B004VMWKRE,4.5,4
B000YGO7H2,5.0,4
B00GDB3KLQ,4.5,4
B00BTHQQ06,4.75,4
B002XITZ2G,4.0,4
B008MEI9GI,4.25,4
B002XITZ58,4.75,4
B0044Q0TWU,5.0,4
B005SWW242,4.75,4
B000XE86F4,4.0,4
B00A8LEIR2,4.0,4
B000YG2NLO,4.0,4
B000MUFKC6,4.0,4
B00GBCWYKK,5.0,4
B00D1UHYQY,5.0,4
B002YQLTTY,5.0,4
B00HFTXXIU,4.5,4
B005QTQD5Q,4.25,4
B000GEZWSU,5.0,4
B002YPLK58,5.0,4
B000BNQ4J2,5.0,4
B00HFTX0DI,4.25,4
B008NGIWS0,5.0,4
B000EMDKOM,5.0,4
B004KF192Y,5.0,4
B000XEDBNG,5.0,4
B003Y7TGMY,4.5,4
B002Z7FSPS,5.0,4
B000BNZW4A,5.0,4
B005QSX7AQ,5.0,4
B002YS4VGK,4.25,4
B005Q8QZ9Q,4.0,4
B003Y7840O,4.75,4
B005QZXMT0,4.75,4
B005QZXN6M,4.75,4
B00D0AJR5G,4.75,4
B005R141GQ,5.0,4
B005R14S6Y,4.75,4
B000XSORAS,4.75,4
B00BECJK1S,4.25,4
B005QZXMLI,4.5,4
B000XSKCJS,4.0,4
B008NCWC3U,4.0,4
B004KEZ9OO,4.75,4
B000XSH94Y,4.0,4
B003YCCM7A,4.25,4
B00507C6DM,4.75,4
B0007CXYB8,4.5,4
B003Y6VVVE,4.25,4
B008NE2SM8,4.5,4
B000XS5HOI,4.0,4
B00GCAO49U,5.0,4
B000XQ5SM6,5.0,4
B000XQ1T1U,5.0,4
B002Z30IQG,4.75,4
B004VLY3BG,4.25,4
B00C30IRZK,4.25,4
B000EMDKN8,4.0,4
B000XEF4PE,4.0,4
B005QG533C,4.0,4
B000XJ91VC,4.25,4
B000MK5OL8,4.0,4
B00AY14PP6,4.5,4
B005QFZIGK,4.75,4
B008NW7DU2,4.75,4
B000XFVVKU,4.5,4
B00502ADXC,4.75,4
B003YBMLUY,5.0,4
B000H3DA2K,4.75,4
B0007CXYUO,5.0,4
B002Z41BEI,5.0,4
B00D0E6X9U,4.75,4
B000EMDK74,4.0,4
B00GCQ9IZ4,4.0,4
B000C1Z1TM,4.0,4
B008NXVIGG,5.0,4
B008NXLTV0,4.5,4
B000XPZ3Y0,5.0,4
B000GF1DX2,4.5,4
B005QP7CLO,4.75,4
B000XPUV7O,4.0,4
B002YZ15ZS,5.0,4
B00D0DH5Y8,4.0,4
B008O5K382,4.25,4
B00GCF7A2S,5.0,4
B00AY0R0NQ,4.5,4
B00A9XPNKU,5.0,4
B000MKKZSU,5.0,4
B0044AOWW4,4.25,4
B008NQJA5E,4.5,4
B000XEDES8,4.0,4
B002Z0QMA0,4.5,4
B004KFY4D0,5.0,4
B008NR4BBQ,4.75,4
B00A9WCSNG,4.0,4
B000XNII1W,4.0,4
B000XML2P2,4.5,4
B00BEEIU3U,4.25,4
B00BEIIOGE,4.25,4
B000EMDKQ0,5.0,4
B000MOLLNY,4.75,4
B002Y1RSJO,5.0,4
B004VI6YSO,4.25,4
B000XEAW2E,5.0,4
B000XYPCPG,4.75,4
B000XEAVXO,4.75,4
B002XYW23E,5.0,4
B002XZWPA8,4.0,4
B000XYRA38,4.5,4
B000XEAUDA,5.0,4
B000XYVBRY,4.75,4
B002XYYVC4,4.5,4
B008N1TF36,4.0,4
B002Y23YGE,4.5,4
B00GBH4OY4,4.5,4
B005RHW2FM,4.75,4
B003YCIAX0,5.0,4
B000MNF7LW,4.75,4
B004KEQTNY,5.0,4
B00D02XO7Q,4.75,4
B002Y26V2I,4.0,4
B004VIUF9S,4.25,4
B008N1UV7A,4.5,4
B00IJMAFI8,4.0,4
B008N1P6JS,4.0,4
B002XUB2NY,4.75,4
B002XVEKV4,5.0,4
B002XYBMX0,4.75,4
B008N0AKGS,5.0,4
B008ODMP6C,4.5,4
B003Y163DU,4.25,4
B000Y03R74,4.5,4
B002XW4EMI,4.75,4
B00B2FXOSC,4.75,4
B004VHY2AM,4.25,4
B00HG2JSUI,5.0,4
B00HFMVIG6,4.75,4
B002XY5UQA,4.75,4
B005Q32JNW,4.0,4
B002Y2L1LE,5.0,4
B008N25B1A,4.0,4
B0044DFJPA,4.5,4
B000EMBK6M,5.0,4
B00D05WBW2,4.25,4
1304622657,4.25,4
B00BTMZDI2,4.25,4
B00J1M09CC,5.0,4
B002YF5YIW,5.0,4
B002YEHMDS,5.0,4
B005R5IQN6,4.0,4
B00A9BJ8TY,5.0,4
B00509C9MI,4.0,4
B00509DTFE,4.25,4
B000XTD866,5.0,4
B000BMCP3M,4.75,4
B008O89D62,4.75,4
B00A9JGO98,5.0,4
B000MIIIXG,4.0,4
B00HG11K46,4.25,4
B002YHTTMM,4.0,4
B000C1Z2I2,5.0,4
B00HFTKNWY,4.5,4
B004KEX6E4,4.25,4
B002Z7FU6A,4.25,4
B000XSTXKW,5.0,4
B002Z7FULU,5.0,4
B005Q7D2RA,5.0,4
B008OBSQLW,4.75,4
B008N3LDDY,4.75,4
B000EMYOA6,4.0,4
B00GBKZLHK,4.75,4
B0007CXXJ6,4.0,4
B00AY05URY,4.25,4
B005RFJXTW,5.0,4
B002Z7FV3M,5.0,4
B000H3ESPI,4.5,4
B005RFLT94,4.5,4
B00C39S0XU,4.5,4
B00GBIRVR0,4.75,4
B002Y60RT2,4.5,4
B005RF964O,4.25,4
B002Y6Z62U,4.25,4
B00GBLC6AO,4.0,4
B008N5EL4K,4.0,4
B00GBLQL6Y,4.75,4
B002Y9L7KM,4.5,4
B0007CXXPA,5.0,4
B00HFS6FF4,5.0,4
B005R9TDHU,4.5,4
B00GBRMBXU,4.25,4
B000EMQEIG,4.0,4
B008M9US4O,5.0,4
B00L5C3MU2,5.0,4
B000MAOWX4,4.5,4
B00G7TWV8C,5.0,4
B000MASTQU,5.0,4
B005UPSQBU,4.0,4
B005P2KE7C,5.0,4
B005UQWWNW,4.75,4
B00C47SIEW,4.5,4
B00CYKGWK6,4.0,4
B00307S82C,5.0,4
B008PCJFTW,4.0,4
B000N2JBWS,4.25,4
B004V48M0Q,4.75,4
B004KS2PKQ,5.0,4
B00D3JEBTG,4.5,4
B000C1Z16K,5.0,4
B000Z939DG,4.5,4
B000N2J0Q0,5.0,4
B005UOUYM0,4.5,4
B004KCT19A,4.0,4
B005UOXL9S,4.25,4
B000Z96LH2,4.0,4
B004V4CAA4,4.0,4
B004V4C1V2,4.5,4
B005UP1AIG,4.0,4
B0050SKJ0S,4.75,4
B00KYWDP1A,5.0,4
B000XDZYVE,4.25,4
B000ZHU3KK,4.75,4
B004ZWH2S2,5.0,4
B002VQYX9K,5.0,4
B002VQBIUW,4.0,4
B00A7F129Q,4.0,4
B005P1O5GE,5.0,4
B002VPJJKY,4.0,4
B005UU0XSO,5.0,4
B005P0YAGK,5.0,4
B004V488ZK,4.25,4
B002VMBCY8,5.0,4
B00309JGDA,4.5,4
B005P2ELRQ,5.0,4
B00308LY1I,4.75,4
B002VRM3OQ,4.75,4
B00308I0I8,4.0,4
B000H5K6QQ,4.5,4
B00BT0DASY,4.0,4
B00HYAPWJI,5.0,4
B0050VHGLA,4.0,4
B005USSVT4,4.75,4
B00A7HCVBC,4.25,4
B0006VSVHW,4.75,4
B000BKPDKQ,4.5,4
B0050QQ0F8,4.75,4
B000Z6I128,4.0,4
B005UIFY08,4.0,4
B005UIVH6S,4.0,4
B002W12BJS,4.25,4
B004415MRC,5.0,4
B000EK05S8,4.25,4
B000XE23H6,4.5,4
B004KEJ3HS,4.0,4
B00G8CJ79Y,5.0,4
B008P2LMYI,4.75,4
B000MC5VM8,4.0,4
B00BF68488,4.5,4
B002W37ACO,4.75,4
B002W3EU22,4.75,4
B008P0QD0S,4.5,4
B00C42M7M6,4.25,4
B000N2EPOC,4.75,4
B008P0LK2E,4.5,4
B00C41XZJQ,4.25,4
B000Z821KO,4.0,4
B00C457QY2,4.25,4
B000Z8XAOA,4.75,4
B004V4HWX4,5.0,4
B004KEICGG,5.0,4
B00C453OH0,5.0,4
B000Z8ZN04,4.25,4
B0006VV9IA,4.75,4
B000H46QWU,5.0,4
B002VWK9E2,4.75,4
B008L2RP1Q,4.5,4
B002VWK9D8,5.0,4
B008PAJNAA,4.25,4
B002VWL2C0,5.0,4
B000N2IGZ6,5.0,4
B004415HZE,5.0,4
B000BKNCAO,4.25,4
B005P4WV7G,4.5,4
B005P5B51I,4.0,4
B004V4IOPY,4.75,4
B004V4ITJA,4.75,4
B004V4IWGK,4.5,4
B00C2TD9HS,4.5,4
B002VYV926,4.5,4
B00D3D8O4K,4.25,4
B00CYHW8Y8,5.0,4
B005P0X39K,5.0,4
B00B2WT9PC,4.5,4
B000N2K000,5.0,4
B002VECJI4,4.25,4
B008PG3M6K,5.0,4
B0030DL2CY,5.0,4
B00D3SJHIC,5.0,4
B00A784PP6,4.5,4
B000H6AES0,4.25,4
B000MAPPK8,5.0,4
B000ZV1V8Y,4.5,4
B000ZV1VAC,4.0,4
B000XD61I4,5.0,4
B0045DBKOI,5.0,4
B003X8749G,5.0,4
B00G6S698W,4.75,4
B0045DB5CU,4.5,4
B000XDTG6I,4.0,4
B000MAQW5U,4.0,4
B00GE2L6RY,4.5,4
B0050WTXQ0,4.5,4
B003X92QQ6,4.75,4
B000ZOZZSS,4.0,4
B004V4540M,4.5,4
B00KXENYY2,5.0,4
B005V8QDXO,4.0,4
B002VECJ4S,5.0,4
B0050WY2YS,5.0,4
B0030EOQD0,5.0,4
B00BSZNHVA,4.5,4
B004KA6NJ8,4.5,4
B00BFCL78G,4.5,4
B003X5Z8XS,4.75,4
B003X5YRFS,4.25,4
B004KAO73M,5.0,4
B005VDY8RM,4.25,4
B002VDED7K,5.0,4
B008K8MMSC,5.0,4
B000MAPBTI,4.25,4
B00G6H88FK,4.5,4
B00BSZI1Y8,5.0,4
B002VECIQC,4.5,4
B00HY7NH1G,4.5,4
B003X6DAJ6,4.0,4
B002VECISK,4.5,4
B0050WXFX2,5.0,4
B00GE4T95I,4.0,4
B008KECSAS,4.75,4
B008PHH5MQ,4.75,4
B0043YLA6M,5.0,4
B002VECIYY,5.0,4
B00KX9PCH4,5.0,4
B004KTF9G2,4.75,4
B003X9VJ6O,5.0,4
B0030BXAXA,4.0,4
B002VJWRC2,4.75,4
B002VJSBAY,5.0,4
B004V46BIQ,4.0,4
B003XALGL6,4.5,4
B005P0WQHA,5.0,4
B004VPULBI,4.5,4
B00D3PCE1W,5.0,4
B00AXKSL1C,4.75,4
B00G794WQ6,5.0,4
B000ENQVSS,4.75,4
B002VK6P9C,5.0,4
B000XDYO6U,4.0,4
B003XAPJF0,4.75,4
B00B2U1KUG,5.0,4
B004KB8B2Y,4.5,4
B000ZJEM3W,4.0,4
B00G7OVVXI,5.0,4
B004595NZ4,4.0,4
B0006V7TJ8,4.0,4
B00J2VVH8C,4.5,4
B000H5PEIG,5.0,4
B00G6ZRNO4,4.75,4
B000N2JWK4,5.0,4
B002VECKEC,4.0,4
B005V6LJEO,4.25,4
B005V6NOW4,4.5,4
B00AAKOX8U,4.75,4
B003X9Y8N0,4.25,4
B00GDZKJBQ,5.0,4
B00IBK7GNU,5.0,4
B0030CHD8W,5.0,4
B000XDXH4U,4.5,4
B000GD04CK,5.0,4
B0006V64GW,5.0,4
B008KNTUUA,4.0,4
B002VHGUI6,4.5,4
B00BDUHYVE,4.5,4
B0006V7HGI,4.75,4
B0050QL9OU,4.25,4
B004V5G0B8,5.0,4
B008M9T3MM,4.25,4
B00070JJ4G,4.75,4
B00IMLUKMM,4.5,4
B005TT8X5Q,4.5,4
B000YZDW2E,4.75,4
B004KRVEFY,4.0,4
B0044WR954,4.5,4
B002WQKMKS,4.75,4
B000YZGSGG,4.5,4
B005TTLKME,4.25,4
B003XN4S5O,4.25,4
B002WQEXMG,5.0,4
B000YZBV90,4.5,4
B008LXQAQ6,4.5,4
B000XE6ANY,4.75,4
B000YZ0Z6U,4.0,4
B000BL27AY,4.5,4
B00443R7R8,4.25,4
B000XE69W6,5.0,4
B002WTC3BG,4.5,4
B002WTC3B6,4.5,4
B000MW4X9K,4.0,4
B005TT8U0E,4.5,4
B005POLCGW,4.75,4
B005TT8V8K,4.25,4
B00CZ51BY2,4.5,4
B002WQ7DJ6,4.0,4
B003XN0NBM,4.5,4
B002WO7230,5.0,4
B002ZU5EUY,5.0,4
B008OTP6NA,4.75,4
B004ZXPOZY,4.5,4
B005TU1M8K,4.75,4
B005PMYGLC,4.25,4
B00A7ZQ0DY,4.5,4
B005U1YBWC,4.75,4
B000XE63SG,4.25,4
B00G9GNV6E,5.0,4
B004KEKHYG,5.0,4
B002WP4XSG,4.5,4
B005TUJJCG,5.0,4
B004KEKJJ4,5.0,4
B000YZLQO0,4.25,4
B0007D8E0S,4.0,4
B00BEZ5S1Q,4.0,4
B0007D8DY0,4.5,4
B00L4I5PJS,4.5,4
B005TLWSUA,5.0,4
B002WZI83C,5.0,4
B002WZI7RO,5.0,4
B000YP5WPO,5.0,4
B008M4KTG6,5.0,4
B000MVP37C,4.75,4
B000YPJ9NK,4.25,4
B00D20SGYM,4.25,4
B002WZD4DG,4.75,4
B002WZCYKK,5.0,4
B00BEY383C,5.0,4
B002WZ77UW,4.0,4
B000XE7J2U,4.75,4
B008M5YSCG,4.5,4
B002X0Y4FM,4.0,4
B000YMUAS6,5.0,4
B000YMTTRO,4.25,4
B005TKYA84,4.5,4
B002X32K0K,4.0,4
B002ZNJIBW,5.0,4
B000MFI0UA,4.5,4
B005PQ33G2,4.0,4
B002X4NKQ2,5.0,4
B004ZY1HYK,4.5,4
B008M4HRAW,4.5,4
B008M0NL5Q,5.0,4
B002ZNJYU2,4.75,4
B002WVE4GQ,4.75,4
B002ZOC8RW,5.0,4
B00D2CPQ2A,4.5,4
B003XNLXK2,4.25,4
B002WUN5CQ,4.0,4
B000YY5PWU,5.0,4
B004KRVCX8,4.75,4
B003XNZWOA,4.75,4
B000YT4AU8,4.25,4
B008M2LV9C,4.75,4
B00C3PECBI,4.75,4
B008OP1IAE,4.75,4
B002ZNJU88,4.0,4
B00A83NGRS,5.0,4
B005TOXDFQ,4.5,4
B00G9SZD8Q,5.0,4
B000XE6XDQ,4.0,4
B000H3I24G,4.75,4
B008OOYX70,4.75,4
B000XE766O,4.0,4
B002WK2N60,4.75,4
B0050O8HKG,4.75,4
B00D2ZZRDA,5.0,4
B002WB722E,4.0,4
B000C1Z5HA,4.5,4
B00D2ZTMQI,4.5,4
B002W9N0G8,4.75,4
B000Z63R7C,4.25,4
B008LEOCCE,4.75,4
B002W90HMS,4.25,4
B002W8ZEBS,4.25,4
B00AAIBT8Y,4.25,4
B00A7P8Y9C,4.75,4
B003XK5JJ6,4.0,4
B008LEWB0Y,4.75,4
B002ZWZ9FM,4.0,4
B002WCCFJI,5.0,4
B002WCJOXI,4.25,4
B002ZWQ9I8,4.75,4
B002WDEX6A,5.0,4
B000Z61R3S,4.25,4
B004KEJ9E0,4.5,4
B002ZW56M8,4.25,4
B00GDJW9GK,4.5,4
B005UD3U8G,4.75,4
B005PD5MVE,4.75,4
B00BT8BUYW,4.0,4
B002W8IKMS,4.75,4
B002ZVZ60Q,4.75,4
B002W5KBWS,4.0,4
B00HYBAALM,4.25,4
B000Z65ER8,4.75,4
B000GG00CG,5.0,4
B000Z65EWI,4.25,4
B002ZZZJ36,5.0,4
B000EKEDZY,4.75,4
B000Z65FZ4,4.0,4
B005P95XJY,4.75,4
B000MCB91A,5.0,4
B000XE2IMQ,5.0,4
B004ZWH4YO,5.0,4
B000Z642SK,4.25,4
B00A7O5LNU,4.0,4
B00452XAS8,4.0,4
B00IC4RIME,4.5,4
B000Z63W8G,4.25,4
B000Z63VMI,4.75,4
B000GDLI3O,4.25,4
B008OXURSU,5.0,4
B005UF5SAW,4.0,4
B002ZX9OR0,4.0,4
B003XKIZQK,4.0,4
B004KEKFAC,5.0,4
B000Z4UP92,4.5,4
B00G9ALRK2,5.0,4
B000XE4O50,4.0,4
9788071570,4.75,4
B00HES7D9W,5.0,4
B000C1Z5DE,5.0,4
B00C3WT4EQ,5.0,4
B00A7WFCXG,4.25,4
B008LMGQ6Q,4.5,4
B005U5JQ46,4.75,4
B005PLRLQA,4.25,4
B000XE4X38,5.0,4
B002WJKXPE,4.5,4
B000Z4QLJA,4.0,4
B00BTA9VB4,4.25,4
B00C3WSYJC,4.75,4
B00CZ4XP06,4.5,4
B002ZVBF1U,4.0,4
B002ZVO6JI,4.5,4
B000Z606JO,4.25,4
B000N10AMO,4.5,4
B005PGTCAS,5.0,4
B002WFDKWG,4.25,4
B000Z602SO,5.0,4
B000H3I46W,5.0,4
B000Z603YW,5.0,4
B003XKPJSW,5.0,4
B00J2QH2ZE,4.0,4
B004KEJAMQ,5.0,4
B000Z6068K,4.0,4
B0006ZHHZU,4.0,4
B004KRYP7I,5.0,4
B003XKUGIA,5.0,4
B0050OOMO6,5.0,4
B00A7UYMJ8,4.5,4
B0044349VU,5.0,4
B000Z5YG4Q,4.25,4
B00BF16ML4,4.5,4
B0006ZHUJI,4.5,4
B002WH5LDK,4.75,4
B000Z5YEES,4.0,4
B002WHNRV8,4.25,4
B008LK7WBG,4.0,4
B00D2NUUO8,4.5,4
B0060L6V6K,5.0,4
B0032AO5SI,4.5,4
B0067PNWMK,4.75,4
B002MX1A20,4.5,4
B008UTQ0Z2,4.5,4
B002MWZKRC,5.0,4
B008BUYL24,4.0,4
B003U4KP4O,5.0,4
B000NPBPT2,4.0,4
B008BVVWJS,5.0,4
B004U7GQQ6,5.0,4
B002MWXNDU,5.0,4
B000C1VYK2,4.0,4
B0000531H2,4.25,4
B004LWXX4I,4.0,4
B00A0HU3IW,5.0,4
B0052U5JZE,5.0,4
B00BGH6WYY,4.0,4
B00BRB9NFO,5.0,4
B0006G3X7K,4.25,4
B003U4SSNO,4.0,4
B002MYML0E,5.0,4
B0034LVZTM,4.25,4
B00FS3RIBS,4.5,4
B008USGTEK,4.25,4
B003Z2GCH0,5.0,4
B0013N0BFW,4.75,4
B00GI1KFZK,4.75,4
B002MWTUVY,4.75,4
B0013NBW82,5.0,4
B003U4IXWU,4.75,4
B0034W7ZOU,4.5,4
B004IPBX7M,4.0,4
B000HHQEWO,5.0,4
B0052V2Y8I,5.0,4
B004U6TP74,4.5,4
B000NPR6X6,4.0,4
B0067Y2ACY,4.5,4
B0013NY1BC,5.0,4
B000W7KMMW,4.0,4
B004U6O0XS,4.75,4
B00DGMZ7BG,4.5,4
B003U4H8LM,5.0,4
B000NPOYF4,5.0,4
B0013NHSK8,4.0,4
B004IPFBFW,4.5,4
B0013NE3K6,5.0,4
B00FS3FUIQ,4.25,4
B0052UTG4O,5.0,4
B0013NE1RG,4.5,4
B00HIVC9A8,4.75,4
B00DGKER4Q,5.0,4
B0067VCFEK,4.0,4
B00H9H5F34,4.5,4
B002MZIFKS,4.75,4
B008C069K0,5.0,4
B0006G3X84,4.0,4
B00DGCZ6DA,4.0,4
B0013K5Y8O,4.5,4
B002N5K960,4.0,4
B000W8LXJ2,4.75,4
B00H9ICKAO,4.5,4
B003U52EGU,5.0,4
B0013KA09M,4.75,4
B000NP4VA2,5.0,4
B000B9RJ2C,5.0,4
B0067F0CDC,5.0,4
B000ETN900,5.0,4
B00AVSR90U,4.75,4
B002N5MHZ6,4.0,4
B004IR828I,4.25,4
B0034KUF7Q,4.0,4
B0013K3FZI,4.0,4
B00FS7M0CG,4.25,4
B0013K1WC6,4.5,4
B00H9K8LO6,4.5,4
B00677K3W0,5.0,4
B002N5MJZO,5.0,4
B004U89GUI,5.0,4
B0013JX7PW,5.0,4
B00A0Q6198,4.25,4
B002N5MKAS,4.75,4
B008C806FQ,4.25,4
B0013KOJ6C,5.0,4
B004U7YOZ6,4.5,4
B0052TUK54,5.0,4
B002N0V5JU,5.0,4
B00CT9WJLI,4.5,4
B002N1MSTA,4.0,4
B00B4NFZ0C,4.75,4
B00ACC6FK0,4.75,4
B00CT9O6IM,5.0,4
B0067K7XDY,4.5,4
B00IAE3P7S,5.0,4
B002MZORKU,4.75,4
B008UOZ4MM,5.0,4
B005MR8PI0,4.75,4
B0006G8D5C,5.0,4
B0013L091A,4.75,4
B0006GBEYO,5.0,4
B0006GDAU0,4.75,4
B0006GDAUK,4.0,4
B000W8JZJ2,4.75,4
B002N3TTGI,4.5,4
B000H18LJY,4.75,4
B0043GMX2K,4.75,4
B002N40TPW,5.0,4
B002N41PY6,4.25,4
B002N42FHW,4.25,4
B0013OPVJC,4.0,4
B000GCUEXK,5.0,4
B008BIDMU8,5.0,4
B00HIXZGOW,4.0,4
B005MJKWNY,4.25,4
B006896QDM,4.25,4
B002LZ03KO,4.75,4
B005MJKDT2,5.0,4
B003U0C8VG,4.25,4
B003U0AQ9W,4.75,4
B004IMCSN8,4.75,4
B00C7WAP5Y,4.0,4
B008BJBKMY,5.0,4
B00BR4EGGM,4.25,4
B004LXHPPK,5.0,4
B00686KJJW,4.25,4
B00352MH4M,5.0,4
B005MKEAJ0,4.75,4
B000NRRGA2,4.75,4
B00FRQZZFM,4.75,4
B002LZQUGU,4.75,4
B000GACZR0,5.0,4
B0052Y7L6K,5.0,4
B003U064AM,4.0,4
B00A04MSEC,5.0,4
B0068IZ5HQ,4.5,4
B0013Z1P0A,4.75,4
B0052Z8DZM,4.5,4
B000GA99EC,4.75,4
B00ACPXZAK,4.0,4
B005MJD1L4,4.0,4
B00FRK3YKQ,5.0,4
B00BDH10FI,4.25,4
B0068J5CTQ,4.0,4
B00ACQLJMU,4.75,4
B002LUH8OI,4.25,4
B0068K2TY6,4.75,4
B00FRJNIOO,4.5,4
B002LYRYFC,4.25,4
B002LYS1EK,4.5,4
B002LYS1OU,4.5,4
B0068F462Y,4.75,4
B003TZO2TS,4.25,4
B008BFNKSK,4.5,4
B0000531Y7,5.0,4
B002LYSE6K,4.25,4
B002LYT50Y,4.5,4
B002LYTPTK,4.5,4
B00AYM7PHA,5.0,4
B008BHF6BC,4.75,4
B000NRUYD8,5.0,4
B004LXHP4Q,5.0,4
B00352EK92,4.25,4
B003U4922A,5.0,4
B000NPYCEC,4.25,4
B003U4D9X8,4.5,4
B000W7D2WY,5.0,4
B0013RUJX2,4.75,4
B004INM8Q4,4.5,4
B008UTVJVC,4.75,4
B0013SH33A,4.5,4
B005MN8HQE,5.0,4
B008BMAA22,4.75,4
B005MN2VB6,4.5,4
B003U4DAFU,4.75,4
B005MOR8ZY,4.75,4
B002MGQRB6,4.0,4
B00GI30YL8,4.25,4
B004U6BQ3K,4.0,4
B004U6HEBI,4.75,4
B004IOKPGS,4.5,4
B000NPWQWM,5.0,4
B0013QZ8E8,4.25,4
B004U6KF9G,4.0,4
B008BNNYYW,4.0,4
B000EEZB10,5.0,4
B000GAP3FQ,5.0,4
B00685H2D4,4.25,4
B002M3YKTK,5.0,4
B0013T4DOQ,4.5,4
B005ML8VXA,4.0,4
B000B9P4OM,5.0,4
B008BLHN50,4.75,4
B00FRS33JU,4.0,4
B00HIXXNGU,5.0,4
B003U2VUSQ,4.0,4
B0013TJLSO,4.75,4
B000HHTVKQ,4.0,4
B00352D50C,4.25,4
B00685GJ7E,4.5,4
B000NRI4DK,5.0,4
B0052XVJU0,4.0,4
B003Z2RZQM,4.75,4
B008BLRPKI,4.75,4
B00A0D69BG,4.75,4
B002M6CCDI,4.75,4
B004U5HNSI,4.5,4
B000C21370,5.0,4
B000LNMK4U,4.0,4
B0000531NR,4.25,4
B002M9ULSS,4.0,4
B000NQJQH4,5.0,4
B0013SON7E,5.0,4
B00DGW4L1S,4.75,4
B003U5XH70,4.0,4
B00C26SVY2,4.75,4
B000H1URU0,4.5,4
B00005300N,4.75,4
B000ETJ314,4.75,4
B0034DZF0K,5.0,4
B00ICTGURS,4.5,4
B0034E0YZA,5.0,4
B003UE1IKE,4.25,4
B00DF9CFJC,4.25,4
B00005300O,4.5,4
B0013EF8DG,4.0,4
B0034E113E,5.0,4
B00FTUV3GQ,4.75,4
B00C2B9UN8,5.0,4
B000W8P7RG,4.75,4
B0034DH7O2,4.0,4
B000LQNRQW,4.75,4
B004IUJHIE,4.75,4
B00A1CBPE2,5.0,4
B005MXCJZY,5.0,4
B000NNAPLI,5.0,4
B00A1CAGTM,4.25,4
B0013E669Q,4.75,4
B000W9I8Q2,4.0,4
B0013EF0FM,4.25,4
B0013EF15Q,5.0,4
B0034E15Z8,5.0,4
B0065PX2MC,5.0,4
B0034E4HQ2,4.0,4
B0046MI80W,4.25,4
B008CPX1EM,4.25,4
B0034E32TU,4.5,4
B008UA69XY,4.75,4
B00005302E,4.0,4
B005MX1LDK,5.0,4
B004ITBEPE,4.0,4
B0013ELSO4,4.5,4
B002NO0O20,4.0,4
B0052P0H06,5.0,4
B008CPCQ0M,4.0,4
B0034E31FK,5.0,4
B00H9O2FOY,4.0,4
B0046MI62C,4.0,4
B000053027,4.5,4
B004LTOU9I,4.5,4
B002NR7RL8,4.0,4
B0065THEHM,5.0,4
B0034E2YA8,4.0,4
B0034E2ONU,4.0,4
B008CQD948,4.0,4
B00005300R,4.75,4
B004ZEQYQG,4.5,4
B0013EIX9W,4.75,4
B005MXDD86,4.0,4
B000H248ZO,4.25,4
B0065BLERG,4.5,4
B005MZ4BPI,4.5,4
B00CTSBNT8,4.5,4
B0013BW724,5.0,4
B0013C7OMQ,4.75,4
B003UH35SY,5.0,4
B000LQW1W8,4.5,4
B0013BU1TK,4.25,4
B0043J0658,4.0,4
B000W9JUTQ,4.25,4
B003YV2PYG,5.0,4
B004UBSDCM,4.0,4
B000LR9UTE,5.0,4
B006598JEO,4.75,4
B00BRL4SO0,4.25,4
B00BRL8MG0,4.25,4
B004IW9426,4.75,4
B00348IB42,4.25,4
B004LSFC2S,5.0,4
B002OCPNDQ,4.0,4
B003UF1LWI,4.5,4
B003UFOJH2,4.5,4
B005MYACKC,4.25,4
B00A1E0FQ4,5.0,4
B008U405YE,4.5,4
B008U4BERQ,4.25,4
B003UFM7CQ,4.75,4
B003UFKUZM,4.0,4
B000052ZAU,4.5,4
B003YVINYW,4.25,4
B004IUPBZM,4.0,4
B004LT6V2C,4.5,4
B003UFPN6S,4.5,4
B0065JC7DS,4.5,4
B008CY3M9C,4.0,4
B008CYCJYQ,4.5,4
B000052ZBO,5.0,4
B002O0P64O,4.0,4
B004LSR7T4,4.5,4
B000052ZBB,4.25,4
B008CYDYU4,5.0,4
B003YV2R9Y,4.25,4
B00INX0WWM,4.25,4
B000NMHGD4,5.0,4
B008U2862Y,4.25,4
B00C7KTJFS,4.0,4
B0052P0HJ2,5.0,4
B003U8UGVC,4.5,4
B00A0UU2E4,4.5,4
B005MSBD4C,5.0,4
B00A0UR97W,4.0,4
B0013GK136,5.0,4
B0013H1VRU,4.75,4
B002NCLUIE,4.75,4
B0013GKCSK,4.5,4
B0006GZCF6,4.25,4
B005MSD818,4.5,4
B003U9K9YA,4.0,4
B00KJ863YA,5.0,4
B004LUKQKO,5.0,4
B0013FZWPO,4.5,4
B008CEJPAM,5.0,4
B0006HGYFC,4.25,4
B00DG6OX5I,4.0,4
B002NG7V38,4.5,4
B00BUSEY9O,4.0,4
B0056C2IES,4.75,4
B0046NLB4Q,4.5,4
B00A0RCKT2,4.5,4
B00B4MVIYK,4.25,4
B00AYLD5E8,4.0,4
B000NOAVAC,5.0,4
B0066Y878G,4.25,4
B000NOAVR0,4.75,4
B000ETN84W,4.25,4
B004IROB7E,4.75,4
B000W8WE7M,4.5,4
B0013IONAQ,4.0,4
B000HHCAKE,4.75,4
B002N82JNS,5.0,4
B008UG8C9M,5.0,4
B0066T1JN6,4.0,4
B0034KAOO0,4.0,4
B0034K9AK4,5.0,4
B005MS06L8,4.75,4
B000NNRLF6,4.5,4
B00AC66ZAQ,4.0,4
B000NNGP76,4.75,4
B002NKMG9S,5.0,4
B0034E8V46,5.0,4
B004IT54DM,4.75,4
B0013FFVZK,4.25,4
B008CJPREU,5.0,4
B008CJ0U38,4.5,4
B004UBALRC,4.25,4
B0013FH71G,4.5,4
B00A123TZU,4.25,4
B0013FHA1I,4.75,4
B008CGY5JQ,5.0,4
B002NK33TA,4.5,4
B00A12372A,5.0,4
B008CL6C4C,4.25,4
B003UBIL5W,4.75,4
B002NLKPQS,4.5,4
B0034E6ZY4,4.75,4
B005MWK9A2,4.75,4
B0034E6RD8,5.0,4
B005MWU2KO,5.0,4
B00A18JLEC,4.0,4
B008CMLDC2,4.0,4
B0052P0Z9E,4.75,4
B0052P0WGU,4.75,4
B00FTG6YLY,5.0,4
B008COIY0O,4.75,4
B0013EMN02,5.0,4
B00005302J,5.0,4
B000BP1PSK,4.5,4
B002NG9PSW,4.25,4
B000NNM5MK,4.0,4
B0052P1KRU,4.5,4
B00BDH8CZY,4.25,4
B0046MMBJ6,4.75,4
B008CGOHK8,5.0,4
B008CFTIIU,5.0,4
B0013FLEL0,4.5,4
B00AYL0DE8,5.0,4
B002NGMELW,4.0,4
B000NNQV70,5.0,4
B008CGAIVU,4.5,4
B004ISXUGQ,4.25,4
B0052P1K2U,5.0,4
B002NGYQ5E,4.5,4
B0066A20PG,4.25,4
B00J7XQB1S,5.0,4
B004UB216G,4.25,4
B00C7OFXNQ,4.25,4
B002NHEKA4,4.75,4
B008UDHEGM,4.25,4
B00669LOVI,5.0,4
B00FSXFV9O,4.5,4
B005MV0KQG,4.5,4
B0052Z937E,4.5,4
B000NVUEE8,4.25,4
B006AQPZSK,4.0,4
B003TK4Q6C,4.25,4
B00BR0S1YY,4.75,4
B0014K92CC,4.5,4
B00GJ23X7A,4.75,4
B00H92ALPQ,4.5,4
B005LZVCWE,5.0,4
B000689ZP2,5.0,4
B006ARL02Y,5.0,4
B000LI9R3M,4.25,4
B000LIORQE,4.5,4
B002L9Z7SI,4.5,4
B00CS5QAOA,4.5,4
B000LICN4W,5.0,4
B000NVR9I2,4.25,4
B006ALKQ5M,4.25,4
B00DINCJKK,4.75,4
B00DILWAWY,4.0,4
B002L98ANW,4.5,4
B00B4ZWLWK,4.25,4
B003TL0DAE,4.5,4
B00HJ9I6EW,5.0,4
B002L4M71I,4.25,4
B0035RF8XO,5.0,4
B0014M5S14,4.25,4
B002L2YPG0,4.25,4
B002L2Y3NK,5.0,4
B002L2A0L4,4.25,4
B0014M3C8A,5.0,4
B008A36UQ2,4.0,4
B0014MB8KY,5.0,4
B00DJ67QVI,4.0,4
B0089ZMMY0,4.5,4
B002L301T4,5.0,4
B000LHLIIU,4.0,4
B00477LYJI,5.0,4
B0014LRW1Y,5.0,4
B006ATBN6A,5.0,4
B004LXONZA,4.75,4
B004TSPMEI,4.75,4
B00I11ZWSA,4.75,4
B0014KRL02,4.0,4
B002L42BQO,5.0,4
B0000537S1,5.0,4
B0035RIPX4,5.0,4
B002L4A2EW,4.0,4
B002L4EW8E,4.75,4
B00CS524UO,5.0,4
B00CS53WDM,4.75,4
B004LXMQ4U,4.75,4
B0000536Y0,4.0,4
B0053D7W5U,4.75,4
B002LDPLUS,5.0,4
B00B4YR26Q,4.75,4
B000LJE7UE,4.0,4
B006A6TCN4,4.5,4
B0014H4YDW,5.0,4
B0014GDUGA,5.0,4
B000VZWU84,4.75,4
B0014GZSGK,4.5,4
B002LDT3SY,4.5,4
B00C1ZY83C,4.75,4
B0069YFUP6,4.25,4
B0053D1DEQ,4.0,4
B0069YB492,4.75,4
B00BR1CK40,4.25,4
B002LDVRW4,4.25,4
B004IFFK0S,4.25,4
B005M1V9IE,4.75,4
B00AUY5470,5.0,4
B00FQML0GU,5.0,4
B000G6U4S6,4.75,4
B008ADOLJ0,4.5,4
B008VPC3J2,5.0,4
B00068F1QY,4.0,4
B002LA02LE,5.0,4
B008A7VPS6,4.75,4
B00BGTJGFY,4.75,4
B009Z5G33Y,4.0,4
B0014JMS38,4.0,4
B004IF696M,4.25,4
B00FQEBDUQ,5.0,4
B006AEZ73U,4.25,4
B000VZGW8S,4.75,4
B005M0EMM0,4.0,4
B004IF6958,4.5,4
B0014J86UM,4.5,4
B000NVIFGM,4.5,4
B0014I76OU,5.0,4
B004TUCGBS,4.0,4
B000NVG4EM,4.0,4
B002LA7VZ4,4.25,4
B004Z5GLE0,4.75,4
B004LXMRMG,4.75,4
B005LYE8TY,5.0,4
B00FQ0X7PO,4.75,4
B004LXOPVW,5.0,4
B000NWDSAY,5.0,4
B009YSYOMO,4.0,4
B0035V83MS,4.5,4
B0014XTP94,5.0,4
B004W4OURY,5.0,4
B0014YEFX4,4.25,4
B000NWGLF8,4.75,4
B000G4OE34,4.25,4
B006BF223G,5.0,4
B00479BIG0,5.0,4
B004LY91WY,5.0,4
B003TI0QH2,4.0,4
B005LXEDF4,5.0,4
B0014XELHK,5.0,4
B003Z7Z5VY,5.0,4
B00KFMERQ6,4.25,4
B002KIGQ4E,4.25,4
B006BDQ0X6,5.0,4
B0000542QP,4.75,4
B006BDKINO,5.0,4
B000H06AVG,4.25,4
B00GJ3AD72,4.5,4
B00DJIOU7O,4.75,4
B00479BMT8,4.0,4
B000NWJD8A,4.5,4
B002KK1G9C,5.0,4
B00CRWTFN2,4.0,4
B000VWSF1S,4.5,4
B0035XQ8OQ,4.5,4
B00CRWTFMI,4.25,4
B00AUJACO0,4.0,4
B0014ZUH26,4.0,4
B000LFWU2A,5.0,4
B002KANX1G,5.0,4
B003Z82L92,4.5,4
B0035XI11O,4.25,4
B0014ZLITW,5.0,4
B006BJA1IK,4.25,4
B0014ZF1X6,4.0,4
B0014Z4NMG,4.25,4
B008VYAU66,4.75,4
B000C214RE,5.0,4
B00081NFEY,4.0,4
B004LYAWW2,5.0,4
B000B8VC76,4.25,4
B000NWKF96,4.75,4
B002KE1JOK,4.0,4
B0089R7ONW,4.0,4
B0014YHMNE,4.25,4
B002KECVGK,4.5,4
B006BCQWD0,4.5,4
B00ADBQADW,4.25,4
B00FPY22G6,4.75,4
B006B6MU3W,4.0,4
B009YZPBAQ,4.25,4
B000HLCJV0,4.0,4
B0035TGISG,4.75,4
B000NW8A6Q,5.0,4
B002KPOS4C,4.5,4
B0014U4U1U,4.5,4
B00DJD3DVI,5.0,4
B000C2147E,4.0,4
B000NW6VZI,4.5,4
B00GJ2NWV2,5.0,4
B0053HEXV2,4.5,4
B002KS3YN0,5.0,4
B006B5LZF2,4.5,4
B0014SEMZQ,4.0,4
B00DJA1EGC,4.5,4
B0014RBSE0,5.0,4
B002KVB5U6,4.5,4
B00HVLCM9I,4.0,4
B00C1YEHRK,4.75,4
B002KXR436,4.75,4
B0089X3K0W,4.75,4
B00BGV6N6W,4.75,4
B00IIWMM26,4.25,4
B00438SF3O,4.25,4
B004W4MFHG,4.75,4
B0014WA9UO,4.0,4
B0014WC1MI,5.0,4
B000VXMMYS,4.75,4
B002KMUDBC,4.5,4
B003TJ68KU,5.0,4
B002KMSG3Y,4.75,4
B0014WOAPY,4.25,4
B0014WWU2O,4.5,4
B004LY5SZS,5.0,4
B006B8FZGE,5.0,4
B008VVYYX4,4.25,4
B006B86KAY,4.25,4
B0053J1PX4,4.5,4
B0053J10JS,4.0,4
B00FPVDW4A,4.25,4
B002KNQDDI,4.5,4
B0014VVILY,4.25,4
B009YZ2ZPA,4.75,4
B002KNZEKG,4.5,4
B003TJCCE6,5.0,4
B00081NF7G,4.75,4
B002KO9LHC,5.0,4
B002KOCOV2,4.0,4
B0043A59YK,5.0,4
B0000536OW,4.0,4
B00DHRMEUC,4.0,4
B000W2XZWQ,5.0,4
B002LME8FI,4.5,4
B00005331N,4.75,4
B003TTQSIM,4.25,4
B000W2XZW6,4.25,4
B004IIY5RY,4.75,4
B008B4ORTW,4.75,4
B00AV5KVB2,5.0,4
B00DHTVHDU,4.75,4
B00144QW2Q,4.75,4
B0014405T2,5.0,4
B00BR32A34,4.75,4
B000W0A4ZY,4.0,4
B00692Q67E,4.0,4
B00359M7E0,4.75,4
B00143OFDU,4.25,4
B00359PX0A,4.5,4
B00359S0NC,4.75,4
B002LMHMHE,4.0,4
B004LXJVQG,4.5,4
B00692Q9IU,4.25,4
B009ZT0FSO,5.0,4
B00692QD40,4.75,4
B00BGO3DQM,5.0,4
B004Z9327K,5.0,4
B0006B44NC,4.75,4
B000HKLEDU,4.0,4
B00694MSYW,4.0,4
B00694ZKW4,4.25,4
B00FRDPOF6,4.5,4
B001469R08,4.75,4
B004706E2W,4.25,4
B00BR2KOZG,4.75,4
B005MEN61E,4.75,4
B004LXKY76,5.0,4
B00694N9SG,4.75,4
B003TT9PZK,5.0,4
B000HKRGUU,4.75,4
B00GIO2WV2,5.0,4
B000HKPV7U,4.5,4
B008VDLC4Q,5.0,4
B009ZQTC68,4.75,4
B00694W51I,4.75,4
B00DHWJOZ0,4.75,4
B000C1VXW6,4.25,4
B00CSGCSKE,5.0,4
B00CSJBHV2,5.0,4
B00534P88C,4.75,4
B008B3QNUE,4.0,4
B002LMKWIU,5.0,4
B00530ED0U,5.0,4
B003TUREHA,4.25,4
B002LN93XY,5.0,4
B000C213CK,4.75,4
B008V2ZURW,5.0,4
B008BBGM1Q,4.75,4
B008V3TP8G,4.75,4
B0006BCVN2,4.0,4
B005MIMGZW,4.25,4
B008BBA6NG,4.5,4
B00FRHJHFA,4.75,4
B0007ZN3MK,4.5,4
B004LXJTI6,4.5,4
B00355HP3M,4.0,4
B004Z97RQ2,4.5,4
B0068PG2R6,4.5,4
B0006BDLY0,4.5,4
B004IJAXC4,4.75,4
B002LQAK0Q,4.75,4
B0068OV5BU,4.0,4
B004LXJTGI,4.75,4
B003TY7UU2,4.0,4
B00355CRRG,4.75,4
B00140BE82,4.5,4
B0052Z93TW,5.0,4
B008BAUUQA,5.0,4
B00358WW64,4.25,4
B008B8RWOK,4.75,4
B00GIEKIVS,4.5,4
B004IJ3YS4,5.0,4
B00BR373TK,4.0,4
B003Z4EHAM,4.25,4
B000C213N4,4.75,4
B00ACS0BP4,4.75,4
B008B8O0FE,4.0,4
B0006B44OG,5.0,4
B0068ZXZA8,5.0,4
B00AYO3SEC,4.5,4
B009ZW4J0G,5.0,4
B0046Z8V4C,5.0,4
B0068Z1X0C,4.25,4
B00ACTDJTS,4.5,4
B0000532AL,4.5,4
B00142C77M,4.0,4
B00005329I,5.0,4
B0068UZUKQ,4.0,4
B000C213IE,5.0,4
B0068UCM48,4.0,4
B00FRFS9WE,5.0,4
B0035CH2P6,4.5,4
B00FQTYD1C,5.0,4
B00FQU69RC,4.0,4
B00BR27OBI,4.25,4
B000HKZQFM,4.5,4
B004IFT3YW,4.75,4
B0069NY882,5.0,4
B002LE8P0U,4.75,4
B00539RM2M,4.0,4
B008AJ6FCK,5.0,4
B003TOGQZC,5.0,4
B002LE8PGY,4.5,4
B003TP892E,4.75,4
B0035GJK5M,4.25,4
B00BR28VQ0,4.75,4
B00539D4RE,4.0,4
B00GIWLT9K,4.75,4
B000NU0AVQ,4.25,4
B00H9837P6,5.0,4
B002LFV9VG,4.5,4
B008VG0O0G,4.0,4
B00DIBHHVI,5.0,4
B004LXMNP2,5.0,4
B004LXMLC2,4.5,4
B008VJL4WU,4.0,4
B00BR1OFD4,5.0,4
B009ZFPO7A,4.0,4
B0053CMMO2,4.5,4
B0000536F1,4.75,4
B005M2C64O,4.25,4
B00FQMYOVI,4.0,4
B00AD6OZ3O,5.0,4
B004LXMPY6,4.75,4
B002LE15OI,4.75,4
B0035JEXWO,5.0,4
B003TO3U92,4.5,4
B0014DERW4,5.0,4
B0014CSH1C,4.75,4
B002LE4SGA,4.25,4
B009ZIC074,5.0,4
B0014CEG0S,4.75,4
B00KGJVVDK,5.0,4
B00FQRUP70,4.0,4
B002LE55XU,5.0,4
B00I11ZX9I,5.0,4
B00H9910I6,5.0,4
B008VG0DT8,5.0,4
B002LM3SVS,4.75,4
B002LK79VK,4.0,4
B003TS6HVQ,4.0,4
B002LKEJIQ,4.75,4
B0014APGKY,4.25,4
B002LK7QG8,4.75,4
B002LK66EQ,4.25,4
B0043BN28O,4.0,4
B002LK20C8,5.0,4
B008AZ2NLG,4.25,4
B003TS556E,4.5,4
B00699LVY0,5.0,4
B000G837DS,4.75,4
B00C23N5UA,4.25,4
B008VER6OA,4.5,4
B0035CSNBI,5.0,4
B008AZOX96,4.25,4
B008B044KS,5.0,4
B005ME7E1C,5.0,4
B00149PUN8,4.75,4
B00697YEAA,5.0,4
B00149MWSE,5.0,4
B00ACX5JAG,4.5,4
B000HKRSXA,5.0,4
B008AYXMEY,4.25,4
B000NTC59C,4.5,4
B00538KO4Q,5.0,4
B000NTNKUU,5.0,4
B002LHOGW8,5.0,4
B0043BKLKQ,5.0,4
B005M8FDN4,5.0,4
B00BR2B1Y4,4.75,4
B000NTNKTQ,4.0,4
B0000535EM,5.0,4
B000NTSPDC,5.0,4
B000C1VXTE,4.0,4
B003Z68ZLM,5.0,4
B0014B7138,4.75,4
B0035FZS04,4.75,4
B000LJPGRW,4.5,4
B0014AYMHW,5.0,4
B00IYTTBFE,4.25,4
B003TR8S8C,4.0,4
B0000535AW,5.0,4
B002LI9CY4,4.0,4
B00BGQ3T6O,4.25,4
B000G7XRDY,4.0,4
B00AV2E0HG,5.0,4
B002LITTBA,4.25,4
B008AY83UC,4.5,4
B00471DLUE,4.75,4
B00HJ4K866,4.5,4
B00699QHG2,4.5,4
B00348F604,5.0,4
B000NLX9HW,5.0,4
B000NLVCNK,5.0,4
B000C1ZFAM,4.0,4
B0012KK0F2,4.25,4
B00520MQBE,5.0,4
B0032Q04QY,4.25,4
B0000014DT,4.75,4
B00DA1ZXCG,4.5,4
B000NHIZ9S,5.0,4
B00DA0M0P0,4.25,4
B0006MQ3B2,5.0,4
B0032P6RSO,4.0,4
B004JIZ3XS,4.0,4
B00HAXJNZI,4.0,4
B00CVCUFXW,5.0,4
B00CVCB00E,4.75,4
B002R0ECOQ,5.0,4
B0032P8R00,5.0,4
B000H8ICI2,4.25,4
B004LDCNM0,4.75,4
B00AWCNR8S,4.5,4
B0012KOX5U,5.0,4
B008F2JKCE,4.5,4
B005235FUA,5.0,4
B0012M4PU6,5.0,4
B003YS1OZA,4.75,4
B004UMMF16,4.5,4
B0012M8BRE,4.75,4
B000C1ZFBQ,4.5,4
B00C2ERH2G,5.0,4
B000NHQT14,4.75,4
B00ABGN7DU,4.5,4
B005235KU0,5.0,4
B0032RI3C0,5.0,4
B0062BGEQ0,5.0,4
B0032QZZ8G,5.0,4
B0062BD2ZQ,4.25,4
B000NHNSF4,4.5,4
B0012LS36E,4.25,4
B00AYH8KE2,4.0,4
B00C6R1ILK,4.0,4
B004ZLX9YO,4.5,4
B008F801AS,4.75,4
B000LVW29U,5.0,4
B0012K1JP2,5.0,4
B004679ACW,5.0,4
B002RAR0HC,4.75,4
B00HAZ7RYU,4.75,4
B00620PG56,5.0,4
B0012HPB5E,4.75,4
B000WMFAA6,4.0,4
B000NGF3NK,4.25,4
B00D9TAPEK,5.0,4
B005NWF3EI,5.0,4
B000NGFFCY,4.5,4
B00HHKNKM6,4.5,4
B005NWEZ10,4.75,4
B00467993C,4.5,4
B0032K1TBE,5.0,4
B00GGGFUGQ,4.5,4
B0012HFLJU,4.0,4
B002RBFWI0,4.75,4
B00A3GR28O,4.0,4
B000GCT0MG,4.0,4
B0012H4GFA,5.0,4
B000NGDC88,5.0,4
9790801297,4.0,4
B008FHE4I4,5.0,4
B000WM9Z98,4.0,4
B0012IN13C,5.0,4
B003V5O5HU,4.75,4
B000H8IBR4,4.75,4
B00D9VP60Q,5.0,4
B00467B9LC,4.5,4
B003V66BQC,4.5,4
B000BDBSWK,5.0,4
B00HHLNWGE,4.75,4
B00621GRS0,5.0,4
B0012IRWH8,5.0,4
B00FXTJN3S,4.25,4
B000LVW4F2,4.0,4
B002R25IBU,5.0,4
B00467D06O,4.75,4
B004ZM8HL8,4.0,4
B0032N4BD4,4.75,4
B00AWD94QG,4.25,4
B004LD7GJ0,4.75,4
B0012J49T6,4.0,4
B000NGJONA,4.25,4
B002R3H1P0,4.75,4
B0012IZA54,4.0,4
B0012IXO66,4.75,4
B008FCR73S,4.5,4
B0012IVS7S,4.25,4
B00BDJLBMI,4.5,4
B000EGMCGK,4.25,4
B00620SWVQ,5.0,4
B008FD0GPI,5.0,4
B0012ISAQA,5.0,4
B00DACXZWU,4.25,4
B00468YE40,4.75,4
B002QEBYLM,5.0,4
B0062PIF7C,5.0,4
B00DAZHCX0,4.25,4
B0046BV86O,5.0,4
B0043NKB5O,5.0,4
B00B4CXVWC,4.0,4
B0062Q4WVO,4.0,4
B008EPZ1KC,4.0,4
B00BGAM0FG,5.0,4
B00FX7SKV6,4.75,4
B000BCN0H2,5.0,4
B00BS3PYY0,4.25,4
B004JDYG7W,4.75,4
B00DAZD0CM,4.75,4
B000BD032Q,4.0,4
B00C73K6NE,4.5,4
B000NIEBDG,4.0,4
B003V06BT0,5.0,4
B00BS3Q372,5.0,4
B00A2YINAS,4.0,4
B008EPYSO2,5.0,4
B005NJXFQY,4.0,4
B00A2YOTX8,4.5,4
B0062W0U2I,4.25,4
B008EO5H16,4.0,4
B00HWMXNFI,4.5,4
B00525ZH0G,4.75,4
B0046CL17E,4.5,4
B00DBDS29Y,4.0,4
B004JAVSSK,4.75,4
B008EOK0D6,4.5,4
B002QDTM3K,5.0,4
B0012RBSZ6,4.0,4
B0062TZTYK,4.0,4
B008EP9ND8,4.75,4
B005NJB1W4,4.25,4
B00B23HE30,5.0,4
B000WIDPLG,4.25,4
B0062SU45U,4.75,4
B0062SIMRW,4.0,4
B0012QQVEK,5.0,4
B0062RJ3FI,4.75,4
B0006LNN7U,4.5,4
B000NI8Z38,4.5,4
B0012OXVMM,4.75,4
B0032U0668,4.5,4
B0043OQ0LC,4.5,4
B005NM4SUI,5.0,4
B00000IAI4,5.0,4
B00J5IJFUY,4.0,4
B0012NSX0S,4.75,4
B000GCRBMW,4.5,4
B000GGT8LU,4.75,4
B005NMZAYG,4.75,4
B002QP7B40,4.75,4
B005NNGAJ4,5.0,4
B008EXEOJI,5.0,4
B0032RTNNI,4.25,4
B000LVS9MO,5.0,4
B00DAG7I4C,4.0,4
B00ABGNBG8,4.25,4
B0012N5EIC,4.5,4
B00469V4Z6,4.75,4
B003V1JFLU,4.75,4
B000HA2A1U,5.0,4
B00AW6SWC0,4.0,4
B0012OC6WS,5.0,4
B00DAUTSRS,4.0,4
B000HA0JOA,4.0,4
B000EQDKAM,4.5,4
B00A2ZLEY4,4.75,4
B00HAS1BMG,5.0,4
B005NKRMZ8,4.5,4
B00A2YQ14S,4.25,4
B000HA0MHO,5.0,4
B0012O6ZTI,4.25,4
B00GGO6AT4,4.5,4
B008SBGT44,5.0,4
B0046AUFDW,5.0,4
B0012O2KWY,5.0,4
B002QI5Y7I,4.75,4
B002QI5Y82,5.0,4
B0062N0OU0,4.25,4
B00CV8VMEM,4.5,4
B0062M7QCU,4.75,4
B0062M3ODA,4.75,4
B001284IEI,4.25,4
B004UPHT50,4.25,4
B008RU12DO,5.0,4
B0032DCF46,5.0,4
B001284IBQ,4.75,4
B004JLCQI0,4.75,4
B004JLCQIU,5.0,4
B00464EYEY,4.0,4
979079858X,5.0,4
B004JLCQDU,4.5,4
B000LYSELM,5.0,4
B001285Y1E,5.0,4
B00FYZ6Y5Q,5.0,4
B001284HPI,4.0,4
B008FYWCPY,4.75,4
B000LZ43IY,5.0,4
B00A3XGNNC,5.0,4
B004JLEGJ2,4.25,4
B004UQ2DY6,4.0,4
B00KN6YPSE,5.0,4
B001282LA6,4.5,4
B002RT71JK,4.0,4
B00FYZ8KRQ,4.0,4
9790798326,4.0,4
B005O0LOWO,4.0,4
B00FYV2LCK,4.5,4
B00128BAY4,4.75,4
B008FQSFA8,5.0,4
B0007USS0W,4.0,4
B0032ET1E2,4.5,4
B0032ET1II,5.0,4
B004L9DYPO,5.0,4
B0060ZAQMQ,5.0,4
B0032EUYMA,4.5,4
B0006NY0TS,5.0,4
B0051UTNWU,4.25,4
B0060TUTLA,4.25,4
B0051UTM3U,4.25,4
B00464KECK,4.25,4
B000WNC7JW,4.75,4
B004L99UEI,4.25,4
B002RS6KZW,4.5,4
B000GCTD46,4.25,4
B00IJE70N4,4.0,4
B0060R0ERQ,5.0,4
B00GG97CL4,5.0,4
B004L99SL8,4.5,4
B001287BDI,4.0,4
B00BS9UK98,4.75,4
B000EPHRRK,4.0,4
B000NCZ4JC,4.25,4
B00HBK92CO,5.0,4
B0032C32IK,4.25,4
B00D8MI15S,4.25,4
B00125X7CA,4.75,4
B000WOO86G,4.0,4
B000NCV6I0,5.0,4
B00B43KV42,4.75,4
B000H81PXG,5.0,4
B000WO7XC2,4.75,4
B0060M93MI,5.0,4
B002RW7SL8,4.5,4
B001259BXO,4.25,4
B0032B7LOC,4.25,4
B00BSDZSFU,5.0,4
B00A41TZSS,4.75,4
B000LZR6II,4.25,4
B0060LD1SG,4.25,4
B0007UCBOG,4.0,4
B003VGW7O2,4.75,4
B00127YI5I,4.0,4
B0051TYYN4,4.5,4
B00127X15G,5.0,4
B00A3YT9MI,4.0,4
B004UQP514,4.75,4
B000NCX43A,4.0,4
B00127X17E,4.0,4
B00A3YH5Y2,5.0,4
B00127X598,4.5,4
B002RT72B2,4.5,4
B0060OUE5G,4.25,4
B008FZD8PQ,4.75,4
B00C68B2CO,4.25,4
B004UQN03Y,4.0,4
B000C1ZBZQ,5.0,4
B00127U7PS,4.5,4
B002RTS1NU,4.25,4
B000NCX3R2,5.0,4
B000H86C70,4.25,4
B000WNXM3W,5.0,4
B008RRVJSK,4.5,4
B000LZA8HE,4.25,4
B000H85DXE,5.0,4
B002RTVYFC,4.5,4
B00D8PXIA8,4.0,4
B00HHG1LHQ,4.75,4
B0043QZZSO,4.5,4
B0012E0Z8K,4.75,4
B00FY8NBIQ,5.0,4
B0032H0W5G,5.0,4
B002RD6N0Y,4.75,4
B0032H7VPU,4.0,4
B0012E63VS,4.75,4
B003VBWYL8,4.0,4
B005NZF9QC,4.75,4
B0061WJCKK,4.75,4
B0006NUDA8,5.0,4
B002RDBD9K,4.5,4
B004JKG77M,4.75,4
B0006NXBHU,5.0,4
B00C6HLI9C,4.75,4
B008FMRSYG,4.25,4
B000GCT6V6,4.5,4
B000WN5JWE,5.0,4
B000WN5K0K,5.0,4
B0061O40XC,5.0,4
B004ZMT8F2,4.5,4
B00D91JMS8,4.0,4
B00D91G1AK,4.0,4
B004JKH7PS,5.0,4
B0061WMPA4,4.0,4
B008FLQISO,4.25,4
B0012C2CU6,5.0,4
B002RCZ6I0,4.0,4
B002RCZ8JM,5.0,4
B0032JFR0O,4.5,4
B0006N8ZWG,4.25,4
B00FY519BU,4.75,4
B002RD3BWC,4.75,4
B002RCXL3M,5.0,4
B008FID1O6,5.0,4
B0007VAMVY,4.75,4
9790801211,4.0,4
B0051XV2M6,5.0,4
B0032IJZZI,5.0,4
B002RD16BK,4.5,4
B002RD16D8,4.25,4
B002RD16MY,4.0,4
B008FLQHO4,5.0,4
B000WN0RH6,5.0,4
B008FLQHYE,4.5,4
B0061XH1NO,5.0,4
B002RD37TO,5.0,4
B003VBOJWK,4.75,4
B002RD38AM,4.25,4
B008FLQIPM,4.5,4
B0061MOPI4,5.0,4
B0012C1I1A,4.5,4
B00BS9L0KQ,4.5,4
B0061EGBO8,4.25,4
B008FPZUXY,5.0,4
B0061C8UB2,4.5,4
B008FPVH0E,4.75,4
B002RO8B0S,5.0,4
B00A3QFHRM,4.75,4
B0012BJ5CA,5.0,4
B002RMRZIY,4.0,4
B000WN8EZ8,4.75,4
B0061GRDM0,5.0,4
B003VDBVGA,4.75,4
B00D8XLR9Y,4.25,4
B0006NXXLO,4.25,4
B00129I9UQ,4.25,4
B0051VH1EG,5.0,4
B00FYS71R8,4.25,4
B00AB9IU2U,4.0,4
B000NG696K,4.75,4
B0032EWZMM,5.0,4
B000H30EI8,5.0,4
B000WN73QE,5.0,4
B002RJOOXG,5.0,4
B000WN7V66,4.0,4
B00FYI6VCO,4.5,4
B0032GQFK8,4.5,4
B000C1ZDRW,4.75,4
B00KMXBY8M,4.75,4
B000NG80JO,4.0,4
B00BS8ZQ1Q,4.75,4
B0032GSDBW,5.0,4
B000WN6XV0,4.75,4
B00AWEDDD0,4.75,4
B00A3Q3N5A,4.5,4
B0012BVPW8,4.25,4
B008RYC2R0,5.0,4
B008RXHQOA,4.25,4
B00ABAZ1IK,4.5,4
B0012BSL8O,5.0,4
B000NG90F2,4.0,4
B002RL8IV8,4.25,4
B0006NXRA6,4.75,4
B00466F0SG,5.0,4
B000NG887S,5.0,4
B00C2FW5S6,4.75,4
B000LXX66Q,4.75,4
B000NG84FO,5.0,4
B005NJ41YE,5.0,4
B0062W4WKE,5.0,4
B005MZ7S30,4.0,4
B0046KEBFA,4.0,4
B0046JTVA6,4.75,4
B005N38KQU,4.5,4
B008DC0XU4,4.25,4
B008DC0UAW,4.75,4
B003UMDA3E,5.0,4
B002P5YXJC,4.75,4
B001364N62,4.5,4
B0052EOPF0,5.0,4
B004LODSI2,4.0,4
B00135P9FC,4.75,4
B00135NLBG,5.0,4
B004ZH2G4C,4.0,4
B00C7CHNOA,4.0,4
B0052EM4QM,4.75,4
B00HHZYFSE,4.25,4
B00ABXBNA2,5.0,4
B0033XX5CQ,4.25,4
B002P6MN1Q,4.5,4
B00135M57W,4.25,4
B005N56DG2,5.0,4
B000HCNHSI,4.75,4
B000NK9NPU,5.0,4
B00136MJ4K,4.0,4
B008TTA9CI,4.75,4
B003UM2NHI,5.0,4
B008D6XZEQ,4.25,4
B008TT8T5C,4.5,4
B0064QRRXC,5.0,4
B002OUZH52,4.25,4
B003ULXEE0,5.0,4
B005N2X97G,4.25,4
B008D65W1A,5.0,4
B000NKFFU2,4.75,4
B000NKFU98,5.0,4
B000WA6NOU,4.0,4
B004UDRYWU,5.0,4
B000HD1OI2,4.5,4
B002OVMFB0,4.25,4
B005N1VTW4,4.25,4
B000NKE936,4.25,4
B000BP0NFQ,4.75,4
B001381GVK,4.25,4
B00138136I,5.0,4
B00FU8VMH2,4.25,4
B00INR13HG,4.25,4
B0052EVSFK,4.0,4
B00137HN72,4.25,4
B0064FYZ5G,4.0,4
B001358BNY,5.0,4
B001358BNO,5.0,4
B002PG2Z5A,4.75,4
B00DDB9UC2,4.5,4
B0064D3NZ6,4.75,4
B00133IMOY,4.5,4
B00133DREO,4.0,4
B0052EDJ48,4.5,4
B0064DZIH2,4.0,4
B002PHN5T4,4.75,4
B000NJHRZY,4.75,4
B003UOVWSM,4.5,4
B0046IXP0O,4.75,4
B0052ECZUM,4.0,4
B00DDAW2TQ,5.0,4
B008DK9HZI,4.5,4
B0064AW65W,4.0,4
B0013395HW,5.0,4
B0013392Q6,4.0,4
B008TK13LS,4.0,4
B001334K1S,5.0,4
B00CU8CE7C,4.25,4
B000WCMLX0,4.75,4
B001331YJE,5.0,4
B00A27HDSI,4.0,4
B008TMOT08,5.0,4
B00GHAAP02,5.0,4
B00134YLPW,5.0,4
B00134V9S4,5.0,4
B00134VITO,4.75,4
B002PB3VEE,5.0,4
B0064FL5L8,4.25,4
B0052EK0WW,4.0,4
B004LNVSLC,4.25,4
B0064FLPMC,4.0,4
B00GH5J2GU,4.0,4
B0013522VG,4.75,4
B0064FO4AM,4.5,4
B0013537BU,5.0,4
B0064FQOP0,4.75,4
B00A23YQVO,5.0,4
B005N7YHYU,4.0,4
B008DJ2RLK,4.5,4
B0033VVJR6,5.0,4
B000NJJD7Y,4.75,4
B008TNPYLA,4.25,4
B008DJ6J14,4.25,4
B000BP0M1Q,5.0,4
B000052YGB,5.0,4
B00CU5DJTM,4.75,4
B00134LY3Y,4.0,4
B0052EDYU2,4.75,4
B000052YFY,4.0,4
B00DDHHTJC,4.5,4
B0064ENIAU,4.5,4
B002PDR0BW,4.5,4
B00138YJZ0,4.75,4
B00138YNSI,4.0,4
B0046KKVMC,4.75,4
B002OJ7DQ4,4.0,4
B008TYFHWU,4.0,4
B0013AJZNO,5.0,4
B002OHE7S8,4.25,4
B002OHU098,4.0,4
B004ZGKYT2,4.5,4
B008TYHCC8,5.0,4
B002OHOY68,5.0,4
B005MZMCEK,4.0,4
B0046KJPWO,5.0,4
B002OJKLZ4,5.0,4
B004IX5UQE,4.0,4
B0013A9PWA,5.0,4
B0052GZE3A,4.75,4
B004IXL9SM,4.25,4
B000W9PK86,4.75,4
B002OLQ1AQ,4.0,4
B000NLDRTC,5.0,4
B00346HWA8,5.0,4
B008D1BDCW,4.75,4
B005MZGPTS,5.0,4
B0013ANTNQ,4.5,4
B002OM4IKK,4.75,4
B00FU5KQJK,4.25,4
B00DEK2B4Q,4.5,4
B002OEC6T8,5.0,4
B000NLSKWG,5.0,4
B008CYLCYE,4.75,4
B00DELLUV0,5.0,4
B0046KLZDG,4.0,4
B003YV0LRE,4.5,4
B0046KM8L4,4.75,4
B008TYKW5C,4.0,4
B00AC2LR1W,4.5,4
B00BRLPAR4,5.0,4
B00C2C0VPI,5.0,4
B00A1M987I,4.5,4
B003UHD5UM,4.5,4
B00656NLEU,4.75,4
B004LRO7G6,4.5,4
B0013AWN1A,5.0,4
B00CTTE498,5.0,4
B000EGIFK2,5.0,4
B008TYJMEE,5.0,4
B0006IQJGA,5.0,4
B002OHDL26,4.25,4
B0046KIWTG,5.0,4
B002OM4ILE,4.0,4
B0064RJR0W,5.0,4
B000C210FA,4.5,4
B000NKI0PO,4.75,4
B0046KHCB0,4.75,4
B00ABZ67NS,4.0,4
B00J7G4A7C,5.0,4
B004W1P6H0,4.0,4
B002OQBJT4,5.0,4
B003UK9XAA,4.25,4
B001392TLA,4.25,4
B002OSPFA6,4.75,4
B003UKNUKE,4.75,4
B000NKHXLG,4.5,4
B0046KH6VQ,4.0,4
B004J0EWTW,4.0,4
B00341AK2U,4.0,4
B008D5MC3C,5.0,4
B001390QDI,5.0,4
B003UKTOKY,5.0,4
B0006LJ1TO,4.75,4
B005N005LG,4.5,4
B000LRH4CO,4.5,4
B002ONOH32,5.0,4
B0046KHKOO,4.75,4
B002ONMRSO,5.0,4
B002ONF7CM,4.0,4
B008D2N7L6,4.0,4
B00AC2JDG8,5.0,4
B000W9WWUU,4.75,4
B00139KTQM,4.0,4
B000LRHEZ6,5.0,4
B008D227OO,4.0,4
B000NLC91O,4.0,4
B000LRH5N2,5.0,4
B00A1PH2G4,4.0,4
B00651OVPI,5.0,4
B00651OV3U,5.0,4
B00651L5FW,5.0,4
B006517QSM,4.0,4
B005MZTQ4Y,4.75,4
B000052YPM,5.0,4
B008D3R9N2,4.5,4
B005MZU8WI,4.25,4
B000LRHGOU,4.25,4
B00344WY1C,4.25,4
B0043JJK6O,4.0,4
B001395R0K,4.0,4
B000W9UNNS,4.5,4
B0013958VS,4.0,4
B00132ZCVQ,5.0,4
B004JAM02S,5.0,4
B0046E8KK8,4.75,4
B000BCGAEW,4.5,4
B0063HPNRO,4.0,4
B002Q6YUVQ,5.0,4
B0012SCJ08,4.5,4
B0012SCP7K,5.0,4
B002Q6PVPU,4.0,4
B00DC908GC,4.0,4
B000WCPDXK,4.5,4
B004UJODNM,4.0,4
B000LTPNP2,4.0,4
B0063DOQY4,4.25,4
B00337PJTO,4.25,4
B000WG7W08,4.0,4
B0063G8JWQ,4.75,4
B004LHERAM,4.5,4
B003UT1KGQ,5.0,4
B0063GTPII,4.0,4
B0012SEQDG,4.5,4
B0063I68X6,5.0,4
B0063I753S,5.0,4
B00528R17K,4.75,4
B008E64YQS,4.25,4
B000BCDRZM,4.25,4
B0012UFF1G,5.0,4
B0012UFFEI,4.5,4
B000HAZZKS,4.75,4
B00HWL2AVM,4.5,4
B00DCB4ADC,4.5,4
B00528TKSS,5.0,4
B005NH7P7Q,4.0,4
B008E35S4S,4.75,4
B008SX3KDK,4.5,4
B00339V9KU,4.0,4
B008SUSNRG,4.5,4
B00A2JJN0C,4.75,4
B004ZIFJS6,4.0,4
B000HAYCB6,4.75,4
B004ZIFJSQ,4.0,4
B000WFL0L6,4.0,4
B00DCBH372,4.25,4
B0063IMGY6,5.0,4
B004LHRCBI,4.75,4
B0012SGQ9S,5.0,4
B002Q67B1M,4.0,4
B0063B2A8A,5.0,4
B0063B21GQ,5.0,4
B003UVVDYI,5.0,4
B004LH0PSU,4.25,4
B005NIU1G2,4.5,4
B0012RWOGI,4.75,4
B003UVVALE,4.75,4
B002Q968M2,5.0,4
B0046DASFO,4.75,4
B0043MS30A,4.75,4
B0012RWOXQ,5.0,4
B00634RMDA,4.5,4
B0012RV5K4,5.0,4
B00BS2FT64,5.0,4
B0012RUXTI,5.0,4
B0006LNKM8,4.0,4
B0012RUTC4,4.25,4
B0046D3A2W,5.0,4
B0012RULI6,4.75,4
B005NIU8MY,5.0,4
B0046D05F2,4.5,4
B00525ZQA2,5.0,4
B002QDHSMW,4.0,4
B0062ZS7MK,4.25,4
B000HAM6MS,4.75,4
B000C1ZFHU,5.0,4
B005NIVYX6,4.0,4
B008EKBK8Y,4.0,4
B00AW3JEZM,5.0,4
B005NISYIE,5.0,4
B00HHVMJRW,4.25,4
B002Q7WN7I,5.0,4
B0046DFYGC,4.0,4
B002Q7WJ4K,5.0,4
B0063AAQA0,4.75,4
B0012RY8K8,4.5,4
B004LH9DOM,5.0,4
B00BUIKQ9G,5.0,4
B008EDF2F8,4.75,4
B000WGCN70,4.5,4
B0006LNJKG,4.75,4
B008EGP5IO,4.0,4
B002Q80JAU,4.5,4
B0012RXB10,4.75,4
B0012RXAWK,4.0,4
B005NIT5DM,4.75,4
B00A2UM68M,4.75,4
B008EHUSOO,4.75,4
B0046DCFI2,5.0,4
B008EJFASG,4.0,4
B0006LNGZY,4.0,4
B008E0JPHC,4.5,4
B0012ZKD2W,4.25,4
B00640ZOZ6,4.5,4
B008DUN6Q4,4.25,4
B008TAKX8C,5.0,4
B000C1W0DC,4.5,4
B000NJG8WW,4.75,4
B00BUNOZY8,5.0,4
B008DUIKT2,4.75,4
B0052BI7J8,4.5,4
B004UGOQ6Y,5.0,4
B008DU5TKA,4.0,4
B00HA7NFUS,4.5,4
B004UH3TUW,4.0,4
B002PO01GW,5.0,4
B00640F7G2,4.25,4
B003URFTB0,5.0,4
B005NBSZ0I,4.5,4
B000LSJN8G,4.0,4
B000GHEH2Y,5.0,4
B008DW26G8,4.5,4
B0012ZGAH4,4.25,4
B008DW26J0,4.75,4
B002PSMZ80,5.0,4
B000NJE5AO,4.75,4
B00A2DSY3A,4.75,4
B00BGFG6G0,5.0,4
B00IAKD2C0,5.0,4
B002PJXHB8,4.75,4
B00132CESU,4.5,4
B004UGJWRC,5.0,4
B0033RFIPY,4.0,4
B002PK0RO2,4.0,4
B008DQ0KFS,5.0,4
B00CUAJJP0,5.0,4
B00645BJIC,5.0,4
B004LLLZO4,5.0,4
B008DMSIV0,5.0,4
B003YUW0ZG,4.5,4
B008TG8QTE,4.75,4
B000BC5D3G,4.0,4
B003UPIUJK,4.0,4
B00CUBQO7A,4.75,4
B0033RA2AU,5.0,4
B0064299DM,4.75,4
B000C2104Q,5.0,4
B0046HOI2E,4.25,4
B00ICRI1AE,5.0,4
B005NCHICI,4.25,4
B000052XVB,4.25,4
B0012X5SX8,5.0,4
B004UIJFTK,4.25,4
B008DZTUWI,4.5,4
B00GH2J1LY,4.0,4
B0012X5VYO,4.25,4
B008DZTAUA,4.5,4
B003USEFYQ,5.0,4
B002Q0PFUW,4.75,4
B008DZ52B6,4.25,4
B004W0EQB8,4.75,4
B002PZZDAA,5.0,4
B0006LNFYG,4.75,4
B002Q2J4RU,4.25,4
B002Q2KBWM,4.0,4
B000WEG4BI,4.0,4
B008E00IAU,4.5,4
B008E0AFN0,4.5,4
B00C78I870,5.0,4
B00CUOMO6W,4.0,4
B002Q3CGC4,5.0,4
B00A2HOVMO,5.0,4
B005NFHTYM,4.0,4
B008E0IR4E,4.0,4
B0063M24HQ,4.75,4
B0033A9O9W,4.75,4
B000GCQ056,4.25,4
B0033D0HPE,5.0,4
B0033D7QQW,5.0,4
B0006LNBYU,4.0,4
B004J4S5E6,5.0,4
B0063ULDWK,5.0,4
B0012XUYS2,4.25,4
B002PUY9KK,5.0,4
B0046HG1P6,4.5,4
B004UHTZ4G,4.0,4
B0012Y0ZG2,5.0,4
B0012Y5NXW,4.5,4
B004UI2XZS,5.0,4
B002PXATQA,4.75,4
B002PYBZKS,4.5,4
B00B4FNAUW,4.75,4
B004W0FW8O,4.0,4
B0012XK7U2,4.5,4
B003USE3ZM,4.25,4
B008SZ67VA,4.75,4
B008SYY3CQ,5.0,4
B0034KF0KS,5.0,4
B0002ST5CO,5.0,4
B007BV77A2,4.0,4
B001CT08PU,4.0,4
B007D1YUX2,4.5,4
B0095ZLBCW,4.5,4
B0072FTSV8,4.0,4
B001CT08FA,5.0,4
B00ERQ1156,4.25,4
B0072FTR0A,4.5,4
B001L14X8M,5.0,4
B000ULL7C4,5.0,4
B001F0RBF6,4.75,4
B0078PXR1O,4.75,4
B000ST49D2,4.0,4
B00BWV74SC,5.0,4
B0072FTJUI,4.0,4
B00BOJJ83G,4.0,4
B003I8CTIM,5.0,4
B0095Z7WS4,5.0,4
B0078PXNCW,4.25,4
B001P4TZPG,4.75,4
B00029RT80,5.0,4
B000PVUAI6,4.75,4
B004FVY02E,5.0,4
B00021714A,4.75,4
B004XN18OC,4.0,4
B00F3DPN6U,4.5,4
B003BMC3QI,4.75,4
B001L1GW40,5.0,4
B007D2ABGQ,4.5,4
B000195NUC,4.75,4
B0009YWDKW,5.0,4
B001F0RBHE,4.0,4
B007SH65QG,4.5,4
B004X1V7OK,4.0,4
B0072FU7GI,4.75,4
B00ERVOSYM,5.0,4
B0072FTJL2,4.0,4
B001CL2L7Q,4.0,4
B000SAPEYO,4.0,4
B003BL0PLY,4.0,4
B009OMOW1S,4.5,4
B003D9BNBU,5.0,4
B004D52402,5.0,4
B004XAPESQ,5.0,4
B007WRVAGC,4.75,4
B009C3L7SK,5.0,4
B005CRZRWM,4.75,4
B001KZMBHE,5.0,4
B000SAJ774,4.5,4
B0095UFIW6,4.25,4
B001CT055I,5.0,4
B0002A65M0,4.75,4
B00K4EC5UA,5.0,4
B00ALM9L9I,5.0,4
B000JL8PVG,5.0,4
B005CROW78,4.0,4
B001CT07UQ,5.0,4
B0009YS41Y,4.75,4
B001L0ZOWC,4.0,4
B00E4MG9JG,4.0,4
B007HKDAL2,4.0,4
B001TNODMS,4.75,4
B009JH9RVI,4.75,4
B009OMC3TQ,4.75,4
B003L6ZADC,5.0,4
B007HKEQ74,5.0,4
B00GYFQV9E,4.0,4
B003BL47PO,4.5,4
B0095YLNKI,4.0,4
B00CHVX38G,4.5,4
B004D4WYZ8,4.0,4
B0072FS7HY,4.0,4
B004X2176C,4.75,4
B00F3BGVIQ,4.5,4
B003BMM34K,4.0,4
B001MP2WH6,5.0,4
B00IQZJFZC,4.75,4
B004FVU96K,4.5,4
B000ULJKN2,4.5,4
B0040BABBI,4.5,4
B00BOJGRO4,4.5,4
B004RJT2QS,5.0,4
B001ECQ502,5.0,4
B00BWVYY26,5.0,4
B007HCDUKG,4.25,4
B00E4PZ58O,4.75,4
B001G0F1ZC,5.0,4
B004RJXB3I,5.0,4
B001CT0ABM,4.0,4
B009HBXLJU,4.5,4
B0040B82AK,5.0,4
B000K5JC0E,4.0,4
B001CT09HC,4.5,4
B00028Q3UQ,5.0,4
B007HC28MC,4.75,4
B005C2CTPU,4.0,4
B003I8GTW4,4.25,4
B000ULJJ60,5.0,4
B00E4QX9OK,4.25,4
B001TH8NVQ,4.25,4
B0078P5Y4W,4.5,4
B000K5JBZU,4.75,4
B0072VP848,5.0,4
B000RE40H8,4.75,4
B009OFV362,5.0,4
B001THNNFW,4.25,4
B00CJN8ECM,4.25,4
B00EADHJVQ,4.75,4
B003I8GSC0,4.5,4
B007WOEXH8,5.0,4
B007P1HP3M,4.5,4
B007HCHC64,4.25,4
B001L2CBOY,4.0,4
B009OJ05ZS,5.0,4
B001TJHSCO,4.5,4
B001P4XLB0,4.75,4
B00CFMDW7O,4.5,4
B00BOJHYTG,4.5,4
B007P0MITE,4.0,4
B001CT09KY,4.25,4
B004EWBYSC,4.5,4
B0095ZYK7K,5.0,4
B0009R5BYE,4.0,4
B000JL8QO2,4.5,4
B00CFMKOUC,4.5,4
B001ECQ520,5.0,4
B0009YWDM0,5.0,4
B004EEGDRW,4.75,4
B001CT09J0,5.0,4
B001L1MNDY,4.75,4
B004X234N6,4.25,4
B001P4VSEW,4.75,4
B003L2OZQE,4.75,4
B0009Q657C,4.5,4
B007HCHWY6,4.5,4
B00E4MRGKW,4.0,4
B000GLFP94,4.0,4
B000144KWO,4.25,4
B009JH6PS6,5.0,4
B004C2TTQI,5.0,4
B00E4OIJCY,4.25,4
B00CM104UQ,4.0,4
B0072P4SMW,5.0,4
B001CT09ZO,4.0,4
B00BWVX0JY,5.0,4
B00BWVQ9Y2,4.25,4
B001CT09U4,4.25,4
B000C1UEUS,4.0,4
B0058S99R4,4.25,4
B001TJ2QNU,4.75,4
B0040B631A,4.75,4
B001TJ7AMM,4.75,4
B00F3CXPUM,4.5,4
B004RKNOZC,4.0,4
B00ALKJA0U,5.0,4
B0001BOQG2,4.75,4
B004ROWNXW,5.0,4
B00F3HT1PU,4.25,4
B00424UKPK,5.0,4
B000CDQA18,4.5,4
B007OT1Z86,4.0,4
B007X0V7Q6,4.75,4
B00CD7CKBU,4.75,4
B001TX71WC,4.5,4
B001P2Y9I6,4.25,4
B003BHZ5BI,4.5,4
B00K4FJQA6,4.75,4
B007X0VDQ0,5.0,4
B000IOASY6,4.5,4
B00ER9O7VI,5.0,4
B001EUEO8Y,5.0,4
B004RPPA22,5.0,4
B001CLE9OY,5.0,4
B000IOAAQ2,4.25,4
B003DBJ2JS,5.0,4
B004C3I67A,4.75,4
B00F3RG2PM,4.25,4
B001KYW648,5.0,4
B000PU5FPK,5.0,4
B004B8EC0Q,4.5,4
B001ECW86C,5.0,4
B00GNXG5NO,5.0,4
B00GYF0Z1Y,5.0,4
B001COUNZA,4.75,4
B00F3P93PK,4.75,4
B000QRFGP6,4.75,4
B0078W6RTQ,4.0,4
B00IQWS3A8,5.0,4
B00020YY2I,4.75,4
B003LD82JO,4.5,4
B001CORDB2,4.0,4
B00F3PO3J6,4.5,4
B000FQBDAA,4.0,4
B000E26H2E,5.0,4
B0009JVKGU,4.0,4
B000PTHB2Q,4.25,4
B001TXVZP6,5.0,4
B000F8OIXM,4.5,4
B000BVCSKS,4.5,4
B00EXGYAR6,4.0,4
B0078X9S9G,4.5,4
B007OT1WES,4.75,4
B003BGWR8S,5.0,4
B000RF5DU0,4.25,4
B0078XAXK4,4.5,4
B003BGWR7O,4.5,4
B00E3VYL1Q,4.0,4
B000JL8MBY,5.0,4
B001KYVUCM,5.0,4
B005HB9HG0,4.25,4
B000R4U24S,5.0,4
B000ULPD7Y,4.25,4
B005HBCH94,5.0,4
B000JL8M32,4.25,4
B000K7GYN0,4.0,4
B00CMBS70U,5.0,4
B001CL6QL8,4.5,4
B001TZBCP2,5.0,4
B000ULP5J0,4.0,4
B00JT4GOEE,4.0,4
B00726E5CO,5.0,4
B005F79JG4,5.0,4
B00GWBZM7C,4.25,4
B001G6V8OO,4.25,4
B001KYVZB8,4.25,4
B009OWK1OK,4.25,4
B001CL8918,5.0,4
B003I7ZZV6,5.0,4
B003F1WCWA,4.75,4
B00E3Y3AD8,5.0,4
B009OWK23U,4.25,4
B001TZLAWC,4.25,4
B00CEMB43O,4.75,4
B00BWTX1PO,4.25,4
B001KYVY8W,5.0,4
B003F1OK9I,4.5,4
B003F117BC,4.5,4
B009OQ6ON8,4.75,4
B001CT027O,4.75,4
B007HKOHVO,4.75,4
B005AZRAR6,4.75,4
B0058QM6QM,4.75,4
B000E240QY,4.75,4
B000214REW,4.0,4
B00K4EQHGI,4.25,4
B0040TJ7B0,5.0,4
B0058QFG3W,4.0,4
B000FQAJD2,4.0,4
B000S9RLRS,5.0,4
B0058PY4IQ,4.5,4
B004G1ARN4,4.0,4
B000ULN7B8,4.25,4
B000K74YZU,4.75,4
B001CT028I,4.25,4
B001P44I4E,5.0,4
B001ECU04E,4.25,4
B009C4AI0W,4.75,4
B0072EXF9U,4.5,4
B001ECQ5L6,4.75,4
B0009KN8SC,4.0,4
B001TOYJQM,4.0,4
B000ULLL8Y,4.5,4
B004FXJQNK,4.25,4
B003BKEO8A,4.0,4
B00BWUTRI8,4.5,4
B003F14JIK,5.0,4
B009OP5TSA,4.5,4
B001ECQ85E,4.0,4
B004CNILES,4.75,4
B000REOF1O,4.0,4
B001G477L4,5.0,4
B003BJA4DK,4.75,4
B007WTMVKY,4.25,4
B003LA58US,4.5,4
B001P3SSC8,4.0,4
B007OTJT0W,4.5,4
B00AHGVRJU,4.0,4
B007WU4JGC,5.0,4
B00E457BZE,4.75,4
B000FKHLES,5.0,4
B004B8GEMK,4.75,4
B004D55V6Q,5.0,4
B007WVWI28,4.25,4
B001KYWAUS,4.25,4
B000AADG4W,4.0,4
B007WWQAJY,4.75,4
B001G60HZU,5.0,4
B001CQ1EQA,5.0,4
B007WXI1PO,4.0,4
B001TSPM0A,5.0,4
B009H57XV8,4.0,4
B009H6KGIY,5.0,4
B001TSL01U,5.0,4
B004EWDHVO,4.25,4
B000RETQPE,4.25,4
B000AADFZ2,4.0,4
B0078TSMRE,4.5,4
B001CRZRYE,4.5,4
B004RPJAHS,4.25,4
B000K78C6W,5.0,4
B001TSJDBY,5.0,4
B000K7CU1A,4.75,4
B00CHV9GY6,5.0,4
B004B8QKGK,4.5,4
B001TSJHFQ,5.0,4
B0095KZMFE,4.0,4
B003JKDNQQ,4.75,4
B000CFITWO,5.0,4
B005HA9F9K,4.75,4
B0072CPN8I,4.25,4
B001TSKRN2,5.0,4
B001CRWXBO,4.0,4
B000RE3JM0,4.75,4
B001L3BIHO,4.25,4
B000ULD9KM,5.0,4
B001T8HU8M,4.0,4
B000ULDA0Q,4.0,4
B009NYREW6,4.5,4
B001D0G2HG,5.0,4
B00AHUDG7C,4.25,4
B000QJCJLI,4.0,4
B004QPRHOC,4.0,4
B001T8I32E,4.75,4
B00E577S54,4.5,4
B00JSXULKY,5.0,4
B00AHUCX80,5.0,4
B007D5QUIQ,4.25,4
B001D0G244,4.0,4
B000AAAWTO,5.0,4
B00CEL724U,4.75,4
B00016XGN6,4.0,4
B001T8FRR8,4.5,4
B005AYFYAM,5.0,4
B005COBGLQ,4.0,4
B003BQH9YK,5.0,4
B000SDTOTW,5.0,4
B007D5WFDK,4.5,4
B007P5ETNC,5.0,4
B00028OTD4,4.75,4
B007QVWO14,4.5,4
B00K3FDK40,5.0,4
B000CECTDU,4.5,4
B00ESFZLUM,5.0,4
B001T89I82,4.5,4
B001LBH1T0,5.0,4
B00028OTX4,5.0,4
B000E131ME,4.75,4
B004OKDZCM,4.75,4
B0098XVXLU,4.0,4
B007P56GF6,4.0,4
B007H2DRJU,5.0,4
B000CLD7MA,4.25,4
B00014DV60,4.0,4
B001D0B24O,4.75,4
B005GYHUVW,4.25,4
B001T8MB4U,4.0,4
B001D0B23K,4.75,4
B000A3ENX2,5.0,4
B007H2VFBM,4.5,4
B003KV5W1S,4.75,4
B0073B3FZ6,4.25,4
B000QJIMU0,4.75,4
B00JLASWJQ,4.25,4
B004O62ARC,5.0,4
B001L9C71O,4.25,4
B0040DDO38,4.5,4
B004RE2LSE,4.25,4
B007W9CQB8,5.0,4
B001T8MADW,4.75,4
B001L9XN76,4.25,4
B003BQ7QYI,5.0,4
B001D0F5W4,4.25,4
B000F9X6G6,4.0,4
B003KUN3M4,4.25,4
B009LEN8LO,5.0,4
B001D0E5JI,4.5,4
B000K3TMWE,5.0,4
B001D0DNVE,4.0,4
B005FUDLR4,4.0,4
B001D0CZL8,4.5,4
B001FWXKF4,4.75,4
B003BPZRFE,4.5,4
B00ESEC8GS,5.0,4
B001D0CWP2,4.5,4
B00421SRLM,4.25,4
B001L9MLR4,4.25,4
B0073D1WJ0,4.0,4
B005CNXTZ8,5.0,4
B0058YFAYY,5.0,4
B00AI0L7A4,5.0,4
B003JLZ796,4.75,4
B001D6U7RG,4.25,4
B009NVKF8Y,4.25,4
B003KR5R62,4.5,4
B0073MF52Q,4.25,4
B0041T9NKO,5.0,4
B000FKHWCY,5.0,4
B001D6KHQC,5.0,4
B000FKHW9M,4.75,4
B001D6IRTQ,4.5,4
B001SZ3HNI,4.75,4
B001D6EFMO,4.25,4
B007GYBNJ0,5.0,4
B005CNA94C,5.0,4
B001FWXJCI,4.75,4
B00BWWHUEO,4.75,4
B004BDRSOS,4.75,4
B007W15V4A,5.0,4
B00014EI76,5.0,4
B0073PCGB6,4.0,4
B001SYWXEI,5.0,4
B003I93N4U,5.0,4
B000JLAVKO,4.0,4
B001SYYI0K,5.0,4
B00420SYQG,4.75,4
B001SYYJT0,5.0,4
B001D6Z8XE,4.25,4
B004O99C8Y,4.75,4
B00420T19A,4.25,4
B001D6UA6Y,4.0,4
B0001BOC0M,5.0,4
B007W2RK5M,4.75,4
B0073LDRPE,4.25,4
B004FS81SQ,5.0,4
B000JLAUWI,5.0,4
B001T4PDHQ,4.25,4
B00IGGTW5O,5.0,4
B00E58ZMHO,5.0,4
B00BLDLOXC,4.5,4
B001P6GKCK,5.0,4
B00AHXE9AW,5.0,4
B003I9254Y,5.0,4
B004P7889Y,4.0,4
B000CED100,4.5,4
B000FKHNPU,4.0,4
B007D61YKY,4.25,4
B001D1FO24,4.5,4
B000ULCVRE,4.5,4
B00AHXR1PC,4.25,4
B00EA5B1UO,4.0,4
B007W362HI,5.0,4
B000PZ8F70,4.75,4
B000JLAV68,4.0,4
B003KRGLEY,4.5,4
B000BVMZTW,4.75,4
B0058YK7QU,4.25,4
B00EA5B4ME,4.5,4
B00EXKVLIS,5.0,4
B000ULCV5G,4.5,4
B003KS9LW2,5.0,4
B001T3ZV6U,4.0,4
B001L8ZV18,4.0,4
B004O5Y9H2,4.5,4
B004RJ0UAU,5.0,4
B000K5HCVK,4.0,4
B00016XLRW,4.75,4
B001L46GCK,4.75,4
B007342KZO,5.0,4
B00961VG4I,5.0,4
B007342B12,4.75,4
B000217KSM,4.5,4
B004RHOR4M,4.0,4
B00AJS8N4I,5.0,4
B00BLVLJ9I,4.5,4
B000FQ5Y1O,5.0,4
B000PWOZEA,5.0,4
B000TM19HC,5.0,4
B004QJ1EAQ,5.0,4
B000PWMHX6,4.5,4
B001CWQZ2W,4.75,4
B00BLVC3VQ,4.75,4
B001L4PGIK,4.75,4
B0078J7QMG,4.25,4
B00GQS1VU8,4.0,4
B003I8KDMQ,5.0,4
B0078IITTG,4.25,4
B003BNG6II,4.25,4
B009HIW856,4.25,4
B001F1U6HA,5.0,4
B000TM8R36,4.25,4
B003D7ZJK8,4.0,4
B001CXF6QM,5.0,4
B003KXYU9Q,5.0,4
B00ES601AG,4.0,4
B003KXZIFG,5.0,4
B000ULH34K,4.5,4
B003KY2H6S,4.5,4
B001FXUKDI,5.0,4
B004D2V56E,4.5,4
B000ULHQY2,4.25,4
B00AZNJTP4,5.0,4
B00B9PG22A,4.75,4
B000SC1IU6,4.75,4
B009OAQQ3M,4.0,4
B004BCKD1O,4.75,4
B004BCKARG,5.0,4
B0001BOPZO,4.25,4
B007WMINQW,4.25,4
B00E4RJVXW,5.0,4
B000CEAOB4,4.75,4
B001ECQ4YY,5.0,4
B000SBV938,4.5,4
B00F39YRWK,4.75,4
B00028PZC8,5.0,4
B001TFD9QC,4.5,4
B0042228R0,4.25,4
B001CTI32K,4.75,4
B004QIT8O6,5.0,4
B005H40XGU,4.75,4
B00730WBFC,4.0,4
B0041PUUXW,5.0,4
B004XER9SK,4.75,4
B005FTPPU6,4.75,4
B001MP2PP0,4.25,4
B000146LEO,4.5,4
B009LDKTO4,4.25,4
B007SHLE2Q,4.5,4
B001CWECIG,5.0,4
B007WM6W74,4.0,4
B001TEGDZ2,5.0,4
B001FYV9CS,4.5,4
B001CUM9WO,4.5,4
B00E4T7VK0,4.0,4
B00E4SQ6F2,4.75,4
B007WMA9S2,5.0,4
B000ULIHC2,4.5,4
B007QX4YBA,5.0,4
B005FU9RIQ,4.0,4
B00F2Y1NKK,4.5,4
B001T8OY2M,4.5,4
B000RBIURW,5.0,4
B00CDA96LY,4.0,4
B007H3KLLG,5.0,4
B0073A4YSE,5.0,4
B00739UU1U,4.25,4
B001CYIE9C,5.0,4
B00E4YB066,4.25,4
B003I8YCDC,4.5,4
B00F2ZAK2Q,5.0,4
B000SSUS4C,5.0,4
B00ANJJUTU,4.0,4
B00F31KLP0,4.25,4
B007H3WIEY,4.75,4
B001T8QH0O,4.75,4
B00963OLSO,5.0,4
B000GI0W9A,4.0,4
B001L7YZG6,4.0,4
B005H0YEXC,4.25,4
B000BYQBPI,4.25,4
B00963XOY6,4.5,4
B00EI3JX7G,4.75,4
B004RGHO84,4.75,4
B00HZM9FI4,5.0,4
B00BBKHCQI,4.75,4
B001P5PC2K,5.0,4
B000PY59QQ,5.0,4
B0073AX8YK,4.0,4
B003ESZBEA,5.0,4
B00BLUYTN2,4.0,4
B003I8YI40,4.75,4
B00AQ2B8WQ,4.25,4
B007WA4EQC,4.5,4
B007P491LI,4.25,4
B00963YHAQ,4.75,4
B000F9PI62,4.75,4
B00963Y4VS,4.0,4
B003E17SNE,4.75,4
B004220CVO,4.0,4
B000RBKWK0,4.5,4
B003E178MK,4.0,4
B000FQ5T2S,4.0,4
B004C291BG,4.5,4
B00ESBL1YG,4.75,4
B00BLV9Z6C,4.5,4
B00AQ2P83Q,4.75,4
B00E4WITBW,5.0,4
B00014D2ZA,4.0,4
B00E4WIP20,5.0,4
B001L4PPUE,4.0,4
B007QX4C5S,4.75,4
B00H0P63GS,4.5,4
B007H4JI1Y,4.75,4
B00CLW14CS,5.0,4
B00E4XYCT4,5.0,4
B001FWXM9I,4.0,4
B009O0U8VS,5.0,4
B0098ZY0R2,5.0,4
B00CLVXXPK,5.0,4
B00BK4UJ10,4.5,4
B005FU9FIS,5.0,4
B005H2ZV64,5.0,4
B004220DOA,4.75,4
B000217P3C,5.0,4
B005H3AFD2,4.5,4
B00CIUPHFS,4.5,4
B00BZ3SK1M,5.0,4
B001T8S9Y6,4.0,4
B00HQ6LU64,5.0,4
B00EQZDMBO,4.5,4
B00020UR2Y,5.0,4
B00E1J79LE,5.0,4
B007OGW5VK,5.0,4
B001BTN6LY,5.0,4
B007XPL6DK,5.0,4
B004G7ZB5M,4.25,4
B005B62A56,4.75,4
B005FPMOPO,5.0,4
B007XQDO2A,4.5,4
B004R0P8XS,5.0,4
B001G7PQ0A,4.5,4
B00021DW6G,4.5,4
B001UO66YY,4.0,4
B001MSH1RO,4.5,4
B007ODZ7F4,5.0,4
B001MSJKVO,4.75,4
B004NZJ9AU,5.0,4
B007120BF4,4.0,4
B003I39QN8,5.0,4
B001UO24JA,5.0,4
B004AWXV1E,4.0,4
B001KYRTWM,4.0,4
B00JJZBJEI,5.0,4
B000A408TE,4.25,4
B00GNH6P9E,4.25,4
B004AY2YG0,5.0,4
B007XOYH78,4.25,4
B003JJX16Y,4.5,4
B001UNCROS,4.75,4
B001UNCRQG,4.0,4
B00CHRYD0C,4.0,4
B007OGXCQC,4.5,4
B007XP9L9Q,4.5,4
B004C5XGOQ,5.0,4
B001OR8J0Q,4.5,4
B000142JEK,4.75,4
B005ELMREM,4.25,4
B005HKMO7U,5.0,4
B004G86A7Y,4.0,4
B00BWTUK6W,4.75,4
B000PK283M,4.0,4
B0094JPYZY,5.0,4
B004G88QDU,5.0,4
B005EKJ1AG,4.0,4
B003B3U9Z4,4.25,4
B003E13OBE,4.25,4
B009PL2OF4,4.25,4
B007QZ4C3S,5.0,4
B001G7PQSW,4.0,4
B00AZUPB9K,4.75,4
B0070XALNQ,5.0,4
B000PJVM1W,4.0,4
B000E3FHQU,4.75,4
B009PL9HKE,4.5,4
B00HNCX93S,5.0,4
B00I8NACK4,4.0,4
B001BR4NDQ,4.25,4
B000RI8BY2,4.25,4
B00AH06XAY,4.75,4
B000UQY9M4,5.0,4
B001BSFDAW,5.0,4
B00EJLOVJM,5.0,4
B001BSFCLW,4.5,4
B0079G2EKM,4.75,4
B000FF9OGQ,5.0,4
B00H1ZP3KY,5.0,4
B000142G5M,5.0,4
B00017UZ8Y,4.0,4
B003I39QLU,4.75,4
B003M0E6RS,4.5,4
B001BRFB0K,5.0,4
B001UOU6EU,4.0,4
B0058ER3XK,4.0,4
B007OD0QIC,4.75,4
B0002DLPAE,4.0,4
B000K8CNQQ,4.5,4
B00BOJUTIY,5.0,4
B00B0OJ12S,4.0,4
B003M0OWS6,5.0,4
B001UNA5VA,4.25,4
B007S9PUR4,4.75,4
B007HXKLF2,5.0,4
B00718ZCAC,4.75,4
B000142NJQ,4.25,4
B003F70XHA,4.0,4
B005HJ74BM,4.75,4
B003DHPP2A,5.0,4
B007CY3EZU,4.75,4
B00BY55P8C,4.25,4
B007QYVPN4,4.5,4
B000PKWAN0,4.25,4
B005ELPIPC,4.75,4
B001UKUWZC,5.0,4
B000142NQ4,4.25,4
B001G7PPEM,4.0,4
B001G7PNYE,4.75,4
B009AEFCXC,5.0,4
B001G7PNYO,4.25,4
B007OLV68S,5.0,4
B00E30NVG8,4.25,4
B000PKZNW0,5.0,4
B00HT85LO6,5.0,4
B003JJZ13K,4.25,4
B001C2ZWR6,4.0,4
B004EBDC56,4.25,4
B001UIQVKO,5.0,4
B003I3Z0NI,5.0,4
B000JWEXCA,4.0,4
B001UJ09LA,5.0,4
B00994GVLA,4.75,4
B007191A2K,5.0,4
B001F0QWWE,5.0,4
B0009IV1JC,4.25,4
B00F4PI2YM,4.0,4
B003LZNN9G,4.0,4
B0009YDOGY,5.0,4
B000RHOW5A,4.25,4
B007I005JQ,4.0,4
B000JBWZQM,4.75,4
B001ULUP4Y,5.0,4
B000142JYU,4.75,4
B000FGW67E,4.5,4
B005HJHPH0,4.25,4
B007S89NR8,4.25,4
B0058FO0ZI,4.0,4
B001EJOR7I,4.25,4
B000UQGPLC,4.5,4
B00H1Y8AXW,4.75,4
B004AY6YIY,5.0,4
B00BBQ84OG,4.5,4
B000GOZWE4,5.0,4
B00CEOWWHE,4.0,4
B000CD5UBE,4.75,4
B001KYRXRS,5.0,4
B000K7VI90,5.0,4
B0058FO1Z2,5.0,4
B000QTG3HO,5.0,4
B00AH2ISNC,4.5,4
B000S85DS8,4.25,4
B000CD5URS,5.0,4
B001KYRYX6,5.0,4
B007I004XS,4.5,4
B003F7NVS8,5.0,4
B000142K3K,4.75,4
B001ULDAUU,4.25,4
B007OH73GQ,4.5,4
B00718CKAC,4.5,4
B0058FO1MK,4.5,4
B00ALT8X54,4.0,4
B000RIEABK,5.0,4
B001BNP4D8,4.0,4
B00JJOVAES,5.0,4
B005CWSDFK,4.5,4
B0079K8B0K,4.0,4
B004QECB12,5.0,4
B009PQ8P6Q,4.75,4
B00BY56VC6,4.5,4
B005HPRZS8,5.0,4
B00BL9H43A,4.75,4
B0002DMP58,4.75,4
B004E90E1I,4.25,4
B009GN2Z82,4.0,4
B0009YDOG4,4.5,4
B005HQJKL2,4.0,4
B001BMQDCA,4.5,4
B00F5OBA1O,4.75,4
B001V9DHA4,4.25,4
B007IBWNOA,4.25,4
B00E9INVY6,4.0,4
B001OOCFYK,4.5,4
B00GW4FCHE,4.5,4
B001OOLOME,4.0,4
B001KYQCLG,4.0,4
B004RRG7SQ,4.75,4
B00JZRQW10,5.0,4
B00IWE3ITG,5.0,4
B0002DMIZA,4.75,4
B00EQ8B72C,4.5,4
B001KYQCFW,4.0,4
B004RRGK9M,5.0,4
B0001421O8,5.0,4
B003IRQAHY,4.0,4
B007I6Z4VY,4.5,4
B00CCYL9RK,4.25,4
B001G7PVQ4,5.0,4
B001V7SQBG,4.25,4
B00CMQ5E24,4.0,4
B00EQ7EJJQ,5.0,4
B00IHPJKCO,4.0,4
B00E1MNTTC,4.75,4
B003AYEV58,4.0,4
B005BBPQC0,5.0,4
B001V9LAWG,4.0,4
B001V9LAXK,5.0,4
B0058EBGM4,4.0,4
B00CFTI3EE,5.0,4
B00CJGIUXM,4.5,4
B001BM989A,5.0,4
B0058E8CU8,4.5,4
B000US259Q,4.5,4
B007Y5THKS,4.5,4
B001BLPDS6,4.5,4
B001ELYXRA,4.5,4
B007S3I388,4.75,4
B00CHRALTO,4.25,4
B005HROL10,4.5,4
B007O51ONQ,4.75,4
B001BMFXQM,4.0,4
B001V9LAUI,5.0,4
B004RRH6PY,5.0,4
B001ELL24M,4.25,4
B007024NIQ,4.25,4
B00701X7D4,4.5,4
B00BJLPSU6,4.75,4
B007S3I7I4,5.0,4
B00AGYFB2C,5.0,4
B005HQYZKI,5.0,4
B00BLYSPOM,4.25,4
B001V9HTX0,4.75,4
B000BTQ02C,5.0,4
B001KYQ7R0,4.25,4
B001BMKRC2,5.0,4
B007ICCRDG,4.5,4
B000PI4ISC,4.75,4
B001G7PXLM,4.75,4
B000US255U,5.0,4
B001G7PXMG,4.25,4
B001V9JWM6,4.75,4
B0002DMHE2,5.0,4
B0058EF5H6,5.0,4
B00CCYO0K8,4.5,4
B000AEERG4,5.0,4
B001UU4C8K,5.0,4
B000S852ZW,4.5,4
B001KYQOCS,5.0,4
B00B7RHK3U,5.0,4
B000E3UJZE,4.25,4
B000K8LMPY,5.0,4
B001BQ80XG,5.0,4
B003B3B3P4,4.75,4
B007OAY1LI,4.25,4
B00F5BNWL8,4.25,4
B003M34QXY,4.75,4
B004E9FDPU,4.75,4
B001BQ05AW,4.5,4
B001KYQNX8,4.75,4
B000PINYFU,4.5,4
B0094IXIRG,4.25,4
B003F8QNG4,5.0,4
B003M27IZ8,4.0,4
B003M1PRJS,4.5,4
B0001EKYM4,4.0,4
B004RRETAE,5.0,4
B001UR8IE2,5.0,4
B004E9MVZK,4.75,4
B009GPLWUW,4.75,4
B001UREC1K,4.75,4
B00F57OWWK,4.5,4
B000URQK20,5.0,4
B00E24RT4U,4.75,4
B000142BYI,5.0,4
B001MSZ3P6,4.0,4
B000URUSPK,5.0,4
B000SX0ZMW,5.0,4
B00IE0912G,4.5,4
B00GW4ZMNS,4.0,4
B000URVDNG,4.75,4
B007QZQKVU,5.0,4
B000URWZ60,4.0,4
B001G7PT9I,4.25,4
B0070FBZR0,5.0,4
B00H255772,5.0,4
B009POKKKC,4.75,4
B009GPGWCA,4.0,4
B009GNUUS4,5.0,4
B00CFS8YFI,4.75,4
B001KYQEEG,4.75,4
B000K8WZ3C,4.25,4
B003DKAG8U,4.25,4
B009PORVK4,4.75,4
B00I6EUM78,5.0,4
B00017XGDU,5.0,4
B00BZ036AA,4.25,4
B004D8VW52,4.75,4
B004EY0PTY,5.0,4
B003B1QDII,4.75,4
B0094IGWN8,4.25,4
B00F5HU1LG,5.0,4
B0070K3BU4,4.0,4
B007OAIN62,5.0,4
B001UYQE2S,4.5,4
B00E1WG052,4.0,4
B001KYQKIG,5.0,4
B001EKZ8QQ,5.0,4
B001G7PTQ6,4.25,4
B0079HQBL4,4.0,4
B005HNXIY0,4.25,4
B0009ION1A,4.75,4
B004OMGN5G,5.0,4
B003M3RFRS,5.0,4
B00014244K,4.5,4
B00AQJ8YEO,5.0,4
B001G7PNWQ,4.25,4
B00EWSYTQ2,4.75,4
B00CEOWS7S,5.0,4
B00GWBIM2O,4.5,4
B004X1IOR8,4.0,4
B000JL8D72,4.0,4
B004B5LAJU,5.0,4
B00EQVJOX8,4.0,4
B003E1543U,4.25,4
B007HS0LXE,5.0,4
B004ECJDXA,4.0,4
B003LNGM3C,5.0,4
B001CDEODS,4.0,4
B009580L84,4.0,4
B000RGBZMY,4.0,4
B0001EKT0G,4.0,4
B0071OX9U6,4.25,4
B009GZAAEQ,5.0,4
B007SDNLUI,4.25,4
B000UOBM9Y,5.0,4
B000UO6FEG,5.0,4
B001F0QXQY,4.25,4
B0071T5CTM,5.0,4
B0071XOUYQ,4.0,4
B003LMM0PW,4.5,4
B001P22WMQ,4.0,4
B007D1E7VC,4.75,4
B000143D54,4.5,4
B001U2TO0O,4.75,4
B001P22WKI,4.75,4
B001CEY45A,4.0,4
B003LN0BZC,4.5,4
B007X7MJ1Q,4.75,4
B00F449BFM,4.75,4
B00CMFDWY2,5.0,4
B001EDZGY2,4.0,4
B007X8VFKG,4.5,4
B003LNA1OI,5.0,4
B000QSNRZQ,4.0,4
B005CV1DFI,5.0,4
B00BOJP2AE,4.5,4
B0071OTEZU,4.5,4
B00AZNYDQE,4.5,4
B001CC1I3S,4.5,4
B001U54J2O,4.0,4
B001CBTSOU,5.0,4
B001CBTH1O,5.0,4
B000J677B0,5.0,4
B001U587EA,5.0,4
B005CV1LDW,5.0,4
B00IKTTQ6C,4.5,4
B000E33TO2,4.0,4
B000JL7YIG,5.0,4
B001EH9FQS,4.75,4
B000UOSG5C,5.0,4
B00EX9C958,4.75,4
B001KYU492,4.5,4
B005EM89HK,4.25,4
B001U536X2,4.0,4
B003I6EGVC,4.25,4
B004D65UI4,4.75,4
B00CJI94LM,4.5,4
B000PR5Q34,4.5,4
B001U4651I,4.0,4
B009GZ5ZS2,4.5,4
B007HTN2IY,4.75,4
B009GZ09ME,5.0,4
B00ANG7AJK,5.0,4
B004PADEJ0,4.25,4
B001EH10HK,4.0,4
B003F60YD4,4.0,4
B004O3819Q,5.0,4
B001CH49RK,4.5,4
B00EQY62S0,4.25,4
B00IK926CI,4.5,4
B004XFY8MY,5.0,4
B000PSRXSY,4.5,4
B00AZVFDT2,4.5,4
B001CJV5IE,5.0,4
B00ISLXKRI,5.0,4
B000K7GYSK,4.0,4
B003BFRR5C,4.5,4
B000S97NE4,4.25,4
B00B0UFX42,4.25,4
B001KYVPB8,4.0,4
B000ULR1EC,4.25,4
B000S97MOK,4.0,4
B00BBNP69A,4.5,4
B003LIAB52,4.75,4
B001CJJ5NG,5.0,4
B001G7PINU,5.0,4
B000PSSL94,4.75,4
B000GLNQHW,5.0,4
B001CKD35Q,5.0,4
B00B9I1VX2,4.75,4
B004O3S13M,4.75,4
B001G737G0,4.25,4
B003F2BGLW,5.0,4
B0095GWDVE,4.75,4
B007242DT8,4.5,4
B00BMVRK7W,4.25,4
B007HODNHY,4.25,4
B000143ESA,4.0,4
B001CK67GI,4.5,4
B000ULPJ6E,4.0,4
B00GYES4R2,4.75,4
B00EQY62ZI,4.25,4
B003BFDCTW,5.0,4
B003BF8IQO,4.25,4
B00F3WIDSQ,4.25,4
B00CMEOOPO,4.75,4
B00EUVVH1Q,4.5,4
B007X609QO,4.5,4
B000JWM83G,4.75,4
B000S95QUC,4.75,4
B001U29RL0,5.0,4
B001U2A1CO,4.5,4
B004G2ZB0M,4.5,4
B005FRJKWW,5.0,4
B001KYVMUC,5.0,4
B00CEN8SSW,4.0,4
B005HEEN9S,5.0,4
B003DCM2SU,4.75,4
B00F3XNXH6,4.75,4
B005HEEPCS,4.0,4
B001KYVMN4,4.5,4
B001U2FWIW,4.75,4
B0002BQIQC,5.0,4
B000S97LT6,4.25,4
B0009V87SC,5.0,4
B00AHEDA0G,4.25,4
B000ULRBFG,5.0,4
B000IO55IU,5.0,4
B001U1XRTE,4.25,4
B007X5JSO4,5.0,4
B001P2IDHE,5.0,4
B00EUVQC0M,4.0,4
B00E3U5WYW,4.5,4
B00021DTP0,5.0,4
B0001EKS5W,4.5,4
B005HE72S2,4.75,4
B001KYVO00,4.0,4
B004B7BWZ0,5.0,4
B00BOJO106,4.75,4
B007X5VCOS,5.0,4
B000PSA2P0,4.0,4
B0094ZKCWI,5.0,4
B000CD8RKA,4.0,4
B000FFB20M,4.0,4
B001KYTTXO,4.75,4
B003E14ENQ,4.5,4
B009AFGM58,4.25,4
B004PASUQM,4.0,4
B001KYTSU8,4.75,4
B00GQV25HI,4.0,4
B0058JOOT6,4.5,4
B000FQMIWM,4.75,4
B000142S6Y,4.25,4
B000UQ2LCO,5.0,4
B003F6UALK,4.75,4
B005B103VO,5.0,4
B004B0S7YQ,4.75,4
B00AH52S9E,4.75,4
B003IR33A6,4.5,4
B00HT5NB46,4.75,4
B00BBP9Y46,4.75,4
B000GL28VC,5.0,4
B000UPMA9Y,5.0,4
B0071HAXOI,4.25,4
B00017UZ4S,4.25,4
B000POSIAA,4.75,4
B001MS7DNQ,4.75,4
B00EARWFI4,5.0,4
B00F4FJCPK,4.75,4
B007HU4HH8,5.0,4
B001G7PMAO,5.0,4
B000GIH1SK,5.0,4
B007ONPURO,5.0,4
B0094WEOES,4.25,4
B00IW7UWME,5.0,4
B0002DKPC8,4.25,4
B007XITWCO,4.0,4
B000FKGT28,5.0,4
B001C54E22,5.0,4
B0009J7596,5.0,4
B0094RV8N8,5.0,4
B000S88SGC,4.75,4
B00F4LXEIU,4.0,4
B007XKFHWQ,5.0,4
B004QEGLMM,4.75,4
B0041M3M6M,4.0,4
B000RHFRJ0,5.0,4
B00ANEV08Y,4.75,4
B001UHPO4O,4.75,4
B0058IFM2K,4.0,4
B004O19IMC,4.0,4
B004Y9KAZS,4.0,4
B004G7DNSO,5.0,4
B000PL0NU6,5.0,4
B001G7PNUS,5.0,4
B00F4NPO8G,4.0,4
B00CMJCEA6,4.25,4
B00BOJSD3W,4.75,4
B001G7PNFS,5.0,4
B00GW6GSJ8,5.0,4
B007HU9DJU,5.0,4
B004RRBVVO,5.0,4
B00795CNNQ,4.25,4
B00CEOWLRU,4.0,4
B004AZNACQ,4.5,4
B000GIL13Q,4.75,4
B0058IU8Z6,4.5,4
B005CW468S,5.0,4
B009P8DSFM,5.0,4
B007XKDR9Q,5.0,4
B009JNRETO,5.0,4
B004D7J4R6,4.25,4
B001EJOP5M,4.5,4
B000PLSA24,4.0,4
B001F0QX1Y,5.0,4
B00CMJCAVE,5.0,4
B0071B63UC,4.25,4
B007HUMIG0,5.0,4
B00CMHR24G,5.0,4
B000FGPNCO,5.0,4
B000S94ITW,4.25,4
B003B8T2G6,4.5,4
B001CB9V1A,4.5,4
B004RQDIB6,4.5,4
B001OY4250,4.0,4
B00BY55NRA,4.0,4
B0071LRZRW,5.0,4
B00BMV2IFQ,5.0,4
B00BKV55D0,5.0,4
B000RGYOMW,5.0,4
B001CB6U6O,4.25,4
B001G7PLGY,4.5,4
B001U97OWM,4.0,4
B001CB6SYS,4.5,4
B0001431N8,4.75,4
B007931QL8,4.75,4
B00B7V8F9O,4.0,4
B000S94IA6,5.0,4
B00K4TXL94,4.25,4
B001EHM6VE,4.0,4
B001OWKL7K,4.75,4
B007SBWBUG,4.5,4
B001U5LORW,5.0,4
B00H1ODH4O,5.0,4
B001CBDVQ6,5.0,4
B001MS7A3E,5.0,4
B000FQCGXI,4.25,4
B000GOIWSW,4.75,4
B000K7J3NI,4.0,4
B001U6K7XS,5.0,4
B001CBC018,5.0,4
B001U81L6S,5.0,4
B001MS7A4S,4.0,4
B005F7PI64,5.0,4
B001OXQ6E6,4.75,4
B000UPE8U8,5.0,4
B001EJEX68,4.25,4
B001C9HGJQ,5.0,4
B001G7PM18,5.0,4
B00993Q2CE,4.5,4
B001G7PM22,4.5,4
B007SBDJZ2,4.0,4
B001C93EG0,4.5,4
B007HU2BIA,5.0,4
B001KYTWLS,5.0,4
B00793CPPE,4.25,4
B001C8YIXE,5.0,4
B003B7RQWY,5.0,4
B001UDGNXO,4.0,4
B0071HIJEY,4.25,4
B000S92RZE,5.0,4
B000IN13J6,4.5,4
B0009VCL66,5.0,4
B00F4DQPB6,4.0,4
B000E34464,4.75,4
B0002CX8QE,5.0,4
B003LSZHQ0,4.25,4
B000TKF0QU,4.5,4
B003F684RW,4.0,4
B007XEBYA6,4.25,4
B000S94HM0,4.0,4
B004G5EEH0,4.0,4
B007HTZ8XQ,5.0,4
B009P71WYC,4.5,4
B00E3E62PQ,4.75,4
B001C9NWMG,4.75,4
B0071JDZNM,4.25,4
B00F4DQEB2,4.75,4
B001G7PLVE,5.0,4
B003B7S9XE,4.5,4
B001G7PLXC,4.75,4
B007HU0GIC,5.0,4
B001LEVS3C,5.0,4
B004BYOGE2,4.75,4
B003IG1EEE,4.0,4
B007PX8GBU,4.75,4
B001M1FRQS,4.25,4
B009MMVWQ8,4.0,4
B004EK2TPQ,4.75,4
B009IZ143A,4.0,4
B001QVZDSG,5.0,4
B0077S4YX2,5.0,4
B003IFLKYY,4.25,4
B000U7QKPC,4.75,4
B001E8YTMM,4.25,4
B001FDET9E,4.0,4
B00B8YAF5W,5.0,4
B001QWB9Q0,4.75,4
B007TS75C2,4.5,4
B0059XQO4E,4.5,4
B003JQVOSE,4.75,4
B0097LUYJ0,4.75,4
B000SN4ANC,5.0,4
B000A7ZWQK,5.0,4
B001M2B7JS,4.0,4
B00GPTREA4,5.0,4
B00EES6ZLC,5.0,4
B00CDY5Z8S,4.75,4
B0009S3JJ2,5.0,4
B007SYZ0KG,4.75,4
B007PXAA6Y,4.5,4
B000JM546E,5.0,4
B005A0OFR4,4.0,4
B0009OAIF4,4.0,4
B007QF2L3G,4.25,4
B005EZSU80,4.75,4
B000R8WMX8,5.0,4
B003I93S3Q,5.0,4
B000U7Z74C,4.25,4
B007TX19T2,4.75,4
B004OFGRCW,4.0,4
B00GWZ73EI,5.0,4
B000Q7HXN4,4.5,4
B007TX29R8,4.75,4
B001FH8D0G,4.25,4
B00ETIU4MS,4.25,4
B00766WL6M,4.75,4
B007TX35K8,4.25,4
B000Q7HWOY,4.0,4
B007FGYTEA,5.0,4
B004OFDSHE,4.75,4
B005GGM6F0,4.75,4
B00ANYAPX0,4.0,4
B001QX7TY0,4.0,4
B001F51VM0,4.0,4
B001QX2M3I,4.5,4
B001QX2HXS,4.5,4
B00AJHDOC0,5.0,4
B001M0XHBQ,4.5,4
B000TX457W,5.0,4
B004R7N6G2,4.25,4
B00BXX95LI,4.0,4
B000U7SW6C,4.5,4
B001F51VN4,4.25,4
B004FGD0VG,5.0,4
B004EIXSHG,4.0,4
B005F4GVO0,4.5,4
B000FFZ1KE,4.0,4
B0041PGGMG,5.0,4
B009MP7DEA,5.0,4
B00HSNWZFA,4.0,4
B00BKNGIYI,5.0,4
B0097G8CDK,4.5,4
B007688SSA,5.0,4
B003CITBD4,5.0,4
B004XQ97VA,4.75,4
B00AIY9EZK,4.5,4
B00CDY7NJ2,4.5,4
B0041TXVRK,4.0,4
B001E8IMCU,4.5,4
B007TNDO4K,5.0,4
B000TX5UGW,4.5,4
B007PZ92CA,4.5,4
B001QRTD18,4.5,4
B005F0WUEE,4.5,4
B004Y0VAO2,4.25,4
B000J3M79K,5.0,4
B000U71M6E,5.0,4
B003CJ0E48,5.0,4
B007FAO4O6,4.25,4
B00019DTNU,4.0,4
B00BZZCNHM,5.0,4
B001QT28X6,5.0,4
B000Q8236K,5.0,4
B0098PLF0C,4.0,4
B000Q7YIN2,4.75,4
B007TNX7KQ,5.0,4
B007Q0O7HO,4.25,4
B001QUH1HI,4.0,4
B007Q1MKWC,5.0,4
B001F5ZRE8,5.0,4
B00HZRVSCA,4.25,4
B0076O2F1K,4.25,4
B001PN1DPM,4.0,4
B000GL90AO,5.0,4
B007TMLSSA,4.0,4
B009AY8HCU,5.0,4
B005G9ZTCO,4.75,4
B00BO7N0TG,4.75,4
B007Q1ODRM,4.25,4
B001E45KA6,4.5,4
B005A7HOXE,4.5,4
B004BRSAZU,5.0,4
B00EFGHDHS,5.0,4
B004X7MOY6,5.0,4
B004CPUQLC,4.75,4
B005GAWWYG,5.0,4
B004FKC4UU,5.0,4
B001FB5TQI,4.5,4
B00B9L8F7E,4.75,4
B00EFULLVI,4.5,4
B007E2EVSY,4.0,4
B004FKE7PU,5.0,4
B00E8LW8GQ,4.0,4
B004R7N1XA,5.0,4
B001QU1HSM,4.75,4
B007TQXSJS,4.25,4
B001FBFJ54,4.25,4
B000DINFSI,4.25,4
B00BN7F3G0,4.75,4
B000A7SOXS,4.0,4
B00BO9JWGE,5.0,4
B000ITS8H0,4.75,4
B0040NCGDC,4.0,4
B0076JBOBC,5.0,4
B001E2JT9Q,4.25,4
B001QT70SE,5.0,4
B000A7MGKK,5.0,4
B0098PN9V0,4.75,4
B001M5BAS8,4.25,4
B001E2VX6I,4.75,4
B00025X06E,5.0,4
B0000CC61Z,4.25,4
B005GBIU4G,4.5,4
B00AZMGXNQ,5.0,4
B001E8NA2C,5.0,4
B007PXR1NY,4.0,4
B00BKSUGQE,5.0,4
B000FBWVMO,4.25,4
B00BO9HA1S,4.25,4
B004OI9LYU,5.0,4
B0076JO3NS,4.25,4
B007TXDFXA,5.0,4
B003CIM9HO,4.25,4
B00B8NSXIY,5.0,4
B00021C3LG,4.0,4
B004BQGVK2,4.0,4
B0097A2GWO,4.0,4
B003IBGMKA,4.0,4
B00BKK97NK,4.0,4
B00JSAEF1I,5.0,4
B005GIGD1G,4.0,4
B000Q6BX68,5.0,4
B0041PED7G,4.75,4
B0041UNBE2,4.75,4
B003EDFK1O,4.5,4
B004X6SXA6,4.0,4
B001E0YPWO,4.5,4
B009MXZUZ6,5.0,4
B004XCW2SO,4.25,4
B005CD7IPK,4.0,4
B00015WMVE,5.0,4
B0002714II,5.0,4
B00K2IMR56,4.0,4
B0009OAHUK,5.0,4
B00BKLI7DA,4.75,4
B001E10BCG,5.0,4
B0097AR5IY,4.75,4
B00JS9M8G8,5.0,4
B00761D274,4.75,4
B001E95JZM,4.25,4
B001E0ZYL0,4.75,4
B00760T6GQ,4.5,4
B005EZ320G,5.0,4
B00K2IFOMO,5.0,4
B000GLA7G0,5.0,4
B0075ZVGJW,4.5,4
B005FYOUC0,4.75,4
B001E95K2O,5.0,4
B000TUJKAC,4.75,4
B004FO1CLS,4.75,4
B001LUJFQS,5.0,4
B000TUECMI,4.75,4
B003JN0DS4,5.0,4
B0059NKCMY,4.75,4
B00C03TNAS,4.0,4
B000IRMY86,4.75,4
B001E96L18,5.0,4
B007FMXMWE,4.0,4
B00JMNDUOE,5.0,4
B0040J5UYS,4.0,4
B004EHTM9U,4.0,4
B000TTZRMI,5.0,4
B009MY12A2,4.0,4
B007FNKTVU,4.0,4
B00EEMMN6O,5.0,4
B00CL6FEE8,4.25,4
B00B8YXJLO,4.75,4
B001E96L22,4.0,4
B004R7PGDS,4.75,4
B007UJTCO4,4.5,4
B001E0Y9L6,5.0,4
B007UH48KO,4.25,4
B004FO2TK6,5.0,4
B0041V1D6O,4.5,4
B001E0YHPO,4.75,4
B00BOF708K,4.75,4
B005C4Z7L6,4.0,4
B0075QDWJI,4.5,4
B00BLOPT7S,4.0,4
B00016X11I,4.25,4
B00B8NMRB8,4.0,4
B000Q65S8W,4.0,4
B007UINRJQ,5.0,4
B001E96L0O,4.75,4
B00HSP4F9W,5.0,4
B007FMQXKW,4.75,4
B0059RPET6,4.5,4
B004R7PCJQ,4.5,4
B001QXDZL6,4.25,4
B00BB7805S,4.25,4
B007TY3EVC,4.0,4
B000QF89HU,4.5,4
B00BZABKPS,4.75,4
B001E12B06,4.75,4
B004XPXAN2,5.0,4
B003CIFZMK,4.75,4
B00763M0BQ,4.75,4
B009LNB8US,5.0,4
B001QY11NO,5.0,4
B004CYRDSM,4.75,4
B00GT00O6A,5.0,4
B005GHILQW,4.5,4
B00021CD3O,4.75,4
B003IMFZ4I,4.25,4
B000ISHQZG,5.0,4
B001QY9C4E,4.0,4
B004QM2SUI,5.0,4
B007TY3E2G,4.5,4
B001PKLN7S,4.25,4
B007TXSJQI,4.0,4
B003IEFV0Y,4.25,4
B007TXSKMQ,4.25,4
B00EZ46X3K,4.75,4
B007FHM1L2,4.5,4
B004OJBT9O,5.0,4
B004X8H9E0,4.5,4
B00ETFNA86,4.5,4
B00HNYM9D2,4.0,4
B001QXC8DM,5.0,4
B004QM6I7W,4.75,4
B001LY7DBI,5.0,4
B007PSTMPY,4.25,4
B00CL3SLCS,5.0,4
B0097F20Q6,4.75,4
B001QZEAL8,4.25,4
B003CI5DGS,4.25,4
B009AZ7IXS,5.0,4
B007U54ZQS,4.75,4
B007FJ1LRK,4.75,4
B000Q6RHNQ,4.75,4
B007DNT1ES,5.0,4
B004P0LPEQ,5.0,4
B009AZD5QM,4.0,4
B00CDV1HAQ,4.0,4
B00021C5ZU,5.0,4
B004FMRIKO,4.0,4
B00K2HM3AG,5.0,4
B001FORID2,4.5,4
B00CL43V3G,4.0,4
B001PKREVM,4.75,4
B001E95JYS,5.0,4
B00EEO4HJ8,4.75,4
B003CHYY1Y,4.5,4
B00026IGOO,4.5,4
B00BBF5B3O,4.0,4
B007U04UOU,4.5,4
B0041PFHHQ,5.0,4
B003JN0MQ2,4.5,4
B000R8QVTE,4.25,4
B00E88XBJC,4.5,4
B001QYT1AE,4.75,4
B000SLRP4K,4.5,4
B004CYY4PM,4.5,4
B00CIB53E2,4.5,4
B005CD3B2E,5.0,4
B00763LZEO,4.0,4
B001LXP5CS,4.25,4
B00763IKO2,5.0,4
B000J3RG00,4.0,4
B001F51VIO,5.0,4
B007PSHM2Y,4.0,4
B005F41UVE,4.25,4
B004OZT2TW,4.0,4
B003CYKP5G,5.0,4
B00987RGVM,5.0,4
B001Q52VNM,4.75,4
B001FADK9M,4.0,4
B001M991TO,4.25,4
B000QCHVJK,4.25,4
B001Q53P82,5.0,4
B00023EP3I,4.75,4
B009IROLRO,4.25,4
B00BLHYD0Y,4.75,4
B000BWE56M,4.5,4
B001M94Y5U,4.75,4
B004BVT9Q0,4.25,4
B005F2EVMQ,5.0,4
B005G4PC7Q,4.5,4
B004QONUNU,5.0,4
B00GPQUD0A,5.0,4
B007SZL9AU,5.0,4
B00APBNQRS,4.25,4
B003IJBB0I,4.0,4
B004OYWQ5U,5.0,4
B001Q1MUN2,4.25,4
B001E758VO,4.5,4
B001Q1RFCS,5.0,4
B00778AZOY,4.0,4
B007EAE96A,5.0,4
B001MA9QOI,5.0,4
B004BUYKTM,5.0,4
B00IKGC252,5.0,4
B003JN5Z28,4.0,4
B007T78EZK,5.0,4
B004BUYHZE,4.0,4
B00777O25S,5.0,4
B00BX9GLF0,4.5,4
B000CRAWWC,4.0,4
B00AJD0O72,5.0,4
B000JYZODU,4.0,4
B00773J676,4.25,4
B001Q579KM,4.5,4
B001E77S8U,4.5,4
B00B9K7IMI,4.0,4
B001E77SJ4,5.0,4
B00770YRAK,4.75,4
B007TAM75A,4.0,4
B001E6UK54,4.0,4
B00770P8O4,4.75,4
B003JN6H1Q,4.5,4
B005G4VT3W,4.0,4
B001M8Y46K,4.75,4
B001Q88GWY,4.75,4
B0040PK60A,5.0,4
B004FK12LM,4.0,4
B00BBCX08K,5.0,4
B001FB5HBK,4.0,4
B00770P33A,5.0,4
B004R7L862,5.0,4
B001PPPKZE,5.0,4
B000U0JAR4,5.0,4
B009M1SYX8,4.75,4
B007T8IWVA,4.5,4
B001E720WY,4.75,4
B007T8LXZC,4.75,4
B000QC1X94,4.5,4
B004EQ7PIG,4.25,4
B00EF5LVOA,4.75,4
B004FK11DQ,4.0,4
B00K1LQXWC,4.0,4
B00HSGNXIA,4.25,4
B005G39GK6,5.0,4
B001FB2FS8,4.75,4
B003E837RS,5.0,4
B003CYKO8Y,5.0,4
B001Q664VQ,4.5,4
B001E77R2C,4.75,4
B005G515V2,4.25,4
B000QF39PC,4.75,4
B00GYP8CVY,4.75,4
B000FL9EMY,5.0,4
B0041TD4CC,5.0,4
B001E77MT0,4.75,4
B003CU6IQK,4.5,4
B003JN4CN6,4.0,4
B000QEESCG,4.75,4
B001E76BAQ,4.0,4
B001PTFXM0,4.0,4
B004FJC0Y6,4.0,4
B0077DBXIQ,4.75,4
B00CEFNF42,5.0,4
B007EE5WR6,5.0,4
B004OH9FIS,4.75,4
B001MA5VRO,4.5,4
B001MA5VMY,4.75,4
B001PSGEJM,4.0,4
B0040QKFAA,4.75,4
B007QECXD0,5.0,4
B00EXUK2L0,4.5,4
B001PT73ZA,4.5,4
B000QF3A4M,4.5,4
B001MA7PF0,5.0,4
B001E77KPG,5.0,4
B004OY172S,4.75,4
B004XZO9BE,4.75,4
B001MA60SS,4.0,4
B005G41APY,5.0,4
B000FCU1LQ,4.75,4
B00BKSPRFO,4.5,4
B00AJEOH2E,5.0,4
B001PTFW3A,5.0,4
B009LSAZ9I,4.5,4
B004OY5N00,4.5,4
B00EXVYFOE,5.0,4
B001MA5XF4,4.75,4
B001E76EOE,4.75,4
B007T1R95M,4.0,4
B001MA5WN2,4.75,4
B00411J3SO,5.0,4
B007T441S2,4.75,4
B00EXW75MC,5.0,4
B000U039L2,5.0,4
B003JN515E,4.0,4
B007EGG98K,4.0,4
B001PYQJEQ,4.5,4
B00023KCQ2,4.25,4
B007T6VQKQ,5.0,4
B001E763HC,4.0,4
B00HO7AQ3S,4.75,4
B001PZ19CW,5.0,4
B004BV7SY0,5.0,4
B000JO2DXE,5.0,4
B00CK6SLP8,5.0,4
B001E7639A,4.5,4
B001E762H8,5.0,4
B009AT9DOG,4.75,4
B001PV4WZ2,4.75,4
B0098B8GIK,5.0,4
B005AN3AGI,4.0,4
B00B8VU94W,4.5,4
B007ED7BW6,4.25,4
B000JYYJC2,4.75,4
B001E768EA,5.0,4
B003E6SLGW,4.25,4
B00GYSGJSY,5.0,4
B000FKJYUM,4.25,4
B00I99ONH0,4.5,4
B00GX7TQBS,5.0,4
B004OH9DIU,5.0,4
B00GPNTDOK,5.0,4
B00EXUJYVE,5.0,4
B000U01D8S,5.0,4
B003E84M9K,5.0,4
B005AQDE2K,5.0,4
B0041TH806,4.25,4
B000Q8SIH8,5.0,4
B00BX8YU9A,4.25,4
B000QF5RSY,5.0,4
B000JZ0OOS,5.0,4
B00E8VEV98,4.25,4
B00B8WTUJQ,4.75,4
B004QNZLLU,4.25,4
B00EUHV8AK,4.25,4
B00BX8W9BQ,5.0,4
B001M5GSDK,4.25,4
B001E5EBEG,4.0,4
B004QNZLIS,4.0,4
B000TXY91O,4.75,4
B0097UPBQ2,4.5,4
B004CSYC3C,5.0,4
B00016R3C6,5.0,4
B000TXWWWM,4.0,4
B007THMYWE,5.0,4
B00EU8S9LA,4.5,4
B009M8N9TK,4.75,4
B003JNAT0Q,5.0,4
B007Q2ROJ0,4.75,4
B0098NCMGA,4.25,4
B009M8TD8G,5.0,4
B00E91PC9K,4.75,4
B00BB8JO0M,4.25,4
B001M5I7AM,4.0,4
B0076PPU8O,4.25,4
B007SZ2QYI,5.0,4
B000Q8U3B2,4.75,4
B00BZUZIGK,4.5,4
B001M5I37O,4.0,4
B005ABA0QS,4.75,4
B00ANZ4ADU,4.0,4
B001PO6NOC,4.75,4
B001PO6NLK,4.75,4
B004ETDVHC,5.0,4
B00JNYD1C8,5.0,4
B00JZ63PJI,5.0,4
B001QMXIS2,4.25,4
B00EFFP1G4,5.0,4
B001FB5NPU,5.0,4
B001PNJJ4E,5.0,4
B001E7RIJE,4.25,4
B00E8OUGSA,4.0,4
B0077RSA3S,4.5,4
B007F3L0M2,4.0,4
B0077RSOAM,4.0,4
B00AIYX8HA,4.5,4
B0077RSQMI,4.75,4
B00GP3YCYQ,4.75,4
B00025HJV6,4.0,4
B0009S1OIA,5.0,4
B000A7G58E,4.25,4
B004XC6I20,4.5,4
B00GP440S8,4.75,4
B00BX8MN3K,5.0,4
B0041THZG8,4.0,4
B001E5E9UC,4.75,4
B000U6ETSI,5.0,4
B0076OLOW6,4.25,4
B000FKJP6A,4.75,4
B00E8T2X36,5.0,4
B004FK6M76,5.0,4
B001E5E2CM,4.75,4
B001QMCFEA,4.0,4
B005AA2AXK,5.0,4
B00E8RQECY,4.0,4
B00CE31KJG,5.0,4
B00GP4N1UG,4.0,4
B003CJ7M16,5.0,4
B00EFFDQCU,4.0,4
B00BX8ZNWI,4.75,4
B001M8UZB8,4.25,4
B004QOLJD8,4.75,4
B00770K9V6,4.75,4
B000SON4IS,5.0,4
B003IIPDMQ,4.75,4
B003JN6KZE,5.0,4
B004BTDXUA,4.5,4
B00CIGZE78,4.0,4
B001F6P6AC,4.25,4
B001M60LSC,4.75,4
B001QD359S,5.0,4
B000TYPEBW,5.0,4
B009LO011O,4.0,4
B004X81D88,5.0,4
B000SOLCTG,4.75,4
B001F6OQ5S,4.0,4
B001POQ0T0,4.25,4
B00B0YXF3E,4.25,4
B001Q93VDM,4.0,4
B007EP9GF4,5.0,4
B00BN7KPDG,4.0,4
B007EP9JXI,4.5,4
B007TAXMJK,5.0,4
B001Q96JVS,4.75,4
B000TYQZLA,4.5,4
B005C6QVNW,5.0,4
B001Q97VHY,4.0,4
B004FK28K6,5.0,4
B00BN7KN2E,5.0,4
B00983NO12,4.0,4
B00BXUJRXC,4.0,4
B001Q9QMKG,4.0,4
B001QA2IB2,4.5,4
B00B8UDOAE,4.75,4
B004BTYFHU,4.5,4
B00CKGF502,4.0,4
B007Q49IXI,4.0,4
B007EVBMQY,4.0,4
B004BS0MGE,4.75,4
B001E6OBJ0,4.25,4
B000A795YU,4.0,4
B004OH4L9G,5.0,4
B007Q37Z9I,4.5,4
B004FK53CQ,4.75,4
B003EA6H8M,4.75,4
B001E7BBA6,4.25,4
B00EYABY52,4.25,4
B004OHGL9Y,5.0,4
B001QGCMUS,4.75,4
B001QGEAN0,4.75,4
B003CKNMKA,5.0,4
B00B8U754A,5.0,4
B001E6QDD2,4.75,4
B00CKGFBN8,4.75,4
B0076Y2RWW,4.5,4
B001QD8ZQG,5.0,4
B005C8MMO2,4.75,4
B000A24OPK,4.0,4
B00E94FB0M,5.0,4
B001FB5IJG,4.0,4
B001QD9VUK,4.75,4
B003CYKOCU,4.0,4
B001FB5IK0,5.0,4
B00016WX26,5.0,4
B001MA9TB8,4.75,4
B000QF4UJG,4.75,4
B001QDL0A4,4.75,4
B001QDL7UC,4.75,4
B00EXUDS9S,4.0,4
B003CH81OU,5.0,4
B007PQSM7K,4.0,4
B007SXSSFG,4.75,4
B000FL5KS6,4.0,4
B001MIZMNO,4.5,4
B003EKKDHI,4.5,4
B007VGF092,4.75,4
B00AO2SAK6,5.0,4
B001FWXGMQ,4.25,4
B009NNFPXM,5.0,4
B003KK1WNG,4.75,4
B005FX25LE,4.5,4
B000UHAHDS,5.0,4
B003EKNKZ0,4.5,4
B007GFAOUS,5.0,4
B0096O5SAS,5.0,4
B004QK71HA,4.5,4
B0096O1BWW,4.5,4
B001FWXGSK,4.5,4
B001LFIFDC,5.0,4
B0041XI9J6,4.0,4
B00GQIM44A,5.0,4
B001PAKUCM,5.0,4
B001RYUCL0,5.0,4
B004QK96XM,5.0,4
B000Q33DEQ,5.0,4
B000AA9HOU,4.0,4
B00CDDPJPI,4.0,4
B00C066MRW,4.75,4
B0096QA79S,5.0,4
B003KHCI6E,4.25,4
B001E96O2E,5.0,4
B00E66MIT0,5.0,4
B000R94TJC,5.0,4
B000UGZC6G,4.75,4
B001E96O7O,5.0,4
B003KJGARA,4.0,4
B005954MPA,4.75,4
B009NMFQF0,4.25,4
B001PAFLN0,4.5,4
B00GQJWTD0,4.5,4
B00ESQ0X8G,4.0,4
B000CEEVYK,4.0,4
B00APW0440,5.0,4
B001E96OUG,4.0,4
B003BW3DCG,4.5,4
B000AA9I7G,4.25,4
B000SSQY5E,5.0,4
B004P51RGM,4.75,4
B007GGBBWC,4.25,4
B00H02VJG0,5.0,4
B001FWXH48,5.0,4
B001E96OW4,4.75,4
B0096M873A,4.75,4
B00F1FU8XI,4.0,4
B00CLKTHD8,4.0,4
B0096M80MI,4.75,4
B00016X848,4.0,4
B005ESSULE,4.0,4
B007VI7AF2,4.5,4
B003ELEZS0,5.0,4
B001FWXGXA,4.0,4
B001S37FRE,5.0,4
B007P9ZKXQ,4.75,4
B000UI7R62,4.5,4
B000UI7RY4,4.25,4
B0098TNT3E,5.0,4
B000Q336XY,5.0,4
B001S3JKOK,4.75,4
B009BDJ4A4,4.25,4
B00BB3JZA6,4.0,4
B003BWA1PS,4.5,4
B007VH6YEG,4.5,4
B00749MLNY,5.0,4
B003KLPPF6,4.75,4
B007VHG8IS,4.75,4
B001LFGDUY,4.25,4
B007VHKR9Y,5.0,4
B007VI5KK4,4.25,4
B00596JDBM,4.75,4
B003KEHMUE,5.0,4
B000Q31HDU,4.75,4
B000UERZS6,4.5,4
B00HNSSV0S,4.5,4
B0098SUCDA,4.25,4
B000SI7KH0,4.0,4
B004OASOQO,4.25,4
B001DOP77S,5.0,4
B004XRKC7C,4.75,4
B003I99E20,4.0,4
B003I99ALA,5.0,4
B007V9RQD2,5.0,4
B001LGQMIG,5.0,4
B001RVP8YY,4.0,4
B003E1IRUC,4.75,4
B009NK7KEC,4.5,4
B000FKJIYE,5.0,4
B00E6D6VHI,4.25,4
B007VCFVWC,4.0,4
B001RVOOWQ,5.0,4
B00K3DFNN8,5.0,4
B00F146VH6,4.25,4
B001PBA990,4.25,4
B00E6GDNS0,5.0,4
B007PFO8F6,4.5,4
B00785TT8Y,4.5,4
B00ESYBWMO,4.5,4
B001MIZCDE,4.0,4
B000R94P5U,4.5,4
B0074ND4HW,5.0,4
B004FG875U,4.25,4
B000Q34W0K,4.5,4
B001LIHJ5Y,4.5,4
B007PFN47Y,4.5,4
B007V7VECS,4.0,4
B001PBDSX4,5.0,4
B007V7VSHY,4.75,4
B004P3ZOUO,4.75,4
B000SSN6JQ,4.75,4
B00IEY88B2,5.0,4
B000QG5RCO,5.0,4
B007V86ZWQ,4.25,4
B001E96NKW,4.75,4
B00GONLQKA,4.5,4
B009HVYTSW,4.0,4
B000JLCVE8,4.75,4
B00028F0N2,5.0,4
B003I994SO,5.0,4
B001DMQ7MO,5.0,4
B0074EGOH8,4.5,4
B001RYNK2S,4.75,4
B0009O1AM4,4.5,4
B00596ONHQ,4.0,4
B000SI5QIU,4.75,4
B00CI63C6S,5.0,4
B0074EGIRY,4.25,4
B00596KXTS,4.25,4
B003JMWOR8,4.5,4
B004P4KS68,4.5,4
B00ESTMQYC,4.5,4
B00F138Z7G,4.0,4
B001RYORPW,5.0,4
B001RYORS4,5.0,4
B000UGVVKC,5.0,4
B001RXQD2I,4.5,4
B004P40D1I,4.75,4
B004EHMCBU,4.0,4
B003KCP8SO,4.0,4
B001DO1LWI,4.25,4
B007VCOQTQ,4.0,4
B003C12ZYI,4.75,4
B000FFP11I,5.0,4
B000SSPR7A,4.75,4
B000Q34R6E,5.0,4
B009LKO92K,4.5,4
B003KCK6U4,4.5,4
B004BGW890,4.0,4
B007PDD4ZI,4.5,4
B007PCVG68,4.75,4
B007PCQYUG,4.25,4
B007DAYTSE,4.5,4
B007VDFX3S,4.75,4
B007DA4EE8,4.0,4
B0009O92F6,4.0,4
B004O9WXI0,4.25,4
B003I99N80,4.75,4
B001LF4D5G,4.5,4
B00JLS64FW,4.5,4
B00B17QZ1O,4.0,4
B007GO9UBS,4.5,4
B005C3EN4Y,4.75,4
B0041Y6NAC,4.75,4
B009NTI62S,4.5,4
B000UK7F4Y,4.75,4
B00AJMH6SS,5.0,4
B000RA0H4M,4.75,4
B0096D7K0K,4.5,4
B000UKN0SO,4.25,4
B007VTSVL8,5.0,4
B005AWVFCU,4.5,4
B001P76R22,4.5,4
B007P7QK2I,4.75,4
B001LF4D7Y,4.25,4
B005F5PPUU,5.0,4
B004P5B8GQ,4.5,4
B00BN7M23M,5.0,4
B001SFPREU,5.0,4
B00ISGJIQA,4.5,4
B000JWQ4BI,4.5,4
B001LF4DME,4.0,4
B007P7R0EU,4.5,4
B00592UQJ4,5.0,4
B0073ZVCX4,4.75,4
B009HRNI56,4.75,4
B0073ZJ0HE,4.0,4
B001SGCQF2,4.0,4
B001DEPTQ2,4.75,4
B001SHECOY,4.75,4
B003BR3P2E,4.5,4
B001LF4DEW,4.0,4
B004FRP09U,4.5,4
B009LI9HX8,5.0,4
B00F25J5KY,4.25,4
B007GONUGY,4.25,4
B003KQEHG4,4.0,4
B003D7LDDK,4.75,4
B001DB2SQY,4.0,4
B005ESB0FM,5.0,4
B007W0BI0W,5.0,4
B0096C84K6,4.75,4
B00JSVWV2M,5.0,4
B00HSSBUJ2,5.0,4
B004O9EKF4,4.25,4
B000J47AGY,4.75,4
B003BQN27S,4.0,4
B00CI02WJC,5.0,4
B003BQN20K,4.25,4
B007W14IUI,5.0,4
B0058ZSBIK,4.75,4
B0041PT6SM,4.0,4
B001D96EA2,4.5,4
B00414QMLC,5.0,4
B000E0UEAM,5.0,4
B00590R3LK,4.25,4
B003I9437Q,4.25,4
B00F26L60A,4.25,4
B0098WNN6E,4.5,4
B0098WX828,5.0,4
B004FRTQQS,4.0,4
B007VU29B0,4.5,4
B001LF4BFI,4.75,4
B009AITJL4,4.5,4
B001DBZDNO,4.75,4
B007VX0O4Q,4.25,4
B00420JL8Q,4.75,4
B000C1UEJE,4.25,4
B003D7LDDA,4.5,4
B0096C9Y3W,4.25,4
B00016XAJ6,5.0,4
B00591DZRK,4.0,4
B000RAC7MW,4.75,4
B001DEZE2G,5.0,4
B00CI2L4K8,4.25,4
B007447HGK,4.5,4
B000FKHY22,4.5,4
B007D9PYVG,4.0,4
B0009TRBCM,4.75,4
B00BXDS81Q,4.5,4
B00593FVL6,4.0,4
B000R858UM,4.0,4
B003D696EO,4.25,4
B0040F26BC,4.0,4
B001F4QG2Q,5.0,4
B000GIL0LE,4.5,4
B000UICRY4,5.0,4
B005CLKOSU,4.25,4
B001P8IHTW,4.5,4
B00BZDNGCK,4.0,4
B000JLCS0K,4.25,4
B001E9ONVI,4.5,4
B003BS119W,4.5,4
B007SONF3U,5.0,4
B000SSRBY2,4.75,4
B003I96D74,5.0,4
B007VMW2L0,4.75,4
B000SG36XO,5.0,4
B005GRADGI,4.0,4
B00HSRZVL6,4.25,4
B000K2T9LY,4.75,4
B001E96OYW,5.0,4
B000Q30K4M,4.0,4
B007P7U8S0,5.0,4
B004O9WRX6,4.5,4
B00744LFFY,4.75,4
B001LFEP4A,5.0,4
B00787RTC0,5.0,4
B000IY5XW8,4.75,4
B00028N7Z0,4.75,4
B00B9MFU1C,4.75,4
B004BG386W,4.25,4
B0041XNTTQ,4.5,4
B000JLCTD6,4.0,4
B000FKHY2M,5.0,4
B00CEKDLLO,5.0,4
B00028NANE,5.0,4
B001DJ817G,4.75,4
B00028NLH4,4.75,4
B001FWXHRU,4.5,4
B007VQ1WD0,4.0,4
B003KOYT64,4.75,4
B000Q2Y1JS,5.0,4
B001FWXI4W,4.0,4
B004BF4FA6,4.5,4
B00021A7XC,4.25,4
B001LF4E32,4.25,4
B009NSUFJQ,4.5,4
B00E5Q6AC2,5.0,4
B001DGGY6Y,4.0,4
B001DGEV3C,4.5,4
B00GT81LLE,4.5,4
B00014FSH0,4.0,4
B00CDD7YU6,5.0,4
B000J45YDU,4.25,4
B001P7AINQ,4.25,4
B00EA5AUG0,4.0,4
B00021DLSK,4.0,4
B001FWXHWK,5.0,4
B005GS0LRI,4.0,4
B004O9SCGW,4.0,4
B001LF84ME,4.75,4
B001DJ3GI0,4.75,4
B000235UT6,4.5,4
B00593FLMU,5.0,4
B00IKPCJ3S,5.0,4
B000TNM3WG,4.5,4
B003D71MYA,4.5,4
B00EXPVJTY,5.0,4
B000Q2ZJ3U,4.75,4
B00GWJ15KW,5.0,4
B00593FHYM,4.0,4
B00743IY3Q,4.25,4
B001P7AX2W,5.0,4
B001SBP7TE,5.0,4
B001SCG67U,4.75,4
B000JLCW06,5.0,4
B0040HC7K0,4.0,4
B000SRI3OA,4.5,4
B001LQH8WA,4.25,4
B001E96LCC,4.5,4
B00BY0BOV4,4.25,4
B001RHWHQA,4.75,4
B007PNJI1M,5.0,4
B0041T9Y2G,4.25,4
B00ET7IHVO,5.0,4
B007PN2OKY,4.0,4
B004Y4HU7Y,4.75,4
B00027CR4S,4.0,4
B003CE2D38,4.0,4
B00EA03378,4.75,4
B000158HCW,4.0,4
B001PHDQ4E,5.0,4
B0096Z2OSG,4.0,4
B007UUGSG8,5.0,4
B005FYC1WQ,4.25,4
B001E0QX7O,5.0,4
B005GLW5GA,4.0,4
B003CFB6X0,4.25,4
B00E7G00UI,4.5,4
B003CFB2QQ,4.5,4
B0041VD78Q,5.0,4
B001MHWT9K,4.75,4
B004ETKQL6,4.75,4
B003EGS964,5.0,4
B009N42YZS,5.0,4
B00I97K8YE,5.0,4
B007FW2FPE,5.0,4
B000FKJLU0,5.0,4
B000JZPYHA,5.0,4
B00E9ZKCFU,5.0,4
B001FPZL26,4.5,4
B00GZLCC90,4.0,4
B001E0SYLC,5.0,4
B00GP0J3JI,5.0,4
B001MHY5SS,4.5,4
B00GP01FNU,5.0,4
B004Y4HV6E,4.0,4
B00021BGUA,4.75,4
B007824RQG,4.5,4
B00F00ORY0,4.25,4
B004CZZFEU,4.0,4
B000JP1S9I,4.75,4
B003I9GC1G,5.0,4
B000JLJ2BI,4.25,4
B005F5IG92,4.0,4
B007QISOA2,4.75,4
B00F01EJ7Y,5.0,4
B000Q4226U,4.75,4
B005EV11US,5.0,4
B001E96LDQ,4.75,4
B003C8H3HK,4.75,4
B0040I0FAI,5.0,4
B00BKFUEAU,5.0,4
B000SJU65C,4.75,4
B004EHP8IY,5.0,4
B003CANFTI,5.0,4
B001F51TWC,5.0,4
B003EGSBP8,4.0,4
B007824U1S,4.75,4
B003CAVGG2,5.0,4
B003K58TCI,5.0,4
B001E0QAE0,5.0,4
B000CR4GAG,4.75,4
B00EZZ8DAK,5.0,4
B00EZZTFIE,5.0,4
B003CAHIRS,4.5,4
B00EZZZMCC,5.0,4
B00F004SFS,5.0,4
B003CA0LRW,5.0,4
B001FS7AEK,4.75,4
B000FMVL1A,4.25,4
B003K0X9DM,4.75,4
B003CGYLVS,4.0,4
B00B8LTJ84,4.5,4
B001R8ZEPA,5.0,4
B00ANV5NTY,4.0,4
B007UQAX4A,5.0,4
B000JOTWAG,5.0,4
B00027C92I,5.0,4
B001R91CPU,4.5,4
B00HNXUON0,5.0,4
B003K1CRW0,5.0,4
B003K1D8EG,4.75,4
B001R935KK,5.0,4
B00AP88D6A,4.0,4
B00ET7RYEA,4.75,4
B0041V5XW4,5.0,4
B001FP9ZSC,4.0,4
B003K0WGLI,4.25,4
B003K2F122,5.0,4
B0009SV1X8,4.75,4
B001LTPHR0,4.5,4
B0075OYKGO,4.0,4
B004X6KY94,4.5,4
B0075O2ELM,4.0,4
B001PI4GJM,4.75,4
B009MZG5Z8,4.75,4
B005AUC8J6,4.0,4
B00975YATG,4.5,4
B001E0WSHS,4.0,4
B00AIK5FBQ,4.25,4
B005CFP5QC,5.0,4
B005CFP602,4.25,4
B003CH2GNM,5.0,4
B001FORK7G,4.25,4
B003CH2GKU,4.5,4
B001E0WC4C,5.0,4
B00027C9C8,4.0,4
B00E7NSEQ8,5.0,4
B0059K09E8,4.25,4
B00I6CS056,5.0,4
B001PHHQ8Q,4.5,4
B001E0VWUW,4.75,4
B00GP0O17C,5.0,4
B00CDQ44XS,4.0,4
B009B1VCD8,4.5,4
B00EZVDTJ4,4.75,4
B00EGMYN3S,4.75,4
B004OCM77Y,4.0,4
B001LQNQU8,5.0,4
B005GLSR58,4.25,4
B000SKV5VA,5.0,4
B00E7HBZSI,5.0,4
B000IQVV72,4.25,4
B001RB6I7U,4.5,4
B007FTZ0C2,4.25,4
B004BOBPH8,4.0,4
B000R8ZBK4,4.75,4
B00EZTEB9S,5.0,4
B003CGRLMY,4.25,4
B00CL6QE92,4.5,4
B00E7N77G6,4.0,4
B0009OAHFU,4.25,4
B001RAL59W,5.0,4
B003D1MZJW,5.0,4
B009N39I08,4.0,4
B007PORX0E,4.5,4
B000Q53NGM,5.0,4
B00GZI4WKK,4.75,4
B0041TA3A8,4.0,4
B001FPVN3C,5.0,4
B009N2LWXU,5.0,4
B004BO6ESI,4.75,4
B003K1L4X8,4.5,4
B00EA0XJAO,4.0,4
B007PKM358,4.75,4
B004BIRG0E,5.0,4
B005985KIA,4.5,4
B00BKE65RW,5.0,4
B00EH5N17S,4.0,4
B003D2DWTS,5.0,4
B0074VA7WE,4.75,4
B0009R5CKW,4.5,4
B0009R5CH0,4.5,4
B000Q39JVW,4.25,4
B00JM8ZD30,4.25,4
B000SSG0AS,4.0,4
B00F0I9V8E,4.5,4
B00F0IWR5S,4.75,4
B00CDEFUN8,4.0,4
B007G80K8Q,4.5,4
B00GOQEYCE,4.0,4
B0041P9NWG,4.25,4
B005GNTFWU,4.5,4
B001F51T5O,4.25,4
B007V4TBMG,4.5,4
B003EHWPTA,4.0,4
B0040R81V4,4.25,4
B007SVICR2,4.0,4
B00021ASXG,4.75,4
B00BN3ENM4,4.25,4
B001RU74JC,5.0,4
B000GKJRU8,4.5,4
B007V1V2D0,4.0,4
B007PJ4Z82,4.75,4
B003D1YSCE,5.0,4
B0096V2A7A,4.75,4
B00413WRM6,5.0,4
B004D0VZ7K,5.0,4
B001F51T8G,5.0,4
B00CDF299U,4.5,4
B000JLEVP0,4.5,4
B00027DDZ0,5.0,4
B005ETITI2,4.25,4
B00E6QGKMG,5.0,4
B001FTEZT2,5.0,4
B00GQC2V0I,4.0,4
B000UDVOKW,5.0,4
B005CHHPK4,4.5,4
B00GZZ0FDQ,4.0,4
B00ISENBGA,5.0,4
B009HYKFZA,4.75,4
B001DT9NLY,4.5,4
B0074NKZSI,5.0,4
B000SSHTYO,5.0,4
B0074NFZOW,4.0,4
B003D2W8UM,5.0,4
B00F0Q4ZAK,5.0,4
B001RVJ8T0,4.25,4
B00B8BTM2C,4.75,4
B007V617CQ,4.0,4
B00014I99O,4.5,4
B001RVKLKA,4.75,4
B00BX2RP6Q,4.75,4
B003K797OA,4.0,4
B004RAWXKO,4.75,4
B0098SNE26,4.25,4
B001DTYSYQ,5.0,4
B003K6YRFU,5.0,4
B003K6YWKU,4.5,4
B001DTSSCY,5.0,4
B004D13TQY,5.0,4
B007V50MKA,5.0,4
B00ISEMTFY,4.0,4
B000FKJLSM,4.0,4
B001F51T0Y,4.0,4
B001DTQQR8,4.25,4
B007G9RSL2,4.0,4
B000SIEZOQ,5.0,4
B00CI77OS4,5.0,4
B003C1X8M6,5.0,4
B000Q3801M,4.75,4
B007V5DMIY,4.75,4
B0040R7O08,4.5,4
B000QFQAXA,4.5,4
B007PKHCPY,5.0,4
B00CDGH782,4.75,4
B005AUX4EE,4.25,4
B000SRTPJM,5.0,4
B007G03CRU,4.25,4
B0040ZZQL4,5.0,4
B00IEY8F9C,5.0,4
B004XZETGE,5.0,4
B001FSK74K,5.0,4
B001RQYN86,4.25,4
B004BJO7TG,4.5,4
B00GWTQ886,5.0,4
B00GOY3L34,5.0,4
B000FAPJKG,4.75,4
B00BLQ2LIG,4.0,4
B000SJ9EO6,4.25,4
B00EA0XSP0,4.75,4
B005CGKCPA,4.5,4
B007PKGNRC,4.0,4
B003C7R4UW,4.0,4
B0009OAGTM,5.0,4
B003EGZY1M,5.0,4
B000GLB37C,5.0,4
B001DZ5N26,5.0,4
B000AA5VV8,4.0,4
B00756ZP5C,4.0,4
B001E96LS6,4.75,4
B001LNOETI,4.0,4
B00EGSJ33C,4.75,4
B00BOJ96YW,4.25,4
B001DYJ56M,5.0,4
B0096V5BJY,5.0,4
B005GMYP4O,4.5,4
B00783K4E4,4.75,4
B001RTSU78,5.0,4
B001RTSU7I,4.0,4
B007UZWDKI,5.0,4
B00598NXNE,4.25,4
B001FT87DM,4.0,4
B005FY1KJQ,5.0,4
B00EH2KNGI,4.0,4
B00GOXZQAQ,5.0,4
B0040HIL8M,4.75,4
B000UCPQSE,4.0,4
B00BOJ98XQ,5.0,4
B001PC2ZAA,4.0,4
B001FTA50K,4.5,4
B00EH3MQVW,4.5,4
B000Q3BM5S,5.0,4
B005988WBW,4.75,4
B007825FEO,4.25,4
B001DYFHZ0,4.5,4
B00GT1XI3U,4.75,4
B009LLI790,5.0,4
B007G0LIVW,4.25,4
B003C5KOOC,4.75,4
B001DYI176,4.75,4
B00ANTX9WE,5.0,4
B00755IY5G,5.0,4
B00CJUV8BO,4.75,4
B001PDJXPY,4.0,4
B00754NEF2,4.5,4
B00E6TZA2E,4.5,4
B000UCIY4M,4.25,4
B004R80X8K,5.0,4
B000FAKFAA,4.75,4
B004D02YVQ,4.25,4
B000JLEXF8,5.0,4
B004D065RK,4.75,4
B005CHEH64,4.75,4
B000BTQL3K,4.5,4
B0039NOND0,4.5,4
B001ABRIRG,4.75,4
B001NZTT94,4.0,4
B004NHQ17W,4.0,4
B0009WY56Y,4.25,4
B00BM95XRS,5.0,4
B00269RQ0U,5.0,4
B001N0QMF8,5.0,4
B000P26ZDO,4.5,4
B003NSTKJ8,5.0,4
B00I4ZTDPQ,4.25,4
B009DUJHY8,4.5,4
B0026BUCF4,4.25,4
B0026CD2BO,4.0,4
B003NT3ZYS,4.25,4
B004S8JTUW,4.0,4
B00GS4Z7LO,5.0,4
B0041HNVC2,4.25,4
B007B22ABW,4.75,4
B000FHBCFU,5.0,4
B0081C1OJ0,5.0,4
B00819W8MK,4.75,4
B00BMI8WMC,4.75,4
B00819WR1C,5.0,4
B000AM8TWY,4.75,4
B000P2757Y,4.5,4
B001EWETB4,5.0,4
B006UK9EZQ,4.0,4
B004DR2J14,4.25,4
B003NS3A44,5.0,4
B005FC70QK,4.75,4
B007KDYY0C,4.5,4
B004XJNLV4,4.75,4
B003JBMCVC,4.0,4
B000TBZ9L0,4.25,4
B004NHQV1I,5.0,4
B000RYPS6A,5.0,4
B00JV3R1FE,4.75,4
B006UHF1QA,5.0,4
B003E0Y3WY,5.0,4
B004Q613TQ,5.0,4
B0081G4N9E,4.75,4
B009JVYRYG,4.5,4
B003E0Y39C,5.0,4
B0099SSYR0,5.0,4
B005FG12EW,4.5,4
B0039L0FI4,4.75,4
B004XVJM0G,4.5,4
B000T3M858,5.0,4
B000FKLDY2,5.0,4
B009JW64KU,4.5,4
B0041QJGPY,5.0,4
B000V7K0IE,5.0,4
B001A7YGXE,4.25,4
B0026HX9XA,5.0,4
B004S8N1HE,5.0,4
B00IA25DDE,4.5,4
B000JI5E72,5.0,4
B0009R168E,4.5,4
B001ET79J6,4.75,4
B001EWET9Q,4.25,4
B001NZB8N4,4.5,4
B001A9DWFK,5.0,4
B0001TP0H8,4.5,4
B005IQ33HS,5.0,4
B007B2YBF0,4.75,4
B003NTJKHY,4.0,4
B00EVUPNI4,4.0,4
B00FBT92MW,4.25,4
B003H75DTQ,5.0,4
B0026HSNXG,4.75,4
B00BMI8Z6A,5.0,4
B00021VU1A,4.25,4
B0092ECES6,4.0,4
B005BRR528,4.0,4
B006UR2F4G,4.25,4
B007KAY76Q,4.5,4
B001H7UENS,4.75,4
B001JGIXNA,4.0,4
B0099OV3A4,4.75,4
B001O1EUM8,4.25,4
B006UR2F1Y,4.5,4
B0092DUOF2,5.0,4
B003H7STQK,4.25,4
B00ARCQIU2,4.0,4
B00B9C72KO,4.5,4
B005DC97L8,4.25,4
B006UR2C9Y,4.5,4
B00B0F3QJ6,4.0,4
B000V6R1N2,4.0,4
B004GP8B1A,4.0,4
B002612KLI,5.0,4
B003NQD0PU,4.25,4
B00817EY1U,5.0,4
B0039PKJ72,5.0,4
B005DC6784,5.0,4
B000BTEYG6,4.0,4
B001ADU8JE,4.0,4
B007MJKMS2,4.5,4
B005FGQRNS,5.0,4
B000BZIHL8,4.5,4
B007KAX8IO,4.75,4
B00FBHWTCE,4.25,4
B001JHIGXG,4.25,4
B0081933JC,5.0,4
B0039PGQ8I,5.0,4
B001N0KT4I,5.0,4
B006US7AL8,4.0,4
B009KAS91I,4.0,4
B006UR2BLI,4.25,4
B00819JTG8,4.5,4
B000P27678,5.0,4
B000KJRK3G,4.25,4
B00ECDH4DW,5.0,4
B001H92916,5.0,4
B000FRWNN0,5.0,4
B0092A35D8,4.75,4
B00C12TRTA,4.75,4
B00819TXN2,4.25,4
B00JQM5J6I,4.25,4
B004NHTSGI,4.5,4
B006UMPDA4,4.5,4
B00AFY7IUG,4.75,4
B004XJNLQY,4.0,4
B001AC5YO4,4.75,4
B00AML8ISI,5.0,4
B000186XCU,4.5,4
B00AFY5VZK,4.25,4
B004S8CLAW,5.0,4
B007RMX57Y,5.0,4
B003NRJ7MY,5.0,4
B004AE1X8K,4.5,4
B00265MJCE,4.0,4
B004WP4VZO,5.0,4
B004GPFYPG,4.0,4
B007MJKIKY,4.25,4
B000RZ2TT8,5.0,4
B005BS91YM,4.0,4
B000P275VA,4.5,4
B007KB9RPG,4.25,4
B00GXZS5U8,5.0,4
B007KB9U2G,4.25,4
B004DINTZ8,4.75,4
B006UQL2GO,4.0,4
B003DVUVXE,4.5,4
B007MJKHZ0,4.5,4
B001JDO4FY,4.25,4
B0009F3OAO,5.0,4
B007KBIFX6,4.5,4
B0026I6K2G,4.5,4
B0081GO7XQ,4.5,4
B004NG60AQ,4.5,4
B001JAH2PQ,4.5,4
B000V89HL4,4.25,4
B004DQ0EPI,5.0,4
B00BIQS03O,4.75,4
B007RKYWD2,5.0,4
B004YL7RA2,4.0,4
B005IR3HEQ,4.75,4
B000V89SJU,4.25,4
B00CBY1S4K,4.5,4
B0000Y3FTE,4.5,4
B009JWBTVO,4.75,4
B0041EV23K,4.0,4
B00DUZN85G,4.0,4
B00BPA6IYG,4.0,4
B001HFA2KA,4.0,4
B000IEMPJ2,4.0,4
B000P251F2,4.75,4
B001A4CYS6,4.5,4
B000V87F9U,5.0,4
B000IEMK2O,5.0,4
B009K7IDI0,4.25,4
B004NG6A10,4.5,4
B000P251G6,5.0,4
B005BTM378,4.0,4
B00JQO36C0,4.25,4
B00BIQSST0,4.0,4
B001A4AX48,5.0,4
B005IR2W6U,4.5,4
B003H68MFE,4.25,4
B000V87OXC,4.75,4
B009E86JYA,4.75,4
B003GD9E6O,4.5,4
B005DG5RQI,4.5,4
B004OTV2QE,5.0,4
B001JAH2RY,4.0,4
B001A4825A,4.25,4
B004SB33MO,4.75,4
B006U081DW,4.5,4
B009A0VOOC,5.0,4
B005IR3IMW,4.75,4
B005IR3K20,4.75,4
B000FJ5TOS,5.0,4
B0000Y3ERW,4.25,4
B001JAH2BU,4.0,4
B004QTUVPA,4.0,4
B007B8O1JA,5.0,4
B00BB8NZES,4.75,4
B007KP0HD8,4.0,4
B001A2ILUS,5.0,4
B007MI4KLI,4.5,4
B0026TVB4C,5.0,4
B004GV8H72,4.5,4
B001A1VM9G,4.5,4
B00BMAK4AS,4.5,4
B00EN57KVA,5.0,4
B0001TMDZ0,4.75,4
B0001TMAEY,5.0,4
B0081PO3G8,4.0,4
B000J10JDS,5.0,4
B007MJGRVS,4.5,4
B00K7HKVQO,5.0,4
B004PSCRMW,5.0,4
B001ET7C9I,5.0,4
B004SBSC9S,5.0,4
B001NW6TJU,4.75,4
B006TWI7N0,5.0,4
B0041GZI06,4.25,4
B001HGQ7EE,5.0,4
B003H645LO,4.25,4
B001A3C2X4,4.25,4
B005DT9K36,4.75,4
B00ECGW4I4,4.75,4
B004GV8G5U,5.0,4
B007B8O0BE,5.0,4
B00ARLCRVC,4.25,4
B003H62XVI,4.75,4
B001HGK3BC,5.0,4
B0001TOM18,5.0,4
B001HC4THA,4.0,4
B0026KEJ4K,4.75,4
B001A6DTME,4.75,4
B005DFHK78,4.75,4
B0081IMY16,4.75,4
B004DQJ99A,4.25,4
B004QWMUFQ,4.25,4
B00GMP7942,4.25,4
B001A69GNU,4.5,4
B0000Y3NX2,4.5,4
B0001TOZ7Y,4.0,4
B001ET7BE4,4.0,4
B001NXMB5U,4.75,4
B000FKLDYM,4.25,4
B00COC5U3O,4.0,4
B00COCC4J2,5.0,4
B00IS896YM,5.0,4
B001JB8Y0M,4.25,4
B00021VU0G,4.0,4
B007C6LIQK,4.5,4
B007RL6V94,4.0,4
B000FJF1OG,4.0,4
B0002J3HOA,4.0,4
B001A7AH1E,4.75,4
B007KJ03I8,4.75,4
B0000Y8O8G,5.0,4
B000JS26GE,5.0,4
B005FG0M8E,5.0,4
B001HBOFVG,5.0,4
B0026JTKA4,4.75,4
B00EN1T7NS,5.0,4
B003E0Y0BI,4.5,4
B005IQRNOM,4.0,4
B009S5UAGC,5.0,4
B003GCR2QO,4.0,4
B004YL48VI,4.5,4
B001JB54IW,4.25,4
B00H3QOCYE,4.25,4
B001ET7BNK,4.25,4
B007KL8U7C,4.75,4
B00IFVUWV8,5.0,4
B001A5GBMA,4.75,4
B0081KAW68,5.0,4
B0026P3GWQ,4.75,4
B00GMP6ZK6,4.0,4
B001NWBOAE,5.0,4
B009S4FAS6,5.0,4
B003E0XZPA,4.0,4
B001ET7BIK,4.25,4
B0009WY5I2,4.25,4
B005IQX0FI,5.0,4
B001HBUFKG,5.0,4
B00DV5QB2C,5.0,4
B000FSFK0W,4.25,4
B0002JB300,5.0,4
B006U3JPYS,5.0,4
B00923X7DS,5.0,4
B005BTLZ68,4.75,4
B00EN2HSWO,5.0,4
B001A5SD0I,4.75,4
B007RL00IC,4.25,4
B00817CH00,4.75,4
B001H6LEY2,4.0,4
B00011JML6,5.0,4
B00BM7CJB8,4.5,4
B004GLU342,5.0,4
B001O4ISJQ,4.0,4
B001AMJY90,4.0,4
B000P43J6I,4.0,4
B007ROFRLE,5.0,4
B009KH8Z0G,5.0,4
B000TD4SCO,5.0,4
B009RQWFQK,5.0,4
B004NMCA2W,5.0,4
B0001V4AO0,5.0,4
B001ET773Y,4.75,4
B001H00ERQ,4.75,4
B001H00ESU,4.0,4
B000JG7BZW,4.75,4
B007JZEKSC,5.0,4
B00243FKNI,5.0,4
B000ALIKAG,5.0,4
B003DS0KQU,4.5,4
B0041R5YMC,5.0,4
B003NEM8CI,4.5,4
B001ET76LM,4.25,4
B000V3T0CK,5.0,4
B0080LNFOY,5.0,4
B001MXQOP4,4.25,4
B00DWHNXES,4.75,4
B001O4KCKO,4.5,4
B000S0B2N6,5.0,4
B0002GQSGW,4.0,4
B001AMRI66,4.5,4
B000V3USGC,5.0,4
B00243FKLK,4.75,4
B00HU5P846,4.5,4
B001AMOKOY,4.75,4
B003JC1438,5.0,4
B00243OQ9W,4.5,4
B0009F3RH4,4.25,4
B00BP0R3WM,4.5,4
B005IL2QP8,4.25,4
B004X8NUPW,4.75,4
B001JOW1NA,5.0,4
B0092OJJRK,5.0,4
B000FJQIWU,5.0,4
B00DWFLRMU,4.25,4
B00DWFLON2,5.0,4
B004Q7AQ5M,4.75,4
B0024GTEH8,4.0,4
B000R2IVS4,4.5,4
B0092OCU08,4.75,4
B001H29O6G,5.0,4
B00DWGDV6Y,4.5,4
B0092PZZKO,4.75,4
B009RRAJIK,4.25,4
B000J10I6G,4.5,4
B0057EWHKU,5.0,4
B006VT3LK0,4.75,4
B0080N97TY,4.0,4
B004GLVNV4,4.5,4
B000ALILGO,5.0,4
B003G1C9UE,5.0,4
B004XJO6CW,4.75,4
B004S6NXSI,4.0,4
B001EWF1VQ,5.0,4
B000TD4QLC,5.0,4
B009KH6WII,4.75,4
B00247XWMA,5.0,4
B000ROI9XE,4.75,4
B0042D6I16,4.5,4
B004DFL4TO,4.0,4
B004X8O4S4,4.75,4
B0080JFL84,4.25,4
B000P63YWU,5.0,4
B0057I8D36,5.0,4
B001O53KRK,4.75,4
B001AQ67ZA,4.5,4
B001O51MH0,5.0,4
B000A3XH8Y,4.25,4
B004PLYMIQ,4.25,4
B003A18X3M,4.0,4
B00CNYKBOQ,5.0,4
B000RO80ME,5.0,4
B0057HZIAS,4.75,4
B000A3XH8E,4.75,4
B000TD9P04,4.0,4
B000GSPUHE,4.75,4
B001AQ10FW,5.0,4
B000JG5PJG,5.0,4
B004CJGZZY,4.25,4
B003JCCVLM,4.75,4
B0057IBKEA,4.75,4
B006W7NP8E,5.0,4
B00CC0S4WM,4.5,4
B001ET733S,4.5,4
B003A2PNZC,5.0,4
B001AQA9AY,4.25,4
B000TDP03K,4.5,4
B000KHKKT4,4.75,4
B005IHECAE,4.75,4
B003FYWY3O,4.5,4
B005IHECFE,4.5,4
B005E1TCYK,5.0,4
B006W47ZDS,4.25,4
B00BJ53PWK,4.0,4
B001JQLNPU,5.0,4
B00CHD2QNW,4.0,4
B0023AN4BW,4.25,4
B0002GQ5EC,4.25,4
B004S4B558,5.0,4
B000A3XH6Q,4.0,4
B001ANQSN4,4.0,4
B003E0Z75Q,4.0,4
B000A3XH3E,5.0,4
B003A05DSG,4.75,4
B006VYIDJE,5.0,4
B007JYAIS4,4.0,4
B0080L7ZTA,5.0,4
B007Y6F5Q2,5.0,4
B0023RSZ6Y,4.25,4
B001GXURBW,4.5,4
B0080LLHG2,4.0,4
B001JQLNEG,5.0,4
B000QV50B2,4.0,4
B0039ZW204,4.5,4
B0023UNEKI,5.0,4
B0080L7ZGI,5.0,4
B003ZYKOOU,5.0,4
B001AO27WO,4.5,4
B001ET76A8,4.5,4
B003ZYL07A,5.0,4
B00JHC0K3E,5.0,4
B000GSSQ8Y,5.0,4
B000FH8YR4,5.0,4
B001AOIYK8,5.0,4
B001AOGHI4,4.5,4
B0023C045Y,4.0,4
B001JQLNK0,5.0,4
B0057HRATU,4.0,4
B00DWMOJ4Q,4.25,4
B005FAP51Y,4.0,4
B00011JOPK,4.0,4
B007C8RCS6,5.0,4
B00CBZU5IE,4.5,4
B000P53THG,4.0,4
B00JH95T24,5.0,4
B001AKP7SY,5.0,4
B006VIF95Q,5.0,4
B000181TGA,4.25,4
B00AK7FCLA,5.0,4
B00810KYSO,4.0,4
B00810PY8Y,4.75,4
B0039TFXQK,4.0,4
B009DQDGNK,4.5,4
B0025ZANNC,5.0,4
B001JJBE1K,4.25,4
B003G6IF5C,4.25,4
B004AGM5TE,4.5,4
B000CJVMAG,4.75,4
B000RPEWRK,5.0,4
B00CBYG1DS,4.5,4
B00I50OIDM,5.0,4
B004WPDOFW,5.0,4
B00CH6PT74,4.5,4
B001O25GIY,4.0,4
B000186X5M,4.0,4
B001EWF0YE,5.0,4
B001AH5U2A,4.75,4
B0039UTUUY,5.0,4
B001JJIRVA,4.75,4
B0025UY13U,5.0,4
B006VB4E7M,4.5,4
B0025VALHE,4.5,4
B009RTE4UM,4.25,4
B00EC6X01E,4.75,4
B004F7VGIO,4.75,4
B001AHGC4U,5.0,4
B006VA9AF4,5.0,4
B009RTGUIQ,4.5,4
B000QV9M34,4.5,4
B00CF0X9HO,5.0,4
B000V5MJVM,4.75,4
B00B6UEKAO,5.0,4
B0039U5PN0,4.5,4
B004CCWICA,4.5,4
B00GUQF012,4.75,4
B005FC42I4,4.75,4
B004NIWL9S,5.0,4
B001AFX3JE,4.75,4
B004CIDPS0,5.0,4
B0092HWP6O,4.0,4
B00B0F3EQG,5.0,4
B001JHZ92M,4.75,4
B007C74JAQ,5.0,4
B001AFBCDI,4.75,4
B00EOWTAYC,4.5,4
B000A3V1YQ,4.25,4
B007KAA43Q,4.0,4
B001AF7NA4,4.5,4
B00260HH80,4.75,4
B001N0FEQG,5.0,4
B004GNVVJ6,4.5,4
B00DVQEXKS,4.75,4
B007KACIDK,5.0,4
B004DSG0GI,5.0,4
B0039PWP5G,5.0,4
B0009F3OEA,4.0,4
B00EMJR44A,4.75,4
B000BTF4YM,4.25,4
B001ET781K,5.0,4
B001H5P11U,4.5,4
B00EMJ28GO,4.5,4
B000FQVR5Q,4.0,4
B00DVYNZK4,5.0,4
B003NOHKGM,4.5,4
B00260H94W,4.75,4
B00CO5UY6E,5.0,4
B000TCY7KS,4.25,4
B001AFFJPU,4.0,4
B000FJLX70,5.0,4
B000TCXEZC,5.0,4
B00DVSELOO,5.0,4
B000RZ88J8,5.0,4
B000F5AFLE,4.25,4
B000TCXD6M,4.0,4
B004YIWMPU,4.75,4
B001ET782O,4.5,4
B001H54SKK,4.25,4
B0080XQGTS,4.75,4
B00021P7SM,4.25,4
B00DW96CI0,4.75,4
B001H3JT8I,4.75,4
B003NLMHIQ,4.75,4
B000P3MNH0,5.0,4
B001AJNW0A,4.75,4
B0039UTTQO,4.25,4
B006VGTRJW,4.5,4
B007K6CJJM,4.0,4
B000CSQWHK,4.25,4
B001O378LQ,4.0,4
B000P3LAJC,5.0,4
B004CJADWU,5.0,4
B00253EO6G,4.25,4
B0002GRCJO,5.0,4
B004YHFI1Q,5.0,4
B003G4DAGI,5.0,4
B009FNMJYS,4.25,4
B00EOZKUVQ,5.0,4
B001AKOH44,4.5,4
B000P3X7ZC,4.25,4
B00B6XA2JY,4.75,4
B001AKNQPK,4.5,4
B009KH45AA,4.75,4
B00FAWUVSE,4.0,4
B000S05138,4.25,4
B001O3VFN8,4.75,4
B004PNWB50,5.0,4
B001O3VFK6,5.0,4
B0024LP0DA,4.0,4
B004XJNKNI,4.25,4
B0024LSHDU,4.25,4
B003ZYGP98,5.0,4
B00BZIDH7O,5.0,4
B0092MCOI8,4.5,4
B000KIIJBO,4.0,4
B003DT76Z2,4.0,4
B004XJO5Q4,5.0,4
B00BWDU220,5.0,4
B009FMUPIG,5.0,4
B004WPE7MG,4.25,4
B001AHS69Y,4.5,4
B001AHQ35I,4.25,4
B00CBYNZVO,5.0,4
B001AHJJNG,4.5,4
B0080XOU9G,5.0,4
B000V5KOSM,4.75,4
B007AV8BYO,5.0,4
B001EWF18E,4.75,4
B000ALMQWO,4.75,4
B0039UJ5AE,4.0,4
B007K97TNK,4.25,4
B009KETXG4,5.0,4
B003G5CXGA,4.25,4
B0039UJ59U,4.25,4
B007RO980A,4.25,4
B001JKCHEW,4.5,4
B0025AI6ZE,4.25,4
B001AJDK3O,5.0,4
B004F7WS5E,5.0,4
B001AJD1MY,4.0,4
B00ARBV3HQ,4.75,4
B00GRLLS16,5.0,4
B00DW7IWQ2,4.25,4
B005BRHX3Y,4.75,4
B0000YXUPS,4.5,4
B0025FG3ZY,4.0,4
B009RT1DWY,4.25,4
B001H54RTC,4.5,4
B001AIP3XA,4.75,4
B000F5HADK,4.5,4
B000FKLCZM,4.0,4
B001AHZ2ZA,5.0,4
B004YLB8FW,4.0,4
B0091YV6EK,4.75,4
B0057IENDU,5.0,4
B009EWZ9B0,4.25,4
B0019C4LHQ,4.0,4
B000F4D0N0,5.0,4
B00BL7A42A,4.5,4
B001I47M8A,4.5,4
B007RF9ADE,4.0,4
B00BIP0CYA,5.0,4
B0049XUTJG,4.75,4
B006RGNTX6,4.25,4
B009EWOF9W,4.0,4
B00JQTHWZM,4.5,4
B003H1MS9A,5.0,4
B00HQYZ5YE,5.0,4
B00EVDADDQ,4.5,4
B004NAX8PM,5.0,4
B0002KP5TE,4.75,4
B001NGF1EA,5.0,4
B009EO0N3W,4.75,4
B000RUHH2W,4.0,4
B00COQ22SQ,4.25,4
B009EWZAP0,5.0,4
B000FEP6UK,4.75,4
B000P13T2A,4.0,4
B0028AM7TC,5.0,4
B00AMOLEMW,4.0,4
B0002KHUME,4.0,4
B000VCQXS0,4.0,4
B0028AWRPQ,4.0,4
B007M1QIKG,4.5,4
B000CKZTFY,4.0,4
B000T9IBBW,5.0,4
B0000E09NA,5.0,4
B005IVZ466,4.75,4
B001I3YWVQ,4.5,4
B00829UM4U,4.75,4
B0082A5E4W,4.25,4
B0038TD9S0,4.75,4
B0091L3358,5.0,4
B005FD3M9I,5.0,4
B003O4NH7C,4.0,4
B001998APS,4.5,4
B000RRM4GY,4.0,4
B0049XMMTG,4.5,4
B003J8N81S,4.0,4
B000GHYRSI,5.0,4
B007L85LKS,4.25,4
B003ZVS8WS,4.5,4
B003J8N5ZM,4.75,4
B0082D6CF4,4.25,4
B009ET40WC,5.0,4
B004DK8NDO,4.0,4
B0002L2JLA,4.75,4
B001I6PXPC,5.0,4
B009EUA90I,4.0,4
B00DUFB1GE,5.0,4
B0028D0YVM,4.5,4
B005FCZ6GQ,4.5,4
B007L84YFG,5.0,4
B00DUFDOZA,4.5,4
B0028D4PVC,4.25,4
B0019AAE1U,4.5,4
B003J8OZTC,4.75,4
B007L858WE,4.75,4
B00CGUYK76,4.75,4
B0091KRB98,5.0,4
B000BSWVU8,4.25,4
B003J8N8DQ,5.0,4
B007LYXA1O,4.25,4
B003E0U7YC,4.0,4
B0091KCYEU,4.0,4
B001IPXXUU,4.75,4
B001IYZVYC,5.0,4
B00GXJDFKY,4.5,4
B003H1BJL8,5.0,4
B00AKFN3WC,5.0,4
B009EZ711S,5.0,4
B00GXN96N0,4.75,4
B001ET7I7O,5.0,4
B000VC5TCG,5.0,4
B0091OFEY8,5.0,4
B00CBOG70U,5.0,4
B001IZYQI8,5.0,4
B007M2VI4Q,5.0,4
B00ENP7H4U,5.0,4
B0019EJXQI,4.0,4
B00CBO3YH4,4.5,4
B003H2AU8K,4.5,4
B001I12GFC,5.0,4
B0002JVNSC,4.25,4
B003O4H8SG,5.0,4
B0019DJWJM,5.0,4
B000P1FSK6,4.25,4
B005IVZ2ZE,4.5,4
B0091OQ0Z0,4.25,4
B004A0UVMS,4.0,4
B00DUG2QPS,4.0,4
B00DUIL0LW,5.0,4
B000P1QK0S,4.0,4
B0091OUWCW,5.0,4
B0091OTJ4O,4.0,4
B007RIIQ5Y,4.0,4
B000VBNH9E,4.75,4
B004GX1OXE,4.75,4
B004SHEBZ6,4.5,4
B004A19HOA,4.0,4
B003E0G5Z2,4.25,4
B0019FG5R2,4.5,4
B000P1PJDC,5.0,4
B004ND7YSQ,5.0,4
B00BCFVXEE,4.0,4
B001HYCAK6,4.0,4
B00DUIQNHI,5.0,4
B001NJNESM,5.0,4
B001ET7I1A,5.0,4
B003GO2ADW,5.0,4
B0019DARZA,5.0,4
B003O4H9GW,4.75,4
B003O4H9HG,5.0,4
B001ET7IP6,5.0,4
B000KOI20G,4.25,4
B003O4HXV8,4.25,4
B0049ZBQG4,5.0,4
B005FCBL4W,4.25,4
B001NI56AM,4.5,4
B004DK4CP2,4.5,4
B003ZVX3OQ,4.25,4
B009ELWU5E,5.0,4
B00AMOLCVA,5.0,4
B0019CRGYQ,4.5,4
B0002KAIQO,5.0,4
B000T9NRZ2,4.5,4
B001NHT69U,5.0,4
B00289V9ME,4.0,4
B004CFWCL4,5.0,4
B00826B1AC,5.0,4
B001NH8I5S,4.75,4
B00GXJCVMC,5.0,4
B0091NAA8Y,5.0,4
B009EXF284,5.0,4
B0091OCA86,4.5,4
B001IZYQ9C,4.25,4
B0019D6COA,4.25,4
B003O4H9QC,5.0,4
B00285NRTQ,4.75,4
B00285PWAS,4.75,4
B003O4HGGA,5.0,4
B00285TN80,4.0,4
B00EOEEUFY,4.25,4
B00BCG2D38,4.0,4
B000VCAWI2,4.5,4
B000CL572S,4.0,4
B001IZ7ISS,4.75,4
B005FD6PT2,5.0,4
B005DKKIDG,4.75,4
B005DKQVEG,4.5,4
B001I1KO1K,4.75,4
B000189VA6,4.25,4
B007BYERWU,4.75,4
B003GTR77G,4.25,4
B001970FNA,4.25,4
B000F4BSA2,4.0,4
B001IAEHLO,4.0,4
B001ET7MPW,4.75,4
B001N5Q5AU,4.0,4
B005DMBC0C,4.5,4
B00GMP0DS6,4.25,4
B001IJQR68,4.75,4
B000QYGH5W,4.5,4
B009SSP4Q0,4.0,4
B009K24O88,4.0,4
B004GZ97IG,5.0,4
B00AMQWW44,5.0,4
B001EUN6LK,4.0,4
B004X8N6UQ,5.0,4
B004PXIR26,4.75,4
B001N5Q4KG,4.75,4
B004GZ59YC,4.25,4
B005FCDAAK,4.5,4
B007L9QGQK,4.5,4
B001I9Z0B6,4.5,4
B00IIHKZ2A,5.0,4
B009K2BA1M,4.25,4
B007LPL7L8,5.0,4
B0040XHO20,5.0,4
B000OZP52O,4.25,4
B00EO8HO5I,4.5,4
B001IACV8U,4.0,4
B004NA23D0,4.5,4
B001NALL4U,4.5,4
B00AKGRF1G,4.5,4
B007RG4Z42,5.0,4
B000VD6XIY,5.0,4
B0056D68RU,4.75,4
B00197T84W,4.5,4
B001EUQBN0,5.0,4
B003O59FIG,5.0,4
B001IAEFYI,4.0,4
B0001MSH2A,4.0,4
B00197RQ5U,4.5,4
B0082J3MRO,4.5,4
B003GYNAEU,4.75,4
B004GZDUA2,4.5,4
B007RFKEAW,4.5,4
B001N7R1OM,5.0,4
B000A3V2DG,4.75,4
B000KOMACC,4.5,4
B0019695MI,4.0,4
B007RFOH6O,4.75,4
B001N7I1QE,4.25,4
B001IGZ1D6,4.25,4
B005DMQBLW,5.0,4
B001N5TIV8,4.75,4
B001IDZAH6,5.0,4
B005IZIGQM,4.75,4
B000RTR5G6,4.25,4
B00AFISZ7C,4.75,4
B0028UNTPS,4.5,4
B003O7GHQ2,5.0,4
B003E0VTRQ,4.0,4
B004SK7HS6,5.0,4
B000KOMM1Q,4.25,4
B007LGRQ1M,5.0,4
B004SK714Q,5.0,4
B004SK5OMW,4.5,4
B00B9FSX22,4.5,4
B004OTT1LM,4.25,4
B0056COXGE,5.0,4
B00EO2L7W0,5.0,4
B003O6L5MO,5.0,4
B006R0U9JE,4.25,4
B0028S7JDI,5.0,4
B005DMG9SC,4.5,4
B004PWWX5E,5.0,4
B0082MST5Q,5.0,4
B003J6RD0W,4.5,4
B007LMR670,5.0,4
B001IHLRP6,4.5,4
B001ICUC9I,4.25,4
B0000CCW1B,4.25,4
B00JFEV29A,5.0,4
B00196B5Y4,5.0,4
B001IDEKNQ,4.75,4
B007LQ9ZWA,4.75,4
B000KOKDQW,4.75,4
B000P0GQRG,5.0,4
B0038Q9HNE,4.5,4
B001ET7KRW,4.25,4
B001I7SPL0,4.0,4
B00AKFZH2G,5.0,4
B0009EXNZG,4.0,4
B00IA5MYT2,5.0,4
B0009EXNYM,4.5,4
B000P0DBG0,5.0,4
B00AFJK96G,4.75,4
B009K10M76,4.25,4
B009SQL0HO,4.25,4
B00FEHF3OM,4.25,4
B0028LOJLU,5.0,4
B00AFJCALS,4.5,4
B0001M7DHA,4.0,4
B0038QCXSK,4.0,4
B007LSIWUY,4.5,4
B003O4OGO0,4.25,4
B00K81SIJQ,5.0,4
B001991YTM,5.0,4
B007LU37QG,4.75,4
B003O4QIOG,5.0,4
B001I6UWM6,5.0,4
B005IWAHP8,5.0,4
B00CJ01C60,4.25,4
B0038QXTEM,5.0,4
B00AFJP82G,5.0,4
B00GXMHVXS,5.0,4
B00FEDLZKM,4.5,4
B006RCM9MC,4.5,4
B000KOLS3Y,4.25,4
B001NFVM80,4.5,4
B00ENWKVRI,4.5,4
B0082D9UJO,4.25,4
B00198XS3I,4.25,4
B005BVZAXA,4.75,4
B0009EXNX8,5.0,4
B00ENYEYLU,4.0,4
B00AMPW5HE,4.5,4
B001ILIHZU,4.25,4
B0041FPMQC,4.75,4
B006R6XU76,4.75,4
B0038PS9SE,4.0,4
B001NC9XHU,5.0,4
B001ILHMRE,4.0,4
B004CG5CEC,5.0,4
B004CG5GDE,5.0,4
B003O55EDG,5.0,4
B007RG72Y2,4.5,4
B001IKBGEU,5.0,4
B0028PES3K,4.5,4
B000FTQGRM,4.5,4
B001I90NT0,4.75,4
B000CPQZ3O,5.0,4
B00FEIV8AE,4.5,4
B009SRJTL2,5.0,4
B003J4OIFW,4.75,4
B001I80J68,4.5,4
B0038PYERE,4.0,4
B0038PYAQ4,4.0,4
B006R9BLME,4.75,4
B00CGRYHNG,4.5,4
B004F1GYR8,4.0,4
B004CG4ZGS,5.0,4
B00BMDECX0,4.25,4
B0028ODVQ6,4.25,4
B0049WUR58,4.5,4
B0002LJXP0,4.5,4
B0028OK2PY,4.0,4
B0091P0XAW,5.0,4
B00275N774,4.75,4
B005DSAWP2,4.25,4
B00ECI4O8A,5.0,4
B00DURZ82U,5.0,4
B006TCRMF4,4.0,4
B004A6P93S,4.0,4
B001J85D04,4.0,4
B003JA3LMM,4.75,4
B001J835RM,4.25,4
B0019VWVVA,4.75,4
B005DIST6Q,4.75,4
B0019VURD4,5.0,4
B0002JGC8I,4.25,4
B0002JGIL4,5.0,4
B000E7UDU6,4.25,4
B004NESVUK,4.0,4
B000V96WN4,4.5,4
B006TEYJ5I,5.0,4
B004DPISRK,4.0,4
B000GHYS9Q,4.0,4
B003E0X9RY,4.25,4
B00CBWLNSS,4.0,4
B004XJNQW8,4.75,4
B0019X1H6S,5.0,4
B000GU48H0,4.75,4
B0019WY2GQ,4.25,4
B005BY4DB2,4.0,4
B001J8LEE8,4.25,4
B004GVC02U,4.75,4
B00CBVYODA,4.0,4
B0081SQ8UO,4.75,4
B006TCS9N8,5.0,4
B0000XMQLS,5.0,4
B00277JLA4,5.0,4
B001N3ZN0A,4.0,4
B00AFP6ESC,4.25,4
B004SE4V22,4.25,4
B003DXRBEO,5.0,4
B0056PP4IM,5.0,4
B000V9QTPK,5.0,4
B009JYGZM0,5.0,4
B0019SMGTU,5.0,4
B00B1HZJSO,5.0,4
B0091UU1MC,4.0,4
B006T5YULU,4.5,4
B003ZWKRWQ,4.5,4
B0041FSVPG,4.5,4
B0009X2CXQ,4.5,4
B006T5JJUC,4.0,4
B000RPSYQ0,5.0,4
B0009R16DO,4.5,4
B00FDMZTVA,4.75,4
B004XVJKQC,4.75,4
B000GHYS00,4.75,4
B007RKB4UQ,4.5,4
B003H3KEZI,4.25,4
B004F262WE,4.75,4
B002784XI8,4.0,4
B005IUGP5Q,4.25,4
B007REPC82,4.0,4
B004X8MD5A,5.0,4
B001J7FEAE,4.75,4
B000RW9F9S,5.0,4
B000V9LE7S,4.0,4
B004CEHSQ4,5.0,4
B00394P3UQ,4.5,4
B003ZWKX1G,4.75,4
B00GMP521O,5.0,4
B000V9OBXC,4.25,4
B000AMVYSK,4.25,4
B001J1NUGK,4.0,4
B009F91X6M,5.0,4
B0026WZK7I,4.5,4
B000E7UDJ2,4.75,4
B000IEFICI,4.25,4
B005DHF668,4.0,4
B001EWEP4K,4.75,4
B000V8DHBA,4.75,4
B001A0PT14,4.5,4
B00DUWX1G0,4.5,4
B001ET7DJW,4.75,4
B005ISNT8Y,5.0,4
B001ET7E3W,4.0,4
B00AFSJVWK,4.75,4
B003H5L6AI,5.0,4
B000RPQDGI,5.0,4
B004CHMG7M,4.5,4
B0000Y3D5A,4.0,4
B0019ZJNOY,4.0,4
B0091XP5CA,4.5,4
B009EDER8A,5.0,4
B00DUWZWGC,4.5,4
B001J9UL9G,5.0,4
B00B6NEDG2,5.0,4
B000FTGE4W,4.0,4
B0000Y3DYQ,5.0,4
B000V8DGP2,5.0,4
B007KQ0I4A,4.0,4
B000P230MI,4.5,4
B0026WFDXE,5.0,4
B001A1JTI2,5.0,4
B0026WLCIY,4.5,4
B009S9OVWC,4.75,4
B0099U39PK,4.25,4
B0026WOMM2,5.0,4
B0009F3MTM,4.5,4
B004GV9Q5O,4.75,4
B003GDKO2C,4.0,4
B001A15H56,5.0,4
B0019ZGT0A,5.0,4
B006TJX0O4,4.5,4
B001HKVGTG,4.0,4
B004X8NECG,4.0,4
B000IEDGNG,4.5,4
B001J9JKQQ,4.75,4
B000RPQNNQ,4.75,4
B00FD5JDAA,4.75,4
B001NTZ1GK,5.0,4
B000QX884Q,5.0,4
B0091X5OGC,5.0,4
B002714QH8,5.0,4
B003NYX6X8,5.0,4
B000P22WUE,4.75,4
B00BPC1GJQ,5.0,4
B000V8VPIW,5.0,4
B001HN85VA,4.25,4
B0019Z6BZS,4.5,4
B004A755WW,4.5,4
B007KSWQ0C,4.0,4
B0019ZEV8M,5.0,4
B004DPOL3U,4.25,4
B007C4NI60,5.0,4
B0001LONQU,4.5,4
B003NYF7RQ,4.0,4
B005DI4ZJQ,4.25,4
B004DPMC5O,4.25,4
B002708JNG,4.0,4
B00270AG1E,5.0,4
B004DIZX9S,4.75,4
B0019Z9T0M,4.0,4
B0002JJH1W,5.0,4
B0019KEN8U,4.75,4
B000TAFQUA,5.0,4
B003E03DN4,4.0,4
B001J3YRHO,5.0,4
B007RIZ62U,4.75,4
B000VAP9MI,5.0,4
B007BH3V74,5.0,4
B000P20RSI,4.0,4
B009EJI2JO,4.0,4
B0091QY0AA,4.25,4
B00ENMIL7U,5.0,4
B001N43KMM,4.25,4
B007RIZ47C,4.25,4
B004GWQEN0,4.75,4
B00COOHFOO,4.75,4
B000VB1HWS,4.25,4
B001ET7GHG,4.25,4
B00AMO6EDQ,4.75,4
B007M63R7I,4.0,4
B001N4403U,4.0,4
B005DK097G,4.25,4
B0027RN592,4.75,4
B0027AAPMO,4.75,4
B000P20SBY,4.0,4
B00AZF926I,4.25,4
B004Q1KF68,4.5,4
B004CEN15G,5.0,4
B000VA9TL0,4.0,4
B00IA3REY4,4.75,4
B007KZ81PO,4.25,4
B004SEZCL6,4.25,4
B004GWA20Q,4.25,4
B003GLQ7EI,4.75,4
B0000UTV1Y,4.75,4
B001ET7FE0,5.0,4
B007M819E4,4.0,4
B0027PE0S4,5.0,4
B000T4T5P8,5.0,4
B004GWAVJI,4.0,4
B007C27ROG,4.5,4
B0056JQA7M,4.75,4
B001ET7GLW,5.0,4
B00CGKNZ40,4.5,4
B0019HA45E,5.0,4
B003901EZI,4.5,4
B000GU9BQ8,4.25,4
B00CBQG4T2,4.5,4
B003ZW2K9Y,5.0,4
B00B6DA302,4.5,4
B0019GX6RI,4.75,4
B0019GX57Y,4.5,4
B001N440DK,4.5,4
B007L3P2KW,4.0,4
B007RESTEQ,4.0,4
B00HLX3BFU,5.0,4
B000C406RG,4.0,4
B003O4EPLY,4.75,4
B001HY2LM8,4.75,4
B00CF3VYLO,4.0,4
B0027XLWTG,4.25,4
B0002JV1A2,4.5,4
B001HX482A,5.0,4
B001J2XSOI,4.75,4
B0091QX4YS,4.25,4
B005FDUF7K,4.5,4
B00BB8NX6I,4.0,4
B001ET7HBQ,4.0,4
B003O4CR1O,4.5,4
B003908WI0,5.0,4
B00BMB8TJA,5.0,4
B00HLXC8IG,4.5,4
B003O4D38U,4.75,4
B00BL5LB2Y,4.25,4
B004YMU6VI,4.0,4
B00AKFFXG6,4.75,4
B003H2EFJU,4.75,4
B0009R341G,5.0,4
B0027MFO3M,5.0,4
B006SUUUMY,4.0,4
B001ET7EMS,4.0,4
B00GMP4XYQ,5.0,4
B00392HDM4,5.0,4
B0009EXOOG,5.0,4
B001NRHU3E,4.25,4
B000KLZZAE,4.0,4
B009SDQXGK,4.5,4
B0081UIY6I,5.0,4
B001NREL1I,4.25,4
B000RV5N6S,4.75,4
B003O3UPB4,4.0,4
B00BCC2G3Y,4.75,4
B000GHYRYM,4.0,4
B0019QAMZ2,4.5,4
B003O30RZS,4.0,4
B007RJNZHM,4.25,4
B004GVFRF2,4.75,4
B00BAKCZ2A,4.25,4
B00CONS84Q,5.0,4
B001NSI91U,4.25,4
B0019RK0WG,4.75,4
B006T40H04,4.75,4
B004X8MEGI,5.0,4
B0081UAXPS,4.75,4
B0002JKPB8,5.0,4
B00C153H7A,4.0,4
B004A436JO,4.0,4
B007KWUBTG,4.25,4
B00ENII6YM,4.75,4
B006T2UF5S,4.5,4
B00HUBYV66,4.25,4
B001EVZ446,4.25,4
B0001S6WXK,4.75,4
B000TAO8NG,4.25,4
B000P20THC,5.0,4
B007BF7NAW,4.5,4
B007RJ2ZFK,4.0,4
B0019M0PWG,5.0,4
B0027I8CB2,4.5,4
B00IIFTWHG,4.25,4
B003ZWDVYC,4.75,4
B0019LYO5Q,5.0,4
B0001M3K72,5.0,4
B001HUTW9M,4.5,4
B00392AAOC,4.5,4
B009SF8BP4,4.5,4
B0001M3K8G,4.75,4
B003O4AF5Y,5.0,4
B000QXAOCU,5.0,4
B005FEOG9M,4.0,4
B00392A43Y,4.0,4
B001J5TEFM,4.25,4
B00DUO3DFC,4.75,4
B0027HOERO,4.5,4
B0000WURRO,4.75,4
B0009EXOMS,5.0,4
B000P20UMG,4.0,4
B00CONSYAO,4.5,4
B007BF7SB6,4.75,4
B0081UYHPA,4.75,4
B0027FPF42,4.0,4
B0009XH6SW,4.25,4
B004A2EUY6,4.5,4
B009K6U2NA,4.75,4
B0019MYS5Q,4.0,4
B007M8714G,4.0,4
B00392DXW8,5.0,4
B00CJ3183Y,4.5,4
B003ZYKM42,4.0,4
B000PHTC34,4.5,4
B00EW7ZMVE,4.75,4
B003FF0AWK,4.25,4
B00HS5MAYY,4.75,4
B001B9GH5G,4.0,4
B001KVV084,4.75,4
B001B9G6EI,5.0,4
B0001Y7BKC,4.25,4
B004RYFUEQ,5.0,4
B007NLVCPG,5.0,4
B009KWJ4R4,4.5,4
B000RLSEOQ,4.25,4
B001MV5W68,4.25,4
B007IYJZPM,4.5,4
B001B9FC1Q,4.0,4
B001ERF1UW,5.0,4
B003E11TQ6,5.0,4
B006YQM3A4,4.75,4
B003JECNJ0,5.0,4
B007NM1Z8O,4.0,4
B0057Z47X4,4.5,4
B007A1EEE0,5.0,4
B003HNL222,4.25,4
B007CM5EH8,4.0,4
B0001YA6V8,4.0,4
B003E11WNQ,5.0,4
B005BZJPDW,4.0,4
B00IWO3JHC,4.0,4
B001ER6M9G,4.5,4
B007Z2JQNI,4.25,4
B004QZL4WS,5.0,4
B001W9SJHY,4.0,4
B00AN80XOC,4.75,4
B001MV5VQE,5.0,4
B000UVRVZG,4.0,4
B0057YTDC0,5.0,4
B00HN02A80,4.25,4
B004E5RGR2,4.0,4
B005D2GK3G,4.25,4
B001GD5XW0,4.0,4
B004F8J1A8,4.0,4
B000F79YXW,4.5,4
B001WAKUQ6,4.25,4
B003E11TJ8,5.0,4
B004YDIYO8,4.75,4
B00F8AO5LC,4.75,4
B003DL0BAM,4.25,4
B001B8L88I,4.0,4
B000J1T9IY,4.25,4
B00DZWTTUC,4.75,4
B001B8JD80,4.5,4
B001WAKUUC,4.5,4
B0057XCE72,4.0,4
B000UW518E,5.0,4
B001WAKUVG,4.5,4
B004QD2O5Q,4.5,4
B001GEG4GS,5.0,4
B009QUUQO0,4.75,4
B00GMWP6N6,4.75,4
B000FKGNBU,4.0,4
B003ARUVXG,4.75,4
B009D7I1TI,5.0,4
B00EBBWZZ2,5.0,4
B000TGOM40,5.0,4
B006YN89KK,4.0,4
B004QZIX0O,5.0,4
B006YL2232,4.75,4
B007CM1CGU,4.25,4
B0001XVJLA,4.75,4
B001WAKTWQ,4.5,4
B001WAKTZS,4.75,4
B00EW6ZST6,4.0,4
B00GVHMHD4,4.75,4
B00DZY0MTC,5.0,4
B003HM9Z3G,4.25,4
B000PHP84Q,5.0,4
B00CCNXFYQ,4.25,4
B001WAKUCU,4.25,4
B00K0R0B3E,4.0,4
B009D4RAKC,5.0,4
B00DZ8X5T2,4.25,4
B000141GKS,4.25,4
B00CCR2XNQ,4.75,4
B007RZ16DQ,5.0,4
B004XKJV58,4.5,4
B009GFGMJS,5.0,4
B004GC748E,4.25,4
B003ATFM4M,4.75,4
B001W0UGOC,4.5,4
B000JE4CEW,5.0,4
B000PHVKKW,5.0,4
B001W2SCSC,4.5,4
B000UUZF3M,4.0,4
B00EKI21DM,4.75,4
B007NN7O1A,4.0,4
B007IVUXVK,5.0,4
B007YWT7J2,5.0,4
B00E0FY7PK,4.25,4
B003ATFQ8O,4.25,4
B003IU3AWY,4.5,4
B007R6760C,5.0,4
B001VT1ESG,4.25,4
B007CMITVG,4.0,4
B000PHVQJM,4.0,4
B007YRGHNG,4.5,4
B00B074JWW,5.0,4
B00B7GYBL0,5.0,4
B001KY3KBG,4.25,4
B003ATHK38,4.0,4
B00EQ1UD10,5.0,4
B00AQQDPXC,4.0,4
B009QNN1MQ,4.75,4
B007YSCNFQ,4.5,4
B00AQRD6LM,4.75,4
B0009VQ8SI,4.5,4
B001GBDM98,4.25,4
B009QOIVSO,4.25,4
B00CEQ3FWI,4.0,4
B00CJG2SYO,5.0,4
B001OI8OKK,4.75,4
B001GBHENI,4.5,4
B00BL8MLLQ,4.25,4
B004QZLAG8,5.0,4
B001GBIN56,4.5,4
B001W8U56I,4.75,4
B000E4912U,4.75,4
B001W8WT76,4.5,4
B007IWZFRQ,4.0,4
B00AOSN46A,4.0,4
B001BAEUD6,4.75,4
B004OP2K1O,4.0,4
B003DKUSGU,5.0,4
B0001YNQF6,4.0,4
B007Z2GKCS,5.0,4
B001W9QFAM,4.75,4
B007IVZ5HW,4.0,4
B00017XR7U,5.0,4
B007YXJ4LW,4.5,4
B007YXN4D6,4.0,4
B007YXN742,4.25,4
B005I039T6,4.25,4
B009QQLEFE,4.5,4
B00F7IC5GW,5.0,4
B00JU3KRRE,4.25,4
B00E0F06KK,4.5,4
B006YYGHSU,5.0,4
B00JU3X5WI,4.75,4
B005805C46,4.5,4
B001MV5UYW,5.0,4
B006YXPPCU,4.75,4
B00B1D2JEU,5.0,4
B0057ZPIEG,4.5,4
B00AJZOOLC,4.0,4
B004XJ9SDE,4.0,4
B004GDFKOS,5.0,4
B009QZ6ACC,4.25,4
B000S3PKLI,4.0,4
B00F8LMCOI,5.0,4
B00021WZ8C,5.0,4
B00B1DR5WQ,5.0,4
B006XMO0TG,5.0,4
B005EDCNUI,4.5,4
B001KOTQHI,4.5,4
B007ZDFRVM,4.0,4
B007RTTX7S,4.25,4
B005D4FO1I,4.0,4
B00GMUR8ZW,4.25,4
B001ESC1J0,4.25,4
B003AOIOPQ,4.25,4
B0009QZYNS,4.75,4
B001OENNZ0,4.25,4
B00EPQ4CXG,4.75,4
B00CCJ6C86,5.0,4
B000S5L4AC,5.0,4
B007J7M29Y,4.0,4
B007ZBL8DA,4.0,4
B003AP4Y18,4.75,4
B001KOTQW8,5.0,4
B004GETH1Y,5.0,4
B00BJ98PQW,4.0,4
B000QUN26I,4.0,4
B001YHTTQE,5.0,4
B00BA54O1K,4.75,4
B000QUNDF8,4.75,4
B003AOVIJ0,4.75,4
B005FMDNQ6,4.25,4
B0041RKYQS,5.0,4
B001B5A6RU,4.0,4
B001B58FQY,4.0,4
B00EDQUTDK,4.75,4
B001KOTQOQ,4.5,4
B004NQ4EFO,4.0,4
B009QZATL0,4.75,4
B006XJKDKO,4.0,4
B001B48C68,4.0,4
B003DLYXDS,4.5,4
B00021E5Y4,4.25,4
B001B48BDM,4.0,4
B007A59B44,4.25,4
B0041LK7QQ,4.25,4
B001GIOV1E,4.25,4
B001ESE27Y,4.5,4
B0093JK3KQ,4.75,4
B006XFEC64,5.0,4
B005BIP7XG,4.0,4
B004AM7Z7U,5.0,4
B003JCRAVS,5.0,4
B005FM68N6,4.75,4
B001OCBNHM,4.5,4
B004F0ME9G,4.25,4
B007CLP7MQ,4.5,4
B0093JNUUG,5.0,4
B001ZD1KZK,4.0,4
B004AMCV92,4.75,4
B001Z724BA,5.0,4
B000PGCPGQ,4.25,4
B006XIEDOC,5.0,4
B007ZETSBG,4.5,4
B000PG6EZ4,4.75,4
B007NIQZ74,5.0,4
B00F8MHP5S,5.0,4
B001ZD3JI6,4.75,4
B000IJMC3Q,4.5,4
B00B0XPHY0,4.5,4
B001GIOUYC,4.0,4
B00CCH2K16,4.75,4
B001MV5Y20,4.5,4
B00DZGA1H8,4.75,4
B000TGEUFQ,4.5,4
B001Y64DUC,5.0,4
B000PH3XO8,4.5,4
B003AQO778,4.0,4
B000A3ZMFK,4.75,4
B001B7LV1S,5.0,4
B009GCSXB6,4.25,4
B001GEREN0,4.5,4
B005I4UBVG,4.75,4
B007Z8MA1W,4.75,4
B00AQWPDXG,4.25,4
B003AR7C06,4.0,4
B007CLYHT0,4.25,4
B001XD1DIG,4.25,4
B001B7IHJ2,4.0,4
B00GMW0Q54,4.0,4
B00013MT6O,4.5,4
B00CFYXMKY,5.0,4
B003MTR428,4.75,4
B009QYMR48,4.25,4
B001B7GODS,5.0,4
B009QXUFNY,5.0,4
B000A3V1SC,4.75,4
B001GEP9J6,5.0,4
B003MSQR1S,4.0,4
B000S5JWBU,4.25,4
B009D7XI1O,5.0,4
B00BNQ2TO0,4.5,4
B000TGKTBK,4.75,4
B000C1UCMS,5.0,4
B00429Q9K0,4.25,4
B000TGGM6Q,5.0,4
B003MTCY8W,5.0,4
B001WRSAVQ,5.0,4
B004XJAOQE,4.75,4
B001KPVZXA,5.0,4
B00013MTA0,4.25,4
B0002EAZ2C,4.25,4
B004APW5P4,4.75,4
B0009VR9YK,4.0,4
B000RMU88A,4.75,4
B009QYO5IY,4.0,4
B003APK6ZQ,4.25,4
B005EDJOBO,4.75,4
B0001XQNNY,4.75,4
B00BOUBV4O,4.25,4
B001B6AKES,4.5,4
B007J6N6IG,5.0,4
B000GPZQCQ,4.25,4
B0057VGX44,4.0,4
B00DZRRQMU,4.25,4
B003MW70EC,5.0,4
B001XZLYAG,4.0,4
B009KU538A,4.75,4
B001KOTR0O,4.25,4
B005I59AO4,5.0,4
B001XZR7RU,4.75,4
B006XZ6KPA,4.0,4
B000UXPBJM,4.75,4
B003AP8WBQ,4.75,4
B004OP9Q0W,4.0,4
B000KEBKKU,5.0,4
B000UWYDA6,4.75,4
B00BY6T2OE,5.0,4
B004AOLTIO,5.0,4
B009D80NMK,4.75,4
B006Y7U1O8,4.0,4
B005D2UCEE,4.25,4
B004DBOHUG,4.0,4
B000UWW4KC,4.75,4
B00I0AFM0K,4.0,4
B003MUF780,4.75,4
B007A38804,4.5,4
B001XRZ2QQ,4.5,4
B001GFB5CU,5.0,4
B001XS0SO6,5.0,4
B0001FSTUW,5.0,4
B00AN7DGCY,5.0,4
B004AOGIOE,4.25,4
B005D2VPQI,5.0,4
B001GBBU42,4.25,4
B003MJ1RGM,4.0,4
B007Y7JN46,4.5,4
B001KYO9TI,4.0,4
B000BWY1FW,4.75,4
B00IQMEUP0,5.0,4
B000SX32V8,5.0,4
B000SX33GC,4.0,4
B001G7QYT2,5.0,4
B004ARRZDO,4.75,4
B000IMKO7Y,4.0,4
B00CCWWUA2,5.0,4
B000CD0KF0,4.25,4
B001KYO8KI,5.0,4
B003FBMGKS,4.5,4
B007S2IA3W,4.5,4
B005HTBT2C,4.25,4
B004ARRRWS,5.0,4
B001VD1NCE,5.0,4
B005HTL90Y,4.5,4
B004ARRR00,5.0,4
B005HT3P38,4.5,4
B004E7PI9I,4.0,4
B007NXK05M,5.0,4
B005BEYZXS,5.0,4
B00EJW2C74,4.25,4
B001KYOKB0,4.75,4
B001OMI91U,5.0,4
B000S824R6,4.0,4
B007IJVU5U,4.25,4
B00HS5G0YK,4.25,4
B00AGUBZ08,5.0,4
B004ARTSPW,4.5,4
B0094DGZSK,4.5,4
B001VA75BA,4.0,4
B001EYGPEG,5.0,4
B000JL5SGQ,4.25,4
B007Y7GYIO,4.25,4
B001BKM6L4,4.75,4
B001G7QBHM,4.75,4
B00EJX7LCY,4.0,4
B00IGFVF1Y,5.0,4
B00ISOF49M,4.25,4
B006ZMWBJA,4.5,4
B00BOMK6VG,5.0,4
B001KYO36C,5.0,4
B006ZICDT2,4.25,4
B000USANN6,4.25,4
B003MASQR4,4.25,4
B001BKCMOU,5.0,4
B001KYO2SG,4.5,4
B000S6VI7A,4.75,4
B000IZH75S,5.0,4
B001G7ULUK,4.5,4
B004RT1X7Y,4.0,4
B004GAJ0N8,5.0,4
B00E0V2NFA,4.0,4
B006ZFWB9C,4.0,4
B003JFH08I,4.25,4
B00BBTQMOM,4.0,4
B004GAGANQ,4.5,4
B00AGSAH40,5.0,4
B0041SRZRS,4.0,4
B001G7QZ2S,4.75,4
B001EYEQCE,4.25,4
B006ZMGZCO,4.0,4
B004RSQG3G,5.0,4
B001G7QZ3W,4.5,4
B001G7QZ50,5.0,4
B001G7QZ5U,4.25,4
B003HUNC8C,4.75,4
B001VD62NO,5.0,4
B001G7R3II,4.25,4
B009JOSO3S,5.0,4
B009Q9Y20K,4.5,4
B007S1I7H2,4.75,4
B004D9MNN6,5.0,4
B000CQYN7S,5.0,4
B00CIX4NSC,4.75,4
B004E7TB00,4.75,4
B00B7N7SRW,4.75,4
B001KYQ40A,5.0,4
B000IMQ5GS,4.5,4
B000195N34,4.75,4
B0002DN1DI,4.5,4
B003M5XWSW,4.5,4
B007Y6FHME,5.0,4
B00JX7H8VA,5.0,4
B007Y6FINW,4.75,4
B007O2R8FW,5.0,4
B004FAWBTO,4.75,4
B001V9LV8E,4.25,4
B00AOVSD5Y,4.25,4
B009PUW4P0,4.0,4
B0009I4M4S,5.0,4
B001V9MM1E,4.0,4
B007S3I0XG,4.0,4
B000PI34QO,4.25,4
B003E13FQ8,4.0,4
B003F8VOE0,4.0,4
B003F8UT00,4.0,4
B00CHR45DW,5.0,4
B001BLJBQQ,5.0,4
B00AZIXWJI,5.0,4
B0040ZCT1Y,5.0,4
B001G7PZ10,4.75,4
B007Y6FE5Y,4.5,4
B007O3RPEA,4.5,4
B004XMT8UO,4.0,4
B003AYEGBW,5.0,4
B003JIHDVY,4.5,4
B00BB0B1II,4.25,4
B001V9LUYE,5.0,4
B00B9ZHQ48,4.25,4
B000IMOFPQ,4.0,4
B009CUIZF6,4.25,4
B000US5PJI,4.0,4
B00F6130XC,4.75,4
B007Y6J2Q6,4.5,4
B001BKO4XM,5.0,4
B00B9GU6IU,4.75,4
B000QU8QFK,4.75,4
B007Y6JEFK,5.0,4
B001BKNLS6,5.0,4
B003AYEFFY,4.75,4
B004ARTZJQ,5.0,4
B001KYQ072,4.75,4
B001BKNJWE,4.0,4
B004D9CL38,4.0,4
B007S3HVOU,4.75,4
B001BKNGYA,4.25,4
B00B06GNEA,4.75,4
B004PCUEW8,4.75,4
B001KYPZGE,4.75,4
B004YAQB1E,4.25,4
B00CEOXK6Q,4.5,4
B0002DNC46,4.5,4
B003E135QS,5.0,4
B0058DNN5I,4.75,4
B004OO1FM0,4.25,4
B004RRHHAI,5.0,4
B00F5VED5C,4.5,4
B0058DNZS8,4.0,4
B004E84E9C,4.75,4
B006ZUGOWM,5.0,4
B0079MHEU6,4.25,4
B007Y6J1MQ,5.0,4
B001KYQ25M,5.0,4
B000KAMAIA,4.25,4
B007S3HZWS,4.25,4
B001V9QJ9K,5.0,4
B00BMTX8Y8,4.75,4
B007R2J4PG,4.75,4
B001VE14JK,4.25,4
B001VE41YK,5.0,4
B009QGJ19U,5.0,4
B001OJLN70,4.0,4
B001KYKTG0,4.75,4
B001G9DNOO,4.25,4
B003MG7WXC,4.75,4
B00943YHYO,5.0,4
B0079QF8L4,4.5,4
B004E64G4M,5.0,4
B001VK1G6K,5.0,4
B001G9HIYA,4.75,4
B001BBSTA0,4.5,4
B00943R0E8,4.25,4
B000JDA4MC,4.25,4
B000JL5LJ0,5.0,4
B007NNZ22I,4.0,4
B001BBV5P6,4.25,4
B001EO5X62,4.25,4
B0001Z5YO6,4.75,4
B005HY52SO,5.0,4
B001BCP5ZG,4.75,4
B005HYMOYE,5.0,4
B007ISRDPC,4.0,4
B000AGJ4SI,4.0,4
B004FADNYQ,4.5,4
B003ATTO6E,4.25,4
B005895FN0,4.0,4
B001KYNV56,4.0,4
B00E0N29DY,4.75,4
B001G9068U,4.0,4
B0009R5B5I,4.0,4
B004ARO7SA,4.5,4
B00JTZWHYY,4.0,4
B004XLLJQ6,4.75,4
B00B06L8KE,4.5,4
B001VJT910,4.5,4
B00EQ42JUA,4.5,4
B007YM7G86,5.0,4
B00BBU94ZA,5.0,4
B001BBRGYA,4.5,4
B004PF8BT8,4.25,4
B001BBQ18C,4.0,4
B00F6XZVXC,4.0,4
B001BBP0L6,5.0,4
B00B0NPJWA,4.0,4
B001VOT7VW,4.0,4
B004FA7UNQ,5.0,4
B00AQP0P1I,5.0,4
B009GHHVH8,5.0,4
B006Z7C7GM,4.0,4
B00418I5V8,4.25,4
B007YQUS1O,4.75,4
B007YQUS96,5.0,4
B00CCRTQX6,4.25,4
B00CCRQD5U,5.0,4
B009QJQ0S2,4.75,4
B001MV5UD8,4.75,4
B001GB6HEK,4.75,4
B006Z8A8XU,4.5,4
B0002DO538,4.75,4
B004WTZUHS,5.0,4
B00586QGRW,4.75,4
B007YPR42G,4.0,4
B000PHYW5W,4.5,4
B00F6WGFWY,4.0,4
B001BBQF1U,4.5,4
B00EW9EZ38,4.25,4
B00HQIGC2E,4.0,4
B004CN2AA4,4.75,4
B009QHDCIA,4.75,4
B006Z8DL84,5.0,4
B00CCSW290,5.0,4
B00B1ARP56,5.0,4
B001OJ8EOA,4.25,4
B003MGYOQ0,4.25,4
B000SXK0N6,4.0,4
B001VNL2RA,4.0,4
B00CN0TFEC,5.0,4
B005D08XRE,4.0,4
B001VIUWTE,4.25,4
B007YBDE6K,4.25,4
B001G8PIRU,4.75,4
B004CN2KJ0,5.0,4
B001BHHNMY,5.0,4
B001EO5X8A,4.25,4
B001KYNYQC,4.0,4
B00GS9IC6G,5.0,4
B00B1995AA,5.0,4
B0001EL40A,4.75,4
B000IMEYOS,4.25,4
B004RTUMBC,5.0,4
B001MUWEAG,4.25,4
B00021DZ68,5.0,4
B000UTMIYM,5.0,4
B001VFHE1G,5.0,4
B007YCGVHI,4.5,4
B001VFL89U,4.75,4
B00HN2K5KS,4.5,4
B0009I4LBC,4.0,4
B00IDYISFY,4.75,4
B000F7KBWU,5.0,4
B001G8NMP0,4.5,4
B004RT4HI6,4.5,4
B009QAK9Q0,5.0,4
B001BIXLQK,5.0,4
B004PDIBU4,4.5,4
B000F7KBZ2,4.5,4
B00E0UVUOG,4.75,4
B001VEDA2O,4.25,4
B007Y97Y7M,4.0,4
B001OLZNLA,4.5,4
B003MBT7OY,4.25,4
B007Y9A78A,5.0,4
B001VEERLM,4.75,4
B000BTLQ6M,4.5,4
B004RTU3CK,5.0,4
B000QUHNR2,5.0,4
B004QDRWDA,4.5,4
B007NVMU0W,4.25,4
B009QBRMAU,4.75,4
B00F6BCNQ2,4.0,4
B000IZMCA8,4.75,4
B0001Z5Z6S,5.0,4
B00CMWIYUW,4.5,4
B000JL5N8O,5.0,4
B00BA10QFW,5.0,4
B00BBU0RII,4.0,4
B001OK7SDM,4.0,4
B000S6OYC6,5.0,4
B005CZJXO2,5.0,4
B000R3J7VI,4.75,4
B00F6IFP9W,4.5,4
B001OK6F0Y,5.0,4
B009GJ0PG0,4.5,4
B001EY9UB6,4.0,4
B001KYNWCS,5.0,4
B001BDT8XU,5.0,4
B001G8WJ68,4.75,4
B001BDPE9C,4.5,4
B00H2BRAK8,5.0,4
B00AOTG722,4.0,4
B0041LTQNG,4.5,4
B001VGA0BQ,4.25,4
B001VGA4P8,4.75,4
B001KYNYBM,5.0,4
B000FKGRNY,5.0,4
B0001EL4N2,5.0,4
B000A3UZL6,4.0,4
B003IT384K,4.5,4
B000141NII,4.0,4
B003JFB3JU,4.75,4
B007YJ6TFA,4.5,4
B004296CFC,4.25,4
B000E3ZLH0,4.25,4
B001BEL7IS,5.0,4
B000S6QGHW,5.0,4
B00F6FWFLG,4.75,4
B0002DO2EA,5.0,4
B000RNJ1Z0,4.25,4
B007A4G4XG,4.5,4
B003FTS1DQ,4.0,4
B0020MMNB0,4.25,4
B0057OYLWC,4.0,4
B003ABZZKG,4.25,4
B001AX12PI,5.0,4
B003E109TY,5.0,4
B0057OU50E,4.75,4
B003HEUZ60,4.5,4
B006WN6G6Q,4.75,4
B0020MSANK,4.75,4
B0040YUPJS,4.0,4
B007JP9F0U,4.75,4
B0009HBN1Y,4.75,4
B009KP4WD2,4.75,4
B000KGCFBQ,4.25,4
B00AM97LSS,4.25,4
B000GRB85S,5.0,4
B00CC7GWKQ,5.0,4
B001O8PLFQ,4.5,4
B00DY8CSXW,4.0,4
B001GQTUMG,5.0,4
B00932P9Y8,4.25,4
B004XJIBIM,5.0,4
B0020MMGK8,5.0,4
B00GY2J2CU,4.75,4
B009JTDOAQ,5.0,4
B009DH9CCS,4.0,4
B00804EV1W,5.0,4
B001GRM4BE,5.0,4
B004S333EU,5.0,4
B007RPTIOU,4.0,4
B004QXGIVC,4.0,4
B005D7T4SY,4.5,4
B00EVZUGGI,4.5,4
B001ET71GW,5.0,4
B00ELKW7FG,4.25,4
B00II4M8O6,4.5,4
B00807DG6K,5.0,4
B001O84HBU,4.75,4
B004S3JB4Q,4.0,4
B003FWEFOM,4.5,4
B00AG4PJDI,5.0,4
B000TFQ4TW,5.0,4
B0001WJ6NE,4.75,4
B005IEJQ0I,4.5,4
B007AL04OE,4.25,4
B00I52B7M0,4.5,4
B0020YTX3E,4.0,4
B000T28M8Q,4.75,4
B000GRCVJA,5.0,4
B0042AYOP6,5.0,4
B001EWF2V0,5.0,4
B0002FC7OK,4.75,4
B003DQOCIE,4.5,4
B004Q8L6CI,4.25,4
B00IGAVDVG,4.25,4
B004AI906S,5.0,4
B00H31D9P2,4.5,4
B003HESHY2,4.5,4
B000TFQ60E,4.0,4
B001GS2OKO,4.25,4
B001AWE9MC,4.25,4
B00ELK4UBA,4.5,4
B004WQ2NRG,4.75,4
B001JYYO8A,5.0,4
B000BTHDJG,4.75,4
B009KRE5JG,5.0,4
B001AZ01JE,4.0,4
B00I82JJO0,5.0,4
B00HTTNH28,4.5,4
B007AJQ4EU,4.75,4
B007AJR034,5.0,4
B004CAXDGW,4.0,4
B00BM3OUJ6,4.5,4
B007ZYJ19K,4.0,4
B001AY4W2C,5.0,4
B003FRL9EQ,5.0,4
B0009XUMG0,4.25,4
B00F9ILG10,4.0,4
B001GOUGAS,5.0,4
B000PAW10M,5.0,4
B00BAYKV7C,4.5,4
B000S14UOS,5.0,4
B003AHB4IC,4.75,4
B00BM3LJ86,4.75,4
B001K2PTOO,4.75,4
B001AZMG24,5.0,4
B000GR9OJK,4.5,4
B006WVCEGO,4.5,4
B006WVCCVG,4.25,4
B000V12EFC,4.75,4
B004F87CT0,4.0,4
B0057QJ0SK,4.25,4
B000FQS60U,4.25,4
B000RNNN4K,4.25,4
B000V12H8Q,4.25,4
B0057Q8PWW,5.0,4
B00H2WYLAE,4.75,4
B001AZJ01E,4.75,4
B000FL21Y2,4.0,4
B000CNMLAM,4.25,4
B001AXSZPI,4.75,4
B003E10G56,4.75,4
B001EWF2XS,5.0,4
B007RQ3M3W,5.0,4
B007RQ3LO2,4.0,4
B006WPNFCM,4.25,4
B0020MMDPG,5.0,4
B008041516,4.75,4
B000PA578U,4.25,4
B00804BQFQ,4.5,4
B00BNAQFE6,4.0,4
B000FL21XI,5.0,4
B007AK9A2M,5.0,4
B00CC89M7K,4.25,4
B000JFM5ZY,4.5,4
B000P9IFLW,5.0,4
B001ET6YTC,5.0,4
B00JW8DNXM,4.75,4
B001ET6YPG,4.75,4
B00ISSYEC6,4.25,4
B001JZWOYA,4.75,4
B001MVAV4Q,5.0,4
B009A3SUF0,4.0,4
B000195F3W,4.0,4
B006WQUNHG,5.0,4
B001JZUBV8,5.0,4
B003N4T5NI,4.0,4
B00AG8EC32,4.5,4
B003FSTDBG,5.0,4
B001GQ2EDI,4.5,4
B000JFKZO2,4.0,4
B0020MME0A,5.0,4
B0093315E0,5.0,4
B009A3SQ0Y,4.25,4
B003JCN1UC,4.5,4
B001AVY6ZS,4.75,4
B0057OCY94,5.0,4
B001AZNMF4,4.5,4
B0021YN7GM,4.25,4
B000F5SJQC,4.0,4
B0021X8WXQ,4.5,4
B001MWCYBI,4.75,4
B000ALFVA8,4.25,4
B00EP65QG8,5.0,4
B003A68Y36,4.75,4
B00AG29HTW,4.75,4
B001GTRLOC,4.25,4
B005IH7YJ0,5.0,4
B0057JJEKG,4.25,4
B00CJBPOG8,4.0,4
B00B1FKYIQ,5.0,4
B005E2VMZQ,4.75,4
B006WBBJEW,4.25,4
B001AS9OFS,4.25,4
B007ROYU7Q,5.0,4
B003HDEZXU,4.5,4
B0092X3DAU,4.5,4
B00EP6ABYU,4.0,4
B003E0ZN6E,5.0,4
B007MPIPXK,4.75,4
B003IX3FXK,4.0,4
B00HU112QS,4.0,4
B001ASLUAK,4.75,4
B0080FP6UG,4.75,4
B005IH1AG8,4.0,4
B000P87M6M,5.0,4
B003A6NVLG,5.0,4
B0080FWKMI,4.75,4
B001O6IKRY,5.0,4
B000FEG8QG,4.0,4
B009RJNFES,5.0,4
B000GHYW42,5.0,4
B000RO0I3I,4.0,4
B00B0UFXE2,5.0,4
B004Q87C12,4.75,4
B00EP5X7VU,4.75,4
B0022N48JC,5.0,4
B00FA48IC8,5.0,4
B000S0FZWU,4.0,4
B000JTORJ2,5.0,4
B000P6KJYG,5.0,4
B001ARUX68,4.5,4
B001AQXCH6,4.75,4
B001AQX9LA,4.25,4
B0040VDT8K,4.0,4
B003FYG1HE,4.75,4
B0022SP15W,5.0,4
B0002GPJBM,4.0,4
B001AQVHAU,4.5,4
B0080IFIEM,5.0,4
B0022TTFVC,4.25,4
B006WAF214,4.25,4
B003ZYO9B4,4.0,4
B004DELH88,4.25,4
B00EP5YJ7G,4.25,4
B007MNZJN6,4.5,4
B007ROX2NY,4.25,4
B001O5QWZ2,4.75,4
B00EP5XZEO,4.25,4
B009RJPA8C,5.0,4
B00CEX5RZO,4.0,4
B003FXXPTC,4.25,4
B00GMPIC8Y,5.0,4
B001EWF2GK,4.0,4
B007MPRIGU,4.75,4
B0021LUAHY,4.0,4
B00212SXOK,5.0,4
B00BAY0I6Q,4.25,4
B00214GXPE,4.0,4
B000P9BRGC,4.5,4
B000RNPSBQ,4.0,4
B000IHHN7S,4.25,4
B005E3DZAU,4.5,4
B006WEHC40,4.0,4
B0009HB3T6,4.0,4
B000ALFTQO,5.0,4
B004XJIE2A,4.5,4
B001JYDLY8,5.0,4
B007AMBE0G,4.25,4
B00DXXFDPS,5.0,4
B001AV3Y4M,5.0,4
B005IEK7NS,4.25,4
B009FWUIEC,4.75,4
B004GILFL0,5.0,4
B005IEJY6Y,5.0,4
B000P9COH8,5.0,4
B000T28MM2,5.0,4
B003N7823Y,4.75,4
B0041DXL3K,4.0,4
B004OR5DTI,5.0,4
B004DY6VKW,5.0,4
B007ALAPH0,5.0,4
B007AM6ZC8,4.75,4
B0002FCCXG,4.0,4
B006WFMOBA,5.0,4
B009DHBETW,5.0,4
B004F0OGQK,4.0,4
B00CNTK1UK,4.75,4
B003FXABMG,5.0,4
B001ET71UI,5.0,4
B007MS2RB8,5.0,4
B007JUV058,4.75,4
B004PL9MCW,4.75,4
B004DEJIAM,4.25,4
B001JTME32,4.0,4
B00HMSU4ZE,5.0,4
B000FL21OM,5.0,4
B000T2AFV8,5.0,4
B001JTQK1O,5.0,4
B001EWF2M4,4.75,4
B0021KVB8W,4.75,4
B00AR9LN7I,5.0,4
B00AOJVJBG,4.75,4
B007MQZKAU,4.0,4
B000V31ZP0,5.0,4
B001GSXC50,4.25,4
B001O6U97I,4.75,4
B0080FE9P4,4.25,4
B00AZU04LU,5.0,4
B004DEHP6Q,4.5,4
B00011QSUE,4.25,4
B003N8UW36,4.5,4
B004GIQSLC,5.0,4
B0057MYORQ,5.0,4
B000V2OZ80,4.25,4
B00017YKGW,5.0,4
B001O724PW,5.0,4
B001AU1Y7M,4.5,4
B000QV1VPQ,4.0,4
B001ATKGQS,4.75,4
B004Q8G4SE,4.75,4
B001AT95K6,4.5,4
B000KGXRA4,5.0,4
B001E77M36,5.0,4
B001K38UCQ,4.5,4
B001B1MTGA,4.75,4
B004YF0ICC,4.5,4
B001KMHEPQ,5.0,4
B007ZK9U9A,4.0,4
B005FLP6D0,4.75,4
B004QBC65G,4.25,4
B006X1XQWO,5.0,4
B007ZQL4V6,4.75,4
B000GF5OVY,4.0,4
B000RNLFEA,4.25,4
B003N25Q0G,4.0,4
B00EL27LCI,4.5,4
B000FKGHSY,4.75,4
B000TG6FEK,4.0,4
B001GJMSZE,5.0,4
B00AGFUNVU,4.0,4
B00B79JC3Y,5.0,4
B004CAC97Q,4.5,4
B001B2QO88,4.75,4
B00EL02TSG,4.25,4
B0020MCK5Y,5.0,4
B004DBVPGA,5.0,4
B001OB18RS,4.5,4
B005EAMD7E,4.5,4
B0020MCVOY,4.0,4
B000PDMW7Q,4.0,4
B006X5WQV2,4.5,4
B00AR19WII,5.0,4
B004S0ETKK,5.0,4
B000UZTSL2,5.0,4
B00DYSZD2K,4.75,4
B000PBWJDU,4.25,4
B00BJ7T6MG,5.0,4
B004PJ8J7I,4.0,4
B005BKQCVK,5.0,4
B003ANW8JU,4.0,4
B001EWF3IC,4.25,4
B003HL6OWM,4.25,4
B001B1EU4O,5.0,4
B00205PQS4,4.0,4
B00BMNZYL4,4.5,4
B007N7YAL8,4.0,4
B004XJQK08,4.25,4
B000UYIN3W,5.0,4
B00EPHY0MS,4.75,4
B007CKVNVQ,5.0,4
B0020C3RXS,4.0,4
B003N21X9O,4.75,4
B007AD5YTW,4.75,4
B004NOS9NO,4.75,4
B0020MM676,4.25,4
B000CNME04,4.5,4
B004S23M9C,4.5,4
B00EBLHFGQ,5.0,4
B000RNJTU2,5.0,4
B00EBMR998,4.5,4
B001GM01WI,4.5,4
B0009VRRBA,4.5,4
B007ADTPBK,4.25,4
B003FP1DW6,4.25,4
B001KB7H1S,5.0,4
B005D5P1LA,4.75,4
B00DYW6MO4,4.25,4
B000PCA7DS,4.75,4
B0020MM61M,4.75,4
B003JCOYWQ,4.5,4
B007JD9K5W,4.5,4
B003HKVRDY,4.25,4
B003FP061K,5.0,4
B0093GDT78,5.0,4
B001ET6WV2,4.75,4
B004S0FPVW,5.0,4
B00H2NTS8I,4.75,4
B0020MM6GM,5.0,4
B00207MTI2,4.5,4
B000C1UFKW,5.0,4
B003N0G1LG,5.0,4
B006X4MWXU,5.0,4
B000IJ2FJ2,5.0,4
B001KAD2HM,5.0,4
B005IA8B94,5.0,4
B00BB919C2,5.0,4
B000UYNQRU,5.0,4
B0020MM6RQ,5.0,4
B00021E5YE,5.0,4
B000UYSM5Q,5.0,4
B0041RGB0G,4.0,4
B00208H02Q,4.0,4
B000GQ1X36,4.25,4
B001B1MX84,5.0,4
B005IABCPY,4.0,4
B001B1OBWU,5.0,4
B001B2N7T2,5.0,4
B004DBXL80,4.0,4
B0009QZYRE,5.0,4
B001B1OC56,4.75,4
B006X4MHYY,5.0,4
B000UZEQHI,4.5,4
B0093A9LDU,4.75,4
B00204A91E,4.0,4
B007R7YBXQ,4.5,4
B000UZRZT4,4.75,4
B00HQKWU2S,4.75,4
B009DCTTWQ,4.5,4
B007JCPVRO,4.75,4
B003FO8RL2,4.5,4
B000KFZF28,4.0,4
B000JV9C7W,4.0,4
B004OU2TOC,5.0,4
B009D9O8LG,4.0,4
B003HGRW50,4.0,4
B003ZZRU3W,4.5,4
B00203VXYM,4.75,4
B003N07GGU,4.75,4
B007N6W0TS,5.0,4
B000BTI8SG,4.25,4
B005D5IIMY,5.0,4
B009DCUY1G,5.0,4
B001GKQ32C,4.5,4
B000PB0CHU,4.25,4
B001KNH7O8,4.0,4
B005IATCHE,4.75,4
B00AOOC5AA,4.5,4
B0002F203I,5.0,4
B005BYYHAE,5.0,4
B000CSSO4O,5.0,4
B001MV635M,5.0,4
B003HGAPVS,4.0,4
B009G22FDI,5.0,4
B00AR3S7FA,5.0,4
B0020MMBS0,5.0,4
B007N67L6A,4.25,4
B0020MMBRQ,4.0,4
B004XJRPYS,4.5,4
B000V0Y8VQ,4.5,4
B00AR08XJS,4.75,4
B009G7Z3XM,5.0,4
B000PB070C,4.5,4
B004XJIACO,4.75,4
B001MV5ZV0,4.5,4
B007ZU1HA0,4.5,4
B000PDEOUO,5.0,4
B000S1NQTI,5.0,4
B004YF3KMC,4.5,4
B004QB94CY,4.5,4
B0002EZXU6,4.0,4
B0042AHOFI,4.0,4
B007N78WTY,5.0,4
B007JF7WIC,4.5,4
B00H2NQRGO,4.5,4
B00H2NRJB6,4.0,4
B000GI3UC6,5.0,4
B009DCYVII,4.5,4
B004WRWMBC,4.25,4
B000ALDKAQ,4.0,4
B005D54K0S,4.75,4
B0020LUIUO,4.5,4
B001OA82ZK,4.25,4
B001ET6WMG,5.0,4
B001B1SVNU,5.0,4
B00BBZKO8G,5.0,4
B007JD3RVU,4.25,4
B0009HIFT2,4.75,4
B000V0LM0Q,4.75,4
B00B0N8WJ2,4.5,4
B00BNO2RV2,4.75,4
B00IWY4N2W,5.0,4
B003N1JV6C,4.0,4
B000PDEZD0,4.5,4
B001KJS3IQ,4.25,4
B007JD2VLC,4.25,4
B000GR5P9I,4.5,4
B001B1Z88Q,4.5,4
B007RR48QG,5.0,4
B003YNI5PW,4.666666666666667,3
B00CWCVY5Y,5.0,3
B00CWCUA3Q,4.333333333333333,3
B005FB54AK,4.666666666666667,3
B005OJ4PL2,4.666666666666667,3
B000H7508I,4.666666666666667,3
B00IN7VH22,5.0,3
B00CFAXVLS,4.666666666666667,3
B005F906C8,4.0,3
B004ZN7TU2,4.333333333333333,3
B005OKD468,4.666666666666667,3
B005F8ZYV2,5.0,3
B00AWS4YY8,4.0,3
B004VW6BXS,5.0,3
B0032AM71U,5.0,3
B000C1W58M,5.0,3
B003YME1S8,5.0,3
B003E0XSYS,4.666666666666667,3
B004VWXWSK,4.666666666666667,3
B005OA63TI,4.0,3
B005OEET68,4.666666666666667,3
B00BXTOF0I,4.666666666666667,3
B0009R5B80,5.0,3
B00C674K0G,5.0,3
B000A2ECHU,4.666666666666667,3
B00AAYMG12,5.0,3
B003VN05S0,5.0,3
B00AWM968S,5.0,3
B003YMKM40,4.666666666666667,3
B005C1VSXA,5.0,3
B00IU3CAW0,5.0,3
B00HZ3PZBE,4.666666666666667,3
B0043R6UIM,4.333333333333333,3
B0043R72PW,4.333333333333333,3
B003E1B4JS,5.0,3
B005O29578,5.0,3
B000H769LA,4.666666666666667,3
B003E13LAS,5.0,3
B004VXIFW2,5.0,3
B003E15994,5.0,3
B00C5WY7NC,5.0,3
B00CIX1XTE,4.666666666666667,3
B003J4ZV1C,4.666666666666667,3
B003VR0JCS,5.0,3
B005F69H12,4.666666666666667,3
B0051M46VQ,4.666666666666667,3
B000LYUC08,5.0,3
B005OG2W6K,5.0,3
B0031MIC9A,4.666666666666667,3
B003VFYARK,4.666666666666667,3
B0041QKOQE,4.333333333333333,3
B00CWGVV0S,5.0,3
B003E1B21S,5.0,3
B003E0Z7K6,5.0,3
B000A3UN90,4.333333333333333,3
B0043R389G,5.0,3
B00CWT3CPC,4.333333333333333,3
B003IMK66K,4.666666666666667,3
B00BZF992O,4.333333333333333,3
B005O1GXSS,4.666666666666667,3
B003E112YA,4.333333333333333,3
B005FCDJ88,5.0,3
B00BUATESS,5.0,3
B0031O242O,4.666666666666667,3
B005OKQ0YQ,5.0,3
B004VUNOHG,5.0,3
B000A38XYM,4.0,3
B00AKIUQTM,4.0,3
B0009R5CDE,5.0,3
B00AAZ22I8,5.0,3
B000JR4ZDM,5.0,3
B004XAZSDM,5.0,3
B003E6QMIG,4.666666666666667,3
B005O1B43M,4.0,3
B003E0WE2A,5.0,3
B0043R4S8Q,4.333333333333333,3
B005OG38R2,5.0,3
B00CWCSYA2,4.666666666666667,3
B000J2GKHQ,4.0,3
B0051HQZEW,5.0,3
B00328TH1U,5.0,3
B000J27A6Q,4.333333333333333,3
B0007UPSMI,4.333333333333333,3
B003YMH04U,4.333333333333333,3
B005OJ3TFK,4.333333333333333,3
B00AWSAH2G,4.0,3
B000J10JEC,4.333333333333333,3
B003VELDTE,4.0,3
B00C2JN4BO,4.666666666666667,3
B003INKDPI,5.0,3
B00B0XFUUQ,5.0,3
B000M2YOIA,4.666666666666667,3
B0051OKZZK,5.0,3
B000JOZ4RG,4.666666666666667,3
B005F6CVKQ,4.333333333333333,3
B000BOA5U0,5.0,3
B0051OKZVY,4.666666666666667,3
B003ILNGTA,5.0,3
B0031SZAG2,4.0,3
B003E0ZAWQ,5.0,3
B003E133UQ,4.333333333333333,3
B0051T230U,4.333333333333333,3
B00HX2J7FC,4.333333333333333,3
B003E1D5N6,5.0,3
B005C64YHW,5.0,3
B0043R1U14,5.0,3
B00AB35YL6,4.666666666666667,3
B003VQG9MI,4.666666666666667,3
B00CWE7MAI,4.666666666666667,3
B004ZNLI86,5.0,3
B003E155YI,4.333333333333333,3
B0051TPY4M,4.666666666666667,3
B0032B3SQM,4.333333333333333,3
B000H7H6L2,4.0,3
B00CF87L34,4.666666666666667,3
B00AKO37PQ,4.666666666666667,3
B0051PR656,4.333333333333333,3
B00HHFYHPA,5.0,3
B000J1WIUA,5.0,3
B003IWHFKA,5.0,3
B005FACEIG,4.666666666666667,3
B003E10Y8U,5.0,3
B00AB2CV0E,4.0,3
B003E15PZM,5.0,3
B00AO7Q1Y8,4.666666666666667,3
B005OJ4K0S,5.0,3
B0051IC96Y,5.0,3
B0007S5IJS,4.333333333333333,3
B000M2KF9C,5.0,3
B005F751ZM,5.0,3
B00CIZQG26,5.0,3
B00C68DCFY,5.0,3
B005FADUZC,4.666666666666667,3
B005BYZ2K8,4.0,3
B003J42FMK,4.333333333333333,3
B000H77860,5.0,3
B003IWNDX8,5.0,3
B00CW1QUAO,5.0,3
B005FC6YK8,5.0,3
B00AB2E7MO,4.666666666666667,3
B0041PY1B4,5.0,3
B003YNKQQI,4.333333333333333,3
B000H78IPU,4.666666666666667,3
B005C2K8EE,5.0,3
B005FCBBUQ,5.0,3
B000BGIXIE,5.0,3
B000JQ4VO6,4.333333333333333,3
B0031WIQ82,5.0,3
B000H76W3U,5.0,3
B005O0QBJA,4.666666666666667,3
B003VJR1MC,5.0,3
B00CIO8VES,5.0,3
B000M3F4D8,5.0,3
B000BGRBNM,5.0,3
B003VFJ9D0,4.333333333333333,3
B00BXTNVJ4,5.0,3
B00AYGUFZA,5.0,3
B003IQHXXK,4.333333333333333,3
B00AWKBSUO,5.0,3
B005OHQUYE,4.333333333333333,3
B003VJVT9S,5.0,3
B00BXMRS4K,5.0,3
B00AWRB84S,4.0,3
B0031YK9F8,5.0,3
B00AO1QHHA,4.666666666666667,3
B0032C7FMY,4.0,3
B00BUD7WW0,4.666666666666667,3
B00AWPH81M,5.0,3
B004VW2HXQ,5.0,3
B004109QPK,4.0,3
B0040ZOMTG,4.333333333333333,3
B003E0YJ6Y,5.0,3
B003VJXUFO,5.0,3
B000JOQIDK,5.0,3
B00HHGPKR8,4.0,3
B0051TPU14,4.0,3
B003VJI76G,4.0,3
B003VN7D5S,4.666666666666667,3
B0009R5B0I,5.0,3
B00CIWNI9I,4.666666666666667,3
B00HZRW5GS,4.333333333333333,3
B00HHF5GKU,4.0,3
B005FC70AG,4.333333333333333,3
B003VFUI58,4.666666666666667,3
B004VWX5JQ,4.666666666666667,3
B00CWLJZDI,4.666666666666667,3
B004ZN87X0,5.0,3
B0007TZ1DA,5.0,3
B005O2YJC4,4.333333333333333,3
B0043R3FJE,4.666666666666667,3
B004XAZVPM,5.0,3
B000H74034,5.0,3
B000A3V22C,5.0,3
B0043R3CEW,4.666666666666667,3
B000J1WIVE,4.333333333333333,3
B00BXP4WBE,4.0,3
B0009R35CY,5.0,3
B005F4H22K,5.0,3
B005FCBORQ,4.666666666666667,3
B0031SQ8GI,5.0,3
B005OA700E,4.666666666666667,3
B003VJQL64,4.333333333333333,3
B0051S0CH2,5.0,3
B000JQ38VS,4.333333333333333,3
B003YNRDOG,5.0,3
B005C4Y6L8,4.666666666666667,3
B003YNTZ7E,5.0,3
B005C1GEAM,4.0,3
B003VKGU64,4.0,3
B005OH25YI,4.333333333333333,3
B00IZOJCQ6,5.0,3
B005C1PUVQ,5.0,3
B00AWKGDKE,5.0,3
B0041PUCN0,4.666666666666667,3
B000LZSDLW,4.666666666666667,3
B005OD02RY,4.666666666666667,3
B003E12ZV4,4.333333333333333,3
B0007TF0WW,4.666666666666667,3
B004X8NKTS,5.0,3
B0009R35V0,5.0,3
B005O1USJI,4.333333333333333,3
B0031O0HTQ,4.333333333333333,3
B005FAABHW,5.0,3
B003IS7V62,4.0,3
B00IN7F0CK,5.0,3
B0031O7UG4,5.0,3
B0051LTW0M,5.0,3
B005F7KSE6,4.333333333333333,3
B00AKHHP7E,4.0,3
B003IMLAEM,5.0,3
B00AKP21KM,5.0,3
B005F7KTTK,5.0,3
B00AKIP6WO,4.666666666666667,3
B003VKJCN2,5.0,3
B00HX0MX3M,4.0,3
B005OE7H9O,4.666666666666667,3
B000BGV4YE,5.0,3
B00AB0IJ3E,5.0,3
B005F9YB74,4.0,3
B003VN7CUE,4.333333333333333,3
B0043R1GOA,5.0,3
B00HHFTCAK,4.333333333333333,3
B00C675IOI,4.666666666666667,3
B004XR96QK,4.666666666666667,3
B00CWE62R2,5.0,3
B005O1ORQI,5.0,3
B0051PWOJO,4.666666666666667,3
B00AWR98FE,4.333333333333333,3
B003VJXVNA,4.0,3
B000BGRBNW,4.0,3
B003IM8HRA,4.333333333333333,3
B005F7P9AO,4.666666666666667,3
B005F5KC0S,4.0,3
B003E10ZYI,4.0,3
B00AKIZXS6,5.0,3
B005BXQ3SE,4.666666666666667,3
B000J186KQ,5.0,3
B004XA8320,4.666666666666667,3
B004X9BSX2,5.0,3
B0031NYVQW,4.333333333333333,3
B000A3MBZY,5.0,3
B00CFBADUY,4.0,3
B003E1GNXU,5.0,3
B005BXERNW,5.0,3
B005F7KX9Q,4.666666666666667,3
B0051I5VGY,4.666666666666667,3
B0040Y78IE,5.0,3
B003YMHZU4,4.0,3
B0051I62S0,4.0,3
B00BZEDK0M,5.0,3
B00AB66W78,4.666666666666667,3
B003IM5DH2,4.333333333333333,3
B0041PXBRE,5.0,3
B0040XMONE,4.666666666666667,3
B0043R53T4,5.0,3
B000H7L6A4,4.0,3
B0031NHWR2,4.0,3
B003VF7O4G,4.333333333333333,3
B004VXP1OW,5.0,3
B005OHKR4I,5.0,3
B0031RGDWI,5.0,3
B0031RCY58,5.0,3
B00AWR97VE,4.333333333333333,3
B00CW2F02C,5.0,3
B005FABD7E,4.0,3
B003O7IJEA,5.0,3
B004XJIAH4,4.666666666666667,3
B003YDJIGW,4.0,3
B00CG9HZQK,4.0,3
B00IMK7W7E,5.0,3
B003XP0W1G,4.0,3
B004XJPT8M,5.0,3
B0041K8O6C,5.0,3
B00AXRF5H8,4.666666666666667,3
B0050KKN0W,5.0,3
B002ZNJU8S,5.0,3
B000H3I322,4.333333333333333,3
B00CZ6F37M,4.0,3
B000H3I390,4.333333333333333,3
B003HH8582,5.0,3
B005PPE7S6,5.0,3
B005PPC9CC,5.0,3
B003HIJ418,4.666666666666667,3
B003XNS9VS,5.0,3
B00AXRJR4K,4.666666666666667,3
B003XNNOKY,5.0,3
B005E81UZ2,5.0,3
B003XQNWLM,4.666666666666667,3
B00CZ7RA22,4.333333333333333,3
B00CHH2SG8,5.0,3
B00443XL5K,4.666666666666667,3
B00443VT6I,5.0,3
B0050JISSW,5.0,3
B00443VLVG,5.0,3
B00CGA9W0Q,4.333333333333333,3
B0007D79TK,5.0,3
B002ZNJIIU,5.0,3
B0007D7AJY,5.0,3
B005PPR0Q2,5.0,3
B00BTWB3C2,4.333333333333333,3
B00HYIAC4K,4.666666666666667,3
B000H3I1F6,4.666666666666667,3
B00C3NDAZY,4.333333333333333,3
B0050JKXQ2,4.666666666666667,3
B00CG8869G,4.666666666666667,3
B00HGFNZGS,4.0,3
B003FN8NG2,4.0,3
B002ZPW5BK,5.0,3
B00CZ51BOW,4.666666666666667,3
B00CZ51BCY,4.666666666666667,3
B005D5DO8W,4.333333333333333,3
B00CG59FUS,4.0,3
B00BY8DLNU,5.0,3
B00B0N9L24,4.0,3
B004VN8Q0I,4.666666666666667,3
B0007D8E1C,4.666666666666667,3
B003FL86PM,5.0,3
B000H3I3ZO,5.0,3
B00AAEXKCG,5.0,3
B005ED7MP4,5.0,3
B00CG3FT3W,5.0,3
B00AM5KVWU,4.666666666666667,3
B00BTWEME8,4.0,3
B003YDWKI0,4.333333333333333,3
B004VN2RMG,5.0,3
B005D5GLHI,4.666666666666667,3
B003XNK8PI,4.666666666666667,3
B00B08ON5E,4.666666666666667,3
B002ZOPB8A,5.0,3
B000H3I3C2,4.666666666666667,3
B0050M8GP4,5.0,3
B00AM7LE60,4.666666666666667,3
B003HKYNLW,4.0,3
B005D5KMUA,4.0,3
B000H3CPCQ,5.0,3
B004XJQPEO,4.666666666666667,3
B00CG6JIEA,4.333333333333333,3
B00C2U5IYY,4.666666666666667,3
B00CG6FWN6,4.666666666666667,3
B003HLD2OU,5.0,3
B005EB4JHU,5.0,3
B003FNMBWO,5.0,3
B005D5GPCO,5.0,3
B00CGAA8KY,4.333333333333333,3
B00IST3BTC,5.0,3
B000MFI0ZA,4.333333333333333,3
B005E2OGP4,5.0,3
B002ZIOJE8,5.0,3
B000MG90F8,4.0,3
B000MG6448,4.666666666666667,3
B00CZCD5AS,4.0,3
B004ZZM7SO,4.0,3
B00CZCAAAQ,5.0,3
B003HD6NQW,4.666666666666667,3
B000C00VDO,4.333333333333333,3
B00AA9LFQE,5.0,3
B003XS5HQI,5.0,3
B004ZZHSZQ,4.0,3
B000H3GXZG,4.666666666666667,3
B004ZZE3BI,4.666666666666667,3
B00B2DGIM8,4.666666666666667,3
B00B2DFLC6,5.0,3
B002ZJB7X8,4.333333333333333,3
B000H3GYBO,5.0,3
B00CHEP4RQ,4.0,3
B000JL1LK8,5.0,3
B002ZIHMAQ,5.0,3
B003XTC4I6,4.0,3
B005D97IV2,4.0,3
B000JKG1KY,5.0,3
B000BLJXOW,4.0,3
B005PV0XGA,4.333333333333333,3
B005D97GT6,5.0,3
B003FZ7HQC,4.0,3
B002ZHWAH2,5.0,3
B005D97GKU,4.0,3
B000GFWWYG,4.0,3
B00B2DICEA,5.0,3
B002ZI1RSO,5.0,3
B002ZI5XO8,5.0,3
B0041IW6BS,5.0,3
B002ZIA14U,5.0,3
B002ZIFQIG,5.0,3
B00CGAO9NG,5.0,3
B003XS17XK,4.333333333333333,3
B003FXG35K,4.666666666666667,3
B003XRZY5S,4.0,3
B00CZ844Q6,5.0,3
B005E4OYQ8,4.666666666666667,3
B000BL3MG2,5.0,3
B003HEQYGU,4.666666666666667,3
B005D7QXCY,5.0,3
B0041D4922,4.666666666666667,3
B00IM42M7A,5.0,3
B00IMHXI1Q,5.0,3
B0041K207Q,4.666666666666667,3
B000H3CPIU,4.666666666666667,3
B005E6MUPI,4.333333333333333,3
B005E6MUWG,4.666666666666667,3
B005PR1U8O,4.333333333333333,3
B005PRDLRM,5.0,3
B003HENEE0,5.0,3
B005PSOUD0,5.0,3
B005E357EC,5.0,3
B005PT857Q,5.0,3
B00HYKR5WA,4.666666666666667,3
B003HE01S2,5.0,3
B00BYHEX9C,4.333333333333333,3
B00CZA87MQ,4.333333333333333,3
B004XJIDVC,4.666666666666667,3
B000MFZ19I,5.0,3
B005D8TZ8M,5.0,3
B0050IJOJU,5.0,3
B00HG5416Q,5.0,3
B004XJODXY,4.0,3
B0009W8SGW,5.0,3
B000H4EEJW,5.0,3
B005CZK0O4,4.666666666666667,3
B003HQHE8A,5.0,3
B003HQMWXC,5.0,3
B003XITAFM,5.0,3
B003FBRURM,4.0,3
B00CHQ4I4Y,5.0,3
B00AAIDNQU,5.0,3
B00AAIDRG6,5.0,3
B003XHRQM2,4.333333333333333,3
B00C41G6I8,5.0,3
B000JL5OBA,4.333333333333333,3
B00CFX4GSC,5.0,3
B003FBQHU8,4.333333333333333,3
B00AAIDRRK,4.0,3
B0050QKSN8,4.666666666666667,3
B00AAIF6MY,5.0,3
B0050Q0H2K,4.333333333333333,3
B002ZXGYZU,4.666666666666667,3
B00CYRRMKS,5.0,3
B003FDBHQ0,5.0,3
B003XK9FZA,4.0,3
B005EFZA74,4.333333333333333,3
B003XK9DBQ,5.0,3
B00CHOX0ZO,5.0,3
B0050PSRKA,5.0,3
B004ZWMBMO,5.0,3
B002ZX5HJ4,5.0,3
B00AAI61SM,4.666666666666667,3
B0050PV81K,4.333333333333333,3
B00IM3H4KG,4.666666666666667,3
B003XJKV1I,4.666666666666667,3
B003FBTW4Q,4.666666666666667,3
B004XISHKU,4.333333333333333,3
B00AAFTNCG,5.0,3
B005CXJ1R8,4.333333333333333,3
B00B06GQGU,4.0,3
B00CYMAFW0,4.333333333333333,3
B0041LYGIQ,4.666666666666667,3
B005P6QEQI,4.0,3
B00AXL0E3O,4.333333333333333,3
B003HV8Z5G,4.0,3
B005P6NMHC,5.0,3
B0009VO8J4,5.0,3
B000MAV0M0,4.666666666666667,3
B00BYUUBHC,4.0,3
B00BYUZNAC,4.666666666666667,3
B003FBG7V2,4.666666666666667,3
B0007GHHHG,4.666666666666667,3
B004415HZO,4.0,3
B00306A3A8,5.0,3
B003HY2BVC,4.333333333333333,3
B00BYXAMGO,5.0,3
B00CFTNKBU,4.666666666666667,3
B003FBKAKG,4.333333333333333,3
B00CYMM2GW,4.333333333333333,3
B00B2C1JZA,5.0,3
B004XM1HBM,4.333333333333333,3
B00ALZQEQ8,5.0,3
B003FBODB8,4.666666666666667,3
B0050QLB48,4.0,3
B00HYB2RSQ,5.0,3
B0030325SY,4.666666666666667,3
B00CFVL8YO,5.0,3
B003HULGCG,5.0,3
B00CHQSKF2,5.0,3
B005CXPEL0,4.333333333333333,3
B005EHB7V0,4.333333333333333,3
B005EHC944,4.333333333333333,3
B000GIL1UO,4.0,3
B00IM3H3HU,4.0,3
B00304AN4G,4.333333333333333,3
B00304L3T0,4.666666666666667,3
B003XFRK0C,4.333333333333333,3
B003YHFXPS,5.0,3
B0041LRC7S,4.0,3
B00442Q928,5.0,3
B003XKBNAU,4.0,3
B002ZVD0M2,5.0,3
B003FIDTMK,4.0,3
B00C3WT19E,4.666666666666667,3
B00AM40TL4,4.666666666666667,3
B00AM3YG2I,5.0,3
B00BY6Q5J4,5.0,3
B00CFYXLOQ,5.0,3
B000BO4YKW,5.0,3
B00IM3PAYI,4.0,3
B003XL728Q,4.333333333333333,3
B00C3WT504,4.0,3
B000JL4HJA,4.0,3
B002ZVK8OU,5.0,3
B003FGTNNQ,4.333333333333333,3
B000BKZ21Q,4.333333333333333,3
B005D2U8NO,5.0,3
B002ZVZVCE,5.0,3
B005EDJMXE,5.0,3
B00HGFNZU4,4.333333333333333,3
B005ED7OBQ,5.0,3
B00AM56LLU,4.666666666666667,3
B003FKGCFY,4.666666666666667,3
B0050NMZNC,5.0,3
B005EDBLVK,4.666666666666667,3
B005D4O7I4,4.333333333333333,3
B005PN0WWS,4.0,3
B003XMR2OY,5.0,3
B002ZUHXQ2,4.666666666666667,3
B003XMR0YG,5.0,3
B00AAFTNL2,5.0,3
B005D3MYMQ,4.333333333333333,3
B00AN7CK9Y,5.0,3
B00AXOEH2U,4.0,3
B003XMNJD2,4.0,3
B003YE1S4G,5.0,3
B005EDJM8E,5.0,3
B002ZVBERU,4.0,3
B003FFZ1F6,4.333333333333333,3
B003YE9WTE,4.666666666666667,3
B0050OM9Y6,5.0,3
B005D22ORM,5.0,3
B00ISP5DKQ,5.0,3
B00AM35YKG,4.666666666666667,3
B00418ZJNA,5.0,3
B000JL5JF6,5.0,3
B00J0JDRKC,5.0,3
B000MDPQE0,5.0,3
B003FEAUUI,4.333333333333333,3
B003FE4FWC,4.666666666666667,3
B00BYNGI5I,4.0,3
B00C40LOBI,5.0,3
B00CYX4VLA,5.0,3
B003YEOH3U,5.0,3
B00CYX0EXE,5.0,3
B00C40LQDO,4.666666666666667,3
B000H3CP4E,5.0,3
B000H3I45S,5.0,3
B003FEQPL6,5.0,3
B00C40LM9W,5.0,3
B002ZVSO7I,5.0,3
B005PJJEQW,5.0,3
B004VNV2WM,5.0,3
B005PIJO9K,4.0,3
B005PI3GFI,4.0,3
B00CZ4BML0,5.0,3
B003XL0VHU,4.333333333333333,3
B004XJ967C,4.0,3
B005PI0OIK,4.666666666666667,3
B004VNV3R6,5.0,3
B003HN7CIA,4.0,3
B000BKZ176,5.0,3
B000H3I44E,4.666666666666667,3
B00C404D34,5.0,3
B003FESU6E,4.333333333333333,3
B00HZVO0R6,5.0,3
B003HNISZG,4.0,3
B000MGIQ3U,4.333333333333333,3
B00BYH39QK,4.333333333333333,3
B00HG13W5G,4.0,3
B005Q8CRC0,5.0,3
B003YCCPXQ,4.333333333333333,3
B005DRN7MS,4.0,3
B005013DQ2,4.666666666666667,3
B00C369Z6Y,5.0,3
B003GMCM64,4.0,3
B003H2IHYO,5.0,3
B005013BHS,5.0,3
B003GLXHB4,4.0,3
B005DKJRLU,4.0,3
B00AY0C0HM,5.0,3
B004486SYG,5.0,3
B00D0638WI,4.333333333333333,3
B002Z7FUJ2,4.333333333333333,3
B000MIH8JQ,5.0,3
B003GLQXGU,4.666666666666667,3
B003Y5TXLK,4.0,3
B00HR20EVO,5.0,3
B005DRHCMY,4.0,3
B003H2AU76,4.0,3
B003H2AUJO,5.0,3
B003GPN1CA,4.666666666666667,3
B002Z7FTRK,5.0,3
B003GNXW1M,4.0,3
B003Y6A0X4,4.0,3
B0041FKOZG,4.666666666666667,3
B005DQGRYO,4.0,3
B00D0AEHDS,4.666666666666667,3
B00C34DGK2,4.333333333333333,3
B003Y69YLI,5.0,3
B002Z7FU06,5.0,3
B005DQS35A,5.0,3
B000GF69TU,5.0,3
B005Q8NAPI,5.0,3
B000H3ENN0,5.0,3
B005DR1EWI,5.0,3
B003Y691DY,4.666666666666667,3
B00CGXPY8M,4.0,3
B005DR27AQ,5.0,3
B00D0A2WRQ,4.333333333333333,3
B003Y5NFU0,4.0,3
B005E1HAQW,5.0,3
B002Z7FV0K,5.0,3
B005DITMYY,4.666666666666667,3
B003H3KX2W,4.666666666666667,3
B003H3NKAE,4.666666666666667,3
B00A9ZJCEQ,4.0,3
B004XJO0SM,5.0,3
B0009XJNGU,5.0,3
B00AMSHTKE,4.0,3
B003H3TKWG,4.666666666666667,3
B00A9ZUP0Q,4.333333333333333,3
B003Y37QDO,5.0,3
B00447J05G,5.0,3
B003YCI8XC,4.0,3
B0050BJ6NG,4.666666666666667,3
B0050BKPBS,4.666666666666667,3
B003H4IMVA,4.666666666666667,3
B003Y2TJ7G,5.0,3
B005DSO0V4,4.333333333333333,3
B00C39IG1Q,5.0,3
B002Z7FUL0,5.0,3
B003Y5LFEI,5.0,3
B002Z7FUNI,4.666666666666667,3
B004VMLOJY,4.333333333333333,3
B003YCGA32,4.666666666666667,3
B00C2Y9RGK,5.0,3
B00AY00CS6,4.666666666666667,3
B0041FS4QC,5.0,3
B005DRPQQI,5.0,3
B004VMO3XI,4.333333333333333,3
B005Q5V710,5.0,3
B003GGLC3E,4.333333333333333,3
B0050B10AS,4.0,3
B004XJNWIG,4.666666666666667,3
B000JIK3UK,5.0,3
B003YC7GJO,4.666666666666667,3
B00AMQWWCG,5.0,3
B003GWK3KQ,5.0,3
B00505UDAM,4.333333333333333,3
B002Z7EFE8,4.333333333333333,3
B003Y8S390,5.0,3
B003Y8O4KW,4.666666666666667,3
B005DLZST4,4.333333333333333,3
B00CGROR22,5.0,3
B004VMF8VE,4.666666666666667,3
B005DLCQL2,4.333333333333333,3
B00C3251T8,5.0,3
B0009XCN4Y,4.333333333333333,3
B003Y8CER2,5.0,3
B00449J6SA,4.0,3
B00HYRBKXI,4.333333333333333,3
B00507474I,4.0,3
B005QE1MWU,5.0,3
B00502JMIY,4.666666666666667,3
B00IM6823G,5.0,3
B000JJHCDK,5.0,3
B000H3D9ZS,4.0,3
B00502NMUS,5.0,3
B00502NMVC,4.666666666666667,3
B002Z79GGU,5.0,3
B005DMG464,4.0,3
B003GYML8G,5.0,3
B000JJ17UO,5.0,3
B00502P5SA,5.0,3
B00502YNA6,5.0,3
B003GWV7TM,4.666666666666667,3
B003YC6J0G,5.0,3
B000GF69SG,4.666666666666667,3
B00A9Y3S9W,5.0,3
B000JJLCOA,4.333333333333333,3
B00506W8BS,4.333333333333333,3
B005DP24OM,5.0,3
B00D0APF8Y,4.0,3
B002Z7FTD4,4.666666666666667,3
B002Z7FTDE,5.0,3
B000MIKGH2,4.333333333333333,3
B000H3ENHQ,5.0,3
B00D0ANHQG,4.666666666666667,3
B003GQH02Q,5.0,3
B000JJLOCA,4.333333333333333,3
B003Y72EXM,5.0,3
B005DKR0XW,4.666666666666667,3
B00HG0AIUY,5.0,3
B000JJJK76,5.0,3
B00BYENLHK,4.0,3
B00449B9XU,4.333333333333333,3
B0007CZB32,4.666666666666667,3
B000JJJK6M,5.0,3
B002Z7FSJ4,4.333333333333333,3
B00BYENLIO,4.666666666666667,3
B00BYC9SR4,4.0,3
B000JJJK94,4.666666666666667,3
B00AY14TCU,5.0,3
B003Y7OKX4,5.0,3
B00BYENM10,4.666666666666667,3
B005DKUNO0,4.333333333333333,3
B002Z7FSSA,4.333333333333333,3
B003GDKO6S,4.0,3
B000JIGQOC,4.0,3
B005DBPE3O,4.666666666666667,3
B000H3GDOC,5.0,3
B005PXH20I,5.0,3
B00BY9IGRA,4.333333333333333,3
B003YCUPDI,4.333333333333333,3
B000JG9DSU,5.0,3
B002ZG8DEC,5.0,3
B00B2DYP50,5.0,3
B003G5CLWQ,4.0,3
B003G55LSC,5.0,3
B003XURPGQ,4.0,3
B002ZG8DH4,5.0,3
B002ZG8DHO,5.0,3
B000H3GE3M,4.333333333333333,3
B00CH8P2T2,4.666666666666667,3
B003G5V6TU,4.666666666666667,3
B005PYVWVM,4.0,3
B002ZDB202,5.0,3
B004XJNLMI,5.0,3
B00IT40ZY0,4.666666666666667,3
B000JGPZLO,5.0,3
B003XWBATM,4.666666666666667,3
B00C3HJYUA,4.0,3
B003XW7VIQ,5.0,3
B000H3GDAG,4.333333333333333,3
B003XW0TG2,4.0,3
B00CH6O6SC,4.666666666666667,3
B003XVUTNQ,4.666666666666667,3
B00AA6PP8G,4.666666666666667,3
B00AMY02UW,5.0,3
B00C3HM0L0,4.666666666666667,3
B0041I8CYI,5.0,3
B000JG9NJY,5.0,3
B005PXJQAW,4.0,3
B00CGE70MY,4.333333333333333,3
B005PWL91M,4.0,3
B0009WKSKG,4.0,3
B003G069B0,4.666666666666667,3
B00CZDJAP6,5.0,3
B0041ITV5M,4.666666666666667,3
B00CHA2QOE,4.666666666666667,3
B00HQOY7RU,5.0,3
B005E0WP0Y,4.0,3
B003H8UM1Y,5.0,3
B003YCXIRI,4.0,3
B000JG5PK0,4.333333333333333,3
B00CHBYH86,5.0,3
B004XJO6JA,4.0,3
B005D9HBX2,4.0,3
B005PVCE12,5.0,3
B0050GE4B0,5.0,3
B005E1FPLY,5.0,3
B0050GEEBK,5.0,3
B002ZHDJEU,4.333333333333333,3
B00AMAOQHQ,4.666666666666667,3
B0009WLUGM,4.666666666666667,3
B000BLKLIO,5.0,3
B00CGD0PO0,4.0,3
B003XUONBG,5.0,3
B003G46CYU,5.0,3
B003XUOM6W,4.333333333333333,3
B0041IHGCW,4.666666666666667,3
B000MGTVZW,4.0,3
B000H3GE6O,4.666666666666667,3
B002ZG972E,4.333333333333333,3
B003XUMQZQ,4.0,3
B003XUMQPQ,5.0,3
B0041IMXSO,4.333333333333333,3
B0041EAV3M,5.0,3
B000JG7EB8,4.666666666666667,3
B002ZCXYQI,4.333333333333333,3
B00B0F3QXW,4.0,3
B002Z7FW4U,4.666666666666667,3
B005DFKH2S,5.0,3
B0009XLT1M,5.0,3
B00447DEGC,5.0,3
B002Z7GODS,5.0,3
B000BZYRNK,4.0,3
B005DU5XH2,4.0,3
B00B2E9V6C,5.0,3
B003XY6I74,4.333333333333333,3
B000JID834,5.0,3
B00D02IZ52,4.333333333333333,3
B00IT3MDHS,5.0,3
B00C3DKQNS,4.666666666666667,3
B0009XNX34,5.0,3
B003YCMTWS,4.0,3
B0050CZR2Y,4.333333333333333,3
B00D00NDEC,5.0,3
B003XXELDI,4.333333333333333,3
B005DFKM64,4.0,3
B00AA1AXD8,5.0,3
B0007D3BLK,5.0,3
B003H6A7MA,4.666666666666667,3
B00CH1Y3T4,5.0,3
B003GDKNZA,5.0,3
B003GDKNPK,4.333333333333333,3
B003H623ZE,4.666666666666667,3
B003Y1Q718,4.333333333333333,3
B003H62QYM,4.333333333333333,3
B005DH25O4,4.333333333333333,3
B002Z7FVV4,5.0,3
B0050BT3JI,4.666666666666667,3
B000BM2RAI,4.333333333333333,3
B000GF9M8A,4.666666666666667,3
B0050C4K9A,4.333333333333333,3
B00AMTWERG,4.666666666666667,3
B00AMTWF8Y,4.333333333333333,3
B00AXYJY1Y,5.0,3
B002Z8DWN2,4.0,3
B003G98Z1S,4.666666666666667,3
B0009XPAHG,5.0,3
B003G963N0,5.0,3
B0041EHXU6,5.0,3
B000H3GBXK,5.0,3
B0050DMCLM,5.0,3
B00AMXK43S,4.333333333333333,3
B003XWFPHK,5.0,3
B002ZBCR4Y,4.0,3
B0041EG32A,4.666666666666667,3
B00AA4UWJ0,4.0,3
B002ZBETU4,5.0,3
B005DCB0XG,4.0,3
B004VMSGQS,5.0,3
B003H7SHZS,4.0,3
B005DE7OQ6,4.666666666666667,3
B00AMLKYKI,4.666666666666667,3
B0009WY56E,4.0,3
B0050D43X2,5.0,3
B005DUM3PC,4.0,3
B002Z921HE,4.666666666666667,3
B00C3EK4HK,4.333333333333333,3
B000MIH00I,4.333333333333333,3
B003XX77FM,4.0,3
B002Z9FY32,4.0,3
B003XX4NM2,5.0,3
B002Z9VA3A,5.0,3
B00AA368ZI,5.0,3
B000BLN0IC,5.0,3
B0009XPADK,4.333333333333333,3
B00CH3R1BO,4.0,3
B0041HN0AK,4.333333333333333,3
B005Q0NY7U,4.666666666666667,3
B005Q0KSWY,4.333333333333333,3
B003H77HUY,5.0,3
B003HYB55A,4.333333333333333,3
B005P4AIZ8,5.0,3
B003I9BPZ4,5.0,3
B003EH2HKM,4.0,3
B003WH9E78,4.0,3
B000JLEXEO,5.0,3
B003WH78G2,4.666666666666667,3
B005CHEIOU,5.0,3
B003WGT3GQ,4.333333333333333,3
B00CFD570I,4.666666666666667,3
B00518N1GQ,5.0,3
B000M664MU,4.0,3
B004XORT9O,4.666666666666667,3
B005OS7I4Y,5.0,3
B00B0RE61G,4.333333333333333,3
B00BZA07MK,5.0,3
B00CFD3G92,4.666666666666667,3
B005OS7EUW,4.666666666666667,3
B00413D6R6,4.666666666666667,3
B003I9E20Y,5.0,3
B00AYA6MI0,4.333333333333333,3
B000H71Q5Y,4.666666666666667,3
B003EIE4G6,5.0,3
B00ANT9H3Y,5.0,3
B00B0Q7TY8,4.666666666666667,3
B003YK9HIY,5.0,3
B003WI9XUK,4.333333333333333,3
B00CI78NT8,4.666666666666667,3
B003I9AJ1K,4.333333333333333,3
B005OSS84I,5.0,3
B00AASDQ6W,4.666666666666667,3
B0007PCBX2,5.0,3
B00AL5KT3W,4.0,3
B005CHEUUC,4.0,3
B00HXQENE8,5.0,3
B00I03MSL8,4.666666666666667,3
B0030YV54I,4.333333333333333,3
B0043TV2NS,4.666666666666667,3
B00CFD77PG,5.0,3
B003111XYC,4.333333333333333,3
B005CFP66G,4.666666666666667,3
B000JLLV9Y,4.333333333333333,3
B005ORSOMA,5.0,3
B003WB01EY,4.666666666666667,3
B000H720UE,5.0,3
B003155FW4,4.666666666666667,3
B00518N9UE,5.0,3
B005CFPY36,5.0,3
B003W9U1D2,4.666666666666667,3
B003156NIY,4.0,3
B005CFPWGA,4.666666666666667,3
B003EDYD1C,5.0,3
B003W95N4E,5.0,3
B0009SV20A,4.333333333333333,3
B003156NNY,5.0,3
B003I9I97Q,5.0,3
B003156NOS,4.333333333333333,3
B004VSYB6G,5.0,3
B00CFD0U5A,4.333333333333333,3
B003WCEI92,4.0,3
B005EUYQQ0,4.333333333333333,3
B0031404EO,4.0,3
B00BY0C2LK,4.666666666666667,3
B00518N3WI,4.666666666666667,3
B00CFD1KRM,4.333333333333333,3
B003117SAU,4.666666666666667,3
B00C59DX7Q,4.0,3
B00CXBM7BO,5.0,3
B00311TXNU,4.666666666666667,3
B003I9GGHG,5.0,3
B005OS2C5O,4.666666666666667,3
B00518N5DU,4.333333333333333,3
B00518N5F8,4.333333333333333,3
B00518N5GC,4.0,3
B005CG2HK8,5.0,3
B000JLKTZQ,4.333333333333333,3
B00AATJZ1G,4.0,3
B00313TXAG,4.666666666666667,3
B000GIJ1VK,5.0,3
B00CFD8QRE,5.0,3
B00518M5RM,5.0,3
B003WNAKXY,4.333333333333333,3
B003WMOC52,4.333333333333333,3
B00C50IJZ6,4.666666666666667,3
B003WMCXOO,4.666666666666667,3
B005OW7YIA,4.666666666666667,3
B000JLCSBO,4.666666666666667,3
B003I968TW,5.0,3
B003WM5U3A,4.666666666666667,3
B003WM2X4Y,5.0,3
B00ANR08A2,5.0,3
B005CLIM2K,4.333333333333333,3
B00AX5WFAU,4.333333333333333,3
B003ELROAG,4.666666666666667,3
B005ESSP9G,5.0,3
B0030T1OG2,5.0,3
B000JLCRGK,5.0,3
B00518M52C,5.0,3
B005CLKS2C,5.0,3
B0030OOOKA,4.333333333333333,3
B0041OA7EA,4.666666666666667,3
B003YJAUFO,5.0,3
B005OWA63A,4.0,3
B00ANMSE4E,5.0,3
B003EMX0J4,5.0,3
B005CLW35C,5.0,3
B000M8VOSW,4.333333333333333,3
B00BY1OPAK,5.0,3
B000GIL0R8,5.0,3
B00C50768C,4.333333333333333,3
B0030T18CW,4.333333333333333,3
B004XNNF8Y,5.0,3
B003EMKO34,4.666666666666667,3
B0030T18D6,4.0,3
B0030T18DG,4.0,3
B0043U4Y82,5.0,3
B0030UD8P6,4.333333333333333,3
B0007OERQC,5.0,3
B000M8IT6W,4.333333333333333,3
B005CK38T8,4.0,3
B005OTFG1U,4.333333333333333,3
B00CI6AOLY,4.666666666666667,3
B005CJMK0M,5.0,3
B003WL36DC,4.333333333333333,3
B00518LKGO,4.0,3
B00IN5EXBQ,5.0,3
B00518M2Y8,4.333333333333333,3
B00BY0E64G,4.333333333333333,3
B003EIQENM,5.0,3
B005CIZYG0,4.333333333333333,3
B003I99LFU,5.0,3
B00AARR4G6,5.0,3
B003WL3ZB0,4.0,3
B00ANSJ95G,4.333333333333333,3
B003WLCB8I,5.0,3
B00ANRHGMA,4.666666666666667,3
B003ELIWLQ,5.0,3
B00ITLF2OG,5.0,3
B00AX4B7YG,4.333333333333333,3
B00ANRU1GS,5.0,3
B00BY0WYXG,4.0,3
B0043U3HWG,4.666666666666667,3
B003YK5UKI,5.0,3
B0007ORV5G,5.0,3
B00AARDMUI,4.333333333333333,3
B003WL73FE,5.0,3
B0051878K6,5.0,3
B005OTK8H2,5.0,3
B005CKE1YY,4.0,3
B00CXGGNO6,5.0,3
B000A1IVE6,5.0,3
B005192KVW,4.333333333333333,3
B005P49W1O,4.0,3
B003VV47UE,4.666666666666667,3
B003VV1SEC,4.0,3
B003EABNR2,4.0,3
B003VUZNDU,5.0,3
B00HS11G2A,5.0,3
B00CFCDLM0,4.333333333333333,3
B005F1R1A6,5.0,3
B004XBKVEW,4.0,3
B0031HG378,4.666666666666667,3
B0031HHXOA,4.666666666666667,3
B0031I0NBO,4.666666666666667,3
B0031IEJJG,5.0,3
B003VTQPT2,4.0,3
B0051E37EG,4.666666666666667,3
B003IHUS0Y,5.0,3
B00BU83FFI,4.0,3
B00AYCO7JY,5.0,3
B000H73BCA,5.0,3
B00AWYCNJU,4.333333333333333,3
B000C1UB56,5.0,3
B005OMTSSO,4.666666666666667,3
B00IZS9UE6,5.0,3
B0051CN018,5.0,3
B003ECTWXM,5.0,3
B003YM3UEY,4.666666666666667,3
B004ZQ7KM6,5.0,3
B0051CSVPS,4.666666666666667,3
B00CIDJ8LY,4.333333333333333,3
B00HRYOQK2,4.666666666666667,3
B003EBQT52,5.0,3
B000JM7JQC,5.0,3
B000H30FIC,4.0,3
B003EB5HU0,5.0,3
B00AZWWJH0,5.0,3
B00AKTKRUO,5.0,3
B0009RT9JM,5.0,3
B000A22LJG,5.0,3
B000JO2DXO,5.0,3
B005F3HMVC,5.0,3
B00CWVGWPW,4.666666666666667,3
B005F3HX5W,5.0,3
B004ZQ6TSW,5.0,3
B005F3T6FM,4.0,3
B00AO0DIM8,5.0,3
B00BZB2AJW,4.0,3
B000JO4IL4,4.333333333333333,3
B003VRMUOS,5.0,3
B005OKYW8C,4.0,3
B003YMB1T0,5.0,3
B00IM06IJC,5.0,3
B00C5RM540,4.666666666666667,3
B0031MD6LO,4.333333333333333,3
B005OKUWL8,4.333333333333333,3
B00411IVZU,5.0,3
B005F3433C,4.333333333333333,3
B0043RKMUO,5.0,3
B00AWW3XCS,4.0,3
B003VSTFVI,5.0,3
B00AWVVIV2,4.0,3
B005F2EVHG,5.0,3
B003VSK9UE,4.666666666666667,3
B000J34LDU,5.0,3
B00AWVL1MS,5.0,3
B003E81E5K,4.666666666666667,3
B0031KF3H6,4.0,3
B003E7WTCS,5.0,3
B00AKTKPLK,5.0,3
B003IJAI98,4.666666666666667,3
B00AYCO0V4,5.0,3
B003YM22IE,4.0,3
B003156OQU,4.333333333333333,3
B003156OR4,4.666666666666667,3
B003W5IS4U,4.0,3
B003W5F7IA,4.0,3
B005OPP6KU,4.666666666666667,3
B00315HU90,4.333333333333333,3
B003W4YRYG,4.666666666666667,3
B00315T17E,4.333333333333333,3
B00412L70A,5.0,3
B005CCQELK,5.0,3
B003IDFXSA,5.0,3
B005OOLFQK,5.0,3
B0043T7796,5.0,3
B0009STD8I,4.333333333333333,3
B00B2B4304,5.0,3
B003W4TPW0,5.0,3
B000M4CI4K,4.666666666666667,3
B005CD45WE,4.666666666666667,3
B005192L52,5.0,3
B00AATK7AY,4.0,3
B005192Y7W,5.0,3
B005CF1JYE,4.333333333333333,3
B005EYF6PG,4.333333333333333,3
B00519AQJU,4.0,3
B003156OIS,4.666666666666667,3
B004VSYDBO,4.666666666666667,3
B00412QET4,4.333333333333333,3
B003EDH3L4,5.0,3
B0043TAXMY,5.0,3
B005CD85PM,4.0,3
B0009STDLU,5.0,3
B00CIAXI3Q,5.0,3
B00AL1ZUHG,4.666666666666667,3
B005EZOBOC,4.0,3
B005CB8PT0,5.0,3
B005CB78XE,4.666666666666667,3
B0051BM7QI,4.666666666666667,3
B005CB6IWQ,4.333333333333333,3
B0051BUMY2,4.666666666666667,3
B004VTUNRQ,4.666666666666667,3
B005CB0KFW,5.0,3
B00AKW4G26,5.0,3
B000M4CZZW,5.0,3
B00CID2SNO,5.0,3
B000A24IDS,4.666666666666667,3
B003VYKBP6,5.0,3
B00C5NFBE0,4.0,3
B000M4ZEN2,4.333333333333333,3
B0051ABO3Q,4.666666666666667,3
B00CICC62S,4.0,3
B003IFD7BI,5.0,3
B000BIDC60,5.0,3
B00317JPFA,5.0,3
B0051APFCC,5.0,3
B0051B8ZGO,4.333333333333333,3
B0051AZ4FU,5.0,3
B0051AZB5S,4.333333333333333,3
B000H72CM0,4.0,3
B004VRSN2K,4.333333333333333,3
B00CFQIBO4,5.0,3
B0050WW7KY,5.0,3
B00CFQFM3M,4.0,3
B0030DZV3A,4.0,3
B003I5VOKY,5.0,3
B003YI9P4W,4.666666666666667,3
B000MAPFVM,5.0,3
B00C4K5AXG,5.0,3
B003F64C46,5.0,3
B00AAL2GGU,5.0,3
B0030EB3B8,4.666666666666667,3
B004VPX462,5.0,3
B00HRK88Y6,5.0,3
B0030EG0RA,5.0,3
B00AAL9ZL4,5.0,3
B000JL7ZLM,4.333333333333333,3
B003I68WT4,4.666666666666667,3
B003I5U7ZM,4.666666666666667,3
B003F67JDM,4.666666666666667,3
B000JL7WIS,5.0,3
B005CVW56E,4.0,3
B005CVS4Z0,4.0,3
B0050WM6MI,4.666666666666667,3
B003YI9HO0,5.0,3
B00HQA1FII,4.333333333333333,3
B0009VCM8I,4.333333333333333,3
B00CHSZVB6,4.666666666666667,3
B0050WU9M2,4.0,3
B0030DH28C,4.666666666666667,3
B005P0UI7A,5.0,3
B003F684P4,4.666666666666667,3
B003F4AKVC,4.333333333333333,3
B00ANMLTBO,4.333333333333333,3
B0007KH1LE,4.666666666666667,3
B00BZ1T450,4.666666666666667,3
B000JL8EO4,5.0,3
B003I7N08G,5.0,3
B00ISLW1DC,5.0,3
B0030FHDIY,4.666666666666667,3
B00CFP5FU8,4.333333333333333,3
B000H6D2FM,4.666666666666667,3
B000H6DOLO,4.333333333333333,3
B005EMV3FU,4.0,3
B00AXJ9JFK,4.333333333333333,3
B003X4H3IW,4.333333333333333,3
B00BY325TG,5.0,3
B003I7U27S,4.666666666666667,3
B005CT135K,4.0,3
B000BK25YS,4.666666666666667,3
B0050ZIBTM,4.333333333333333,3
B0043YGRFQ,5.0,3
B00HGPZCW8,4.333333333333333,3
B00CFPZWU6,4.333333333333333,3
B00AXJ9TA0,4.666666666666667,3
B003X5WKFC,4.666666666666667,3
B0030EWV2I,4.0,3
B0050WYAQI,5.0,3
B00AXK0FTS,4.666666666666667,3
B00ITFNUAA,5.0,3
B0050X05HA,5.0,3
B003F317A6,5.0,3
B000H6B4OS,4.333333333333333,3
B0050X0MVE,5.0,3
B005P0T0UG,5.0,3
B005EMO0HS,5.0,3
B003I6SRHG,4.0,3
B003F2WOMW,4.333333333333333,3
B003YIA78K,5.0,3
B003I7AWUA,4.333333333333333,3
B00HGO9CIY,5.0,3
B005EM6L4I,4.666666666666667,3
B00C4D990S,4.0,3
B004414B0Q,5.0,3
B004XGYWJC,4.333333333333333,3
B004XMUE5M,5.0,3
B003YHMJ3C,4.333333333333333,3
B00CYKAIQK,4.666666666666667,3
B003F8QNLE,4.0,3
B005EJV9N4,5.0,3
B000MARLK0,5.0,3
B003F8QNEG,4.666666666666667,3
B00B042EB8,5.0,3
B00AXKW56Y,4.333333333333333,3
B003099N4W,4.666666666666667,3
B003F8QN64,4.0,3
B00HRJVU8I,4.0,3
B003F8QBPW,4.0,3
B005P1JYW4,5.0,3
B0050W21DW,5.0,3
B003YHM482,5.0,3
B000GG0WGK,4.666666666666667,3
B000JCDV8W,5.0,3
B00CHR46BI,5.0,3
B00306RKGS,5.0,3
B000JCDV5K,4.666666666666667,3
B0009VNIA4,5.0,3
B004XMTAKW,5.0,3
B003XEUCQC,4.666666666666667,3
B003I2EL0C,4.333333333333333,3
B003F8US7O,5.0,3
B00415UTA6,5.0,3
B005P2XIE8,4.0,3
B003XEHGP2,5.0,3
B004XGYWLA,4.666666666666667,3
B003XE4R8Q,5.0,3
B003F8EVPE,5.0,3
B000H5NTUQ,4.333333333333333,3
B00AXKU1GA,4.666666666666667,3
B00HQBRH9S,4.666666666666667,3
B00CYHL8AI,4.0,3
B000J6FJ56,5.0,3
B004XMW27A,4.666666666666667,3
B003I3QWR6,4.666666666666667,3
B0030C4L3C,5.0,3
B005CWGJTW,5.0,3
B003I3ZQNW,4.0,3
B0007IMYFE,4.666666666666667,3
B00HRK1CUS,4.666666666666667,3
B0007IN0KC,4.666666666666667,3
B000MAQWFA,5.0,3
B005P0W6JS,5.0,3
B0050WM5CE,4.666666666666667,3
B0009YDOH8,4.0,3
B0030CM61Q,5.0,3
B003YI5406,5.0,3
B005CVWC44,4.0,3
B00ITEDE7K,4.0,3
B00C4AKFA4,4.0,3
B003XCGS58,4.0,3
B005P0YAF6,4.333333333333333,3
B003F89TCO,5.0,3
B000MAREPC,5.0,3
B00BTYODO0,5.0,3
B003F80JUU,4.0,3
B00415IQGU,5.0,3
B00CYHUTIK,4.666666666666667,3
B000JL7SGE,4.666666666666667,3
B0030AV38U,5.0,3
B000MARE3O,5.0,3
B00CFRBJ4W,4.333333333333333,3
B0050WKXGO,5.0,3
B003F1QUY6,4.333333333333333,3
B003X4FGZ4,5.0,3
B003ESNKRK,4.0,3
B005OZDUO4,5.0,3
B0007NIRY6,4.0,3
B005OZCY32,5.0,3
B005ERY2SU,5.0,3
B00513M2YI,5.0,3
B004ZTP5G6,4.666666666666667,3
B005ES0990,4.666666666666667,3
B000M9EXFC,4.666666666666667,3
B00HQ5LF42,5.0,3
B003I9083E,5.0,3
B0030LB8SE,4.0,3
B00BY1V96I,4.333333333333333,3
B00513UXT4,4.333333333333333,3
B003ESDXK4,5.0,3
B00AX9EHUC,5.0,3
B003I8YE4Y,4.666666666666667,3
B003I8KD5I,4.666666666666667,3
B0030IMW4Q,4.666666666666667,3
B00J09SVRG,5.0,3
B00513AHMW,5.0,3
B003EUR8AI,5.0,3
B003I8M612,5.0,3
B005EQONN0,4.0,3
B00J06EKM4,5.0,3
B0030J15HU,5.0,3
B003I8T6II,5.0,3
B003EU4V8A,4.333333333333333,3
B00HRLY66O,4.666666666666667,3
B00ALIPR5Y,5.0,3
B00C4VBNTA,5.0,3
B00HYZFO6O,4.0,3
B000H3CMQ0,4.666666666666667,3
B0030LF1KA,4.333333333333333,3
B005OWO168,5.0,3
B003EOF72U,4.0,3
B003EOE7YO,4.666666666666667,3
B00CXNI05Y,5.0,3
B000A11EN6,5.0,3
B00HQ3CLE2,4.0,3
B00AAQ6M3I,5.0,3
B003I93RL4,5.0,3
B00AX7HDEG,4.666666666666667,3
B000M8ZHA8,5.0,3
B00514IM50,5.0,3
B0041NXD60,5.0,3
B00ALF1AXU,5.0,3
B004XNMZ62,4.333333333333333,3
B0043VTK30,4.333333333333333,3
B005OWO5G4,5.0,3
B000M9EV54,4.666666666666667,3
B00513ZC3G,4.333333333333333,3
B00414ZL7S,4.333333333333333,3
B005143BK6,5.0,3
B004VRL1VK,4.333333333333333,3
B0041NLSTE,5.0,3
B000M9CD6I,4.333333333333333,3
B000M96350,4.666666666666667,3
B00514C800,5.0,3
B005OWO30M,4.333333333333333,3
B005ESAKW6,4.0,3
B00514CFOY,4.0,3
B00CFFJMLG,5.0,3
B004ZT4JJA,5.0,3
B0030MGN60,5.0,3
B005OWO4Q0,5.0,3
B000H3CM3I,4.666666666666667,3
B003WRL8JA,5.0,3
B005OWO3TI,4.666666666666667,3
B005CPNZNC,4.333333333333333,3
B00CXWROUW,5.0,3
B0030GDGM0,4.0,3
B003X379LY,4.0,3
B003X2WTWO,5.0,3
B0050ZIXDQ,5.0,3
B000C1W730,5.0,3
B000MAJD74,5.0,3
B0050ZIYEO,4.333333333333333,3
B0050ZJ98E,4.666666666666667,3
B003I89OCQ,4.666666666666667,3
B000GG13OU,5.0,3
B003X0Y1UE,4.666666666666667,3
B003X0KMVQ,5.0,3
B005EQNJV2,4.666666666666667,3
B00CFNBDBA,5.0,3
B0043XED7G,5.0,3
B005EOLB2I,4.666666666666667,3
B00B0P2ORQ,5.0,3
B005CS048I,4.666666666666667,3
B0041MB1GA,5.0,3
B003YIENF8,4.666666666666667,3
B0007KQ700,5.0,3
B0009YDOLE,4.0,3
B005P0N3JA,4.333333333333333,3
B000MALBHE,4.666666666666667,3
B005EO5JNA,4.666666666666667,3
B004XN0TOW,4.666666666666667,3
B003I81UM8,4.666666666666667,3
B005P0MV2K,5.0,3
B000H6DP90,4.666666666666667,3
B00C4P0WZM,5.0,3
B000J5PD1M,4.666666666666667,3
B003I82O1E,5.0,3
B00AXH9S1C,5.0,3
B0050ZIRZ0,4.0,3
B005EODTBE,4.333333333333333,3
B00AXDTTVK,5.0,3
B00CFN86Q0,4.0,3
B0041MKPBW,4.666666666666667,3
B000H6JT90,5.0,3
B00ANIAL9E,5.0,3
B000H6PJQC,4.666666666666667,3
B0007LM49M,4.333333333333333,3
B0041MOXA6,5.0,3
B0043WQI1Q,5.0,3
B004XNBIF6,4.0,3
B005OZS6UC,5.0,3
B003I8IMNS,4.666666666666667,3
B00CFJET42,5.0,3
B000BIX0HQ,5.0,3
B004XNBPUO,4.333333333333333,3
B00IKODPSM,4.666666666666667,3
B00512E5JE,5.0,3
B00512IGPS,4.666666666666667,3
B0043WUOIY,4.0,3
B00C4UKMBG,4.0,3
B004XN9S9E,5.0,3
B0030HKPY6,4.0,3
B000BJ3T94,4.666666666666667,3
B00C4TNK8O,5.0,3
B000H6G4AC,5.0,3
B0009YYJ90,5.0,3
B003WZIMU0,4.666666666666667,3
B00CXXNFTU,4.0,3
B000JL8QT2,4.333333333333333,3
B00HY4NYCQ,4.333333333333333,3
B003WZ2EF4,4.0,3
B00510CXX6,5.0,3
B0030HMGKC,4.0,3
B003YJ1IYG,4.666666666666667,3
B003I8GQG8,5.0,3
B0030HNT30,4.666666666666667,3
B004XFIBOA,5.0,3
B00CXXAGOM,5.0,3
B00415CFX0,4.0,3
B0034K825I,4.666666666666667,3
B003MP1GVW,4.0,3
B005I0JWD8,5.0,3
B00HTN4MZA,5.0,3
B0057ZKSMS,4.333333333333333,3
B00CCPEWEG,5.0,3
B005KM99ZU,4.666666666666667,3
B005KM7LE6,4.333333333333333,3
B00CN9N6EI,4.666666666666667,3
B004WD2978,4.333333333333333,3
B003MOZE70,4.666666666666667,3
B0057Z525G,4.666666666666667,3
B003MP1GLW,4.0,3
B0037583SQ,4.0,3
B0054Y2WEO,4.666666666666667,3
B003R60CT8,4.666666666666667,3
B00C9V1IHW,4.666666666666667,3
B0057Z2RYA,4.666666666666667,3
B003AT6JIA,4.333333333333333,3
B00095P2A4,5.0,3
B0054Y3A8Q,5.0,3
B00AZHGG3S,4.0,3
B000960QJ0,5.0,3
B00CCO1VU0,4.0,3
B005KMBXCW,4.333333333333333,3
B00C0WJFK2,4.666666666666667,3
B00HTLQLA6,4.0,3
B004YD4C4O,4.0,3
B000HZB1TC,4.333333333333333,3
B00CN4GQLS,4.333333333333333,3
B003MKI8OK,5.0,3
B004WTZU4Q,4.0,3
B00CN4L5LY,4.666666666666667,3
B0042YCRKG,4.333333333333333,3
B00CCR196S,4.333333333333333,3
B004Z0UIXU,5.0,3
B00581CMTS,5.0,3
B003RBGK58,4.666666666666667,3
B0054Y2KMI,5.0,3
B00ATR0VG2,5.0,3
B00CCQDEYY,4.333333333333333,3
B00C9U8BRI,5.0,3
B003AT2SSK,4.666666666666667,3
B0009I2POC,4.333333333333333,3
B0054Y4S28,5.0,3
B003MRRRC2,5.0,3
B000L1QZDO,5.0,3
B00HKM6U28,4.666666666666667,3
B003MRXZFA,4.0,3
B005I4PI3W,5.0,3
B003MS1IFS,4.333333333333333,3
B000L1FOC2,5.0,3
B005KJZEQG,4.333333333333333,3
B000L0DN9O,4.0,3
B00IWR4K2C,5.0,3
B000C1VWCC,4.666666666666667,3
B0042VAP9E,5.0,3
B000C1UFHA,4.0,3
B004WSR6T4,5.0,3
B00AZGGI0A,4.333333333333333,3
B000HZTBXA,4.666666666666667,3
B003MT7L7G,4.333333333333333,3
B000C1VWB8,4.666666666666667,3
B000HZQZV6,5.0,3
B000IKCLTA,5.0,3
B000GXENA4,4.666666666666667,3
B005KKMV0W,5.0,3
B0009I0ZT4,4.333333333333333,3
B005I0K03E,4.333333333333333,3
B0054Y3K9A,4.666666666666667,3
B0054Y3L6M,4.666666666666667,3
B00429KS3E,5.0,3
B004WTT5BK,4.333333333333333,3
B0057YLCO2,5.0,3
B0054Y3SB0,5.0,3
B0057YHUUW,4.666666666666667,3
B000L1UMU6,4.666666666666667,3
B003ZKXTX2,5.0,3
B00CCO0S22,5.0,3
B00ATPD13Y,4.0,3
B00429MXX2,4.666666666666667,3
B00375L8LK,5.0,3
B003ASLR10,5.0,3
B003MQ83NA,5.0,3
B00IYD7AWG,4.666666666666667,3
B0054Y3X9C,5.0,3
B000GPWB7E,4.333333333333333,3
B000AIHLY0,4.666666666666667,3
B000ILMIZ6,5.0,3
B00AGOBE96,4.666666666666667,3
B005HWKAAG,4.333333333333333,3
B005KT6OD8,4.333333333333333,3
B003MBTCSA,4.0,3
B0054Y15KQ,5.0,3
B00AGRRM9E,5.0,3
B0036ZUN08,4.0,3
B005KT3SJQ,4.0,3
B005KT1RPI,4.0,3
B000IMFEE2,4.666666666666667,3
B000KC0TKO,5.0,3
B004WUJ97E,4.333333333333333,3
B00C9O21MU,5.0,3
B003MBZLC6,5.0,3
B003MBYXF2,4.0,3
B00AZIXTPA,4.0,3
B00404I86A,4.333333333333333,3
B0037081SI,4.333333333333333,3
B003RKUFK0,4.666666666666667,3
B005KSR460,4.333333333333333,3
B004Z164DC,4.666666666666667,3
B005HXH0XA,4.333333333333333,3
B00IYJC99Y,4.333333333333333,3
B00B1PR2HW,5.0,3
B0054Y1E6Q,5.0,3
B003AUOBJS,5.0,3
B00C1MG9G4,4.666666666666667,3
B004WVX0LO,5.0,3
B000GI0RQ8,5.0,3
B00CMV1WR0,4.666666666666667,3
B000AFLOSC,5.0,3
B005KV0RD4,4.666666666666667,3
B0054Y0YW6,4.333333333333333,3
B00CMVAKDW,5.0,3
B003AWRJV8,4.0,3
B0036ZBSSO,4.666666666666667,3
B005HTOOUQ,4.0,3
B000GI0P5Q,4.666666666666667,3
B0054Y105G,4.0,3
B003MB486Q,4.333333333333333,3
B00B1994TC,4.666666666666667,3
B003AVNO5Y,5.0,3
B0054Y11RI,4.666666666666667,3
B00AQM6WZ4,5.0,3
B000C1VWJ0,5.0,3
B00B1Q85F4,5.0,3
B00C9LJBM6,5.0,3
B0036ZR2D4,4.666666666666667,3
B003RLQ6SE,4.333333333333333,3
B00404F9DA,5.0,3
B00C9P8SJ4,4.666666666666667,3
B00AEDWCPE,5.0,3
B00AEDTCNY,4.0,3
B003ATPF44,4.333333333333333,3
B003RDVKB0,4.0,3
B00HTG8Y6U,4.333333333333333,3
B00371WMLO,5.0,3
B003MGJF9Q,4.0,3
B004WTZUUA,4.666666666666667,3
B005KQ75DE,5.0,3
B00AEDXAJG,4.666666666666667,3
B00C0Q5N90,4.333333333333333,3
B00HKC368O,4.666666666666667,3
B00AEE3JRS,5.0,3
B0009353KA,4.333333333333333,3
B00586BY24,4.666666666666667,3
B00AQP0R4I,5.0,3
B003ATN99W,4.0,3
B005HZQV6A,5.0,3
B004Z122SS,4.666666666666667,3
B005HZXVSG,5.0,3
B000C1UFFC,4.333333333333333,3
B00C1LAZDS,5.0,3
B00371SWI6,5.0,3
B005HXPZAU,4.333333333333333,3
B000HYSQFU,5.0,3
B0054Y1FMO,4.0,3
B003AUFCHI,5.0,3
B00CQFL42A,4.333333333333333,3
B00AQNOTIU,4.333333333333333,3
B00CMXVPV6,4.0,3
B005HXS1YC,4.0,3
B00CQEBP2A,5.0,3
B003RIA8B8,5.0,3
B004YBV0N2,4.0,3
B0042YZHX0,5.0,3
B00371PIW4,4.666666666666667,3
B000B5RCDM,5.0,3
B000L53GM8,5.0,3
B00ATS1FZM,4.666666666666667,3
B003ZJSKKA,4.333333333333333,3
B000B5RC64,5.0,3
B003ATRV9G,5.0,3
B00588XXBM,4.0,3
B00AEDT6IK,4.666666666666667,3
B0054Y1SSU,4.666666666666667,3
B0054YT3UK,5.0,3
B005HTMUMA,5.0,3
B003QIDPT6,5.0,3
B000ALDJYS,5.0,3
B003QJ1XEE,4.666666666666667,3
B00099DU6I,4.666666666666667,3
B003QJ14HU,5.0,3
B000II7CKU,5.0,3
B003AKE2MY,5.0,3
B005IAZUEI,4.333333333333333,3
B003QIUH2E,4.333333333333333,3
B00B1DRFAI,5.0,3
B000IIF11M,4.666666666666667,3
B003AK59Q2,4.0,3
B005IBP9E8,5.0,3
B005IC0QLI,4.333333333333333,3
B005K6FUC2,4.0,3
B003AK3FZO,4.0,3
B003QICXIA,4.0,3
B005K69KWI,4.333333333333333,3
B00IP2HWYW,5.0,3
B00CQ66BPE,4.0,3
B003N26UJ2,4.666666666666667,3
B0042TW8KK,5.0,3
B0057WIBAM,4.333333333333333,3
B004YEMBQ4,4.333333333333333,3
B003N185V4,4.0,3
B000IJA58U,5.0,3
B003AM00XC,4.333333333333333,3
B005K85U3E,4.666666666666667,3
B00AGIH5OU,5.0,3
B00I0BCE0A,5.0,3
B003N185W8,5.0,3
B003N1B6ZQ,4.333333333333333,3
B005IAWFJQ,4.0,3
B00AZ3F142,4.666666666666667,3
B00HMUW68U,5.0,3
B00CNHD33O,5.0,3
B000I1RMCU,4.333333333333333,3
B003QK3RJ2,4.0,3
B00BWH98T4,4.0,3
B003QJWDZ2,4.0,3
B000IJ6V1U,5.0,3
B005K846IO,5.0,3
B003N1WM5Y,4.666666666666667,3
B00CA6RWHQ,4.666666666666667,3
B00375X6UG,5.0,3
B003N1WYGG,4.666666666666667,3
B00HTSHD2Y,5.0,3
B000AZSVCE,5.0,3
B003N3VQS6,4.333333333333333,3
B000GR7KMI,4.0,3
B000II4FI2,4.666666666666667,3
B005K1TDXY,4.0,3
B003N43UG6,4.666666666666667,3
B000GHWPZU,5.0,3
B004WG45KE,4.0,3
B000I25WVC,4.0,3
B003N4L9NC,4.666666666666667,3
B000I2XWWS,4.0,3
B0042ASWZE,5.0,3
B0009HG2WE,4.0,3
B00AZGCX04,4.333333333333333,3
B00AET7S5W,4.333333333333333,3
B00AZGCWQE,4.0,3
B00AR2VJYW,5.0,3
B00CQ44Q0S,5.0,3
B003QCX7UE,5.0,3
B000II5KRW,4.0,3
B000GHVUHY,5.0,3
B003N3KP06,4.333333333333333,3
B00IP2LHMA,4.666666666666667,3
B00AR1SGTY,4.666666666666667,3
B003AJSMZ8,4.0,3
B000GHVXSA,4.333333333333333,3
B000GHWPI2,5.0,3
B005K2I2US,5.0,3
B003N3OIFO,5.0,3
B005IC4UJW,4.0,3
B00AZ5K7OY,5.0,3
B0042AQ2C4,4.333333333333333,3
B00375YZ9M,5.0,3
B005K26KAM,4.666666666666667,3
B00375ZBR2,4.666666666666667,3
B000KFWMFQ,4.666666666666667,3
B0042TLQ7Q,5.0,3
B000KFZA2S,5.0,3
B00375ZKQY,4.333333333333333,3
B005K22HM2,4.666666666666667,3
B005K8O9I6,5.0,3
B005IAAPB6,5.0,3
B00CCIV8T0,4.333333333333333,3
B00097DKUQ,4.333333333333333,3
B0042UC6TM,4.333333333333333,3
B00375SZD4,4.333333333333333,3
B005KDNWZM,4.0,3
B003MWURBK,5.0,3
B00IOZ2H4U,5.0,3
B003MWV9J4,4.0,3
B00AQXDA4E,4.0,3
B00CA42ES0,4.0,3
B000GHVLVY,5.0,3
B00CA42NUY,5.0,3
B00375U8M0,4.333333333333333,3
B00HTQHGX2,4.333333333333333,3
B00AEME7MQ,5.0,3
B000KEIGHK,4.333333333333333,3
B003MX8I10,4.0,3
B00CCIPDSC,4.0,3
B003QPGY0Q,5.0,3
B004YEBZJ8,4.333333333333333,3
B00375U3LG,4.666666666666667,3
B00551CPIY,4.666666666666667,3
B003ZMWQT8,5.0,3
B003MWJL2Q,5.0,3
B000GHVLHS,5.0,3
B00429RUL2,5.0,3
B000C1VW9A,5.0,3
B00375OWVI,5.0,3
B000GHZMGY,4.0,3
B00375R6WU,4.0,3
B000B43JXK,5.0,3
B003QTPF20,5.0,3
B004YZBHPY,4.666666666666667,3
B00375RBQ6,5.0,3
B0009HKOHS,4.333333333333333,3
B000AKYKPQ,4.333333333333333,3
B00550YQP0,5.0,3
B005512M6E,4.0,3
B000B43JRQ,4.333333333333333,3
B000IK8QXK,4.666666666666667,3
B000IK8PHM,5.0,3
B003QTL1V4,5.0,3
B005I59A26,5.0,3
B000977O1C,4.666666666666667,3
B00375U82A,4.666666666666667,3
B000ALBLVQ,4.666666666666667,3
B0009HIT7K,5.0,3
B00BWI0LFS,4.666666666666667,3
B00AQZMKPW,5.0,3
B0055531WE,5.0,3
B0055531WO,5.0,3
B000KEL2OO,5.0,3
B00ATH9PQO,4.666666666666667,3
B005I6DVU2,4.666666666666667,3
B003QL92Q8,4.333333333333333,3
B005K9LHIU,4.333333333333333,3
B005I6IX4G,5.0,3
B00CQ7PS8O,4.666666666666667,3
B003N0DA42,5.0,3
B00555PCY4,5.0,3
B003QKUQ96,4.0,3
B00CA6ABT2,5.0,3
B005535JIK,4.0,3
B000981F7K,4.333333333333333,3
B00375W10W,5.0,3
B000GHYXBY,4.0,3
B005I8OGOU,4.666666666666667,3
B003N0EI8E,4.0,3
B003ANKNEM,4.0,3
B00375W62U,4.0,3
B000GHVM5Y,5.0,3
B003ANKMU2,5.0,3
B003QKPU2O,5.0,3
B003N0G3H8,5.0,3
B005KARHYM,4.666666666666667,3
B000GQ1WSM,4.666666666666667,3
B00I0B1ZCI,4.333333333333333,3
B00375VB94,4.333333333333333,3
B00ATJ2906,4.0,3
B00AEMGGXO,5.0,3
B00CQ7SQ3S,5.0,3
B00CQ7RX46,4.666666666666667,3
B00ATHKIY2,4.666666666666667,3
B00AGJYX94,5.0,3
B00375UOJW,4.333333333333333,3
B0057UOQ1M,4.666666666666667,3
B00CQ7R3D2,5.0,3
B000ALBLZ2,5.0,3
B000980PJO,4.666666666666667,3
B00375V41Y,5.0,3
B00554DXC8,5.0,3
B003MZE8EY,4.0,3
B005552M2O,4.333333333333333,3
B003MZHC3S,4.666666666666667,3
B00AQZK16C,4.666666666666667,3
B00092M2V4,5.0,3
B0054Y0VZG,4.666666666666667,3
B00545UPGU,5.0,3
B005LDBF78,4.333333333333333,3
B000IN1EAO,4.666666666666667,3
B00BWRXGOC,4.0,3
B004Z22OF8,4.666666666666667,3
B000K7MDGW,4.333333333333333,3
B000HRR0S6,5.0,3
B0058K10RE,5.0,3
B003LWD21S,4.666666666666667,3
B00CCYT3TQ,4.666666666666667,3
B00CMHUO1E,4.0,3
B004W8VXPW,5.0,3
B00C8XABR4,4.0,3
B003ZFQ42K,5.0,3
B0058JQY0S,4.666666666666667,3
B0036G8J3K,4.666666666666667,3
B00433PFLE,5.0,3
B005LD2E5K,5.0,3
B0036G8RJQ,5.0,3
B004W8WE28,5.0,3
B00IKTTR48,4.333333333333333,3
B000B67628,4.0,3
B00C1NST7U,5.0,3
B00408QEKS,4.666666666666667,3
B005HHABRI,5.0,3
B003ZFBLEQ,4.666666666666667,3
B0036G15IQ,5.0,3
B00AQBVP84,4.333333333333333,3
B00AQC9BB6,5.0,3
B00AYYU034,4.666666666666667,3
B000GZ9XAW,4.0,3
B003B7Y35W,4.333333333333333,3
B0054GPAB4,4.333333333333333,3
B0054H6HJC,5.0,3
B00C1QJWGO,5.0,3
B00ADZ9QY8,5.0,3
B003LU30R6,4.666666666666667,3
B00AU1QM7O,4.666666666666667,3
B004W8KF74,4.666666666666667,3
B005LDJ4FS,4.0,3
B00427EHAG,4.333333333333333,3
B000C1VX4O,5.0,3
B00CMJCP14,4.0,3
B0008FV416,5.0,3
B004Y9KBS4,4.333333333333333,3
B00C91WB00,4.666666666666667,3
B003B6LJW8,4.666666666666667,3
B0036K2L5I,5.0,3
B003LZ1X3Y,4.666666666666667,3
B0008GGC2Q,5.0,3
B004Z203BU,4.333333333333333,3
B00IYOGBKC,4.0,3
B003B6LH3E,4.0,3
B003SFYCPS,4.333333333333333,3
B005LB0HRO,4.666666666666667,3
B0036MDUEM,4.333333333333333,3
B005HJ74FS,4.333333333333333,3
B005HJ74KI,5.0,3
B00AH3YUM4,4.666666666666667,3
B00433NA8O,4.333333333333333,3
B00433NA70,5.0,3
B003B6JNGC,4.666666666666667,3
B0058FO3EG,4.666666666666667,3
B003B6MFR6,4.666666666666667,3
B00C1NTQ18,5.0,3
B00AE07CY8,4.0,3
B000ACI1BI,5.0,3
B0058JI8IE,4.333333333333333,3
B0036GALJU,4.666666666666667,3
B0054JSHDE,4.333333333333333,3
B0054JSL7G,4.666666666666667,3
B0009J5UHK,4.0,3
B0054JXICE,4.333333333333333,3
B0058ITJ6A,5.0,3
B000L9JI9E,5.0,3
B00C1O3BQI,5.0,3
B005HIUFE6,5.0,3
B0036IN5C8,4.333333333333333,3
B0036IOBCQ,4.0,3
B003LYMR5S,5.0,3
B005HIWBQ6,4.333333333333333,3
B003B6MICI,4.333333333333333,3
B004Z20V8A,5.0,3
B00CD12C1O,4.333333333333333,3
B0036G0KKA,5.0,3
B005LGC916,5.0,3
B004257UXO,4.666666666666667,3
B0058OH3SU,5.0,3
B005HE07V6,4.333333333333333,3
B00547FTLY,4.0,3
B0058OEXFG,5.0,3
B00CD48XU0,4.0,3
B00547HKLG,5.0,3
B00CMEN01S,4.0,3
B000LC648O,5.0,3
B00ADSGOUY,4.666666666666667,3
B00CMETI6O,4.333333333333333,3
B00CR6VK04,4.666666666666667,3
B00CD4867K,4.666666666666667,3
B003LLR2OM,5.0,3
B003SSYJ30,4.666666666666667,3
B005LGBHQY,4.333333333333333,3
B00CMF59HU,5.0,3
B004Z25H8E,4.0,3
B00433WX64,4.666666666666667,3
B000INYVNG,4.333333333333333,3
B003BDIGN6,4.666666666666667,3
B005HC1TLA,5.0,3
B000K7GYY4,4.666666666666667,3
B003STVZX6,5.0,3
B00AHF3N9S,5.0,3
B005LILDNO,5.0,3
B00AQ7U34K,4.666666666666667,3
B00C0GJVJ8,4.333333333333333,3
B00IVXZRII,4.666666666666667,3
B0036CSIO4,4.333333333333333,3
B00C8TKPOW,4.666666666666667,3
B00546A9NS,4.666666666666667,3
B00546BA1I,4.333333333333333,3
B003SVHUUQ,5.0,3
B000K7GYOY,5.0,3
B005HBF2BO,5.0,3
B003SUMUUC,4.0,3
B00CD4DTZO,4.0,3
B003ZD9CRQ,4.0,3
B00546GCZC,4.666666666666667,3
B00CR93ZAO,5.0,3
B00433WWWE,4.666666666666667,3
B003B9BDK8,5.0,3
B005LEZPC8,5.0,3
B003LPHDSI,5.0,3
B003SSOCR8,4.333333333333333,3
B00HJONTO4,4.0,3
B003BC26LA,5.0,3
B003LPUWXQ,5.0,3
B003LN5TAE,5.0,3
B004X0Q5XY,4.333333333333333,3
B00BV5EX8S,5.0,3
B000HPBR9Q,5.0,3
B00HVH8ZLG,5.0,3
B005HGWI3E,4.666666666666667,3
B000GI0UJ2,4.333333333333333,3
B004W8F66O,5.0,3
B003B9EC7O,4.0,3
B005LE40R4,5.0,3
B0054EA6D8,5.0,3
B00433VDSI,5.0,3
B004W8CFHW,5.0,3
B0036FTDZE,4.0,3
B003BDA0OY,4.333333333333333,3
B003SSTVRO,5.0,3
B005HEZ1KI,4.333333333333333,3
B0036FTE7Q,4.666666666666667,3
B0036FTEBM,4.333333333333333,3
B003BD5POY,4.666666666666667,3
B00AQB0BO8,5.0,3
B0054DF7XS,4.0,3
B005HF4F9U,4.333333333333333,3
B000LBRZZ6,4.333333333333333,3
B005HFBW6O,4.666666666666667,3
B00IOSOO1Q,4.666666666666667,3
B00IW3HKXC,4.333333333333333,3
B000GHVGT6,5.0,3
B003BCLYO0,4.333333333333333,3
B0054KZT7A,5.0,3
B000C1UFEI,5.0,3
B00405IN6O,4.666666666666667,3
B005HRE1PQ,4.666666666666667,3
B00ATWDQMS,5.0,3
B0036XP7F6,4.666666666666667,3
B00ATWDPNI,5.0,3
B003S16XUY,4.666666666666667,3
B005L3BXDE,4.666666666666667,3
B00C1MQSLK,5.0,3
B003M5F3PM,4.666666666666667,3
B0054SCIYO,4.666666666666667,3
B004286TYM,5.0,3
B003M5MUOO,4.666666666666667,3
B00CQNM4C6,5.0,3
B00AGXZ8UI,4.0,3
B003AYEGDA,4.666666666666667,3
B003S0F3C4,5.0,3
B0058DQDE6,4.0,3
B00CQN83CQ,4.666666666666667,3
B0036YCKVE,4.0,3
B0058DQ2MY,4.0,3
B0036YEBN4,4.0,3
B00HZDVZ2M,5.0,3
B0058DOWSK,5.0,3
B000K9ZYJ8,4.333333333333333,3
B0054TBSCG,4.333333333333333,3
B000BTO6DM,5.0,3
B003S1K918,5.0,3
B0054L2O18,4.666666666666667,3
B005L4QQJ4,5.0,3
B00CQNN3C6,5.0,3
B0036W2ESK,4.333333333333333,3
B003M57F8U,5.0,3
B00HK1KR5U,5.0,3
B000L6K0IK,4.333333333333333,3
B003S4XBNS,4.333333333333333,3
B005HQHF1O,4.333333333333333,3
B003M57ZJE,5.0,3
B005HQL2WC,5.0,3
B004Y9MCNQ,4.0,3
B005L4LH66,4.333333333333333,3
B00C9ERMZG,4.333333333333333,3
B003AYEUV8,4.666666666666667,3
B0036WFXL0,4.666666666666667,3
B00AE900ZM,4.0,3
B00AGY4EF2,5.0,3
B00AE9182Q,5.0,3
B00432MNTC,4.666666666666667,3
B003M6D6W8,4.333333333333333,3
B005KYVN7U,4.666666666666667,3
B00CCX0I14,5.0,3
B003AY10JI,5.0,3
B005HT3P1U,4.0,3
B0058D3X30,4.666666666666667,3
B000AFILXS,4.666666666666667,3
B0054XPM2Y,4.666666666666667,3
B003RSGVD2,4.333333333333333,3
B00C1MMB7U,5.0,3
B00CMTY0VM,5.0,3
B0036Z48IQ,5.0,3
B00HNA2YW2,4.666666666666667,3
B000GZ9J88,4.333333333333333,3
B000AFKGAE,5.0,3
B004Z1L9UK,4.666666666666667,3
B00AEBZKVE,4.333333333333333,3
B00B1R9YW6,4.666666666666667,3
B000HX6JVE,5.0,3
B000929370,5.0,3
B000KBEAVO,4.666666666666667,3
B0058BQG3Q,4.333333333333333,3
B005HT2ZVQ,4.666666666666667,3
B00B196VGQ,4.333333333333333,3
B003RURUC6,4.666666666666667,3
B00CCX4PAY,4.333333333333333,3
B00AEAC6OO,4.0,3
B0036YWQIQ,4.333333333333333,3
B00C0P2PUG,5.0,3
B005KYNOFO,5.0,3
B0036YYBD4,5.0,3
B000IMNJX0,5.0,3
B000AFGJMI,5.0,3
B003AYEG26,4.666666666666667,3
B003AYEFW2,5.0,3
B003AYEFUY,5.0,3
B0036Z04LG,5.0,3
B0058DI0QK,4.0,3
B00ILO8KZY,5.0,3
B0054TMK3W,4.333333333333333,3
B0054TREEC,4.333333333333333,3
B0054U416A,4.0,3
B0036Z10TG,5.0,3
B004YAG6Y6,5.0,3
B005KYNFT4,4.666666666666667,3
B0036Z1SPW,4.0,3
B000HX4JUC,5.0,3
B0036Z1W8A,5.0,3
B003AZ0HT6,4.0,3
B005L4X354,4.333333333333333,3
B000K899YA,4.666666666666667,3
B00C941S6K,5.0,3
B00BV6YBYI,5.0,3
B005LA57T8,4.666666666666667,3
B00HT9EGQY,5.0,3
B005HJQS82,4.666666666666667,3
B0054MSBYQ,5.0,3
B003LZWAYK,5.0,3
B003SATT1K,4.666666666666667,3
B00CQPFFJS,5.0,3
B000GHVH54,5.0,3
B000B63O0G,4.666666666666667,3
B00HK0TE8C,5.0,3
B003B3YZUO,4.666666666666667,3
B00HNF1CLG,5.0,3
B000IMWBBG,5.0,3
B0058ESISY,4.333333333333333,3
B00433HRN8,5.0,3
B0036QX7HI,5.0,3
B00CCYP76Y,4.0,3
B005LA8U38,4.666666666666667,3
B00HZKKGZ2,5.0,3
B0054MS9ZM,4.333333333333333,3
B005LAYICA,4.0,3
B004Z1YJ0C,4.666666666666667,3
B005HJHOL2,4.333333333333333,3
B005HJHOS0,5.0,3
B003B671MK,4.333333333333333,3
B00AYZ5CZY,5.0,3
B005HJHOYO,4.0,3
B0036O8I2E,4.666666666666667,3
B00IOVOCUG,5.0,3
B003ZGDIMS,5.0,3
B0054LRM0G,5.0,3
B003LZOVGU,5.0,3
B004088R6C,5.0,3
B000C1VWQ8,5.0,3
B000HTWXBS,4.333333333333333,3
B0058FO0K8,5.0,3
B00CMLMYZ4,4.333333333333333,3
B0036PZEI4,5.0,3
B0054MS8TE,4.0,3
B00C1NHI3Q,5.0,3
B004087ITO,4.0,3
B003S9EV5U,4.333333333333333,3
B0036VH1XE,4.666666666666667,3
B0058EFE7W,5.0,3
B003S6K17U,5.0,3
B005HNXHF0,4.0,3
B00091RH1U,5.0,3
B0036URRAC,4.0,3
B0036US89Q,5.0,3
B005HNXL42,4.333333333333333,3
B0036UUHSQ,4.666666666666667,3
B003S65Y18,5.0,3
B0036UW522,5.0,3
B0009I7HLS,5.0,3
B0058EFER2,5.0,3
B00AGZZBT4,5.0,3
B0036UXKYE,5.0,3
B0036UXNVO,5.0,3
B000C1VWMC,4.666666666666667,3
B003B07EDC,5.0,3
B005HO2KDY,5.0,3
B00405UDIA,4.666666666666667,3
B0036UQ0IW,4.333333333333333,3
B003S6OAA4,5.0,3
B000L6M7NG,5.0,3
B0036R6LMU,4.333333333333333,3
B000HUP616,5.0,3
B00IKU3O9G,5.0,3
B00CMNOIAQ,4.666666666666667,3
B000L6MGE6,4.666666666666667,3
B003M1FGZI,4.666666666666667,3
B00HK0VTBM,5.0,3
B003S8JMV4,4.333333333333333,3
B00IQNFB8O,5.0,3
B000B61U5C,5.0,3
B005L99N12,4.666666666666667,3
B00B1SQ1MQ,5.0,3
B00433CEN6,4.333333333333333,3
B0054QM152,5.0,3
B00AGZAG0S,4.0,3
B003M1PGR6,4.0,3
B0058EGIIQ,5.0,3
B000HVD644,5.0,3
B00C9C5Y9O,5.0,3
B000C1VWOA,5.0,3
B0036UM91E,5.0,3
B000HVF4AI,4.666666666666667,3
B005K12B3S,5.0,3
B0057PVK02,4.666666666666667,3
B003NZWR1Y,5.0,3
B003807X5Y,4.666666666666667,3
B0055WO7OS,4.666666666666667,3
B00CON9SA4,5.0,3
B0056QI3HU,5.0,3
B003959XBU,4.0,3
B004YSZD4C,4.0,3
B00395207E,5.0,3
B003OQUFW0,4.666666666666667,3
B00AZ9Y0AW,4.666666666666667,3
B000C1VSZS,4.666666666666667,3
B00394X1PU,4.666666666666667,3
B003ZSLPVM,4.0,3
B005JCYZAA,4.666666666666667,3
B003OQSPWM,5.0,3
B00394NLSM,4.333333333333333,3
B00ARMKK9C,5.0,3
B00CBT3XRA,4.666666666666667,3
B00HUI41TQ,4.333333333333333,3
B000KQBRT2,4.666666666666667,3
B00AFCLETY,4.666666666666667,3
B003ZSM9J4,4.0,3
B003OS5KQE,5.0,3
B00CBXC1K6,4.0,3
B003NYHR24,4.666666666666667,3
B0056SXSFU,5.0,3
B000KKX4Q2,4.0,3
B00C1BLXNE,4.333333333333333,3
B00COMUSCW,4.333333333333333,3
B00CP6NWRK,4.666666666666667,3
B00BW6J46W,4.666666666666667,3
B00AFBX09M,4.0,3
B0055VPBFI,4.666666666666667,3
B000KQD3FI,5.0,3
B000I6RA5Y,4.666666666666667,3
B003966PYM,4.666666666666667,3
B000AQQCME,5.0,3
B0042PGT2M,5.0,3
B0037ZFVLI,4.666666666666667,3
B004YLW6L2,5.0,3
B005IUCRJY,5.0,3
B003NZ3FVK,4.0,3
B0056R85H2,4.333333333333333,3
B00ILBQULS,5.0,3
B000I82J8U,5.0,3
B00392A6CS,5.0,3
B003OKHZLK,4.0,3
B005JAT03E,4.333333333333333,3
B000KQ9VYK,4.0,3
B0009ET562,5.0,3
B00384763O,4.666666666666667,3
B0039285CQ,5.0,3
B00384A2WG,4.666666666666667,3
B003O1TX9G,5.0,3
B003OJME30,5.0,3
B00391EV5W,4.333333333333333,3
B003OJKQ44,4.333333333333333,3
B005IUH6MW,5.0,3
B005648EP8,5.0,3
B00384EZFQ,4.333333333333333,3
B003ZW8FAW,4.666666666666667,3
B000I82J94,4.333333333333333,3
B00564DGOM,4.333333333333333,3
B00392ABVO,4.0,3
B003OKWDA8,4.666666666666667,3
B000KQAERI,5.0,3
B0042JFOTC,4.666666666666667,3
B00ILB5VUY,4.0,3
B00CBT0V8O,4.333333333333333,3
B0009EXOQY,4.666666666666667,3
B00IPJXL6I,4.333333333333333,3
B0056ON5VG,4.0,3
B00CB65PVK,4.666666666666667,3
B00HUBZB4M,5.0,3
B000KQBR10,4.333333333333333,3
B005JC403W,4.333333333333333,3
B005IUGXY4,4.666666666666667,3
B0056NXGPW,5.0,3
B00392FV96,5.0,3
B00AFCMVA0,5.0,3
B004WO9D8A,4.666666666666667,3
B000GW763G,4.666666666666667,3
B00HLZI3R4,4.333333333333333,3
B005IUH3JI,5.0,3
B00392CBVC,4.666666666666667,3
B003O493FM,4.666666666666667,3
B0009ET404,5.0,3
B003OSR468,4.333333333333333,3
B000BTCU8U,5.0,3
B00ARJMZWU,4.666666666666667,3
B003ZSCOVC,5.0,3
B003ZWW93Q,4.333333333333333,3
B000AR81Y0,4.666666666666667,3
B0055T22HU,4.666666666666667,3
B000AR7GDM,4.666666666666667,3
B0009ET3IW,4.0,3
B0037UOJO8,4.666666666666667,3
B005IR26ZM,5.0,3
B00CP8AFXM,5.0,3
B000KRT8DI,4.666666666666667,3
B0039G9G3O,5.0,3
B00CAYUJ0U,4.666666666666667,3
B0042QH948,5.0,3
B0056WQQIC,5.0,3
B0039EMCJG,4.0,3
B00CP7J9O4,5.0,3
B00COGVCJQ,4.666666666666667,3
B00CAZ9X5G,4.666666666666667,3
B00CP8KFLY,4.0,3
B003P1IKUI,4.666666666666667,3
B003NUMRXC,5.0,3
B00COE90QK,5.0,3
B005IQ8T8Q,4.666666666666667,3
B0037NIU6I,4.333333333333333,3
B00AFV4DM0,5.0,3
B005IQG4QK,4.333333333333333,3
B00ARIO5Y2,5.0,3
B000KKBG1W,5.0,3
B003P3IWXG,4.333333333333333,3
B00CAWSMKG,4.333333333333333,3
B005IQOWIM,5.0,3
B000KKC6DY,4.0,3
B003P3DSSK,5.0,3
B003NUGWL0,5.0,3
B005IQR21G,4.666666666666667,3
B0037QG6SO,4.666666666666667,3
B003P3CZ66,5.0,3
B0009ER4C4,4.666666666666667,3
B000BRGIIK,5.0,3
B003OY3W4U,4.666666666666667,3
B00COM5PJ8,4.0,3
B003OUH9Y8,5.0,3
B00HUA6LCO,4.666666666666667,3
B0009ET3PA,4.333333333333333,3
B0042PWF4I,4.0,3
B005JDPJNG,4.666666666666667,3
B0037XUH7S,4.666666666666667,3
B00CB278XW,5.0,3
B000IEHLGY,4.666666666666667,3
B000AMQH7I,4.0,3
B003981CNE,5.0,3
B005ISJW9E,4.333333333333333,3
B003ZSDQDC,5.0,3
B00CP74L56,4.0,3
B003NY3A3E,4.666666666666667,3
B003NY5GFO,5.0,3
B003OTEDE8,5.0,3
B003ZWPDFC,4.0,3
B00CBXPVRQ,4.0,3
B003OT3WOU,5.0,3
B0055VFK7W,5.0,3
B0055VHBME,4.0,3
B005JDPMHO,4.333333333333333,3
B0039B3WLQ,4.0,3
B0042QBML4,4.333333333333333,3
B003NW0QFG,4.666666666666667,3
B000GHYSU0,5.0,3
B0056VWZVK,4.666666666666667,3
B00C1BM1XU,4.0,3
B0037VAXI8,4.0,3
B0055UB9OG,5.0,3
B003NWKSTU,4.333333333333333,3
B00ARLCSO8,4.0,3
B0055UHYZE,4.666666666666667,3
B0009ET3KK,5.0,3
B0009F3N8C,4.333333333333333,3
B00B1H5EJ8,5.0,3
B00ARLCSUC,4.666666666666667,3
B00CBXWND6,4.0,3
B003NXB6C2,4.0,3
B00ASQFU1K,5.0,3
B00BVWZROK,4.333333333333333,3
B004WLMH4A,5.0,3
B005IUH7JO,4.0,3
B0055AF6E0,4.0,3
B00IXELDF6,4.333333333333333,3
B0038PZQPS,4.333333333333333,3
B0038PYF8C,5.0,3
B000GHYOXG,4.0,3
B00C194JK0,4.666666666666667,3
B00AFDN6RQ,4.666666666666667,3
B0038JZBMC,5.0,3
B00COY5IG6,5.0,3
B003O9N4VQ,4.333333333333333,3
B0038PW6IS,5.0,3
B00CBLFRH2,4.666666666666667,3
B003ZUWQAY,4.0,3
B004WMJE2M,5.0,3
B0038K4N16,4.0,3
B0038K4R3K,4.0,3
B003O9N34O,4.666666666666667,3
B003O54DX8,4.666666666666667,3
B00AFE14BA,4.0,3
B003O54Z4A,4.0,3
B000C1VTJS,5.0,3
B0009EXNWO,5.0,3
B00CORNWD4,4.0,3
B0038KA81A,5.0,3
B003O9MA98,5.0,3
B00CBLAOS4,5.0,3
B000IBN878,4.666666666666667,3
B005J5L8QQ,4.666666666666667,3
B005IUH7LM,4.666666666666667,3
B003O4RNSG,4.333333333333333,3
B000KOK6EQ,4.666666666666667,3
B0038RNR84,5.0,3
B0042NKXHG,5.0,3
B00IPLW3WO,4.666666666666667,3
B00CBEFDFA,5.0,3
B00CBEFDGE,5.0,3
B00CBLQALY,5.0,3
B003O4QMDS,5.0,3
B0038IXGGG,5.0,3
B004YPMGXG,5.0,3
B000KOLTE2,4.666666666666667,3
B0038JDHNC,4.666666666666667,3
B004YPEFTE,5.0,3
B003O4UZQI,5.0,3
B00CBEFDJQ,4.666666666666667,3
B000GUYLEK,4.666666666666667,3
B004YOXJTM,4.666666666666667,3
B004WN2L7Q,5.0,3
B003O52AGA,5.0,3
B0038KJI9S,4.0,3
B0009ET8C8,4.333333333333333,3
B003O9LBG6,5.0,3
B003O9B4A4,4.333333333333333,3
B000KOO9VC,5.0,3
B0038O0VXQ,4.333333333333333,3
B005J1IXDG,5.0,3
B0056CK9YO,5.0,3
B0038LIJME,4.333333333333333,3
B005IZ676S,4.0,3
B00IL3XISO,4.333333333333333,3
B005IZCTHY,4.666666666666667,3
B0042LBLTW,4.333333333333333,3
B0042LBD04,4.333333333333333,3
B00AFHDZ2I,5.0,3
B0056BX1OA,5.0,3
B005IZJ3KK,5.0,3
B003O8ZN7U,4.666666666666667,3
B005IZMCWG,4.0,3
B0056C2I0W,5.0,3
B0038L66PG,5.0,3
B0038L5AX0,4.0,3
B00COWBK5Q,5.0,3
B000KOM874,4.333333333333333,3
B003O56C32,4.666666666666667,3
B0009ET8OG,4.666666666666667,3
B005IY9D9C,4.333333333333333,3
B00AFELKFA,4.666666666666667,3
B0038KW5LG,5.0,3
B003O9INHG,4.333333333333333,3
B003O5FMTW,4.0,3
B00AS1IKKS,5.0,3
B000IB0GYQ,4.0,3
B0056BKKG2,5.0,3
B00COTXS22,4.0,3
B000KOQ7VW,5.0,3
B0038L2MWM,5.0,3
B000KOOHBO,5.0,3
B00CBIWS54,4.666666666666667,3
B000IB0GWS,4.666666666666667,3
B003O5XC80,5.0,3
B003O4NJCU,4.333333333333333,3
B005IVZ1SC,5.0,3
B005J9HAEQ,5.0,3
B00IK4UD3W,4.333333333333333,3
B003O4FZLS,4.333333333333333,3
B0038ZIUZ6,4.666666666666667,3
B0038ZIHQ8,5.0,3
B005IVZ1NM,4.666666666666667,3
B000GUBRSS,5.0,3
B00HUGZZUC,4.666666666666667,3
B005IVZ1QY,4.666666666666667,3
B0038Z0ZCM,5.0,3
B003OFIU9Q,5.0,3
B000BRMF3M,4.333333333333333,3
B00CP41HR4,4.666666666666667,3
B0038A1LES,5.0,3
B0038YAWWQ,4.666666666666667,3
B005IVZ2YU,4.0,3
B00CBBBAAA,4.0,3
B00ASBGKTQ,5.0,3
B00BW50LFG,5.0,3
B00COPKKDQ,5.0,3
B0042P2SG8,4.333333333333333,3
B003ZW2C2Y,4.0,3
B00ARWXBCK,4.0,3
B0038ZV4MW,4.333333333333333,3
B00ARWDR38,5.0,3
B00564F8MA,4.666666666666667,3
B0056JYPHO,5.0,3
B00COOJX0S,5.0,3
B0056JVZTU,4.0,3
B00564HDKK,4.0,3
B003ZTQ278,4.333333333333333,3
B005JAC3GA,4.333333333333333,3
B003O4CP48,4.333333333333333,3
B00ASDC7G4,5.0,3
B0042K7IEU,5.0,3
B000KN9Y40,5.0,3
B000KQ73S6,4.333333333333333,3
B000KQ73RC,5.0,3
B000KNBIN0,5.0,3
B0056JEY1Q,4.666666666666667,3
B00564L6ZI,4.333333333333333,3
B0056JCI14,4.333333333333333,3
B00ARU1QVU,4.666666666666667,3
B005IVZ0HO,5.0,3
B003868FJQ,4.333333333333333,3
B000I9A43G,4.666666666666667,3
B00HLS4YLA,5.0,3
B000BRYOOU,4.666666666666667,3
B003OEF41O,4.333333333333333,3
B003ODZPP0,5.0,3
B00CBMAX2K,4.333333333333333,3
B00COQBNJA,5.0,3
B00CBM7P94,4.333333333333333,3
B00AFCPCL0,4.333333333333333,3
B00AFCPCMY,5.0,3
B0009EXO14,5.0,3
B0038FEMY4,5.0,3
B003O4HTRG,4.333333333333333,3
B0056GJAR2,4.0,3
B00C19UTHW,4.0,3
B00CBM6POU,4.0,3
B00I0GLRVC,5.0,3
B003ZVX2T2,4.0,3
B003ODAFE6,4.333333333333333,3
B00569PJBA,5.0,3
B00569TU60,4.0,3
B0056A0G8K,5.0,3
B000IAXTE6,5.0,3
B003OCWUT0,4.666666666666667,3
B000I9T8AQ,5.0,3
B00B1I3SA4,4.666666666666667,3
B0042OXBTC,4.666666666666667,3
B00AFCP63O,4.0,3
B003ZVYR9G,4.666666666666667,3
B00AFKOOSO,4.666666666666667,3
B003O4HYWG,5.0,3
B000KOI3KU,5.0,3
B00IPKH5ZK,5.0,3
B00566DO1A,5.0,3
B004YRC5JE,5.0,3
B00ARZ0TF4,4.666666666666667,3
B00AFCP9N6,4.0,3
B005J6TH2M,5.0,3
B0038BDEVU,4.0,3
B005J6MTB8,5.0,3
B003O4K2XE,5.0,3
B000AQI1YG,4.333333333333333,3
B005678KUY,5.0,3
B005678LY4,4.333333333333333,3
B003ZU45AI,4.666666666666667,3
B005IVZ4MU,4.666666666666667,3
B0037NDDK6,4.666666666666667,3
B00AFV4DVG,5.0,3
B0055RVPNO,5.0,3
B0055E67LC,4.666666666666667,3
B00B1FMUY2,4.666666666666667,3
B00HMRFH84,4.666666666666667,3
B000KHIHA8,5.0,3
B0057J4MKI,4.666666666666667,3
B004WJELA0,4.333333333333333,3
B00CNXQGJG,4.666666666666667,3
B00CC19LT6,4.0,3
B00IXY3DK4,5.0,3
B00ARASM4O,5.0,3
B003N9ZC2G,5.0,3
B003PVY7C8,5.0,3
B00AEXZFHG,5.0,3
B00CNY0HH2,4.333333333333333,3
B00AEY23QQ,5.0,3
B003NAAD7E,5.0,3
B000I4JFKO,5.0,3
B005JUVS7U,5.0,3
B00HMQY9DO,5.0,3
B00CPQJDO6,4.666666666666667,3
B003N9A3FC,5.0,3
B003ZWXJ9Y,4.666666666666667,3
B00377D2EE,4.333333333333333,3
B0042B9EIW,5.0,3
B003ZYVJ76,4.666666666666667,3
B00CPS080W,5.0,3
B0055DKRCI,4.0,3
B000BR95MG,4.0,3
B00AEVYKUG,5.0,3
B00099YVWK,4.0,3
B00CNWY7OS,5.0,3
B00377G1WO,5.0,3
B005IH4NCQ,4.0,3
B000C1VV7S,4.0,3
B00CPR0MTA,5.0,3
B005JVZGB8,5.0,3
B00377KWFQ,4.666666666666667,3
B0042SL5VE,4.666666666666667,3
B0055DVWU4,5.0,3
B000AXGXA8,5.0,3
B000KYNUUI,5.0,3
B000I4LMW8,5.0,3
B000ALIL0A,5.0,3
B0009F3V02,5.0,3
B00AFZJ0EC,4.666666666666667,3
B0039ZV9U8,5.0,3
B0042C6IVC,5.0,3
B005JRZKI6,4.666666666666667,3
B003PNOF82,5.0,3
B003PNAKPY,4.333333333333333,3
B003PN3HWC,5.0,3
B000ALIL6Y,4.666666666666667,3
B003NFJTC4,5.0,3
B003NFMSK4,5.0,3
B00AFZ9PFG,4.666666666666667,3
B005JRTENS,5.0,3
B0057FU3YG,5.0,3
B0009BH7YC,5.0,3
B005JRTEJW,4.0,3
B003NFV0OE,5.0,3
B00CPKHCIQ,4.666666666666667,3
B003ZYI4HE,4.666666666666667,3
B004WKH66K,4.0,3
B005JSF43Q,4.666666666666667,3
B00AEZ3HBK,5.0,3
B0037A8NTK,5.0,3
B0037AFANM,4.333333333333333,3
B003NAZ306,4.666666666666667,3
B0037AH7OM,4.666666666666667,3
B003A1LQV8,5.0,3
B003PSV20Q,4.0,3
B00ATDGE5S,5.0,3
B003ZYLMEQ,4.333333333333333,3
B004WK7ZWK,4.333333333333333,3
B000I4TXPQ,4.0,3
B000IG329W,4.333333333333333,3
B005IHEH18,4.0,3
B000GHYVZW,5.0,3
B000ALIE6G,4.666666666666667,3
B000KWTGL2,4.666666666666667,3
B000AV1DZK,5.0,3
B0037B2LSS,4.666666666666667,3
B000IFXC6Q,5.0,3
B003POKYC2,4.666666666666667,3
B00CBZNE8W,5.0,3
B004WPX38K,5.0,3
B003ZZHLTA,5.0,3
B00BVMN4ZO,5.0,3
B00HMUGUZ0,5.0,3
B004WGO1CQ,4.0,3
B00CPZ991O,5.0,3
B005K0A7LC,5.0,3
B003763JTS,4.666666666666667,3
B0057OQ7GK,4.333333333333333,3
B003N70CW8,5.0,3
B00B1O52PC,4.333333333333333,3
B00B1NOOY8,4.333333333333333,3
B000AYGEIS,4.0,3
B005IE8CQW,5.0,3
B003N70T94,4.666666666666667,3
B004YG6FGE,4.333333333333333,3
B003763O3E,5.0,3
B003Q5KDPI,4.0,3
B003N71XPI,4.666666666666667,3
B003ABNLCU,4.666666666666667,3
B003ZQCT32,5.0,3
B00HKRNHQ0,5.0,3
B003762TGM,5.0,3
B00CA83WRS,5.0,3
B00B1DRJOK,4.666666666666667,3
B0009HG2QK,4.666666666666667,3
B000II1D5U,5.0,3
B000AYJE2G,4.333333333333333,3
B003761RNS,5.0,3
B005IDVJPY,5.0,3
B00CQ1P1W8,4.0,3
B000IHVF8Q,4.666666666666667,3
B00B1O7CZK,4.666666666666667,3
B00IXYHBL6,4.666666666666667,3
B003Q9XG9E,4.0,3
B003Q91JTS,4.666666666666667,3
B004WQFKYE,5.0,3
B005K0M3AA,5.0,3
B00AEUFC86,4.0,3
B00AG8CS5G,4.666666666666667,3
B00AG684CE,4.333333333333333,3
B003764H9O,5.0,3
B00B1F0T90,5.0,3
B00AZ6B6QG,4.666666666666667,3
B00CPSVDNS,5.0,3
B004YWSD4U,5.0,3
B003766ZQ2,5.0,3
B0042B5PBW,5.0,3
B003768O9S,5.0,3
B003N8P17S,4.0,3
B003N8RA1S,4.0,3
B00376GZU8,4.666666666666667,3
B005JYPJDA,5.0,3
B0055DIKSG,4.0,3
B003N7408A,4.0,3
B005JYPGC4,5.0,3
B00IX2AI4A,5.0,3
B000KGVILY,5.0,3
B00376LH7O,4.666666666666667,3
B004WPY5SC,4.0,3
B00AEVN54I,4.666666666666667,3
B005IG513M,4.0,3
B005IG6XAM,4.333333333333333,3
B003N8WKTA,4.666666666666667,3
B0042SLU8M,5.0,3
B003Q32XH6,4.666666666666667,3
B00CC5SZGW,5.0,3
B000ALDKWE,4.333333333333333,3
B005IEJ62Q,5.0,3
B0055BMGGK,4.666666666666667,3
B000AY2JRI,4.0,3
B0055BO2X0,4.666666666666667,3
B000IHRVHU,4.0,3
B003764W44,4.666666666666667,3
B000KGITP2,4.333333333333333,3
B000KGJXRA,5.0,3
B00HKZ8ADM,5.0,3
B00ATEP7ZA,5.0,3
B00CC4EV3E,5.0,3
B0057OCQME,4.333333333333333,3
B0042B3QK4,5.0,3
B000I44I9C,4.0,3
B005JZ8BWA,4.0,3
B004WI6REY,4.0,3
B00AZ63362,5.0,3
B005IEJSOC,5.0,3
B00CPTNHLS,5.0,3
B0057OCBZQ,5.0,3
B0057FMEY8,5.0,3
B005JK3CQK,5.0,3
B005JK9SH2,5.0,3
B000ASB5M4,4.666666666666667,3
B005JK6GLI,5.0,3
B003ZX4EV0,4.333333333333333,3
B000GTBNEM,4.666666666666667,3
B004WP4U6Y,4.0,3
B00HMCOLE0,4.666666666666667,3
B003ZX46FE,5.0,3
B00571J7RO,4.333333333333333,3
B000IF3OQE,5.0,3
B0057169L6,4.666666666666667,3
B005JJCUR8,4.0,3
B005716A38,4.333333333333333,3
B00IX91RDO,4.333333333333333,3
B003P7NWJ6,4.0,3
B0055P2HNI,5.0,3
B00AF7M5BA,4.666666666666667,3
B003NQXU1Y,4.0,3
B00AZG2KYI,4.666666666666667,3
B000C1VU3S,5.0,3
B00IPXMKF2,5.0,3
B003PDSZEW,5.0,3
B0009DW740,4.666666666666667,3
B005764ZH6,4.666666666666667,3
B005764YK4,5.0,3
B003ZX6QTI,4.333333333333333,3
B0055LXTBG,4.666666666666667,3
B0055M5VB6,4.666666666666667,3
B003PD62YW,5.0,3
B005IMHEW2,4.0,3
B00AFY8RQK,5.0,3
B003ZX6Q4S,5.0,3
B0037MFILO,5.0,3
B000GHYVB6,5.0,3
B003PD0WLG,5.0,3
B005JKM0MC,4.0,3
B0055MJAAE,4.333333333333333,3
B0055NDLUI,4.666666666666667,3
B000KJPM1S,4.666666666666667,3
B004WP4YR4,5.0,3
B0055NEMGA,5.0,3
B0037MJ4FK,4.333333333333333,3
B003P73EH6,4.666666666666667,3
B0057696IE,4.0,3
B0039LTAPI,5.0,3
B004YTKKRQ,5.0,3
B0042GP08K,5.0,3
B00AFVIRPE,4.666666666666667,3
B005JH2ROG,4.0,3
B003NTLVTY,5.0,3
B005IQ3GKM,5.0,3
B00AFV4GZ4,5.0,3
B003NTQBFI,5.0,3
B0039O2ETO,5.0,3
B004WLJPCC,5.0,3
B00AFV4E9C,5.0,3
B000I6K1ZU,5.0,3
B00CAUZWKG,5.0,3
B003P4JKOU,4.333333333333333,3
B005IQ64T2,5.0,3
B0009EIMFW,5.0,3
B004YTGNFO,5.0,3
B00570JJDM,5.0,3
B0039MGVMC,4.666666666666667,3
B000AS45MQ,5.0,3
B0042GO5SQ,4.333333333333333,3
B005JJ4RKQ,4.333333333333333,3
B000KU91WS,4.333333333333333,3
B0009F3O5O,4.666666666666667,3
B0037MKGNE,4.333333333333333,3
B00AT5VUL4,4.666666666666667,3
B004YKDA8G,4.666666666666667,3
B0055PAO2E,4.666666666666667,3
B003ZS8ML8,5.0,3
B00AT3CM3G,5.0,3
B004WP46J0,5.0,3
B000IES1EU,4.0,3
B003P6E58Y,4.333333333333333,3
B003NSG3XO,5.0,3
B00HU7JMO6,5.0,3
B0042GLBYC,4.0,3
B003P6AZU6,5.0,3
B00AFWZ2X8,4.0,3
B0039MH4IC,4.666666666666667,3
B00ARH8PRQ,5.0,3
B00CBYBSRM,5.0,3
B005JIXI5C,5.0,3
B0055LAPJK,4.333333333333333,3
B000I5FOGW,4.666666666666667,3
B00579L43G,4.333333333333333,3
B000AU25DU,5.0,3
B000GT0USM,4.666666666666667,3
B00BVPA9W2,5.0,3
B003NK0MIY,4.0,3
B0039UTUJ0,4.0,3
B00CAKA7LK,4.666666666666667,3
B00HMIOVQW,4.666666666666667,3
B0037I6V5K,4.666666666666667,3
B00ARBSQ7Q,5.0,3
B000GHWUIM,5.0,3
B003NKRG06,4.333333333333333,3
B005797LP6,4.0,3
B00ARBTXGY,5.0,3
B0055KA406,5.0,3
B00ATA7D2O,5.0,3
B003PGZZ8I,5.0,3
B0055KJDI0,5.0,3
B00ATARIAG,4.666666666666667,3
B000GSZMYA,5.0,3
B003PJNO1K,5.0,3
B00CO2BJVG,5.0,3
B000KI5L2E,5.0,3
B0009BH88M,4.666666666666667,3
B000I5ITOG,4.666666666666667,3
B004WKOPLY,4.333333333333333,3
B00ARBOGCA,5.0,3
B000C1UFQQ,5.0,3
B00CO0A2E8,5.0,3
B003ZYI1L8,4.0,3
B00ILGUN4I,5.0,3
B0039W0C5O,5.0,3
B000KI9CH4,5.0,3
B0009BZ3TI,4.0,3
B0039VTLHA,4.0,3
B00IK80G6C,4.666666666666667,3
B003NGAQ9I,5.0,3
B003ZS2UCU,4.333333333333333,3
B0009DSOCE,4.666666666666667,3
B004WPGWVA,4.666666666666667,3
B0057DD95S,5.0,3
B003NH03JK,5.0,3
B00IXTPROO,5.0,3
B000IF5NOA,5.0,3
B0039QY3UK,4.333333333333333,3
B00CPI6ZFO,5.0,3
B0039TFEEQ,5.0,3
B000GTB2R0,4.0,3
B00IX8HMAC,5.0,3
B003NOFLEU,4.666666666666667,3
B00CPHXCQA,5.0,3
B0042SFVAK,5.0,3
B0039ROZPM,5.0,3
B0037LOFJQ,4.0,3
B004YIQUJY,4.333333333333333,3
B003PG5WXG,4.666666666666667,3
B000C1VSO4,4.666666666666667,3
B005JNNFA0,4.666666666666667,3
B00CBYFSAU,4.333333333333333,3
B005JNKXF0,4.666666666666667,3
B00BVRSPOY,5.0,3
B005IMHDNC,5.0,3
B0037M6UWK,5.0,3
B0037M6Z16,5.0,3
B0039TI2L8,5.0,3
B0037LKQ12,5.0,3
B005JNVW1O,5.0,3
B0042SG262,5.0,3
B0039URXT4,5.0,3
B000BRBYFW,5.0,3
B003PGLDTI,5.0,3
B004YHTF7E,5.0,3
B0055KOC5Y,4.333333333333333,3
B0039UL96W,4.666666666666667,3
B00HUT66VQ,4.666666666666667,3
B003ZYCPR4,5.0,3
B004WPDPPG,5.0,3
B00577446C,4.0,3
B00AF221KK,4.333333333333333,3
B003PGH2AC,4.333333333333333,3
B0037LKACM,4.333333333333333,3
B0037LKGT4,4.0,3
B0039UEB1C,5.0,3
B00B1GPEPI,4.333333333333333,3
B000GTAS4I,4.666666666666667,3
B005JNVW1Y,4.666666666666667,3
B005LILGSG,5.0,3
B003BGMAP8,4.666666666666667,3
B00AKH5HOM,5.0,3
B0052ESNVC,4.666666666666667,3
B0033YKBZO,4.333333333333333,3
B0033YV2O8,4.0,3
B000GHFUWA,4.666666666666667,3
B003D1LAC0,4.333333333333333,3
B005AUFBZE,5.0,3
B003UM8Y1W,4.333333333333333,3
B005N2YP2E,5.0,3
B005N2XW1Y,4.333333333333333,3
B0041TA61Y,4.666666666666667,3
B00ABXYLPG,4.333333333333333,3
B003D1EE0K,4.333333333333333,3
B0052F34KQ,4.666666666666667,3
B0007XMGQ6,4.0,3
B003D159OK,4.333333333333333,3
B003D0SIEE,5.0,3
B00CJYW3O6,5.0,3
B000C1VZRO,4.666666666666667,3
B00AVXTIHW,4.333333333333333,3
B005ASPZOI,4.0,3
B00CJWSD7E,4.666666666666667,3
B00346WEXS,4.333333333333333,3
B003YUWD1M,5.0,3
B005N77W0Q,4.666666666666667,3
B003D20RAU,5.0,3
B003JMWR2K,5.0,3
B00AZNH76C,5.0,3
B0052ELVJI,4.666666666666667,3
B003D1WQXC,5.0,3
B00AZNGR4K,4.333333333333333,3
B003D1U2U6,5.0,3
B0052EM3M2,5.0,3
B003JMYDL8,4.666666666666667,3
B0033YEN58,5.0,3
B0052EM6DS,5.0,3
B00AJKH5B8,4.0,3
B003UMUR44,4.0,3
B00HOD8HFG,5.0,3
B003JMYGQ0,4.666666666666667,3
B00CJWACX2,4.666666666666667,3
B003D1RU06,5.0,3
B003UMLO3C,4.333333333333333,3
B005N19J3A,5.0,3
B003JN0NX4,5.0,3
B003CYKOAC,4.0,3
B003UIY9OM,4.666666666666667,3
B00344DHWM,4.666666666666667,3
B004W1RQGY,5.0,3
B005AOOH1E,4.0,3
B00AP9V6O0,4.333333333333333,3
B00345XI70,4.0,3
B0007XQ90A,5.0,3
B003CYKOBG,4.666666666666667,3
B000BBF2K6,5.0,3
B000A6HMGE,4.333333333333333,3
B003UM1O5U,5.0,3
B003YUY09K,5.0,3
B005MZPXGE,4.666666666666667,3
B004X8GF7M,5.0,3
B005G39GXI,4.333333333333333,3
B003YUYIYM,5.0,3
B003UI5BLW,4.0,3
B0052GSX10,4.0,3
B0052GUS9A,4.666666666666667,3
B000A67FGQ,4.333333333333333,3
B003CYKP3S,4.666666666666667,3
B0007XMK12,4.0,3
B0052FU66Q,5.0,3
B005G01J4K,4.666666666666667,3
B00AP8DO7I,5.0,3
B000LRKMDC,4.0,3
B00340WYXO,4.0,3
B000LRJYW2,5.0,3
B0052FW4FM,4.0,3
B0052FXF3M,5.0,3
B003CZ3WDM,4.0,3
B00ABYXM64,5.0,3
B00341FV5G,4.333333333333333,3
B003CZ236O,4.333333333333333,3
B000BBGS22,4.333333333333333,3
B00341U9AS,4.666666666666667,3
B00AJHBPO4,4.666666666666667,3
B000GI3TTK,5.0,3
B003425GPK,4.333333333333333,3
B003JN0WLW,4.0,3
B00HI2CCY0,5.0,3
B0009OMXDO,4.666666666666667,3
B000BBF4KE,4.666666666666667,3
B003CYKP4W,4.0,3
B00AVYINYK,4.333333333333333,3
B00HWGX4G2,4.333333333333333,3
B0040T6PTM,4.666666666666667,3
B005AYIPP8,5.0,3
B000LSG2B2,5.0,3
B00CEKJ8NY,5.0,3
B00BUNIDJ6,4.333333333333333,3
B005NBMM20,5.0,3
B005NBG1S6,4.0,3
B003URCRFQ,4.333333333333333,3
B004X8HQKM,4.666666666666667,3
B00AW0ES88,5.0,3
B0052BKIAY,5.0,3
B0040T656A,5.0,3
B000LSBZTQ,4.666666666666667,3
B003JLZ48A,5.0,3
B00HWIX0P0,4.666666666666667,3
B0033RA2AK,5.0,3
B00AZNIOTG,4.666666666666667,3
B003D7LDEY,4.666666666666667,3
B005AZ4NFI,4.333333333333333,3
B003D7LJFM,4.666666666666667,3
B00AJRKDXS,4.666666666666667,3
B000GI3TYA,4.666666666666667,3
B0033I9OSK,5.0,3
B00CJPASPG,5.0,3
B0043MJQ1A,4.333333333333333,3
B0009Q4UX8,5.0,3
B00CEL9UYK,5.0,3
B00CUIMBC0,4.0,3
B003USB576,4.666666666666667,3
B00C2CZSKG,5.0,3
B005AZGKOA,4.333333333333333,3
B005AZ9VU0,5.0,3
B004X8HZSU,5.0,3
B003D7TGCU,5.0,3
B003URMJS6,4.0,3
B00AJRV1BQ,4.666666666666667,3
B0043MJ700,4.333333333333333,3
B00IJZJ4HI,5.0,3
B00C7A1UGE,4.333333333333333,3
B000HBOJZ4,4.666666666666667,3
B00HHZOA3Y,4.0,3
B0040TBEKC,4.333333333333333,3
B005NCCOO0,4.666666666666667,3
B0007X74FE,5.0,3
B000IZ1BUK,4.666666666666667,3
B005N8WBGA,4.666666666666667,3
B000A4YDNQ,5.0,3
B005N9D9OW,5.0,3
B000IY0Z8U,4.666666666666667,3
B004XYZBG2,4.666666666666667,3
B005N9BJA8,5.0,3
B004XZA0YO,5.0,3
B0007XDK3O,5.0,3
B000JWTYR4,4.0,3
B003D2XK2C,4.0,3
B005FXNBXA,4.666666666666667,3
B0033RDFYK,4.333333333333333,3
B0052EDN9E,4.666666666666667,3
B003UNXSO4,5.0,3
B003UNV10M,4.333333333333333,3
B003YUW5PQ,5.0,3
B003YUW6CI,4.666666666666667,3
B0033VP288,4.0,3
B003UNSP5Q,4.666666666666667,3
B005FXXZ18,4.0,3
B0052EF7IO,5.0,3
B004ZH2JNA,4.666666666666667,3
B0033TU6OK,4.666666666666667,3
B005FWWJAM,4.0,3
B0033TLQO4,5.0,3
B0052D9J02,5.0,3
B004XXPJWO,5.0,3
B004X8HN46,5.0,3
B00AJMBK8U,4.666666666666667,3
B000LSBZBY,4.333333333333333,3
B00HSDHW2G,4.0,3
B005NAPDJK,4.666666666666667,3
B0052EB8EQ,4.666666666666667,3
B0033RRQ2W,4.0,3
B0052EBMX8,5.0,3
B0040SPVI4,4.666666666666667,3
B0033SGEME,5.0,3
B005FWSAWS,4.333333333333333,3
B00CEKAEF0,4.666666666666667,3
B0007X74PO,5.0,3
B003UOVWWS,4.666666666666667,3
B000BWI7U2,4.666666666666667,3
B003CYBDZC,4.0,3
B003JN2S1O,4.333333333333333,3
B0009Q6518,4.333333333333333,3
B004W1XNZ2,5.0,3
B0009OD9EG,5.0,3
B0040P9S7C,5.0,3
B000B9V3O2,5.0,3
B00IO24598,5.0,3
B0034EA5RM,5.0,3
B003UBGF1O,4.666666666666667,3
B000IUQ8HG,4.666666666666667,3
B003CJL1A4,5.0,3
B0034EA5V8,4.0,3
B000GI3TOA,4.666666666666667,3
B00AC4PO14,4.333333333333333,3
B0034EAMI4,4.666666666666667,3
B005MW8CSS,4.333333333333333,3
B003CJCNZG,4.0,3
B000LQIS4I,5.0,3
B00HNZCY9K,5.0,3
B004W1XS70,5.0,3
B000LQHIGC,4.666666666666667,3
B000LQHFYW,5.0,3
B0034FBL3I,5.0,3
B000LQHDW6,4.333333333333333,3
B0034FXUW8,5.0,3
B00AJ0DHP6,4.333333333333333,3
B0052P1JTY,4.333333333333333,3
B00CTN8C7Y,4.666666666666667,3
B0040PB1R2,5.0,3
B003JN7KKS,4.333333333333333,3
B003UCNKQQ,4.0,3
B0007Y1S6E,5.0,3
B000JYZYTY,5.0,3
B003CO9KDY,5.0,3
B005AIH9A6,4.666666666666667,3
B005AID21Q,5.0,3
B005MX848K,5.0,3
B005AICZDW,5.0,3
B0052P0FWQ,4.666666666666667,3
B005G66XD6,5.0,3
B0052P0GBQ,5.0,3
B005MX3520,4.666666666666667,3
B003JN7LZM,5.0,3
B000B9W4HC,4.333333333333333,3
B000H23RI8,4.666666666666667,3
B0041TFKVA,4.666666666666667,3
B000GL8WWG,4.666666666666667,3
B005MWYBL0,5.0,3
B005MWWW48,5.0,3
B003JN7NW8,5.0,3
B0041TFUWE,4.333333333333333,3
B00HIC6IRM,5.0,3
B000B9WEMM,4.333333333333333,3
B003JNIG1U,4.666666666666667,3
B003UAZA0M,5.0,3
B003CJ0TTI,4.333333333333333,3
B0034JSZG0,5.0,3
B000A7I8B6,4.666666666666667,3
B00C7OJQVQ,4.0,3
B004W1YXMO,4.0,3
B0034JXQ1O,5.0,3
B0034JZ89M,5.0,3
B0052PHMNQ,5.0,3
B000HH13W0,4.0,3
B0034K32S0,5.0,3
B000A7MFWY,4.666666666666667,3
B005AA041A,5.0,3
B000A7MFX8,4.333333333333333,3
B000C1VYX4,4.0,3
B005MSAYNS,4.333333333333333,3
B0052QBOQQ,4.0,3
B00AVUDVY6,4.666666666666667,3
B0040NI23K,4.0,3
B00CDZG59K,5.0,3
B0034JQTJK,4.666666666666667,3
B003JO6F44,4.333333333333333,3
B003JO4I48,4.0,3
B005MTX9L6,5.0,3
B005MTVZ5I,4.333333333333333,3
B003JNR4VI,5.0,3
B000IU1J8Y,4.333333333333333,3
B003JNZXJ8,5.0,3
B003UA6YHK,4.666666666666667,3
B00BUS7URW,5.0,3
B004ZE7ONI,5.0,3
B003JO0RFM,4.666666666666667,3
B004ZDTSLA,4.666666666666667,3
B00CKQY08A,4.0,3
B00BZY1FTU,4.333333333333333,3
B005MT6XZK,4.333333333333333,3
B004Y0URCI,5.0,3
B003YWPTHA,4.0,3
B005MT6K7G,5.0,3
B00AC6HOEW,5.0,3
B005G981ZG,4.0,3
B003JO2O9O,4.666666666666667,3
B0052P6MBO,5.0,3
B00C7OIQK8,4.333333333333333,3
B003JO4I1Q,5.0,3
B003JN4P4C,4.0,3
B000LRFX54,5.0,3
B00BUQVLPQ,4.0,3
B003CSYTUE,4.0,3
B003JN4UUG,4.333333333333333,3
B003UH5PBO,4.666666666666667,3
B003YV2P6O,4.0,3
B003YV2PFU,4.0,3
B00HZR9070,5.0,3
B000GI3TPO,4.0,3
B005AKK5R8,5.0,3
B00348KPZ0,4.666666666666667,3
B000JYYWYM,5.0,3
B003CSPTOY,5.0,3
B00HIA3GY2,4.333333333333333,3
B0034ANA0A,4.333333333333333,3
B00CTSAZXS,5.0,3
B00HIA3H1E,5.0,3
B000HGFF70,4.666666666666667,3
B003CTC5HM,5.0,3
B003CTG0W8,4.0,3
B003JN2TSQ,4.0,3
B003UI1XVO,5.0,3
B003UI0UCM,5.0,3
B005MZKN00,4.333333333333333,3
B0007XSMSM,4.666666666666667,3
B0041TDAH6,4.666666666666667,3
B00B0ZIQNM,5.0,3
B005G4134W,4.0,3
B00HSFAHT4,5.0,3
B000HFIPBE,4.0,3
B000GI3TRC,5.0,3
B000LRG6V4,4.0,3
B00HWFTQ0Q,5.0,3
B00HWFRCLG,4.333333333333333,3
B003CULZFY,5.0,3
B000GI3TQI,5.0,3
B0052JMPWK,4.333333333333333,3
B005MZDOKQ,4.333333333333333,3
B000LRFZ0M,5.0,3
B005G47QVQ,4.666666666666667,3
B003YUZ0X0,5.0,3
B003JN5Y5G,5.0,3
B005MZ1ADE,4.333333333333333,3
B005G5PVU8,5.0,3
B005G51800,5.0,3
B005G4SA20,5.0,3
B0034DJ5K6,5.0,3
B0052OSYLG,4.666666666666667,3
B000GI3TOU,5.0,3
B00BUR1Z0G,5.0,3
B005G4XXF4,4.333333333333333,3
B003YVTNMS,4.333333333333333,3
B00HWFBYUG,5.0,3
B003CRL4DA,5.0,3
B0007XY6ZA,4.666666666666667,3
B005MXBVVM,5.0,3
B005MXAVHM,4.0,3
B003CPYT9I,4.0,3
B0034E12MO,5.0,3
B003CPK442,4.666666666666667,3
B00CTQ6X3G,4.0,3
B005MXASM0,4.333333333333333,3
B0040PJGIS,5.0,3
B000LQOA40,4.333333333333333,3
B003JN6EAU,5.0,3
B005MXDXY0,4.666666666666667,3
B00AC2QC62,4.333333333333333,3
B000IWUIPC,5.0,3
B003CR8MDA,5.0,3
B003UH1U0E,4.333333333333333,3
B00BX9GLEQ,5.0,3
B00CTS9A34,5.0,3
B00BZWUHBO,4.333333333333333,3
B003JN68F6,5.0,3
B003UGEE80,4.666666666666667,3
B000BAWMUA,4.666666666666667,3
B005G4I8PO,4.0,3
B00INY24M2,4.666666666666667,3
B003JN69QE,5.0,3
B005G4PN6G,4.333333333333333,3
B0052NEXQW,4.666666666666667,3
B003CR2V8C,4.0,3
B00AYKFFC4,4.333333333333333,3
B00CKBM8ZM,4.333333333333333,3
B00C7HFAOA,4.666666666666667,3
B003UFLNNA,4.333333333333333,3
B0034DAU6O,5.0,3
B003JN6AZY,4.666666666666667,3
B004Y0GXZ8,4.0,3
B00BZOFVU4,4.0,3
B00CMC3IM6,4.0,3
B00CEYYAMO,4.666666666666667,3
B0032O7VOE,4.333333333333333,3
B005NSFQ1C,4.0,3
B0041R14OE,5.0,3
B00CJA0HZC,4.333333333333333,3
B000A3XGXK,4.666666666666667,3
B000C1W17M,5.0,3
B00CEY4PCY,4.666666666666667,3
B0032N5BSS,5.0,3
B003V5LNWK,4.0,3
B00C2EVHBS,5.0,3
B00CEXE81I,4.333333333333333,3
B003JCDCQU,4.333333333333333,3
B000H8IBRY,4.333333333333333,3
B000BD97KU,5.0,3
B0009R14TA,5.0,3
B003V5CQ0I,4.666666666666667,3
B004X8KZL4,4.333333333333333,3
B000LW1UBU,4.333333333333333,3
B00BZHQQGE,4.0,3
B00AK7JMIO,4.0,3
B003YQ1MP4,5.0,3
B0052083Y8,4.666666666666667,3
B00AZP0ILG,4.666666666666667,3
B0032K3WC8,5.0,3
B003V8097M,4.333333333333333,3
B0032K58J8,5.0,3
B0032K5HSU,4.666666666666667,3
B00AOJINM4,4.0,3
B004VYG0AK,5.0,3
B00C6O2VWI,5.0,3
B000JSN2S0,5.0,3
B000H8DVI8,4.666666666666667,3
B0007W0BDW,5.0,3
B00BZI5EUC,4.333333333333333,3
B003DSZ10A,4.333333333333333,3
B00AOJQ0S8,5.0,3
B000H8DW4Q,4.333333333333333,3
B005FH2JCA,4.666666666666667,3
B00CJBE52W,5.0,3
B00520IVO0,4.666666666666667,3
B005NNA11W,5.0,3
B00CJC7A1O,4.666666666666667,3
B00CETMJA4,4.666666666666667,3
B005FLCYTY,4.333333333333333,3
B005NOPPZ8,5.0,3
B00AK3G82Q,4.666666666666667,3
B000J0DP6M,5.0,3
B0041RFT7M,5.0,3
B00CV9SBPY,4.666666666666667,3
B004VYZPDS,5.0,3
B005BKQEJA,4.666666666666667,3
B00CV9I4FQ,4.0,3
B003YQN9K0,5.0,3
B000JVA7SK,5.0,3
B005BKQDSM,5.0,3
B003JCOEGC,5.0,3
B005238A0C,4.0,3
B00HWNX38Y,5.0,3
B000J03MOW,5.0,3
B0032T6P3C,5.0,3
B003YT0EDM,4.0,3
B0032T8PM6,4.666666666666667,3
B005239KHO,4.666666666666667,3
B000C1W14A,4.0,3
B00BZLXYZ6,4.0,3
B003DQ5LKC,4.666666666666667,3
B0043OQ2P6,4.666666666666667,3
B003JCLPI2,5.0,3
B005235HEO,5.0,3
B00B27FJV0,4.0,3
B000A3XH9S,4.333333333333333,3
B003JCHCFC,5.0,3
B004X8KXUC,5.0,3
B005BPCDHM,4.333333333333333,3
B00CJBR8BC,4.0,3
B003YQVZL0,4.333333333333333,3
B00AK4037G,4.666666666666667,3
B0009R0Y78,5.0,3
B000A3XHFW,4.666666666666667,3
B003JCK646,5.0,3
B0032QQCTW,5.0,3
B000LVTH8O,4.666666666666667,3
B003YRYZOI,5.0,3
B00IS36NRK,5.0,3
B00HWO8RKC,5.0,3
B003JCL99W,4.333333333333333,3
B005BLDY5G,4.666666666666667,3
B005BL7NQ2,5.0,3
B005BRQYMA,4.333333333333333,3
B000JSAC8I,5.0,3
B003DVTTCS,4.666666666666667,3
B0051VZ3HI,5.0,3
B003VDBOS0,4.333333333333333,3
B005NZKW6E,5.0,3
B003E0HVBE,4.333333333333333,3
B00CVU4CA6,4.333333333333333,3
B0051WAE12,5.0,3
B00AOBOEBG,4.333333333333333,3
B00AKFFW3A,5.0,3
B00AZQNR5E,5.0,3
B0040WADOW,4.333333333333333,3
B000J10IMU,4.333333333333333,3
B003E01B4M,4.333333333333333,3
B003DZZZEK,5.0,3
B004VY1G54,4.333333333333333,3
B003JA0DF0,5.0,3
B003JA3KAK,4.666666666666667,3
B000A3V2NQ,5.0,3
B00AKFRVC0,5.0,3
B003E0VQV0,4.666666666666667,3
B0041QM278,4.0,3
B005BW1WKE,4.666666666666667,3
B005FCFUAS,5.0,3
B00AYGUNR0,4.666666666666667,3
B00B0XFYAW,5.0,3
B00CJ0Z2XE,5.0,3
B00INCHBOK,5.0,3
B0032ET0IY,5.0,3
B003E0VKYI,5.0,3
B003E0VKUM,5.0,3
B003J8676Q,4.666666666666667,3
B003J87PRQ,4.666666666666667,3
B0032ET4XA,5.0,3
B0041QM7AK,4.0,3
B00AOA7CKM,4.666666666666667,3
B003J8J510,4.666666666666667,3
B003VDCK2E,4.666666666666667,3
B0009R34L6,4.666666666666667,3
B005NZLFQA,5.0,3
B00AOAH6D0,5.0,3
B00AWE8JXO,4.666666666666667,3
B00IZL8XSM,4.666666666666667,3
B004ZMT09G,4.333333333333333,3
B000J10IDE,4.666666666666667,3
B00AWDX2MS,5.0,3
B00HHI91KS,5.0,3
B00CF2P7AY,5.0,3
B00AZPH7NS,4.333333333333333,3
B0041QVZDA,4.333333333333333,3
B000H8C8IC,4.0,3
B0043P7YRK,4.333333333333333,3
B00B0XFZOM,5.0,3
B0041QWH7I,4.0,3
B003DWAQGK,5.0,3
B005FGKM02,5.0,3
B003V9GHSG,5.0,3
B005BSSOGI,4.333333333333333,3
B003V90O8A,5.0,3
B00CVLNAUI,4.333333333333333,3
B003DXNI50,4.333333333333333,3
B0032GV9HW,4.0,3
B0051WWG5E,4.333333333333333,3
B00CJ3AAP6,5.0,3
B0032GXI80,4.333333333333333,3
B00IS8LNW0,4.0,3
B0032GYQFO,5.0,3
B0032GZ59A,4.0,3
B000H30EGU,5.0,3
B00CF35T2E,5.0,3
B0041QVYHM,4.333333333333333,3
B005NZFXYU,5.0,3
B0032H2KNI,5.0,3
B0051WYHVU,5.0,3
B00HHHCXLS,4.666666666666667,3
B004VY7A7M,5.0,3
B0032H622I,4.0,3
B003JAXGRM,4.666666666666667,3
B0043QZSOK,4.666666666666667,3
B005FFUVUE,5.0,3
B00AWE2ZN4,5.0,3
B003JCP1XM,5.0,3
B0033HHJGA,5.0,3
B00527LN84,4.333333333333333,3
B005FQ8TYS,4.0,3
B000BCGPHO,5.0,3
B00AJVUZQ4,5.0,3
B00337KA0W,4.333333333333333,3
B00HWMBJLS,4.0,3
B0040U9SCW,4.666666666666667,3
B00CEOWKYE,4.333333333333333,3
B00527TAQQ,5.0,3
B00527TUY8,4.333333333333333,3
B000GI3U5S,5.0,3
B004W0738Q,4.333333333333333,3
B00337VIT4,5.0,3
B005NIMYAI,4.666666666666667,3
B003JK828U,5.0,3
B003YURM18,4.666666666666667,3
B003JK89WO,4.333333333333333,3
B003USM0RU,5.0,3
B005FQRFHA,4.666666666666667,3
B003USK2E8,5.0,3
B005FRC6BO,5.0,3
B003DDBD6Q,4.333333333333333,3
B003DHK9Q2,4.333333333333333,3
B000A3XHZW,5.0,3
B005NIT7A8,5.0,3
B000BCIKIQ,5.0,3
B004ZIFKQ2,4.0,3
B003JJ3BUA,5.0,3
B005NIT1CC,4.333333333333333,3
B00526RL68,5.0,3
B003DIYF9S,4.666666666666667,3
B003DIXUGM,4.333333333333333,3
B00ABKRWNM,4.0,3
B005270AF6,5.0,3
B00C774D2A,5.0,3
B000HAX0SW,4.0,3
B004W03H9U,4.666666666666667,3
B00HOQDKG4,4.333333333333333,3
B00CJH1NG2,5.0,3
B0041T79W8,4.666666666666667,3
B003JKBL60,4.0,3
B003DD8PEE,4.666666666666667,3
B00ABP1WSS,4.0,3
B0033CFC4G,5.0,3
B000BCDIAQ,4.666666666666667,3
B00529QQ20,5.0,3
B005NE6S3G,4.666666666666667,3
B003USEDRA,4.0,3
B005NE09I6,4.666666666666667,3
B00BUK2LRY,5.0,3
B005AZMTB8,5.0,3
B0052AACBU,4.0,3
B0033E2OCC,5.0,3
B0043MM3ZG,5.0,3
B003D8ZKV0,4.666666666666667,3
B00AJSZ472,5.0,3
B0033FIYSY,4.666666666666667,3
B0052ADN9I,4.333333333333333,3
B003JKHP5G,5.0,3
B00IJZIIVG,5.0,3
B005NEUY3Q,4.666666666666667,3
B00AP20Y2M,4.0,3
B0040TRP50,4.666666666666667,3
B004XWLOK6,4.0,3
B00CENE0XE,5.0,3
B00CENCFJA,4.666666666666667,3
B000HB003E,5.0,3
B003USIHJK,4.666666666666667,3
B0041T7IPG,5.0,3
B004X8IKDY,4.333333333333333,3
B005FSEPJO,5.0,3
B003JKCQEG,4.333333333333333,3
B0052932MC,5.0,3
B00AW1B3X0,4.666666666666667,3
B00CEMFYV2,4.666666666666667,3
B000HBIMV6,4.666666666666667,3
B005NFHTYC,4.0,3
B0033BDFEQ,5.0,3
B0041T6KFU,4.666666666666667,3
B003YTX0T2,5.0,3
B005BBOKOA,4.333333333333333,3
B003UZZ4OE,5.0,3
B00CV7E7BS,4.666666666666667,3
B0032YMS7Y,4.333333333333333,3
B005NKLRSQ,5.0,3
B003DKYRH6,4.666666666666667,3
B003JEE50A,4.666666666666667,3
B003JEE6F4,5.0,3
B00C73UNCI,4.666666666666667,3
B0043NYODO,5.0,3
B0032ZH7Q0,4.0,3
B003UZ4KAS,4.333333333333333,3
B00C757V7Q,4.666666666666667,3
B005NJRHKY,5.0,3
B00525Z0AI,4.666666666666667,3
B00AJZ556K,4.333333333333333,3
B004X8KD66,4.0,3
B003JEC39K,4.666666666666667,3
B003DL2HD6,4.333333333333333,3
B003JCQU46,5.0,3
B005BJ4SA8,4.0,3
B00IRUSAPM,5.0,3
B003JCRA3G,4.0,3
B00C72KF7M,4.0,3
B0032VJBRC,5.0,3
B005239WBI,4.0,3
B003V12CLA,4.0,3
B003V129K4,5.0,3
B004XW4C32,4.666666666666667,3
B003JCUOG6,4.666666666666667,3
B000IZYI0A,5.0,3
B005NKS6NK,4.666666666666667,3
B0032W8R9O,4.666666666666667,3
B003JD0I6Q,5.0,3
B003JD3KW0,4.666666666666667,3
B00AJZP880,4.666666666666667,3
B003DL2QEQ,5.0,3
B0032XP9SA,5.0,3
B00C72ZKGS,4.666666666666667,3
B003UZ1DEY,4.666666666666667,3
B003DKCCKK,4.666666666666667,3
B0040UO5OI,5.0,3
B003JH7HH0,5.0,3
B0040UOO9E,5.0,3
B003UXZNJW,4.333333333333333,3
B0043MYVYC,5.0,3
B0033272N0,4.0,3
B000JVVXCE,4.0,3
B003UXIFS8,4.0,3
B00525ZS32,4.666666666666667,3
B003YTQ3HI,4.0,3
B005BESO12,4.0,3
B00332QJP2,5.0,3
B00C75KY98,4.666666666666667,3
B00HWNC0GU,5.0,3
B003337IEW,5.0,3
B00C75KY9I,4.666666666666667,3
B0009QZXXE,4.666666666666667,3
B003UVZDB2,4.0,3
B00C75KZPQ,4.666666666666667,3
B00CEOXK3O,5.0,3
B003DKF202,4.333333333333333,3
B00333E9G2,5.0,3
B00333E9VM,5.0,3
B00333UXHQ,5.0,3
B005BF5856,4.666666666666667,3
B005NIUBSU,4.666666666666667,3
B00525ZH6A,5.0,3
B00C75KS3U,4.0,3
B00IKC0WQM,4.0,3
B005BH54HQ,4.0,3
B003DKRG8S,4.666666666666667,3
B000GI3UBW,4.333333333333333,3
B00525Z4D6,4.0,3
B005BH0QIS,4.666666666666667,3
B00525ZGD4,5.0,3
B00525ZGJS,5.0,3
B003DKQCDS,4.666666666666667,3
B000A3ZMKK,5.0,3
B005NJ4XJW,4.333333333333333,3
B000IZO3O6,5.0,3
B005FNOME2,5.0,3
B003UYLIPE,5.0,3
B005FNOYBS,4.333333333333333,3
B003JFER9S,5.0,3
B00525ZH2O,4.0,3
B0034KACTC,5.0,3
B000XEHXR6,4.0,3
B000LG8Y8I,4.666666666666667,3
B0058X0JBO,5.0,3
B003TJ6JZ4,4.666666666666667,3
B00C8AH6YS,4.666666666666667,3
B0042179JS,4.0,3
B0053JQCRS,4.0,3
B005GXQM1M,4.0,3
B00ADCWUV2,5.0,3
B000AAAWS0,4.333333333333333,3
B00AQ24DGE,5.0,3
B000B8WYF0,4.666666666666667,3
B003KUOJKO,4.666666666666667,3
B0035V1JTW,4.666666666666667,3
B0035V2RGQ,5.0,3
B00AUKQ5K4,5.0,3
B003Z7ZB86,4.333333333333333,3
B00IVGPOFQ,4.0,3
B003BONZD6,4.666666666666667,3
B003KV5VNW,4.333333333333333,3
B0035U751E,5.0,3
B003BQFKAU,5.0,3
B00CRTBQU0,5.0,3
B005GWUYYO,5.0,3
B004W4HHIS,5.0,3
B005GWRUBY,5.0,3
B00CDD0912,5.0,3
B000HLCIUW,4.333333333333333,3
B005LY2GJ8,4.0,3
B003BQJ4SE,4.333333333333333,3
B003KSCP0W,5.0,3
B00BV2AWL8,4.333333333333333,3
B0058YJVNK,4.666666666666667,3
B0040E2Q8G,4.333333333333333,3
B005GWUB8I,4.333333333333333,3
B00ADBTM5U,4.333333333333333,3
B00AHUDP46,4.333333333333333,3
B0053I5GDU,4.666666666666667,3
B0058YAFOO,5.0,3
B000HLCL0E,5.0,3
B004X2NWQU,4.666666666666667,3
B00AHUZMB0,5.0,3
B005GX1MXA,5.0,3
B00AQ1XCSK,5.0,3
B005GX1NBG,4.333333333333333,3
B004Z3JMK2,5.0,3
B0035U1HYU,4.666666666666667,3
B005GX1NIY,5.0,3
B00AUK2ZBM,5.0,3
B005GYMI96,5.0,3
B0058WEQBO,4.666666666666667,3
B004W50SMO,4.666666666666667,3
B00CLVTPHA,5.0,3
B000IOHOWU,4.0,3
B005LU5GXU,4.0,3
B00BV2AXY4,4.0,3
B003KWP5BO,5.0,3
B00CRW06BC,5.0,3
B00CLW2AQW,4.666666666666667,3
B00CLW2B3Y,5.0,3
B0035YDHXK,5.0,3
B00AUIKDTA,4.333333333333333,3
B000IOHOPW,5.0,3
B00AHP2I08,5.0,3
B003TH1MTY,4.333333333333333,3
B00CLWLC3Y,5.0,3
B005LSQKLO,5.0,3
B005H3DXW2,5.0,3
B005LSOJ44,4.0,3
B00AHOWC4Q,4.666666666666667,3
B0040C814G,4.0,3
B0035ZPXH2,4.666666666666667,3
B003KX3BPK,5.0,3
B00C0CN5EY,5.0,3
B003BOIH16,5.0,3
B00CDA5FLO,4.0,3
B000K5E87G,4.666666666666667,3
B00BWW17JS,4.666666666666667,3
B003KW19FA,4.333333333333333,3
B0035VXGPC,5.0,3
B00B1WQ582,4.333333333333333,3
B00AUK1XEW,4.333333333333333,3
B000K4YG74,5.0,3
B003BOM1UY,5.0,3
B003KW4Q4Q,5.0,3
B0040CT7XK,4.666666666666667,3
B0035W85MK,4.0,3
B00ADDKAT0,4.666666666666667,3
B003BOLJV6,4.333333333333333,3
B004Y6WPVI,4.333333333333333,3
B003KWC7H4,5.0,3
B00ADE773Q,4.333333333333333,3
B003Z81A94,4.0,3
B003KWHCSI,5.0,3
B005LV9KW2,4.333333333333333,3
B004Z2TRIK,4.0,3
B004220BWE,5.0,3
B0009MHLJW,5.0,3
B005LUFJO6,5.0,3
B003KS7JPS,5.0,3
B004W4ETN4,4.333333333333333,3
B003TJG4XG,4.333333333333333,3
B000IOOJR8,5.0,3
B000IOOJYQ,4.0,3
B00AUVLB0W,4.666666666666667,3
B004Z67OW2,4.666666666666667,3
B000IOOJXW,4.666666666666667,3
B003BRFWKW,5.0,3
B0035LO9B2,4.333333333333333,3
B003KPBAN8,5.0,3
B005GSH3SS,4.0,3
B00080M5GE,4.666666666666667,3
B00080NYUU,4.666666666666667,3
B000K3DUGS,5.0,3
B005M1NTV4,5.0,3
B005M064WG,5.0,3
B00AI58ZW2,4.666666666666667,3
B003TMJYX0,5.0,3
B00C07LWJ4,5.0,3
B00HNN8U8G,4.666666666666667,3
B003TM7N5G,4.333333333333333,3
B0035NY5V4,5.0,3
B003BQP11S,5.0,3
B003TMOA16,4.0,3
B00593EU2W,4.666666666666667,3
B005GRRD8E,4.333333333333333,3
B0035LCUWW,5.0,3
B000K2ZVTI,4.333333333333333,3
B00593FNU0,5.0,3
B003TN7LCK,5.0,3
B003KLZYSY,5.0,3
B003TN76L6,4.666666666666667,3
B003TN39N0,5.0,3
B004Z6KGX6,5.0,3
B00AI5ZTS0,4.0,3
B000LJEMMM,5.0,3
B003KNETSS,4.0,3
B003TMRV2Q,4.666666666666667,3
B003Z6N83M,5.0,3
B00B1Y1J8Q,5.0,3
B00593FGDY,4.666666666666667,3
B005M1NZJU,5.0,3
B000AA9IEO,5.0,3
B005GS3LUC,4.666666666666667,3
B0041YSWP6,4.333333333333333,3
B00APYRG3K,5.0,3
B00AUN8VIU,4.666666666666667,3
B00BWWBKZO,5.0,3
B005GVXYQK,4.333333333333333,3
B005LZR4KI,4.0,3
B00CS40N7G,4.0,3
B00IVDZXDW,5.0,3
B003KR2GZW,5.0,3
B004W4C73S,5.0,3
B000IOLA20,5.0,3
B0053GL028,4.666666666666667,3
B0035RKQOU,4.0,3
B003KRBLXA,4.666666666666667,3
B003KPK8HW,4.666666666666667,3
B003BQJHBI,5.0,3
B00CLSPGTO,4.333333333333333,3
B00C8A02NK,4.666666666666667,3
B004W4CTOA,5.0,3
B00439BGZW,4.666666666666667,3
B003BQLG9O,5.0,3
B000HLAMFK,4.0,3
B003KR0IXY,5.0,3
B0035RIPMA,5.0,3
B000HLAL3I,4.333333333333333,3
B003TLYRD8,5.0,3
B005920A72,4.333333333333333,3
B00AD9PASA,5.0,3
B00AURXF7I,4.666666666666667,3
B000AAAW3A,4.0,3
B003KQNZ44,5.0,3
B00CS5955G,5.0,3
B005GVFPLM,5.0,3
B000HLALLK,4.666666666666667,3
B003KQSDBO,4.333333333333333,3
B003BQMXLE,5.0,3
B003BQMVO8,4.333333333333333,3
B000B9EY7U,4.333333333333333,3
B0035RGV76,5.0,3
B003BQLJK0,4.0,3
B00IO2V0U0,5.0,3
B00CRHFE7I,5.0,3
B004Y8RI8G,4.0,3
B003BK8116,4.666666666666667,3
B00AZIY84Q,4.0,3
B005HA92FC,5.0,3
B00HVKAUTS,4.666666666666667,3
B0058QFMB8,4.0,3
B00368YJ0U,5.0,3
B00424HHRY,4.666666666666667,3
B00CRGXWZ0,5.0,3
B003BIW0EW,5.0,3
B00HNJF07E,4.333333333333333,3
B00CM8SSEI,4.666666666666667,3
B00CM8SSXY,4.666666666666667,3
B005HA9F6I,4.666666666666667,3
B0058QPFLA,5.0,3
B00HJC0L9C,5.0,3
B00366UXR0,5.0,3
B003ZC68PG,4.0,3
B000AADFR0,4.333333333333333,3
B005LO7OYA,4.0,3
B003L79K32,4.0,3
B00ADMHKSA,5.0,3
B000HLYKTE,5.0,3
B00AYUY5OI,4.666666666666667,3
B00C0FPZYE,5.0,3
B00BWV1XV6,4.0,3
B005LNL9W4,4.333333333333333,3
B005LNK678,4.666666666666667,3
B00AUA8KU2,4.0,3
B00AHH8936,4.0,3
B003L821CI,4.333333333333333,3
B000HM9JKI,4.333333333333333,3
B0036BM148,4.0,3
B000GHVD8A,4.0,3
B003BHWZHU,4.0,3
B00BWTXOFG,5.0,3
B00086HYKU,4.333333333333333,3
B00544T58K,4.666666666666667,3
B003BHRPYI,4.666666666666667,3
B000GZBWH4,4.0,3
B0036C26JW,4.333333333333333,3
B003SYN6TC,5.0,3
B00CD6AUYK,5.0,3
B004W7BR1I,5.0,3
B0036C2XG8,5.0,3
B000BVB47Q,4.666666666666667,3
B0036C3LPK,5.0,3
B0036C4RIU,5.0,3
B00AU881YE,4.333333333333333,3
B00AHFG1VU,5.0,3
B00HNJ8T1I,4.333333333333333,3
B003BI2G00,4.333333333333333,3
B00CRAXO54,4.0,3
B005LLM0E2,4.666666666666667,3
B00BWUB2GI,4.666666666666667,3
B005HA9GR6,5.0,3
B0036B7ZTY,5.0,3
B003BIQC14,4.333333333333333,3
B003LBR1J8,4.666666666666667,3
B003SZ83ZI,4.0,3
B00AU9ND96,5.0,3
B00ADP9JIG,4.666666666666667,3
B000B7M7XU,4.333333333333333,3
B00AHGFDKY,5.0,3
B0036BAQS6,5.0,3
B0036BARCQ,4.333333333333333,3
B005LKCCVY,5.0,3
B0009KN6LQ,5.0,3
B003BIMU7O,5.0,3
B0009KEKHU,4.0,3
B0036BE2KE,4.333333333333333,3
B005HAU8EQ,5.0,3
B000LEBEN2,5.0,3
B00ADLNT72,5.0,3
B0009MGQGG,5.0,3
B000B88NNM,5.0,3
B003L0ZDYE,4.333333333333333,3
B00CD9476Y,4.666666666666667,3
B005LR8MMU,4.0,3
B00AUEDDTQ,4.666666666666667,3
B00C1W7SA0,4.333333333333333,3
B00CD92GO4,5.0,3
B003TDLUDG,4.333333333333333,3
B003TD5JQK,4.0,3
B00CLY0Q20,5.0,3
B003BMLIUA,4.333333333333333,3
B005LR3BG2,5.0,3
B004363FS6,4.666666666666667,3
B00AUDKDP4,4.333333333333333,3
B0040BGSN8,4.0,3
B003BMNI44,4.666666666666667,3
B003ZAZZ2A,5.0,3
B00B18C3EQ,5.0,3
B00AUCT7ZW,4.333333333333333,3
B00AHMRUTA,4.666666666666667,3
B00436213G,4.666666666666667,3
B0053V3EMM,4.333333333333333,3
B004Z2TI5W,4.666666666666667,3
B0053T5VCU,5.0,3
B004Z2TP0K,5.0,3
B005LS89G8,4.333333333333333,3
B003BMR39U,5.0,3
B000GI0W86,4.666666666666667,3
B000GI0W04,5.0,3
B0058U1V7I,4.666666666666667,3
B000GZSVVY,5.0,3
B003TG201E,5.0,3
B005LRY0E4,5.0,3
B0058TX2YY,5.0,3
B00AZIYHW4,5.0,3
B0053SV0TY,5.0,3
B00AHNWGG6,4.666666666666667,3
B000IOHNVM,4.0,3
B0053T0A3A,5.0,3
B00B1W1BK4,4.0,3
B004W58IQW,4.333333333333333,3
B003TFQ07A,4.666666666666667,3
B0053T0CO2,5.0,3
B00CD95RZ4,4.333333333333333,3
B005LRTV1Q,5.0,3
B000C1VX9Y,4.0,3
B0009L7QG6,4.666666666666667,3
B000AADFCK,4.0,3
B0053XI7K4,4.333333333333333,3
B003L2QRB0,5.0,3
B0053XJ8C0,4.0,3
B005H85PIW,5.0,3
B003L2WJZI,4.333333333333333,3
B003T2IARG,4.333333333333333,3
B0053Y3XLQ,4.666666666666667,3
B0009LDCUU,4.0,3
B004X1V7IG,4.0,3
B00435YOQY,5.0,3
B00435X582,4.666666666666667,3
B00ADLMXSS,5.0,3
B00HNKJUOC,4.333333333333333,3
B00I11ZW30,5.0,3
B005H8S84U,4.0,3
B000HLVZMY,4.333333333333333,3
B00CRKKE5C,5.0,3
B000LEDR4Q,4.0,3
B003T4O3RA,5.0,3
B00366DV4W,4.0,3
B000HLH8Q6,5.0,3
B005H4H65G,5.0,3
B005LQCT2A,4.333333333333333,3
B003BMJZYG,4.666666666666667,3
B0058SBY9K,4.333333333333333,3
B003T8S8CM,5.0,3
B003658X9G,4.666666666666667,3
B005H4WYLM,5.0,3
B00BWVPFQU,5.0,3
B003BMJCUI,5.0,3
B003T7O13S,4.333333333333333,3
B00365F6IC,5.0,3
B003T4UWMA,4.666666666666667,3
B005H5QOCQ,4.333333333333333,3
B005H7Q190,5.0,3
B000K5ZW2Q,5.0,3
B00423364S,4.333333333333333,3
B000K64B8G,5.0,3
B000BPNDJ4,4.0,3
B00593FPEY,4.333333333333333,3
B004W2ORJW,4.0,3
B0052VZBEM,5.0,3
B00HSP9QSC,4.666666666666667,3
B00AVPXF74,5.0,3
B0059M0GSU,4.333333333333333,3
B0043EMRXM,4.333333333333333,3
B005MM7EU0,4.0,3
B0052XRLV6,4.666666666666667,3
B0043DYZRE,4.333333333333333,3
B0041V3XZI,5.0,3
B003CGYKEQ,4.333333333333333,3
B000JZLXU2,5.0,3
B003Z3768I,4.666666666666667,3
B005MKZXQY,5.0,3
B005GKVQ70,4.666666666666667,3
B000B9PEIS,5.0,3
B00C88733O,4.0,3
B005GIPVY6,5.0,3
B003Z2N1KQ,4.0,3
B00AVQL4DK,5.0,3
B00ACLBOYS,4.0,3
B003CHPECC,5.0,3
B003U4FTV8,4.666666666666667,3
B00AVQ9DLA,5.0,3
B000LO9LPK,4.0,3
B00C7T1QUA,5.0,3
B0034YIRVS,5.0,3
B0007ZDF82,5.0,3
B00CL5ZLEM,5.0,3
B0043FQ7GY,5.0,3
B0040J7TRE,5.0,3
B0059NL39U,4.666666666666667,3
B0034YZRFW,4.333333333333333,3
B00CSYHDNI,5.0,3
B00AVQ1AQ6,4.666666666666667,3
B00351XQT8,4.666666666666667,3
B00CLAG52Y,4.333333333333333,3
B00HNWQK9I,4.0,3
B003552FBE,4.333333333333333,3
B003552FBO,4.0,3
B005GM4XCI,5.0,3
B000LNGIX4,5.0,3
B00CSTIZB2,4.333333333333333,3
B00CDPOYYS,4.666666666666667,3
B003552FDW,4.0,3
B003K4V0IY,4.666666666666667,3
B000LNG24Y,4.333333333333333,3
B003U2REG8,5.0,3
B003552FFK,5.0,3
B000IQU2EU,4.333333333333333,3
B003TZH6FU,5.0,3
B00APPCXR8,4.333333333333333,3
B0040IBSZO,4.333333333333333,3
B004W2TCRO,4.333333333333333,3
B00APPLO1O,5.0,3
B000GI0WWM,4.333333333333333,3
B003CAJL8M,4.666666666666667,3
B003CA4I6M,4.333333333333333,3
B000HI18LU,5.0,3
B005MJJD8Y,4.333333333333333,3
B0040IL142,4.666666666666667,3
B003U2RBD4,5.0,3
B004Y4HOY8,4.333333333333333,3
B00C7VZ8DY,5.0,3
B0052Y6LK2,5.0,3
B004W2OT40,4.333333333333333,3
B00AVPN2V8,5.0,3
B0007ZG2FU,5.0,3
B005GLMP74,4.666666666666667,3
B000LNHBJ4,5.0,3
B0059JZI9K,4.666666666666667,3
B00HNXJL2A,5.0,3
B00APOV0OQ,4.666666666666667,3
B00CSVK0LI,5.0,3
B00C25KTGG,4.333333333333333,3
B00CSVCI5E,4.0,3
B0052YIYU2,4.666666666666667,3
B00354UCF6,5.0,3
B004ZAAL4Q,5.0,3
B000AA5VAY,5.0,3
B004X6IZ1I,4.666666666666667,3
B00354XVLI,5.0,3
B00CL4SMZI,5.0,3
B0009OAHU0,5.0,3
B00C26L7XE,5.0,3
B00AIXNJ4I,5.0,3
B0034KOY4G,5.0,3
B00APKLW5W,5.0,3
B0007YZ2PM,4.666666666666667,3
B00CKZ3QOU,5.0,3
B0052TFACW,4.666666666666667,3
B004W2OQCA,4.666666666666667,3
B003JRG2WQ,5.0,3
B00CDXJCFQ,4.666666666666667,3
B000JZ37L0,5.0,3
B00APL4KXC,4.666666666666667,3
B005MR94AI,5.0,3
B00HSOA0S8,4.666666666666667,3
B003CITTSQ,4.666666666666667,3
B000GI1MV2,5.0,3
B0059XDSWU,5.0,3
B005GF21KG,5.0,3
B00IK9LMV4,4.333333333333333,3
B003U54FLM,4.333333333333333,3
B005GFIBP0,4.333333333333333,3
B000LPCBJ2,5.0,3
B005GGLPVQ,4.333333333333333,3
B000LPJGUY,4.0,3
B00C7OMOW4,4.0,3
B005A1N82G,5.0,3
B003CIZ3MM,5.0,3
B000ITSYRO,5.0,3
B005MRN4L8,4.666666666666667,3
B000BP1RPG,4.333333333333333,3
B0034KCQAU,5.0,3
B003CIYTXQ,4.0,3
B00CTEBZD6,4.666666666666667,3
B000A7Y0W2,5.0,3
B00AC7QVAE,4.666666666666667,3
B004W2H6RC,4.333333333333333,3
B00IO30CIU,4.666666666666667,3
B0009OAINQ,5.0,3
B005A0Q7NY,4.333333333333333,3
B0052S8TJ4,4.666666666666667,3
B0034KMUOW,4.666666666666667,3
B00AIY2SIU,5.0,3
B0052SUHV2,5.0,3
B00ACAOHYI,4.666666666666667,3
B00IYZUZJO,4.666666666666667,3
B0034KNM4E,4.0,3
B00ILRB7WE,4.0,3
B005MR8N28,5.0,3
B0034SM6OS,5.0,3
B000HHNP8A,4.0,3
B0059V30SY,4.666666666666667,3
B005MQMYJM,4.666666666666667,3
B0007Z8LT0,4.0,3
B003U4LEBC,4.0,3
B005MQMBH2,4.333333333333333,3
B005MQK2VE,4.0,3
B0059UPRMC,5.0,3
B005GHK3W2,5.0,3
B000A82J8I,5.0,3
B00BUTAHAI,4.0,3
B000LOT7X6,4.666666666666667,3
B003JU7XPS,5.0,3
B000HHNEB8,4.0,3
B0052UG3VI,4.333333333333333,3
B0052UGKJ8,4.333333333333333,3
B003JUDIPM,5.0,3
B003JUHE8Y,4.0,3
B003U4J3B0,5.0,3
B003Z2J5W4,5.0,3
B000LOMNKA,5.0,3
B004ZBI57A,4.666666666666667,3
B005GHPGCE,5.0,3
B000IS1B7K,5.0,3
B0034TTAS2,5.0,3
B004X6UK84,5.0,3
B00CDWWRE0,4.0,3
B0034QV8CG,5.0,3
B003U4TH16,4.0,3
B0041UCUOY,5.0,3
B00CL1X4OK,4.0,3
B00CT9U6Z4,4.0,3
B00ACENRMC,4.0,3
B000GLA2HE,5.0,3
B00HSOA1J6,4.666666666666667,3
B005MQWV68,5.0,3
B0009OAI8Q,5.0,3
B005GHG7K4,4.333333333333333,3
B003CII7DY,4.0,3
B005MQPIFE,5.0,3
B00CT57TO4,4.333333333333333,3
B0007Z7AK6,4.0,3
B003JTOVK4,4.666666666666667,3
B000H17K5A,5.0,3
B00ACIDOSU,5.0,3
B00ACIDY26,5.0,3
B003C9WRMA,4.666666666666667,3
B0007ZJD7E,5.0,3
B00355CG1S,5.0,3
B00AIAYDEG,5.0,3
B003KDTL9U,4.0,3
B0009O9YQS,5.0,3
B0035E8CG2,4.666666666666667,3
B0035EA986,5.0,3
B005MB6XX0,4.666666666666667,3
B005MAJT0U,5.0,3
B003TRW946,4.333333333333333,3
B004Z8QBEM,5.0,3
B00CDDUG2E,4.0,3
B00BX20V58,4.0,3
B00HNSH2EE,4.0,3
B005M8GGB2,4.333333333333333,3
B000HKTC66,5.0,3
B004Z7LBBQ,5.0,3
B000B9L5ZE,5.0,3
B004Z8GP70,4.0,3
B003TPZBSY,4.0,3
B00HNS1UN8,4.666666666666667,3
B0035FZS1S,5.0,3
B00APVZFH2,4.666666666666667,3
B0035FZS2C,5.0,3
B0041XHIU2,4.666666666666667,3
B00AD3PK3Q,4.666666666666667,3
B00AIAWU50,5.0,3
B005954KBG,5.0,3
B00C065DPE,5.0,3
B005GOW0F8,4.666666666666667,3
B00CLHH6IO,5.0,3
B000AA5WLC,5.0,3
B000GLB3MW,4.333333333333333,3
B000804FUS,4.333333333333333,3
B00CSCR7T0,5.0,3
B0009OAFWA,5.0,3
B005GOP9IS,4.0,3
B005MDWMEW,5.0,3
B0040H39UC,5.0,3
B00AIBEXK4,4.333333333333333,3
B005MDTF9C,4.0,3
B0035DJGGS,4.333333333333333,3
B0009N5ESG,5.0,3
B003TT4EP6,5.0,3
B00CLKVHLS,5.0,3
B005M3INDQ,5.0,3
B00BX039JU,4.0,3
B00593IS84,5.0,3
B000K2T99Q,4.666666666666667,3
B0035JECLQ,4.333333333333333,3
B004X3X7S2,4.0,3
B003BTC8WA,4.0,3
B00593FXMS,5.0,3
B00CLKV7HM,4.666666666666667,3
B000LJHJVI,5.0,3
B00C20FQDW,4.0,3
B00BV0NV7C,5.0,3
B00B1YD2O0,4.0,3
B00593FWMO,5.0,3
B00593FVZW,5.0,3
B0053CMNBY,4.333333333333333,3
B000C1VXG2,4.666666666666667,3
B000LJGCJI,4.333333333333333,3
B0035LCSE2,4.666666666666667,3
B0043AKUO4,4.333333333333333,3
B0035LCSKQ,4.666666666666667,3
B005M2A55Q,4.0,3
B00APW0MF6,4.333333333333333,3
B00593VXRM,4.333333333333333,3
B00C0697XI,4.666666666666667,3
B00BUYP69A,4.666666666666667,3
B0035GI14I,4.0,3
B000LJOAOM,5.0,3
B00AZJ0AW4,5.0,3
B00CLK5STU,5.0,3
B00HVO6YGW,5.0,3
B00AIAI0HM,5.0,3
B000H0SD7U,5.0,3
B005940Y7Q,5.0,3
B000B9J3Q2,5.0,3
B004Z6ZIH0,5.0,3
B00BUZM7R8,4.0,3
B003TOL1BQ,5.0,3
B0035H3NUE,5.0,3
B00593YHXE,4.0,3
B0035H9AEC,4.666666666666667,3
B00AIA4A62,5.0,3
B003KLQ4JC,4.666666666666667,3
B003BW64W2,5.0,3
B005M3MAA8,4.666666666666667,3
B0035HKWWQ,4.333333333333333,3
B003C1O1Q8,4.666666666666667,3
B00AYN60PW,5.0,3
B0043C7GL2,4.666666666666667,3
B00B15EGZS,4.333333333333333,3
B00355SVXK,4.333333333333333,3
B00HIZJAZG,5.0,3
B00IYY0MY8,4.0,3
B005MIFFOQ,4.333333333333333,3
B005MIFDP2,5.0,3
B000GHPGJ2,4.666666666666667,3
B000HKCAB0,4.666666666666667,3
B00CLCLHJI,5.0,3
B00APR9C84,4.666666666666667,3
B003Z4BNZO,4.666666666666667,3
B003C5MO18,4.0,3
B00AVBHE5W,4.0,3
B0035699LM,5.0,3
B000AA5VWM,4.0,3
B00356F7T0,5.0,3
B00356IKDK,4.0,3
B003C5HYVS,5.0,3
B00356KM54,5.0,3
B00AVATOWE,5.0,3
B000LM2HS0,5.0,3
B003573LJW,4.333333333333333,3
B00ACTH66A,5.0,3
B003K5IJ1E,4.333333333333333,3
B000LMH5WI,4.333333333333333,3
B005GMYH3I,4.666666666666667,3
B005MJ5U7M,4.0,3
B003C91QV8,4.666666666666667,3
B004Y4HXBM,4.333333333333333,3
B00CLC0ULY,4.666666666666667,3
B000HJXE2A,5.0,3
B0059DMXT4,4.666666666666667,3
B00IO7FJJS,4.333333333333333,3
B005GMY6MA,5.0,3
B000BW299W,5.0,3
B003TXZFA0,4.666666666666667,3
B003Z48O92,4.0,3
B00355FFV6,4.333333333333333,3
B005GMY8BE,4.0,3
B0040HVMEW,5.0,3
B00355HFMI,5.0,3
B003C7W1FA,5.0,3
B00APR1TLC,5.0,3
B0041VOTVA,4.666666666666667,3
B000HKCA92,4.666666666666667,3
B003C6VPWQ,4.0,3
B00355HV8Q,4.666666666666667,3
B00AVF5NBK,5.0,3
B003C54D4O,4.333333333333333,3
B0035AN46Y,4.333333333333333,3
B00HSR74ZC,4.333333333333333,3
B0035AQZEM,4.666666666666667,3
B0040HE4II,5.0,3
B0035AR0M8,4.333333333333333,3
B004X5TL4O,4.0,3
B003K6YRYQ,4.333333333333333,3
B0043BU9T4,5.0,3
B0007ZW51K,4.333333333333333,3
B00BUXWUQI,4.333333333333333,3
B003C1X8QC,5.0,3
B00CSGIYM0,4.666666666666667,3
B00HSR8JBK,4.666666666666667,3
B0040HDN5I,4.0,3
B00CLH674I,4.333333333333333,3
B003C1VXYG,4.333333333333333,3
B003K75QU4,4.333333333333333,3
B00534YR02,4.666666666666667,3
B00HNU0W80,4.0,3
B003K78HDM,5.0,3
B0035BBH5I,5.0,3
B003C1T9QU,4.0,3
B0035BN8KK,4.666666666666667,3
B00AZJBJ9M,5.0,3
B005GMZAG6,5.0,3
B005MG46S4,4.666666666666667,3
B00APRFJWC,4.0,3
B003C4C0WW,5.0,3
B00359HZEC,5.0,3
B003TUIS1G,5.0,3
B00ACTWB2O,4.333333333333333,3
B00359K5OE,5.0,3
B000C1VY52,5.0,3
B000IOQAXY,4.666666666666667,3
B00AIDLJOK,5.0,3
B000BPC3XQ,4.333333333333333,3
B00ACUE2F2,5.0,3
B00HNUIWZK,5.0,3
B005GMYRH4,4.666666666666667,3
B000B9N0WU,5.0,3
B004Y4THS4,4.333333333333333,3
B005986GZQ,5.0,3
B004W35RAE,5.0,3
B00C80HX0U,4.333333333333333,3
B000GI0WPE,4.333333333333333,3
B005GMZ6CY,4.0,3
B00260HBB8,5.0,3
B00I1JKZ20,5.0,3
B007TWNHYS,4.0,3
B0097JDK84,5.0,3
B00K29N21I,5.0,3
B00BBF39OM,4.0,3
B00EYYO888,4.666666666666667,3
B007TV9QF8,4.0,3
B000DN7BUG,5.0,3
B001E14TI8,5.0,3
B00EYZY6KW,4.666666666666667,3
B0097JQYNC,4.666666666666667,3
B00BKNCGUS,5.0,3
B007TX3E4A,4.666666666666667,3
B007TXSJTA,5.0,3
B00K2D8PLG,4.333333333333333,3
B001E12OEY,5.0,3
B00016KMAQ,4.333333333333333,3
B007TXSM9M,5.0,3
B0097G3V6I,5.0,3
B000DN7C2S,5.0,3
B007TXSOAY,5.0,3
B00I99PRD4,4.666666666666667,3
B007TY3J80,5.0,3
B007TSRAWW,4.333333333333333,3
B00EZ6LRPC,5.0,3
B007TOKTIS,4.333333333333333,3
B0097ROGPM,4.666666666666667,3
B007TNUGNM,4.333333333333333,3
B000U71WUA,5.0,3
B0097PVPBC,5.0,3
B004OG7V7Q,5.0,3
B0097P64ZO,4.333333333333333,3
B000U7MC5O,4.333333333333333,3
B000U7N64U,5.0,3
B001E2DN1Q,5.0,3
B001E2CP2E,5.0,3
B007TOIXQI,4.0,3
B0097JUSUM,4.333333333333333,3
B000U7ODXS,4.666666666666667,3
B007TORPA8,5.0,3
B001E21BTM,5.0,3
B0097OKCBC,4.333333333333333,3
B001E1AVBM,5.0,3
B001E1ANHY,4.666666666666667,3
B00EYQ8UAS,4.666666666666667,3
B0097LNR9O,5.0,3
B0097L3FSM,4.666666666666667,3
B0097KI1PU,5.0,3
B0097K12FG,5.0,3
B004OG84FY,5.0,3
B00BBFHAMY,4.0,3
B007UGLJR0,4.333333333333333,3
B007UGQ3I0,5.0,3
B00979FGBI,5.0,3
B007UIA5FA,5.0,3
B00EZLGO3C,4.333333333333333,3
B000DZES6Y,5.0,3
B004OEDMYE,4.666666666666667,3
B001E0XXUE,5.0,3
B004OEB9TY,4.666666666666667,3
B00BBF8XK2,4.333333333333333,3
B00978OMFK,4.333333333333333,3
B007UKTU6S,4.0,3
B007UKUMEM,4.0,3
B00BKHJYYU,4.333333333333333,3
B00977HKV4,4.333333333333333,3
B007UP6Y76,4.666666666666667,3
B004ODYZ4Q,4.333333333333333,3
B00EZRURB6,4.666666666666667,3
B007UBN8P6,5.0,3
B007U9SUE2,4.333333333333333,3
B007TY9VM8,4.0,3
B0097FVWXS,4.333333333333333,3
B0097FVTW2,5.0,3
B007TYLM2A,5.0,3
B004OEVMSM,5.0,3
B007TYYPMY,5.0,3
B007TYYYZC,4.666666666666667,3
B00EZ9XIXS,5.0,3
B001E11LMU,5.0,3
B001E11EPO,5.0,3
B000DT7LRS,5.0,3
B007U4HYUS,4.333333333333333,3
B007U52XBW,4.333333333333333,3
B00EZBDNMW,4.333333333333333,3
B0097CL9DE,4.666666666666667,3
B007U9799O,4.0,3
B004FMFJSM,4.0,3
B00EZCGMLK,5.0,3
B00BKMESP0,4.333333333333333,3
B001E10FHM,4.0,3
B001E10ASG,4.666666666666667,3
B00EZEK9RQ,4.0,3
B007U8MI1E,4.333333333333333,3
B001E102U2,5.0,3
B000DZB5VU,4.0,3
B007U8R0D0,4.666666666666667,3
B004FNMSWQ,4.666666666666667,3
B001E0ZVU4,5.0,3
B000U6XQ8C,5.0,3
B007TNG2DA,4.333333333333333,3
B001E771K0,4.666666666666667,3
B00986Q38U,4.333333333333333,3
B000U0BV7G,4.0,3
B00GPJOMQI,5.0,3
B001E7247U,5.0,3
B001E72420,4.0,3
B001E723VC,5.0,3
B004FK0UVU,4.666666666666667,3
B007T8DTYU,4.666666666666667,3
B007T8FR86,5.0,3
B001E720YC,4.666666666666667,3
B001E720XI,4.666666666666667,3
B007T8XPC6,4.0,3
B00BKRAC3W,4.0,3
B007T9U410,5.0,3
B007T7A7QY,5.0,3
B000U0IZUW,5.0,3
B007TAL21K,4.666666666666667,3
B001E6US3S,4.0,3
B007TANSCG,5.0,3
B004FK24EG,5.0,3
B00984N8N0,5.0,3
B004OH5W6W,5.0,3
B000U1Y6JA,5.0,3
B001E6SZCY,4.333333333333333,3
B004FK2U0Y,4.333333333333333,3
B00GPDWNQU,5.0,3
B004FJZDPO,4.666666666666667,3
B001E725NI,4.666666666666667,3
B001E76EL2,4.666666666666667,3
B007T1S2GW,4.333333333333333,3
B001E76D9K,4.666666666666667,3
B001E76B4M,5.0,3
B001E76A7A,4.666666666666667,3
B004FJJ9MM,4.333333333333333,3
B001E768MW,4.666666666666667,3
B0098GCB6I,4.0,3
B001E725RE,5.0,3
B007T638QQ,5.0,3
B001E763S6,4.333333333333333,3
B001E762GO,5.0,3
B007T76BM8,4.666666666666667,3
B001E72AE2,4.666666666666667,3
B007T77UIC,4.0,3
B001E727IG,4.666666666666667,3
B00BKRAR64,4.0,3
B00EY73U8Y,4.333333333333333,3
B00BKQ2VPU,4.333333333333333,3
B000U6OLNQ,4.333333333333333,3
B00EYFPI9A,4.666666666666667,3
B001E5E2AY,5.0,3
B0097U3PT2,4.0,3
B000U6EV7W,4.333333333333333,3
B000U6GXE6,5.0,3
B00GP3ZUAQ,4.333333333333333,3
B001E50IBQ,4.333333333333333,3
B004OGD2V0,4.333333333333333,3
B000U6IZF6,4.666666666666667,3
B004FK9UVQ,5.0,3
B004FK9WBE,5.0,3
B001E4KA9C,4.333333333333333,3
B001E4DGQG,5.0,3
B007TIVDD4,4.666666666666667,3
B007TLGOVM,4.666666666666667,3
B007TLI2I0,4.0,3
B000FCCR68,4.333333333333333,3
B001E461HC,5.0,3
B001E45X6W,4.666666666666667,3
B001E45K9W,4.333333333333333,3
B0097TQY32,4.666666666666667,3
B00GP3T87C,5.0,3
B00EYI4WSA,5.0,3
B00EYI8JJS,5.0,3
B007TNF00G,5.0,3
B007TIVJG0,4.333333333333333,3
B00016QZ1G,4.666666666666667,3
B001E6QD6E,4.666666666666667,3
B000FCEMVQ,4.666666666666667,3
B00BKP4S1G,5.0,3
B001E6P5XQ,4.0,3
B007TCPZ52,4.0,3
B00GPBRDVC,5.0,3
B000U4AI76,5.0,3
B00BKP3EA2,5.0,3
B004FK4F7U,4.666666666666667,3
B007TEVNAG,4.666666666666667,3
B000U5RSUA,4.0,3
B00016QZCK,5.0,3
B001E6F3RE,4.333333333333333,3
B00EYA882Y,4.666666666666667,3
B0097V5DGE,5.0,3
B007TGQUU2,5.0,3
B00EYBDQ0C,5.0,3
B000U60TBO,4.666666666666667,3
B00016R50G,4.0,3
B007THJ58U,5.0,3
B000U6B6KM,4.333333333333333,3
B001E5EAPQ,5.0,3
B000U6CWFK,4.0,3
B004FK5YUW,5.0,3
B000FBL0MQ,5.0,3
B004FOHL6S,4.666666666666667,3
B001DIZ1IY,4.333333333333333,3
B004FQTJO8,5.0,3
B0096JF8PI,4.666666666666667,3
B007VN7L2Y,4.666666666666667,3
B00014G91Y,5.0,3
B004FQYY34,5.0,3
B00014G3FQ,4.666666666666667,3
B004FR1RJ2,4.333333333333333,3
B00IEKUEHC,4.333333333333333,3
B001DJ16V4,4.666666666666667,3
B00GOIY5W6,4.0,3
B00F1Q0SYG,5.0,3
B00F1I8DU0,5.0,3
B001DIXG5E,5.0,3
B00F1QD406,5.0,3
B00GOILNTO,5.0,3
B0096H4LMG,4.666666666666667,3
B007VP9LDE,5.0,3
B00014G1FS,4.0,3
B00BK9WQ3E,4.666666666666667,3
B00BK9WJK4,4.666666666666667,3
B00BK9TPL0,5.0,3
B007VQMHE8,5.0,3
B0096EFH72,4.666666666666667,3
B001DJCJOM,5.0,3
B004O9XAJQ,4.333333333333333,3
B007VFBTSO,4.666666666666667,3
B000UGYCP8,4.666666666666667,3
B007VFI6ZI,5.0,3
B00F1804P2,4.0,3
B000UGZC8E,5.0,3
B007VFKPNO,4.666666666666667,3
B007VFQCZE,5.0,3
B007VG50LK,5.0,3
B004FQPVO0,4.666666666666667,3
B001DKOSY0,4.666666666666667,3
B001DJFKA2,5.0,3
B007VHC1IO,5.0,3
B004FQQNAQ,4.0,3
B007VI6PL2,4.0,3
B007VIMBD8,4.0,3
B007VJ0VOI,5.0,3
B000UI9I00,4.0,3
B00GOK4U1U,4.0,3
B001DJZ7W8,4.0,3
B001DJP5YS,5.0,3
B001DF2POK,4.333333333333333,3
B004OD9BPO,5.0,3
B00F2HGRX0,4.666666666666667,3
B0096C7OUM,4.333333333333333,3
B001D9UI0O,4.0,3
B007W15T1U,5.0,3
B001D93QHQ,4.666666666666667,3
B007W15U7S,5.0,3
B001D71BXY,5.0,3
B001D6U81Q,4.666666666666667,3
B00014ECB8,4.666666666666667,3
B001D6HAAS,5.0,3
B001D6H774,4.0,3
B00F2HHISS,4.666666666666667,3
B007W10XOS,5.0,3
B007W3DNQQ,4.0,3
B00F2I3IVI,4.666666666666667,3
B001D4CJ7E,4.0,3
B00F2IVW20,4.333333333333333,3
B001D4997W,4.0,3
B000ULBCHE,5.0,3
B007W3QVEC,4.333333333333333,3
B007W4B3LW,5.0,3
B00GODKUJS,5.0,3
B007W4RDBQ,4.333333333333333,3
B00F2LKI9U,4.666666666666667,3
B007W11G94,5.0,3
B00014FOEC,5.0,3
B001DDAGBG,5.0,3
B00F1X5W1I,5.0,3
B001DEZD3Q,5.0,3
B0096DXK86,4.666666666666667,3
B004O9R772,5.0,3
B0096DT92W,4.333333333333333,3
B004FRNB50,4.0,3
B0096DR9QA,4.333333333333333,3
B0096DNUSG,4.666666666666667,3
B00014EL2S,4.0,3
B004O9O3C4,4.333333333333333,3
B0096DCP8W,5.0,3
B007VTUKHG,5.0,3
B007W0BKGE,5.0,3
B0096D6M5E,4.333333333333333,3
B001DCVWXS,4.333333333333333,3
B00BK8309Y,5.0,3
B00BK7I25W,5.0,3
B0096C8XU2,5.0,3
B000UL94GU,4.0,3
B007VYH16E,5.0,3
B000UL94O2,4.666666666666667,3
B00BK7AW8C,4.333333333333333,3
B004FQODC6,5.0,3
B00F14LJFK,4.333333333333333,3
B001DLKJJW,4.0,3
B00GOYVO4W,4.0,3
B00F011HL0,4.0,3
B007UZ3R6W,4.333333333333333,3
B0096YM8IS,5.0,3
B007UZ3TQK,4.333333333333333,3
B004FPDBWU,4.666666666666667,3
B007UZ3VEA,4.333333333333333,3
B00F01QDKA,5.0,3
B001DZD210,4.333333333333333,3
B001DZC0UO,5.0,3
B001DZ6P96,5.0,3
B001DZ3MKG,4.666666666666667,3
B007UZ2XCG,5.0,3
B00GOYTYYO,5.0,3
B004FPJVZG,5.0,3
B004FPMRW0,4.333333333333333,3
B007UZ49FK,4.333333333333333,3
B0096WVFIY,5.0,3
B000FAMUMQ,5.0,3
B001DYK6R4,4.0,3
B0096V6R74,4.666666666666667,3
B000UCH5O2,4.666666666666667,3
B001E0GUY0,5.0,3
B0096RKK1C,5.0,3
B000U8WK5A,5.0,3
B00EZTI3YW,4.666666666666667,3
B00EZTWCNU,5.0,3
B00EZU244G,5.0,3
B007UR4EF8,5.0,3
B001E0VWWU,5.0,3
B007URREXW,5.0,3
B00I9CZSWG,4.0,3
B00972496S,4.0,3
B004FP6KIC,4.0,3
B00EZWF766,4.333333333333333,3
B007UUCLBY,4.666666666666667,3
B004FP9YHG,4.0,3
B007UW7NH4,4.666666666666667,3
B00EZX7S1W,4.333333333333333,3
B000FBF57W,4.666666666666667,3
B00BKFW412,4.666666666666667,3
B007UYJJLA,5.0,3
B001DYFF84,4.666666666666667,3
B007UZWDN0,5.0,3
B007V010ZQ,5.0,3
B001DRDNKS,4.666666666666667,3
B007V7WX00,4.666666666666667,3
B007V9SJRY,4.333333333333333,3
B000E0G0AU,5.0,3
B001DO1LX2,4.0,3
B000UGNOZ2,4.666666666666667,3
B00K3DJI3O,5.0,3
B001DNG778,5.0,3
B001DNE590,5.0,3
B001DNE27A,5.0,3
B000UGVVI4,4.333333333333333,3
B001DMHR96,4.333333333333333,3
B007VEQ1GK,4.666666666666667,3
B007VES33O,5.0,3
B004FQNGDS,4.333333333333333,3
B00K3DD6AA,5.0,3
B0096U3S7W,5.0,3
B000FAE2X6,4.666666666666667,3
B004OBQ2PI,5.0,3
B001DX59CW,5.0,3
B001DVXL5G,4.0,3
B001DVVSZ6,4.666666666666667,3
B001DVPBGS,5.0,3
B001DVP0JQ,5.0,3
B004FQEK8I,5.0,3
B004FQEKJC,5.0,3
B007V4OP9A,5.0,3
B007V4W87G,4.666666666666667,3
B001DTWX66,4.666666666666667,3
B001DTP8Z4,4.333333333333333,3
B004FQGLTO,5.0,3
B004FQI2NC,4.666666666666667,3
B004FHDKVK,4.666666666666667,3
B007T0FZOA,5.0,3
B009694O76,4.333333333333333,3
B000TD9OBE,4.0,3
B00GRLBZAU,5.0,3
B000181T5G,4.333333333333333,3
B0099M7008,4.333333333333333,3
B00GRKXSLU,5.0,3
B00GRKX2FW,4.666666666666667,3
B007ROGQX2,5.0,3
B007ROHPUU,4.0,3
B000TD5KKI,5.0,3
B000TD5KVC,5.0,3
B001ET76AS,4.666666666666667,3
B000TD9OYQ,4.333333333333333,3
B000181TKQ,5.0,3
B00GRJ9NJW,4.0,3
B007ROSXP6,5.0,3
B0099LBMVW,5.0,3
B000FEGQHW,4.666666666666667,3
B00BL0M9FM,4.333333333333333,3
B000TFA05Q,4.666666666666667,3
B000TFEBTM,5.0,3
B004F82ZKG,4.666666666666667,3
B001ET725C,5.0,3
B000TD2PV0,4.0,3
B001ET77FW,5.0,3
B00EVYTYAI,4.333333333333333,3
B00GRNYUWS,4.0,3
B000186XM0,5.0,3
B007RMUZL8,4.0,3
B000TBZAB4,5.0,3
B000TBZAFU,5.0,3
B000TBZDCK,5.0,3
B00BB8OHTA,4.666666666666667,3
B004OSU34M,4.333333333333333,3
B000186XHA,5.0,3
B001ET78FQ,5.0,3
B00BL3KQLI,4.333333333333333,3
B000181TL0,5.0,3
B000TCD51A,5.0,3
B007RNSZMS,4.0,3
B004F7AYFU,5.0,3
B004F7B7VA,4.333333333333333,3
B000TD0OTA,5.0,3
B007RO7S34,4.666666666666667,3
B001ET77RK,4.0,3
B001ET77R0,5.0,3
B000TD0VYS,4.0,3
B001ET71XK,4.666666666666667,3
B001ESA31S,4.666666666666667,3
B00GRBEU34,5.0,3
B00017YA1C,4.666666666666667,3
B00017Y8H8,5.0,3
B004F8CIU8,4.0,3
B00017Y63O,5.0,3
B000TGCJCC,5.0,3
B00017Y1HK,5.0,3
B001ESA2YQ,4.333333333333333,3
B001ESA2RI,4.0,3
B001ESA2NW,4.333333333333333,3
B000TGGM5C,5.0,3
B001ES6Y0C,5.0,3
B001ES6XZS,5.0,3
B000TGMQUC,4.666666666666667,3
B007RWIZYC,5.0,3
B00BKZQJKY,4.333333333333333,3
B00BKZQJJA,4.666666666666667,3
B007RYKHCI,5.0,3
B001EPYNMG,4.666666666666667,3
B000TGA0WS,4.0,3
B00EVZRQ84,5.0,3
B001ET71IA,4.666666666666667,3
B001ET715S,5.0,3
B001ET70UO,4.666666666666667,3
B007RPT84K,4.333333333333333,3
B000TFQPA0,5.0,3
B001ET6ZXC,5.0,3
B004OQZO1Q,4.333333333333333,3
B000TFUTN4,4.333333333333333,3
B001ET6YW4,5.0,3
B000TFWPOK,4.0,3
B004F86E4E,4.333333333333333,3
B00EW3I2RO,4.666666666666667,3
B000TG2SOG,4.0,3
B007RRK3ZG,4.0,3
B00EW3KU3S,5.0,3
B001ET6X1Q,4.666666666666667,3
B004OQHZ2M,4.0,3
B004F898BK,5.0,3
B004OQAF4M,4.333333333333333,3
B000186XRU,5.0,3
B000TBWA7G,4.0,3
B001E77K06,4.0,3
B000194Y9S,4.666666666666667,3
B00GS6JZ38,5.0,3
B001EWF12A,5.0,3
B001EWF0TE,5.0,3
B000194YUM,4.666666666666667,3
B004F0T46M,4.666666666666667,3
B00GS4DXUQ,4.0,3
B00BB8N7WS,5.0,3
B001EWEP0Y,5.0,3
B009A0VO9C,5.0,3
B000194YCK,4.0,3
B007REKPP2,5.0,3
B007RDTSYM,5.0,3
B007RESEWS,5.0,3
B009A0VFYQ,5.0,3
B007RF2GQM,5.0,3
B004F0VIAC,4.666666666666667,3
B007RFAH22,5.0,3
B009A0V9AQ,4.333333333333333,3
B009A0V528,5.0,3
B001EUS610,4.333333333333333,3
B007RFJUXE,5.0,3
B0099YTYX2,4.666666666666667,3
B007RE2GVS,4.333333333333333,3
B009A33NSY,5.0,3
B001EUCDVE,5.0,3
B004OU2LDG,5.0,3
B000SZXQJE,4.333333333333333,3
B000CSH3UA,4.666666666666667,3
B001EWFLRA,4.0,3
B00JZZTU66,5.0,3
B001EWF3J6,5.0,3
B001EWF3H8,5.0,3
B007R7YDL6,4.666666666666667,3
B001EWF3AA,5.0,3
B001EWF39G,5.0,3
B000T1XQXS,5.0,3
B001EWF1UM,4.333333333333333,3
B001EWF2ZG,4.333333333333333,3
B0001951OK,5.0,3
B001EWF2VK,4.666666666666667,3
B000T28JES,5.0,3
B00GS8055I,4.333333333333333,3
B000FF3E2Q,5.0,3
B007RBQ3A6,5.0,3
B007RBQ84W,4.666666666666667,3
B001EWF1ZC,5.0,3
B001EWF1Y8,4.0,3
B001EUCQW0,5.0,3
B007RFPB1O,5.0,3
B001ET7BS0,4.333333333333333,3
B001ET7FW2,5.0,3
B001ET7FMW,4.666666666666667,3
B000TAHYBO,5.0,3
B004F1UDFW,4.666666666666667,3
B001ET7EPU,4.666666666666667,3
B00EVQ7VRO,4.666666666666667,3
B0099UBZ60,4.666666666666667,3
B007RKXSNM,4.666666666666667,3
B001ET7E78,5.0,3
B000TBIJ4Y,4.0,3
B007RKYWE6,5.0,3
B001ET7GZ8,4.666666666666667,3
B001ET7BLM,4.0,3
B000TBMXTQ,4.0,3
B00GRPR55K,4.333333333333333,3
B000TBTUBA,4.0,3
B007RL59K6,5.0,3
B000TBVWAW,5.0,3
B001ET7AL8,5.0,3
B00EVU3UUM,4.0,3
B000TA8FN0,5.0,3
B007RIP92W,5.0,3
B001EU78DC,5.0,3
B001ET7KHC,4.666666666666667,3
B004F15KBY,4.666666666666667,3
B000T5IG2K,5.0,3
B000192CLU,5.0,3
B00EVJVLBS,4.666666666666667,3
B007RH1NX2,4.333333333333333,3
B001ET7L26,4.666666666666667,3
B001ET7KHM,5.0,3
B000T8VYDU,4.666666666666667,3
B00BB8NX2M,5.0,3
B00EVLI5M4,5.0,3
B00GRV6BH2,4.666666666666667,3
B001ET7K2W,4.666666666666667,3
B007RHXXE4,5.0,3
B001ET7JSM,4.333333333333333,3
B000T9BMW2,5.0,3
B001ET7J50,5.0,3
B000189NM2,4.666666666666667,3
B0099BXCY2,5.0,3
B00EW9EYRK,4.666666666666667,3
B0098SMT6S,5.0,3
B000TNRDCG,5.0,3
B007SOXDXW,4.333333333333333,3
B001E96PEQ,5.0,3
B004OK8R70,4.333333333333333,3
B00GQKLS86,4.666666666666667,3
B000TQAFR8,5.0,3
B001E96OGK,5.0,3
B004OJRAEM,4.333333333333333,3
B00EXPXTCO,5.0,3
B000TQK3V6,5.0,3
B007SUF9M4,5.0,3
B00016X9DS,5.0,3
B007SUI6JW,4.333333333333333,3
B007SUUOGK,4.0,3
B001E96MMG,4.666666666666667,3
B007SVICQI,4.666666666666667,3
B007SW3HXK,4.333333333333333,3
B0098RDEK4,5.0,3
B00BKTIIB8,4.0,3
B000TTJYVS,4.0,3
B000TTJZTO,5.0,3
B000TNRBJ6,5.0,3
B007SOVFNW,5.0,3
B007SNMUY6,5.0,3
B001ECQ3SQ,5.0,3
B007SKP3D4,5.0,3
B000TN4SE2,5.0,3
B001ECQ3PO,4.333333333333333,3
B000FDCXZC,4.666666666666667,3
B007SLCOYE,5.0,3
B000TN5W60,5.0,3
B00GQPC7U4,4.666666666666667,3
B00016XCGM,4.0,3
B007SNEVES,4.333333333333333,3
B001ECQ34A,4.333333333333333,3
B00I97HB12,5.0,3
B007SNLUD8,4.666666666666667,3
B001ECQ30O,4.333333333333333,3
B004FF9K2K,4.0,3
B001EA53NY,5.0,3
B007SNXTZU,4.666666666666667,3
B007SNZSH2,4.0,3
B004FFD59Y,4.333333333333333,3
B001EBN7ZE,4.666666666666667,3
B00K14LCFC,4.0,3
B004OKBUK6,5.0,3
B00016XAA0,5.0,3
B001EBL2W4,4.333333333333333,3
B001EBG98G,5.0,3
B000TNOUFE,4.333333333333333,3
B007SONE68,4.333333333333333,3
B00016X9JW,4.0,3
B001E96LA4,5.0,3
B001E77TLG,5.0,3
B00I99O9O2,5.0,3
B007SZ2LRK,5.0,3
B000TXV2AK,5.0,3
B0098OAXL0,4.0,3
B001E7BEW6,5.0,3
B001E7BEPS,5.0,3
B0098O6HIS,4.333333333333333,3
B00EXUDQ5O,4.666666666666667,3
B004FH2CDC,4.666666666666667,3
B00EXUDSWK,4.666666666666667,3
B007SZL91Y,4.333333333333333,3
B000FD7E2Y,5.0,3
B001E77PYW,4.666666666666667,3
B00IEULIHM,4.333333333333333,3
B001E77OY8,5.0,3
B001E77OXE,4.666666666666667,3
B00016WUB0,5.0,3
B00BKSPV3C,5.0,3
B001E77MR2,4.0,3
B00016WT0W,5.0,3
B001E8GENO,4.333333333333333,3
B00GPYPOCO,4.0,3
B004FGCYWC,4.0,3
B00BBCW5YU,5.0,3
B00GPYGTPA,4.333333333333333,3
B000TTP8NG,4.0,3
B001E96L5Y,4.666666666666667,3
B001E96L5O,4.0,3
B000TTP9Y4,5.0,3
B001E96L2M,5.0,3
B004FGAXZM,4.0,3
B000TU6KV4,5.0,3
B001E96KZA,4.333333333333333,3
B001E95J3E,4.666666666666667,3
B00BKT7EU4,4.333333333333333,3
B0098QO7RE,4.333333333333333,3
B001E95GN2,4.333333333333333,3
B00BBCW7XE,5.0,3
B007SYXCK6,5.0,3
B001E95FLU,4.333333333333333,3
B007SYXU0I,4.0,3
B001E8SQ76,4.333333333333333,3
B007SYZBIM,4.0,3
B001E8JIO6,4.0,3
B001ECQ3WM,5.0,3
B001ECQ3XQ,4.333333333333333,3
B004OM43CG,4.333333333333333,3
B001EMBUPM,4.666666666666667,3
B001EMAQD4,5.0,3
B000CSWMBU,5.0,3
B007S3I5P4,5.0,3
B001ELJNZM,4.333333333333333,3
B00K0T716C,5.0,3
B001ELJ8DO,5.0,3
B00017XIII,4.666666666666667,3
B007S56OM8,4.333333333333333,3
B000CSWMCO,5.0,3
B007S61F6W,5.0,3
B001EKF9OC,4.666666666666667,3
B001EK62JS,4.333333333333333,3
B001EK292W,5.0,3
B00017UZD4,5.0,3
B00EWNOLY2,5.0,3
B00EWNOOYE,5.0,3
B00EWNOP8E,4.0,3
B00996UUSI,5.0,3
B001EJORMS,5.0,3
B001EN2TCE,4.666666666666667,3
B00EWH6KYC,4.0,3
B000TN1WS2,5.0,3
B00I92RHRU,5.0,3
B00K0SGN44,4.666666666666667,3
B007S0JYA2,4.666666666666667,3
B001EO98MC,4.0,3
B00999J3QU,5.0,3
B001EO6GOA,5.0,3
B007S191N6,4.333333333333333,3
B009998IPW,4.666666666666667,3
B000THEZX2,5.0,3
B00GR3XKZ6,5.0,3
B000FDZIR2,4.666666666666667,3
B004OOLA52,4.333333333333333,3
B001EO5WUO,5.0,3
B00EWD2LC6,4.333333333333333,3
B000TI9PEU,4.333333333333333,3
B009995VSE,4.333333333333333,3
B00017XJZK,5.0,3
B001ENYVB6,4.0,3
B001ENYPG2,4.666666666666667,3
B004FAUT6Q,4.333333333333333,3
B000TIR178,4.666666666666667,3
B000TJ6ELG,5.0,3
B000CSWMAQ,4.666666666666667,3
B007S3HYBK,5.0,3
B001EJOQXI,5.0,3
B00017UZ7U,5.0,3
B000TKO8FO,5.0,3
B001EDYK2Q,4.0,3
B001EDW00K,5.0,3
B004FDX23U,4.333333333333333,3
B001ECYLQM,4.0,3
B001ECVDEK,4.333333333333333,3
B00GQSZGYK,5.0,3
B001ECQ9G2,5.0,3
B00BKW8P40,5.0,3
B000TKOJIK,5.0,3
B007SGY0LE,4.0,3
B0099097Z6,4.666666666666667,3
B0099094KE,4.666666666666667,3
B00GQS6DMO,5.0,3
B007SHLQOM,5.0,3
B001ECQ4P8,4.333333333333333,3
B0098ZOI60,5.0,3
B004OKE238,5.0,3
B001EENPWQ,4.0,3
B00EXACTV6,5.0,3
B00BBAZ0VC,5.0,3
B000FDXMCA,5.0,3
B009940XNM,4.0,3
B000TKB24E,5.0,3
B007SA3AUW,4.333333333333333,3
B000TKBM80,4.666666666666667,3
B001EJOP52,5.0,3
B00EWV1HC8,4.333333333333333,3
B007SAUGT0,4.333333333333333,3
B007SAX5IO,5.0,3
B001EJONIQ,5.0,3
B00IEV78ZW,4.666666666666667,3
B000TKH680,5.0,3
B001EHDFT6,5.0,3
B004OKZ3KY,5.0,3
B009936XG4,4.333333333333333,3
B000SZUGII,4.333333333333333,3
B007ZF406I,4.666666666666667,3
B00BBYMGWY,5.0,3
B00F8MPVKY,5.0,3
B00012WYKQ,4.666666666666667,3
B004NPVG1A,4.0,3
B001B3STMQ,4.666666666666667,3
B000UYC03G,4.666666666666667,3
B0093IPRF8,4.666666666666667,3
B001B3NF16,4.0,3
B000E4ACIW,4.666666666666667,3
B0093IPOCE,4.666666666666667,3
B0093IP56O,4.666666666666667,3
B00F8OOEFA,5.0,3
B00F8OUB98,4.666666666666667,3
B001B2N7II,4.0,3
B007ZK7ZFG,4.333333333333333,3
B001B2MHYI,4.666666666666667,3
B007ZK7ZJC,4.333333333333333,3
B0093LP0P2,5.0,3
B001B7FPLA,4.666666666666667,3
B007Z90QHG,5.0,3
B001B6N7I4,5.0,3
B001B6L75Y,4.666666666666667,3
B004GEI2RY,5.0,3
B007Z9OSIY,5.0,3
B000UX4CC4,4.0,3
B007ZBBSJE,5.0,3
B001B61O8E,5.0,3
B007ZBKP9I,5.0,3
B004NQ4YBS,5.0,3
B0093NNDCC,5.0,3
B0093NGWA2,4.666666666666667,3
B001B5CQHI,5.0,3
B007ZC2ZMM,5.0,3
B00GMUYPJ4,5.0,3
B001B54OFA,4.0,3
B001B4Z6AS,5.0,3
B001B4U25C,4.666666666666667,3
B00F8LT58Y,4.666666666666667,3
B004NPM9B6,4.666666666666667,3
B00I9LU0MA,5.0,3
B0093A8EME,5.0,3
B0093A5COM,5.0,3
B0093A4IUQ,4.0,3
B001B15N6S,4.333333333333333,3
B0093A45UE,4.666666666666667,3
B007ZSET8O,4.666666666666667,3
B001B11JIE,4.0,3
B00K60LLM0,5.0,3
B001B10GS8,5.0,3
B00012NID8,4.666666666666667,3
B001B0UUEY,4.333333333333333,3
B00F90Y21O,4.0,3
B00012NFKO,5.0,3
B00BC2NMSC,4.333333333333333,3
B007ZU6W46,5.0,3
B000V0Y8T8,4.333333333333333,3
B00937E6B0,5.0,3
B001B1MS5C,4.666666666666667,3
B001B1SJOG,4.0,3
B001B28ATO,4.0,3
B001B1W8T8,5.0,3
B004NPFMSS,5.0,3
B001B1VQIM,4.333333333333333,3
B001B1UUHK,5.0,3
B00BC00MAK,5.0,3
B000F6S19G,4.333333333333333,3
B0093CR3LK,5.0,3
B0093CIT5E,5.0,3
B007ZL6WY0,5.0,3
B001B1SFWW,5.0,3
B001B1MSKM,4.666666666666667,3
B007ZM7EHS,5.0,3
B00GMQELGK,5.0,3
B0093BCSU2,4.666666666666667,3
B001B1QNOO,5.0,3
B00BC19TCQ,5.0,3
B0093BCJ4M,4.0,3
B0093B9MBU,5.0,3
B001B1MU8M,4.666666666666667,3
B001B1MTLK,4.666666666666667,3
B004NQ9F76,5.0,3
B001B7HVLW,4.0,3
B007YQUSNW,5.0,3
B000UUNZ7U,4.333333333333333,3
B007YR9N50,5.0,3
B000E3ZLRA,4.333333333333333,3
B00BBX38WC,4.333333333333333,3
B001BBHTF6,4.333333333333333,3
B004GC53BY,4.0,3
B004GC54EK,4.0,3
B000141G62,4.666666666666667,3
B001BBN5MC,5.0,3
B001BB705K,5.0,3
B007YV2YQG,4.333333333333333,3
B007YV31PO,4.0,3
B007YXNBHU,5.0,3
B007YY7SXW,5.0,3
B0093WA3AS,4.0,3
B00BJB33Q2,4.666666666666667,3
B004NSMKBM,5.0,3
B007Z1JB3Y,5.0,3
B007Z1ROKG,5.0,3
B000UVFI7E,5.0,3
B000UUMU80,4.0,3
B001BBNGNU,4.333333333333333,3
B007Z1SJZK,4.666666666666667,3
B001BBRUW8,4.666666666666667,3
B001BCE188,4.0,3
B001BC1NFC,5.0,3
B004GBJV86,5.0,3
B00BJCKDYG,4.0,3
B00F6PLJFO,5.0,3
B004NTWYJY,5.0,3
B007YNDNWI,4.666666666666667,3
B004NTVHWE,5.0,3
B00943LAY4,4.333333333333333,3
B000141KRC,4.333333333333333,3
B007YPQTUE,4.666666666666667,3
B001BBQCRC,4.666666666666667,3
B007YPRCIM,5.0,3
B00BBUJKOU,4.666666666666667,3
B001BBP0H0,5.0,3
B001BBOM0G,4.0,3
B007Z1T9BI,5.0,3
B001B7HVMQ,4.333333333333333,3
B007Z5XZTG,4.333333333333333,3
B000UW1OJE,4.666666666666667,3
B007Z4HJQM,4.333333333333333,3
B007Z4RXUO,4.666666666666667,3
B001B8MH3I,4.666666666666667,3
B001B8LCHU,5.0,3
B001B8LC2K,5.0,3
B007Z51UOS,5.0,3
B001B8B6BC,4.666666666666667,3
B007Z5QFGG,5.0,3
B004GDFGQU,4.333333333333333,3
B0093QDCLG,4.333333333333333,3
B007Z5XDKW,5.0,3
B001B831XS,4.333333333333333,3
B000UW0XZA,5.0,3
B00F8HMTJA,4.0,3
B000F77VY6,4.666666666666667,3
B001B7PTN4,5.0,3
B001B7PQSW,5.0,3
B001B7NE7W,5.0,3
B004GDHKO6,5.0,3
B007Z8MEJK,4.666666666666667,3
B004NQKNWM,4.666666666666667,3
B001B7JULQ,4.666666666666667,3
B001B8NNE0,4.666666666666667,3
B007Z2LKVE,5.0,3
B000UVL0O4,4.333333333333333,3
B001BAE35G,5.0,3
B001BADG40,4.333333333333333,3
B00BJAHXJG,5.0,3
B007Z2JGNS,5.0,3
B007Z2JUVQ,4.333333333333333,3
B001B9G2G0,5.0,3
B0093UDCBM,5.0,3
B004NR91KG,5.0,3
B001B9BWQU,5.0,3
B000F7E79S,5.0,3
B00F842W72,5.0,3
B000E49AWG,5.0,3
B00GMXVLVG,5.0,3
B007Z33HCS,4.0,3
B001B8QIFG,5.0,3
B004GD9YUO,4.0,3
B000UVZFM2,4.333333333333333,3
B000UVZMD4,4.666666666666667,3
B001AZQN6O,4.333333333333333,3
B001ALN4MY,5.0,3
B004GLTVRC,4.333333333333333,3
B00011JLZI,4.0,3
B000V49BB4,5.0,3
B0080MEN6C,4.333333333333333,3
B001AMH320,4.0,3
B00FARCCJU,4.666666666666667,3
B000V4NR6O,4.0,3
B000E7SRTA,4.0,3
B0080N1DT6,4.666666666666667,3
B001ALPMCY,5.0,3
B001ALPIMS,4.0,3
B001ALMYQ6,4.666666666666667,3
B001AMOYYK,5.0,3
B0092PK6QC,4.666666666666667,3
B001ALF080,5.0,3
B001ALCI30,4.666666666666667,3
B004NM3RQU,4.666666666666667,3
B0092OIUKM,4.333333333333333,3
B000V54TQU,4.666666666666667,3
B001AKSZ6A,5.0,3
B0080Q045M,5.0,3
B0080M2HFQ,4.0,3
B0080QQHJE,5.0,3
B0080KLYBQ,5.0,3
B00BJ52IJQ,4.666666666666667,3
B00FAEO5KW,4.333333333333333,3
B000V3MRXO,5.0,3
B00K6LCGZ0,5.0,3
B0080JNQ4U,5.0,3
B00FAH8LP4,5.0,3
B00FAHAXLO,5.0,3
B0080KJ2ZG,5.0,3
B00FAKLM0W,4.0,3
B001ANTRSW,4.666666666666667,3
B00FALMD0Y,4.0,3
B001ANHPFE,4.333333333333333,3
B001AN0MU4,5.0,3
B001AMZDTK,5.0,3
B00GMPDLGC,4.666666666666667,3
B0092RVN08,4.666666666666667,3
B0092RP2K0,4.333333333333333,3
B001AMRIAC,4.333333333333333,3
B00BC4I8C0,5.0,3
B004GM3QNG,4.666666666666667,3
B009375P7Y,5.0,3
B0000YV6K4,4.666666666666667,3
B001AHE90O,5.0,3
B000V5MK1Q,5.0,3
B0092JXYVM,4.666666666666667,3
B001AGL13I,4.333333333333333,3
B0000YV84I,5.0,3
B001AFUHSE,5.0,3
B001AHHZD2,4.333333333333333,3
B00815V69A,5.0,3
B00FBFG78S,5.0,3
B0081664LE,5.0,3
B00FBFQ63O,5.0,3
B001AEQ99G,5.0,3
B000V6HFQU,5.0,3
B0092GWVBE,4.333333333333333,3
B001ADVYUQ,5.0,3
B0092GWSFS,5.0,3
B004NJG65M,4.666666666666667,3
B00FB10U8K,4.0,3
B001AKJEHE,4.666666666666667,3
B0080R6DEM,5.0,3
B001AKHD5Y,5.0,3
B0080R73PU,5.0,3
B0080R8LLA,4.333333333333333,3
B00FAZ1IWE,5.0,3
B00FAZHMNI,5.0,3
B001AJH02Q,4.0,3
B0080RGXR4,4.666666666666667,3
B00FB161HY,4.666666666666667,3
B0080XO1T0,4.666666666666667,3
B0080SHWJ6,4.0,3
B00FB2WUWI,4.333333333333333,3
B000E7SS62,5.0,3
B001AHVGAU,5.0,3
B0080W91FU,4.0,3
B00GMPA7R8,5.0,3
B000V3MIF6,4.333333333333333,3
B00FAAXHKK,4.666666666666667,3
B0080ITURS,5.0,3
B00GMPTC9M,4.666666666666667,3
B00804EG8U,5.0,3
B004NN2C2O,5.0,3
B00F9ML3EQ,4.666666666666667,3
B000127WAI,5.0,3
B001AXBKDW,4.666666666666667,3
B004GHQT5I,4.333333333333333,3
B00804EM0W,5.0,3
B00BC38Y20,5.0,3
B004NN07N0,5.0,3
B001AX473W,4.666666666666667,3
B00BJ62GNI,4.0,3
B001AWZ5N4,4.333333333333333,3
B004GHZYNG,5.0,3
B001AWWAVO,4.333333333333333,3
B000V1Y586,5.0,3
B004NMYILI,4.333333333333333,3
B001AWNTEG,4.0,3
B004NMYDKO,4.666666666666667,3
B00BC3AS24,4.666666666666667,3
B001AWFYEY,4.333333333333333,3
B001AWFIH2,5.0,3
B001AWDWIE,5.0,3
B000V20WUK,4.0,3
B00931M57S,5.0,3
B001AXSXZA,4.333333333333333,3
B00GMPERDS,5.0,3
B00IDTONV2,5.0,3
B007ZV9P62,4.666666666666667,3
B007ZXJ1R8,4.666666666666667,3
B007ZXJQBE,5.0,3
B001AZLZDU,5.0,3
B001AZLCY2,4.666666666666667,3
B007ZXRLXO,5.0,3
B007ZXYMFY,4.666666666666667,3
B001AZJDE8,4.666666666666667,3
B001AZFAAY,5.0,3
B007ZY247Q,4.666666666666667,3
B001AYY31C,4.666666666666667,3
B001AXUPJW,4.333333333333333,3
B001AYJ498,5.0,3
B000F6K3JW,4.333333333333333,3
B004NNHUHG,4.0,3
B000F6IIR6,5.0,3
B009336V2Q,4.333333333333333,3
B001AY39IK,5.0,3
B00012FOJO,5.0,3
B00803A5PO,5.0,3
B00803F6T4,5.0,3
B00K65ML9M,5.0,3
B00012FLO2,5.0,3
B000V1S3CK,4.0,3
B00931M55U,4.666666666666667,3
B00FA3QLUA,5.0,3
B004GJ3NM8,5.0,3
B00FA21RM8,5.0,3
B000V33PMQ,4.666666666666667,3
B004GJFO52,5.0,3
B001AS018C,4.333333333333333,3
B001ARVHBI,4.0,3
B0080GE6VK,5.0,3
B001ARV2MC,5.0,3
B000V36S5C,4.333333333333333,3
B0080GK5OM,4.666666666666667,3
B000V3KKYC,4.333333333333333,3
B001AVY72K,4.333333333333333,3
B001AR1IUS,4.333333333333333,3
B004GK0EJM,5.0,3
B000F5M468,5.0,3
B00FA5UM6W,4.666666666666667,3
B00FA5XMYQ,5.0,3
B004NMRJ96,5.0,3
B0080IHBCE,5.0,3
B00011JVAS,5.0,3
B004GK2O3G,5.0,3
B0080EN2D0,5.0,3
B000V31ZLE,4.0,3
B001ASZUN8,4.333333333333333,3
B004GIJ6WA,4.333333333333333,3
B001AVWLVE,5.0,3
B004NMXPDU,4.666666666666667,3
B008098C30,4.333333333333333,3
B00BJ5N7M8,5.0,3
B001AVMX44,5.0,3
B001AVI2G2,4.0,3
B00011QUQG,4.333333333333333,3
B001AV96FS,4.666666666666667,3
B00809UWT2,4.666666666666667,3
B0092ZNKV0,4.666666666666667,3
B0080AE6EI,5.0,3
B000V2F3B8,4.666666666666667,3
B001AV3SWA,4.666666666666667,3
B0080AG3V2,5.0,3
B001AUYNB6,5.0,3
B0080APT1W,4.333333333333333,3
B00K6H2X8O,5.0,3
B004GIUNJ0,4.333333333333333,3
B000V2ZXR2,4.666666666666667,3
B0080EC5FG,5.0,3
B001BDIAP2,4.666666666666667,3
B000ULNH9U,5.0,3
B007WTZ3JU,4.666666666666667,3
B001CRZUXC,4.666666666666667,3
B007WU2734,5.0,3
B000ULNELG,5.0,3
B001CRUSL6,5.0,3
B000ULNEV6,4.666666666666667,3
B000F8RP64,5.0,3
B001CPY74W,5.0,3
B001CPEKH6,4.0,3
B001CS49MY,4.333333333333333,3
B007WZ8Z4E,5.0,3
B001CNLDQY,5.0,3
B004G23V2W,5.0,3
B001CN7X6I,4.666666666666667,3
B000ULNLTQ,5.0,3
B000143J94,4.0,3
B000ULP3GU,5.0,3
B001CLGG5E,5.0,3
B007X1WJT4,4.333333333333333,3
B00F3TQISQ,5.0,3
B001CL9XKE,4.333333333333333,3
B001CS3IJE,4.0,3
B007WTSCCK,5.0,3
B00F3ICFHA,4.666666666666667,3
B004FWTBFE,4.666666666666667,3
B000E1VVFS,4.0,3
B00F3HGZWW,4.0,3
B000ULLGHU,4.666666666666667,3
B004O3XB2S,4.0,3
B00F3IEV2C,4.666666666666667,3
B007WSJE82,4.0,3
B004FXOUI6,4.666666666666667,3
B00K4EL6FU,4.666666666666667,3
B000ULLPBM,4.666666666666667,3
B001CSROV2,4.333333333333333,3
B007WRYML2,4.666666666666667,3
B0095P4BFQ,5.0,3
B00IE7CSY2,5.0,3
B004G16JKE,4.333333333333333,3
B000143OB2,4.333333333333333,3
B001CS9HQW,5.0,3
B007X207N8,4.0,3
B001CL890O,4.666666666666667,3
B007X8RCYO,5.0,3
B001CHAOYW,5.0,3
B007X6CQD8,5.0,3
B007X6H77I,5.0,3
B007X6M8Y0,5.0,3
B000E2JWOY,5.0,3
B00BBO93D4,5.0,3
B001CG6C8U,4.333333333333333,3
B001CFTLRU,5.0,3
B004O3BUYY,4.666666666666667,3
B000F8K8IG,4.666666666666667,3
B000UO6ETM,5.0,3
B001CEBKFC,5.0,3
B000E2ZBUI,5.0,3
B001CE6KFM,4.666666666666667,3
B004G43UNA,5.0,3
B00957YSIY,4.666666666666667,3
B001CD3V64,5.0,3
B001CD2GSS,5.0,3
B00K4PH1ZS,4.666666666666667,3
B001CCGL12,5.0,3
B00BBNWM3S,4.666666666666667,3
B00GNT61IM,4.666666666666667,3
B001CJWHH2,5.0,3
B0095IUQK2,5.0,3
B001CL88LY,5.0,3
B0095IUBSY,5.0,3
B000ULPD24,5.0,3
B007X4LQKE,4.333333333333333,3
B000ULPFQI,4.0,3
B0095I4FVI,4.666666666666667,3
B0095HT1EU,5.0,3
B007X52O6I,5.0,3
B004O3RZMA,4.0,3
B004G2VVTW,4.666666666666667,3
B004G2RYUM,4.666666666666667,3
B000ULRGRE,5.0,3
B00GNPE4Q2,5.0,3
B007X5OS1W,4.666666666666667,3
B00BJTU3M6,4.666666666666667,3
B00GNORPN2,5.0,3
B000UMG0IY,5.0,3
B000UMG110,5.0,3
B000UMI1IG,4.333333333333333,3
B007X5W8NM,5.0,3
B001CT07CE,5.0,3
B007WEXYH8,4.333333333333333,3
B007WA1FIC,4.333333333333333,3
B000ULF93W,5.0,3
B000ULF9BO,5.0,3
B007WA7USG,5.0,3
B004FUK2IG,4.666666666666667,3
B007WDDC9Y,5.0,3
B000ULGMZ6,5.0,3
B001CYERFC,4.333333333333333,3
B000F9L7E4,4.333333333333333,3
B000ULF8NI,4.666666666666667,3
B000ULGN6E,5.0,3
B00014DG74,4.666666666666667,3
B00F35V13W,4.666666666666667,3
B007WG0550,5.0,3
B000ULGQW0,4.0,3
B00GOA058C,5.0,3
B007WGDLFQ,4.333333333333333,3
B009621CDM,4.666666666666667,3
B000ULGREC,5.0,3
B004O608F8,4.0,3
B000E177O2,4.333333333333333,3
B007WHAXP6,4.0,3
B001D0F62I,5.0,3
B00F2PTURC,5.0,3
B001D1DFCK,4.666666666666667,3
B00F2PZQIY,4.666666666666667,3
B001D11SIS,4.333333333333333,3
B000ULCYEO,5.0,3
B007W6DT4O,4.666666666666667,3
B001D0KVIW,5.0,3
B001D0I56M,4.0,3
B00GODJ5SK,5.0,3
B001D0G2DA,4.0,3
B001D0G2A8,5.0,3
B001D0F61O,4.666666666666667,3
B000ULEXR0,5.0,3
B001D0EL6A,4.666666666666667,3
B00014DQVU,5.0,3
B000ULDKEW,4.333333333333333,3
B00GOC7A9W,4.0,3
B007W9HHKI,5.0,3
B001D08V2U,5.0,3
B000ULETTC,4.666666666666667,3
B001D06X0M,4.333333333333333,3
B001CY87V2,5.0,3
B000ULH2DC,5.0,3
B001CT07JW,4.333333333333333,3
B001CT0AGM,5.0,3
B001CT0AB2,5.0,3
B00F3C2HG0,5.0,3
B004FVUM94,4.666666666666667,3
B001CT09ZE,4.333333333333333,3
B001CT09XQ,4.666666666666667,3
B001CT09TU,4.333333333333333,3
B001CT09SG,5.0,3
B007WR93DO,4.333333333333333,3
B007WR93PC,4.333333333333333,3
B000143S40,5.0,3
B001CT093Q,5.0,3
B001CT08W8,4.666666666666667,3
B004FW21Q0,5.0,3
B000E1PK4Q,5.0,3
B007WRQL3O,4.666666666666667,3
B007WRTVSQ,4.333333333333333,3
B001CT07PQ,4.666666666666667,3
B001CT0AI0,5.0,3
B000ULJJ1U,4.666666666666667,3
B000ULH31I,5.0,3
B001CXF7MK,4.333333333333333,3
B001CXD2PE,4.333333333333333,3
B000ULHE30,5.0,3
B001CWV43C,4.666666666666667,3
B000ULHHPU,4.666666666666667,3
B007WK2EFA,4.0,3
B000146LPS,4.666666666666667,3
B001CTECMA,5.0,3
B000ULI85I,4.666666666666667,3
B00I9JCD8G,5.0,3
B001CUU80E,5.0,3
B001CUSBDA,5.0,3
B007WM99WO,5.0,3
B007WMHUVG,4.666666666666667,3
B001CTNMIU,4.0,3
B007WMOVPY,5.0,3
B007WN4ZT0,4.333333333333333,3
B004FVSGR4,4.333333333333333,3
B000F93FVM,4.666666666666667,3
B00BJRDP0A,5.0,3
B004O2XO1M,4.666666666666667,3
B000US25IC,4.0,3
B001BMKRBI,5.0,3
B0001420Z8,5.0,3
B001BMFXTY,5.0,3
B0001420YO,5.0,3
B000141ZVI,4.666666666666667,3
B001BM5FAG,4.666666666666667,3
B000US25B4,4.0,3
B007Y6ETVE,5.0,3
B007Y6F6D4,4.666666666666667,3
B001BLHPKA,4.666666666666667,3
B000US25H8,4.0,3
B000US25HS,5.0,3
B007Y6F93Q,5.0,3
B001BKTYHI,4.666666666666667,3
B007Y6F940,5.0,3
B007Y6FAH6,5.0,3
B00F5T6HPS,4.666666666666667,3
B001BKRPGA,4.0,3
B007Y6FJTA,5.0,3
B001BKREDO,5.0,3
B007Y6IY5G,4.0,3
B001BKRC5O,4.0,3
B004G8JUP8,4.333333333333333,3
B00F5VQEJU,5.0,3
B00IDYRKHQ,4.333333333333333,3
B001BQP6NS,5.0,3
B001BQBH4A,4.666666666666667,3
B001BQ9R8S,4.666666666666667,3
B001BQ05F2,4.666666666666667,3
B001BPYACW,5.0,3
B007XY2PT0,5.0,3
B007XZSVLK,5.0,3
B0001425AS,5.0,3
B0094IPEI2,5.0,3
B001BPH6D2,4.333333333333333,3
B00F5LBOJA,5.0,3
B007Y2UTB2,5.0,3
B004NYEKX2,4.666666666666667,3
B007Y3JETE,5.0,3
B000URYTPU,5.0,3
B000URYTQ4,5.0,3
B004G8HJU6,4.0,3
B000US07WS,5.0,3
B0094GO2OQ,5.0,3
B001BO540K,4.333333333333333,3
B00F5KE6BY,4.333333333333333,3
B000US0822,4.333333333333333,3
B007Y6IYLK,5.0,3
B001BKPOY0,4.0,3
B007XC4J6E,5.0,3
B000141R2U,4.0,3
B007Y9H5SU,4.666666666666667,3
B000141PYK,4.0,3
B001BHDZSA,4.333333333333333,3
B00BJF8CS2,4.333333333333333,3
B007YC0WD2,5.0,3
B001BG4ZCQ,4.666666666666667,3
B00BJEQR8U,4.0,3
B001BFPG9I,4.666666666666667,3
B00949CII0,4.666666666666667,3
B00949C6U0,5.0,3
B004GB99UQ,4.333333333333333,3
B00BBU0EZE,4.333333333333333,3
B001BEOI8E,5.0,3
B000UTZ4CU,5.0,3
B001BDYXVC,4.333333333333333,3
B007YLUHTM,5.0,3
B00BJHU292,4.666666666666667,3
B001BKPO2C,5.0,3
B000F7ML4Q,5.0,3
B007Y6J0BI,5.0,3
B00F5Y575Y,4.333333333333333,3
B001BKPJ0O,5.0,3
B001BKNFPU,4.0,3
B001BKN2OY,4.0,3
B001BKN1BS,4.333333333333333,3
B004G95I12,5.0,3
B001BKE2T8,4.666666666666667,3
B00F63TA9I,4.0,3
B001BKLGZQ,5.0,3
B00GNA9UK2,4.666666666666667,3
B00BJJXBAW,5.0,3
B007Y7XSV0,5.0,3
B00F63VGZ4,5.0,3
B007Y7YUEY,5.0,3
B001BKKXOG,5.0,3
B004NW9WSM,4.0,3
B000USALAQ,4.666666666666667,3
B001BQW3X4,5.0,3
B001BQXNL0,5.0,3
B00BJP22V0,4.0,3
B001C72W4C,5.0,3
B007XINFV8,4.0,3
B007XIRN52,4.333333333333333,3
B001C56LO6,4.0,3
B007XIW8MK,4.333333333333333,3
B00GNHNY16,5.0,3
B00BJP9XIK,4.666666666666667,3
B007XJ1DW0,5.0,3
B001C4UHTC,4.666666666666667,3
B007XJDS78,5.0,3
B007XJLQEU,5.0,3
B007XJMFZE,5.0,3
B00F4JIA86,4.666666666666667,3
B007XHUS7S,5.0,3
B004O24ACY,5.0,3
B004O23ZBG,4.333333333333333,3
B00K58NEIM,5.0,3
B00F4LZKG4,4.666666666666667,3
B0094RTKHE,5.0,3
B000142UM6,5.0,3
B007XX6PWE,5.0,3
B000UPFJTW,5.0,3
B007XCAD3W,5.0,3
B0094YT5VS,5.0,3
B007XCBFLQ,4.333333333333333,3
B0094XWYAS,5.0,3
B00BBOP2G6,5.0,3
B0001432PK,4.0,3
B001CBBXZM,5.0,3
B007XCVTIK,4.0,3
B001CB9UZW,4.666666666666667,3
B001CB8VSO,5.0,3
B00BJQ6VY8,5.0,3
B00F4AV9JW,5.0,3
B001CB1YCE,4.666666666666667,3
B007XEALH8,4.333333333333333,3
B001CAVFZ6,4.0,3
B007XECW5C,4.666666666666667,3
B007XFQB9Y,5.0,3
B007XGVLFM,5.0,3
B001C94YQY,5.0,3
B000142VNE,4.666666666666667,3
B007XH153Y,5.0,3
B001C84HO4,4.333333333333333,3
B00F4F5BG4,4.333333333333333,3
B0094RTCXQ,4.666666666666667,3
B001C31LRK,5.0,3
B007XKYQ0U,4.0,3
B00F5064ZU,5.0,3
B0094KZ8EU,5.0,3
B001BSFDVQ,5.0,3
B00IE295XO,5.0,3
B001BSFD2K,5.0,3
B007XTNUGM,5.0,3
B0094KUI22,4.0,3
B007XUBSU6,5.0,3
B001BS25K8,4.666666666666667,3
B000UQSMJK,5.0,3
B0094KBKWY,4.666666666666667,3
B0094JPKBW,4.0,3
B004G7KSNC,5.0,3
B000UR953Q,5.0,3
B001BR4NIQ,5.0,3
B00BBRV7B2,5.0,3
B00GNFBQW2,4.666666666666667,3
B000URT0NG,4.0,3
B000142AEY,4.666666666666667,3
B001BQXTMI,5.0,3
B007XX4DVO,4.666666666666667,3
B0001428PU,4.0,3
B007XX4USU,4.333333333333333,3
B00F501VLM,5.0,3
B0094O0I32,5.0,3
B001BSIYSU,5.0,3
B001BSIZ16,5.0,3
B001C2V1RG,4.333333333333333,3
B001C1F844,5.0,3
B0094Q4KQ6,5.0,3
B00K5A6A7M,5.0,3
B001BZEKGS,4.333333333333333,3
B001BZ2JR0,5.0,3
B00F4RGA8A,4.0,3
B007XNNTX2,4.0,3
B004G7SJBK,4.333333333333333,3
B007XOEG7E,5.0,3
B007XOHUBS,4.666666666666667,3
B001BWT2HI,4.666666666666667,3
B001BWDFG2,5.0,3
B00F4V64A0,5.0,3
B001BWB2PI,4.333333333333333,3
B001BVWGEK,5.0,3
B00GNH6BW0,4.333333333333333,3
B000142JE0,4.666666666666667,3
B004NZRU6A,5.0,3
B00GS8GJ6C,4.666666666666667,3
B004F0KBDW,4.0,3
B00EEEI16I,4.333333333333333,3
B001KWGGXW,4.666666666666667,3
B007IXO580,4.333333333333333,3
B0001Y9UTW,5.0,3
B00EKJB84Y,5.0,3
B007J0CZXY,4.0,3
B001KUOHRG,5.0,3
B00GVHPPBK,5.0,3
B00EKLZ60E,5.0,3
B001KSCL3K,4.333333333333333,3
B007J1VJ2G,4.666666666666667,3
B007J30YFC,5.0,3
B007J3DE4K,4.666666666666667,3
B00EKPFK8S,4.666666666666667,3
B00EKPKMCM,4.666666666666667,3
B005QEMY4A,5.0,3
B004DBG3ZS,4.666666666666667,3
B00BA3Y75U,5.0,3
B00EKQBIH4,4.333333333333333,3
B007J5RVP6,5.0,3
B009GF64X2,4.0,3
B000FKGJQY,4.333333333333333,3
B009GJYBPG,4.0,3
B00EK56F28,5.0,3
B00BMTCUZQ,5.0,3
B009GJ2OCI,4.666666666666667,3
B007ISRDWK,4.0,3
B001KYNV0G,5.0,3
B00EK6HNX2,5.0,3
B001KYNUHU,4.666666666666667,3
B004DARIBC,4.666666666666667,3
B009GINDN8,4.333333333333333,3
B009GINDGU,4.333333333333333,3
B00EK8JUCC,5.0,3
B0001YNZ7U,5.0,3
B00EK9DLLC,4.333333333333333,3
B00I80047I,5.0,3
B001KY7OJ0,5.0,3
B000RLQMZO,5.0,3
B009GFVGP8,5.0,3
B001KXZSYY,5.0,3
B0001YOMT0,4.333333333333333,3
B001KXAWNG,4.666666666666667,3
B007IVVDR8,4.666666666666667,3
B001KP1FBC,5.0,3
B000RMO8N6,4.0,3
B000FKGDJW,5.0,3
B004DBVQ1E,4.333333333333333,3
B001KJNEDU,4.0,3
B001KJC1Y8,5.0,3
B004DBW960,4.0,3
B001KJ8YSA,4.666666666666667,3
B004DBXKLI,4.333333333333333,3
B001KIF3WG,4.666666666666667,3
B00BA6XODS,4.666666666666667,3
B001KER0GC,5.0,3
B001KEHEQI,4.666666666666667,3
B007JGUG2U,5.0,3
B009G532FA,4.333333333333333,3
B000RNJPOM,5.0,3
B001KK82RM,5.0,3
B009G4S9CW,4.333333333333333,3
B007JH09DU,5.0,3
B001K6EPXQ,5.0,3
B001K5WZHA,5.0,3
B001K5WA6Q,4.666666666666667,3
B0001XKA56,4.333333333333333,3
B000RNNI0O,4.0,3
B00EL27QRI,4.333333333333333,3
B004DCAOMA,5.0,3
B00EKYKNIG,4.0,3
B001KOTRAE,4.666666666666667,3
B001KNULUU,4.0,3
B001KOTR9U,4.333333333333333,3
B009GBB88C,4.0,3
B000FKGJ4G,4.666666666666667,3
B00GVFYY4G,4.666666666666667,3
B001KNXJ6I,4.666666666666667,3
B007J9QH0W,4.0,3
B001KNT7R8,4.0,3
B001KNO6VK,4.333333333333333,3
B000RNJ2HC,5.0,3
B000FKGIK6,4.666666666666667,3
B007JCIW7U,4.333333333333333,3
B001KNAS44,5.0,3
B00EKTO7X8,4.666666666666667,3
B007JCLDAS,4.666666666666667,3
B000CNMDXW,4.333333333333333,3
B007JD3IEG,4.333333333333333,3
B007JD4E8A,5.0,3
B007JD7L62,4.666666666666667,3
B001KYNY8K,4.333333333333333,3
B001KYTSAI,5.0,3
B007I0M2BK,4.0,3
B000RI67RU,5.0,3
B007I0M2LA,5.0,3
B007I2HETS,5.0,3
B0001ZZN9C,5.0,3
B000RI9C18,5.0,3
B000FKGSRO,4.666666666666667,3
B009GPPZ28,4.333333333333333,3
B007I4B87K,4.666666666666667,3
B007I5TEGQ,4.333333333333333,3
B00GW4X500,4.666666666666667,3
B001KYQKRM,5.0,3
B001KYQJVY,5.0,3
B001KYQGNA,4.333333333333333,3
B007I5ZTWY,4.0,3
B007I60VOY,5.0,3
B007I6MFQG,5.0,3
B007I6T5GY,4.333333333333333,3
B0001ZWOKI,5.0,3
B001KYQC48,4.666666666666667,3
B007I79VPS,5.0,3
B001KYQAE0,4.666666666666667,3
B004QEE7H8,5.0,3
B001KYQA6I,5.0,3
B00BMUYJZY,4.666666666666667,3
B0001ZZSSS,5.0,3
B001KYSYN0,4.333333333333333,3
B001KYSA8E,4.666666666666667,3
B001KYS8QI,4.666666666666667,3
B007HWL39G,4.333333333333333,3
B000RHKD30,4.333333333333333,3
B000RHMBSU,4.666666666666667,3
B007HZHI1U,5.0,3
B00EJIUDWE,4.666666666666667,3
B004D8F85C,4.666666666666667,3
B009GU8H5K,5.0,3
B001KYRXIC,4.0,3
B007I00FWS,4.333333333333333,3
B00B9V96VS,4.333333333333333,3
B007I8JK8K,5.0,3
B009GKOW0Y,5.0,3
B004D9H854,4.0,3
B001KYOATC,5.0,3
B001KYO9AW,4.666666666666667,3
B007IKOSTY,5.0,3
B000RKWKM4,5.0,3
B001KYO72M,4.333333333333333,3
B001KYO5AG,5.0,3
B007IL839E,4.666666666666667,3
B001KYO30I,5.0,3
B007IL9GQI,4.666666666666667,3
B001KYO2CW,4.333333333333333,3
B009GLQ8P0,4.666666666666667,3
B00IGEU3N6,5.0,3
B0001Z5ZQ8,5.0,3
B004D9XDJ4,4.333333333333333,3
B000RL2S4I,4.666666666666667,3
B007INO6GQ,4.666666666666667,3
B004QDTHH4,4.0,3
B00BMTM45C,5.0,3
B001KYNZGQ,5.0,3
B00BA105CQ,5.0,3
B000RL6KAQ,4.666666666666667,3
B001KYNYF8,4.666666666666667,3
B007IJOGO2,4.666666666666667,3
B001KYQ4S2,4.666666666666667,3
B001KYQ842,4.666666666666667,3
B00JTSOVJK,5.0,3
B00EJT88D4,5.0,3
B00EJTCL5A,5.0,3
B00EJTHNA8,5.0,3
B001KYQ5QS,4.0,3
B000RIXKR0,4.666666666666667,3
B000FKGRSO,5.0,3
B000RJ19O0,5.0,3
B001KYQ4SM,5.0,3
B007IE76LC,5.0,3
B0001ZR642,4.0,3
B004QEBV86,5.0,3
B001KYQ2WA,4.0,3
B00EJVX6HA,5.0,3
B004QEAMOA,4.333333333333333,3
B001KYQ1LM,4.666666666666667,3
B00GVMPJU2,4.0,3
B0001ZR63I,5.0,3
B000RJS4YI,4.0,3
B0001XKA42,4.333333333333333,3
B007KFN03M,4.666666666666667,3
B001JBB0EY,4.333333333333333,3
B00EMTCSJG,5.0,3
B00BMHWSPA,4.333333333333333,3
B007KJ02ZW,5.0,3
B001JB8Y5W,5.0,3
B001JB74KS,5.0,3
B001JB74DU,4.0,3
B001JB5694,4.333333333333333,3
B001JB54UA,5.0,3
B00BMHRXEG,5.0,3
B001JBC45S,5.0,3
B000FJ69LU,5.0,3
B001JAH2VK,4.0,3
B009FERR12,4.333333333333333,3
B001JAH2UG,4.333333333333333,3
B007KM33SM,4.333333333333333,3
B001JAH2OW,4.666666666666667,3
B007KM98WM,5.0,3
B009FCU5GS,4.666666666666667,3
B001JAH2MO,5.0,3
B001JAH2LA,5.0,3
B007KB7BOA,5.0,3
B001JI6HF4,4.0,3
B001JI6BAA,4.0,3
B000RPEXT2,4.666666666666667,3
B009FL8F3E,5.0,3
B007KABC5A,4.666666666666667,3
B000RPIC2Q,5.0,3
B00EMK5QNA,4.666666666666667,3
B007KBK0JI,4.0,3
B0001TPRGM,5.0,3
B000CNP4FG,4.666666666666667,3
B00EMNTUFC,5.0,3
B007KDGPO0,4.0,3
B004DIRSB4,4.666666666666667,3
B00BMI7JOO,5.0,3
B009FKGY0Q,5.0,3
B007KEZXII,4.0,3
B001JD1H54,4.0,3
B009FKE1JC,5.0,3
B004DIT90W,4.0,3
B009FBW0WG,4.666666666666667,3
B001JAH2L0,4.666666666666667,3
B007JLKYO0,5.0,3
B00ENNVDQ0,4.666666666666667,3
B001J789TC,5.0,3
B009F1HYO0,5.0,3
B004DJGWWO,5.0,3
B009F133QS,4.333333333333333,3
B007L02MYE,5.0,3
B001J4IJJA,5.0,3
B009F0AJWU,4.333333333333333,3
B001J2ZXIC,4.333333333333333,3
B007KWTVJM,4.666666666666667,3
B001J2I5XM,5.0,3
B009EZDF5E,5.0,3
B001J1ICQI,5.0,3
B001J0U97E,4.333333333333333,3
B007L4GQN8,4.666666666666667,3
B007L4LVP6,4.666666666666667,3
B004DK0K6C,5.0,3
B001IZYQQU,4.333333333333333,3
B001IZ46KQ,5.0,3
B009F25VLC,4.333333333333333,3
B004Q3FX8Q,5.0,3
B007KWMX6U,4.0,3
B001JA1PT0,5.0,3
B007KQ23HU,5.0,3
B000FJ56SW,4.0,3
B000FJ4CVE,5.0,3
B00ENA25C4,4.333333333333333,3
B007KSWBP2,4.666666666666667,3
B001J9NBN4,5.0,3
B007KSWQKC,4.666666666666667,3
B007KWNDQE,5.0,3
B001J7COXE,5.0,3
B001J8JBES,4.333333333333333,3
B00ENF2GHI,4.333333333333333,3
B00JVD3C5C,5.0,3
B004DJ1X1E,4.333333333333333,3
B001J7CWX6,4.333333333333333,3
B001JIAQJ2,5.0,3
B000CNO4HK,5.0,3
B000RNPMCG,4.0,3
B0001WJ6M0,4.333333333333333,3
B007JUIC40,4.666666666666667,3
B001JYSKY4,4.666666666666667,3
B001JYQVZO,4.666666666666667,3
B00ELMIPLY,4.666666666666667,3
B007JUUYCS,4.666666666666667,3
B001JYLKH8,5.0,3
B001JYFM5O,4.333333333333333,3
B001JYBT5G,5.0,3
B001JYYIZ4,4.666666666666667,3
B007JUW4JO,4.666666666666667,3
B001JTNG9S,4.666666666666667,3
B001JTLLEK,4.0,3
B000FJU86W,5.0,3
B00ELPQI9C,4.333333333333333,3
B007JVK2OW,5.0,3
B001JTF3TY,4.0,3
B001JTCKGI,4.666666666666667,3
B00BMJJOB4,4.0,3
B004DEYNPW,5.0,3
B007JR5B1U,4.333333333333333,3
B007K9WZIE,5.0,3
B001JZ3V3I,4.666666666666667,3
B007JLLFKC,5.0,3
B007JLYS2E,5.0,3
B001JZURF8,5.0,3
B001JZP0VO,5.0,3
B001JZKB2M,5.0,3
B0001XDZQM,4.0,3
B0001XDUC6,4.666666666666667,3
B001JZ5PEQ,4.666666666666667,3
B00ELB8VVY,5.0,3
B007JO81I8,5.0,3
B001JZ3TB2,4.0,3
B007JQAO9K,4.666666666666667,3
B00BAATL9U,4.666666666666667,3
B000RNO9M0,4.333333333333333,3
B004Q9U5CO,4.0,3
B00ELGF360,5.0,3
B000RNPKFA,4.666666666666667,3
B009G0E4MK,4.666666666666667,3
B0001XDTM2,5.0,3
B000CNO4BG,5.0,3
B009G0E0XS,4.666666666666667,3
B004Q8MUF0,4.333333333333333,3
B001JSAMKU,4.666666666666667,3
B000ROKB3K,4.666666666666667,3
B001JNY2FG,5.0,3
B000FJP2SQ,5.0,3
B007K69NGY,5.0,3
B001JLACES,4.666666666666667,3
B00GUSO9W6,5.0,3
B000ROOAEG,5.0,3
B00GUSJMT6,4.666666666666667,3
B00EM5LNUK,4.666666666666667,3
B001JKR9BI,4.333333333333333,3
B001JKQUJA,5.0,3
B007K6CNMU,4.666666666666667,3
B001JQLO1I,5.0,3
B000FJOQJ2,5.0,3
B009FN5AR6,5.0,3
B007K6TFUI,4.333333333333333,3
B009FN2DL2,5.0,3
B007K8JE0W,5.0,3
B00EMCGTAW,5.0,3
B001JJGT4M,4.333333333333333,3
B007K9KHUM,4.666666666666667,3
B00I84XWOG,5.0,3
B007K3UKDC,5.0,3
B0001VUJDQ,5.0,3
B00ELSBUYW,4.0,3
B004DF3JC4,5.0,3
B000RO4VLI,4.333333333333333,3
B001JQLNPK,5.0,3
B007JXAN58,5.0,3
B0001VUGR0,5.0,3
B000RO8DOY,5.0,3
B001JQLNKU,4.333333333333333,3
B000CNP3MK,5.0,3
B0001VRNZ8,5.0,3
B001JQLNE6,4.333333333333333,3
B00BMJJNQA,4.666666666666667,3
B009FPVNEI,5.0,3
B00BAF2WLY,5.0,3
B0001VKNZA,4.666666666666667,3
B0001V59EA,4.666666666666667,3
B004DG2HZ8,4.333333333333333,3
B007K1BMMM,5.0,3
B007K1OMFG,4.666666666666667,3
B000FJQRKI,5.0,3
B00BAFDT5W,4.0,3
B0001V2CKE,4.333333333333333,3
B001JPH3TG,5.0,3
B001KYTRFY,4.333333333333333,3
B001KYTSB2,5.0,3
B004PZPPCE,4.333333333333333,3
B004QN72CG,5.0,3
B001M05C50,5.0,3
B00021CI0C,4.666666666666667,3
B00BN6Z316,5.0,3
B001LYIBA0,4.666666666666667,3
B00021CD70,4.0,3
B004CVI2NK,4.666666666666667,3
B007FHRE0A,5.0,3
B000FKJP0Q,4.0,3
B007FG6IG2,5.0,3
B007FIRVD4,4.666666666666667,3
B007FIU7QM,5.0,3
B004QM49S2,4.666666666666667,3
B009IF252E,5.0,3
B001LXTQV4,5.0,3
B007FIUCWG,4.333333333333333,3
B001LXSORQ,5.0,3
B004CYUK32,5.0,3
B001LXQ5ZO,4.666666666666667,3
B007FJ1GWU,5.0,3
B001LXNSC2,4.333333333333333,3
B001LXFUYQ,5.0,3
B004CTOSEE,4.666666666666667,3
B00EFDZIVE,5.0,3
B004CSXUWG,4.666666666666667,3
B00EFE6D6W,5.0,3
B001M5F8OA,5.0,3
B00021CUD2,5.0,3
B001M5F3V8,5.0,3
B007F41Z76,5.0,3
B00021CTII,5.0,3
B001M5ESQ4,5.0,3
B004QNVSBC,4.0,3
B001M5DFJK,4.333333333333333,3
B001M25ONS,4.333333333333333,3
B001M5D0WC,5.0,3
B004CTRKJO,5.0,3
B00JS8NSD6,5.0,3
B001M59CNS,5.0,3
B004CTWFR6,5.0,3
B007FAQZOS,5.0,3
B000R8WIM8,4.666666666666667,3
B001M3ELG8,5.0,3
B004QNKDZE,4.666666666666667,3
B00EFVO8C6,5.0,3
B001M25WA8,5.0,3
B007FKEHE8,4.333333333333333,3
B009IA7542,5.0,3
B00GX46J8Y,5.0,3
B000R92T6W,4.333333333333333,3
B000R90OMI,5.0,3
B009I2NT2M,4.666666666666667,3
B001LNSMGE,4.666666666666667,3
B000R90Q0S,4.0,3
B00021BCG8,4.333333333333333,3
B00EGSH2NK,5.0,3
B007FZS4T2,5.0,3
B000R90QU8,4.666666666666667,3
B000R90TSW,5.0,3
B000R92UIY,4.666666666666667,3
B001LNOEJI,5.0,3
B001LNOE52,4.666666666666667,3
B00021B114,4.666666666666667,3
B00EH127IQ,4.0,3
B00BN3QNTA,4.666666666666667,3
B001LNODLM,4.333333333333333,3
B00021AR8M,5.0,3
B001LNOCRC,5.0,3
B00GWU0RCI,5.0,3
B001LOV7TW,5.0,3
B000CMFQI2,4.0,3
B007FL9B3E,5.0,3
B001LU16SS,5.0,3
B001LU0W1U,5.0,3
B001LTYU4G,4.333333333333333,3
B00B9M9NLA,4.0,3
B00GWV8C5Q,5.0,3
B001LTUW2A,4.333333333333333,3
B001LTTQJK,4.666666666666667,3
B00BN4BD5S,5.0,3
B009I6NIRO,5.0,3
B004QLMDOU,4.0,3
B001LROWP0,5.0,3
B001LRBZZK,4.0,3
B001LR3NSC,5.0,3
B009I4FV0I,5.0,3
B001LQV6U0,4.0,3
B00021BI3A,4.333333333333333,3
B007FWEDQ8,5.0,3
B007FWG3IY,4.333333333333333,3
B001LQ2HBW,5.0,3
B007FWMZCW,4.666666666666667,3
B001LP9TEQ,4.333333333333333,3
B009I2SO6I,5.0,3
B001LOYOQA,4.666666666666667,3
B001M5H26C,4.0,3
B004QNZUUC,5.0,3
B0001ZZTYQ,4.0,3
B000R8QQAI,4.333333333333333,3
B001MIZBZS,4.0,3
B00021DKQS,4.0,3
B001MIZBRG,5.0,3
B004CNVHFS,4.666666666666667,3
B007DJFRC2,5.0,3
B001MIZBLW,5.0,3
B009J3MQ8I,5.0,3
B001MIPHA2,5.0,3
B001MINWHM,4.333333333333333,3
B007DKSZFW,5.0,3
B00EEK1LKK,4.666666666666667,3
B00EEK7XUW,4.333333333333333,3
B00EEKC6EA,5.0,3
B007DLXK0G,4.333333333333333,3
B004CP5DZ6,4.333333333333333,3
B007DUPE0Q,4.666666666666667,3
B00B9K4OAC,5.0,3
B007E1CI2G,4.666666666666667,3
B004CPT4KQ,5.0,3
B000R8QY6Y,5.0,3
B009IXJBUK,5.0,3
B007E2R7TY,4.333333333333333,3
B00EEI9PV4,5.0,3
B001MIZC4I,5.0,3
B001MNAKLS,5.0,3
B000R7E2R8,5.0,3
B009JCV8PQ,4.666666666666667,3
B00JRKDSSA,4.666666666666667,3
B004CNMZ3Q,4.666666666666667,3
B00021DMFM,5.0,3
B001MJT8O2,4.666666666666667,3
B000CLH4BK,4.333333333333333,3
B00EEGZSM6,5.0,3
B007D9VK14,4.333333333333333,3
B007D9ZFQ0,4.666666666666667,3
B000R859A6,4.0,3
B001MIZMOI,4.666666666666667,3
B000R8JOGG,4.333333333333333,3
B007DB660W,5.0,3
B001MIZCB6,4.666666666666667,3
B000R8QLHQ,5.0,3
B007E35M5O,4.333333333333333,3
B00EFDDSUC,4.0,3
B001M8Z1VM,5.0,3
B00EF69T8O,5.0,3
B00021D3FQ,4.666666666666667,3
B001M8YNAC,4.666666666666667,3
B00BN7KTD2,4.666666666666667,3
B007EN4E6C,5.0,3
B001M8PI56,4.666666666666667,3
B007EQQPAC,5.0,3
B001M68GGG,4.333333333333333,3
B001M5NSI8,4.666666666666667,3
B001M5JCME,5.0,3
B001M5JBQ6,4.333333333333333,3
B001M5IKY0,5.0,3
B007EYL7G6,4.666666666666667,3
B004QOHE8C,4.333333333333333,3
B007EZJTAG,4.333333333333333,3
B00EFD2N8U,4.333333333333333,3
B004QO5ASI,4.0,3
B001M5H9GA,5.0,3
B007F0WMFO,4.666666666666667,3
B001M91H3W,5.0,3
B000FKJR2M,4.666666666666667,3
B004QP61Z8,5.0,3
B009IXG22U,5.0,3
B00EETDLWM,5.0,3
B00021DC70,5.0,3
B004QP4ESO,5.0,3
B007E9VD74,4.666666666666667,3
B001MA9OW2,4.333333333333333,3
B007ECDJA0,5.0,3
B007ED92PU,5.0,3
B001MA7Q7C,5.0,3
B007EI3BI4,4.0,3
B007EF9PGO,4.333333333333333,3
B007EFISJO,4.666666666666667,3
B001MA2G4A,4.0,3
B001MA2C4O,5.0,3
B00EEZ8QEO,4.0,3
B00EEZLNFS,5.0,3
B001MA2B9A,4.0,3
B00021D9SC,4.666666666666667,3
B001M9BLRY,5.0,3
B00EF1EJUW,4.0,3
B007G5Y2WY,4.666666666666667,3
B007G6DIGY,4.666666666666667,3
B009H5TOME,4.666666666666667,3
B000215WQ4,4.333333333333333,3
B007HKOKV6,5.0,3
B000RERNE0,5.0,3
B000214594,4.0,3
B001KZ0A0Y,5.0,3
B00020YYT6,5.0,3
B007HL4998,4.333333333333333,3
B001KYXR1Y,5.0,3
B00BMVYFKC,4.0,3
B00020YY3M,4.333333333333333,3
B001KYWABW,5.0,3
B009H87AQS,5.0,3
B009H57YDK,4.0,3
B001KYW706,5.0,3
B000FKHJMC,5.0,3
B009H57WNC,5.0,3
B007HNIE2E,4.0,3
B007HNIGE0,5.0,3
B007HNKS78,5.0,3
B001KYVX6K,4.666666666666667,3
B007HKMN7E,4.333333333333333,3
B007HO1YAM,4.333333333333333,3
B00GWDZBHQ,4.0,3
B009HECMXS,4.0,3
B009HE3ZGG,5.0,3
B004QIVC2M,5.0,3
B001L3EOV6,5.0,3
B001L3DKIO,4.0,3
B007HC6CJW,4.666666666666667,3
B001L2KI1W,4.666666666666667,3
B004D4F540,5.0,3
B00JSYXPVK,5.0,3
B00JSZBXXG,5.0,3
B007HHR778,4.666666666666667,3
B007HKMK0O,4.666666666666667,3
B001L14ZK8,4.333333333333333,3
B00EIJO4RY,4.333333333333333,3
B00EIK5O36,5.0,3
B009H9GXGA,4.333333333333333,3
B000CNEOLQ,5.0,3
B007HKJ5Z2,5.0,3
B007HKMG7G,4.666666666666667,3
B000RFA8UA,4.333333333333333,3
B00EH6R5J2,4.333333333333333,3
B001KYU50U,4.666666666666667,3
B000RGWM4E,4.0,3
B007HTSKSQ,4.666666666666667,3
B007HTSZTA,4.666666666666667,3
B000RGYNH8,5.0,3
B00EJDAKJK,5.0,3
B001KYU1PY,4.666666666666667,3
B000RGYOKO,5.0,3
B00IGG8KAW,4.666666666666667,3
B001KYU0GO,5.0,3
B007HTVJ0C,5.0,3
B007HTR2WG,5.0,3
B007HTX4BO,5.0,3
B001KYTXEE,5.0,3
B001KYTXD0,5.0,3
B007HU2FA4,4.333333333333333,3
B00GW7KA96,5.0,3
B007HU2I6A,5.0,3
B001KYTVR8,4.0,3
B001KYTVFK,4.666666666666667,3
B004D77OGY,4.0,3
B007HTQ07E,4.0,3
B007HO7CLM,4.666666666666667,3
B009H4VAUY,4.0,3
B001KYVSX8,4.333333333333333,3
B007HONEMI,5.0,3
B009H441G4,4.666666666666667,3
B00EJ4XCGC,4.333333333333333,3
B007HOOGCU,5.0,3
B007HPUYZC,5.0,3
B001KYVOFU,5.0,3
B004D5QQD8,4.0,3
B001KYVNNI,4.666666666666667,3
B001KYVM02,4.0,3
B000RG2Y88,4.333333333333333,3
B000RG2YA6,4.666666666666667,3
B00B9TU5T2,5.0,3
B007HS0KY4,5.0,3
B00GWAMSH0,4.333333333333333,3
B007HTHD2K,5.0,3
B001KYU9HY,4.666666666666667,3
B007HTNKGS,5.0,3
B00020E298,4.0,3
B009HEMMI8,5.0,3
B00EHKZB08,5.0,3
B000R9C5RU,5.0,3
B000FKHYAE,5.0,3
B007GGGHM6,5.0,3
B004D22XNS,4.0,3
B007GGPOM0,5.0,3
B009HSRLKS,4.666666666666667,3
B007GHOUEC,4.0,3
B001LFCHFE,4.333333333333333,3
B001LFC89Y,4.0,3
B007GIMNDG,4.333333333333333,3
B00B9MG24G,4.0,3
B007GFHH62,4.0,3
B000CMKFSI,5.0,3
B00EHQFUBC,5.0,3
B00EHQO3G0,4.0,3
B000R9N7SQ,4.0,3
B00B9MG3JU,4.666666666666667,3
B000R9OQTA,4.333333333333333,3
B009HRSSXI,4.666666666666667,3
B000R9V0XU,5.0,3
B000R9VBFM,5.0,3
B001LF4DMO,5.0,3
B00GWGW93M,5.0,3
B009HRNFP4,5.0,3
B007GOAOR2,4.0,3
B000R9A3GA,4.666666666666667,3
B00BN1DWIM,4.666666666666667,3
B001LLH4JM,5.0,3
B000R92Y8A,4.0,3
B001LKOE9G,4.0,3
B001LKEY6E,4.333333333333333,3
B009I0HDOO,4.666666666666667,3
B009I0ETNW,4.666666666666667,3
B001LJESHA,5.0,3
B00EHAXCUY,5.0,3
B009HXI21K,4.0,3
B009HXBXJS,5.0,3
B004D18LNK,5.0,3
B000R94TYC,4.0,3
B000R94PSM,5.0,3
B001LGKOR6,5.0,3
B007GDSFLK,4.666666666666667,3
B001LGHBXQ,4.0,3
B007GDYJFG,4.333333333333333,3
B004D1JCW4,4.333333333333333,3
B007GE1KGG,5.0,3
B001LG8VZS,5.0,3
B001LG8T5K,5.0,3
B000RAA6SE,4.0,3
B001LF4CW0,4.666666666666667,3
B007H4DEVE,4.333333333333333,3
B001L8ZUIW,4.666666666666667,3
B00B9NXEGY,4.333333333333333,3
B001L80F00,4.666666666666667,3
B004D2RAZY,4.0,3
B004D2RC8Y,4.666666666666667,3
B00EI3KKNM,5.0,3
B007H4G902,5.0,3
B009HRMJ2O,4.666666666666667,3
B001L74BTC,5.0,3
B004QJ42G4,4.333333333333333,3
B000217OEW,5.0,3
B001L6AKQ6,4.333333333333333,3
B007H5CIO2,4.0,3
B00B9OR1IA,4.0,3
B004D2V57I,4.666666666666667,3
B009HLQGOM,4.333333333333333,3
B001LAQUM0,4.666666666666667,3
B00021A57A,4.666666666666667,3
B007GP94ZE,4.333333333333333,3
B001LF4AZY,4.666666666666667,3
B000FKHWYC,5.0,3
B001LEPFFY,5.0,3
B007GS3NEE,5.0,3
B004QJLDUW,5.0,3
B007GTE7O8,4.0,3
B009HP4SMU,5.0,3
B001LBXAQ8,5.0,3
B007GZI5IQ,4.666666666666667,3
B000217ZXW,5.0,3
B007GZKP6G,4.333333333333333,3
B007GZMSJI,5.0,3
B007H0RGC6,5.0,3
B007H0S80K,4.0,3
B004D2OE94,4.333333333333333,3
B004F0IJL8,4.333333333333333,3
B001FWXJ2S,5.0,3
B007P5J18A,5.0,3
B004EG3U5I,4.666666666666667,3
B009BNL9HA,4.0,3
B004EG6NFM,4.666666666666667,3
B001FWXJBE,5.0,3
B009BNE80A,4.666666666666667,3
B00ESGGWXQ,5.0,3
B004P68HD2,4.0,3
B000SDX8EO,4.666666666666667,3
B007P7OY94,5.0,3
B009BMF2SI,5.0,3
B00BB3JXPS,4.0,3
B000SDXCS6,5.0,3
B007P7PV6Y,4.0,3
B009BJ4FXY,4.666666666666667,3
B001FWXIOW,4.666666666666667,3
B009BJ25YU,4.666666666666667,3
B004P5C5EK,5.0,3
B001FWXIKG,4.666666666666667,3
B004EHIA52,5.0,3
B000SEQG6U,5.0,3
B00ESG355O,4.333333333333333,3
B007P5BOXK,4.0,3
B001FWXI9C,5.0,3
B001FWXMHK,5.0,3
B001FYT2A4,4.666666666666667,3
B000SD8VHS,4.666666666666667,3
B000SDJWVC,4.333333333333333,3
B009BT7VC6,4.0,3
B007P29A6G,4.0,3
B000SDKUEK,4.333333333333333,3
B001FWXMU2,5.0,3
B004EFGGGE,5.0,3
B004EFPRMS,4.333333333333333,3
B001FWXMK2,5.0,3
B000FG8T3Y,5.0,3
B001FWXMIO,4.666666666666667,3
B009BRP5LW,4.666666666666667,3
B007P55BMA,5.0,3
B004P7DY6G,4.0,3
B00BLV26CM,5.0,3
B001FWXM8Y,4.0,3
B001FWXM70,5.0,3
B007P3ZUF0,5.0,3
B004EFZDM2,4.666666666666667,3
B007P4C8QI,4.666666666666667,3
B001FWXKJK,4.666666666666667,3
B007P4NV0K,4.666666666666667,3
B007P4Y0JQ,4.666666666666667,3
B009BPYQWI,5.0,3
B009BPT88U,4.0,3
B001FWXK3Q,5.0,3
B007P7QX02,4.333333333333333,3
B009BFD69M,4.666666666666667,3
B001FYT6F0,4.333333333333333,3
B001FU24HQ,4.666666666666667,3
B000SI7KB6,5.0,3
B001FVLS4A,5.0,3
B007PFKGTS,5.0,3
B001FVESBK,4.666666666666667,3
B007PFVKK2,4.0,3
B00BLQD7HK,4.0,3
B0001BNT24,4.0,3
B001FU6PQ2,5.0,3
B009B8YPXK,5.0,3
B007PIQ8EW,5.0,3
B000SIIIUI,5.0,3
B001FTD8VS,4.0,3
B00BLQ6WL8,5.0,3
B007PJ6AAS,4.666666666666667,3
B007PJCNX6,5.0,3
B00ET11X4I,4.0,3
B001FSNFPS,4.333333333333333,3
B007PJF1SA,5.0,3
B001FSKD76,4.666666666666667,3
B007PJG8D2,5.0,3
B007P7RCQG,4.666666666666667,3
B009BED5YE,4.333333333333333,3
B007P7RPEK,4.666666666666667,3
B00GT7YPZ4,4.333333333333333,3
B004P593M2,5.0,3
B007P7S788,5.0,3
B000SG2HMA,4.0,3
B004P591RO,4.666666666666667,3
B00BLS69KA,4.666666666666667,3
B007P7XUQ2,4.0,3
B0001BNU8C,4.666666666666667,3
B0001BNZRI,5.0,3
B000CR1TWY,4.666666666666667,3
B001FWXGV2,5.0,3
B009BD88NI,5.0,3
B000FG8SVC,5.0,3
B001FWXGBC,5.0,3
B007PBNQ62,4.333333333333333,3
B009BCLJMQ,5.0,3
B009BBCN6I,5.0,3
B001FYT4PW,5.0,3
B007P295TI,4.666666666666667,3
B000S95PZS,5.0,3
B004ECCHAG,4.333333333333333,3
B009C9Y72W,5.0,3
B001G7PJ5M,5.0,3
B004PA01D2,4.0,3
B001G7PIUS,5.0,3
B0001EKSNE,5.0,3
B001G7PIQC,5.0,3
B001G7PIQ2,4.666666666666667,3
B001G7PIN0,5.0,3
B007OT1S24,4.0,3
B007OT1SJ2,4.333333333333333,3
B000S97MH2,4.333333333333333,3
B001G7DWGA,5.0,3
B00I8SN94A,4.333333333333333,3
B001G77MAM,4.666666666666667,3
B001G773LU,4.333333333333333,3
B001G773FQ,4.333333333333333,3
B004P9L0A6,4.666666666666667,3
B001G72HJS,5.0,3
B001G703O4,4.0,3
B000S998TC,4.666666666666667,3
B001G7PJP2,4.666666666666667,3
B001G6XEUU,4.666666666666667,3
B00I8R44CM,5.0,3
B009CF5S7E,4.0,3
B00EQFHJKO,4.333333333333333,3
B007ONF43E,4.333333333333333,3
B0001EKWWQ,4.333333333333333,3
B001G7PMXQ,4.666666666666667,3
B000FGW0E8,5.0,3
B001G7PMCC,5.0,3
B007OQD758,4.0,3
B001G7PM86,5.0,3
B001G7PLVO,5.0,3
B00I8RNMPW,5.0,3
B007OQPQ34,5.0,3
B001G7PLEQ,5.0,3
B007OQQAR0,4.666666666666667,3
B001G7PLBE,5.0,3
B00IFH3FIY,5.0,3
B001G7PK42,4.0,3
B001G7PK1U,5.0,3
B00EQP9CHM,4.666666666666667,3
B0001EKTBU,4.333333333333333,3
B000SAZT1M,4.333333333333333,3
B001G290VQ,5.0,3
B00BLVSUV8,4.666666666666667,3
B00ERWWLMW,5.0,3
B001G12TPQ,5.0,3
B009BV7EPI,5.0,3
B00ERY4W90,4.666666666666667,3
B007P0MIPS,4.0,3
B000SBDERC,5.0,3
B0001BORPC,4.0,3
B000SBG6KY,5.0,3
B007P0MO5C,4.0,3
B009BTN7EW,4.666666666666667,3
B007P1NP2M,5.0,3
B00BLVSPRC,4.666666666666667,3
B001FZIOC0,5.0,3
B007P292FA,4.0,3
B004EF0MNC,5.0,3
B004EE8PFK,5.0,3
B004EE1O4Y,4.0,3
B000FGCW2I,4.0,3
B0001DHH2K,4.333333333333333,3
B004EDB0GW,4.0,3
B001G60I4K,5.0,3
B00ERBS0XM,4.666666666666667,3
B000S9MJFW,4.666666666666667,3
B001G5JL26,5.0,3
B0001DBM30,4.0,3
B001G5A6CU,4.666666666666667,3
B009C5O13G,4.0,3
B00JXRBVYU,5.0,3
B001G45U54,4.666666666666667,3
B001G44ID4,5.0,3
B009C3QL2C,5.0,3
B001G2LTZQ,5.0,3
B001G2LNIO,4.666666666666667,3
B007OYOPDI,4.666666666666667,3
B000CR2ISI,4.666666666666667,3
B001FSK736,5.0,3
B009B555NM,4.333333333333333,3
B001F51T04,4.666666666666667,3
B00BB8KSYS,4.666666666666667,3
B00EUKRGXA,5.0,3
B000195UPU,5.0,3
B007QOPAZS,4.666666666666667,3
B007QQQWHQ,4.0,3
B001F51PTO,5.0,3
B001F4YGY6,5.0,3
B000CREPVG,4.333333333333333,3
B000FFFP96,4.0,3
B004EVRFRC,4.333333333333333,3
B009AIJJC8,4.333333333333333,3
B00GSD933S,5.0,3
B001F3ES0Y,4.0,3
B007QTOQOE,5.0,3
B009AIDARS,4.666666666666667,3
B000SST1GS,4.666666666666667,3
B000SST1MC,5.0,3
B007QV8OD6,4.666666666666667,3
B001F36OT2,4.666666666666667,3
B00GSCLPNK,5.0,3
B001F34VF6,5.0,3
B007QJHCVI,4.0,3
B000SRPNMU,5.0,3
B000SQMIKG,4.666666666666667,3
B007QE552G,5.0,3
B004ET1L4C,5.0,3
B00EUHBCIS,5.0,3
B001F7EAYE,4.666666666666667,3
B007QEBDDQ,4.666666666666667,3
B007QEDMSU,4.333333333333333,3
B004OXG2VA,4.666666666666667,3
B00EUKCA72,5.0,3
B004ETH0BU,5.0,3
B001F51VJI,5.0,3
B001F51VH0,5.0,3
B004ETIZ3M,5.0,3
B00JZKWME8,4.666666666666667,3
B009AGZQ18,4.0,3
B007R5TI2M,5.0,3
B009AE7RFS,5.0,3
B000SX0Y5A,5.0,3
B00BB8MC1A,4.666666666666667,3
B007QYXMD0,5.0,3
B00BL9EJTC,5.0,3
B001F084IO,4.666666666666667,3
B001F0686E,4.0,3
B004OUGD62,5.0,3
B000195KIW,5.0,3
B001EZ3XU4,4.0,3
B00GS9IEUK,5.0,3
B007R5XSI2,4.0,3
B004EWY9DE,4.666666666666667,3
B001EYCE7I,4.333333333333333,3
B00BB8MD3W,5.0,3
B009A6TGMS,4.666666666666667,3
B001EY1CX0,4.666666666666667,3
B00GS8HSXA,4.666666666666667,3
B001EXW1PO,4.0,3
B007R6E5OC,5.0,3
B00EV616Q6,4.333333333333333,3
B004EWT0XS,4.0,3
B007QVVBIG,5.0,3
B007QX34KW,4.666666666666667,3
B007QX3Z6U,4.666666666666667,3
B001F1Y3Q0,5.0,3
B007QX4OYW,5.0,3
B00EUV3A1Q,5.0,3
B001F1Q46C,4.333333333333333,3
B007QX5ZQS,5.0,3
B001F0V0S0,5.0,3
B007QX68W8,5.0,3
B007QYVJYO,4.333333333333333,3
B001F0R7Y6,4.0,3
B007QXGCD8,4.666666666666667,3
B00BB8LQ6C,4.333333333333333,3
B009AFUADS,5.0,3
B00GSBTK1K,4.333333333333333,3
B00EUXO88I,4.0,3
B001F0QXCS,5.0,3
B009AFHJ8C,4.333333333333333,3
B000SWXZO8,4.0,3
B001F8KSH6,4.666666666666667,3
B009AT2QVI,4.0,3
B001FO6AOA,4.666666666666667,3
B000SLOYO4,4.333333333333333,3
B001FORILY,4.666666666666667,3
B001FORIEG,4.333333333333333,3
B009AZ6GWW,4.0,3
B000SLRP3G,5.0,3
B001FOM4WM,4.666666666666667,3
B001FOM29M,5.0,3
B007PSI9D0,5.0,3
B000SLTOBW,5.0,3
B000SLVFNM,4.666666666666667,3
B0001AVSX2,4.666666666666667,3
B009AZ3OQ8,5.0,3
B007PSY29K,4.666666666666667,3
B007PSY2TU,5.0,3
B007PUGK98,4.333333333333333,3
B00ETIHFZW,4.0,3
B000SMNP9I,4.333333333333333,3
B000SMNPWU,5.0,3
B00ETACRE4,5.0,3
B001F8RVGM,5.0,3
B007PNBWD4,4.0,3
B001FSDVW0,4.333333333333333,3
B000SJACTC,5.0,3
B007PKGWK0,5.0,3
B009B54QEQ,5.0,3
B00BLPUTHC,4.333333333333333,3
B004EHOTJS,5.0,3
B001FRDP6I,4.333333333333333,3
B000CR4HZ0,4.666666666666667,3
B00GT0ORAE,4.666666666666667,3
B004EHQ9LY,4.333333333333333,3
B007PR4RLO,5.0,3
B001FPVNVE,4.333333333333333,3
B00ET7IRUU,4.666666666666667,3
B000SKWT9W,5.0,3
B004EHROMW,4.666666666666667,3
B009B1C7OQ,5.0,3
B009B15SLA,4.0,3
B007PQKZW0,5.0,3
B001FORK1W,5.0,3
B004EHRR1A,5.0,3
B00GT0J7UE,4.333333333333333,3
B009B0OPII,5.0,3
B000SOKBU2,4.0,3
B000SOLIKE,5.0,3
B009AVH0A8,5.0,3
B0001AFK8G,4.666666666666667,3
B007Q5G7FY,4.666666666666667,3
B001FB5HNS,5.0,3
B001FB5HM4,5.0,3
B001FB5HLU,4.666666666666667,3
B009AYDR16,4.666666666666667,3
B007Q83U3I,5.0,3
B00EUEAOBM,4.666666666666667,3
B007QBQON8,4.666666666666667,3
B00EUF47YQ,4.0,3
B00BLG72SU,5.0,3
B001F9AO2Y,4.666666666666667,3
B004OYDM1C,5.0,3
B007QBRL44,5.0,3
B00BB8K46U,4.666666666666667,3
B007Q41TWQ,4.333333333333333,3
B007Q3RXMW,4.333333333333333,3
B009AWGC4C,4.666666666666667,3
B007PWU51K,4.666666666666667,3
B00EU3RWPO,4.0,3
B001FBQYRQ,4.666666666666667,3
B001FBFJ3G,4.0,3
B00BLNMPFS,5.0,3
B004EKD1TE,4.666666666666667,3
B0001AQCPQ,5.0,3
B001FB5TMW,5.0,3
B009AYAH6E,4.666666666666667,3
B009AY1GP0,5.0,3
B00EU7I4DO,4.666666666666667,3
B001FB5N3W,5.0,3
B0001AFM8O,5.0,3
B007Q2E3LC,4.0,3
B007Q2GE46,4.0,3
B00GSSOC3Y,5.0,3
B001FB5IQ4,5.0,3
B004EMK726,4.0,3
B004EBEGCO,4.666666666666667,3
B001HBUWW2,4.0,3
B00EOP3NII,4.333333333333333,3
B001HG6LEA,4.333333333333333,3
B009E99CGQ,5.0,3
B004DQ1SHQ,4.333333333333333,3
B007MJK1EM,5.0,3
B00EOP6RMW,4.666666666666667,3
B007MJK1M4,4.0,3
B007MJK4ZI,5.0,3
B001HC4PYC,5.0,3
B004DQH0N2,5.0,3
B001HGK1DM,4.666666666666667,3
B00BAXTO30,4.333333333333333,3
B00BM9UP30,5.0,3
B001HBN2BK,5.0,3
B007MJKAC0,5.0,3
B000RY89QG,4.666666666666667,3
B000RYDYHU,5.0,3
B009DW9ZM0,4.0,3
B004DR0290,4.0,3
B001H9NQMW,4.0,3
B000RYPHSO,5.0,3
B001HS2HSW,4.333333333333333,3
B0001M11NC,5.0,3
B00EOMBWSE,4.0,3
B009EE1QTM,5.0,3
B001HLP4A2,4.333333333333333,3
B000RWB9BA,5.0,3
B007MF0ROK,5.0,3
B001HL3NPU,4.0,3
B0001LODGK,4.0,3
B009EDP6DK,4.333333333333333,3
B00GU1XIBG,5.0,3
B009EDJLW2,4.333333333333333,3
B000RX9IDU,4.666666666666667,3
B007MH0C7U,4.666666666666667,3
B007MHEY42,4.0,3
B001H99ZKY,5.0,3
B004PTZWP0,4.333333333333333,3
B004PN4ILK,4.666666666666667,3
B009DP7NSA,4.333333333333333,3
B001H3JTTC,4.0,3
B007MKSJ2W,4.666666666666667,3
B000S0AVU6,5.0,3
B00BM7ZHBM,4.666666666666667,3
B000S0AW14,5.0,3
B009DN9NB2,5.0,3
B001GZRL3W,5.0,3
B001GXS04S,5.0,3
B000CQOJR2,4.0,3
B000S0CREY,4.666666666666667,3
B00EP59RJQ,4.0,3
B00BM76O0A,4.333333333333333,3
B00EOZJT0O,5.0,3
B00EOTDDL6,4.666666666666667,3
B007MJKLM4,5.0,3
B000CQ3ZF4,5.0,3
B004DR4SF4,4.666666666666667,3
B004DRAG7S,4.0,3
B00GU0E3XO,5.0,3
B00BAXVIES,4.666666666666667,3
B000RZ2THK,4.0,3
B007MJKIL8,4.666666666666667,3
B000RZ6GW4,4.0,3
B004DSP2YE,5.0,3
B001H7PZUU,4.666666666666667,3
B009DRNKQW,4.666666666666667,3
B00BM8HS9A,4.0,3
B001H7NE44,5.0,3
B009DRK9IY,5.0,3
B009DQQ93E,5.0,3
B009DQJJN6,4.333333333333333,3
B001H62ZTK,5.0,3
B004DSIGOM,4.0,3
B001H54VI4,5.0,3
B000RZRGQY,5.0,3
B009EF8SO2,5.0,3
B00JXCU6GE,4.666666666666667,3
B00BANO0ZC,4.666666666666667,3
B00EO215S6,4.333333333333333,3
B004DLUI4U,5.0,3
B009ERPET2,5.0,3
B001IHOYBU,4.0,3
B001IH0MT8,4.0,3
B001IDQVPQ,5.0,3
B000RTTVGS,5.0,3
B001IB8FPM,4.666666666666667,3
B000RTWIWC,4.666666666666667,3
B004DM9TZ8,4.333333333333333,3
B009ERBWIY,4.666666666666667,3
B000RTZDCO,5.0,3
B001IAJO62,4.666666666666667,3
B007LO965I,4.666666666666667,3
B000RTZZMC,4.333333333333333,3
B001IK47B4,5.0,3
B007L9A3FK,5.0,3
B009ET3MEO,4.666666666666667,3
B007L7GSD8,5.0,3
B007L7P0VO,5.0,3
B00ENTHWW8,5.0,3
B001ITAM7S,5.0,3
B0001N65BO,4.333333333333333,3
B00BALO6G2,5.0,3
B009EV0X7Q,5.0,3
B007L85LAS,5.0,3
B000RRNS6Y,4.0,3
B004DKR1X2,4.666666666666667,3
B001IMXD58,4.333333333333333,3
B0001N65BE,4.666666666666667,3
B001IMDRYA,4.666666666666667,3
B00GUE006E,5.0,3
B001IM2MU0,4.333333333333333,3
B009ES5Q5S,5.0,3
B007L876NS,4.666666666666667,3
B001IKE3FE,4.666666666666667,3
B00EO8HOFS,4.333333333333333,3
B0001M1IA8,4.666666666666667,3
B001I17FLC,5.0,3
B001I12G7K,5.0,3
B001HZ54K8,4.333333333333333,3
B001HYPPZS,4.333333333333333,3
B00JVV2VSI,4.0,3
B007M4CZ6Y,5.0,3
B001HX486Q,4.666666666666667,3
B001HX476M,4.666666666666667,3
B000FHQGCO,5.0,3
B001HWUAEQ,4.666666666666667,3
B00EOH0F2S,4.666666666666667,3
B007M2JSUM,4.0,3
B000FHQF20,5.0,3
B00BAVI2W6,5.0,3
B001HV2RIE,4.666666666666667,3
B009EHYJ4I,5.0,3
B00JVVB0T4,4.0,3
B000RV256Y,5.0,3
B000FHEOK0,4.0,3
B007MB4YW0,4.333333333333333,3
B007MB5MPS,4.0,3
B0001M1IGM,5.0,3
B00IFVUX3K,5.0,3
B001I17FQM,4.666666666666667,3
B009EQGXKM,4.666666666666667,3
B007LZ116O,5.0,3
B0001M7DHU,4.333333333333333,3
B00EO915J8,5.0,3
B007LSIRA4,4.666666666666667,3
B00JVTPJJS,5.0,3
B004DMIGVQ,4.666666666666667,3
B007LUUV06,4.333333333333333,3
B00BMCZT3I,4.666666666666667,3
B001I6TYOS,5.0,3
B0001M7DBQ,4.0,3
B007LZ1GY6,4.333333333333333,3
B00BAU6L6G,4.333333333333333,3
B007M0F0WY,5.0,3
B001I6N8YU,4.333333333333333,3
B000RUEYVE,4.666666666666667,3
B007M0IAZS,5.0,3
B007M0KCLS,5.0,3
B007M1JEL6,5.0,3
B001I4CDT8,5.0,3
B009ENSEA2,4.666666666666667,3
B001GU0P1M,5.0,3
B007NYEOTE,5.0,3
B009D14TFE,5.0,3
B0001EL400,5.0,3
B001G8H2SS,5.0,3
B001G85OW4,5.0,3
B000S6VI02,4.0,3
B007NXOWCE,4.0,3
B0001EL2G6,4.666666666666667,3
B004E7CMI8,4.0,3
B007NXUW82,4.666666666666667,3
B000S7ZVVS,5.0,3
B001G7QZ0U,5.0,3
B00IFPUMQ4,4.0,3
B000S8068K,5.0,3
B007NYKXMQ,4.666666666666667,3
B004PD3GBI,4.666666666666667,3
B004E7P0D2,5.0,3
B001G7QBBS,5.0,3
B009CZTPPU,5.0,3
B0001EL18U,4.666666666666667,3
B007O0E45Q,4.333333333333333,3
B001G7Q0J6,5.0,3
B00IFJTZ3G,4.333333333333333,3
B004PE7TBK,5.0,3
B001G8WFPI,4.0,3
B004PCRSYK,5.0,3
B000CQYKVM,4.0,3
B004E5MMUS,4.333333333333333,3
B007NM6CIM,4.666666666666667,3
B009D4WAF2,4.333333333333333,3
B001GCTWXC,5.0,3
B001GCTV42,4.0,3
B001GCKNR6,4.666666666666667,3
B001GCDWDI,4.666666666666667,3
B009D4MYS0,4.0,3
B00EPZ2IBA,4.333333333333333,3
B001GBGMZE,4.0,3
B000S6OYBM,5.0,3
B009D4MULQ,4.0,3
B004PFK998,5.0,3
B00BAZASU6,4.666666666666667,3
B007NNJ5CG,4.333333333333333,3
B001GALYC6,4.333333333333333,3
B0001EL7D4,5.0,3
B001G9GBNY,4.666666666666667,3
B000S6LTMY,5.0,3
B001G8XU0M,4.333333333333333,3
B007NQQJ7C,5.0,3
B00EQ524X6,5.0,3
B004E83DJO,4.666666666666667,3
B001G7PPE2,5.0,3
B000FGXARO,5.0,3
B007OBB32W,4.333333333333333,3
B00EQBYTME,4.333333333333333,3
B000S854WS,4.0,3
B000FGX0NS,4.0,3
B00EQC3GLS,4.333333333333333,3
B0001EKYBK,5.0,3
B001G7PQBE,5.0,3
B001G7PQ3M,5.0,3
B004PBQR5W,4.666666666666667,3
B000S85CT8,4.333333333333333,3
B001G7PPJW,4.666666666666667,3
B007OGYE32,5.0,3
B001G7PP8S,5.0,3
B004PBKICU,4.666666666666667,3
B001G7PP4M,5.0,3
B007OLKHEM,5.0,3
B001G7POMU,4.333333333333333,3
B009CFN6PA,4.666666666666667,3
B001G7POAC,4.333333333333333,3
B007OLPX96,4.666666666666667,3
B001G7PTQG,4.333333333333333,3
B007OAFE1O,4.333333333333333,3
B007O0ZQP8,4.0,3
B007O5EHJE,4.666666666666667,3
B007O10M9M,4.0,3
B007O10UIK,4.666666666666667,3
B007O11YUI,4.666666666666667,3
B00EQ545AQ,4.666666666666667,3
B0001EL130,4.333333333333333,3
B007O2Q1B4,4.333333333333333,3
B007O2TZGC,5.0,3
B000S83HP4,4.333333333333333,3
B0001EKZIM,4.666666666666667,3
B001G7PYBG,5.0,3
B007O5G4WM,5.0,3
B007OA6KUS,5.0,3
B00EQ6958C,4.666666666666667,3
B007O73YXC,5.0,3
B0001EKYOW,4.666666666666667,3
B007O7DEKK,4.0,3
B00EQ6BLXY,4.666666666666667,3
B007O7DFSQ,4.333333333333333,3
B004PBZWM6,5.0,3
B000FGXB2S,5.0,3
B00BAZ4STS,5.0,3
B000S5XHX4,5.0,3
B001GEEJ7Y,4.0,3
B007N19CT4,5.0,3
B007N1IQ5U,4.666666666666667,3
B004E0119G,4.0,3
B00BAYHP8A,5.0,3
B004PJKUCA,5.0,3
B00EPDZFHQ,4.333333333333333,3
B001GO1FHG,4.0,3
B001GN4VG4,5.0,3
B004DZZ4IG,4.666666666666667,3
B001GN1P22,4.333333333333333,3
B007N79IJM,4.666666666666667,3
B001GMTUZW,4.0,3
B004PJ974C,4.333333333333333,3
B004PJ8Q5S,4.666666666666667,3
B004E2TFRO,4.666666666666667,3
B00EPHWE9O,4.333333333333333,3
B00EPHXTZW,5.0,3
B00EPI01XO,5.0,3
B00EPI5FO4,5.0,3
B00GTTGVAE,4.666666666666667,3
B00EPIYZ7C,5.0,3
B00EPJFNPE,5.0,3
B00BM4YVSA,5.0,3
B000S5UMO6,5.0,3
B001GTO7M6,4.0,3
B00GTWSQMW,4.666666666666667,3
B004DWXY54,5.0,3
B001GSZKKK,5.0,3
B007MQ4U88,5.0,3
B009DHO02A,4.0,3
B001GSO0W4,4.0,3
B009DHNXNM,4.666666666666667,3
B001GSM80K,5.0,3
B004DXYBPA,4.666666666666667,3
B001GSK906,5.0,3
B0001IPZ6K,4.0,3
B009DH9P4S,4.0,3
B007MUJV5G,5.0,3
B009DHAC5O,5.0,3
B004PKMVFI,5.0,3
B009DHA59M,4.333333333333333,3
B007MWZGAI,4.333333333333333,3
B00JW6LURU,5.0,3
B007MYL0YC,5.0,3
B0001HKS6S,5.0,3
B001GRTCLO,4.666666666666667,3
B00EPJHZSW,5.0,3
B000FH0R7O,5.0,3
B000S2K1ZE,5.0,3
B00BLZXFBE,5.0,3
B009D9O6JK,4.333333333333333,3
B004E40AXA,4.666666666666667,3
B00BLZX2J4,4.666666666666667,3
B000S2T42U,5.0,3
B001GIOUY2,4.666666666666667,3
B00BAZ3LV4,4.333333333333333,3
B004E5DAB8,4.666666666666667,3
B007N8RS98,4.333333333333333,3
B000S3UFXQ,4.0,3
B0001G6Y2Q,4.666666666666667,3
B004PH5WSE,4.666666666666667,3
B001GFCVUA,4.666666666666667,3
B007NJCD42,5.0,3
B004E5H5SW,4.0,3
B001GFAO04,5.0,3
B001GFANKA,5.0,3
B00GTNZHOQ,4.333333333333333,3
B007NJUMO0,4.666666666666667,3
B007NJUSRQ,4.333333333333333,3
B0001F3UM4,5.0,3
B001GENN9Y,4.666666666666667,3
B001GEJQZ4,5.0,3
B00EPJOI6O,5.0,3
B000S20Q3G,4.0,3
B004E2VLRG,5.0,3
B001GKRPJ2,4.0,3
B0001G790M,5.0,3
B00EPK9GQ0,5.0,3
B009DCVEBK,4.666666666666667,3
B007NA02TY,5.0,3
B001GKNC94,4.333333333333333,3
B001GKLYO4,5.0,3
B007NAAOME,4.0,3
B001GKJGLC,5.0,3
B001GKJD10,4.0,3
B00JWTXYSK,4.333333333333333,3
B000FH0QW0,5.0,3
B001GJURIO,4.0,3
B001GJOUTQ,4.666666666666667,3
B0001G72A4,4.666666666666667,3
B007NFKLDG,4.666666666666667,3
B001GIYKHY,5.0,3
B009DAH8VC,5.0,3
B000S23296,4.333333333333333,3
B0092G0RD8,5.0,3
B0000YV6CW,5.0,3
B008F5FBY2,4.666666666666667,3
B008F5G6AA,5.0,3
B008S3C5BI,4.0,3
B0012K5MH8,4.333333333333333,3
B000WLE5U8,5.0,3
B0012K05R0,5.0,3
B000WLKDRM,5.0,3
B00IAVI3CS,5.0,3
B0012JS49W,5.0,3
B000WKY6S0,4.333333333333333,3
B00FXUT66G,4.333333333333333,3
B008S2HHBM,4.0,3
B004JJ6ABG,4.666666666666667,3
B008FB204A,5.0,3
B000WLXWUC,5.0,3
B008S1XBAE,5.0,3
B008FC8X5Y,5.0,3
B000WM3D78,5.0,3
B0012KGSPI,4.333333333333333,3
B0012HP9FG,5.0,3
B004LE61I6,5.0,3
B00BDJJ4FY,5.0,3
B0012M6VL2,5.0,3
B000005G46,5.0,3
B008S6RKWO,4.666666666666667,3
B0012LYPE8,5.0,3
B000WJP92S,5.0,3
B008F0EB48,4.333333333333333,3
B008F0F46M,4.666666666666667,3
B004JHOHPE,4.666666666666667,3
B0012LDV66,4.333333333333333,3
B008F16U3C,5.0,3
B0012KXKPY,4.666666666666667,3
B0012KQOBG,4.666666666666667,3
B0012KQHLS,5.0,3
B00BG7BD6G,4.0,3
B004LDW4GK,4.0,3
B0012KLDDU,4.666666666666667,3
B008S5M7SC,4.333333333333333,3
B004JJOCKC,5.0,3
B0012HP85M,4.666666666666667,3
B000005Z5L,5.0,3
B000EPWII8,4.666666666666667,3
B008FLQLPO,5.0,3
9790800851,4.0,3
B008FMRQDE,4.666666666666667,3
B0012DFMSE,4.333333333333333,3
B000EGOF3S,5.0,3
B008RYT0LQ,4.666666666666667,3
B008FMRUR6,4.0,3
B008FNYV4K,4.666666666666667,3
B000EPV46A,5.0,3
B008FOIM58,4.666666666666667,3
B000EPUT0C,4.333333333333333,3
B00BDJQ2VI,4.0,3
B008RYC3A6,4.333333333333333,3
B008FPI1QC,4.666666666666667,3
B0012BS9OU,5.0,3
B0012BS9M2,5.0,3
B000WN8A0W,4.666666666666667,3
B004JKKVFG,5.0,3
B008FPVEMU,5.0,3
B008FPVHOU,4.333333333333333,3
B0012DX2QI,5.0,3
B000WN45U6,4.666666666666667,3
B0012GQW9O,5.0,3
B008FFMPQY,5.0,3
B004LCIOF6,4.666666666666667,3
B004LCIGIQ,5.0,3
B00FXYX4EW,5.0,3
B008FGVERY,4.666666666666667,3
B004LCDJCY,5.0,3
B0012GX4YK,4.333333333333333,3
B000WMP11Y,4.333333333333333,3
B0012GTZ20,4.666666666666667,3
B008RZ3A7A,4.0,3
B008FJK74C,4.0,3
B00FY6F9ME,4.666666666666667,3
B00FY6IFT8,4.0,3
B008RZD9Q2,5.0,3
B004JK7I4I,4.666666666666667,3
B000WMYG38,4.333333333333333,3
B000WN0RDU,5.0,3
B0012EF5P8,5.0,3
B008FLQHZI,4.0,3
B004LBZTSC,4.333333333333333,3
B0012M8Y26,5.0,3
B008EY6LOS,4.0,3
B0012RWZ44,5.0,3
B0012RWOHC,5.0,3
B0012RWNSM,5.0,3
B000EGKA5K,4.0,3
B008EKU7HE,4.0,3
B000WH45C0,5.0,3
B008SHDA36,5.0,3
B000WH5AME,4.333333333333333,3
B00GGQF38Q,4.666666666666667,3
B008EMEC3W,4.333333333333333,3
B008SHBJUW,5.0,3
B00FX1T94Y,5.0,3
B008EMGZMS,4.666666666666667,3
B008EN3XCC,4.666666666666667,3
B000WHOAHU,5.0,3
B004JAPO4Y,4.0,3
B008EN9O02,4.666666666666667,3
B00FWRSNB4,5.0,3
B008STHX1E,5.0,3
B0012SCI4A,4.666666666666667,3
B0012S8HMM,5.0,3
B0012S5T2I,4.666666666666667,3
B008E9ACJ8,5.0,3
B0012S0DH4,5.0,3
B0012S0676,4.0,3
B0012S05E0,5.0,3
B00004U002,5.0,3
B00FWRZ5FG,5.0,3
B00004TVH2,4.666666666666667,3
B0012RYG2S,5.0,3
B00004TVGG,5.0,3
B008SNBYK6,4.666666666666667,3
B004J80KTU,5.0,3
B008EEFSHY,5.0,3
B00BDJBHFE,5.0,3
B0012RXH14,5.0,3
B004JAZGOC,5.0,3
B00GGLT8X2,4.0,3
B004JFA1FQ,5.0,3
B008ETPI8S,5.0,3
B008EU5R74,5.0,3
B008SAYEEW,5.0,3
B004JFIDUQ,4.333333333333333,3
B008EVIJKU,4.666666666666667,3
B008SAMQKG,4.0,3
B004LEOOL2,4.666666666666667,3
B000EQBJ28,5.0,3
B004JFYU62,5.0,3
B004JG5NDA,4.666666666666667,3
B004LEO7LO,4.333333333333333,3
B000007XHG,4.666666666666667,3
B008EX6PL8,4.0,3
B004JGFP2Y,4.333333333333333,3
B00BG92E26,5.0,3
B000EGMBUW,5.0,3
B00000744O,4.666666666666667,3
B008EXXFG6,4.0,3
B00IASPRY8,5.0,3
B00FX31XAA,4.0,3
B004LGGU8K,5.0,3
B008ENTVXM,5.0,3
B004LGUNTM,4.0,3
B0012RQ874,5.0,3
B000025RRS,4.666666666666667,3
B008EPBMLO,4.666666666666667,3
B00FX6NJZO,5.0,3
B00BDJIKAY,4.0,3
B000WIETP2,4.0,3
B008EPZ7SI,4.333333333333333,3
B008SCUHBE,5.0,3
B004JCFSCK,5.0,3
B008EQ0IV8,5.0,3
B000024L6H,4.666666666666667,3
B008ER9FBG,4.333333333333333,3
B00FX8YT74,4.0,3
B00BDJHVFO,5.0,3
B00FXA9HYM,4.0,3
B008RV22N2,4.666666666666667,3
B00FYPH5ZO,5.0,3
B004L9RQZS,4.333333333333333,3
B008GVAKPA,4.0,3
B0011WBJYM,4.0,3
B004L7JDYC,5.0,3
B008GTO6VG,4.0,3
B0011W3FHQ,4.333333333333333,3
B0011W3CBK,4.333333333333333,3
B008RL1DU0,5.0,3
B008GUZSF8,4.666666666666667,3
B0011UXT92,5.0,3
B0011WHZ18,5.0,3
B008GVIZPW,4.666666666666667,3
B000WS2SCI,4.666666666666667,3
9790792476,5.0,3
B000WS4NFI,5.0,3
B00GFSQBIQ,5.0,3
B00BDKP4B6,4.666666666666667,3
9790792204,5.0,3
B00GFSGZN2,5.0,3
B004JTSAZK,5.0,3
B000WS5LJK,4.333333333333333,3
B000WS744A,4.0,3
B00GFV004Y,4.666666666666667,3
B000EP7DLU,5.0,3
B008GO3AKE,4.666666666666667,3
B008GN126E,4.333333333333333,3
B004JS6E4A,4.333333333333333,3
B008GN130Y,4.0,3
B008GN138Q,5.0,3
B008GNT676,5.0,3
B00BG14XHS,4.0,3
B0011Z6NU4,5.0,3
B008GP4EN0,4.0,3
B00G0026Z6,4.333333333333333,3
B0011Z3XAM,4.666666666666667,3
B008GPPV0K,4.333333333333333,3
B0011Z2IUI,5.0,3
B00BG14UXK,4.666666666666667,3
B008RMGPYI,5.0,3
B0011Y9Z3W,5.0,3
B0011Y0MA2,4.0,3
B008GRDT70,4.0,3
B0011XQPTU,5.0,3
B008GRG34Q,5.0,3
B008GRG404,5.0,3
B008GRW8U4,4.0,3
B0011S11SA,5.0,3
B0012A8SRO,4.0,3
B00BFYN00W,4.666666666666667,3
B0011FKM9M,4.666666666666667,3
B008H3P8AE,4.666666666666667,3
B0011FISX4,4.333333333333333,3
B008RDRSHA,5.0,3
B0011E9BE0,4.666666666666667,3
9790790880,5.0,3
B008RDEWQA,5.0,3
B00GFFLK7G,4.0,3
B000WUN5LE,5.0,3
B008H4L0VO,4.333333333333333,3
B000WUDAWS,5.0,3
B00G0U8XEE,4.0,3
B0011DRYLS,5.0,3
B008H4L8PC,5.0,3
B0011DRUP8,4.0,3
B008RD17CM,4.666666666666667,3
B008RD158I,5.0,3
B0011DQMFW,4.333333333333333,3
B0011DP7GM,5.0,3
B0011DOZEM,4.666666666666667,3
B00IB1L2KC,5.0,3
B008H3EIHI,5.0,3
B008RIA89U,4.666666666666667,3
B00GFJ0EX8,4.0,3
B008GYG5MO,4.0,3
B00G0IKDWG,4.333333333333333,3
B0011NNX9A,4.0,3
B008GYG5V0,4.666666666666667,3
B004L5YJBQ,4.0,3
B0011NMM3I,4.666666666666667,3
B008GYO5ZS,5.0,3
B0011NF3E8,5.0,3
B000WTZNTW,5.0,3
B000EGQPPO,5.0,3
B0011MJFY8,5.0,3
B008RFQ1FS,4.666666666666667,3
B00G0MJO90,4.666666666666667,3
B000WSLCKW,5.0,3
B000WSMQBG,5.0,3
B0011FZGZ2,5.0,3
B00BFZKUR2,5.0,3
B0011FQBO2,4.0,3
B008H2UTO0,4.666666666666667,3
B0011ZZC2E,4.333333333333333,3
B000EPJNNG,4.333333333333333,3
B004L98IFK,4.666666666666667,3
B008RSVJFW,4.666666666666667,3
B008RST90Y,5.0,3
B008RST7PG,5.0,3
B008RST7DS,5.0,3
B000EPHRQQ,4.666666666666667,3
B00FZ1JTVA,4.666666666666667,3
B00FZ1YTY2,4.333333333333333,3
B00127YH7C,4.0,3
B008RST77O,4.0,3
B008RSLDS0,4.666666666666667,3
B001280GWQ,4.333333333333333,3
B004JLKOFM,5.0,3
B008G03I5K,5.0,3
B00BDJV1V4,4.333333333333333,3
B000WNX1SI,5.0,3
9790795823,5.0,3
B00BG1VVCI,4.0,3
B00127O4M0,5.0,3
B000WO04NM,5.0,3
B000WO0BPI,5.0,3
B000EGOFOM,4.333333333333333,3
B008FYWEGG,4.0,3
B0012813VY,4.666666666666667,3
B0011ZZC4W,4.333333333333333,3
B004JKUD4U,4.666666666666667,3
B0012909O0,4.0,3
B000WNAD2U,4.0,3
B00FYTBCYK,5.0,3
B00FYUZKW4,4.333333333333333,3
B000WNASAC,5.0,3
B008FQWJYG,5.0,3
B008FR3T7Q,4.666666666666667,3
B004JKUDM2,5.0,3
B00FYXAU8U,5.0,3
B008FSVDK0,4.666666666666667,3
B008RU9LY6,4.333333333333333,3
B001284LU4,4.333333333333333,3
B008RTZIWG,4.666666666666667,3
B00FYZGXBG,4.0,3
B000WNJ72M,4.333333333333333,3
B008RTYPXO,4.666666666666667,3
B00FZ77LPU,5.0,3
B00KOJ8V94,4.666666666666667,3
B008GCZ7WU,4.666666666666667,3
B004JPJT22,4.0,3
B004L938VY,5.0,3
B00121BPSM,4.666666666666667,3
B004L938CI,4.333333333333333,3
B00KOVAOX8,5.0,3
B000WOE6NQ,5.0,3
B008GKFP4C,4.333333333333333,3
B00GFZWRYG,4.666666666666667,3
B008GKG3M0,4.333333333333333,3
B001211LGI,4.0,3
B000WQG6IC,5.0,3
B008RPTORA,4.0,3
B00FZMFTD6,5.0,3
B004L8QR0O,4.333333333333333,3
B00BDKG8N4,5.0,3
B00120QH8G,5.0,3
9790793294,5.0,3
B008G8MSFS,5.0,3
B000WPJWXE,4.666666666666667,3
B00BG158AY,5.0,3
B008G2MYIA,4.666666666666667,3
B008G3BDBI,4.0,3
B00GG0XEAG,5.0,3
B00125VWZE,5.0,3
B00125UFIE,4.333333333333333,3
B000WOQ9SG,4.333333333333333,3
B00125M2FI,4.0,3
B004L96NY8,5.0,3
B008G3SVV8,5.0,3
B008G3Z4UO,5.0,3
B0012571WM,5.0,3
B0012521HW,4.333333333333333,3
B00123MFFC,4.333333333333333,3
B004JOTEK0,5.0,3
B008RRL6EW,4.333333333333333,3
B00FZEIB52,5.0,3
B001238FS8,5.0,3
B001236DQE,4.666666666666667,3
B001233F9C,5.0,3
B00GFE13EC,4.333333333333333,3
B000W8P7V2,5.0,3
B0013JB2VI,4.333333333333333,3
B000ETN2OI,4.333333333333333,3
B004LURHPQ,4.0,3
B0013IM6NM,4.666666666666667,3
B00FSBK1WI,5.0,3
B0013IDRZ8,5.0,3
B004IS4PAG,4.666666666666667,3
B00FSBK6BO,5.0,3
B000W8ZBMW,4.333333333333333,3
B004LUQRJI,5.0,3
B000ETN1U8,4.0,3
B00FSBNOYU,4.666666666666667,3
B0013JNOUA,4.666666666666667,3
B000ETL7OK,5.0,3
B0013GMDR8,5.0,3
B000ETL5SI,4.666666666666667,3
B0013GEAMY,5.0,3
B0000530B2,5.0,3
B0013G8AE8,4.0,3
B008CC4H8E,5.0,3
B0013G1USG,5.0,3
B0013FYYC6,5.0,3
B004LV2EOO,5.0,3
B0013JPPRU,4.666666666666667,3
B00FSE8ECY,5.0,3
B000ETNORS,5.0,3
B004LWHVJ6,5.0,3
B004IQA9TE,5.0,3
B00FS5YQRA,4.333333333333333,3
B008BYPLFQ,5.0,3
B008BZ6OCE,5.0,3
B0013LMYIQ,5.0,3
B0013L5GU4,5.0,3
B0013L4FME,5.0,3
B000W8JETS,4.0,3
B008C1FUUO,4.333333333333333,3
B0013KZCHW,4.0,3
B000W8NDC2,5.0,3
B000W8KZ64,4.666666666666667,3
B00BGG48GE,4.666666666666667,3
B004IR6LGS,4.666666666666667,3
B00FS6WSW4,4.333333333333333,3
B008C4CTI2,5.0,3
B0013K582G,4.666666666666667,3
B000W8ND04,4.0,3
B0013K3FX0,4.0,3
B00BGFYXMO,5.0,3
B000ETN8W4,5.0,3
B0013JUWP0,5.0,3
B008C6IJAM,4.0,3
B00BDH7ZNO,4.666666666666667,3
B000W88XB8,5.0,3
B00FTG80XY,5.0,3
B0013EMDZW,4.666666666666667,3
B004LTZ0VK,5.0,3
B008UADHB6,5.0,3
B008CQ2HLY,4.666666666666667,3
B004ITY7EO,4.0,3
B0013EIXRO,4.333333333333333,3
B008U8N26I,4.666666666666667,3
B000ETJ56M,5.0,3
B00FTUQQOA,4.0,3
B0013EGUAG,4.666666666666667,3
B00BGFSG9K,4.333333333333333,3
B008CR90SG,4.666666666666667,3
B0013EF3OK,5.0,3
B000W9HDV8,5.0,3
B0013EF2JQ,4.333333333333333,3
B00FU1YOZQ,4.0,3
B00FU1YV2C,4.666666666666667,3
B004IUI424,4.333333333333333,3
B0013E65HO,5.0,3
B008CRWK8S,4.0,3
B000ETJ2F6,4.333333333333333,3
B0013E2PZK,4.666666666666667,3
B008CRWPF6,4.0,3
B008CS3OT6,4.666666666666667,3
B004LT8NL4,4.0,3
B008COE3D6,4.666666666666667,3
B008CGW084,4.333333333333333,3
B000ETL380,5.0,3
B0013FQV7C,4.666666666666667,3
B008UELWBO,4.0,3
B004ISU0Q4,4.666666666666667,3
B008CFSM96,5.0,3
B0013FM2V6,5.0,3
B0013FLGGI,4.0,3
B008CFW81Y,5.0,3
B008UDJGOA,5.0,3
B0013FKOR0,5.0,3
B0013FJMSC,5.0,3
B000EGI2Z0,5.0,3
B008UDGJUY,4.0,3
B000W9BZE4,5.0,3
B004IT5478,4.333333333333333,3
B008CJNZCQ,4.333333333333333,3
B008UBDPRG,4.666666666666667,3
B008CLJI6G,5.0,3
B008CLMBJW,4.0,3
B00FTB29YK,4.333333333333333,3
B008CMISQ6,5.0,3
B0013ER6MW,5.0,3
B0013MSPTC,4.333333333333333,3
B0012SI3LW,5.0,3
B008BIYUSG,5.0,3
B00FRONDH6,4.666666666666667,3
B0013WI0B0,4.0,3
B0013VKJSS,4.0,3
B008UX8Y7K,4.666666666666667,3
B008BIFPXA,4.0,3
B0013VBMJ8,4.666666666666667,3
B000W5ISZ2,5.0,3
B00IABQYBU,5.0,3
B0013V5MGW,4.666666666666667,3
B0013V2D3W,5.0,3
B008BIWUKG,4.0,3
B008UWTV8M,4.333333333333333,3
B0013TR7XU,4.333333333333333,3
B000W6LPL0,4.333333333333333,3
B000W6SSNS,5.0,3
B000W77YLO,4.666666666666667,3
B000EEX7P2,5.0,3
B008BLDRPU,4.666666666666667,3
B0013TFWPU,4.666666666666667,3
B004INFPO6,5.0,3
B0013TBR0O,4.666666666666667,3
B0013WQ1YI,5.0,3
B00FRM1HMQ,4.0,3
B00BDH009K,4.666666666666667,3
B00BDGZQZE,4.0,3
B00140RLJ8,4.666666666666667,3
B008V0MZHW,5.0,3
B00140F4QU,4.333333333333333,3
B0013ZGS4I,4.333333333333333,3
B0013ZEP02,5.0,3
B008BDY590,4.666666666666667,3
B0013ZEOY4,4.666666666666667,3
B0013XYSLU,5.0,3
B0013Z9IJA,4.666666666666667,3
B008BENXV0,4.0,3
B00BGKPU6C,4.0,3
B008UZF1LA,4.0,3
B0000531YC,4.666666666666667,3
B008BGIZ9I,4.666666666666667,3
B008BH1T04,5.0,3
B004ILYTCW,5.0,3
B0013Y84QY,5.0,3
B008UUQF9W,4.666666666666667,3
B00BDH5ZCC,4.666666666666667,3
B0013NB6Z6,5.0,3
B008BSAXJQ,5.0,3
B008BSBPNY,4.0,3
B008BSK8E6,4.0,3
B008BT5LRY,4.0,3
B008BTCQNG,4.666666666666667,3
B00GI23L1Y,4.666666666666667,3
B000W7NZWQ,5.0,3
B0013NCAFG,4.666666666666667,3
B008BU3B1Q,5.0,3
B004LX1YC0,5.0,3
B0013NBVYM,4.666666666666667,3
B008BS53A0,5.0,3
B00BGHJK5W,4.0,3
B008BUE3KE,5.0,3
B0013N9U3Q,4.0,3
B0000531GK,5.0,3
B000EFCUJA,4.666666666666667,3
B00BGHBNSE,4.666666666666667,3
B008BVXD2W,4.666666666666667,3
B008UTPZGM,4.0,3
B008BWG206,5.0,3
B0013MXRCC,4.666666666666667,3
B0013NVUSE,4.0,3
B0013OB3H6,4.333333333333333,3
B00IABR1B2,4.0,3
B008BLOMR2,4.0,3
B008UUL29A,4.0,3
B0013SYC6G,4.333333333333333,3
B00FRTCS4K,4.0,3
B00IABR5W2,5.0,3
B008BM8WP4,4.333333333333333,3
B00FRVY0BC,4.0,3
B0013SI9W4,4.666666666666667,3
B008BME5SC,5.0,3
B00KI1961A,5.0,3
B008UTQPCU,4.0,3
B00FS059D0,4.333333333333333,3
B000W7K970,4.666666666666667,3
B004LXHLVS,4.333333333333333,3
B000W7D2Y2,5.0,3
B0013ROV3Q,5.0,3
B0013RGLTI,4.333333333333333,3
B0013PUNGM,5.0,3
B00FS1I3Q4,4.666666666666667,3
B000W7GK6Y,4.333333333333333,3
B004LXGTJS,4.333333333333333,3
B000W7GLLS,5.0,3
B008CSD7E8,4.0,3
B008DSN29C,4.0,3
B008TL4OHC,4.333333333333333,3
B00ICS9JN6,4.666666666666667,3
B008DMFNT0,5.0,3
B008DMN40U,5.0,3
B000WCSM7O,4.0,3
B000WCW4LO,4.333333333333333,3
B00132865K,5.0,3
B00FVRRA00,5.0,3
B00130DHVK,4.666666666666667,3
B001304QEM,5.0,3
B004J2YVMI,4.0,3
B00GH4PCCE,5.0,3
B0012ZQTPC,5.0,3
B004LL9D84,4.333333333333333,3
B000052Y1Q,5.0,3
B00GH4FERM,5.0,3
B0012ZM7MQ,4.333333333333333,3
B0012ZKG3S,5.0,3
B0012ZJ9WW,4.666666666666667,3
B008DK9S4S,5.0,3
B008DK9CHG,4.666666666666667,3
B0012ZIA18,4.0,3
B00134IMEI,4.333333333333333,3
B00135DF94,5.0,3
B00135A40C,4.0,3
B00135A402,4.666666666666667,3
B000WBMTMO,5.0,3
B0013556L4,5.0,3
B008DH3EXM,4.666666666666667,3
B00134T5BC,4.333333333333333,3
B008TNQ4XM,5.0,3
B008DI8GPC,5.0,3
B00134PIJ0,4.666666666666667,3
B008DJ6JAK,4.333333333333333,3
B008DK9C8K,4.666666666666667,3
B008DK7GCY,4.0,3
B008DK7KDO,5.0,3
B00133VT0I,4.333333333333333,3
B004J1SIGY,5.0,3
B008DK9956,4.666666666666667,3
B00FVGF8MS,5.0,3
B008DK9BLI,5.0,3
B00GH5D4P0,4.666666666666667,3
B00133BJ08,5.0,3
B008TM1V3Q,5.0,3
B008DVKQQQ,4.666666666666667,3
B0012ZFDOA,4.666666666666667,3
B008U5QLQY,5.0,3
B00KKW73XK,5.0,3
B004LJ6K6E,5.0,3
B008E0AGU2,5.0,3
B008SYC6DO,4.666666666666667,3
B008E0BP2A,4.333333333333333,3
B00BDJ8GK8,4.333333333333333,3
B00FWB7X3O,5.0,3
B004J68XS2,5.0,3
B008E2LF2I,4.0,3
B008SWHVPY,5.0,3
B0012V13ZW,4.666666666666667,3
B00FW9GH38,5.0,3
B008E4L9AY,5.0,3
B004J6JM32,4.666666666666667,3
B0012UPCLE,4.666666666666667,3
B008E5XJ24,4.333333333333333,3
B0012UFGI8,5.0,3
B0012UERTC,4.666666666666667,3
B008SU31D2,5.0,3
B000WF758S,4.666666666666667,3
B008E7BL7C,4.0,3
B000WELSFA,5.0,3
B0012ZAKKW,5.0,3
B008DYJKLA,4.333333333333333,3
B000WDWP3U,5.0,3
B004LL34MK,4.333333333333333,3
B008DWR1VI,4.333333333333333,3
B00FVYXN9U,5.0,3
B004J4FP1M,5.0,3
B004J4LYU8,5.0,3
B000WDYMM2,5.0,3
B000WE09LY,4.0,3
B004LK47LS,4.666666666666667,3
B00FW18UAY,4.0,3
B0012XLUF8,4.666666666666667,3
B008DZ3JEI,4.666666666666667,3
B0012XK1ZI,5.0,3
B0012XK0DG,4.333333333333333,3
B008DZ3QJQ,5.0,3
B0012XI060,4.0,3
B004LJGRQ2,5.0,3
B008DZKWL6,4.0,3
B0012X6N5U,5.0,3
B008DZOM26,5.0,3
B0012X5V1W,5.0,3
B00FW6V0LA,5.0,3
B000052YLS,4.666666666666667,3
B000052YLU,5.0,3
B000WBDB30,4.666666666666667,3
B008TYM5P2,4.666666666666667,3
B008CYFMLS,4.333333333333333,3
B0013C0O78,4.666666666666667,3
B00GHX7QE2,5.0,3
B000052Z8N,5.0,3
B000W9K2HK,5.0,3
B008CYGRUS,4.666666666666667,3
B0013B9T70,5.0,3
B000052Z8E,4.333333333333333,3
B004IWON4U,4.333333333333333,3
B008CYFBPU,4.0,3
B008TYLFEE,5.0,3
B000W9LR56,5.0,3
B008TYL9PY,4.0,3
B0013B20F8,5.0,3
B008CYJDFO,4.666666666666667,3
B0013B028K,5.0,3
B00FU6HDSQ,5.0,3
B008TYIZQK,4.666666666666667,3
B0013AJZVQ,5.0,3
B0013AJZIE,4.0,3
B0013C847K,5.0,3
B008CV40LO,5.0,3
B008U5QKSI,5.0,3
B008U5QJYS,4.0,3
B0013CZEY6,5.0,3
B004IUO9ZK,4.333333333333333,3
B008CUFID4,5.0,3
B008U5B448,4.333333333333333,3
B008CUJBQ4,4.0,3
B000052ZEU,5.0,3
B004LT36TI,5.0,3
B004IVBQRI,4.333333333333333,3
B0013CVKLW,4.666666666666667,3
B000W9IRNG,4.666666666666667,3
B0013CVK0S,5.0,3
B004IVG6X2,5.0,3
B004LSZ85O,4.0,3
B0013CTVZO,4.666666666666667,3
B008U2X5JS,4.0,3
B0013CHBNI,5.0,3
B008U2X1EC,4.666666666666667,3
B0013AG0PA,5.0,3
B008CZ8PRU,5.0,3
B00137Q8LO,4.666666666666667,3
B00FU7AFP8,5.0,3
B008D6LHSC,5.0,3
B004J0MB9K,4.333333333333333,3
B001388KV4,5.0,3
B001388KTQ,5.0,3
B008D6YC0C,5.0,3
B00FU8QMCM,5.0,3
B008TSPR9Y,4.333333333333333,3
B000EGILS8,4.333333333333333,3
B004LONS9G,4.0,3
B004LOIO22,4.333333333333333,3
B008CZ95F6,4.0,3
B00GHBIEQI,4.0,3
B00FULC3JU,4.666666666666667,3
B008TQ2PJ6,4.666666666666667,3
B000ESRH7C,4.0,3
B008DBWXCQ,4.333333333333333,3
B008DBZRR4,4.666666666666667,3
B00135PXEO,4.666666666666667,3
B00135PCA4,4.333333333333333,3
B00135N8QY,4.333333333333333,3
B008DF53TC,4.333333333333333,3
B00138Z2BA,5.0,3
B000WA6BLA,5.0,3
B000WA60VG,5.0,3
B0013AFOXO,4.666666666666667,3
B00GHUHMYY,4.0,3
B000052Z5L,4.666666666666667,3
B00BGFLQ7E,4.666666666666667,3
B00FU6T9MY,5.0,3
B000ET47TM,4.0,3
B00139UA98,5.0,3
B004IZUZ62,4.333333333333333,3
B000W9R7R8,5.0,3
B00GHT8TAG,4.0,3
B00139JB6Q,5.0,3
B000EGIFSO,5.0,3
B008TVNUNG,4.333333333333333,3
B008D3VO92,5.0,3
B008D3X9OK,5.0,3
B008TVFCZK,4.666666666666667,3
B008TV2Z1Y,4.0,3
B000W9Y5VE,4.333333333333333,3
B001392TLK,5.0,3
B000052YPF,5.0,3
B001390AQ6,5.0,3
B004J0G59W,5.0,3
B0013902ZK,4.666666666666667,3
B008H5DRGO,5.0,3
B0011DN520,4.333333333333333,3
B000XE6B92,4.0,3
B008LWLROM,4.333333333333333,3
B000YZHEXW,5.0,3
B000YZFI8K,5.0,3
B000YZ9TV2,4.666666666666667,3
B008LXRDZ8,4.333333333333333,3
B008LXS0W8,4.666666666666667,3
B000YYZOJ4,5.0,3
B00GDGPGNG,4.0,3
B000XE6AMK,5.0,3
B008ORTHPA,5.0,3
9602617918,4.666666666666667,3
B00BEZ45EM,4.666666666666667,3
B000YVDNZE,4.666666666666667,3
B00G9NS4M8,4.333333333333333,3
B008OQVTFC,5.0,3
B008M1EASM,4.0,3
B000XE6SQI,4.333333333333333,3
B00G9T4598,5.0,3
B000YRRSJK,5.0,3
B000YZILSY,5.0,3
B000YZNSUK,4.666666666666667,3
B000Z5OH86,5.0,3
B00G99TEJO,5.0,3
B000Z53ONA,5.0,3
B00L2NG7NS,5.0,3
B00L2SNFPQ,4.333333333333333,3
B000Z4QS7U,5.0,3
B008OUYJLY,4.0,3
B000Z4P2JA,4.333333333333333,3
B008OUR0MO,4.666666666666667,3
B000XE5LFM,4.0,3
B008LWCEVC,4.666666666666667,3
B000Z4IEYU,4.666666666666667,3
B000XE5WKG,5.0,3
B000Z40JW0,5.0,3
B00BEZX8LI,4.0,3
B000Z3DTY6,5.0,3
B00G9HLNZ4,4.333333333333333,3
B008M3B5LU,5.0,3
B000Z5Y7PE,5.0,3
B00BE3JGES,4.666666666666667,3
B000XE7RU4,4.0,3
B000YJ4FUI,4.666666666666667,3
B000XE7RYK,5.0,3
8329000710,4.666666666666667,3
B00IBYG0RO,4.333333333333333,3
B000YIWBW8,4.0,3
B000XE7TWK,5.0,3
B000YIWB8M,5.0,3
B008MCECNE,5.0,3
B008M9XT2W,5.0,3
B00GAAKPK4,5.0,3
B000YHTBPO,5.0,3
B000YHTB36,4.666666666666667,3
B004KP210S,4.666666666666667,3
B000YHRAVG,4.666666666666667,3
B008MCGOKI,4.0,3
B004KP0588,5.0,3
711901871X,5.0,3
B000YHOD84,5.0,3
B008MCHECA,5.0,3
B008MCHG8M,4.333333333333333,3
B008MAGW3Y,4.0,3
B004KEML54,4.666666666666667,3
B000EM9DDY,4.0,3
B000YQQ3CO,4.666666666666667,3
B000XE721S,5.0,3
B008M4HEK0,4.666666666666667,3
B00BEXXZUE,4.0,3
B008M4KSDA,5.0,3
B00G9XOX8C,4.666666666666667,3
B000YP5J0W,5.0,3
B000YP5HHW,4.0,3
B00BE2TRR0,4.0,3
B000YP06LO,4.333333333333333,3
B000YOPZQG,4.333333333333333,3
B004KEMHNK,4.333333333333333,3
B000YMJQUO,4.666666666666667,3
B000YMAU90,5.0,3
B000EN7J9I,5.0,3
B008OMAHN6,4.666666666666667,3
B00GA0209S,5.0,3
B008M9V2QC,5.0,3
B00GDE6P5G,4.666666666666667,3
B00IC3ZEBW,4.0,3
B008L2U1NK,5.0,3
B000XE257Y,4.666666666666667,3
B004KEJ1NO,4.0,3
B000EK08BM,4.666666666666667,3
B000Z6GQG6,5.0,3
B000EK19GU,5.0,3
B004KEJ3BO,4.0,3
B00G8DAJ0O,4.666666666666667,3
B008L2VP62,5.0,3
B008L2VPEE,5.0,3
B008L36264,4.333333333333333,3
B008P0N4DM,5.0,3
B008P0KAYI,4.666666666666667,3
B008L47H6W,5.0,3
B008L4DCZW,5.0,3
B000Z6BALW,4.666666666666667,3
B000Z65I74,5.0,3
B008OZY3WY,5.0,3
B008OZXR4Y,4.666666666666667,3
B000Z65FKO,4.666666666666667,3
B000Z65F7C,5.0,3
B00BF5ZVYO,4.0,3
B000EKEUNE,4.0,3
B000Z65APE,4.0,3
B004KC5ABS,5.0,3
B000XDZRYS,4.333333333333333,3
B000XDZTRS,4.333333333333333,3
B00BF8GQXG,4.333333333333333,3
B000XE011G,4.333333333333333,3
B008PD33GM,5.0,3
B004KS2RNG,4.666666666666667,3
B000ZEZ4CA,5.0,3
B008L1QT7S,4.0,3
B008L2GTCM,4.333333333333333,3
B000ZBXYJ8,5.0,3
B00GDQOZ3S,4.666666666666667,3
B000Z96XQG,4.666666666666667,3
B008L2PRIY,5.0,3
B000XE0TDG,5.0,3
B000Z95FM4,4.333333333333333,3
B008PAJMZ6,4.666666666666667,3
B008L2S4RK,4.0,3
B000Z8ZJYY,4.666666666666667,3
B000Z8Z93A,4.333333333333333,3
B000Z8YPWG,5.0,3
B000Z8GTC0,4.666666666666667,3
B00L1KFQKC,5.0,3
B008L6GOEG,5.0,3
B00BF0ZHFW,5.0,3
B004KEJA44,5.0,3
B000Z61MCO,5.0,3
B00BDXYNEW,4.333333333333333,3
B008LF8I8W,4.666666666666667,3
B000Z606U8,4.0,3
B000XE44NM,5.0,3
B008OVXBKI,4.666666666666667,3
B004KRYR62,4.333333333333333,3
B008OWGB68,5.0,3
B00G99SJAY,5.0,3
B008OVCNSO,5.0,3
B000XE47IY,5.0,3
B008OUZBT8,4.666666666666667,3
B000XE48HE,5.0,3
B008LHINLC,4.666666666666667,3
B008LIB2M8,4.0,3
B000Z5YDVC,5.0,3
B00GDIS88O,5.0,3
B00G99SYV8,5.0,3
B000XE4HJS,5.0,3
B00G97M3ZS,4.666666666666667,3
B004KRYXHK,4.333333333333333,3
B004KEJ6JS,4.333333333333333,3
B008L73SKS,4.666666666666667,3
B00L1OKV1W,4.666666666666667,3
B008L88SLG,4.666666666666667,3
B000XE363G,5.0,3
B008L93J6O,5.0,3
B00IC4K7PY,4.666666666666667,3
B004KRYUOG,5.0,3
B000Z63SLC,4.666666666666667,3
B000ENANAU,4.666666666666667,3
B000Z63MNG,4.333333333333333,3
B008OXKEEW,4.333333333333333,3
B000Z63LLY,4.666666666666667,3
B00G8XL53E,5.0,3
B008LEQ632,4.333333333333333,3
B008LF2DBA,5.0,3
B000Z61T68,4.666666666666667,3
B00GDKBLQ8,4.666666666666667,3
B000Z61SHI,5.0,3
B00G96OEAG,4.0,3
B004KP04WU,5.0,3
B000XE82I0,4.0,3
B000XSTXJS,4.666666666666667,3
B008N9QVQM,5.0,3
B000XTEPCC,4.666666666666667,3
B000XEBFPW,4.666666666666667,3
B000XEBHYQ,5.0,3
B004KHYUE6,5.0,3
B000XEBLGK,4.333333333333333,3
B000XT8JXI,5.0,3
B00LIBEPDS,5.0,3
B000XT7YKM,4.333333333333333,3
B000XT6XE0,4.666666666666667,3
B000XSSJRU,4.333333333333333,3
B000XSPQ6C,4.333333333333333,3
B008NCGDHG,4.333333333333333,3
B004KGZWUS,5.0,3
B008ND0L4Q,4.333333333333333,3
B008NE2O2C,4.333333333333333,3
1304511081,4.333333333333333,3
B000XTI9RY,4.333333333333333,3
B000XTJRUM,4.0,3
B004KEU336,4.333333333333333,3
B004KETTCM,4.0,3
B00GBJELW2,4.666666666666667,3
B00LFWG7EU,5.0,3
B000XW7WB0,4.666666666666667,3
B000EMX2XQ,5.0,3
B00GCZ2V22,5.0,3
B004KIHL46,4.0,3
B000XV7BLW,4.333333333333333,3
B004KIHGFA,4.666666666666667,3
B004KICAWY,4.666666666666667,3
B008OA4NK6,4.0,3
B008N7N1EE,4.0,3
B000XU4K6W,4.0,3
B00BEJNM9C,4.333333333333333,3
B008N7TETU,5.0,3
B004KIGM6Y,5.0,3
B008N8F0W4,4.333333333333333,3
B008N902FS,4.666666666666667,3
B000XED25S,4.666666666666667,3
B004KEOFTE,4.666666666666667,3
B000XGU6JG,5.0,3
B000XJS8C0,5.0,3
B000XEF1XO,4.666666666666667,3
B00GCHMX28,5.0,3
B000XHY4DE,5.0,3
B00GCI2R6O,4.666666666666667,3
B008NVAI7S,5.0,3
130414643X,4.333333333333333,3
B00GCR9A10,4.333333333333333,3
B000XEF6PW,5.0,3
B008NVYKT0,4.333333333333333,3
B000EMDKKQ,4.666666666666667,3
B004KG8KLG,4.666666666666667,3
B000XGGBUE,4.0,3
B00GCOHB0U,4.666666666666667,3
B004KG2Q6G,4.666666666666667,3
B000XEFCOW,5.0,3
B000XF5I90,5.0,3
B000XF1902,5.0,3
B00GCPGPZQ,4.666666666666667,3
B008NXVO6A,4.333333333333333,3
B008NXV9Z6,5.0,3
B008NXTXYA,4.0,3
B000XKA016,4.0,3
B008O53MTY,5.0,3
B000XRT1CI,4.666666666666667,3
B00GCCQ3DI,4.666666666666667,3
B000XR8HHI,5.0,3
B008O61NU8,5.0,3
B000XQZNRG,5.0,3
B000XED4XS,4.333333333333333,3
B004KF16MM,4.0,3
B00GCS8NYY,4.333333333333333,3
B000XEDA8M,5.0,3
B004KF17FS,5.0,3
B008NLN0H8,5.0,3
B000XMK4L0,5.0,3
B008NOHI2I,4.333333333333333,3
B00LIU02EU,5.0,3
B000XPYQ5C,4.333333333333333,3
B000XPUUJ8,5.0,3
B000XPTPE4,5.0,3
B000XPT6ZM,4.666666666666667,3
B000XPT314,4.666666666666667,3
B000XPQ3SK,4.666666666666667,3
B004KGF2R6,4.666666666666667,3
B000XEDDDY,5.0,3
B008O5IHXU,4.666666666666667,3
B00GBH5TXY,5.0,3
B004KNKLMU,5.0,3
B000YDFCPQ,4.0,3
B000YDCCN6,4.333333333333333,3
B000YD9M48,4.666666666666667,3
B008OIAL7C,4.666666666666667,3
B004KEONMS,4.333333333333333,3
B000YC5AWW,5.0,3
B000YC3VZK,5.0,3
B000YBIOB2,4.0,3
B008MO7K40,4.333333333333333,3
B00GAVWAGU,4.333333333333333,3
B008MOK0J2,5.0,3
B000YB5TIS,4.333333333333333,3
B004KEQHH2,5.0,3
B00GAXA5WO,5.0,3
B00GD7V9LS,4.0,3
B000XE94G4,4.666666666666667,3
B008MOX5OY,5.0,3
B008MLDKLU,5.0,3
6162751473,5.0,3
B004KEOGHK,5.0,3
B000YGMGOS,5.0,3
B008MDS07W,4.666666666666667,3
B004KOSZTK,4.333333333333333,3
B008OIXVWY,4.333333333333333,3
B004KEOGZM,5.0,3
B000EN7AS8,4.333333333333333,3
B000YG1GXU,5.0,3
B000XE89JM,5.0,3
B00IBQ7N3M,4.666666666666667,3
B00GAQRBHS,5.0,3
B000YEUMLO,4.666666666666667,3
B004KEOIVO,4.333333333333333,3
B000YEQYZ2,4.333333333333333,3
B008MIRJC4,4.333333333333333,3
B008OISKI4,4.333333333333333,3
B008OIN8GS,5.0,3
B000YDJTDM,4.333333333333333,3
6041134473,5.0,3
B008ML1X00,4.666666666666667,3
B000XE8OB0,5.0,3
B00GAT5D5C,4.333333333333333,3
B000XE95LI,4.333333333333333,3
B000YB17TI,5.0,3
B000XE9A1I,5.0,3
B008MZFFSC,4.0,3
B00GBB0EJE,5.0,3
B004KKC51I,5.0,3
B00BE69OS8,4.333333333333333,3
B000Y0NKHQ,5.0,3
B000Y0EJ9E,5.0,3
B000Y0ALJQ,4.333333333333333,3
3292000971,5.0,3
3222000565,5.0,3
B000YAR720,5.0,3
B000Y06NWU,4.333333333333333,3
B000Y0499E,4.0,3
B008N19GOE,4.333333333333333,3
B000XZMXEI,5.0,3
B000XZMJT2,4.333333333333333,3
B000XZK7DC,4.0,3
B008N1RYXO,4.333333333333333,3
B008N1RZ7E,4.0,3
B00GD0OQBA,5.0,3
B004KEQTM0,5.0,3
B000XYJ8OC,4.666666666666667,3
B00GB8X0FW,5.0,3
B008ODSZ9I,5.0,3
B008OELR56,4.333333333333333,3
B00LBEXC3Q,5.0,3
B000YAKV6Y,4.666666666666667,3
B00GAXUCZ4,4.666666666666667,3
B000YA8Q7K,4.666666666666667,3
B000EMBJMC,5.0,3
B008OFC380,5.0,3
B00GD6CRY2,4.666666666666667,3
B000XE9FGI,5.0,3
B00GB1WGZ4,4.666666666666667,3
B000Y8Y73E,5.0,3
B008MTFM5O,5.0,3
B008OFB426,4.666666666666667,3
B008MU8TL2,4.0,3
B008OFB28W,4.0,3
B008MVG0JE,4.666666666666667,3
B004KEQN58,5.0,3
4057368825,4.0,3
B000Y7VZ2G,5.0,3
B00GB87JF4,4.333333333333333,3
B000Y6SDDG,4.0,3
B008OEWRVO,4.333333333333333,3
B000Y4WF0U,4.666666666666667,3
B000XE9KTA,5.0,3
B008MYTWDM,4.666666666666667,3
B004KBH2IS,4.333333333333333,3
B000EOI1BC,5.0,3
B00112BTM4,4.666666666666667,3
B00112BTHY,5.0,3
B00112BTDS,4.666666666666667,3
B00KRKOC0C,5.0,3
B00G31ANCK,4.0,3
B004L17FKC,5.0,3
B00112BSQQ,4.333333333333333,3
B00G31H6Y8,4.666666666666667,3
B00G31H9KY,5.0,3
B000EHH7BO,5.0,3
B00112BQQ8,4.333333333333333,3
B00G2YDLXG,4.666666666666667,3
B00112B16S,5.0,3
B008I5LFIK,4.666666666666667,3
B008I5Q9ZO,4.666666666666667,3
B004L13G78,5.0,3
B000X1D99A,4.333333333333333,3
B008I5U7YS,4.666666666666667,3
B00112AIKS,4.0,3
B00112AHK4,5.0,3
B008QXNTCE,4.666666666666667,3
B008QXNRI0,4.666666666666667,3
B008I6SFWS,5.0,3
B00112BVIQ,4.0,3
B00112C36U,5.0,3
B004L0S7GO,4.0,3
9790784414,5.0,3
B008HWZOKY,4.333333333333333,3
B00112HR70,4.666666666666667,3
B008HXDTBE,5.0,3
B00G2QMSW4,4.333333333333333,3
B000EOQZ6U,5.0,3
B000WZSRHQ,4.666666666666667,3
B00112FZN8,4.333333333333333,3
B00112FLPA,5.0,3
B000WZSX0W,4.666666666666667,3
B00BFV9TOG,4.333333333333333,3
B00112F100,5.0,3
B004L1G4GI,4.666666666666667,3
B008HYYDCW,4.333333333333333,3
B00BDNSUSW,4.666666666666667,3
B000WZTZ5E,4.0,3
B00BFV7G7S,4.333333333333333,3
B00112DSVO,4.666666666666667,3
B00112AGGO,5.0,3
B00112HY82,5.0,3
B004L0ACGW,5.0,3
B00110S33O,5.0,3
B00110S1ZY,5.0,3
B000X28WJ6,5.0,3
9790781369,5.0,3
B00110OLV2,5.0,3
B00G3J4CWE,4.0,3
B00110MKMY,4.333333333333333,3
B004K1ARIK,5.0,3
B004L073R8,5.0,3
B00G3HDAHO,4.0,3
B004L04J20,4.666666666666667,3
B001105FD0,4.333333333333333,3
B008ILGWTQ,4.666666666666667,3
B0010ZYIVG,5.0,3
B0010ZR520,4.0,3
B0010ZNEZ2,5.0,3
B008ISZI44,4.666666666666667,3
B008ITMWQK,4.333333333333333,3
B0010ZCSL8,5.0,3
B004K0Y18I,5.0,3
B00111877K,4.666666666666667,3
B00112AEMK,4.333333333333333,3
B001126ZKK,5.0,3
B008QV09S8,5.0,3
B008IB14I0,4.666666666666667,3
B008IC0PY8,5.0,3
B00BFRAU66,5.0,3
B00G39NA4K,5.0,3
9790782381,4.666666666666667,3
B00112939A,4.666666666666667,3
B000X1LR7Q,5.0,3
B00G3D6O2G,4.333333333333333,3
B0011291D8,4.666666666666667,3
B000EOFX4A,5.0,3
B001126ZZ0,5.0,3
B001126Z64,4.333333333333333,3
B008QNJ018,5.0,3
B00G3DWC54,5.0,3
B001126XUC,4.666666666666667,3
B001126XM0,5.0,3
B00G3E2Q9K,4.0,3
B00IBDCYXY,4.666666666666667,3
B008IEI3PE,5.0,3
B000X1UGIM,4.0,3
B001123A4Y,5.0,3
B008QOWBH2,5.0,3
B000X1UTFM,4.666666666666667,3
B00G3ES22K,4.666666666666667,3
B008R1Q6CA,4.666666666666667,3
B008R1QBM0,5.0,3
B004KS2T16,4.666666666666667,3
B008HDIVVM,5.0,3
B004L3TZMG,4.0,3
B008HBK4NM,5.0,3
B0011B9SLY,5.0,3
B00119URHK,5.0,3
B000WZ5L34,5.0,3
B00119OW76,4.0,3
B00119604Y,5.0,3
B00118ZXOI,4.333333333333333,3
B00G1NBWUC,4.666666666666667,3
B008RABL76,4.333333333333333,3
B00BFWRFKK,5.0,3
B008HFY1BY,5.0,3
9790787839,4.333333333333333,3
B001181T1E,4.666666666666667,3
B008R9HK68,4.333333333333333,3
B008HHE2QG,5.0,3
B000WZHGVY,5.0,3
B000WZIYBU,4.666666666666667,3
B00117PXSU,5.0,3
B00G15K4IG,4.333333333333333,3
B004JW0C26,5.0,3
B008RC4GEE,5.0,3
B0011DMS82,4.0,3
B008RC1TEY,4.333333333333333,3
B00GFDBBCW,4.333333333333333,3
B004L5G5CW,4.333333333333333,3
B008H6MQ8S,4.666666666666667,3
B00G156WB4,5.0,3
B0011DL1D0,5.0,3
B0011DL0GS,5.0,3
B0011DJHRC,4.333333333333333,3
B008H6SG4Q,4.333333333333333,3
B0011DHMDS,4.666666666666667,3
B008H86XPI,5.0,3
B0011DHLTI,4.666666666666667,3
B0011DHHPQ,5.0,3
B008RALQZS,4.333333333333333,3
B00117SNPA,5.0,3
B00117P3MG,5.0,3
B008R1QEK4,5.0,3
B00BDMNCI6,4.0,3
9790786069,4.0,3
B00G29TNCO,5.0,3
B00113MGSY,4.666666666666667,3
B00BDM9I2K,5.0,3
B00113M5Y4,5.0,3
B004JYJTY6,4.0,3
B000WZP4OK,5.0,3
B00KQYAS98,5.0,3
B00113KAVE,5.0,3
B008HTIAYO,5.0,3
B00113IFHU,4.666666666666667,3
B00GF1N1DQ,5.0,3
B00113I430,5.0,3
B00G249R48,4.666666666666667,3
B00113GFRC,4.333333333333333,3
B00G2IFSQ0,5.0,3
B008HU8KK2,4.333333333333333,3
B004L1IMJK,5.0,3
B00113OONY,4.0,3
B000WZP36O,4.666666666666667,3
B008R7XMXA,5.0,3
B000WZJ46E,4.666666666666667,3
B00117FOXE,5.0,3
B00117EV0Q,4.666666666666667,3
B000WZL002,4.666666666666667,3
B00117075Y,4.0,3
B004JYEN9C,4.666666666666667,3
B000WZL73W,5.0,3
B001168F68,4.666666666666667,3
B008R6HI4A,5.0,3
B00116628G,4.666666666666667,3
B000WZL87M,4.666666666666667,3
B004JYIKEG,4.333333333333333,3
B008R6DB0A,4.0,3
B00G1XYJHK,4.333333333333333,3
B000WZNI8O,4.0,3
B008R6D70E,4.333333333333333,3
B008HRMO34,4.333333333333333,3
B00115R1CS,4.666666666666667,3
B00115Q5ZM,4.666666666666667,3
9790787006,5.0,3
B008HRQ6NI,4.666666666666667,3
B0011533FW,4.666666666666667,3
B00114US2E,4.0,3
B0010ZB6Z2,5.0,3
9790771614,4.0,3
B00106925W,5.0,3
B008K4WF24,5.0,3
B001064XJM,5.0,3
B004K98XAG,5.0,3
B000EO33P6,4.666666666666667,3
B000EO0ZDY,5.0,3
B00GEDK426,4.0,3
B004K9PD86,4.333333333333333,3
B00103J6DS,5.0,3
B00103J6BU,5.0,3
B00103IJOU,4.333333333333333,3
B00GEA6YT6,4.666666666666667,3
B008K89GPO,4.666666666666667,3
B00G6HA0FG,5.0,3
B004KA2G94,5.0,3
B00101O8GA,5.0,3
B001005W34,5.0,3
B00GE4U56U,5.0,3
B000ZX7TOW,5.0,3
B000ZV7W28,5.0,3
B008KELPNY,4.333333333333333,3
B00G5X183O,4.0,3
B008KFLXQW,5.0,3
B0010EDHNM,5.0,3
B00G5JA1P4,5.0,3
B004K61VTE,5.0,3
B00G5JTXFS,4.333333333333333,3
B0010CDWV6,4.0,3
B00KVK2DMC,5.0,3
B004K6CFL2,5.0,3
B008PPXBA8,4.0,3
B004KTQTN4,4.0,3
B0010BSB72,4.666666666666667,3
B0010BAJT0,4.666666666666667,3
9790774443,5.0,3
B0010B3E0Q,5.0,3
B0010AU3SI,4.666666666666667,3
B0010A6JEU,5.0,3
9790773609,4.666666666666667,3
B008K1KQHI,4.666666666666667,3
B00109X0FW,4.0,3
B00106Z2V0,5.0,3
B00GDZ5H0Y,4.0,3
B000ZLZ7WK,4.333333333333333,3
B000XDYDAW,5.0,3
9789820615,4.333333333333333,3
B000ZLTE7E,4.666666666666667,3
B000ZKUYEM,5.0,3
B008PET1N0,5.0,3
B008PEC3TO,5.0,3
B000ZK6B9E,5.0,3
B00BDUSLFM,4.666666666666667,3
B00BFAFAS6,5.0,3
B008PF9T5E,4.666666666666667,3
B000ZIXGK8,5.0,3
B004KSBTBM,4.0,3
B00BDVNQVK,5.0,3
B000XDZEKK,4.333333333333333,3
B004KS6D9K,5.0,3
B000ZHVD4K,4.666666666666667,3
B00BF9E2FY,4.666666666666667,3
B00BF9BSW4,5.0,3
B000ZHAFM6,5.0,3
B008PFB0RY,4.333333333333333,3
B000XBGECY,4.333333333333333,3
B000ZPNNLS,4.0,3
B004KTAQC4,4.0,3
B000ZU3XX6,5.0,3
B000XDTHWQ,4.666666666666667,3
B004KAS5OY,5.0,3
B00GE2ERHA,4.0,3
B008KIVZXK,5.0,3
B000ZPRI2I,4.333333333333333,3
B004KAS6E8,5.0,3
B000ZPLF04,4.0,3
9790770391,5.0,3
B000XDWZFW,5.0,3
B008KMDKYS,5.0,3
B008KMHDNW,5.0,3
B008PFH4DI,5.0,3
B008KMV6N0,4.666666666666667,3
B008KN1CIS,4.666666666666667,3
B000ZMYJSW,5.0,3
B000ZMUZCQ,4.666666666666667,3
B0010EEAOW,4.666666666666667,3
B004K4V49S,4.666666666666667,3
B008J43ENY,5.0,3
B008J45ATK,5.0,3
B0010TCSRI,5.0,3
B004KZF6LY,4.666666666666667,3
B00G3ZQIS4,4.333333333333333,3
B00G42Y9SW,5.0,3
B0010SYUSE,5.0,3
B00G4367ZE,5.0,3
B00GEH69AS,4.666666666666667,3
B0010SXGFM,4.666666666666667,3
B00BFHGZZQ,4.0,3
B008J58TRO,4.0,3
B008J5HR72,4.666666666666667,3
B0010SWGOY,5.0,3
B004KXNJ1U,4.0,3
B0010SWEDC,5.0,3
B004KXLSTU,5.0,3
B008Q22P16,4.666666666666667,3
B0010SUD4Y,5.0,3
B0010SUCUY,4.666666666666667,3
B00BDTDS06,5.0,3
B008QF7FPY,4.0,3
B0010YS6DS,5.0,3
B0010YQB9O,4.666666666666667,3
B0010YPUT6,4.333333333333333,3
B000EODFE0,5.0,3
B008IYLQTO,5.0,3
B0010XH4ZA,4.666666666666667,3
B008J0HISA,5.0,3
B000EODF5Y,4.333333333333333,3
B00BFJM78I,5.0,3
B008J10BX8,4.0,3
B008J10D54,4.333333333333333,3
B0010WRO5Q,4.333333333333333,3
B008QDBX5Y,5.0,3
B00BFJCE5E,5.0,3
B0010VMKWY,4.0,3
B0010VI3Z2,5.0,3
B0010V5MSI,4.666666666666667,3
B00GEH6PK2,5.0,3
B008QB328M,5.0,3
B000X40KIK,5.0,3
B00G4E64G0,4.333333333333333,3
B0010HAQME,4.333333333333333,3
B004KVIWXM,4.0,3
B00G4NWCQC,5.0,3
B00BFGEBHG,5.0,3
B008PUCWUS,5.0,3
B008JGS3YM,4.0,3
B0010H6S44,4.666666666666667,3
B0010H6R6I,4.0,3
B0010H65HE,5.0,3
B0010H5TSA,5.0,3
B00BDTF5KM,5.0,3
9790775741,4.666666666666667,3
B008JH7K68,5.0,3
B000EO89PK,4.0,3
B008JHHGZ8,4.666666666666667,3
B0010H1TCU,4.666666666666667,3
B008PSSSAI,5.0,3
B00G54GK04,4.666666666666667,3
B00IC9AG5U,5.0,3
B0010FRG8I,4.333333333333333,3
B0010FOAFA,5.0,3
B008PRWG0C,4.0,3
B008PRAYXI,4.333333333333333,3
B008JPWGP0,5.0,3
B008JQ104C,5.0,3
B00G4M01L6,4.666666666666667,3
B00BFGIZH8,5.0,3
9790776241,4.666666666666667,3
B0010S7FUY,5.0,3
B008JAKMJW,5.0,3
B00BFGZZBM,5.0,3
B008JB0Y9Y,4.333333333333333,3
B000X65RBI,4.0,3
B0010OGSQA,5.0,3
B00BFGNXY8,5.0,3
B008JBR26W,4.666666666666667,3
B008PYF01C,4.0,3
B008JE0QZ8,4.666666666666667,3
B008JE1EVS,4.333333333333333,3
B000X8NHG8,4.0,3
B008JEC02U,5.0,3
B008JEC0NY,4.0,3
B008JEC26E,4.666666666666667,3
B0010K9BU4,5.0,3
B00GID0B6G,4.333333333333333,3
B004IKE07C,5.0,3
B004HEFWUS,5.0,3
B000VL1RT6,5.0,3
B00IA83UQU,4.333333333333333,3
B0084N7HPG,5.0,3
B00187VFZS,5.0,3
B0084NOCUO,5.0,3
B0090FZR5Y,4.333333333333333,3
B00187AWNY,4.0,3
B004MXQLF4,4.0,3
B004HEFSXY,4.0,3
B0090F0Q7S,5.0,3
B00FGSPYHA,5.0,3
B000VLHKV0,4.0,3
B0084OJHBM,5.0,3
B00IA8D7QI,5.0,3
B00008PC25,5.0,3
B0084P6VRY,4.0,3
B00BCO2O3O,4.333333333333333,3
B004HF2LDI,5.0,3
B0018BQDVA,5.0,3
B00FGJGNGU,4.0,3
B00BI5OZ34,5.0,3
B00008XP0B,4.0,3
B0084FJBTO,5.0,3
B0090JYG4I,5.0,3
B00FGJT2D6,4.666666666666667,3
B00FGLCRAO,5.0,3
B0018ANH9W,5.0,3
B000VKWZJI,4.333333333333333,3
B00188HMK4,4.333333333333333,3
B0018AE3U4,5.0,3
B00008WM64,5.0,3
B00BI5NJD6,5.0,3
B00008WM62,5.0,3
B00008WM5Z,5.0,3
B00008WM5Y,4.333333333333333,3
B004MZRVPQ,5.0,3
B00008WM5X,4.666666666666667,3
B00FH7GTZ6,4.333333333333333,3
B0084FFOAO,4.333333333333333,3
B004HGS0GE,4.333333333333333,3
B00GM4G6XI,5.0,3
B000VNNE4K,4.0,3
B0084Z3W8U,4.333333333333333,3
B0084ZQING,4.333333333333333,3
B000E7YJWO,5.0,3
B00850O800,5.0,3
B000VNSS00,5.0,3
B00FI1V3A2,4.666666666666667,3
B000VNY94Y,5.0,3
B0017ZI37O,5.0,3
B004HGUD82,5.0,3
B00FI6ALRI,5.0,3
B0017YPHZG,4.0,3
B00905FRVS,4.666666666666667,3
B0017XFQIK,5.0,3
B004MU5EVY,5.0,3
B000VNL208,4.666666666666667,3
B004MUKZZY,4.666666666666667,3
B004MWP282,4.333333333333333,3
B000VLLXTU,5.0,3
B0090DYPYU,4.666666666666667,3
B000VLN2WQ,5.0,3
B004MWJS5A,4.666666666666667,3
B0090D4FF4,5.0,3
B000VLTM20,5.0,3
B00183ZDKA,5.0,3
B0084TNAFG,5.0,3
B0084TW6KQ,4.333333333333333,3
B00008MOQH,5.0,3
B0090849BE,4.0,3
B004HFT6R2,5.0,3
B00908FLQ6,4.666666666666667,3
B00908B6OC,4.0,3
B000VMSBA8,5.0,3
B00182JYYC,4.333333333333333,3
B004HFXWJK,4.666666666666667,3
B0090868TA,5.0,3
B00ID8H82O,4.0,3
B0084Y1M8I,4.666666666666667,3
B001823308,4.0,3
B009084GSA,5.0,3
B0084YJEGK,4.333333333333333,3
B0084FF6IY,4.333333333333333,3
B0018LPKQE,4.666666666666667,3
B0000A606G,4.0,3
B0083WIM9S,4.666666666666667,3
B004H7L15U,5.0,3
B0000A6064,4.0,3
B00K93DWFI,5.0,3
B0018L98H6,4.0,3
B0083X1O06,5.0,3
B0018KK7IQ,4.666666666666667,3
B0018KIBOI,5.0,3
B0083XLAQE,5.0,3
B004H725UA,5.0,3
B0018IZ238,5.0,3
B0083Y550K,5.0,3
B0018IY8F6,4.333333333333333,3
B0018ITSM4,5.0,3
B0018IQ1MY,4.333333333333333,3
B0018HUHGG,4.666666666666667,3
B0083YVOB4,5.0,3
B0083YYRQ8,4.333333333333333,3
B0090V4AQ0,4.333333333333333,3
B000F396QQ,5.0,3
B0000ACXTG,4.666666666666667,3
B0083U6GKM,5.0,3
B004H6GG42,4.666666666666667,3
B004H6I9WY,5.0,3
B0018NP3V4,4.0,3
B0083UV7UQ,4.666666666666667,3
B0018NNHNK,4.666666666666667,3
B0018NLFSO,4.0,3
B0018N5I8W,4.333333333333333,3
B0083VFET0,4.0,3
B004H6MVNC,4.333333333333333,3
B0090X2TUW,4.666666666666667,3
B004H6SZOG,4.666666666666667,3
B0083V5X6E,4.666666666666667,3
B0018MZAN6,4.333333333333333,3
B0000A606L,4.0,3
B0018MOYCY,4.333333333333333,3
B00FFN2US2,4.333333333333333,3
B0018ML472,4.0,3
B0083VFEEK,5.0,3
B0083ZGT1I,4.333333333333333,3
B004N0KTCW,4.333333333333333,3
B0018C64N6,5.0,3
B0018C64LS,5.0,3
B004N13F1S,4.666666666666667,3
B000VJZAQE,4.333333333333333,3
B00847BS66,4.333333333333333,3
B0018C0MF2,4.666666666666667,3
B00BCNTQXQ,4.666666666666667,3
B00009B1WJ,4.666666666666667,3
B008483QQ0,4.0,3
B0018BY344,5.0,3
B004N100IY,5.0,3
B0084C5J3E,5.0,3
B004HCJSM8,5.0,3
B000F2DYOW,5.0,3
B000092LY3,4.0,3
B0018BUW9E,4.0,3
B0084EZM20,4.0,3
B000VKOFIW,5.0,3
B000E7WGEM,5.0,3
B0018C862I,4.0,3
B00844VHJ2,4.333333333333333,3
B0018HJ0IC,5.0,3
B0018GUXV6,4.666666666666667,3
B0018GOKOW,5.0,3
B0018GI4RQ,5.0,3
B008403RZI,4.666666666666667,3
B00840QBXS,5.0,3
B0018F0UYW,5.0,3
B00841ZQLA,5.0,3
B00842FMOK,4.666666666666667,3
B00842HM4I,5.0,3
B0018DRHCM,5.0,3
B00009TWMD,5.0,3
B000VJOA88,5.0,3
B004N1Y0L2,4.333333333333333,3
B0018DIB5E,5.0,3
B00BCNRE80,5.0,3
B0084672LM,5.0,3
B004N1OLZ2,4.666666666666667,3
B00846LZF6,4.333333333333333,3
B00009OL6Y,5.0,3
B0018CES1G,4.666666666666667,3
B00852C7WO,4.666666666666667,3
B00KAM9EZ0,5.0,3
B00008GQGP,4.0,3
B000VOMXTQ,4.0,3
B004MOZ8PW,4.666666666666667,3
B0017KCLO0,4.666666666666667,3
B00006RVHB,5.0,3
B0017KCLG8,4.666666666666667,3
B0017KA0SY,4.0,3
B0017K92KQ,4.333333333333333,3
B00ID2SIM4,4.666666666666667,3
B000E80EB8,4.666666666666667,3
B008Z69MNW,4.666666666666667,3
B0085OEIK6,5.0,3
B0017K70J6,4.0,3
B0085N4HAI,4.666666666666667,3
B0017K4OUO,4.666666666666667,3
B0085PLZQK,4.333333333333333,3
B000VON18I,5.0,3
B008Z4DRQW,4.0,3
B0017JVCBY,5.0,3
B0085RKO4M,5.0,3
B00006RZAG,4.666666666666667,3
B00FK9CLOO,5.0,3
B0017LGHCQ,4.0,3
B000E7YL4A,4.666666666666667,3
B000EZW3RE,5.0,3
B0017LSULC,4.666666666666667,3
B000VOLN74,4.666666666666667,3
B0085LWBZS,5.0,3
B000VOLNPG,5.0,3
B00FJLLUP4,4.0,3
B00FJNL5PM,5.0,3
B0085M9QXC,5.0,3
B008Z9AQQG,5.0,3
B008Z972F4,4.333333333333333,3
B0085MKUW8,5.0,3
B0017KPKKM,5.0,3
B0085MLPVS,4.333333333333333,3
B0017KLHHW,5.0,3
B0085MMRGU,5.0,3
B0085MNRB4,5.0,3
B0017KGBTQ,4.666666666666667,3
B000EZU8L2,5.0,3
B0085SCU6G,5.0,3
B0017WXIA4,5.0,3
B00006K141,4.666666666666667,3
B00006JUKA,4.666666666666667,3
B0085XAMJI,4.666666666666667,3
B004HMW6GI,4.0,3
B000EY4YNG,4.666666666666667,3
B00006JN4K,5.0,3
B0085XWBZ6,5.0,3
B0017HRQ20,4.333333333333333,3
B008Z18KJE,4.333333333333333,3
B00FKP56A4,5.0,3
B0085YA4JU,4.333333333333333,3
B00BCRXOO4,4.333333333333333,3
B0085YA99A,4.666666666666667,3
B0085YAR7Y,5.0,3
B004HO4NQ2,4.333333333333333,3
B00006IV2Z,4.666666666666667,3
B0085YDQAY,4.666666666666667,3
B0017G8ZP8,5.0,3
B0017G53WG,4.666666666666667,3
B0017FJ6NY,5.0,3
B0017JP1G6,4.333333333333333,3
B0085SIVAA,5.0,3
B0017JT5TU,5.0,3
B0017JUVEI,5.0,3
B008Z40UXU,4.0,3
B00BHRM44K,4.0,3
B008Z3WCZA,4.0,3
B008Z3SV0A,4.666666666666667,3
B0017JTJR8,5.0,3
B0017JTGH6,5.0,3
B00FKBAQXK,4.666666666666667,3
B0017JTD88,4.666666666666667,3
B0017JTAOU,5.0,3
B0017JT8W4,5.0,3
B00BHRE43Y,4.666666666666667,3
B0017JT23Y,4.333333333333333,3
B0085UPUCK,4.666666666666667,3
B0017JSXJI,5.0,3
B004MOABPO,5.0,3
B004HM1XF8,4.666666666666667,3
B0017JRJKM,4.666666666666667,3
B004HM36HG,4.666666666666667,3
B0017JRFN8,5.0,3
B0085VWH84,4.666666666666667,3
B00FKEQDRA,5.0,3
B0085W46JQ,4.0,3
B000VON9ZS,5.0,3
B0085W46P0,4.333333333333333,3
B0017LW8Q0,5.0,3
B0085H5CLM,4.666666666666667,3
B00BCP88OM,5.0,3
B0017RGSXS,5.0,3
B0017STQQS,4.333333333333333,3
B004HI5JB6,4.666666666666667,3
B0017SOVYU,4.333333333333333,3
B0017SKH0C,5.0,3
B00853F2DY,4.0,3
B0017RZ0D2,4.333333333333333,3
B000VOHS1O,4.666666666666667,3
B00853F6P8,4.666666666666667,3
B00853F8F6,4.666666666666667,3
B008543NOS,5.0,3
B0017RF87U,5.0,3
B004HIAWV8,5.0,3
B004HIAWW2,4.333333333333333,3
B00854IJ5G,4.666666666666667,3
B00854J6OE,4.333333333333333,3
B00GLXBQ5S,4.333333333333333,3
B008ZVFOCK,5.0,3
B008ZV88XW,4.666666666666667,3
B00007L1IE,4.0,3
B00854W7FO,4.0,3
B00855M082,4.333333333333333,3
B004MTDADE,4.333333333333333,3
B000VOLLLM,4.666666666666667,3
B000VOHFSK,4.0,3
B0017WW8KU,4.0,3
B000VODZNO,5.0,3
B00008BNYM,4.666666666666667,3
B0017W6PU4,4.666666666666667,3
B0017W5HLW,4.666666666666667,3
B00008AJJW,4.333333333333333,3
B008532PX4,4.666666666666667,3
B0017UGQUK,4.0,3
B0017U1OFM,4.0,3
B0017TZ9UE,5.0,3
B00853EIWU,4.666666666666667,3
B0017TPE7C,4.333333333333333,3
B0017TMZW4,5.0,3
B0017TGRWI,4.0,3
B00853EQUY,5.0,3
B00901TPQ0,5.0,3
B00FIZGLB4,5.0,3
B00BI07BCG,4.666666666666667,3
B0085CTRK4,5.0,3
B00007E319,4.666666666666667,3
B0085DK78Y,4.666666666666667,3
B0085E2XCQ,5.0,3
B00007DWDE,5.0,3
B0017OLH2I,5.0,3
B004HJ737S,4.0,3
B000VOLDO2,4.333333333333333,3
B00BCP3ABS,5.0,3
B00BHVBYNS,4.666666666666667,3
B00GLS5578,5.0,3
B000VOLI06,4.0,3
B00FJBWTZ4,4.333333333333333,3
B000VOLJ9G,4.333333333333333,3
B0085FJ2QU,5.0,3
B0017LZBJ6,4.666666666666667,3
B0017LZALU,4.666666666666667,3
B000078PN3,4.666666666666667,3
B00BCP5WI2,4.333333333333333,3
B008ZFDOMS,4.333333333333333,3
B0017LXU5S,5.0,3
B0085CSRNW,4.666666666666667,3
B008ZIJLSG,5.0,3
B004HIIUSA,5.0,3
B000VOJIQM,5.0,3
B0017QK75O,4.666666666666667,3
B000VOJMJ0,5.0,3
B008ZRA172,5.0,3
B000VOJO84,5.0,3
B00FJ13NY0,4.666666666666667,3
B00FJ14CZO,4.333333333333333,3
B0017PYPIK,4.333333333333333,3
B00007FCQ0,5.0,3
B004MT2GE8,4.666666666666667,3
B0085B7GYO,4.333333333333333,3
B00FJ1E1BE,4.0,3
B00GLS5BEU,4.333333333333333,3
B0017PNXX8,4.666666666666667,3
B000EZXYT0,4.0,3
B000VOJQV4,5.0,3
B0085CNPZ2,4.0,3
B000VOJQXC,4.666666666666667,3
B0018NS8TS,5.0,3
B0018NX8KM,5.0,3
B00140XQCY,4.666666666666667,3
B00BIP70AY,4.666666666666667,3
B000V9QPEK,4.0,3
B0081U8RK6,5.0,3
B00BIPAOWU,5.0,3
B00BIP94L2,4.0,3
B0091UB0Q8,4.0,3
B0081UAY98,5.0,3
B0081UBGBS,4.666666666666667,3
B0091TH3HY,5.0,3
B0081UBIWA,4.666666666666667,3
B000VA3754,4.333333333333333,3
B00BCBXK8K,5.0,3
B0081ULZ6E,5.0,3
B004GVOMFS,5.0,3
B004GW12O6,4.666666666666667,3
B0019MQKDO,5.0,3
B0019U6HAW,5.0,3
B000VA67OW,4.333333333333333,3
B004GVBZGM,4.0,3
B0019ZCTJU,5.0,3
B004NFOY4G,4.666666666666667,3
B000V8R6L2,5.0,3
B00BIPVTII,5.0,3
B00FD5OZ3U,5.0,3
B0000XMQS6,5.0,3
B000E7UDN8,4.0,3
B004NFJPBS,5.0,3
B0019X3VLM,5.0,3
B00FDAHCEY,5.0,3
B00BCBUBNM,4.0,3
B0019X1GW8,5.0,3
B000V8XQNO,5.0,3
B0081SQ7R8,4.666666666666667,3
B0019WIV54,4.666666666666667,3
B00FDBK9GG,4.666666666666667,3
B0091W8ZX2,5.0,3
B0081TKLQK,4.333333333333333,3
B00BIPCCDY,4.666666666666667,3
B00FDH4KQK,4.666666666666667,3
B0081U1HV2,4.333333333333333,3
B0000WA8EG,4.333333333333333,3
B000E7UDLU,5.0,3
B0019HVUES,5.0,3
B008211B1Q,4.666666666666667,3
B008211G9S,4.0,3
B0082136YQ,5.0,3
B0091Q2Z7A,4.666666666666667,3
B00FDZLI9Y,4.333333333333333,3
B008216STQ,4.0,3
B0000SW9HE,4.666666666666667,3
B0019GRSZY,5.0,3
B00K7ON6IM,4.0,3
B00821FIOC,5.0,3
B00GMP4DFA,5.0,3
B00821FOOQ,4.0,3
B00IDCNPZO,5.0,3
B000VBLCNM,5.0,3
B00821TFQO,4.666666666666667,3
B00821W5XY,5.0,3
B0091OU8EO,5.0,3
B0091OS0NA,5.0,3
B0019FAZ6O,4.666666666666667,3
B000VC3N5Q,5.0,3
B000VC5TDU,4.666666666666667,3
B000VB7VLO,5.0,3
B004NDX1SI,4.666666666666667,3
B0091SMBUO,5.0,3
B0081X43II,5.0,3
B00BIP6VKE,4.0,3
B0081XMJDO,5.0,3
B000VA83KI,4.333333333333333,3
B000VA8RSQ,4.333333333333333,3
B0091R3QCW,4.0,3
B0081Z3W9C,4.666666666666667,3
B0081Z5HI6,4.666666666666667,3
B0019LOOVK,5.0,3
B0081Z8J9U,4.666666666666667,3
B004GWERAM,5.0,3
B000VAKID8,5.0,3
B00BCD8J0M,5.0,3
B0081ZWV3U,4.666666666666667,3
B0081ZXFEE,4.333333333333333,3
B008206VGC,4.666666666666667,3
B004NDHRBU,5.0,3
B000VB49CI,5.0,3
B0091QMN7C,5.0,3
B004GWXBXG,4.333333333333333,3
B000VB6NUE,4.666666666666667,3
B0081RN31W,4.0,3
B0019ZGT32,5.0,3
B004H606C0,5.0,3
B0081FPXUS,4.666666666666667,3
B004GSNHPM,4.333333333333333,3
B0081E6ROA,4.0,3
B001A9XN6S,5.0,3
B001A9KC3U,4.666666666666667,3
B0081E6X9O,4.0,3
B001A9IERQ,4.666666666666667,3
B004GSX0ZY,4.333333333333333,3
B004GSXHES,5.0,3
B00FBVRR4U,5.0,3
B001A8EFJ8,4.333333333333333,3
B004GSY2BA,4.666666666666667,3
B004NHGCDU,4.666666666666667,3
B00BC9GPXY,4.666666666666667,3
B001A82KJ0,5.0,3
B0081H4ZRS,5.0,3
B0081HD9GQ,4.333333333333333,3
B001A6KVHK,4.333333333333333,3
B001AAHR0K,5.0,3
B001ACMPA0,5.0,3
B001ADQTNI,4.666666666666667,3
B001ADQTKQ,5.0,3
B000V6WT0W,5.0,3
B001ADOU2K,4.666666666666667,3
B000E7SSBW,5.0,3
B00GMP8Q08,5.0,3
B00819QTT8,4.0,3
B0000YUXQ2,5.0,3
B00FBNHFYU,4.666666666666667,3
B001ACBFZ6,5.0,3
B00FBPYDRU,4.333333333333333,3
B00FBQ9OBY,5.0,3
B00FBQDQUY,5.0,3
B0081A24L4,4.0,3
B001AC1W5O,5.0,3
B0081AI3O6,4.666666666666667,3
B0081AQ9BU,5.0,3
B0081AS09O,4.666666666666667,3
B00FBQNGRW,5.0,3
B00928X2QA,5.0,3
B00928WXK6,4.666666666666667,3
B004GTQB36,4.333333333333333,3
B001A3628U,4.0,3
B00FCNY70E,5.0,3
B004GV8H22,5.0,3
B0081PLKGO,4.666666666666667,3
B004GV8H2M,5.0,3
B00GMP6MOU,5.0,3
B001A1U7CY,5.0,3
B001A1TXPG,5.0,3
B001A1MJG6,5.0,3
B001A38HAQ,5.0,3
B0000Y3DDW,4.333333333333333,3
B0081QFHVC,5.0,3
B001A15H4C,5.0,3
B001A15H2Y,5.0,3
B001A13APK,5.0,3
B001A11G2E,5.0,3
B0091XPIFE,4.666666666666667,3
B0081R5482,5.0,3
B0091XPG1U,4.0,3
B0000Y3DCI,5.0,3
B000F4EPS4,5.0,3
B0081PFDTO,4.333333333333333,3
B000V8BL0Y,4.0,3
B001A63ZJQ,5.0,3
B004GTUGPK,4.0,3
B001A5V3ZU,5.0,3
B00FC4PRW0,4.333333333333333,3
B001A5R8FE,4.333333333333333,3
B00BC9L3GI,4.333333333333333,3
B00BIRKFMW,4.666666666666667,3
B001A5NEAM,5.0,3
B0081K38QE,4.333333333333333,3
B0081K720C,5.0,3
B001A3AVBE,4.666666666666667,3
B001A4F2Z8,4.666666666666667,3
B0081KQESI,4.333333333333333,3
B001A44OB6,4.333333333333333,3
B0081M09DC,4.666666666666667,3
B0081MP310,5.0,3
B0081MTQ9K,5.0,3
B000V8AWVI,4.666666666666667,3
B00FCL6LGE,4.666666666666667,3
B004GV85ZQ,4.666666666666667,3
B0081OMM8A,4.666666666666667,3
B000E7SU9W,4.666666666666667,3
B0019EJXP4,5.0,3
B00822ZLVQ,5.0,3
B00GMOVIK4,5.0,3
B0018Z4FLG,4.333333333333333,3
B004N91HQ0,5.0,3
B00GMOVSIG,4.666666666666667,3
B00FEZHV62,5.0,3
B0018WL4KE,4.666666666666667,3
B004H0ZWXY,4.333333333333333,3
B00BIGB68U,5.0,3
B00FF01IE2,4.333333333333333,3
B0083DNJK4,4.0,3
B000VEN44O,4.0,3
B0083F0BKS,5.0,3
B0018T2VXQ,4.0,3
B004H20VLK,4.0,3
B004H215JW,4.666666666666667,3
B00FF1N844,5.0,3
B004H228SO,4.0,3
B0018SAJ36,4.0,3
B0018ZI6FC,4.666666666666667,3
B0018S8N6G,5.0,3
B001928CCQ,5.0,3
B004N9VN0A,4.666666666666667,3
B008328FIQ,5.0,3
B00192OHAC,4.666666666666667,3
B004H0JI2U,5.0,3
B008328Z4A,4.666666666666667,3
B00K8HK5T6,5.0,3
B00GMOXL6I,4.666666666666667,3
B00832U1WY,5.0,3
B00192L1MO,4.666666666666667,3
B004H0UIPQ,5.0,3
B00839K19U,4.333333333333333,3
B00GMOX37K,5.0,3
B004N9BWLK,5.0,3
B00190W3EG,5.0,3
B00FEQSO58,4.0,3
B00838IA8K,4.0,3
B001906O32,4.666666666666667,3
B0091CJG6M,5.0,3
B004N9BB1Q,4.0,3
B000VDRGJO,5.0,3
B000VER8Y6,5.0,3
B0083HT4CM,5.0,3
B000E7WFYS,4.333333333333333,3
B0018QHTS6,4.0,3
B0018QG0X6,5.0,3
B0018QEAEM,5.0,3
B00913X8JM,5.0,3
B000VGU2N8,5.0,3
B00FFFI0X4,4.333333333333333,3
B000F3FWO6,5.0,3
B0000ALEU3,4.333333333333333,3
B009134NZU,4.333333333333333,3
B0083R6PQK,4.333333333333333,3
B0018P1YOM,4.0,3
B000VHE8YQ,4.333333333333333,3
B000VHENGE,4.333333333333333,3
B0018OUR0A,5.0,3
B004H5ME7Q,4.0,3
B0018OL4KC,4.666666666666667,3
B00GMMQ3I8,4.666666666666667,3
B0018QHXNM,5.0,3
B0083HT8YQ,5.0,3
B004N7OK16,4.333333333333333,3
B000VF05O0,4.333333333333333,3
B0083HTGPW,5.0,3
B0018RGL1G,4.666666666666667,3
B0083I2V08,4.666666666666667,3
B004N7WOIC,5.0,3
B0083I5MX6,4.666666666666667,3
B0018QXQWO,5.0,3
B0018QXQQU,5.0,3
B000F3JIAU,4.333333333333333,3
B0018QUNK2,5.0,3
B00BCNAR20,4.666666666666667,3
B000VGAH60,5.0,3
B0083J8R3M,4.0,3
B0000APP9L,5.0,3
B00915FD0W,4.666666666666667,3
B00GMOPOXG,5.0,3
B004H2WD20,4.333333333333333,3
B000VGOLYO,4.0,3
B004H2WI5W,5.0,3
B0083K2YG2,5.0,3
B0018QJFNI,4.333333333333333,3
B0018QJDZI,5.0,3
B0018QI67O,4.333333333333333,3
B008324LES,4.666666666666667,3
B0000DH94K,4.333333333333333,3
B0082BUAOA,4.0,3
B0019A8926,4.333333333333333,3
B0082C977A,4.0,3
B0082CDN0W,5.0,3
B000VCZTLM,4.0,3
B0082D69PM,4.0,3
B0019AETSE,4.333333333333333,3
B000VCZTTO,5.0,3
B0082D69XE,4.333333333333333,3
B0091K993O,5.0,3
B001991T2Y,4.666666666666667,3
B0000DFZLM,4.333333333333333,3
B00FEDC10A,4.333333333333333,3
B000VCTQYS,5.0,3
B00GMP2SDY,4.333333333333333,3
B00IA6MRI4,5.0,3
B0019CUHGU,5.0,3
B0000E6I6S,4.0,3
B000VC8TUU,5.0,3
B0091OCB94,5.0,3
B00BIP6NKM,4.0,3
B00824MDHO,4.333333333333333,3
B0019CXPQO,5.0,3
B000VCL68M,4.666666666666667,3
B0019CWEDE,4.666666666666667,3
B00824MHH0,5.0,3
B00BCGBS4I,4.0,3
B00BIP6MYO,4.666666666666667,3
B00825GS06,5.0,3
B00GMP2TQ0,5.0,3
B0019CTZEA,5.0,3
B004GXVV28,5.0,3
B0091NQYQQ,5.0,3
B0019CRG5K,4.666666666666667,3
B0019CRG2I,4.666666666666667,3
B00FE90VN8,5.0,3
B008263H7M,5.0,3
B00FE916N2,4.666666666666667,3
B000VCS2AW,5.0,3
B00BIP4YNU,5.0,3
B004NAS1TA,4.666666666666667,3
B0082DBILM,5.0,3
B00195T4I4,4.333333333333333,3
B004N9ZON2,5.0,3
B004GZVMNY,5.0,3
B0082OWCCA,5.0,3
B0082OWML6,4.0,3
B0000CBJ4T,5.0,3
B0091HRBCS,4.666666666666667,3
B00FEHF89M,5.0,3
B00194LBA4,4.666666666666667,3
B004H04QP4,4.333333333333333,3
B00IA6DRS8,4.666666666666667,3
B001948Y4K,5.0,3
B001946T88,5.0,3
B0091GDS8U,4.666666666666667,3
B0091G79J4,4.666666666666667,3
B000VDERNM,4.333333333333333,3
B00196LNLO,4.666666666666667,3
B00FEIVJO4,4.333333333333333,3
B00BCHIM1O,4.666666666666667,3
B0082GNKLA,4.0,3
B00198JVSE,4.0,3
B0082H0KB2,5.0,3
B00BCJC3US,4.0,3
B0082IYGFW,4.0,3
B00FEIVDH2,4.0,3
B004GZ256C,4.0,3
B0082JSBRK,4.333333333333333,3
B00196SC2W,4.666666666666667,3
B0082MRQAK,5.0,3
B00196NZNI,5.0,3
B0017FGMHM,4.666666666666667,3
B00BHQ5I26,5.0,3
B00154MIKA,5.0,3
B00005AUW2,5.0,3
B001548US4,4.666666666666667,3
B0089E4YR4,5.0,3
B000VWGUZ6,4.666666666666667,3
B000VWKGDS,5.0,3
B00153RR9S,5.0,3
B00153EZ02,5.0,3
B000VWL9K2,4.666666666666667,3
B0089F4D7E,4.666666666666667,3
B0089DYR54,5.0,3
B008WDLLDM,5.0,3
B00152ZY6W,5.0,3
B0089FEGEO,5.0,3
B004LZJ1MI,5.0,3
B00152W1AO,5.0,3
B00BGVMRJE,4.333333333333333,3
B0089GJ1HK,4.666666666666667,3
B00BGVMP3W,5.0,3
B00FPB4XCA,4.0,3
B00152VRZY,4.0,3
B00152UUSO,5.0,3
B004LZM0FI,5.0,3
B0089DY5W4,4.666666666666667,3
B004I7MCTS,4.0,3
B0089BB768,5.0,3
B000VV5X8C,4.666666666666667,3
B004I6UMOG,4.666666666666667,3
B0089B10TC,5.0,3
B008WI025K,5.0,3
B001564O0U,4.666666666666667,3
B001561M00,4.666666666666667,3
B00155ZYO6,5.0,3
B0089B4GLG,4.333333333333333,3
B0089B4GNE,4.666666666666667,3
B0089BAYVM,5.0,3
B00005B12D,5.0,3
B00154P2B2,4.666666666666667,3
B000VVJ1QW,5.0,3
B000VVJ6BW,4.333333333333333,3
B001553RS6,4.0,3
B001552Y6M,4.666666666666667,3
B001551OUY,4.333333333333333,3
B0089CEH7I,4.0,3
B00154U870,5.0,3
B00154T560,4.666666666666667,3
B00154RAQM,4.666666666666667,3
B00154R9YU,4.666666666666667,3
B00FOUW8ZQ,4.333333333333333,3
B0089JIX4Y,4.333333333333333,3
B000VV51PW,4.0,3
B008W0RPSU,4.333333333333333,3
B00GJ8PJZI,5.0,3
B0015254RQ,4.666666666666667,3
B001517QXW,5.0,3
B0089NLL08,5.0,3
B008W2JL7G,5.0,3
B00150GKE4,4.333333333333333,3
B00BD6S11K,5.0,3
B000EUROBO,4.333333333333333,3
B0014ZWI9Q,5.0,3
B0014ZWI7I,4.666666666666667,3
B004LYKQ9G,4.666666666666667,3
B000VWW6RW,5.0,3
B0014Z82RI,5.0,3
B008VY1TDO,4.0,3
B0014YYT3U,5.0,3
B000VX05AG,4.0,3
B0014YV2XU,4.666666666666667,3
B0000560OD,4.333333333333333,3
B008VXPZVC,4.0,3
B00FPOOJQ2,4.0,3
B00FPIX6V2,4.666666666666667,3
B00152QK9M,5.0,3
B00FPIIXIS,5.0,3
B00152TOM2,4.333333333333333,3
B008W9G0RI,4.0,3
B00FPFW88W,4.0,3
B00FPG3B3C,4.333333333333333,3
B00152SXZ6,4.333333333333333,3
B0089K4YYG,4.666666666666667,3
B00152SJ8W,4.0,3
B00152SDBK,5.0,3
B00152SCRA,4.333333333333333,3
B00005A43V,4.666666666666667,3
B00GJANUJ8,4.666666666666667,3
B00152S6NK,4.333333333333333,3
B00152S59K,4.0,3
B00BGVLS26,4.333333333333333,3
B00152RZJ6,5.0,3
B000VWP2R8,4.0,3
B0089A4W6Q,5.0,3
B000VOP77Q,5.0,3
B008X3PDPI,4.666666666666667,3
B0088QUT72,4.666666666666667,3
B0015KKH48,5.0,3
B0088R4TFY,4.666666666666667,3
B00FOGYEF2,4.666666666666667,3
B0088R97SI,4.0,3
B0088RP6V0,5.0,3
B0015KHHOG,4.666666666666667,3
B008X3PDT4,4.666666666666667,3
B0015KFLQC,5.0,3
B00005LJDE,4.333333333333333,3
B00BD3V1EM,4.0,3
B00GJVXL2I,5.0,3
B00FOGYTIY,4.0,3
B00GJVXHSQ,5.0,3
B000VV0G1G,4.333333333333333,3
B004M5FJCS,5.0,3
B004I6EYVS,5.0,3
B00ICZR4KO,4.333333333333333,3
B004M58FB0,4.333333333333333,3
B00BD40X7C,4.333333333333333,3
B0015J4B3W,5.0,3
B0015J0YE2,4.333333333333333,3
B004M4B5RM,4.333333333333333,3
B0015KO3L6,5.0,3
B0088OTDSA,5.0,3
B000VV00TO,5.0,3
B008X6C0RE,4.333333333333333,3
B0015PRDX6,4.333333333333333,3
B0088MVPPQ,5.0,3
B00KDMUVSQ,5.0,3
B0015P748U,4.333333333333333,3
B004M74PIK,5.0,3
B00BH16DX4,5.0,3
B0015O6NGK,5.0,3
B0088NX238,5.0,3
B008X6004E,5.0,3
B0088OTE5M,4.333333333333333,3
B0088OTF42,5.0,3
B0015MQ416,4.666666666666667,3
B0015MPFU2,5.0,3
B00005LZMA,5.0,3
B00BD3SZQY,5.0,3
B00BH0WGJU,5.0,3
B008X3PFAG,4.333333333333333,3
B00FOGYACO,5.0,3
B0015KVD8C,5.0,3
B0088QGFCU,5.0,3
B008X3PF9W,4.333333333333333,3
B00005J8D6,4.0,3
B008X0YCY4,4.666666666666667,3
B004M0UVFS,4.0,3
B004I6J4Y0,5.0,3
B0015C9UF8,5.0,3
B00BD46OQ6,4.0,3
B004M1V7XM,4.666666666666667,3
B008967GR2,5.0,3
B00896MUDC,4.666666666666667,3
B0015A8E52,4.333333333333333,3
B008973KB2,4.666666666666667,3
B008WPD368,5.0,3
B00159CCCE,4.0,3
B00898E5Y2,4.333333333333333,3
B004I6J6E8,4.666666666666667,3
B004M1POPY,5.0,3
B00158S8MI,4.0,3
B00FOPG5T6,4.0,3
B00158OUAM,4.0,3
B000VV3WJE,4.666666666666667,3
B000VV3X02,5.0,3
B008WWDFTG,4.333333333333333,3
B004I6G4AC,4.666666666666667,3
B00890NY10,4.333333333333333,3
B0088XTX5O,4.666666666666667,3
B00005IA52,5.0,3
B0015HEBV6,5.0,3
B0015H59TE,4.666666666666667,3
B00005CDT1,4.333333333333333,3
B0015GS3FM,5.0,3
B0015GP4MC,4.333333333333333,3
B0015GMC3Q,4.333333333333333,3
B0015GFJCM,5.0,3
B0015GCFLA,4.0,3
B00005CDS7,4.333333333333333,3
B004I6H11S,5.0,3
B000VV1XVI,4.333333333333333,3
B00BGX6H8E,5.0,3
B0015FRXWM,5.0,3
B0015FNMHM,5.0,3
B00GJQN5YC,4.0,3
B004M37N5G,5.0,3
B008WYGCXU,4.666666666666667,3
B0015E5R8A,5.0,3
B00FOHGYXQ,4.0,3
B0015DLNAM,4.666666666666667,3
B008WWW2F4,5.0,3
B008VXB4GC,4.333333333333333,3
B008VX0C7O,4.0,3
B0089SZ2JE,4.666666666666667,3
B008VFX698,5.0,3
B00FR6UE1W,4.666666666666667,3
B004LXL2N6,5.0,3
B004IGMTLA,4.666666666666667,3
B0014B0EU0,5.0,3
B008AV3YVS,4.0,3
B0000535B4,4.666666666666667,3
B008AVW9UK,5.0,3
B00FRB2A46,4.0,3
B008AVWOGE,4.0,3
B0014AY95W,5.0,3
B008AWL0XG,4.0,3
B004LXL39E,5.0,3
B0014AUNT8,5.0,3
B00GIRL5MQ,4.666666666666667,3
B008AYXPS2,4.0,3
B004LXL22C,5.0,3
B0014A7OFE,4.666666666666667,3
B00GIQSHJQ,5.0,3
B00GIQOUTM,5.0,3
B00149QXJS,4.333333333333333,3
B00FRDPNCU,4.666666666666667,3
B000EEE21A,5.0,3
B00FR315SG,4.333333333333333,3
B004IFPE04,5.0,3
B004IFSAW8,5.0,3
B008AIV5ZS,4.666666666666667,3
B0014C9SWE,5.0,3
B004LXL4IO,4.666666666666667,3
B0014C7WRW,4.666666666666667,3
B008VHGVB6,4.0,3
B0014C7N4E,4.666666666666667,3
B000W0THJ8,4.0,3
B008AKVF1U,4.666666666666667,3
B0014C4GWG,5.0,3
B00FQXII9G,5.0,3
B0014C4G3A,4.666666666666667,3
B00FQXPMZO,5.0,3
B004IFWRZY,5.0,3
B00FR0I596,5.0,3
B00FR1C55U,4.0,3
B008VGH45Y,5.0,3
B0014BT208,5.0,3
B004IGAYZ8,5.0,3
B00149LNZW,4.0,3
B008B0FS1C,4.0,3
B008VWZOK0,5.0,3
B008B9SOD2,5.0,3
B00FRF9ED2,5.0,3
B00142G43U,4.666666666666667,3
B00142FV4I,5.0,3
B004LXJVAC,5.0,3
B004LXJV1G,4.333333333333333,3
B008B94GC0,5.0,3
B00142DSJI,5.0,3
B00142C40W,5.0,3
B00142AM9W,4.0,3
B004LXJUAI,5.0,3
B00FRF4RHU,4.0,3
B000W3TFB0,5.0,3
B008B9V5TC,4.666666666666667,3
B008BATYYE,4.666666666666667,3
B00141S0WY,4.333333333333333,3
B008BB4EI4,4.666666666666667,3
B000W3XH0A,5.0,3
B008BBAH0I,4.666666666666667,3
B004LXJTJA,5.0,3
B00FRHYMDW,4.333333333333333,3
B004IJFJ6E,4.333333333333333,3
B008V7MX1S,4.666666666666667,3
B008B0QXI4,5.0,3
B008VDM2H2,4.0,3
B008B22BW4,5.0,3
B000W1VPYC,4.666666666666667,3
B00145ZSFC,5.0,3
B00145U5ZA,5.0,3
B008B2B9D6,4.666666666666667,3
B00144QW5I,5.0,3
B00FRDPRXA,4.666666666666667,3
B00144JTRQ,5.0,3
B00FREN1PU,4.666666666666667,3
B004LXJXDC,4.333333333333333,3
B008V9PJS0,5.0,3
B000W30OQ0,4.666666666666667,3
B00BGO9U5U,5.0,3
B00143WQ6I,5.0,3
B00143V5HE,5.0,3
B008B7G8T6,4.666666666666667,3
B004IIY68W,5.0,3
B004IIZ08C,4.333333333333333,3
B000W0QWB4,5.0,3
B0014TF8DU,5.0,3
B000EU43MM,4.333333333333333,3
B0089Y8I26,4.0,3
B00IAADWJ8,5.0,3
B0014R5116,5.0,3
B0089YJJFG,5.0,3
B004IC6BEU,4.0,3
B004ICLIFW,4.666666666666667,3
B0000537T3,5.0,3
B0014TJ5QQ,5.0,3
B0014M2ZLK,4.666666666666667,3
B0014M14LM,4.666666666666667,3
B00BGUOECS,5.0,3
B00FQ1UZZS,5.0,3
B008A0925Q,4.333333333333333,3
B008A0OZOO,4.333333333333333,3
B004IDX0OS,5.0,3
B0000537S2,5.0,3
B008VU4CUK,4.333333333333333,3
B00BD9W95G,4.666666666666667,3
B008A36UVC,5.0,3
B0014TITH2,4.666666666666667,3
B0014TK4M0,5.0,3
B004IFO9ZK,5.0,3
B004IAKKNU,4.0,3
B0014XFRCS,5.0,3
B00FPP9FB0,4.0,3
B000VXG3XY,4.666666666666667,3
B0014XADOU,4.333333333333333,3
B004IA7QZ0,4.333333333333333,3
B00FPQKFAO,4.666666666666667,3
B0014WQNFY,4.0,3
B00005427T,5.0,3
B0014WPTB8,5.0,3
B004IAITR4,4.0,3
B0014WO9HS,5.0,3
B0014WC26I,5.0,3
B0014UCJG8,4.666666666666667,3
B0014W7QMS,4.0,3
B00FPTTOL2,5.0,3
B000053L68,5.0,3
B0014W2A24,4.666666666666667,3
B000053L5W,5.0,3
B004LXOQZ2,5.0,3
B0014UP11I,5.0,3
B00FPW9BEO,5.0,3
B0014UFY60,4.0,3
B000VXQSI4,5.0,3
B00GJ32YXI,5.0,3
B008VVM940,4.666666666666667,3
B008A3S1VO,4.666666666666667,3
B0000537NK,4.666666666666667,3
B008ACFIFM,5.0,3
B0014FNQ3I,4.666666666666667,3
B0014FDBVU,4.0,3
B004IFEUUO,4.0,3
B0000536PD,4.666666666666667,3
B008ACRTZO,5.0,3
B004IFFTIQ,5.0,3
B008ACZHM6,4.666666666666667,3
B0000536PC,4.333333333333333,3
B0000536P8,4.333333333333333,3
B0014F9SFI,5.0,3
B0014F823C,5.0,3
B00FQMVR22,5.0,3
B008A3Y4WO,4.0,3
B0014F7XLO,5.0,3
B00FQMXVB2,5.0,3
B0014EKUV0,4.666666666666667,3
B0014EIR7E,4.666666666666667,3
B008VK03KS,4.666666666666667,3
B008AFEIDM,4.666666666666667,3
B00005368X,5.0,3
B0014DBAM4,4.333333333333333,3
B000W00SUK,5.0,3
B008VOCZ1E,4.0,3
B0014K3Y30,4.0,3
B004LXOLNO,4.333333333333333,3
B0014JXTUO,4.666666666666667,3
B0014JWXLK,4.666666666666667,3
B000053797,4.333333333333333,3
B004LXOL66,4.333333333333333,3
B0014JTC1Y,5.0,3
B008VT9F1C,4.333333333333333,3
B00FQALZZS,5.0,3
B00005377T,4.666666666666667,3
B008VSQNO0,5.0,3
B00BDATXYU,5.0,3
B0014JPO2K,4.666666666666667,3
B00005375E,4.666666666666667,3
B0014JKO1G,5.0,3
B004IF8F0A,4.0,3
B004LXMRO4,4.666666666666667,3
B0014H7QMS,5.0,3
B0014H7F9W,4.666666666666667,3
B00GLD7KQW,4.0,3
B0086VHVT8,5.0,3
B000067O3V,5.0,3
B004MKD2AO,5.0,3
B0086WRZIO,5.0,3
B0016OZTYG,4.666666666666667,3
B0016OZM1G,4.666666666666667,3
B0086XGCTG,5.0,3
B0086XOI74,4.666666666666667,3
B0016OB25G,4.333333333333333,3
B0016PD97E,5.0,3
B0016O93QQ,4.0,3
B000VS9TTY,4.0,3
B008YB93QO,4.666666666666667,3
B00FM6HF8M,5.0,3
B004MK2Z52,4.666666666666667,3
B00FM81ZKY,5.0,3
B00FM97IE0,4.666666666666667,3
B000VSF24A,5.0,3
B000VSFQC8,5.0,3
B0016M1PVO,5.0,3
B0086V5032,5.0,3
B0016PEEY6,4.333333333333333,3
B0016ZMQCS,4.666666666666667,3
B00GLGBNSA,4.333333333333333,3
B0016WJ4VM,4.666666666666667,3
B004HWVZFG,4.666666666666667,3
B0086NC9CK,4.333333333333333,3
B0086NCI26,4.333333333333333,3
B00GLFDX16,4.333333333333333,3
B0016RYCDW,4.333333333333333,3
B0086O5YQ2,5.0,3
B0086V5000,4.333333333333333,3
B0086OZP0W,5.0,3
B0016Q6XL2,5.0,3
B0086QO6SC,5.0,3
B0086RXPNI,5.0,3
B008YF14T4,4.666666666666667,3
B000EVKYEC,5.0,3
B000E9A2I2,5.0,3
B008715SUQ,5.0,3
B0016JDMS6,4.333333333333333,3
B0016JD902,5.0,3
B0016JBE7W,5.0,3
B0016JAK40,5.0,3
B008Y4SWKE,5.0,3
B000EVIW50,4.0,3
B000VTTC68,5.0,3
B008Y4OB5Y,5.0,3
B004HYY9MA,4.666666666666667,3
B000EVIVW4,5.0,3
B00875C23S,4.666666666666667,3
B008733XRO,4.666666666666667,3
B0016J2BCE,4.666666666666667,3
B0016IYFAG,4.666666666666667,3
B0016IME9A,4.333333333333333,3
B0016H89OA,5.0,3
B00876RGLK,5.0,3
B00876RMZU,4.0,3
B000VUM7F0,5.0,3
B000VTCNBE,4.666666666666667,3
B0016LXK5E,4.333333333333333,3
B0016LVK4C,4.666666666666667,3
B00871DGQO,5.0,3
B0016LP2RI,5.0,3
B00871KLWQ,4.666666666666667,3
B00006472A,5.0,3
B004HY79WW,4.333333333333333,3
B0016JJO3S,4.333333333333333,3
B0016L0PFM,5.0,3
B0016L02R8,5.0,3
B004HYB2QQ,4.666666666666667,3
B0016KYW4S,4.0,3
B0016KYV9E,4.666666666666667,3
B0016KY1TE,5.0,3
B0016KXY3I,4.0,3
B0016KX51O,5.0,3
B000EVKXKC,5.0,3
B00872H7YU,4.333333333333333,3
B0000691JA,4.333333333333333,3
B0016ZOFI6,4.666666666666667,3
B00FL11W1E,4.666666666666667,3
B00006IC2I,5.0,3
B0085Z0Y2Q,5.0,3
B000EWSO9I,4.0,3
B00006FE2W,5.0,3
B00FL20S7W,4.666666666666667,3
B000VOXPE8,4.666666666666667,3
B004HR922Y,4.666666666666667,3
B008615I6G,4.666666666666667,3
B008615J6U,4.0,3
B008615JDI,4.0,3
B00GLNBQPS,5.0,3
B008YQDQE4,4.0,3
B00175X428,4.0,3
B00FL29HP6,4.333333333333333,3
B000VPH5KW,4.0,3
B00175UL7Y,4.0,3
B000VPJXKW,4.333333333333333,3
B00175RB68,5.0,3
B000VPMQBU,5.0,3
B00864F83Q,4.666666666666667,3
B00006D2R4,5.0,3
B00FL025GQ,4.333333333333333,3
B0085YKQD4,5.0,3
B004HWM9V0,4.666666666666667,3
B000VOPD1G,5.0,3
B0085YK3OG,4.0,3
B004HPHKOS,5.0,3
B0017DBEAE,5.0,3
B000VOP8AM,4.666666666666667,3
B0017D5YKK,5.0,3
B008YS99NY,4.666666666666667,3
B0017BF74U,5.0,3
B0085YK8EG,5.0,3
B0085YK9B8,4.666666666666667,3
B008YQF2NM,4.666666666666667,3
B001792B1E,4.666666666666667,3
B0085YKF1M,5.0,3
B0085YKG20,4.0,3
B00178WONU,4.0,3
B004HPRAKC,5.0,3
B00178IP6A,5.0,3
B00006IGLF,5.0,3
B000EWVVT8,4.333333333333333,3
B008YQLEIO,4.333333333333333,3
B0017729R2,5.0,3
B000EW51LW,5.0,3
B00865610O,5.0,3
B000VPPN0G,5.0,3
B004HVGR1Y,4.0,3
B0086G7T2W,4.666666666666667,3
B001712OOQ,5.0,3
B00FLKP0UY,4.0,3
B00170Z0Q6,4.666666666666667,3
B00GLIVQKS,5.0,3
B00170UQD8,5.0,3
B008YGTEUY,5.0,3
B00170N02M,5.0,3
B0086HYZK0,5.0,3
B008659N9A,4.666666666666667,3
B004HW2F3C,5.0,3
B008YGT7Y2,4.666666666666667,3
B00GLH5KQ0,5.0,3
B000E8X2SK,5.0,3
B00170BJCA,4.0,3
B008YGQKWY,5.0,3
B0086KJHGE,5.0,3
B00FLQYMDE,4.0,3
B000VRBZ74,4.666666666666667,3
B0016ZWRZE,4.666666666666667,3
B004HUBWEM,5.0,3
B0086F8EJ0,4.0,3
B00FLI0MTK,5.0,3
B0086ER7FI,5.0,3
B004MNDY9K,4.666666666666667,3
B00172ZY6U,5.0,3
B00006CTDR,4.333333333333333,3
B00172ZX66,5.0,3
B00FL3KI5S,5.0,3
B0086614IW,4.666666666666667,3
B00FL4QBJE,4.666666666666667,3
B00172X7OG,4.333333333333333,3
B00FL50RP2,5.0,3
B00172SXQI,5.0,3
B00867DX12,5.0,3
B00867M23M,5.0,3
B00FL7CKDM,4.333333333333333,3
B004MMUYLW,5.0,3
B004HTW6LQ,4.333333333333333,3
B008YJCS5O,5.0,3
B00BCWP0KU,4.666666666666667,3
B004HU7JQC,4.0,3
B000E8SBA4,5.0,3
B00171QJVK,5.0,3
B000E8SBPY,4.333333333333333,3
B000VQN30W,5.0,3
B0086EBSU8,4.666666666666667,3
B008YIOP3I,5.0,3
B00879FEUC,4.333333333333333,3
B0015QUSJQ,5.0,3
B00FO36B42,5.0,3
B00161AMXW,4.333333333333333,3
B00161AM8C,4.0,3
B00005QT2J,5.0,3
B00FNXYLEU,5.0,3
B001617TQA,4.666666666666667,3
B008XJ9CGI,5.0,3
B001616Y7U,4.0,3
B00FO1QHGG,4.333333333333333,3
B00005QEWJ,5.0,3
B00005QCSR,4.666666666666667,3
B0015ZXRJ0,4.333333333333333,3
B00005OM2L,4.666666666666667,3
B008XHS62Q,4.0,3
B0015ZC1FG,4.666666666666667,3
B0015Z1WLA,4.666666666666667,3
B0087XTF30,5.0,3
B0087W5CX8,5.0,3
B00FNSOR44,5.0,3
B00FNSW49O,5.0,3
B000VUWYUS,5.0,3
B0087XLZ2E,4.333333333333333,3
B004I4PUA4,5.0,3
B0087XS32E,4.333333333333333,3
B00162ALQY,4.333333333333333,3
B008XLMVMS,4.0,3
B008XLHW86,5.0,3
B00161JJJ0,5.0,3
B00161JIJ6,4.666666666666667,3
B0087Z6CIO,4.666666666666667,3
B008XL76I2,5.0,3
B00005RFTE,5.0,3
B00161HE60,5.0,3
B00161FC9Q,4.0,3
B00161FC6O,5.0,3
B008XKUYHI,4.0,3
B00161CBQI,4.666666666666667,3
B008Y2R7RK,4.666666666666667,3
B004I69CJM,4.333333333333333,3
B00KDCPULY,5.0,3
B0015TSU4I,5.0,3
B0015TKG68,5.0,3
B004I68CCU,5.0,3
B00GJZ1JG4,5.0,3
B0015TH06M,5.0,3
B0015TGWMA,5.0,3
B004I68CGQ,5.0,3
B0088FMM82,5.0,3
B0088FN5JM,4.666666666666667,3
B0015T97VS,4.666666666666667,3
B0088H2D8Y,5.0,3
B00005NDTE,4.333333333333333,3
B00BH19VXS,4.0,3
B0088HWEOM,4.333333333333333,3
B0088IFULU,5.0,3
B00KDK22BC,5.0,3
B00BD3RT84,5.0,3
B0015R3TGE,4.333333333333333,3
B008X6VCMI,4.333333333333333,3
B0088EIUM0,5.0,3
B0015YMBX4,5.0,3
B00005NJ6S,4.0,3
B00FOAPENE,4.666666666666667,3
B0015YH936,5.0,3
B00886VSZO,5.0,3
B0015Y0UEQ,5.0,3
B00887840A,5.0,3
B000VUYQEA,4.0,3
B00889EL7I,4.333333333333333,3
B00FOD0DWI,5.0,3
B000VUYQLS,4.666666666666667,3
B000VUYQTU,4.333333333333333,3
B0015XMZU4,4.0,3
B00ID0U7XO,4.666666666666667,3
B0088AGTN6,4.333333333333333,3
B0015XDTBI,5.0,3
B0015X9FKM,5.0,3
B0015X8418,5.0,3
B004M7ZS36,5.0,3
B004I5QGUG,5.0,3
B00BH1N31Y,5.0,3
B000VUYY56,4.0,3
B0015VO9OQ,4.333333333333333,3
B00163PNPW,4.666666666666667,3
B00163SQKG,5.0,3
B0087HZT1S,4.0,3
B004I123UC,5.0,3
B0016BFHAA,4.0,3
B008Y0E4IM,5.0,3
B008Y0DD4S,4.333333333333333,3
B0016BESGO,5.0,3
B0000632AF,5.0,3
B00FN52GEA,4.333333333333333,3
B0087GQKJY,5.0,3
B0016A8JLK,4.0,3
B0087I6P9W,4.0,3
B0016A7QNC,4.0,3
B004MCKFKC,4.666666666666667,3
B00005Y4S0,5.0,3
B0016A0X1Y,5.0,3
B00169P1HG,5.0,3
B0087J6YAG,5.0,3
B000EVGQAI,4.0,3
B008XWXM0M,5.0,3
B008XWWO5Q,5.0,3
B0016BHIV6,4.0,3
B00BD3N6G8,4.333333333333333,3
B00FNQJHG4,4.0,3
B00BD2J8C0,4.333333333333333,3
B0016FV4F8,5.0,3
B0016DG7KM,4.333333333333333,3
B00879RMFM,5.0,3
B0016D8KYS,5.0,3
B004MEWOPO,4.333333333333333,3
B0016D32FU,4.333333333333333,3
B0016CXLG6,4.666666666666667,3
B00879RW1Q,4.333333333333333,3
B00879T9GC,5.0,3
B008Y2203G,5.0,3
B008Y0KJBI,5.0,3
B0087CBSGI,4.333333333333333,3
B0087CJKKE,5.0,3
B0016BTKYY,4.333333333333333,3
B0087CRKNS,5.0,3
B0087DTWCY,4.666666666666667,3
B008Y1QY0C,5.0,3
B0016BLWF4,4.333333333333333,3
B0016BLV9Q,5.0,3
B0016BK1O2,4.666666666666667,3
B00FN4QTO4,4.666666666666667,3
B004MDM0KE,4.333333333333333,3
B00BH56S44,5.0,3
B00FNG58IA,4.0,3
B008XNI9QI,5.0,3
B00166RU78,4.666666666666667,3
B000VUVFJO,5.0,3
B00166PSOU,4.666666666666667,3
B0087QGHJ2,4.0,3
B000VUWNU4,4.0,3
B00166C7JO,4.666666666666667,3
B0087QWTT4,4.666666666666667,3
B0087QY5KK,5.0,3
B00FNJM6W8,4.666666666666667,3
B008XUKR0M,4.0,3
B00164S2A4,4.666666666666667,3
B0087R5XIC,4.666666666666667,3
B0087RBH5A,4.666666666666667,3
B00FNO512K,4.333333333333333,3
B00164KWMK,4.333333333333333,3
B00164GXOQ,4.0,3
B004I49F1Y,4.0,3
B008XMNXWO,5.0,3
B001649A6E,5.0,3
B001648GD2,4.666666666666667,3
B000VUWTOE,4.0,3
B00166S15I,4.666666666666667,3
B00FNJ0Y04,5.0,3
B00166TWAQ,4.333333333333333,3
B00169DF42,5.0,3
B0087NCG54,5.0,3
B000VUV4E0,4.666666666666667,3
B00005V33L,4.666666666666667,3
B004MC31Z8,5.0,3
B00005V283,4.666666666666667,3
B00FNGS9ZY,4.333333333333333,3
B001686C8O,5.0,3
B008XP8LT6,4.666666666666667,3
B0087P30K2,5.0,3
B0016812MA,5.0,3
B000VUV9SG,4.666666666666667,3
B008XP5OPU,5.0,3
B000VUVFJ4,4.666666666666667,3
B0087PMHCY,5.0,3
B00167EBP6,5.0,3
B00FNH5KLY,5.0,3
B001672SOM,4.666666666666667,3
B004MC1C54,5.0,3
B00FNHN0KC,5.0,3
B008XO7AEY,5.0,3
B009JDBHOW,4.333333333333333,3
B007D5QV4E,5.0,3
B002J410FO,4.333333333333333,3
B002J2O3RI,5.0,3
B002J2LXPI,5.0,3
B009Y6D0EO,4.0,3
B002IZSBLU,5.0,3
B00H8K6C52,4.0,3
B009Y404G8,4.666666666666667,3
B00DL5VBWW,5.0,3
B002IY5FOM,5.0,3
B00DL69FK6,4.666666666666667,3
B000O1LR7U,4.666666666666667,3
B006DRREGM,4.333333333333333,3
B00DL77W0A,4.0,3
B002IVJ3Q6,5.0,3
B00B57V75Y,5.0,3
B006DUDZSA,5.0,3
B002IUR1MK,5.0,3
B000G1D07I,4.666666666666667,3
B002J42WR4,4.333333333333333,3
B00DL4857M,5.0,3
B002GRSK6G,4.0,3
B009Y92D0S,5.0,3
B000G1O7GQ,5.0,3
B009YB672Q,5.0,3
B000O12436,5.0,3
B002JD4Q5G,4.0,3
B0047DQXRA,5.0,3
B009YA7A50,4.666666666666667,3
B00H8LF5OA,4.666666666666667,3
B009YA0V6A,4.0,3
B000O1DJHG,5.0,3
B006DIASSM,5.0,3
B00DKX1A76,4.0,3
B006DJ7FRI,5.0,3
B0047E1WLG,5.0,3
B004TQO5C0,4.0,3
B006DJVQBO,4.666666666666667,3
B002JA7OEY,4.666666666666667,3
B002J9LQEY,5.0,3
B006DKOB9C,4.333333333333333,3
B002J98U0C,5.0,3
B006DLGE5K,4.666666666666667,3
B009Y809KU,4.0,3
B002IU3OVC,4.666666666666667,3
B006E1KDGK,4.666666666666667,3
B006EMJIPQ,4.0,3
B002IJNV5W,4.333333333333333,3
B002IJL32A,4.666666666666667,3
B00H8G5ELO,4.333333333333333,3
B000O2KAMW,5.0,3
B002IGVXG4,5.0,3
B002IGU4YQ,5.0,3
B002IGTB22,4.666666666666667,3
B000O2LWP6,4.0,3
B00I454F4K,4.333333333333333,3
B0047FI57Y,4.333333333333333,3
B002ITUQU0,5.0,3
B006EMOB08,4.333333333333333,3
B009XV7H4O,5.0,3
B000O2MG38,4.0,3
B006EO0OMK,4.0,3
B002IBJAZK,4.666666666666667,3
B006EOTB0G,4.333333333333333,3
B009XUSIE8,5.0,3
B004TQE94E,4.333333333333333,3
B002IJR5ZE,5.0,3
B0047EXT4E,5.0,3
B006E24MHK,5.0,3
B00065HT7Q,4.666666666666667,3
B002IT4J1W,4.666666666666667,3
B002IT2WZC,4.333333333333333,3
B002ISXAPY,5.0,3
B000G12VJQ,4.666666666666667,3
B006E57G2K,4.666666666666667,3
B009Y0F214,5.0,3
B006E809K8,5.0,3
B009Y07ETM,5.0,3
B00064YTE8,4.0,3
B006EAZOOC,5.0,3
B006EB2XTA,5.0,3
B002IO4X3G,4.0,3
B00JA30GOI,4.0,3
B00BQTHCQO,5.0,3
B00I44YS3E,5.0,3
B00DLNTYXW,4.333333333333333,3
B006DB8PX4,4.666666666666667,3
B002KA4QN0,4.666666666666667,3
B00DJS65X6,4.666666666666667,3
B002KBAOAS,4.666666666666667,3
B002KB6D9O,5.0,3
B006BM9B5G,4.333333333333333,3
B002KANXES,4.666666666666667,3
B006BNIVYW,5.0,3
B000NXJY0Q,4.666666666666667,3
B009YSMEYY,4.666666666666667,3
B00067EJ40,4.0,3
B002KA4P4U,4.333333333333333,3
B00J9TZY4K,5.0,3
B000675SLS,4.666666666666667,3
B000G3G1PY,5.0,3
B000NYIZ6Y,4.0,3
B00DJVY12A,4.0,3
B000674YI6,5.0,3
B00J9UHO9M,4.666666666666667,3
B002KBTMTC,5.0,3
B009YSOBZE,4.0,3
B006BJTGM2,4.666666666666667,3
B002KMI6HK,4.333333333333333,3
B002KLQ2RW,4.0,3
B002KKRE8E,4.666666666666667,3
B002KK9KPO,4.0,3
B000C214I8,4.666666666666667,3
B002KIQ0FY,5.0,3
B002KIOWZO,5.0,3
B00DJJ7ICW,5.0,3
B006BDRYRM,4.333333333333333,3
B002KIA4EW,5.0,3
B002KI9NJO,5.0,3
B002KI7JTU,4.333333333333333,3
B002KHM7FW,4.666666666666667,3
B00DJM4UPM,5.0,3
B000G3MISS,4.666666666666667,3
B002KF2NFI,4.333333333333333,3
B002KDYH0O,5.0,3
B002KDTGVE,4.666666666666667,3
B002KDP44M,4.0,3
B002KDP3QQ,4.0,3
B006BIHI8C,5.0,3
B00479DRH8,5.0,3
B00067R0OG,5.0,3
B009YRJYFM,4.666666666666667,3
B006CRJH1S,5.0,3
B004TRU2QW,5.0,3
B002JU85BK,4.333333333333333,3
B002JU4P5U,4.333333333333333,3
B006CN4K7S,5.0,3
B004TRPHIA,4.0,3
B009YKH906,4.0,3
B006CQ539E,4.666666666666667,3
B000NZPJVM,4.333333333333333,3
B002JP7EQW,4.666666666666667,3
B004TQP91G,4.0,3
B006C1BPPA,4.666666666666667,3
B0047CZ0IY,5.0,3
B000NZTXS2,4.333333333333333,3
B00DKECH54,4.0,3
B00066E4MI,4.333333333333333,3
B006CWQ2UC,5.0,3
B002JV2LS2,5.0,3
B00DK372F0,4.333333333333333,3
B000G2OFCQ,5.0,3
B00066N9D8,4.333333333333333,3
B000C214TM,5.0,3
B002K69CGK,4.333333333333333,3
B009YQ3UBC,5.0,3
B006C1NZRQ,4.666666666666667,3
B00DJXPQ8G,4.0,3
B002K4KPVI,4.0,3
B006C59VI4,4.333333333333333,3
B002K40XCO,5.0,3
B002K3J7ZE,5.0,3
B002K3GD5G,4.0,3
B00I3QOZSQ,5.0,3
B006C9488S,5.0,3
B006C9W9FW,4.666666666666667,3
B006CAXQ9O,4.333333333333333,3
B0047AOWJE,4.0,3
B002JWRF9Q,5.0,3
B009YLAYJ8,5.0,3
B00DM0AES8,5.0,3
B006EPSZX4,5.0,3
B004TMP99C,5.0,3
B006GCKS08,5.0,3
B00H853FU2,4.666666666666667,3
B006GDD2H8,4.333333333333333,3
B006GDN0KC,4.333333333333333,3
B002H9XSU6,4.333333333333333,3
B006GDQL44,4.0,3
B006GEH4OY,4.0,3
B000O3R1RI,5.0,3
B006GGHS7A,4.0,3
B000O3R38U,4.666666666666667,3
B0047PPDQ0,4.333333333333333,3
B00B5FNTS4,4.0,3
B002H6YVVE,4.666666666666667,3
B009XBIS10,5.0,3
B006GGFX0O,5.0,3
B002H6WUXU,4.666666666666667,3
B00B5FCH8C,4.666666666666667,3
B002HFEI8G,4.666666666666667,3
B000O3GBR4,4.666666666666667,3
B000C2170S,5.0,3
B004TNM8YK,4.0,3
B004TNJSKW,4.333333333333333,3
B006G2R4BE,4.666666666666667,3
B00H86IVZ0,4.666666666666667,3
B000O386FE,4.333333333333333,3
B00062O3BE,5.0,3
B002HG657M,5.0,3
B00BQKQ22S,5.0,3
B006G4LRNS,5.0,3
B006G4MYSU,5.0,3
B002HG4HK4,4.0,3
B006G4Z6H6,4.666666666666667,3
B00062NWW0,5.0,3
B002HFT9CG,5.0,3
B00JAYW4UQ,4.666666666666667,3
B000G0P4RS,5.0,3
B002HFMK86,5.0,3
B002HFI1EI,5.0,3
B002H6WQOS,4.666666666666667,3
B00H7XIPOG,5.0,3
B000G0IF9C,4.0,3
B0005XNQQ2,4.0,3
B00DNK05H2,4.333333333333333,3
B006GQZ43K,5.0,3
B006GR5N8K,4.666666666666667,3
B00DNK41Y0,4.666666666666667,3
B002GZRTQA,5.0,3
B004TMI7DC,5.0,3
B00B5HQKQK,5.0,3
B002GZ3LWQ,5.0,3
B006GS0EEW,4.666666666666667,3
B006GS3C8W,4.333333333333333,3
B002GYBNM2,4.666666666666667,3
B000O5H18K,4.333333333333333,3
B00DNK5W7K,5.0,3
B000O5I5FS,4.333333333333333,3
B002GURGJK,5.0,3
B002GUNQS0,5.0,3
B006GTT06O,4.666666666666667,3
B0004E9TFY,5.0,3
B002GT8TKQ,4.666666666666667,3
B006GU1AWK,5.0,3
B009X0JBUS,4.0,3
B002GT14JE,4.333333333333333,3
B002GZU0BG,5.0,3
B006GQNUGS,5.0,3
B002GZVV96,5.0,3
B0047PUG3K,5.0,3
B006GH7KGI,4.666666666666667,3
B002H6R7RE,5.0,3
B002H6R5LM,4.666666666666667,3
B002H6R3Y6,4.333333333333333,3
B00062A1EC,5.0,3
B002H6P0ZK,4.333333333333333,3
B000629Z12,4.666666666666667,3
B00H7VJIUI,5.0,3
B009X75NDU,5.0,3
B009X63022,4.0,3
B006GJXELQ,4.666666666666667,3
B006GK5GTI,4.666666666666667,3
B000O53RXS,5.0,3
B004TMOH0Y,5.0,3
B009X5CNIA,5.0,3
B002H09H2I,5.0,3
B002GZYATO,4.666666666666667,3
B00061MPJ2,5.0,3
B002GZVYES,5.0,3
B002HHH4T4,5.0,3
B00DM0ANPW,5.0,3
B00063IV84,5.0,3
B002HZ6NKM,5.0,3
B006F6ZICI,5.0,3
B006F7190C,5.0,3
B00H8ALSOM,4.666666666666667,3
B006F8I3HI,5.0,3
B00063G0E6,5.0,3
B00B5DVY5Q,4.666666666666667,3
B00BQQ5KFW,4.666666666666667,3
B000O2QVLG,5.0,3
B006FFZUGI,4.666666666666667,3
B000O2PX06,5.0,3
B00B5DVYYC,4.666666666666667,3
B000O2PX0Q,5.0,3
B002HWS4N4,4.333333333333333,3
B000O2PYYG,4.333333333333333,3
B0047JOM7W,4.666666666666667,3
B00DMDLYVQ,4.666666666666667,3
B000C216N6,4.333333333333333,3
B00DME0HWC,4.0,3
B002HU2QFI,5.0,3
B002HU2KUE,5.0,3
B006FIZ1KA,5.0,3
B000O2QFU8,4.666666666666667,3
B00DM9D7Y2,5.0,3
B000O2P3NS,4.0,3
B000O2P0UE,4.0,3
B00H8CGRKK,5.0,3
B009XUCXIA,4.666666666666667,3
B002I9R2J8,4.666666666666667,3
B00H8CE87O,5.0,3
B006EV5BRQ,5.0,3
B006EV8588,4.0,3
B00B5AOLCM,4.0,3
B006F33PH6,5.0,3
B002I7W0B0,5.0,3
B002I7V24G,4.666666666666667,3
B000O2OBCW,4.666666666666667,3
B006F3OYHQ,5.0,3
B006F3QY9W,5.0,3
B00DM6ELJA,4.333333333333333,3
B000O2OISY,5.0,3
B000G0QWN8,5.0,3
B000O2OQ04,4.333333333333333,3
B002I4X8JG,4.0,3
B002I3TDDW,4.0,3
B000O2P0R2,5.0,3
B00BQLL6AU,4.666666666666667,3
B00BQLU0MA,4.666666666666667,3
B0047MWTAG,4.666666666666667,3
B002HLZEZ6,4.0,3
B002HLYH68,4.666666666666667,3
B006FQLNKO,5.0,3
B002HLWI5U,4.0,3
B006FQOOZ0,5.0,3
B009XK9ALS,5.0,3
B000O2V7RY,4.666666666666667,3
B002HL3N4A,5.0,3
B006FXBV8Q,4.666666666666667,3
B000630EJI,5.0,3
B00DMSO28S,5.0,3
B00B5EIUE8,4.0,3
B006FXKS12,5.0,3
B006FXUHLS,4.333333333333333,3
B00DMV0M0M,5.0,3
B006FXVPAU,4.333333333333333,3
B00DMWDYVK,4.0,3
B0047NZSNU,5.0,3
B002HHJY1A,4.0,3
B006FPGRA6,5.0,3
B00DMNJOGS,5.0,3
B009XN8U2A,4.666666666666667,3
B0047MDJEQ,4.0,3
B002HRKFV8,4.0,3
B002HRF5ZY,4.333333333333333,3
B00I45HOMK,4.666666666666667,3
B006FK7O3A,4.0,3
B006FK9L2W,4.666666666666667,3
B006FKBAGW,4.333333333333333,3
B006FKBVES,4.0,3
B006FLEUBS,4.666666666666667,3
B000O2S222,5.0,3
B00062OL5M,4.666666666666667,3
B006FLII02,5.0,3
B002HO36ZS,4.666666666666667,3
B000C216Y0,4.333333333333333,3
B0047M4EHC,4.666666666666667,3
B0047M4SU0,5.0,3
B000O2T7D0,5.0,3
B000O2TADC,4.333333333333333,3
B000NREQNC,4.666666666666667,3
B002M41QWI,4.666666666666667,3
B0046V775K,4.666666666666667,3
B00A0D6416,5.0,3
B002M3PY54,4.666666666666667,3
B00A0BY3NO,5.0,3
B0046VCDTK,5.0,3
B00685HCG6,4.333333333333333,3
B00DGY6BP0,4.666666666666667,3
B002M022SO,5.0,3
B00B4PWEJU,4.333333333333333,3
B0046VGJJA,4.666666666666667,3
B00A07TAWM,4.0,3
B00A07SR9E,5.0,3
B002LZ3B12,4.666666666666667,3
B00688OWT8,5.0,3
B002LZ38YW,4.333333333333333,3
B002LZ2GBS,5.0,3
B006893QY4,5.0,3
B006893Y32,4.666666666666667,3
B00B4PR1HU,4.0,3
B000GAO80C,5.0,3
B00684ZAMA,4.333333333333333,3
B0067YUEKE,4.333333333333333,3
B000NPWK0U,4.666666666666667,3
B00DGOOFA8,4.666666666666667,3
B0046U5ZYG,5.0,3
B000NPYCCY,5.0,3
B002MGO8N0,4.0,3
B00683NK3W,4.333333333333333,3
B00684A3YK,5.0,3
B0046UF92E,5.0,3
B00684ALYC,4.333333333333333,3
B00684DV08,5.0,3
B002MBJIQM,4.666666666666667,3
B0006FMK70,4.666666666666667,3
B00J8U0ON6,4.666666666666667,3
B00I3IRK1S,5.0,3
B0046UJ49I,4.333333333333333,3
B002M6HFEE,5.0,3
B002M5CG76,4.666666666666667,3
B0046UYXGW,4.333333333333333,3
B00689IJ14,4.0,3
B00689L92A,5.0,3
B002MKPZKG,4.333333333333333,3
B002LN7214,5.0,3
B0068OPJWQ,5.0,3
B00B4S29V0,4.333333333333333,3
B0068OW86G,4.666666666666667,3
B00A015DKG,5.0,3
B0068P19X8,4.0,3
B0046WS6CW,5.0,3
B000NSKK1I,5.0,3
B002LP7QHW,5.0,3
B0068QSUIE,5.0,3
B0046XAQZQ,4.333333333333333,3
B002LN70ZW,5.0,3
B00689O1YS,4.666666666666667,3
B002LN52N4,5.0,3
B002LN3PSI,5.0,3
B002LN1NPU,4.666666666666667,3
B0068U5WRC,5.0,3
B0006B76W8,5.0,3
B000C213BQ,4.0,3
B000GA0SIS,4.0,3
B000NSDKK6,5.0,3
B0068NJ0ZE,4.666666666666667,3
B004U4F1RY,4.666666666666667,3
B0046VJOQU,4.333333333333333,3
B002LYVQLA,4.666666666666667,3
B002LYUFTY,5.0,3
B0046VJTPQ,4.0,3
B000NRUYGA,5.0,3
B0068DP2YC,5.0,3
B00A03X676,4.666666666666667,3
B00DH22TYS,4.333333333333333,3
B00DH23988,4.0,3
B002LYS1N6,5.0,3
B000NRV018,5.0,3
B0006BDTLK,4.666666666666667,3
B0068IVIKY,4.333333333333333,3
B0006BDOGA,5.0,3
B002LTZUZS,4.0,3
B00DH2MCWM,5.0,3
B00DH2Q3WM,5.0,3
B002LTR6DW,4.333333333333333,3
B002MKHI9M,4.333333333333333,3
B002LMVVXU,5.0,3
B004UA1TIS,4.666666666666667,3
B002N84OD6,4.666666666666667,3
B0046NJH88,4.333333333333333,3
B002N6ODBQ,5.0,3
B000GAQS96,4.666666666666667,3
B0066W32UQ,4.666666666666667,3
B002N5VPI6,5.0,3
B002N5S732,5.0,3
B0066XYFUQ,4.666666666666667,3
B002N5MKIK,4.666666666666667,3
B002N5MKI0,4.666666666666667,3
B000NOIDNE,4.666666666666667,3
B002N5MKD0,5.0,3
B002N5MK94,5.0,3
B00DGB589I,5.0,3
B00673ZWSE,5.0,3
B00BREVD2W,4.0,3
B00677OFV0,4.666666666666667,3
B0006GVOIU,4.666666666666667,3
B0067BIQJS,5.0,3
B000NOP0YY,4.0,3
B0046NQ4MU,5.0,3
B0066SPG40,4.666666666666667,3
B0006GVOKS,5.0,3
B0046NEY9A,4.666666666666667,3
B00A0VNWS6,4.0,3
B0066N9DIU,5.0,3
B00BRHN5IY,4.666666666666667,3
B002NCV49Y,5.0,3
B0066PGMJQ,4.666666666666667,3
B000GARX8G,4.333333333333333,3
B002NCRC1S,4.0,3
B002NCP8DM,5.0,3
B0046NB1FK,4.666666666666667,3
B000NO58A0,4.666666666666667,3
B000NO59V8,5.0,3
B00A0TXY4A,4.333333333333333,3
B0066SLVD0,5.0,3
B0046NEOL8,5.0,3
B004UA2FFE,4.666666666666667,3
B00DG748ZM,5.0,3
B00DGNPEEA,4.333333333333333,3
B000NPFMK0,5.0,3
B002MX9F0Y,5.0,3
B00J8E7A5C,5.0,3
B0006FZHRK,4.0,3
B002MX18QI,5.0,3
B00DGGC0LW,4.666666666666667,3
B00A0HVH50,5.0,3
B002MWW1CY,5.0,3
B002MWTTL0,5.0,3
B00DGK54KM,5.0,3
B00A0GVAL2,5.0,3
B002MUZFQU,4.666666666666667,3
B00DGKHYSC,5.0,3
B004U7AITM,4.0,3
B000NPMSL6,5.0,3
B004U77WKK,4.0,3
B00H9GOZEK,4.666666666666667,3
B002MP2G1C,5.0,3
B00IJ08S1Q,5.0,3
B000NPVD7G,4.0,3
B000NPVDDU,5.0,3
B0067N1AP8,4.666666666666667,3
B0067N0IGU,5.0,3
B002MY8QXA,5.0,3
B000NP6FBA,4.0,3
B004U7YP46,4.333333333333333,3
B0067FGRBI,5.0,3
B002N3XHTI,4.666666666666667,3
B0006GN320,4.666666666666667,3
B0006GK2TM,4.666666666666667,3
B0006GDAWI,4.0,3
B0046OR57W,5.0,3
B00BRCAIPM,4.666666666666667,3
B0046Q7Z1G,5.0,3
B002N0PS9I,4.666666666666667,3
B002N0O8DA,4.666666666666667,3
B00DGEABVU,5.0,3
B0067LD1HK,4.666666666666667,3
B000GAQ8TG,4.0,3
B0006G3X1Q,5.0,3
B002MYSWW0,4.666666666666667,3
B00BRAIF9A,5.0,3
B00J8AKSUA,4.0,3
B002MYGLKA,4.666666666666667,3
B00B4NNUWC,4.333333333333333,3
B0046XOSBY,4.333333333333333,3
B002LMUHW6,4.666666666666667,3
B00068JFF2,5.0,3
B002LDVWCO,5.0,3
B006A0WXT0,4.333333333333333,3
B006A3WH1G,5.0,3
B00474WEG8,5.0,3
B009Z7HRF0,5.0,3
B000NV2PCW,5.0,3
B009Z79LJA,4.0,3
B000689ZZC,5.0,3
B000NVENR2,5.0,3
B009Z65U3C,5.0,3
B00DIIQHBC,4.666666666666667,3
B00B4Z48XK,5.0,3
B006ACCLGS,4.0,3
B002LA21N6,4.333333333333333,3
B000NVLQAE,5.0,3
B002LA03HC,5.0,3
B000NVNWQK,4.333333333333333,3
B0069WGFSE,4.0,3
B002LDXC90,4.333333333333333,3
B009ZA08B2,4.666666666666667,3
B00J9JK904,5.0,3
B00BR1WIS8,4.666666666666667,3
B0069S23IE,5.0,3
B00473X9T0,5.0,3
B00473ZDCQ,4.666666666666667,3
B00DIHLZGU,4.666666666666667,3
B004740DZW,5.0,3
B0069UNUES,5.0,3
B0069USA3Y,4.666666666666667,3
B002LDZKAY,5.0,3
B004TVGEH4,4.333333333333333,3
B00DIIKTOS,4.0,3
B002LDYWWG,5.0,3
B002LDYRYE,5.0,3
B0069VLEV8,4.333333333333333,3
B00474HAT4,5.0,3
B000NURWGW,4.666666666666667,3
B002L9Z9M2,5.0,3
B002LE4YO6,4.666666666666667,3
B009Z1IKIE,4.666666666666667,3
B00477OJI6,4.666666666666667,3
B00DJ72M5W,4.333333333333333,3
B00BR0ACNW,4.0,3
B006B005Q2,5.0,3
B004TSKK72,4.666666666666667,3
B006B6JBFC,5.0,3
B00DJBY2V0,4.666666666666667,3
B006B6RYPQ,5.0,3
B000NVSL2U,4.666666666666667,3
B000NW84U8,5.0,3
B006B6SCV6,5.0,3
B002KP6VJ2,4.666666666666667,3
B009YZ31XA,5.0,3
B00H8ZTQGO,5.0,3
B002KNWTTK,5.0,3
B006B8G07C,4.333333333333333,3
B002KN84QW,4.0,3
B000684HI2,5.0,3
B002KN4TR0,5.0,3
B002L15WOK,4.333333333333333,3
B002L19U6G,4.0,3
B002L88RFO,4.333333333333333,3
B006AN96KG,4.333333333333333,3
B000689ZPM,4.333333333333333,3
B000NVZLWI,4.333333333333333,3
B006AR3C3Y,4.333333333333333,3
B002L5WEWO,4.333333333333333,3
B002L5L5U6,4.0,3
B00476GC0U,4.333333333333333,3
B00BR0ONR8,4.333333333333333,3
B00DJ2SJG8,4.0,3
B00B4ZXJX0,4.666666666666667,3
B00H927KYQ,4.333333333333333,3
B006AT8KCA,5.0,3
B002L38G82,5.0,3
B00H92710E,4.666666666666667,3
B006AU9DDY,5.0,3
B002L27TTA,5.0,3
B009ZI67CS,5.0,3
B002LE52RE,4.0,3
B00DHDEKJO,4.666666666666667,3
B009ZQTV1O,4.333333333333333,3
B00DHRSVKO,4.666666666666667,3
B00DHSIR5C,5.0,3
B002LMCYFO,5.0,3
B00694LRX0,4.666666666666667,3
B002LMBYLE,5.0,3
B000G9IBSS,5.0,3
B002LMBKHM,4.0,3
B009ZQTV1Y,4.333333333333333,3
B00B4VILQO,5.0,3
B00DHW303W,5.0,3
B004700CG6,4.666666666666667,3
B000NT2EN4,5.0,3
B004700NH4,5.0,3
B002LM81S8,4.333333333333333,3
B009ZQTC3Q,4.0,3
B002LM7QI4,4.0,3
B00BR2GYUK,5.0,3
B002LM5SYS,5.0,3
B00695VZHM,5.0,3
B004TZL37G,4.333333333333333,3
B009ZQEL6O,4.0,3
B0006B44LE,4.666666666666667,3
B0006B44MI,4.0,3
B002LMUGAO,5.0,3
B0006B4YKU,5.0,3
B004U2PA5E,4.666666666666667,3
B000C213MK,4.666666666666667,3
B0068Z730Q,5.0,3
B000NSTWVW,4.666666666666667,3
B009ZVX3KY,4.666666666666667,3
B002LMN7M8,4.0,3
B002LMMQNO,4.666666666666667,3
B00DHLX86C,5.0,3
B00691JIDY,5.0,3
B00DHMRX7G,4.333333333333333,3
B002LMK6PY,5.0,3
B00BR32S4U,5.0,3
B004U24BTA,5.0,3
B00B4UNF4S,4.333333333333333,3
B009ZUTCP0,5.0,3
B0046ZJ614,4.666666666666667,3
B00692QF02,4.333333333333333,3
B002LMHH4W,5.0,3
B0046ZJUHO,4.333333333333333,3
B002LMH6AW,5.0,3
B009ZT0F7U,5.0,3
B002LMFKDM,5.0,3
B00DHPS5OS,4.333333333333333,3
B0006B12FK,5.0,3
B0006B0W5Q,4.0,3
B00DIG9Q44,5.0,3
B00473QK6E,4.666666666666667,3
B0069C7TJI,4.666666666666667,3
B002LHITUI,4.0,3
B0069CC9NO,4.666666666666667,3
B002LHIPSY,4.666666666666667,3
B000NTZ300,5.0,3
B00DICGAJC,5.0,3
B000NTZE0Y,4.0,3
B0069DZ214,4.333333333333333,3
B002LEGC0K,5.0,3
B00473QIQ6,5.0,3
B002LE8PC8,4.333333333333333,3
B0069IL4KC,5.0,3
B0069M6KRA,4.0,3
B000NUN6TO,5.0,3
B00473SLFM,4.0,3
B000NURO9M,4.0,3
B002LE579M,4.333333333333333,3
B00BR2ABIG,5.0,3
B00473MAZY,4.666666666666667,3
B009ZLPKVY,4.333333333333333,3
B00DI1FGQ6,4.333333333333333,3
B00698T2BU,4.666666666666667,3
B00B4XAHIM,4.666666666666667,3
B00I3LIDGG,5.0,3
B0006B0VQ6,5.0,3
B0006B0VNO,5.0,3
B002LK04SA,4.333333333333333,3
B000C213OS,4.666666666666667,3
B00H99CXXW,5.0,3
B0069A0NHA,4.333333333333333,3
B0069A0YEW,5.0,3
B00DI4P708,4.0,3
B009ZM1FYE,5.0,3
B0069A2FNU,4.0,3
B0069A5SS4,4.0,3
B000NTM9MU,5.0,3
B0069APEB0,4.0,3
B006GU4UR2,5.0,3
B002GQSIS2,4.666666666666667,3
B002NEDXP0,4.666666666666667,3
B002BWZV9K,4.666666666666667,3
B00B5UE8WU,5.0,3
B000C232OM,5.0,3
B002BWVERI,5.0,3
B002BWSDRM,4.333333333333333,3
B006MYXRLW,4.666666666666667,3
B002BWQ69Y,4.0,3
B009V1ZU1S,5.0,3
B000OM3OWK,5.0,3
B009V1TIY8,5.0,3
B002BX3T48,5.0,3
B002BWOY0W,4.333333333333333,3
B006N0BRU8,5.0,3
B000OMK748,5.0,3
B000OMNPNI,5.0,3
B000OMNPO2,4.666666666666667,3
B009V1ME3A,4.666666666666667,3
B009V1GPQC,4.0,3
B009V1B2JC,4.666666666666667,3
B000ON2CLS,5.0,3
B00I4DRRXI,4.666666666666667,3
B000OLFXM0,5.0,3
B002BX4DYI,4.666666666666667,3
B009V3UP9S,4.666666666666667,3
B009VCNMPI,5.0,3
B002C0F90C,5.0,3
B0048NYJOI,4.0,3
B004SY5F0O,4.0,3
B006MOWXFS,5.0,3
B002BYTLPI,5.0,3
B00JDZRW18,4.333333333333333,3
B002BY8JC4,4.0,3
B002BXJID4,4.666666666666667,3
B000C232GA,5.0,3
B002BX519Y,4.666666666666667,3
B006MW4B46,5.0,3
B009V3R45G,5.0,3
B006MWQVMQ,4.333333333333333,3
B006MWU30M,4.666666666666667,3
B002BXCA84,4.0,3
B002BXC2DM,5.0,3
B002BXBQQQ,5.0,3
B002BXAWK2,5.0,3
B004SXTF0Q,4.333333333333333,3
B006MWZHZS,5.0,3
B002BX65OO,4.666666666666667,3
B002BX5DAG,5.0,3
B0048WO8B8,4.666666666666667,3
B004SV36W6,4.666666666666667,3
B00DSDJBB0,4.666666666666667,3
B002BK70Y6,4.0,3
B0002VHMZS,4.666666666666667,3
B009UWESGQ,5.0,3
B0048ZILWM,5.0,3
B006NFYUUM,5.0,3
B002BLMFT0,4.666666666666667,3
B009UW6BSY,4.0,3
B002BKCO7Y,4.0,3
B009V13FHE,5.0,3
B00JE26DSI,5.0,3
B002BH5V4U,4.0,3
B002BGZNJY,5.0,3
B002BGS8MS,4.666666666666667,3
B002BGFPK6,4.666666666666667,3
B002BGDNKU,4.333333333333333,3
B00490Q704,4.0,3
B00491C3NI,5.0,3
B00JE26C7A,5.0,3
B002BQF1TQ,5.0,3
B006NBCZ3A,4.666666666666667,3
B002BUFIAE,4.333333333333333,3
B002BU6J3O,5.0,3
B009V0Z942,4.0,3
B002BTZ508,5.0,3
B004SUXOUQ,5.0,3
B002BTY0P4,4.0,3
B00DSFZICO,4.333333333333333,3
B002BTX5DC,5.0,3
B00DSHYH4M,4.333333333333333,3
B006NA7Q30,5.0,3
B00DSHYH5Q,5.0,3
B0002VJ78S,4.666666666666667,3
B009V049VQ,5.0,3
B009UZTXIG,5.0,3
B00DSIM98W,5.0,3
B006NBAVPO,5.0,3
B009UYX58Q,4.666666666666667,3
B009UYU3NG,4.0,3
B000OO5PVQ,5.0,3
B004SYSMG8,4.666666666666667,3
B009VD18I0,4.333333333333333,3
B006LSEHD6,5.0,3
B002CJUV06,5.0,3
B00DR8UWPU,5.0,3
B00JDRSJNG,5.0,3
B002CININE,5.0,3
B0002YE5N2,5.0,3
B000OII4ZQ,5.0,3
B006LXDD0O,4.666666666666667,3
B002CG2ZLM,5.0,3
B002CFSU9Y,4.0,3
B0048JGR88,4.666666666666667,3
B002CEVDX0,4.666666666666667,3
B002CEPLB0,5.0,3
B002CE9L0C,4.0,3
B009VJ346S,5.0,3
B006LRW4ZU,4.666666666666667,3
B00H5D3980,5.0,3
B006LRW3ZQ,4.0,3
B002CMNSRQ,4.0,3
B0048FSBQS,4.0,3
B0002YLVX4,5.0,3
B000OIBMT6,5.0,3
B00H5US34I,4.666666666666667,3
B0002YFR16,4.666666666666667,3
B002CMLHC4,4.333333333333333,3
B000FVVZX0,5.0,3
B0048I2UGW,5.0,3
B000FVVVQ6,4.333333333333333,3
B004T3CON0,5.0,3
B000OIFLAM,4.666666666666667,3
B002CLKV1I,5.0,3
B004T38PL0,5.0,3
B002CL9WSQ,5.0,3
B002CL9V0U,5.0,3
B002CL8778,4.0,3
B002CL84D0,4.666666666666667,3
B004T38LVE,4.333333333333333,3
B006LRPMFY,4.666666666666667,3
B0002YE8S4,4.333333333333333,3
B002CCPIOM,4.333333333333333,3
B002CC7BUG,4.666666666666667,3
B00DRU8IYA,4.666666666666667,3
B002C3USRS,5.0,3
B00DRI57Q4,4.333333333333333,3
B006MDVC06,4.0,3
B002C5N1PC,5.0,3
B000FVHRNM,5.0,3
B004T0WZDW,4.666666666666667,3
B00DRKSEJE,5.0,3
B000OL8SUO,5.0,3
B004SZWCTA,5.0,3
B002C41BVE,5.0,3
B004SZTIC4,4.333333333333333,3
B004T19P2U,4.666666666666667,3
B002C39SLK,4.333333333333333,3
B002C1WR5Q,4.333333333333333,3
B000C2321A,4.666666666666667,3
B006MK4P5I,5.0,3
B006MK4PHG,4.666666666666667,3
B00DRP66V2,5.0,3
B00H57K434,4.333333333333333,3
B0048NUTGU,4.0,3
B004SZ373U,5.0,3
B002C0VA00,4.0,3
B006MD0OFA,5.0,3
B004T17PVI,4.333333333333333,3
B000OKUUHO,4.0,3
B002C68JDU,4.333333333333333,3
B006LYKZJA,4.0,3
B0002Y5JBO,4.666666666666667,3
B006LYPX8S,4.333333333333333,3
B002C9AG9C,5.0,3
B000C2312U,4.333333333333333,3
B009VIFNSG,4.666666666666667,3
B006M334VG,5.0,3
B009VI74A6,4.0,3
B00BPVUY4A,4.333333333333333,3
B0048LX4M8,4.666666666666667,3
B000OJ6LQE,5.0,3
B002C7X9CK,4.666666666666667,3
B002C7GRTC,4.666666666666667,3
B002C7A5H2,4.666666666666667,3
B0048MB5G4,5.0,3
B0048MFFRY,5.0,3
B000OJSDDS,5.0,3
B0048MK64Q,4.0,3
B0002XKXDO,4.333333333333333,3
B002BFGBNC,4.666666666666667,3
B00491G5JQ,4.666666666666667,3
B00DTFK0ZS,5.0,3
B0049IPBQM,4.333333333333333,3
B002ACU5II,4.666666666666667,3
B009TR2D7S,4.333333333333333,3
B006PANYFC,5.0,3
B00B5ZW1WY,5.0,3
B002ACF1DC,4.666666666666667,3
B006PC6P10,4.666666666666667,3
B006PD797I,5.0,3
B006PHP62O,4.666666666666667,3
B00DTH5GW8,5.0,3
B002ABL2D6,4.0,3
B002A908O2,4.666666666666667,3
B00BPMS4GY,5.0,3
B00DTHJXDG,4.333333333333333,3
B002A79QY2,5.0,3
B002A77QGM,4.333333333333333,3
B000OUZCCC,4.333333333333333,3
B00DTFDMCG,5.0,3
B006PANXDA,4.333333333333333,3
B009TS9424,4.333333333333333,3
B006PANX1M,4.333333333333333,3
B000OSDC9Y,5.0,3
B000OSH7LI,4.666666666666667,3
B000OSYP3G,5.0,3
B002AMUFEM,5.0,3
B002AMUFE2,4.333333333333333,3
B000OT0REQ,4.666666666666667,3
B002AMUF7Y,5.0,3
B004SQXPCM,5.0,3
B009U3PLYS,4.666666666666667,3
B002ALYQFC,5.0,3
B006OZF5Z0,4.333333333333333,3
B006OZF9E2,4.666666666666667,3
B000OTB02E,4.333333333333333,3
B002AK4UXG,4.333333333333333,3
B00BPMYH8I,5.0,3
B004SQFMGE,4.666666666666667,3
B0002SV7QQ,4.0,3
B00JEOV5KM,5.0,3
B00DTC08DU,4.0,3
B0002SIY4Y,5.0,3
B0049IGV48,5.0,3
B00BPMPC0U,5.0,3
B00BPMOXY6,4.666666666666667,3
B00DTPZBVG,4.333333333333333,3
B000C238KU,4.666666666666667,3
B0049OY496,5.0,3
B0029VCMMW,5.0,3
B006Q5RM90,5.0,3
B0049P4N6E,5.0,3
B006Q7F8HQ,5.0,3
B009TA7F3C,5.0,3
B0029U0YPA,4.0,3
B000C238MS,5.0,3
B000OVJIX0,5.0,3
B00H4F06W6,4.0,3
B000OWDIAS,5.0,3
B0029U0Y9G,4.333333333333333,3
B0049PKZXO,5.0,3
B0029T3PXO,4.333333333333333,3
B000OWR6K6,4.333333333333333,3
B00DTPZZIK,4.0,3
B006QCFQAU,4.666666666666667,3
B009T8X35I,4.666666666666667,3
B00DTPZ7V0,4.666666666666667,3
B00DTPZ54O,4.0,3
B0029XC6RG,5.0,3
B00DTPZ4EK,4.666666666666667,3
B00I4OIFIS,5.0,3
B002A4GTC2,5.0,3
B006PK4NQ6,4.333333333333333,3
B00B601ZUW,4.333333333333333,3
B006PKTSC0,4.666666666666667,3
B006PKUGHQ,4.0,3
B00H4FEAIM,4.666666666666667,3
B004SPTGVC,4.333333333333333,3
B009TFU0NO,4.333333333333333,3
B002A0BGWO,5.0,3
B004SPMNV2,5.0,3
B000C238GE,5.0,3
B009TDB2II,4.0,3
B0029Y0DPW,4.666666666666667,3
B00DTPYDYW,5.0,3
B0029XKZZ6,5.0,3
B0029XJ31I,4.0,3
B009TBK9P2,5.0,3
B00JEMRJFY,4.666666666666667,3
B0002T54BE,5.0,3
B000C235NU,5.0,3
B00BPPGJ2C,5.0,3
B0002UW312,4.666666666666667,3
B009ULUP1Y,4.333333333333333,3
B00BPORSKU,5.0,3
B006O44JQC,5.0,3
B006O4RUF4,4.666666666666667,3
B009UKZ8JE,4.0,3
B0049ARLYK,5.0,3
B002B5ECBU,5.0,3
B006O71FVQ,4.666666666666667,3
B00498VO04,4.333333333333333,3
B00DSTZIS4,5.0,3
B0049AA8MM,5.0,3
B006O8GS62,5.0,3
B002B4JP7W,4.333333333333333,3
B00B5XDAVM,4.666666666666667,3
B00DSW6UWY,4.333333333333333,3
B006OBX3DA,4.333333333333333,3
B002B8JNEI,4.0,3
B002B8QH0G,5.0,3
B00BPPHZ0W,5.0,3
B00BPPIGEQ,4.0,3
B002BE019I,5.0,3
B00493DBWI,4.0,3
B006NQUHXK,4.666666666666667,3
B002BDBZXA,4.666666666666667,3
B006NRBT7M,5.0,3
B002BBYWHI,4.666666666666667,3
B006NTF4YE,4.333333333333333,3
B004SUHQIM,4.666666666666667,3
B00DSPT59Q,5.0,3
B002BB7UPE,4.333333333333333,3
B006NXZ7TC,5.0,3
B000OQA3ZW,4.333333333333333,3
B000OQJSRQ,5.0,3
B00JE3MWW8,5.0,3
B00DSQL7RS,4.333333333333333,3
B006NZFAMO,5.0,3
B000OQOOZM,4.666666666666667,3
B006NZGSOS,5.0,3
B0002V31SU,5.0,3
B0002V31EO,5.0,3
B006O008IY,5.0,3
B006O06FT0,4.333333333333333,3
B009UOM2UI,4.333333333333333,3
B006OC42NO,4.0,3
B00JEMRH38,4.0,3
B002ANLON2,4.666666666666667,3
B006OQ12TM,4.666666666666667,3
B009U9SXG0,5.0,3
B002AN5IPC,5.0,3
B002AN3LN8,4.0,3
B000FU291I,5.0,3
B0002T58O2,5.0,3
B0002T54ZK,5.0,3
B002AMUGUA,5.0,3
B006OUP9UG,4.0,3
B009U4S5BI,5.0,3
B00H4INPPI,4.666666666666667,3
B004SRTMV4,4.333333333333333,3
B002AMUGGE,5.0,3
B006OY1LSQ,4.333333333333333,3
B002AMUGDW,5.0,3
B0002T54EG,4.0,3
B0049D9LQ8,4.666666666666667,3
B002AMUG6O,5.0,3
B00DT4NC04,5.0,3
B006OO2ZHM,5.0,3
B0002TECDU,4.666666666666667,3
B002B2Q8HE,4.666666666666667,3
B000C236KM,5.0,3
B00JE7X6DS,4.333333333333333,3
B006OEB42O,4.666666666666667,3
B000ORSK0Q,4.333333333333333,3
B006OF9664,5.0,3
B000ORSY7U,5.0,3
B006OFBPFO,5.0,3
B002AXHMM4,4.333333333333333,3
B000C236MU,5.0,3
B002ASTW4U,4.666666666666667,3
B009UFFSOE,5.0,3
B002AS10KO,5.0,3
B0002TSKTC,5.0,3
B002AR0R4U,4.666666666666667,3
B006OMHS6W,5.0,3
B009UF883C,4.666666666666667,3
B002AQC88Y,4.333333333333333,3
B006ONHGCM,5.0,3
B00I4BUV06,4.333333333333333,3
B002CMSCJU,5.0,3
B006IFSLSE,4.666666666666667,3
B009WOFL9K,5.0,3
B009WN9X4U,5.0,3
B006IBZLWW,4.333333333333333,3
B00DP5Y2P6,4.666666666666667,3
B002F85N9S,5.0,3
B009WMZSEA,5.0,3
B002F6BX9Y,4.666666666666667,3
B002F689MI,5.0,3
B0002Z90EU,5.0,3
B002F5DTOC,4.0,3
B000O7NY4I,5.0,3
B00DPB9H64,5.0,3
B006IHQDWS,5.0,3
B002F3VFQS,4.333333333333333,3
B00B5L9HLQ,5.0,3
B002F3TP4M,4.666666666666667,3
B000C21BDG,5.0,3
B006IKO8TA,5.0,3
B006IQ2OZ4,5.0,3
B0002Z91XK,4.0,3
B002F8Z8NE,4.666666666666667,3
B00DP3Y0YG,4.666666666666667,3
B002FOGO7M,4.333333333333333,3
B006HORJ66,5.0,3
B006HTM6X2,4.666666666666667,3
B00BQFLE4E,5.0,3
B002FKK2VK,5.0,3
B00DOUN44W,4.0,3
B002FK4SWY,4.666666666666667,3
B00BQERSTA,4.666666666666667,3
B006HWQJQE,4.0,3
B00DOZQ9DU,4.666666666666667,3
B00DP1M6BW,4.333333333333333,3
B00I4952NY,5.0,3
B002FCE0UM,5.0,3
B00JBKZKGO,5.0,3
B002FC7SQK,4.0,3
B002FBDJEQ,5.0,3
B0002Z94KK,4.333333333333333,3
B00DPEST7E,5.0,3
B00H7IY63K,5.0,3
B002EHIHPC,5.0,3
B002ENCAO0,4.333333333333333,3
B00DPOI76C,4.333333333333333,3
B002EL42OI,4.0,3
B00DPPA4QW,4.333333333333333,3
B002EKJVOK,4.666666666666667,3
B006J13286,4.0,3
B002EIHMDE,5.0,3
B006J2B2F0,4.666666666666667,3
B000O7UCCU,4.666666666666667,3
B000C21BV8,4.0,3
B00DPR54R4,4.666666666666667,3
B002EHCY10,4.333333333333333,3
B0002Z8TBU,4.666666666666667,3
B002EHCX8E,4.333333333333333,3
B002EFPAFE,4.333333333333333,3
B002EE2LMK,4.0,3
B00DPTXIEI,5.0,3
B009WI18CU,4.666666666666667,3
B004TF0REG,4.666666666666667,3
B006J634Q6,5.0,3
B004TGC770,5.0,3
B009WI2BFI,4.333333333333333,3
B006IZXZJ4,5.0,3
B0002Z8WIA,5.0,3
B002EZMN5E,4.333333333333333,3
B002EZLOUY,4.0,3
B006IU5A7E,5.0,3
B00DPICZJ8,4.0,3
B00DPIHLU6,5.0,3
B006IUDNXC,5.0,3
B006IUYSZO,5.0,3
B006IVK992,4.0,3
B0002Z8UB4,5.0,3
B009WI4QDI,4.666666666666667,3
B002EU67P6,4.666666666666667,3
B002ESGRZI,5.0,3
B00DPLIF58,5.0,3
B0002Z8UA0,4.666666666666667,3
B006IYSJUU,5.0,3
B006IYVVDW,5.0,3
B002EQ6BWE,4.0,3
B00I49E9H4,4.666666666666667,3
B000O66TLY,4.333333333333333,3
B002GJGGEM,4.666666666666667,3
B006H6PZF6,4.666666666666667,3
B009WYANS4,5.0,3
B00DO0IYT2,4.333333333333333,3
B009WXKUEC,5.0,3
B009WXHPAO,4.333333333333333,3
B00B5JGTKU,4.0,3
B00DO441JA,4.333333333333333,3
B006H9LFLG,5.0,3
B00DO6TZV2,4.0,3
B004TIV2J2,5.0,3
B00032OQAU,4.333333333333333,3
B0047U4XHU,4.666666666666667,3
B000O6AQ9A,5.0,3
B009WW9EMM,4.666666666666667,3
B006H9KT18,5.0,3
B004TILDTQ,5.0,3
B000O6CMXS,4.0,3
B002G9OZ8Q,5.0,3
B002G9L0N4,5.0,3
B000FZZ460,4.666666666666667,3
B002GJMIY4,4.666666666666667,3
B009WZQ0UI,4.333333333333333,3
B006H4HKMY,5.0,3
B00032OZUG,5.0,3
B009X0FF5S,4.333333333333333,3
B00DNNAS2Q,4.0,3
B00DNNXHYW,5.0,3
B002GQ128A,5.0,3
B00DNO6AS6,5.0,3
B009WZVJWW,4.666666666666667,3
B006GXTTGQ,4.666666666666667,3
B002GOSGEA,4.333333333333333,3
B002GOJLK8,5.0,3
B004TLH6OE,4.666666666666667,3
B002GOFPUS,5.0,3
B002GN9V22,5.0,3
B000O5XP3U,4.0,3
B000G01ASU,5.0,3
B00032PCIK,5.0,3
B002GKMSNO,4.0,3
B002GK1N44,5.0,3
B006HNPB5I,5.0,3
B000301S1M,5.0,3
B00030A548,5.0,3
B0047W5K84,4.666666666666667,3
B00DOHY4WG,5.0,3
B00DOIC3Y6,4.333333333333333,3
B006HJAB1Q,5.0,3
B006HJMKAG,5.0,3
B002FVONC8,4.333333333333333,3
B00DOJD9BG,4.666666666666667,3
B0047WNE4Q,5.0,3
B0003021SG,4.666666666666667,3
B002FSNGII,4.333333333333333,3
B0047WT80A,5.0,3
B002FRO1CO,5.0,3
B000300C3C,4.666666666666667,3
B006HK3N4C,5.0,3
B002FR6SMU,4.666666666666667,3
B002FQKZZ2,5.0,3
B006HKK8JK,4.333333333333333,3
B002FQ2PSW,4.0,3
B009WSGERY,5.0,3
B00H7K65ZA,5.0,3
B002FOSTK2,5.0,3
B002FOQUDA,5.0,3
B00DOGGQ4Q,4.666666666666667,3
B006H9LX4K,5.0,3
B0047VGRGE,5.0,3
B0047VGRKA,4.666666666666667,3
B000O70568,4.666666666666667,3
B0047VPJWW,5.0,3
B009WUID8U,4.0,3
B002G4MKTW,4.333333333333333,3
B002G4LMQE,5.0,3
B006HBBET2,5.0,3
B002G3R30E,5.0,3
B00030A5RA,5.0,3
B006HFXY6Y,5.0,3
B002G3948S,5.0,3
B006HG9EKI,4.0,3
B00DOF3A1Y,5.0,3
B002G0TN96,4.333333333333333,3
B00DOG2PEQ,4.0,3
B006HGQTJM,4.0,3
B006HGQW2G,5.0,3
B006HGYX9U,4.0,3
B006HH1D60,4.666666666666667,3
B009WI10F0,4.666666666666667,3
B009WHZWDW,4.666666666666667,3
B000OIBBR4,4.666666666666667,3
B004TB3WMY,5.0,3
B002D4B0D2,4.0,3
B002D49TLW,4.666666666666667,3
B0002Z8GHC,4.333333333333333,3
B00488FNHK,5.0,3
B002D48QWU,4.666666666666667,3
B00H6QI23S,5.0,3
B006KSJO94,5.0,3
B009VY2UO0,4.0,3
B009VY0BFU,4.333333333333333,3
B006KTHS5U,5.0,3
B002D48QM0,5.0,3
B002D48QLQ,5.0,3
B002D48QL6,4.333333333333333,3
B002D48QK2,5.0,3
B006KTKCMG,4.333333333333333,3
B000OGC4KO,4.333333333333333,3
B00BQ1ZNT0,4.0,3
B002D4EBGU,5.0,3
B006KLKM3I,4.666666666666667,3
B009W1KWV0,4.666666666666667,3
B00H6TMVAK,5.0,3
B000OF8BUM,5.0,3
B000OF8VM0,5.0,3
B006KC6UGA,4.0,3
B00488429K,4.666666666666667,3
B002D4OJJE,4.333333333333333,3
B009W49C1I,4.333333333333333,3
B006KEGDI8,4.0,3
B002D4L212,5.0,3
B004887EIG,5.0,3
B006KHFP8Y,4.333333333333333,3
B006KHYN8C,5.0,3
B006KI2S92,4.333333333333333,3
B000C21CS0,5.0,3
B006KI4I5Y,5.0,3
B00B5MF1VA,4.666666666666667,3
B000OFL8N4,5.0,3
B006KIRRXY,5.0,3
B002D4HYIM,5.0,3
B009W29VNY,5.0,3
B006KL8514,5.0,3
B006KLCRS6,5.0,3
B002DCSZS2,5.0,3
B0048D5KFU,4.333333333333333,3
B006L69RUQ,4.0,3
B00DQYAPQQ,4.333333333333333,3
B002CSEIVU,4.333333333333333,3
B006L6A7ZU,5.0,3
B0002Z5ZXK,4.0,3
B002CS8EPQ,5.0,3
B002CS6DCM,4.0,3
B00H5WB1OU,5.0,3
B004T60HKY,4.333333333333333,3
B006L76VZO,4.333333333333333,3
B000FVYO88,4.666666666666667,3
B006L7UOSY,4.333333333333333,3
B002CPTDCC,5.0,3
B006L7VSR0,5.0,3
B0048DI6SI,4.666666666666667,3
B00BQ1P75K,4.0,3
B004T4WF3I,5.0,3
B002COUM28,4.333333333333333,3
B000FVXV64,4.666666666666667,3
B002COAW3W,4.333333333333333,3
B0048F3VR2,5.0,3
B00I4BUBN8,5.0,3
B006LA55FS,4.333333333333333,3
B006LAOMOI,4.666666666666667,3
B002CNS4YM,5.0,3
B002CNPBPC,5.0,3
B002CN1750,4.333333333333333,3
B002CSSLWM,4.666666666666667,3
B000OGDT76,4.666666666666667,3
B002CYVYZM,4.333333333333333,3
B002CYVUUQ,5.0,3
B002CYVUME,4.666666666666667,3
B009VTI7F6,4.0,3
B006L1T5UI,5.0,3
B0002Z847Y,4.333333333333333,3
B00DQV22HY,4.0,3
B00B5P2U84,4.666666666666667,3
B009VT5U7E,4.0,3
B004T7FTE2,4.0,3
B006L4GTFO,4.666666666666667,3
B002CTDC2A,5.0,3
B00B5PAHOI,4.333333333333333,3
B00B5PD1KA,4.333333333333333,3
B006L67776,5.0,3
B0048AU5AS,5.0,3
B002CT83W4,4.0,3
B00DQXLIGS,5.0,3
B006L680FE,5.0,3
B004T6ZA0Q,5.0,3
B002DCHJN4,5.0,3
B0002Z8HX0,5.0,3
B004TEXYBU,5.0,3
B000OAA48E,4.666666666666667,3
B004TDYEG0,4.666666666666667,3
B009WEUU78,4.666666666666667,3
B002E30XCG,5.0,3
B002E2R1RW,4.0,3
B000OA9YG2,4.0,3
B002E0KZ2C,4.0,3
B002E039QQ,4.0,3
B002DZYMI6,4.333333333333333,3
B006JPD8I6,4.666666666666667,3
B002DZ2CLU,4.333333333333333,3
B004837F9O,5.0,3
B002DWBMCS,5.0,3
B004TDQAL2,5.0,3
B002DVYII4,4.666666666666667,3
B004TDNBD2,4.666666666666667,3
B006JFVK3G,5.0,3
B000OA9VAQ,4.666666666666667,3
B006JEYUZC,5.0,3
B006J7WKME,4.333333333333333,3
B006J7WYGQ,4.666666666666667,3
B006J7ZBJ8,4.0,3
B00DPZOTBS,5.0,3
B009WHZGPQ,5.0,3
B002ECZB74,4.0,3
B002ECYNK0,5.0,3
B00480W9X4,4.666666666666667,3
B00IISNV2U,4.0,3
B006JAGRYI,4.666666666666667,3
B0002Z8Q8Q,4.333333333333333,3
B000O9LSOY,5.0,3
B000C21CJE,4.666666666666667,3
B002EA7N8G,5.0,3
B00I49VQXO,4.666666666666667,3
B000O9XXCE,5.0,3
B002E9YIKS,4.666666666666667,3
B000OA13BG,4.333333333333333,3
B000OA1C6M,5.0,3
B002E7I586,4.333333333333333,3
B002E6T3RY,5.0,3
B002E6R71I,4.0,3
B00482WNYC,4.333333333333333,3
B006JDE972,4.0,3
B006JRI8K2,5.0,3
B004TDIH7C,4.0,3
B002DECL7Q,5.0,3
B002DIXNRO,5.0,3
B00JCFC2PK,5.0,3
B00BQ4KKZ4,5.0,3
B002DMK0M6,5.0,3
B004TC1TZU,5.0,3
B000ODZ7QU,5.0,3
B000OE328O,5.0,3
B006K3GVQI,4.333333333333333,3
B004TC1Q1C,5.0,3
B000OEZ6P6,5.0,3
B006K3UN6M,5.0,3
B000OBCRP6,4.0,3
B002DHVGM4,4.333333333333333,3
B006K3WQMG,4.666666666666667,3
B00DQK6D9I,5.0,3
B002DGL3BO,4.666666666666667,3
B00487Z20Y,4.666666666666667,3
B009W5S1WI,5.0,3
B006K5J3WA,4.666666666666667,3
B004883YSU,4.333333333333333,3
B002DF0O9C,4.666666666666667,3
B002DEEIIG,4.333333333333333,3
B0002Z8J1K,5.0,3
B002DMYF4U,5.0,3
B000OCVOF4,5.0,3
B002DV6C1K,4.0,3
B000FX65KG,5.0,3
B000FX37IY,4.0,3
B002DUXZLG,5.0,3
B009W8UHV8,5.0,3
B0002Z8LL8,4.666666666666667,3
B002DQV5OE,4.666666666666667,3
B000OC42U8,4.0,3
B000OC5GBM,4.0,3
B00H705GTQ,4.333333333333333,3
B009W8UEES,4.0,3
B000C21CPS,4.0,3
B000OCTFKK,4.666666666666667,3
B004TD5SLU,5.0,3
B006JZ0IQG,4.333333333333333,3
B002DO6NSY,4.333333333333333,3
B00DQEWB3Q,4.666666666666667,3
B006K0CXT0,5.0,3
B006K0LDL4,4.0,3
B006K10ST6,4.333333333333333,3
B002DNHBQI,5.0,3
B00H4DVS5W,5.0,3
B000N2L33S,4.666666666666667,3
B004V43Z44,4.333333333333333,3
B002VA4FZ8,4.333333333333333,3
B000N2L23O,4.666666666666667,3
B00A75B6R4,4.666666666666667,3
B002V93L5O,4.666666666666667,3
B002V8SX8U,5.0,3
B000N2L2FW,5.0,3
B002V8DC6I,4.333333333333333,3
B002V706OU,4.333333333333333,3
B0006U825E,5.0,3
B0006U6WGK,4.666666666666667,3
B00D45WIA8,4.333333333333333,3
B004V435FS,4.666666666666667,3
B002V5VWT0,4.333333333333333,3
B002V5NQ2G,5.0,3
B00HE19L6M,5.0,3
B000N2LTUA,4.0,3
B005VOZOE2,4.0,3
B00D46DZ7M,4.333333333333333,3
B005VP12JW,5.0,3
B00D475984,5.0,3
B002VA4G0W,4.333333333333333,3
B000N2KUXM,4.333333333333333,3
B00D6D2IMG,4.0,3
B005VEDQ24,5.0,3
B002VECITO,5.0,3
B0045DXXAC,4.666666666666667,3
B004V44M5U,4.333333333333333,3
B005VDLDCK,5.0,3
B002VE5C3I,5.0,3
B00A77BB1S,4.666666666666667,3
B002VDE1L8,5.0,3
B005VDY994,5.0,3
B00D3XY8TU,5.0,3
B004V44H7S,4.333333333333333,3
B004V44GQU,4.666666666666667,3
B002VCJK8S,4.333333333333333,3
B00A7760TQ,5.0,3
B00J3194U4,4.666666666666667,3
B00D40H2BS,4.666666666666667,3
B000N2KTQK,5.0,3
B005VEE0FQ,5.0,3
B000N2KTVA,4.666666666666667,3
B005VP1SBY,4.666666666666667,3
B002V1D6MK,5.0,3
B000N2MLMU,5.0,3
B00D4C2H9I,5.0,3
B00D4DYEVG,5.0,3
B0045JEF76,4.666666666666667,3
B004V42L6M,4.0,3
B0006TW6NY,4.666666666666667,3
B002UUX1KO,4.0,3
B00D4HA5PG,4.666666666666667,3
B002UUTEHS,4.666666666666667,3
B002UUTEGY,5.0,3
B002V1B80M,5.0,3
B005VYHN50,4.0,3
B002UUT432,4.666666666666667,3
B002UUT42S,5.0,3
B00HDVPZ7C,4.0,3
B002UUT3BK,5.0,3
B005VZXQOQ,5.0,3
B000N2MWIS,4.333333333333333,3
B00I25K2D0,4.333333333333333,3
B002UWCI8S,4.0,3
B002UWG622,5.0,3
B002UWGJE2,4.666666666666667,3
B002UWK7W2,5.0,3
B002V14F8O,4.666666666666667,3
B005VQSVLI,5.0,3
B00BSXYOUU,4.666666666666667,3
B005VQXLOU,4.666666666666667,3
B005VR8BJO,4.666666666666667,3
B002UZQISG,4.0,3
B002UZMHTK,5.0,3
B002UZAD0K,4.666666666666667,3
B002UZ5UCG,4.333333333333333,3
B004V42TOQ,4.666666666666667,3
B000GCXTM8,4.0,3
B00D49L8GE,4.333333333333333,3
B005VT5HIU,4.0,3
B005VTFOP6,4.333333333333333,3
B002UYDIF8,4.0,3
B002UYBDD2,4.333333333333333,3
B002UYBCYM,4.333333333333333,3
B00BSXX7J4,4.666666666666667,3
B005VTHSZ0,5.0,3
B00D4AF4Y0,5.0,3
B005VTOOZM,5.0,3
B002UWPQYQ,5.0,3
B00D4APS5K,4.333333333333333,3
B00B2YU49U,4.666666666666667,3
B002VECIU8,4.666666666666667,3
B002VECIUS,5.0,3
B00D3NKLSM,5.0,3
B000N2JBSW,4.333333333333333,3
B002VTPMIS,4.666666666666667,3
B004V48MYW,5.0,3
B002VTK5XA,4.0,3
B002VTJZYU,4.333333333333333,3
B002VT3QT0,4.333333333333333,3
B004560D3E,4.333333333333333,3
B000N2JC40,5.0,3
B00D3NKLQO,5.0,3
B002VRJ0YM,4.666666666666667,3
B000N2JHTU,5.0,3
B002VQTO08,5.0,3
B00HEC2HLM,5.0,3
B000N2JISK,5.0,3
B000GDBDFC,5.0,3
B002VP4WQ0,4.666666666666667,3
B005UTW59K,5.0,3
B002VORTY8,4.0,3
B00456JUC4,5.0,3
B002VNM7ZA,5.0,3
B000GDA074,5.0,3
B002VMICTG,4.0,3
B00D3M0VM4,5.0,3
B004V49B9W,4.666666666666667,3
B00A7FZIBY,5.0,3
B005UL5QYY,4.333333333333333,3
B0006VWSIU,5.0,3
B00HEM34O6,4.0,3
B002VWL2E8,4.666666666666667,3
B000C1Z5XE,4.333333333333333,3
B002VWL2AW,4.333333333333333,3
B00A7ISRFA,4.333333333333333,3
B002VWK9GA,5.0,3
B0045512O4,4.333333333333333,3
B002VWK9DS,4.0,3
B002VWK9BK,5.0,3
B00B2SJL9K,4.666666666666667,3
B005UOHGOE,5.0,3
B002VUAKUW,4.0,3
B00D3HN6XK,4.333333333333333,3
B004V4AHEA,4.0,3
B000N2J8J4,4.333333333333333,3
B000C1Z610,4.333333333333333,3
B002VUAI5O,5.0,3
B005UPNZ5C,4.333333333333333,3
B005UPPDVQ,5.0,3
B00A7G0ML4,5.0,3
B002VM9FUQ,4.0,3
B002VM7ILE,4.0,3
B0006V5WCE,5.0,3
B00I258HAA,4.333333333333333,3
B004V458YE,4.333333333333333,3
B002VECJW0,4.333333333333333,3
B002VECJRK,5.0,3
B00J2XGS4I,4.666666666666667,3
B002VECJPW,4.0,3
B00D3RWU8M,4.0,3
B002VECJKW,5.0,3
B00A7EPG1M,4.333333333333333,3
B002VECJHA,4.666666666666667,3
B00D3S7CHK,4.666666666666667,3
B002VECJFM,5.0,3
B005VCHGWW,4.0,3
B000C1Z656,5.0,3
B002VECJ9I,4.666666666666667,3
B002VECJ70,5.0,3
B002VECJ0W,5.0,3
B002VECIZ8,5.0,3
B0045BDMOG,4.333333333333333,3
B002VECKI8,4.666666666666667,3
B002VM53TS,4.666666666666667,3
B005UVUCFW,4.333333333333333,3
B00456XRMS,4.0,3
B00D3OFZAK,5.0,3
B002VLBZSM,4.666666666666667,3
B00D3ONBLA,5.0,3
B002VKML04,4.333333333333333,3
B000C1Z61U,4.666666666666667,3
B005UZ2NQE,4.333333333333333,3
B000C1Z62O,4.0,3
B004V45UXS,5.0,3
B005V16MMS,4.666666666666667,3
B002VI4VKE,4.333333333333333,3
B00D3Q0AHG,5.0,3
B002VEOH6Q,4.666666666666667,3
B002VEKYB8,4.333333333333333,3
B00D4OPZPE,5.0,3
B00A6YCGRU,5.0,3
B005W2IML0,5.0,3
B00A6EXU4I,4.666666666666667,3
B00A6G28OO,4.666666666666667,3
B002TXRF6S,4.0,3
B00A6G0TG8,5.0,3
B002TXFWXG,4.0,3
B002TXEC1O,4.0,3
B0045LEBUA,5.0,3
B002TX2F04,4.333333333333333,3
B00A6FJT4C,5.0,3
B00BSKGHS0,5.0,3
B00A6ETD26,5.0,3
B002TUXRBI,5.0,3
B000N4C5ZQ,5.0,3
B00HD0EG8C,5.0,3
B005XEIQ4A,4.333333333333333,3
B002TSO0QQ,5.0,3
B002TSFVUA,4.333333333333333,3
B00I2EEOO4,5.0,3
B005XBQ9SS,5.0,3
B00BSNO4UA,5.0,3
B00D5CUT92,5.0,3
B002U6GIGM,4.0,3
B002U57HUE,5.0,3
B00D5DH7IC,4.333333333333333,3
B00D5DK6CQ,4.666666666666667,3
B005X7JEMU,4.666666666666667,3
B005X8OM6M,5.0,3
B00A6GW11Y,4.0,3
B005X9EZ5O,4.0,3
B0045L6Q8U,4.0,3
B000N3O8KM,5.0,3
B00A6GJKYA,4.666666666666667,3
B002U20DGC,4.0,3
B005XALIRQ,4.333333333333333,3
B004V25EE0,5.0,3
B002U1ICP2,4.333333333333333,3
B0045L8XMM,5.0,3
B002U159LW,5.0,3
B000N3X2CW,4.0,3
B00BSIMA2O,4.0,3
B000N4ELBM,4.666666666666667,3
B00A6I4IWM,4.666666666666667,3
B00A62264K,5.0,3
B005XQPKJW,4.666666666666667,3
B005XQQGXG,5.0,3
B002TJANTS,5.0,3
B00B3JSNJW,4.0,3
B002TIU96G,4.333333333333333,3
B002TIRG08,5.0,3
B005XR7A8K,4.0,3
B002TIM86U,5.0,3
B00B3K8YD6,4.666666666666667,3
B002TIE95I,4.666666666666667,3
B00BSEXF9U,5.0,3
B00A68RIQA,4.333333333333333,3
B00A61ZMM4,4.666666666666667,3
B005XS49F6,5.0,3
B005XSLNNW,5.0,3
B005XYLF8E,5.0,3
B0045Q8F84,4.666666666666667,3
B004UVJ416,4.333333333333333,3
B002TK3678,4.666666666666667,3
B005XQAO70,4.333333333333333,3
B00B3FQ30C,5.0,3
B000GCWEGU,4.0,3
B0045M04IM,5.0,3
B005XIFELE,4.333333333333333,3
B0006PLO8Q,5.0,3
B00D5WCCO2,4.666666666666667,3
B0006PLMHO,5.0,3
B00D5X0TI2,5.0,3
B002TN9K4S,4.666666666666667,3
B004UY3ZHM,4.0,3
B005XPCOVU,4.0,3
B002TLUFEO,5.0,3
B0045O2U9Q,5.0,3
B002TLT5VI,5.0,3
B0006PKF0Y,4.666666666666667,3
B002TLT39C,4.0,3
B000N5P4V2,4.0,3
B005XQ8E90,4.333333333333333,3
B002TKZ6I0,5.0,3
B002TKXPEM,4.0,3
B00B3CD8M6,4.0,3
B002UL6PME,4.0,3
B0006SKIGM,4.666666666666667,3
B0006SJ5Z2,4.0,3
B00A6UGJJK,5.0,3
B004V41JCY,5.0,3
B004V41J7E,5.0,3
B005WIUFMS,5.0,3
B005WJ6W8S,4.0,3
B002UL81K8,5.0,3
B002UL71T0,5.0,3
B002UL6PX8,4.666666666666667,3
B00A6TURVM,4.666666666666667,3
B0045KBU0K,4.0,3
B004V3ZVOM,5.0,3
B005WKCU6A,5.0,3
B005WKE0R2,5.0,3
B004V3YZWQ,4.333333333333333,3
B00BSW0RSY,5.0,3
B002UL33GA,5.0,3
B000N2OCLI,5.0,3
B000GCWPWS,4.666666666666667,3
B005WLDZGI,5.0,3
B002UKP12A,4.0,3
B005WE92EO,5.0,3
B005WDK398,5.0,3
B00D58ICPE,4.333333333333333,3
B004V42E78,5.0,3
B00D4PUU3K,5.0,3
B00B378PG0,5.0,3
B00B37G50I,4.666666666666667,3
B00B37M25U,5.0,3
B005W465NU,4.0,3
B005W4ADLK,5.0,3
B002URCFIG,5.0,3
B002UQSH02,4.333333333333333,3
B0006TQZJA,4.666666666666667,3
B002UPZ85K,4.0,3
B0045K8WJM,4.666666666666667,3
B005W6OI8M,5.0,3
B005W7OH6O,4.666666666666667,3
B000GCXROS,5.0,3
B005W8SBLU,5.0,3
B0045K8ZQC,5.0,3
B002UNBWDE,4.333333333333333,3
B002UN6Y2I,5.0,3
B002UMZ2T0,5.0,3
B00A6VGK0C,4.333333333333333,3
B002UKP0QW,4.666666666666667,3
B004V3BRCC,5.0,3
B002UED50Q,5.0,3
B005WWWVT4,5.0,3
B0006Q01PC,4.333333333333333,3
B0006PS6N2,5.0,3
B002UEH3M2,5.0,3
B00A6O16WG,5.0,3
B002UEGKUS,5.0,3
B00A6O16EO,5.0,3
B002UEFFUY,4.333333333333333,3
B00A6LU2JW,5.0,3
B005X0RKDM,4.333333333333333,3
B004V3SJIW,4.666666666666667,3
B004V3S1R6,4.666666666666667,3
B000C1Z6PG,5.0,3
B005X3HQYW,4.333333333333333,3
B002UD52ZS,4.0,3
B002UD52K8,4.333333333333333,3
B00BSPIXGO,4.0,3
B004V3PMMI,5.0,3
B0045KH64E,5.0,3
B000N38PH4,5.0,3
B000N3909G,4.0,3
B00A6OAIGQ,4.666666666666667,3
B00A6OC8FU,4.0,3
B002UEKP9U,4.333333333333333,3
B002UKM4QG,4.666666666666667,3
B002UKM4P2,4.333333333333333,3
B000N2OFJC,5.0,3
B002UJIYYS,4.0,3
B00HDFFPWI,4.0,3
B005WNYGWI,4.333333333333333,3
B002UITVXW,4.0,3
B002UITVGO,5.0,3
B000N2OLYQ,4.333333333333333,3
B000N2ONJO,4.0,3
B0006Q0418,4.333333333333333,3
B002UFOC2A,5.0,3
B002UFJSKG,5.0,3
B005WT10QC,5.0,3
B0045KDTZE,5.0,3
B004V3V9DE,4.333333333333333,3
B005WTS2DG,4.666666666666667,3
B002UEKSF6,4.333333333333333,3
B005UKSCU0,4.666666666666667,3
B00BT1XFH4,5.0,3
B005S7C0H6,5.0,3
B0044HL9XM,5.0,3
B00A8TQIWM,5.0,3
B00D13G0AW,4.333333333333333,3
B005S4F0ZI,4.666666666666667,3
B000MQNGNK,4.666666666666667,3
B0044HYI7G,5.0,3
B0044I687S,5.0,3
B005S65I4E,5.0,3
B005SGALH8,4.333333333333333,3
B005S9TWKW,5.0,3
B00D13HNKS,5.0,3
B000GEW70G,4.333333333333333,3
B00HFF1Y0I,5.0,3
B005SAZ5RK,4.0,3
B0044ICFDO,5.0,3
B00BTKVP0O,4.0,3
B000C1Z3V8,4.666666666666667,3
B0044GGGR2,5.0,3
B002XQ1Y90,4.666666666666667,3
B005S1KLI2,4.333333333333333,3
B002XQ1YHM,4.333333333333333,3
B0007CXXEG,4.333333333333333,3
B000MNUB22,5.0,3
B0044F4AGM,4.0,3
B002XZ6ACC,5.0,3
B000MOMQWE,5.0,3
B000MOMQWO,4.0,3
B00D13CWLI,4.666666666666667,3
B005RQYOYA,5.0,3
B00A920XVK,4.0,3
B000MPEY00,4.0,3
B00A900O16,4.333333333333333,3
B002XUHA6C,4.666666666666667,3
B004VH6AKM,4.0,3
B000MPSNIE,4.333333333333333,3
B000MQ6XJ4,4.333333333333333,3
B000MQ6XL2,4.333333333333333,3
B002XQ1YXG,4.666666666666667,3
B0007CXWYM,4.666666666666667,3
B0044FYDSW,4.0,3
B00BTL400A,5.0,3
B002XPAQEA,5.0,3
B0044MLRUW,4.0,3
B005SPEV4I,4.0,3
B00D14ALS8,5.0,3
B004VEL47O,4.333333333333333,3
B0007A5M60,4.666666666666667,3
B005SQ29DM,4.333333333333333,3
B004VEL1TK,5.0,3
B000GETWFO,5.0,3
B005SRTCAE,5.0,3
B005SSISBW,4.666666666666667,3
B002XQ1TI6,4.666666666666667,3
B002XO4EIK,4.0,3
B00079PMX4,4.333333333333333,3
B002XO40DE,4.666666666666667,3
B005STI8WA,4.333333333333333,3
B005SU12JA,5.0,3
B005SU2GCW,4.666666666666667,3
B00BTISR4I,4.0,3
B00078ZRIK,5.0,3
B002XIU1W4,4.0,3
B002XIU1MO,5.0,3
B00I1O7YU6,5.0,3
B005SM2TXG,5.0,3
B002XQ1THW,4.0,3
B0044JVSWW,5.0,3
B00D1439VO,4.333333333333333,3
B00D144YJA,4.666666666666667,3
B004VFPEG0,4.666666666666667,3
B004VFNCP0,4.0,3
B00BTKO22M,4.666666666666667,3
B00A8P7CFS,4.666666666666667,3
B00J20K9FK,4.333333333333333,3
B0007CO912,5.0,3
B002XQ1SP0,4.666666666666667,3
B0044LO980,4.333333333333333,3
B00BTJVEGK,4.0,3
B000MSF6Z4,4.666666666666667,3
B0007CIS46,5.0,3
B005SKORFQ,4.333333333333333,3
B002XQ1R8S,4.666666666666667,3
B0044M33U4,4.333333333333333,3
B002XQ1R74,4.666666666666667,3
B00A8O9D7Y,4.666666666666667,3
B00B2FV9NO,4.0,3
B005RG7KZA,4.0,3
B000ML0TVM,5.0,3
B002YWLIDK,4.333333333333333,3
B005QQGHHI,4.666666666666667,3
B002YVD7W6,4.666666666666667,3
B005QS087Q,5.0,3
B002YSR590,5.0,3
B005QT6UCC,5.0,3
B0007CXYF4,4.666666666666667,3
B005QT9DKI,5.0,3
B002YR2D52,5.0,3
B002YQZINC,4.333333333333333,3
B005QTAD66,4.333333333333333,3
B0044B5XYE,5.0,3
B000ML9MPQ,5.0,3
B002YNZ7JA,5.0,3
B00D0NN1U0,5.0,3
B002YXWUX6,5.0,3
B000C1Z214,4.666666666666667,3
B00D0NL2U6,5.0,3
B002Z5UKOY,4.0,3
B000MJZOS2,5.0,3
B002Z3M9V8,4.0,3
B000MK2VOQ,4.333333333333333,3
B000GF1GIE,4.333333333333333,3
B00D0ES6T0,5.0,3
B004VLXD8K,4.333333333333333,3
B00D0GYD0E,4.0,3
B002Z2Z9PW,4.0,3
B005QG53B4,5.0,3
B002Z13TKA,4.666666666666667,3
B005QG56L6,4.0,3
B00A9WVHRO,4.333333333333333,3
B002Z13TGY,5.0,3
B005QH4YTU,4.666666666666667,3
B00HFW21GC,5.0,3
B00D0NKKOK,4.333333333333333,3
B000GF1DY6,4.666666666666667,3
B002Z0QF6Q,5.0,3
B000MKKZL2,4.0,3
B0044ATJSG,4.666666666666667,3
B0007CXYNG,5.0,3
B00A9AG44M,4.0,3
B00D0NPKS6,4.0,3
B002YFW1W4,4.666666666666667,3
B005R43OSY,5.0,3
B000MLPC14,5.0,3
B005R4KG2Q,4.666666666666667,3
B002YEI8RM,5.0,3
B002YED2AA,5.0,3
B0044E9TDM,4.666666666666667,3
B005R8H2HY,4.0,3
B0044EDGEU,5.0,3
B002YKBZ2Q,4.666666666666667,3
B000MMOZMA,4.666666666666667,3
B002Y97GFC,4.666666666666667,3
B00D0XFFSG,4.0,3
B005RF8P2S,5.0,3
B00D0YSMDA,5.0,3
B0044EH2FO,4.333333333333333,3
B000MN4J84,5.0,3
B002Y2Q60K,4.333333333333333,3
B005RFRIF8,4.666666666666667,3
B0044EJGHG,4.333333333333333,3
B00A9I147G,5.0,3
B002YG12MI,5.0,3
B005QZWTDU,4.666666666666667,3
B002YJITHQ,5.0,3
B002YJHXXM,5.0,3
B00A9MROPS,5.0,3
B002YJ9ZRE,4.666666666666667,3
B005R1SZNQ,4.333333333333333,3
B002YJ4LVO,5.0,3
B005R28PF8,4.666666666666667,3
B0044D6ILY,5.0,3
B002YIJUUW,4.666666666666667,3
B00IJNNFL6,5.0,3
B000MLFMXC,5.0,3
B002YHTR2O,4.666666666666667,3
B002YGR164,4.0,3
B005R37FGM,4.333333333333333,3
B002YGN9J2,5.0,3
B00IJN6IEM,5.0,3
B00B2FHGDG,4.333333333333333,3
B0007CXY2M,5.0,3
B0007CXY1S,5.0,3
B005SWRESG,5.0,3
B00BTI8OGY,5.0,3
B005U86GJQ,5.0,3
B00D2NUU0C,4.666666666666667,3
B00D2NUV6A,4.666666666666667,3
B002WHVMNS,5.0,3
B005U86CGS,4.666666666666667,3
B00450OWGE,5.0,3
B002WHPUX6,4.666666666666667,3
B002WH9T3I,4.0,3
B00450P1KK,4.333333333333333,3
B005U86EP2,4.666666666666667,3
B005U86FY2,4.333333333333333,3
B002WDPX6Y,5.0,3
B005U9C9WS,5.0,3
B0006ZHJUI,5.0,3
B002WF3OWW,4.0,3
B00A7R3AGW,4.0,3
B002WJHJYC,4.333333333333333,3
B000MXQRCK,4.0,3
B00A7WVJN8,4.0,3
B005TWA2UM,5.0,3
B0006ZWUX4,5.0,3
B005TXAQ20,4.333333333333333,3
B00BTB1DXM,5.0,3
B005TXUKN0,4.666666666666667,3
B002WN2YA2,5.0,3
B005TZ44XU,5.0,3
B00D2LOPJ6,4.666666666666667,3
B000MXCBRU,5.0,3
B005U1WHPK,4.0,3
B00A7ZOL0S,5.0,3
B000MXDA6G,5.0,3
B005U3E05S,5.0,3
B0044ZTFPS,4.0,3
B002WJSMKW,4.333333333333333,3
B002WJKQZQ,4.0,3
B005U55FLY,5.0,3
B002WJHL4A,5.0,3
B002WJHL2W,5.0,3
B000MXKRUS,4.333333333333333,3
B002WJHL0E,5.0,3
B00B2O1IP4,5.0,3
B00D2NUR5K,4.0,3
B005UCX1BI,4.666666666666667,3
B002W5MLA8,4.333333333333333,3
B005UGWAAW,4.666666666666667,3
B005UH60FM,4.333333333333333,3
B00D38RUNG,4.333333333333333,3
B00D39HRUQ,5.0,3
B005UH8ACI,4.666666666666667,3
B005UH9W4I,5.0,3
B00D3A14FY,5.0,3
B00A7LQ4BG,4.666666666666667,3
B000N2DGGU,5.0,3
B000N2EPL0,4.0,3
B002W4ALG0,4.666666666666667,3
B002W46MV8,5.0,3
B00A7KV4ZI,4.0,3
B002WDM5SS,5.0,3
B0006ZETJW,4.0,3
B002W2OWH6,4.666666666666667,3
B000C1Z5V6,4.0,3
B002W2JD4S,5.0,3
B005UIQIGW,5.0,3
B00A7K6444,4.333333333333333,3
B004V4J8LS,5.0,3
B0006ZEW26,4.666666666666667,3
B002W701A8,5.0,3
B0006ZEWD0,5.0,3
B002WDIPRI,4.333333333333333,3
B005UDPXGS,4.666666666666667,3
B002WDGCIW,5.0,3
B00HEPROEO,5.0,3
B00B2PXYKK,5.0,3
B000N28G2O,4.333333333333333,3
B0006ZHH46,5.0,3
B00D2Z977W,5.0,3
B002WBD4Q2,4.333333333333333,3
B002WA3P4O,4.0,3
B00D2ZYFQ0,4.333333333333333,3
B002W97PYQ,5.0,3
B004V611QQ,5.0,3
B002W702I4,4.0,3
B002W702GG,4.666666666666667,3
B00A7P4IG0,4.666666666666667,3
B005UFJK56,5.0,3
B005UFLDMY,4.333333333333333,3
B00BT76SZY,5.0,3
B00BT5W4K4,4.333333333333333,3
B004V5Z0GO,4.0,3
B005UGVGFC,4.0,3
B000C1Z5J8,5.0,3
B00D2ITGTI,4.666666666666667,3
B00HEUON34,4.333333333333333,3
B005SWW6HA,5.0,3
B00A881UMG,5.0,3
B004VC3QJ0,4.333333333333333,3
B00A8DHBH4,4.333333333333333,3
B005T7YJP6,5.0,3
B005T803YQ,4.666666666666667,3
B00076WXLG,5.0,3
B002XGCMWS,4.333333333333333,3
B000MUUROM,5.0,3
B002XFMYC2,5.0,3
B00B2IIXRG,4.0,3
B002XEXTZ4,4.666666666666667,3
B000C1Z4NK,4.666666666666667,3
B00076TOXG,4.666666666666667,3
B005TD24SE,5.0,3
B00076TOX6,4.333333333333333,3
B005TFWB8K,4.666666666666667,3
B000MUW2DG,5.0,3
B00BTHQAG6,5.0,3
B005THHWCS,4.333333333333333,3
B002X9RMGQ,5.0,3
B00076MOTC,5.0,3
B00076MO4M,4.0,3
B000MURVFK,4.666666666666667,3
B002XHIHJY,4.333333333333333,3
B0044TP2QU,5.0,3
B00076ZUK2,5.0,3
B000MULXGI,4.0,3
B00A8KYJUY,5.0,3
B002XITZ2Q,5.0,3
B005T0IOKE,4.666666666666667,3
B00A8KXV1W,5.0,3
B004VD9PF8,4.333333333333333,3
B000MUQ9YO,5.0,3
B00D14QXMQ,5.0,3
B004VD779O,4.666666666666667,3
B005T3TTLY,5.0,3
B002XITYEU,5.0,3
B00B2I8ZNI,5.0,3
B000GEJRNG,5.0,3
B002XITY7C,4.333333333333333,3
B0044TDJZG,4.666666666666667,3
B005T5CARW,5.0,3
B00D17UV08,4.666666666666667,3
B002XITWO2,4.666666666666667,3
B000MURHMC,4.333333333333333,3
B0044TNPCI,4.333333333333333,3
B00076MNU2,4.333333333333333,3
B002X7YWZM,4.0,3
B005TVPPN2,5.0,3
B000C1Z4VW,5.0,3
B002WV9UCY,4.666666666666667,3
B002WV9LW8,5.0,3
B002WV1DNI,4.333333333333333,3
B002WUVA6E,5.0,3
B000MVTPL2,4.666666666666667,3
B000MVVCBI,4.0,3
B0044VXAB2,4.0,3
B002WTCDBQ,4.666666666666667,3
B00D2D3842,5.0,3
B00BTFIC1Y,4.666666666666667,3
B005TT8W84,4.333333333333333,3
B000MX04E2,4.0,3
B00B2MYHO0,5.0,3
B000MX04EM,4.333333333333333,3
B0044XHBL0,4.666666666666667,3
B004V93VVG,4.666666666666667,3
B000GEETLQ,5.0,3
B00A812SYW,4.333333333333333,3
B000MX5MR6,4.666666666666667,3
B002WPW6ZS,5.0,3
B005TUJ08O,4.333333333333333,3
B005TV88E0,4.0,3
B000MVRXU2,4.666666666666667,3
B00A82BGLC,4.333333333333333,3
B00D2BWTGW,5.0,3
B00J2FEJHO,5.0,3
B004VB4UHI,5.0,3
B00D1QY6YQ,4.333333333333333,3
B00A86RM52,5.0,3
B002X4C9X2,4.666666666666667,3
B00A86EBUQ,5.0,3
B00D1WN8JO,5.0,3
B002X335EK,5.0,3
B00076029G,4.333333333333333,3
B005TKZX0S,5.0,3
B000MVCS8Y,4.666666666666667,3
B004VAORQI,4.0,3
B002X0N782,5.0,3
B002X0LAOA,5.0,3
B00D1XM9G6,4.666666666666667,3
B002WZK1DC,5.0,3
B004VA7AUI,4.333333333333333,3
B00BTGTUVO,5.0,3
B002WYCEFG,5.0,3
B00A83RFZW,4.333333333333333,3
B005TOXCLQ,5.0,3
B00D2BWSFE,4.333333333333333,3
B00DFSNKC4,4.333333333333333,3
B00DCWN1BS,5.0,3
B002PZGSGI,5.0,3
B000GCNCVQ,4.333333333333333,3
B00A2FCQDW,5.0,3
B000GCMYPG,5.0,3
B0046G9QL8,4.333333333333333,3
B000NJE3V0,5.0,3
B0063U0LSW,5.0,3
B00DCWN0BO,4.666666666666667,3
B00A2F02VU,4.333333333333333,3
B0063TDAHW,5.0,3
B0063UOAFC,5.0,3
B00A2EZSL0,4.333333333333333,3
B002PU7C4K,5.0,3
B00DD08JM0,5.0,3
B002PTOHOO,4.666666666666667,3
B00A2ERDE0,4.666666666666667,3
B002PSPHKS,5.0,3
B0046FVKHW,4.666666666666667,3
B002T910MW,4.0,3
B002Q3AIAQ,5.0,3
B002Q526G8,5.0,3
B002Q4Z0Y4,5.0,3
B002Q4UCJ2,5.0,3
B00DCHA6SO,5.0,3
B0063LXMGY,5.0,3
B002Q4UC10,4.333333333333333,3
B00A2H4XRM,5.0,3
B002Q394YW,4.333333333333333,3
B000NJ7VC8,4.666666666666667,3
B0046FRYJA,4.666666666666667,3
B002Q2FN84,4.333333333333333,3
B002Q25K5K,4.666666666666667,3
B002Q1V63Q,5.0,3
B002Q1EIZY,5.0,3
B0063XM2G8,5.0,3
B0006LNBX6,4.333333333333333,3
B0046IUBQ0,5.0,3
B002PK27R2,5.0,3
B004UGIQAG,4.0,3
B002PJV300,4.0,3
B002PJQ67A,4.333333333333333,3
B00646121U,5.0,3
B002PJHQ6A,4.666666666666667,3
B00646JBGS,5.0,3
B00DD9HB2U,5.0,3
B00DD9OQUU,5.0,3
B000NJHR5O,5.0,3
B000GCKDRM,5.0,3
B002PRQJCE,4.333333333333333,3
B00DDAW5NO,4.666666666666667,3
B00A28G8FG,4.333333333333333,3
B00BRQN5DU,5.0,3
B002PFYUUY,4.0,3
B00DDCO5XA,5.0,3
B000NJISHU,5.0,3
B0064DRXY8,4.666666666666667,3
B0006LJCTS,5.0,3
B0064EFRW2,5.0,3
B0046J3422,4.333333333333333,3
B00A29QMLU,5.0,3
B002PKNO6U,4.333333333333333,3
B002PL7MXU,4.333333333333333,3
B000C2105A,4.333333333333333,3
B0006LNB9K,5.0,3
B0006LNB8G,4.333333333333333,3
B004UH73E0,4.0,3
B00640F55U,5.0,3
B00640YWEA,5.0,3
B002PNSTD0,4.333333333333333,3
B002PNS520,4.333333333333333,3
B004UGSZ84,5.0,3
B00DD5C45I,5.0,3
B002PNMOPO,5.0,3
B00641QEUY,5.0,3
B00641Y7K8,4.0,3
B000GCL380,5.0,3
B00DD65F44,4.333333333333333,3
B000NJGN5Y,4.333333333333333,3
B00A2A7PYC,4.0,3
B002PML1IG,4.666666666666667,3
B00642GJ26,4.333333333333333,3
B00DD6YJR8,5.0,3
B0046IBWWM,4.0,3
B002Q5D0EA,5.0,3
B002Q5JE2C,5.0,3
B000NIK82Y,4.0,3
B004ULPKY6,4.333333333333333,3
B0062Q6NPM,5.0,3
B000GCR62C,4.333333333333333,3
B0062S6B5C,5.0,3
B000NIHTFI,4.333333333333333,3
B0062T2HCW,4.0,3
B002QDU9VO,4.666666666666667,3
B00BS2TLD6,5.0,3
B0062U58TK,4.0,3
B0062U6ZEW,4.333333333333333,3
B00A2X89WG,4.666666666666667,3
B002QDPG80,5.0,3
B00DBCH7T6,4.333333333333333,3
B0062YH8VM,5.0,3
B0062YU2MY,4.333333333333333,3
B00DBFFH5E,4.333333333333333,3
B0062YVEHG,5.0,3
B00A2WLO4W,5.0,3
B000C1ZFIY,5.0,3
B0046BVM5G,4.0,3
B00IJBCNIE,5.0,3
B00DAZI0F4,5.0,3
B000GCR64U,4.333333333333333,3
B00DAPGDBC,5.0,3
B002QI4ROY,4.0,3
B004UM74MQ,4.0,3
B0062OZHII,5.0,3
B002QI0Z9U,4.333333333333333,3
B00DAUYXZA,5.0,3
B002QGGQ7W,5.0,3
B00DAXELNG,4.0,3
B0062PARVE,4.333333333333333,3
B00A2YNDOO,5.0,3
B00DAXX96Q,5.0,3
B00HAQPYX0,4.666666666666667,3
B000NICBME,5.0,3
B000NICBUQ,5.0,3
B000NIEBGI,5.0,3
B0046BAETQ,4.0,3
B002QF6WAE,5.0,3
B000NIEBIQ,4.0,3
B00A2Y9JFG,4.333333333333333,3
B0006LNQK4,5.0,3
B002QEADE6,4.333333333333333,3
B00DBM4J2O,5.0,3
B00A2J14U4,5.0,3
B0063HNONE,4.333333333333333,3
B00A2SY376,4.666666666666667,3
B00DC4A4KC,4.666666666666667,3
B00DC4BUYG,4.333333333333333,3
B004UK0998,4.666666666666667,3
B0063GADW0,5.0,3
B000GCQZX8,4.666666666666667,3
B00A2OMWPA,4.333333333333333,3
B002Q75V2M,4.666666666666667,3
B002Q719PK,4.333333333333333,3
B00B4DATDA,5.0,3
B00A2M7F54,4.0,3
B0063HX27C,4.0,3
B00DCA3OIA,4.666666666666667,3
B0063INQPO,4.666666666666667,3
B000NJ24FC,4.666666666666667,3
B0063ISLW2,4.666666666666667,3
B00DCCFQIO,4.666666666666667,3
B002Q5Y6A2,5.0,3
B0046EOG4M,5.0,3
B00DC2FE3Q,4.333333333333333,3
B002Q7Y1JQ,4.333333333333333,3
B0046DE7NI,4.333333333333333,3
B00630VDAW,5.0,3
B00630YOLW,5.0,3
B00631HWSS,4.333333333333333,3
B00DBQAZZA,4.0,3
B000GCR37A,5.0,3
B000NIY938,4.333333333333333,3
B00A2VGHOU,4.666666666666667,3
B000NIY9JM,4.333333333333333,3
B0063404K8,4.666666666666667,3
B002Q9XUTQ,4.666666666666667,3
B000NIYAF0,4.0,3
B00634SB26,5.0,3
B0046DASWC,5.0,3
B00A2V0V4C,4.666666666666667,3
B004UKENQ8,4.666666666666667,3
B00BS114NW,5.0,3
B00DBYXR7K,5.0,3
B00DBZVZG4,4.666666666666667,3
B0046DDQF8,4.0,3
B0064EUV6E,4.666666666666667,3
B002PDC63E,5.0,3
B0064FFG54,5.0,3
B0065NCC2K,4.666666666666667,3
B002NXW7MG,4.333333333333333,3
B00DF48HIU,5.0,3
B002NX0T5I,4.0,3
B00DF4O99G,4.666666666666667,3
B0065MHVQI,4.666666666666667,3
B0065MMMSK,4.333333333333333,3
B002NW010C,4.666666666666667,3
B002NVS1Y6,4.0,3
B000NNAPOK,4.333333333333333,3
B002NSEJ6S,4.666666666666667,3
B0046MF6DY,5.0,3
B004UBI8RC,5.0,3
B0065NZROU,4.333333333333333,3
B00A1C4H56,5.0,3
B004UBHVJI,4.666666666666667,3
B00DFA7I5W,4.333333333333333,3
B00B4KPROY,5.0,3
B002NTCX1U,5.0,3
B002NT33HS,4.666666666666667,3
B002NXXX0Q,4.666666666666667,3
B000NN46QI,5.0,3
B006598ZVG,4.0,3
B00DER9REG,5.0,3
B00A1KD646,5.0,3
B002O61S1I,5.0,3
B0065BD6S6,5.0,3
B00A1IP402,4.0,3
B000NM8I22,5.0,3
B002O1DHGM,5.0,3
B0046L8TCK,5.0,3
B0065IZ3XU,5.0,3
B0065JC2TC,5.0,3
B0065JCBHA,5.0,3
B0006IJ6J2,4.0,3
B00A1BADS2,4.333333333333333,3
B00BRLAE1Q,4.333333333333333,3
B002NKMG7K,4.666666666666667,3
B00B4L919U,4.666666666666667,3
B00667D4AY,4.333333333333333,3
B00667TX0E,4.666666666666667,3
B000C212GM,5.0,3
B000NNLE9A,4.666666666666667,3
B002NHE2D4,5.0,3
B002NHAGJS,4.333333333333333,3
B00DFBD6WU,4.666666666666667,3
B00A0ZS8AO,5.0,3
B002NH7KZG,5.0,3
B002NH1KB6,5.0,3
B000NNLJW2,4.666666666666667,3
B00A0Z7Y22,4.333333333333333,3
B000NNPHKM,5.0,3
B000NNPKLS,4.666666666666667,3
B00A0XY5DU,4.666666666666667,3
B000GAT6VI,5.0,3
B00A0WBDCC,5.0,3
B00DFQMMG6,4.0,3
B002NKMGCA,4.666666666666667,3
B0046MK4RC,4.666666666666667,3
B0065QVB60,5.0,3
B0065QWW90,5.0,3
B000GBI0ZK,5.0,3
B00DFEC4D4,4.333333333333333,3
B0065RL038,5.0,3
B00DFFAKNY,5.0,3
B000NNFSAQ,4.333333333333333,3
B00BRJ79XO,4.666666666666667,3
B002NPJQAA,5.0,3
B002NPA4QA,4.333333333333333,3
B0046MID6G,4.666666666666667,3
B0006IC48C,4.333333333333333,3
B00DFJ7QXC,4.333333333333333,3
B0065WQ61Y,5.0,3
B002NNIZ6I,5.0,3
B002NMLMZ0,5.0,3
B0046MIGJK,4.333333333333333,3
B002NM3RXK,5.0,3
B002NLYLHC,4.0,3
B00A18B9NS,4.0,3
B00660BB3I,4.333333333333333,3
B000C2125S,4.666666666666667,3
B00DFPFDZE,5.0,3
B0006I7C8O,5.0,3
B002NL6EW2,4.0,3
B000NM02W6,4.333333333333333,3
B002OCGF1U,5.0,3
B002PBM4Q0,5.0,3
B0064OPHUE,5.0,3
B002P2VUPK,4.0,3
B000NK9NSW,5.0,3
B0064OQJVA,5.0,3
B0046KG1NU,5.0,3
B00A1WMSJI,5.0,3
B000NKBBFK,4.0,3
B0006LJ1XU,5.0,3
B004UDWD8U,4.0,3
B000C210C8,5.0,3
B002OV5VK2,4.0,3
B002OV03NW,4.333333333333333,3
B000GCIC02,4.0,3
B002OUB9SQ,4.333333333333333,3
B00DDXY4DU,5.0,3
B0064RLYGC,5.0,3
B0064SB8XU,4.333333333333333,3
B002OT7HRE,4.0,3
B004UDWDRQ,4.666666666666667,3
B002P3K6M2,4.0,3
B0064FH3FA,4.666666666666667,3
B0064FH7JM,5.0,3
B000NJJDA6,5.0,3
B0064FJ8J4,5.0,3
B0064FJGHI,5.0,3
B00HA1CMTO,5.0,3
B0064FLFCM,4.333333333333333,3
B0006LJCEI,5.0,3
B002P9SEES,4.666666666666667,3
B000NJMSIK,4.333333333333333,3
B002P67G2M,4.333333333333333,3
B00DDQMO9S,5.0,3
B002P65ZCU,4.333333333333333,3
B0064GVPK8,5.0,3
B0006LJ4CI,5.0,3
B0046JYDVI,4.0,3
B00HA13VN0,4.666666666666667,3
B00B4I84KK,4.666666666666667,3
B002P5LIYU,5.0,3
B0064TJBFQ,4.333333333333333,3
B00B4J0TKM,4.666666666666667,3
B002OGUD8M,4.666666666666667,3
B006535S2Q,5.0,3
B006535SOO,4.666666666666667,3
B00DEEV1KW,4.0,3
B00J7K2L8S,4.0,3
B00656FV1Q,4.666666666666667,3
B00656GVCO,5.0,3
B002OGCDCQ,4.666666666666667,3
B00656N3MU,5.0,3
B00657C4CO,5.0,3
B00657GJ3Y,5.0,3
B0006IO3P4,5.0,3
B00657MXSY,5.0,3
B002OEBR9S,4.666666666666667,3
B000GBWK4C,4.0,3
B0065824UU,4.0,3
B006584I7W,4.333333333333333,3
B002OM0YE4,4.666666666666667,3
B002OM6CL8,4.666666666666667,3
B0064V70CK,4.666666666666667,3
B0046KH7YC,4.666666666666667,3
B0046KHD6E,5.0,3
B000GCEA4Y,5.0,3
B00A1QFCH4,4.0,3
B00A1QFBQG,5.0,3
B0064ZLOXM,5.0,3
B00DE4ISOY,5.0,3
B002OOF1OK,4.333333333333333,3
B00650YBHM,5.0,3
B002OO6XM4,4.333333333333333,3
B00651QF1Q,4.666666666666667,3
B00A1P6FXA,5.0,3
B002ONI7IS,4.666666666666667,3
B00I3656D4,5.0,3
B002OMWRSK,4.333333333333333,3
B002OMBRHW,4.666666666666667,3
B0006LO5JA,5.0,3
B00DAMALDQ,4.666666666666667,3
B0045WHFR0,5.0,3
B00A4G6KUY,4.666666666666667,3
B0006O2K2Q,5.0,3
B0045WQIXC,5.0,3
B005ZUQBVC,5.0,3
B0045WQY9U,5.0,3
B004USRYDE,4.666666666666667,3
B002SKKUP0,5.0,3
B00D7TLACS,5.0,3
B00A4DOK0O,4.666666666666667,3
B0006O2HSS,4.333333333333333,3
B002SJFLPA,5.0,3
B002SIKIPY,4.333333333333333,3
B000NBCUHC,4.333333333333333,3
B000NBINU0,5.0,3
B002SIINDI,4.666666666666667,3
B000GCUT3K,4.666666666666667,3
B0045X4LEY,4.666666666666667,3
B00B3UCXRY,4.0,3
B0045XA7HY,4.666666666666667,3
B00D7O304E,4.0,3
B00BSE2BO0,4.0,3
B002SMRKBU,4.0,3
B004USS72Q,4.666666666666667,3
B005ZHPPRQ,5.0,3
B00J4BK31C,4.333333333333333,3
B005ZIGGBE,5.0,3
B00D7HXPBY,4.333333333333333,3
B002SQ1TTK,4.666666666666667,3
B002SQ1NGO,4.0,3
B00A4ND06O,5.0,3
B002SQ0W8E,5.0,3
B004USS5IM,5.0,3
B000GCV3P8,4.666666666666667,3
B00A4NB64C,5.0,3
B005ZLG6U2,5.0,3
B002SPZ0HI,4.333333333333333,3
B002SPYWMC,5.0,3
B002SPYW72,4.666666666666667,3
B002SPX228,4.666666666666667,3
B00D7MLWDC,4.333333333333333,3
B000NB757C,4.333333333333333,3
B002SPV7D4,4.333333333333333,3
B00BSE2CSU,5.0,3
B000GCUUC0,5.0,3
B002SOHN7Y,4.666666666666667,3
B005ZYV8A2,5.0,3
B002SI8ZCC,5.0,3
B002SAPD02,4.333333333333333,3
B0006NZO84,5.0,3
B004URRQPQ,4.666666666666667,3
B00BSE0JSK,4.333333333333333,3
B000NCA7N0,4.666666666666667,3
B000C1ZA4S,4.666666666666667,3
B002SI7ZAU,5.0,3
B00D8GIQ4U,5.0,3
B002S4B0WI,5.0,3
B002S3XA8G,4.333333333333333,3
B00BSE0AA2,5.0,3
B0060K04ZU,4.333333333333333,3
B004615XLK,5.0,3
B0060K88HG,5.0,3
B00609JE2A,5.0,3
B005ZYWLL2,4.666666666666667,3
B000NBTCVY,5.0,3
B002SI08VI,4.666666666666667,3
B00A4CFPFY,4.0,3
B0006O0ZZA,4.0,3
B00J4F4C38,4.0,3
B00D82KEHQ,4.666666666666667,3
B0045YPPPC,4.0,3
B002SFU89S,4.333333333333333,3
B00D86QNQI,5.0,3
B002SCO7WA,5.0,3
B002SCMQTG,4.0,3
B0045YZ9BC,4.666666666666667,3
B002SCITYC,4.333333333333333,3
B00608Z7JU,4.333333333333333,3
B00608ZU8S,4.0,3
B00A46BEIC,5.0,3
B002SBDXIU,4.333333333333333,3
B00B429ILK,5.0,3
B005YQ3NTU,4.0,3
B002T406YK,5.0,3
B004UTNOTQ,4.0,3
B005YNS39I,4.333333333333333,3
B002T00G44,5.0,3
B00D6O3MWA,5.0,3
B002SZVTZ0,4.666666666666667,3
B002SZR6X4,5.0,3
B00D6R1BTI,4.0,3
B002SZR4YU,4.666666666666667,3
B002SZKERE,5.0,3
B005YQBDK6,5.0,3
B005YQRUKI,5.0,3
B000N93A0A,4.333333333333333,3
B005YRGVC0,4.666666666666667,3
B000N93BUY,5.0,3
B00A5F54Y2,5.0,3
B00A5ETA8Y,5.0,3
B00A5ET16A,5.0,3
B00IJHJIA4,5.0,3
B00A5ESDIW,4.0,3
B00I2KJ79U,4.666666666666667,3
B002SWF1OS,4.666666666666667,3
B005YJ08EK,5.0,3
B005YIU4JK,4.333333333333333,3
B0006PJS2A,4.666666666666667,3
B002T7R3DO,5.0,3
B005Y2E4SI,4.0,3
B0006PJRZS,5.0,3
B002T75WAK,5.0,3
B00J3VAM96,5.0,3
B00D6DJCLQ,4.0,3
B000N62U3G,4.0,3
B002T6VEQM,4.333333333333333,3
B00HCNFCR4,5.0,3
B002T6A5Q2,4.0,3
B002T68LP4,4.0,3
B004UUITE0,4.666666666666667,3
B005YEHKZU,4.333333333333333,3
B002T5OMSA,4.0,3
B00HCNCWBI,5.0,3
B0006PJQYK,5.0,3
B005YETA6M,5.0,3
B00A5U2LFM,4.333333333333333,3
B000N7S9Z8,4.333333333333333,3
B005YFHVR6,4.333333333333333,3
B005YIHWWM,5.0,3
B005ZGPW0C,5.0,3
B000N9HZ6U,5.0,3
B00HC9L574,5.0,3
B0045VUTEW,4.0,3
B002SR7ICG,5.0,3
B0045VW6CA,4.333333333333333,3
B005ZASLJ2,4.666666666666667,3
B0006OD4NK,4.666666666666667,3
B00J3YGXSW,4.0,3
B0045VXS4U,4.666666666666667,3
B005ZDYXW8,5.0,3
B005ZE43UO,5.0,3
B005ZENVZC,5.0,3
B000NB40CU,5.0,3
B005ZFAEEW,5.0,3
B005ZFW4YK,4.333333333333333,3
B005ZGMWDW,4.666666666666667,3
B002SQ5342,4.333333333333333,3
B00B3PG9HY,4.0,3
B00A53KGWY,4.333333333333333,3
B002SVHAPM,5.0,3
B005YXCWEK,5.0,3
B000N967OQ,5.0,3
B002SV8UXS,4.0,3
B005YZ1TTC,5.0,3
B0045V63SI,5.0,3
B00B3PE2LY,4.666666666666667,3
B0045V83AE,5.0,3
B000N97T16,4.0,3
B0006ON2IM,5.0,3
B002SRYH98,5.0,3
B002SRVPWU,5.0,3
B005Z4RJY6,5.0,3
B005Z57ZOE,4.666666666666667,3
B004USSACS,4.333333333333333,3
B0006OJPYM,5.0,3
B0060KN6H8,4.333333333333333,3
B00A42XQDW,4.333333333333333,3
B00A3CUPXW,4.333333333333333,3
B00D9SRCLU,4.0,3
B00D9T9JDS,4.333333333333333,3
B00620RPYG,4.666666666666667,3
B00A3DPHDY,4.0,3
B00D9U2TPW,5.0,3
B00467AOOU,4.666666666666667,3
B00D9UCSHQ,5.0,3
B002R3GZV6,5.0,3
B00A3DHYYE,5.0,3
B0006MVS1C,5.0,3
B00A3DFJSM,4.666666666666667,3
B00A3CUQM2,5.0,3
B00467B142,5.0,3
B002R2PO4G,5.0,3
B006276SY2,4.666666666666667,3
B00620X5I6,4.666666666666667,3
B00620X6UI,5.0,3
B00D9VLVMI,5.0,3
B002R2CSK4,5.0,3
B00A3CPEN8,4.333333333333333,3
B002R2ATUA,4.333333333333333,3
B002R28XAI,4.666666666666667,3
B002R28W9K,5.0,3
B00621J1RE,5.0,3
B000NGMR48,4.0,3
B00BS6ZP8C,5.0,3
B004679G7G,4.0,3
B00A3E063E,4.0,3
B00D9SFT4M,5.0,3
B00A3EZU7Q,5.0,3
B002RD3870,5.0,3
B000GCT20Q,4.0,3
B00A3IH8ZY,5.0,3
B00D9F5N64,4.666666666666667,3
B002RCZ798,5.0,3
B002RCZ784,4.333333333333333,3
B00D9GCK8W,4.0,3
B00D9GXP4A,5.0,3
B0061YXF56,5.0,3
B002RC184Q,5.0,3
B00D9KKXCI,4.666666666666667,3
B002RB1ETQ,5.0,3
B002R9METC,4.666666666666667,3
B000NGF39Y,4.666666666666667,3
B00620Q8SU,4.666666666666667,3
B00D9S4WIQ,4.333333333333333,3
B002R88WVW,5.0,3
B00620QNW6,5.0,3
B002R25GWG,4.666666666666667,3
B002R23GCI,5.0,3
B002QOOKPO,5.0,3
B0062EU5LC,4.0,3
B00DAG6ULE,5.0,3
B0062F3GJE,4.666666666666667,3
B002QRP6QI,5.0,3
B002QRLZFE,4.333333333333333,3
B004690C86,5.0,3
B002QPOJ40,4.0,3
B000GCRX3Y,4.666666666666667,3
B002QPABT2,4.0,3
B00A35PUL6,5.0,3
B0062FP4OE,4.0,3
B002QOS3KW,5.0,3
B0062FPFT8,4.333333333333333,3
B00D9XQWRK,5.0,3
B00DAGKUX8,4.666666666666667,3
B0062IDF2O,4.333333333333333,3
B0062J7SIK,5.0,3
B002QM6DEM,4.666666666666667,3
B0062J9KFE,4.0,3
B0062JUJVI,5.0,3
B0062JYUFY,5.0,3
B002QLZE7K,5.0,3
B0062K3QFS,4.0,3
B00B4ALGL2,4.0,3
B0062EOZW2,4.0,3
B002QU15PQ,5.0,3
B0062CHA7G,4.666666666666667,3
B00467D0VY,4.0,3
B00A37GODM,5.0,3
B00628SHY0,5.0,3
B002R174DG,4.666666666666667,3
B000C1ZF9S,5.0,3
B00629JBQM,4.0,3
B000NHDG9M,5.0,3
B002QYG2E6,4.666666666666667,3
B002QYA6HA,4.666666666666667,3
B002QY86E0,4.333333333333333,3
B000NHN282,5.0,3
B00A35XWHK,5.0,3
B00A35XUCM,4.666666666666667,3
B0062AM32U,4.0,3
B002QXO5XC,4.0,3
B0006LU82S,5.0,3
B000NHNZE8,5.0,3
B002QWFISO,4.333333333333333,3
B0006LU80A,5.0,3
B000C1ZFB6,5.0,3
B004UMP7ES,4.666666666666667,3
B0046755AI,4.666666666666667,3
B00D99X8OE,5.0,3
B00461EFBE,4.666666666666667,3
B00D8XL3DO,4.0,3
B0060NKME0,4.666666666666667,3
B0006NYF3O,4.666666666666667,3
B0060NQ0PU,4.333333333333333,3
B00462VD0O,4.0,3
B0006NYERG,5.0,3
B000GCUEP8,4.0,3
B002RTS4HS,4.666666666666667,3
B002RTMEK6,5.0,3
B0060OMQAW,5.0,3
B0046316QO,4.666666666666667,3
B002RTE2BU,5.0,3
B00A3YILB8,5.0,3
B000NCX444,4.333333333333333,3
B00A3XUNLA,5.0,3
B0060RQQ4G,4.666666666666667,3
B0060P70SY,4.333333333333333,3
B002RT71V8,5.0,3
B000GCUCVO,4.333333333333333,3
B002RT70Z0,5.0,3
B0006NY20K,5.0,3
B002RT70XC,5.0,3
B004UPB40G,4.666666666666667,3
B00464F0BU,4.333333333333333,3
B00464GDKC,4.666666666666667,3
B000NCWZYY,5.0,3
B000NCVSLU,5.0,3
B00D8PT9FQ,5.0,3
B00D8JET0C,4.666666666666667,3
B002RZW7IY,5.0,3
B0060KVEFY,4.333333333333333,3
B00D8JN7C8,4.333333333333333,3
B00BSDZYNQ,5.0,3
B000NCTTRK,5.0,3
B002RX7K2Y,5.0,3
B0060LF0YE,4.0,3
B000NCTVKU,5.0,3
B004629W8O,5.0,3
B0060M4Y22,4.0,3
B0060M923I,4.0,3
B002RW5ZNG,4.666666666666667,3
B002RW3U9M,5.0,3
B0060MPLC4,5.0,3
B0060MWKSW,4.333333333333333,3
B00BSDZ1JS,4.0,3
B00D8PT7IA,4.0,3
B0060R07C8,4.0,3
B00HB83G82,4.666666666666667,3
B0061R5SW6,4.666666666666667,3
B000NG9WSC,4.333333333333333,3
B00D918EOG,5.0,3
B004UO2JV0,4.333333333333333,3
B002RGSPX4,4.333333333333333,3
B002RGKJ3S,4.666666666666667,3
B002RDHXFS,4.333333333333333,3
B00D93B98M,4.666666666666667,3
B002RDF1G6,5.0,3
B00466YI8E,5.0,3
B000NEEFYA,4.333333333333333,3
B002RD9OWI,4.0,3
B002RD80OQ,4.666666666666667,3
B002RD7VEG,5.0,3
B0006NVZXC,4.333333333333333,3
B000GCT38C,5.0,3
B0061VV67I,4.666666666666667,3
B0006NVZBO,5.0,3
B0061WHEVO,4.666666666666667,3
B0006NXF3U,5.0,3
B00466LVCK,5.0,3
B004UO3NC4,5.0,3
B00464KF10,5.0,3
B000NFCX1Q,4.0,3
B000C1ZD7M,4.333333333333333,3
B000NG3I3M,4.0,3
B002RS6JYE,4.333333333333333,3
B006103974,5.0,3
B00465WYL8,5.0,3
B002RS6JJE,4.0,3
B006112HJ4,4.0,3
B000C1ZDG8,4.666666666666667,3
B002RS6J0S,4.666666666666667,3
B000NG69EW,5.0,3
B002ROBBLY,5.0,3
B00BS9KZKC,4.0,3
B0061F3MUI,5.0,3
B000NG7ZV8,5.0,3
B000GCTAMG,4.333333333333333,3
B000NG808A,5.0,3
B002RL8NJ0,4.333333333333333,3
B00D8ZD1LO,4.666666666666667,3
B000NG90E8,4.666666666666667,3
B0002Q8WA2,4.333333333333333,3
B003YBXQS0,5.0,3
B000PHVQZQ,5.0,3
B001SK3GP2,4.0,3
B004C5MVGU,4.666666666666667,3
B00B95E2LS,4.333333333333333,3
B000PHZ14S,4.0,3
B001QLI1VW,4.333333333333333,3
B0002DO3OO,4.666666666666667,3
B001VJQEDG,4.333333333333333,3
B004AROC26,5.0,3
B001VJZEXW,4.666666666666667,3
B00B7KEE18,4.333333333333333,3
B001SM4V5E,4.666666666666667,3
B006ZA9CD0,5.0,3
B001VIYACE,5.0,3
B001VIXACA,4.333333333333333,3
B0002DO2XQ,4.333333333333333,3
B001VIRZW6,4.666666666666667,3
B001OVLGJ8,5.0,3
B006Z9DE8A,5.0,3
B004BRW4Z2,4.333333333333333,3
B004ARMDUE,5.0,3
B001VOUNRE,4.0,3
B0002DO54C,5.0,3
B0002DO4RU,5.0,3
B006Z8E98A,4.666666666666667,3
B000QTD3FY,5.0,3
B006Z93E9O,4.666666666666667,3
B001VK6F2U,5.0,3
B004R7LEVQ,4.666666666666667,3
B00JJC5GLI,5.0,3
B001OTQO6U,4.0,3
B009QGOIAW,5.0,3
B00E0M3TZC,5.0,3
B00E8S61IA,4.666666666666667,3
B001SM9CI0,4.333333333333333,3
B00793Q9G0,5.0,3
B001OZU9YW,5.0,3
B006ZB75D8,4.666666666666667,3
B001VG3YZU,4.333333333333333,3
B009QCZ1PW,4.666666666666667,3
B001OY9TXA,5.0,3
B004ARPQXU,4.666666666666667,3
B001P062RO,5.0,3
B0002DNYHQ,4.333333333333333,3
B009L771KU,5.0,3
B000FPB2FC,4.333333333333333,3
B006ZD42HI,5.0,3
B004ARPY8M,4.0,3
B009NUCGBY,4.333333333333333,3
B001P0XCMW,4.0,3
B00EARL0P8,5.0,3
B001SNFFA8,4.666666666666667,3
B000QSRHRU,5.0,3
B00H2BKV0E,5.0,3
B001OWHUGK,5.0,3
B0073XORG0,4.333333333333333,3
B000PHZBGQ,5.0,3
B001VHKG9Q,5.0,3
B004RUH7VO,4.666666666666667,3
B000Q1FAOO,4.666666666666667,3
B001VGOG34,5.0,3
B004RUBFTY,5.0,3
B001OTE79Q,5.0,3
B000PHVWHI,4.0,3
B001W7XT08,4.0,3
B006YY8G8E,5.0,3
B001W7ALV8,4.0,3
B004RXD19S,4.333333333333333,3
B000QU4VA4,4.0,3
B006YYJF20,4.0,3
B0079JR5US,4.666666666666667,3
B001QMVGM2,5.0,3
B00E0CZ7A2,5.0,3
B0079HRLMM,4.333333333333333,3
B009L3MU8C,4.666666666666667,3
B00740GKUS,4.0,3
B006YZPV8G,4.666666666666667,3
B001OOLP1E,4.333333333333333,3
B000Q2Y0QM,5.0,3
B0079KDS8U,5.0,3
B001W9UI28,4.333333333333333,3
B001W9UHYW,4.333333333333333,3
B001ON6TRA,5.0,3
B001ON934G,4.0,3
B006YULDOW,5.0,3
B004AQDHL4,4.333333333333333,3
B001OO0PEM,4.666666666666667,3
B001W9QS7C,5.0,3
B001W9QIM2,4.666666666666667,3
B000Q2Y24M,4.0,3
B001W9ALQQ,5.0,3
B006YVAIVK,4.333333333333333,3
B000CCMP2M,5.0,3
B0079HNR9I,5.0,3
B000QTGJ4Q,4.333333333333333,3
B004BEFQUU,4.333333333333333,3
B001SIIY2O,5.0,3
B001VUP19I,4.333333333333333,3
B001OR6UDO,4.333333333333333,3
B009L4Z010,4.0,3
B00E0JSTV4,5.0,3
B004ARLY86,4.0,3
B00EAY76ZE,5.0,3
B001ORXXYI,5.0,3
B001OPJUFQ,5.0,3
B001OS5KVG,5.0,3
B004BEE2GE,4.0,3
B0075PXD0W,4.0,3
B0073YHCUM,4.666666666666667,3
B00797NSWO,4.0,3
B006Z78KWC,4.666666666666667,3
B004R0RVII,4.666666666666667,3
B0073Z4TNE,5.0,3
B004AR81CI,5.0,3
B007408QD2,4.666666666666667,3
B001OQVQAC,5.0,3
B001SFOTMG,4.666666666666667,3
B0076OIRW6,4.666666666666667,3
B007404LAY,4.666666666666667,3
B001W2O4ZM,4.0,3
B000FQNQ1O,4.666666666666667,3
B000PHVKWA,4.0,3
B009NSXKWU,4.666666666666667,3
B006Z179D4,4.666666666666667,3
B0079DPSP8,4.333333333333333,3
B001VZ3HSA,4.666666666666667,3
B004AR7YWQ,5.0,3
B001SHSTE8,4.0,3
B001QMG9Z6,4.333333333333333,3
B006ZD9NJK,4.333333333333333,3
B001P1IZQY,4.333333333333333,3
B00028OPAQ,5.0,3
B00E5K3N2S,5.0,3
B004AS1O30,4.333333333333333,3
B0073RSIWA,4.333333333333333,3
B0078K5U4G,4.666666666666667,3
B009LEAS76,5.0,3
B001V9LV0W,4.333333333333333,3
B009LE7D3S,5.0,3
B000FL44WY,4.333333333333333,3
B001V9LUX0,5.0,3
B004BDZ7V4,4.0,3
B001V9LUTY,4.666666666666667,3
B000PI38TW,4.666666666666667,3
B001P5E7N0,5.0,3
B00E5JE3Z0,5.0,3
B001V9MWZK,4.0,3
B001V9R6Y2,5.0,3
B009LCOCCK,4.333333333333333,3
B009M9T128,4.0,3
B004RRHQNG,5.0,3
B009NUNZNM,4.666666666666667,3
B004RRHNHK,4.333333333333333,3
B000CFG2WI,5.0,3
B001SV9LYG,5.0,3
B001V9OG3G,4.666666666666667,3
B001P5AEP0,4.666666666666667,3
B001V9NGZK,4.333333333333333,3
B0078N1YC0,5.0,3
B00H27HJ3A,4.333333333333333,3
B000FL44CO,5.0,3
B009LDPDM2,5.0,3
B000PI395U,4.0,3
B006ZXU3ZS,4.0,3
B00GYGCSYA,5.0,3
B0002DMPHG,4.666666666666667,3
B000PI7DJS,4.666666666666667,3
B001V98IIA,4.0,3
B001SYWX0M,5.0,3
B001V8BGD0,4.333333333333333,3
B00706KNSG,5.0,3
B000FQNDHQ,4.333333333333333,3
B0078FQCC0,4.333333333333333,3
B009LH3KNW,5.0,3
B009PPN5X0,4.666666666666667,3
B001SYYI3M,5.0,3
B0078G7RU0,4.333333333333333,3
B004ATQM4K,5.0,3
B007025FP6,4.333333333333333,3
B001P5PDEC,4.333333333333333,3
B0002DMVIE,4.0,3
B00JJKCYOC,5.0,3
B0078HTUXG,5.0,3
B00025H5ME,5.0,3
B00EA890ZO,5.0,3
B001V9LPZI,4.0,3
B001SYUV4M,4.333333333333333,3
B007009VDA,5.0,3
B001SYUVEW,5.0,3
B00B903QQ0,5.0,3
B00E1L8QIC,4.666666666666667,3
B0073PRS6O,4.333333333333333,3
B001P5LGJ8,4.0,3
B009PQJNAS,4.0,3
B00GYG48NO,4.0,3
B000Q0QS00,5.0,3
B0078PAARI,4.666666666666667,3
B001VEHY4O,4.0,3
B000QS4GPG,4.333333333333333,3
B000CCZXIA,5.0,3
B001VD7VCU,5.0,3
B001VD776K,5.0,3
B000PI151U,5.0,3
B001VD5XMK,5.0,3
B006ZL6G24,5.0,3
B006ZM2VKE,5.0,3
B006ZMS7F2,4.0,3
B00E8V2WVC,5.0,3
B001VD2AS0,4.666666666666667,3
B001P2LZO2,5.0,3
B004RSQ320,5.0,3
B000PI135I,5.0,3
B004ARRH3W,4.333333333333333,3
B007906XA0,5.0,3
B009MAAOFK,4.666666666666667,3
B004ARQ2MY,5.0,3
B001VEFJ00,4.333333333333333,3
B006ZFQN3M,5.0,3
B00E8US44W,5.0,3
B0076OVQAQ,4.333333333333333,3
B001VDEOJI,4.0,3
B00022F1EQ,4.666666666666667,3
B004RCV2HC,5.0,3
B004C487T6,4.0,3
B0078XYJD6,4.666666666666667,3
B009L8L8EO,4.333333333333333,3
B009Q8195M,5.0,3
B001QJP5IQ,4.666666666666667,3
B001P4BK4U,5.0,3
B000FL445Q,5.0,3
B006ZOR4RM,4.666666666666667,3
B00BOK6YGY,5.0,3
B00E5LXETO,5.0,3
B000PI19IY,5.0,3
B001P46NL0,4.666666666666667,3
B001V9T1AO,4.666666666666667,3
B0078QX1ZK,4.666666666666667,3
B0078XB128,4.333333333333333,3
B0078QE73A,5.0,3
B0076PFWL4,5.0,3
B00GYW0TGS,4.0,3
B001V9SZF6,5.0,3
B00JP9FDSG,4.666666666666667,3
B009Q0DX2W,5.0,3
B000QM4PZI,5.0,3
B006ZT3L38,4.333333333333333,3
B009LBY27G,4.333333333333333,3
B004R65260,4.333333333333333,3
B0076PC8PW,5.0,3
B001VA47PM,5.0,3
B004ART67C,4.666666666666667,3
B001QJP03Q,5.0,3
B001VBH6P4,4.0,3
B00EAMM8FE,4.0,3
B0076P7WQC,5.0,3
B00EALQFJ0,4.666666666666667,3
B001ST9VW0,4.333333333333333,3
B00H28SJM4,5.0,3
B004ARTO2Y,5.0,3
B004R7LE7A,4.333333333333333,3
B004RSK0TW,4.666666666666667,3
B00E8VJJVS,5.0,3
B001P38VKM,5.0,3
B001STH1SQ,4.666666666666667,3
B004ARTSGQ,4.666666666666667,3
B00IGNSGKE,4.333333333333333,3
B004AQCBJS,5.0,3
B00H2TH7GW,4.333333333333333,3
B0020MM9BO,4.333333333333333,3
B006WZA31I,4.333333333333333,3
B0020MM720,4.666666666666667,3
B00028MTHW,4.333333333333333,3
B000Q31NLQ,5.0,3
B001OBVOOA,4.666666666666667,3
B00BNO9KPS,4.666666666666667,3
B004AJ08WW,4.666666666666667,3
B0076LXMO2,4.333333333333333,3
B000Q31IBQ,4.0,3
B0020MM6TY,4.333333333333333,3
B006WZ9NMI,4.666666666666667,3
B000PB24AS,4.333333333333333,3
B006WV3TZO,4.333333333333333,3
B00H2WWW78,4.666666666666667,3
B00B97TTSM,4.666666666666667,3
B001QP4NEW,4.666666666666667,3
B00BOJCYTG,4.333333333333333,3
B000CIMIT6,4.666666666666667,3
B0020MMAS6,5.0,3
B00DYPINKW,5.0,3
B00H01QG96,4.333333333333333,3
B001OAWJ3G,4.0,3
B001S46Q96,4.333333333333333,3
B0020MMA0E,4.666666666666667,3
B00JLXRKDC,4.666666666666667,3
B001S5DZRQ,4.666666666666667,3
B004C9XRO6,4.333333333333333,3
B00JI7AI3A,4.666666666666667,3
B0020K78BM,4.666666666666667,3
B004RC8GNA,4.666666666666667,3
B00EBGEI5C,4.333333333333333,3
B000Q85DLM,4.666666666666667,3
B00BNOV8TE,5.0,3
B009KTNX92,4.666666666666667,3
B0020KCBL4,5.0,3
B00B97RS8U,4.666666666666667,3
B00DYZPR38,5.0,3
B004S0TBIU,5.0,3
B00B8AEG7Y,5.0,3
B00DYZSTQ0,5.0,3
B004C8OWUA,5.0,3
B004QZ4VCS,5.0,3
B001QOGXOQ,4.666666666666667,3
B001OERIUG,5.0,3
B0020LYHX8,4.666666666666667,3
B00EBH3BSQ,4.333333333333333,3
B0002F1MAA,5.0,3
B0020MM6GC,5.0,3
B00DYVOTS6,5.0,3
B000Q85DK8,4.666666666666667,3
B009R4735A,5.0,3
B001ODZB92,4.333333333333333,3
B0020MM644,5.0,3
B00JI9L73I,5.0,3
B001OE5VUU,4.666666666666667,3
B004AK2KGI,5.0,3
B0020MCVKI,5.0,3
B006X1WZ0I,4.0,3
B007A4W0Q6,5.0,3
B006WUZLYM,4.0,3
B00BNPLJC4,4.333333333333333,3
B0002FBQV0,5.0,3
B001QT5FNQ,4.666666666666667,3
B0020MMGTE,4.333333333333333,3
B0020MMGPI,4.666666666666667,3
B009R8Z74K,4.333333333333333,3
B00021W1OA,4.666666666666667,3
B007ALZ6SI,4.666666666666667,3
B004BGD92K,5.0,3
B0020MMGLM,4.0,3
B004S33PP2,4.666666666666667,3
B00B77KJMY,4.666666666666667,3
B00EBZAD8O,5.0,3
B004BRNNBQ,4.666666666666667,3
B00028LWDO,4.333333333333333,3
B0020MMGB2,4.333333333333333,3
B00H2YT3IW,5.0,3
B00028LXGK,5.0,3
B001S2TPFA,5.0,3
B004AIAQ48,4.666666666666667,3
B001O7CO8O,5.0,3
B009NOF9Q4,4.0,3
B00BOJC446,4.0,3
B0020XSJA8,4.666666666666667,3
B001O6MFJ8,4.333333333333333,3
B0002FC7O0,4.0,3
B000CEEZ8M,5.0,3
B001O6Y9HY,5.0,3
B007AMIGVQ,4.333333333333333,3
B007AMEPG6,5.0,3
B001S00LRI,5.0,3
B000P9FP9M,4.333333333333333,3
B001S02AIG,4.333333333333333,3
B001O8C5FK,5.0,3
B006WP9EDQ,5.0,3
B009R8O46C,4.0,3
B000PAW1XY,5.0,3
B009NO0PJ0,4.666666666666667,3
B007AIZA2I,4.333333333333333,3
B001OA142S,5.0,3
B0020MMDS8,5.0,3
B006WR2H38,4.666666666666667,3
B00025WXCQ,5.0,3
B0020MMDOM,5.0,3
B006WR78ZA,5.0,3
B004QXGJRA,4.666666666666667,3
B004QXNWPM,5.0,3
B000FL21YW,5.0,3
B000Q337LK,5.0,3
B006WUBGXW,5.0,3
B004CB2998,4.333333333333333,3
B00025WXDU,5.0,3
B000PA3P4S,4.666666666666667,3
B009NO0P7C,5.0,3
B004AIB1HO,5.0,3
B00BNLHUPI,4.666666666666667,3
B00IGLA8DY,4.333333333333333,3
B004AIB2FA,5.0,3
B001O8PTC6,5.0,3
B0020MMF72,4.666666666666667,3
B0020MMEPU,4.666666666666667,3
B00E645O48,4.333333333333333,3
B006WQDY7C,4.666666666666667,3
B0002F2THU,5.0,3
B00BNLRHF6,5.0,3
B00E8O8MOK,4.666666666666667,3
B001O8VL3M,4.0,3
B009R83TCM,5.0,3
B00E5UIOAO,4.666666666666667,3
B004C8J9Y4,4.0,3
B006YUFJGK,5.0,3
B009KZTS8G,4.666666666666667,3
B00DZVCHR0,4.333333333333333,3
B00BNRV648,4.666666666666667,3
B000PHAWKG,5.0,3
B004BRTZWC,5.0,3
B000FL221O,4.666666666666667,3
B001XILJ8U,5.0,3
B001OK483U,5.0,3
B00B95WNO6,4.333333333333333,3
B001WPMSAM,5.0,3
B000QUIBDC,4.333333333333333,3
B0002EAZ54,4.0,3
B001XINFZ0,4.0,3
B0002227WK,5.0,3
B00DZRGOFK,4.666666666666667,3
B006Y0XAMA,4.333333333333333,3
B006Y0XQYM,4.333333333333333,3
B000QUKA4U,5.0,3
B001XW85SI,4.0,3
B00DZTKQ0M,5.0,3
B00028NDRM,4.333333333333333,3
B001SAQO9M,4.0,3
B001XTXIBK,5.0,3
B001XOUANE,5.0,3
B00BOU8NH2,4.333333333333333,3
B004C7QZEM,5.0,3
B009L104CI,4.666666666666667,3
B004BFVIQU,4.333333333333333,3
B009L13N9Y,5.0,3
B009L13OZ2,5.0,3
B006YQM1FG,4.333333333333333,3
B0079MMU14,4.666666666666667,3
B001SBADB6,4.333333333333333,3
B00B8TALNS,5.0,3
B00DZZJB9S,5.0,3
B001WAD35G,4.666666666666667,3
B009NQRIIE,5.0,3
B001W9YOPA,4.0,3
B001QN5BUY,5.0,3
B009L14C08,4.0,3
B000QU6R88,4.333333333333333,3
B004AQAWTO,4.0,3
B0002E1UIK,5.0,3
B006YLZ8M4,4.666666666666667,3
B004RYT3JE,4.333333333333333,3
B006YJVGIQ,4.666666666666667,3
B004AQ0YZG,4.0,3
B001WAKUVQ,5.0,3
B004RYZSWK,4.333333333333333,3
B001WAKURU,4.0,3
B001OM7H3Q,4.666666666666667,3
B006YJHUY0,4.333333333333333,3
B00H2F85H6,5.0,3
B001WAKU52,5.0,3
B001SB4V1Y,4.666666666666667,3
B001WAKU0W,5.0,3
B001YDTD2S,4.666666666666667,3
B000FQRWOQ,4.333333333333333,3
B007A1PGHE,4.333333333333333,3
B00207GTU6,5.0,3
B00EBBC5FM,5.0,3
B00205Y6DK,4.666666666666667,3
B000QUL0EY,5.0,3
B00205U17U,5.0,3
B006X7W2ZA,4.0,3
B004S0ETK0,4.666666666666667,3
B0002EZKQ8,5.0,3
B006X99N32,5.0,3
B00203SVS8,5.0,3
B000PE6C4O,5.0,3
B009QZHZ6W,4.666666666666667,3
B006XBP78K,5.0,3
B006XD123W,4.666666666666667,3
B00B9615HQ,5.0,3
B004ALNINQ,5.0,3
B006X3U2HE,5.0,3
B009R2TCAG,4.333333333333333,3
B006X3EXX8,4.666666666666667,3
B007A32U9O,4.333333333333333,3
B001OHX6EA,5.0,3
B009KWEG1I,5.0,3
B00744LEM8,4.666666666666667,3
B006X41WGI,5.0,3
B0020BYWJW,4.666666666666667,3
B007A2FFN8,4.666666666666667,3
B0076NOHGC,4.0,3
B001OI3V7G,4.333333333333333,3
B00DZ9TCU2,5.0,3
B001YZOBJ6,4.666666666666667,3
B00B8ABJEC,5.0,3
B001Z29VTI,4.0,3
B00BNQI2V4,4.0,3
B006XKD1PC,4.333333333333333,3
B001YZY7QS,5.0,3
B009KXSHBC,4.0,3
B006XMHGS8,5.0,3
B004AM6RTW,4.333333333333333,3
B009KY59ZI,4.333333333333333,3
B001OI8FHM,5.0,3
B000FP3R96,4.666666666666667,3
B00DZQ0BG4,4.666666666666667,3
B001Z2JV1G,4.333333333333333,3
B009KWKSPG,4.666666666666667,3
B006XE1JQQ,4.0,3
B00E8OU3QK,5.0,3
B000Q2ZQ56,5.0,3
B00DZAW686,4.0,3
B006XFIQD4,4.666666666666667,3
B009MCRPLE,5.0,3
B000QUKAGI,5.0,3
B000PETXH2,4.333333333333333,3
B00JIILK6I,4.0,3
B006XHAMB6,4.0,3
B00744LDT2,4.0,3
B001OI5IX6,4.0,3
B0002EG904,4.0,3
B009QZBG2Q,5.0,3
B004AUH1AS,4.333333333333333,3
B000QJBMGQ,5.0,3
B009OUA8Z4,4.333333333333333,3
B00H1CE3IA,5.0,3
B001TX44D6,4.666666666666667,3
B001T8QHS6,4.666666666666667,3
B001TWPNXW,5.0,3
B001PQDBA4,5.0,3
B00E4225E4,5.0,3
B001T8QICQ,5.0,3
B000PT9AUW,5.0,3
B009OUA8HC,4.333333333333333,3
B004BUV8V0,4.0,3
B0072A8YSQ,4.666666666666667,3
B0077LMEVS,5.0,3
B000PTRC98,5.0,3
B00727PTG4,4.333333333333333,3
B00738M5ZU,5.0,3
B000QF4TWY,4.333333333333333,3
B0077QVAYK,4.333333333333333,3
B00B86YR40,4.0,3
B0077QU51O,5.0,3
B00725AC36,5.0,3
B000QF4U0A,4.666666666666667,3
B000PY1SNO,4.333333333333333,3
B007739GUS,4.666666666666667,3
B000QC368U,5.0,3
B001T8QHHW,5.0,3
B001PP3P56,5.0,3
B000PSYU76,4.333333333333333,3
B001PPTBMM,4.0,3
B00E4XTKF0,5.0,3
B0077GWO0O,5.0,3
B001TSJDYQ,4.666666666666667,3
B00E45N9A0,5.0,3
B001T8S7SY,5.0,3
B000PY0K06,4.666666666666667,3
B000PUE2PE,4.666666666666667,3
B009ORTUDI,4.666666666666667,3
B009ORYD1C,5.0,3
B000FQ5QS0,4.0,3
B0077G89F8,4.666666666666667,3
B001PSZK88,4.666666666666667,3
B009ORIJ0S,5.0,3
B004RH5FG6,5.0,3
B009O2FCYE,5.0,3
B001TSC18Q,4.666666666666667,3
B004B8IKGS,4.666666666666667,3
B00738I21G,4.666666666666667,3
B0077LLO1E,5.0,3
B0072CO9JM,4.0,3
B001PR79JC,4.666666666666667,3
B001PRF6G0,5.0,3
B0077J4G4S,4.0,3
B001T8S7MK,4.333333333333333,3
B001TSMWHG,4.0,3
B000FQBCDS,4.666666666666667,3
B001TSLXX0,5.0,3
B000QF4SS4,5.0,3
B00JOTOCS4,4.666666666666667,3
B00H1DVEAY,4.666666666666667,3
B007211C7A,5.0,3
B0071Y7L50,4.666666666666667,3
B000QF6YAE,4.666666666666667,3
B007200GKA,5.0,3
B00H1LSFVC,4.666666666666667,3
B001T8MT2Y,4.666666666666667,3
B001PN9KQG,5.0,3
B009LNZMP0,4.666666666666667,3
B00770P3YE,4.666666666666667,3
B000CEBOCW,4.666666666666667,3
B001U1Z0MQ,4.0,3
B001U1S56Y,4.0,3
B0077RU4AA,4.666666666666667,3
B000FLLQVG,4.0,3
B00770P5SS,5.0,3
B004RPWZFM,5.0,3
B001U02HOG,4.333333333333333,3
B000PY5OO8,5.0,3
B004RGA0C6,4.0,3
B0071SUAJU,5.0,3
B0077RZNCO,4.333333333333333,3
B004B6ARRU,5.0,3
B000PRE9R8,5.0,3
B009P0LODI,4.666666666666667,3
B001U3M7K2,4.0,3
B001U3B3K2,4.333333333333333,3
B001U33PSU,4.0,3
B000PY5O1Q,5.0,3
B0071WJR36,4.0,3
B000PRFWI8,5.0,3
B001PNNBHA,5.0,3
B001PNOU7U,4.333333333333333,3
B001U0MCSM,5.0,3
B000PSUW28,4.333333333333333,3
B00BNYXQZS,5.0,3
B00E3VC51Y,4.333333333333333,3
B00771IJYY,4.0,3
B001U0OIGQ,4.333333333333333,3
B000PSWUJQ,4.666666666666667,3
B007242M2Q,5.0,3
B007242MIU,4.0,3
B007242MTO,4.333333333333333,3
B007242NLG,4.0,3
B00E9O4Q8K,5.0,3
B000PSWX5M,4.333333333333333,3
B000QF5EOQ,4.333333333333333,3
B00771UWTY,5.0,3
B000FL9ELU,4.333333333333333,3
B000CDFJ74,5.0,3
B007242CCG,5.0,3
B001U1Q4US,4.666666666666667,3
B00E9PO2PG,4.0,3
B00E3UVXK4,5.0,3
B001T8OD5U,5.0,3
B0073AUFQ4,4.666666666666667,3
B00770YEWQ,4.666666666666667,3
B00024L6XO,4.666666666666667,3
B001T8OFMG,4.666666666666667,3
B001T8OFNU,4.333333333333333,3
B004RGRD1M,5.0,3
B00E3V0BGU,5.0,3
B007242BTA,5.0,3
B00E3V3TBY,5.0,3
B009LQL57G,4.666666666666667,3
B001TSBH1S,4.0,3
B000PUN58O,4.333333333333333,3
B001PYVM16,4.666666666666667,3
B00GYSP71O,4.333333333333333,3
B000CE8R4A,4.0,3
B00E4MS77I,5.0,3
B001TJ4ML4,4.0,3
B0072P2COS,4.666666666666667,3
B001PZRUG6,4.333333333333333,3
B000PXWEII,4.333333333333333,3
B001Q51RWS,5.0,3
B001TJ2M16,4.333333333333333,3
B004RKKUK4,5.0,3
B000CER476,5.0,3
B000QDC7PM,5.0,3
B000QD9NJU,4.666666666666667,3
B001PY20LM,5.0,3
B000CE8QVE,4.0,3
B001TA4WH2,4.333333333333333,3
B001TJUZDS,5.0,3
B0077CR714,4.666666666666667,3
B001PTP7UI,5.0,3
B0072JV0BA,4.333333333333333,3
B0072L1X3I,5.0,3
B001PUP3HY,4.333333333333333,3
B000CE8QSC,4.0,3
B001TJNRFQ,5.0,3
B001Q54H0W,4.333333333333333,3
B0072KNHOW,4.666666666666667,3
B001TIBJNO,4.666666666666667,3
B009OICPLG,4.333333333333333,3
B0072Q1CPW,4.333333333333333,3
B000PWLZES,4.333333333333333,3
B00733RP96,5.0,3
B009OFD9I2,4.666666666666667,3
B000CEAO7I,4.333333333333333,3
B0072XKWEM,4.333333333333333,3
B00E9C9UE2,5.0,3
B009LZTODY,4.666666666666667,3
B001TDB9WA,5.0,3
B00B86KO42,4.666666666666667,3
B004BCGKOI,5.0,3
B009OAMNMU,5.0,3
B00731483O,4.666666666666667,3
B009OAFP34,5.0,3
B00733IG8K,4.0,3
B004RJPLQ8,4.333333333333333,3
B001THO08Q,4.333333333333333,3
B000PX0ZOS,4.333333333333333,3
B000QD3EVI,5.0,3
B009OHWFCQ,4.333333333333333,3
B001Q2AURE,4.666666666666667,3
B000PW835C,4.0,3
B001TI07PA,4.333333333333333,3
B00E4PZCMS,5.0,3
B000CEAWBQ,5.0,3
B000QCX7A2,5.0,3
B000PW9OF0,4.666666666666667,3
B00776ZXSE,5.0,3
B00H11813E,4.333333333333333,3
B00E4Q3NX2,4.666666666666667,3
B001Q3ZBYU,4.666666666666667,3
B004RJSWV4,5.0,3
B000FLI6KK,4.0,3
B009OG7NOW,4.333333333333333,3
B009O560CE,5.0,3
B009OO5BMK,4.666666666666667,3
B0072D1PS4,5.0,3
B004BABPP4,5.0,3
B00E4WNIVI,5.0,3
B004ROY41Q,4.333333333333333,3
B000QF39VG,4.666666666666667,3
B000PVHW6O,4.333333333333333,3
B001T8UDSG,4.666666666666667,3
B001TPZ3CA,5.0,3
B00E9G1XBG,4.333333333333333,3
B009OMPT6A,5.0,3
B001TO8UL2,4.666666666666667,3
B001TO8H1U,4.333333333333333,3
B004BAPLY0,4.666666666666667,3
B004BAAT6K,4.333333333333333,3
B00028PES8,4.0,3
B004RPFJAA,5.0,3
B00E4CB40A,4.0,3
B00773J5NG,4.0,3
B001TRTGJO,4.0,3
B001TRPR9M,5.0,3
B00E4DL76U,5.0,3
B00E4DEELA,5.0,3
B001TR0JQS,4.0,3
B00773J74S,5.0,3
B00023EP6A,5.0,3
B00B8VT28G,4.666666666666667,3
B001TQWG42,5.0,3
B001TQUZBS,5.0,3
B00E4DG82I,4.666666666666667,3
B004BARAUI,4.666666666666667,3
B009OM7634,5.0,3
B00023IYNA,4.333333333333333,3
B000QEAH3A,4.333333333333333,3
B0072FU8O4,4.666666666666667,3
B001PTFYF6,4.333333333333333,3
B0072J320M,5.0,3
B00E4WIU48,5.0,3
B0072JA980,4.666666666666667,3
B001Q55R7O,4.666666666666667,3
B000FQ86QY,4.666666666666667,3
B00JKULIYS,5.0,3
B001PTG0PO,5.0,3
B004RHKZBG,4.333333333333333,3
B00028POOC,5.0,3
B001PTFXP2,5.0,3
B004RHGW4A,4.333333333333333,3
B001TKKY6U,5.0,3
B000CE8IU8,4.666666666666667,3
B000CE8KYM,4.333333333333333,3
B0072FTNYA,5.0,3
B009LT4PFW,5.0,3
B000PXZZVG,4.0,3
B001TLS1T6,4.333333333333333,3
B00B8UW6JE,5.0,3
B001T8UFT8,5.0,3
B00H0P7Y3O,5.0,3
B0072FTOG2,4.666666666666667,3
B00B8UO19M,4.333333333333333,3
B001TLKXI8,5.0,3
B001TKWLDY,5.0,3
B0072FU6T6,5.0,3
B0072FU74A,4.333333333333333,3
B000QEBM8E,5.0,3
B00E3P2U5G,4.666666666666667,3
B009M3N8E6,4.666666666666667,3
B001PBLARK,4.666666666666667,3
B00E275OEE,4.666666666666667,3
B000PKDUNE,5.0,3
B004R6YHTS,5.0,3
B001UO65R2,4.0,3
B0078555R8,4.333333333333333,3
B00B7UBNOO,4.666666666666667,3
B00714P0US,5.0,3
B000FLPGG2,4.666666666666667,3
B00EA5A8D0,5.0,3
B001UNRMV6,5.0,3
B001PBMABA,5.0,3
B004AXPMME,4.666666666666667,3
B0002DLMHK,4.666666666666667,3
B000Q967HK,4.666666666666667,3
B00JLKV4NW,5.0,3
B00E26RLAU,4.0,3
B001PAPYKK,4.0,3
B00BOJFQGO,5.0,3
B004AWRYXA,4.333333333333333,3
B000FQMX7M,4.666666666666667,3
B001UOEK2E,5.0,3
B00710I3V0,5.0,3
B000PK4XK8,4.0,3
B009PJ8EIM,4.666666666666667,3
B009PJ3BTY,4.0,3
B001T6AKMM,4.666666666666667,3
B007152JOW,4.333333333333333,3
B001UN6ZYG,5.0,3
B001QDM0AI,4.666666666666667,3
B001ULBOS0,4.0,3
B001PDMIOC,4.666666666666667,3
B007825ARQ,4.666666666666667,3
B004AYGQ4G,4.333333333333333,3
B004AYMWRQ,4.333333333333333,3
B009M7D2NO,5.0,3
B001UKQ7DI,4.0,3
B00E2W7BR2,4.0,3
B001PDQ3VQ,5.0,3
B009PCS57Y,4.0,3
B00B8ZK9P2,4.666666666666667,3
B001UK6T36,5.0,3
B00E2YHLQ6,4.333333333333333,3
B001T75ZX0,4.0,3
B000QFPXL0,5.0,3
B001T6I49S,5.0,3
B009LLDKMY,5.0,3
B009PG46QO,5.0,3
B001UN5JVQ,4.333333333333333,3
B00784CUTA,4.0,3
B00B7UN5FO,4.666666666666667,3
B001PBRF9C,5.0,3
B009PF1PB4,5.0,3
B009PEW48S,4.666666666666667,3
B004RRDNQK,5.0,3
B009PEVNEE,4.0,3
B004RRDNMO,4.666666666666667,3
B0002DM5T4,5.0,3
B001SYZXLI,4.333333333333333,3
B000QHPPDY,5.0,3
B001V2IC9M,4.0,3
B001V2G4ZG,4.666666666666667,3
B001P76G1O,5.0,3
B00GYIBLZ0,4.333333333333333,3
B0002DM6Y8,4.666666666666667,3
B00B7QJOY4,4.333333333333333,3
B004AVHAGM,5.0,3
B001SZ1KJQ,4.0,3
B0070O3TN4,4.333333333333333,3
B001P79FDA,5.0,3
B00JJQ73EM,4.333333333333333,3
B0073OB26C,4.666666666666667,3
B009LHA0WQ,4.666666666666667,3
B001P69X8S,5.0,3
B00JO0ZVZ6,5.0,3
B009POVC3G,4.666666666666667,3
B000QJ9KME,4.0,3
B00BNV3V7Y,4.0,3
B004RRG4A2,5.0,3
B000QI51TQ,4.333333333333333,3
B004C1VJVC,4.333333333333333,3
B001V5W1OG,5.0,3
B001V5TZQI,5.0,3
B004RDGLO0,5.0,3
B001QGW3AC,5.0,3
B00B7Q7SXS,4.666666666666667,3
B00E1T9840,5.0,3
B0002DMBHA,4.333333333333333,3
B001SZ1LOK,5.0,3
B001P7A444,4.666666666666667,3
B004RRFSPE,5.0,3
B009PM87KE,4.666666666666667,3
B0070W3BE8,5.0,3
B004C1RIJO,4.666666666666667,3
B009NVTUU8,4.666666666666667,3
B001P92F7G,5.0,3
B000CD5H8K,5.0,3
B001UPSJWU,4.333333333333333,3
B0070P89X8,5.0,3
B0070XCT2C,4.333333333333333,3
B009M8EHAU,5.0,3
B009LJGC7G,5.0,3
B001P97U8A,5.0,3
B0076RIJD0,4.0,3
B001UR5YMG,4.666666666666667,3
B001SZ7VHQ,4.333333333333333,3
B009PNPEKE,4.0,3
B001QGH1KE,4.0,3
B0070QYB34,4.0,3
B001P7AJGW,4.0,3
B004AW3GQE,5.0,3
B00H21H0FS,5.0,3
B009PMTRS0,4.0,3
B001USXZNK,4.666666666666667,3
B001SZ3JTU,4.333333333333333,3
B000PJ90IY,5.0,3
B001SZ3K4Y,4.666666666666667,3
B004AWDF6U,5.0,3
B00EA5AMIQ,5.0,3
B00718H64M,5.0,3
B000PY9U0M,5.0,3
B001T8KDP4,4.666666666666667,3
B001U84WV4,4.666666666666667,3
B0071MWRA6,5.0,3
B004B49AAM,4.0,3
B00770K8H6,4.666666666666667,3
B00BOJPFM4,5.0,3
B0071NM6P6,5.0,3
B000PY9V92,5.0,3
B00B7VAJSY,4.333333333333333,3
B001QB42Y2,4.666666666666667,3
B0002CP1TG,5.0,3
B000PY9HUK,4.0,3
B0077TDWH0,4.333333333333333,3
B0071NNUXI,4.666666666666667,3
B00JOUM8TI,5.0,3
B0002CP1GY,4.0,3
B0073F9UHO,4.0,3
B001PLFOKO,4.666666666666667,3
B004RR6JCU,5.0,3
B0077UMLWQ,4.666666666666667,3
B000QF8B6Y,5.0,3
B0073FV5RM,5.0,3
B001UAC0O8,4.0,3
B000PP4358,4.333333333333333,3
B0071LKAOW,5.0,3
B0077TQJXO,4.666666666666667,3
B001T8JVPC,5.0,3
B00E3EO9HO,5.0,3
B001T8JVL6,4.333333333333333,3
B009P5LG5O,5.0,3
B000QF89SY,5.0,3
B00BNWSSQM,5.0,3
B001U59SIE,4.666666666666667,3
B001U4TFJM,4.0,3
B0077S3CI0,5.0,3
B004BU8KMU,5.0,3
B0002COWYG,4.333333333333333,3
B0071OS21W,4.0,3
B00E3NE11E,4.0,3
B001U3Y9LM,4.666666666666667,3
B001T8KSDQ,5.0,3
B0073C0OKO,5.0,3
B00023EMUE,4.666666666666667,3
B00770OZ16,4.666666666666667,3
B0071PGG3M,4.333333333333333,3
B00770P2F4,5.0,3
B000PY77U2,4.333333333333333,3
B001U515MQ,4.666666666666667,3
B00H1O60AM,5.0,3
B0077S3F8M,5.0,3
B001U59QY0,4.333333333333333,3
B004B4EYF8,4.666666666666667,3
B004BYQKUA,4.666666666666667,3
B000PQWZGG,4.0,3
B00770KD44,5.0,3
B001U54FZK,4.666666666666667,3
B009M5DOY8,4.333333333333333,3
B009LNZ9XA,5.0,3
B00770LFGY,5.0,3
B009M59HU8,5.0,3
B000CECSWM,4.0,3
B000FPV9XM,4.0,3
B009LM7EBG,5.0,3
B001PHDH8Y,4.0,3
B009LLZMZM,4.333333333333333,3
B0073HO2BQ,4.0,3
B004RRC2BW,4.666666666666667,3
B009P9GSSK,4.666666666666667,3
B0071AZJRG,5.0,3
B000PL3OIY,5.0,3
B009P8P33M,4.666666666666667,3
B00E9ZLSEE,5.0,3
B00E34BY9A,4.333333333333333,3
B000PMBQMY,4.666666666666667,3
B007824QRQ,4.666666666666667,3
B00I58F8II,4.666666666666667,3
B00B8Z4W78,4.666666666666667,3
B004AZKUZQ,5.0,3
B0076ZU6IS,5.0,3
B00BO32R8A,5.0,3
B009P9V89E,4.333333333333333,3
B000FQMIWC,5.0,3
B00719UG0C,4.0,3
B00JJZFVJM,5.0,3
B00E2YJFW4,4.0,3
B00E2YKTV0,5.0,3
B001T78JHE,5.0,3
B001PG87TE,4.666666666666667,3
B000QFCQ6A,5.0,3
B004AZF33U,4.333333333333333,3
B001QDJ79U,5.0,3
B0071AEVRA,4.333333333333333,3
B009PA2450,5.0,3
B000FPI638,4.0,3
B004BCXDZC,4.333333333333333,3
B00EA0IX8C,5.0,3
B001UGIRTE,5.0,3
B001PHOGT8,4.666666666666667,3
B00B7V5IKI,4.666666666666667,3
B00GYUY7AY,4.666666666666667,3
B0002D0GI6,4.333333333333333,3
B001PHLCOK,4.0,3
B00E3DUMFS,5.0,3
B00E36ZP52,5.0,3
B00023D32C,5.0,3
B0073FWI0K,4.666666666666667,3
B0077WPW1Q,4.0,3
B001QCLI8O,5.0,3
B009P7IQ0A,4.333333333333333,3
B004RRBUL0,5.0,3
B00H1RPFUU,4.0,3
B00I5R81OM,5.0,3
B0073GO16I,4.0,3
B001UFLGU2,5.0,3
B001UFG6HU,5.0,3
B00H0G75JQ,5.0,3
B004B389SC,4.666666666666667,3
B0002DKN48,4.666666666666667,3
B0076ZU818,4.333333333333333,3
B001PHFWD2,5.0,3
B007822QDM,5.0,3
B007AK7IBW,4.333333333333333,3
B0020ZYJBE,4.333333333333333,3
B009JUKBW4,5.0,3
B004R7P9GM,5.0,3
B00BPE32ZA,4.333333333333333,3
B00763LZOO,5.0,3
B00B8H30V0,5.0,3
B00DUM7EJA,4.333333333333333,3
B00EDK6UMK,4.333333333333333,3
B00JG5NVEC,4.0,3
B000P20QZM,4.0,3
B00B6ETVXG,4.333333333333333,3
B00027D2H4,4.0,3
B004A28JFW,5.0,3
B00763M070,5.0,3
B007CB8Y4Y,4.666666666666667,3
B006SJO332,5.0,3
B007CC438E,4.666666666666667,3
B001RMUN66,4.0,3
B0027VXJJY,4.666666666666667,3
B00DUL9N4A,4.0,3
B001MVXU7Q,5.0,3
B00DULFZE2,4.0,3
B004A24UF0,4.666666666666667,3
B007CFEHC8,4.666666666666667,3
B009JTPWRO,4.666666666666667,3
B00JFZZ8L2,4.666666666666667,3
B00B8HFPSQ,4.666666666666667,3
B00B6EE7VW,4.0,3
B001MW47WM,5.0,3
B004BM7P8S,5.0,3
B00E87CP18,4.0,3
B000FKLCEI,5.0,3
B009NA6TJY,4.0,3
B001MWWTWW,5.0,3
B0027ETC06,4.333333333333333,3
B006SP4M9Q,4.666666666666667,3
B00GZ8TO76,5.0,3
B000C4FI6K,4.0,3
B007C8MSDU,4.333333333333333,3
B00EDI2C8S,5.0,3
B00DUOA6AW,5.0,3
B009SEJ00A,4.333333333333333,3
B00B8OPU8O,5.0,3
B0027G5FQ4,4.0,3
B00JG8JKZI,5.0,3
B000P20UK8,5.0,3
B00EDI08SO,5.0,3
B007C8RKRO,4.333333333333333,3
B00BPDP7EK,4.333333333333333,3
B00E8C7HZC,4.333333333333333,3
B000Q6V1TW,4.333333333333333,3
B001RMVX56,5.0,3
B007C9ARIM,4.0,3
B0002JMS3G,4.666666666666667,3
B000P20TXG,5.0,3
B00DUNEJHO,4.666666666666667,3
B004A2BSGE,4.666666666666667,3
B0027IWY98,4.333333333333333,3
B000P20U44,4.333333333333333,3
B001MVUU74,4.0,3
B004A24S98,4.333333333333333,3
B0027W4QZO,4.333333333333333,3
B006RKIPNQ,4.666666666666667,3
B00027CYPA,4.333333333333333,3
B001MV5ZF6,5.0,3
B00286SDYO,4.0,3
B00286QVBQ,5.0,3
B00E84A2W0,5.0,3
B006RJV1ZG,5.0,3
B007CKVWV2,5.0,3
B0075CVKUA,5.0,3
B002870OJA,4.666666666666667,3
B001MV601Y,4.0,3
B001RJ48N8,5.0,3
B00EDPB9CG,4.333333333333333,3
B009JR5FFU,4.666666666666667,3
B007CIH4L6,4.333333333333333,3
B00286XMNQ,4.333333333333333,3
B007CLPSP2,4.666666666666667,3
B00BOF6W0W,4.333333333333333,3
B0028AGZVS,4.333333333333333,3
B0075FV1R4,4.666666666666667,3
B004SI9KJW,4.333333333333333,3
B0028A8X4U,4.333333333333333,3
B0002KAJ86,5.0,3
B001R1PSV2,5.0,3
B009N56KCA,4.333333333333333,3
B006RHYSJ4,4.666666666666667,3
B00289WCSO,5.0,3
B00289C3NS,5.0,3
B0049Z4QWU,4.333333333333333,3
B006RJ82VM,4.0,3
B00283QC5Y,4.666666666666667,3
B004A24OEM,5.0,3
B00DUK4Y04,4.0,3
B009N7YCL4,5.0,3
B009N87W88,4.0,3
B001QZ5NUU,4.666666666666667,3
B006RTHQGE,4.0,3
B00DUKIOUA,4.333333333333333,3
B00283BR1I,4.333333333333333,3
B004R7QTIE,4.333333333333333,3
B0027Y35F4,5.0,3
B006RWOY9I,4.333333333333333,3
B004SGH9FG,4.333333333333333,3
B007CFFU38,4.666666666666667,3
B000Q43AEI,4.0,3
B00JFWA72U,4.666666666666667,3
B006RNVCUG,5.0,3
B001MV6244,4.666666666666667,3
B00DUJXTLU,5.0,3
B001MV61M2,4.333333333333333,3
B004A04QR4,4.666666666666667,3
B009SMOPRU,4.333333333333333,3
B00JMS0XIU,4.333333333333333,3
B004A124TA,4.333333333333333,3
B00282OTBE,5.0,3
B000FTOB9M,4.666666666666667,3
B006RNFKGS,5.0,3
B00282KVIO,5.0,3
B001RJKP3K,4.333333333333333,3
B00DUJEM5M,4.333333333333333,3
B000P1QDTQ,4.666666666666667,3
B001MXRHPK,4.333333333333333,3
B0026W4E6G,5.0,3
B004A7MG88,5.0,3
B0026WQF8Q,5.0,3
B0026WOTVQ,4.666666666666667,3
B007C5VGQI,4.0,3
B009S9S9AW,5.0,3
B004BJ5CAY,5.0,3
B004BJ55HE,4.333333333333333,3
B000R1RKPK,4.0,3
B001QX9WF4,5.0,3
B009MQO5AO,4.666666666666667,3
B00ED4KRFM,5.0,3
B007C4TEOA,5.0,3
B004CHLQD2,4.0,3
B004BJ6VPE,5.0,3
B007C3XCF8,5.0,3
B007C6EAWO,4.666666666666667,3
B001RQGS98,4.333333333333333,3
B004CHNKI6,4.333333333333333,3
B00ED7A9YI,4.333333333333333,3
B0026X6URQ,5.0,3
B004R7RMNU,4.333333333333333,3
B001N1J7FY,4.333333333333333,3
B00IH0AOYW,4.666666666666667,3
B00755JNHO,4.0,3
B004BJD8AK,4.0,3
B00IIF2G3S,5.0,3
B0026VVTII,4.666666666666667,3
B0002JBNK0,4.333333333333333,3
B007BZOLEI,4.0,3
B001N444HC,4.666666666666667,3
B000FT77WA,4.0,3
B0002JBGRA,4.666666666666667,3
B001RTSUAA,4.666666666666667,3
B0026REMYK,4.333333333333333,3
B00GZTXTZI,4.0,3
B009S8TGKA,4.333333333333333,3
B006TWGKK2,5.0,3
B006TUSNRW,4.0,3
B009K0RITC,4.0,3
B0002JB9T0,5.0,3
B001N4KFZW,5.0,3
B006TX25CS,5.0,3
B004R7N9EG,5.0,3
B004A82FRO,4.0,3
B006TUS8YK,4.333333333333333,3
B000FTCG8K,5.0,3
B001QX9RP4,4.333333333333333,3
B00JMZ6QDO,4.666666666666667,3
B009JXXCHM,5.0,3
B0026VF92U,5.0,3
B004CHKQLA,4.666666666666667,3
B001N43IKG,4.666666666666667,3
B00H3QZDR4,5.0,3
B00027D8U0,4.0,3
B0026T08Y6,5.0,3
B0026SNM36,4.333333333333333,3
B001N43J00,4.0,3
B000FKLKZ4,5.0,3
B000P250JY,5.0,3
B00766WKMC,4.666666666666667,3
B004SCEQEC,5.0,3
B00DUVN1SO,5.0,3
B004SDZSM0,4.666666666666667,3
B000P22TPW,4.666666666666667,3
B007C7YQJ0,5.0,3
B000Q7DL6W,4.666666666666667,3
B004QSY9H2,5.0,3
B006T7HFSS,4.666666666666667,3
B00279ZK4S,4.666666666666667,3
B00DUR4330,5.0,3
B00DUR52Z8,4.0,3
B00BPCRUFU,4.666666666666667,3
B00278BDU4,5.0,3
B0027A3JO0,4.0,3
B0026YG5RA,5.0,3
B004CJAF00,5.0,3
B000FKLCXE,4.333333333333333,3
B004A2JMTY,4.333333333333333,3
B00B6HNAYO,5.0,3
B00EDHY8DG,4.333333333333333,3
B00H3R7HSQ,5.0,3
B00H3R7H9A,5.0,3
B0027CT5LO,5.0,3
B00757ASIA,5.0,3
B00BNB378C,4.333333333333333,3
B000P22NLW,5.0,3
B006T3M9HO,4.333333333333333,3
B0027AYZUM,5.0,3
B006T3O1YS,4.0,3
B006T5BA1I,4.333333333333333,3
B0027A5GX2,4.333333333333333,3
B000P22U7Y,5.0,3
B00H3R5W2O,4.0,3
B004BKW5QW,5.0,3
B006TFG4AK,5.0,3
B004SCLGXQ,5.0,3
B009JVW3P6,4.333333333333333,3
B00270QSYS,5.0,3
B00BOJ8BCA,5.0,3
B002785738,4.0,3
B009JVX41S,4.0,3
B001N0SQPC,4.333333333333333,3
B006TIX8SI,4.666666666666667,3
B000P22ZV0,5.0,3
B000C4ME3U,5.0,3
B00766RTE6,4.0,3
B009JVSLUM,5.0,3
B00278551W,4.0,3
B00DURW2OC,4.0,3
B001MZZQJM,5.0,3
B000Q3ZY6G,4.333333333333333,3
B0002JFWDO,4.333333333333333,3
B00275R75C,4.0,3
B00275QGEA,5.0,3
B0002JFVPS,4.666666666666667,3
B00275C92I,4.333333333333333,3
B001QXBXP6,5.0,3
B006TD3F8Q,4.0,3
B004A6WUSK,4.0,3
B009JVOU0C,4.0,3
B00IH0APLO,4.666666666666667,3
B00021PAS4,5.0,3
B009JVS5Y4,5.0,3
B004SCNQCA,5.0,3
B0002KIWTO,4.666666666666667,3
B004CMT9Q8,5.0,3
B001RF4Z6M,5.0,3
B006QSD2LY,5.0,3
B004SKPXGE,4.666666666666667,3
B009N1KE80,4.666666666666667,3
B00BPH5N7C,5.0,3
B006QV1QRI,4.333333333333333,3
B000Q69R7U,4.333333333333333,3
B0049TSTP6,5.0,3
B000Q69R9S,5.0,3
B0049U46F2,4.666666666666667,3
B000CEOQT0,5.0,3
B001R6RVJY,5.0,3
B000FTSL84,4.0,3
B0002OCO62,4.0,3
B000Q69TIM,4.666666666666667,3
B00294O15A,4.333333333333333,3
B0029456PY,4.666666666666667,3
B009JIM8WC,4.333333333333333,3
B0029AF0WM,4.333333333333333,3
B006QOJU8C,5.0,3
B000R5B4EO,5.0,3
B00EE94U8Q,4.333333333333333,3
B00BN7NJQQ,5.0,3
B009T4K5K8,5.0,3
B000R4U40K,5.0,3
B0029A8PPG,5.0,3
B000OYJ9Y0,4.666666666666667,3
B007D1FN9M,5.0,3
B009T1HDWY,4.0,3
B00299GX42,4.666666666666667,3
B0002ONF56,5.0,3
B0049S0XMO,5.0,3
B006QR55ZG,4.666666666666667,3
B009N1O8XC,4.333333333333333,3
B001MV5X30,4.666666666666667,3
B00290P3GK,4.666666666666667,3
B002911WDW,4.0,3
B004CNH4VY,4.666666666666667,3
B00IGIANIM,4.333333333333333,3
B004R7QNL2,5.0,3
B001R921IM,5.0,3
B006QXDNO0,4.333333333333333,3
B004SKFSOG,4.333333333333333,3
B001MS73KO,5.0,3
B004CNFGFU,4.0,3
B006QY2J0I,4.0,3
B006QYCTQM,4.666666666666667,3
B006QYLPA8,5.0,3
B0049V15AK,5.0,3
B00EE77K5S,4.333333333333333,3
B0029209GW,5.0,3
B00E82ZG2S,5.0,3
B00292IQR6,4.666666666666667,3
B00BPGLZXO,5.0,3
B001R2DSJU,4.0,3
B001MQ4T9O,4.666666666666667,3
B000OYNC4I,4.666666666666667,3
B00292BJ70,4.333333333333333,3
B009SYXMEU,5.0,3
B00E7RWH12,5.0,3
B000R4P8JW,4.666666666666667,3
B001MQ95Y8,4.666666666666667,3
B00291CL50,5.0,3
B006QWADN0,4.666666666666667,3
B000R4OZ78,4.666666666666667,3
B009SZ0080,5.0,3
B001MP5WRI,4.0,3
B004QPXL74,4.333333333333333,3
B00GX8WQE6,4.666666666666667,3
B009MY158G,4.333333333333333,3
B00BN7MMIM,4.0,3
B0002PFHCO,4.0,3
B0029MKI86,4.666666666666667,3
B000R74VBU,4.333333333333333,3
B0049QV4P6,4.666666666666667,3
B009JH30G6,5.0,3
B0029LJB1W,4.333333333333333,3
B007D4SD0K,4.0,3
B0075PMIBM,5.0,3
B000Q5TAXM,5.0,3
B006QHXFE4,4.666666666666667,3
B00021DRU2,4.0,3
B00B9JFIUI,4.333333333333333,3
B009MY0YRY,4.333333333333333,3
B009JHC9G8,5.0,3
B0029O09EC,4.666666666666667,3
B0049QDVPC,4.333333333333333,3
B0029RFJ8U,4.666666666666667,3
B000OWV94A,5.0,3
B001MP0PPW,4.666666666666667,3
B001MP0PXO,4.333333333333333,3
B009MY10AE,5.0,3
B0029OZLXG,4.666666666666667,3
B006QG7SNY,5.0,3
B00E80VI2M,5.0,3
B0049QO23M,5.0,3
B0029NH7KW,5.0,3
B0029NFGIM,4.666666666666667,3
B0029NC4T6,5.0,3
B00GZCB2NQ,4.666666666666667,3
B00H4BOME8,5.0,3
B00GZFS4U2,4.666666666666667,3
B007D1W4V2,4.0,3
B0002OSDZI,5.0,3
B0029EY2UO,5.0,3
B00BN7NB0A,4.666666666666667,3
B00021DSX8,5.0,3
B0002OSDG2,4.666666666666667,3
B000OYJ8WI,5.0,3
B00BN7NCJU,4.666666666666667,3
B004QQ7TNA,5.0,3
B0075NFO5Q,4.666666666666667,3
B0029E03JS,4.0,3
B000Q62S0I,5.0,3
B0075Q7W8K,5.0,3
B00021DSZG,4.666666666666667,3
B00GX9VP56,4.333333333333333,3
B00JFB5SMK,5.0,3
B006QNA5T6,5.0,3
B0029F448I,4.333333333333333,3
B00IIJK8V6,4.333333333333333,3
B001MP2PLE,4.0,3
B0049QYKYI,5.0,3
B000OY5X1S,4.0,3
B006QKNCNU,4.333333333333333,3
B00EEBA0WY,4.333333333333333,3
B007D3PRUK,5.0,3
B0002PF2SS,5.0,3
B001R5ESHI,5.0,3
B0029FPKYA,5.0,3
B0029FB9G8,4.666666666666667,3
B00H4AMPHK,5.0,3
B006QYSE3O,5.0,3
B0028ZEZ74,4.0,3
B00EDWAR0Y,4.666666666666667,3
B000Q4OLFA,4.333333333333333,3
B00EDWA4RK,5.0,3
B004BNOD3M,5.0,3
B000P0H7DI,5.0,3
B0028K3J58,4.666666666666667,3
B000P0GQQ2,5.0,3
B001RD16DO,5.0,3
B0002LJ1DE,4.333333333333333,3
B0028IT11Q,4.0,3
B007CN6B4M,4.333333333333333,3
B0028IMVHC,5.0,3
B001RD229Q,5.0,3
B00021E2EM,5.0,3
B000P0GQQC,4.0,3
B007CO6IJE,4.666666666666667,3
B004SIX76E,4.333333333333333,3
B00GZJ729C,5.0,3
B006RAEY72,5.0,3
B000P0BN8S,4.666666666666667,3
B001MUDO1E,4.333333333333333,3
B00DUDULB2,5.0,3
B00DUE1N5O,4.666666666666667,3
B000P0FY7Y,4.666666666666667,3
B000P0DBF6,4.666666666666667,3
B006RBJ61A,4.333333333333333,3
B001MUHD9I,4.666666666666667,3
B007COFI18,4.666666666666667,3
B004SIQRG6,4.333333333333333,3
B006RBRKBS,4.0,3
B0049XLQ52,4.0,3
B000R3G18K,4.333333333333333,3
B007CM0NXS,5.0,3
B00BPEVX42,5.0,3
B001REA9ZY,5.0,3
B00JRCFKR0,4.666666666666667,3
B001REDJ56,4.666666666666667,3
B009SPQ6IS,4.666666666666667,3
B0028BTV8G,4.333333333333333,3
B0028BRKU2,4.333333333333333,3
B007CLZJ7O,5.0,3
B00DUFT1G6,4.666666666666667,3
B001RERDAS,4.666666666666667,3
B00E7GGIA4,4.333333333333333,3
B0049YW5OC,5.0,3
B001MV5W4U,4.0,3
B001R1XISM,5.0,3
B0075GJ5HQ,5.0,3
B001RD4YSS,5.0,3
B0028IFTTO,4.333333333333333,3
B0049XLQ9S,5.0,3
B0028IE0IK,5.0,3
B004CN2996,5.0,3
B00GXFEPTI,5.0,3
B001RD6KT4,5.0,3
B00DUF0SNQ,4.666666666666667,3
B00BPEVXZG,4.666666666666667,3
B004SIA0PU,5.0,3
B0028FL7IO,5.0,3
B0028DVCUE,4.666666666666667,3
B00027CEK0,5.0,3
B001MV5VJ6,4.666666666666667,3
B00E7GVSWW,4.666666666666667,3
B006RA1MU4,5.0,3
B0028SAK0W,4.666666666666667,3
B00DU22GNY,4.0,3
B00DU2LO1Y,5.0,3
B0049VJTX0,5.0,3
B006R0LFRO,5.0,3
B0028SGIRQ,5.0,3
B009N2BZFU,5.0,3
B00BPFVOHC,4.0,3
B0028S9DHI,5.0,3
B001R2BPSG,4.0,3
B00021DWCU,5.0,3
B00021DWP2,4.333333333333333,3
B009SSTAPQ,4.333333333333333,3
B0028S6UD8,4.0,3
B001R28W6O,4.0,3
B009SST5CY,4.666666666666667,3
B009JOCU60,4.333333333333333,3
B0028U0C2G,5.0,3
B001MU3QEE,4.666666666666667,3
B001R2DNRW,5.0,3
B0028YWND8,4.0,3
B001MS7E80,5.0,3
B00B63YRJK,5.0,3
B006QZ0EYK,4.666666666666667,3
B009JNO1CW,4.333333333333333,3
B0049VDE90,5.0,3
B000Q58BO6,5.0,3
B00DU061MS,4.666666666666667,3
B0028WES60,5.0,3
B004BQD76I,4.333333333333333,3
B0075WOORG,4.0,3
B0028VA2A2,5.0,3
B0049VHU72,5.0,3
B000273RG0,4.0,3
B000OZLBOK,5.0,3
B00EE0E95O,4.333333333333333,3
B001MTFNKK,5.0,3
B000FTQGQS,4.666666666666667,3
B004CN8QKC,5.0,3
B00BPF9CYE,5.0,3
B0028P7Z5S,4.333333333333333,3
B004SJ57M0,4.666666666666667,3
B009SRTMYQ,5.0,3
B000Q53NDU,5.0,3
B007COY4V8,5.0,3
B0028P3NOA,5.0,3
B00B65WMTK,4.0,3
B00GXF0G7S,5.0,3
B0028OP88K,4.666666666666667,3
B001R21DCO,5.0,3
B00021DXQ0,5.0,3
B00E7N31Z2,4.333333333333333,3
B000OZT9Q2,5.0,3
B004SJLTHC,5.0,3
B006R206PY,4.666666666666667,3
B0075J1PKS,4.333333333333333,3
B000R46U6W,4.0,3
B001R9FNJG,4.666666666666667,3
B009JOFTS6,5.0,3
B000OZN3UU,4.333333333333333,3
B009MUZJMI,5.0,3
B001R9HX08,4.333333333333333,3
B000R45U1S,4.0,3
B009SSINXQ,5.0,3
B004BQQL6Q,4.666666666666667,3
B0049W3DQ8,4.666666666666667,3
B000FKK0A0,4.666666666666667,3
B000OZPTQ6,4.666666666666667,3
B006TY478C,4.0,3
B00B8BHOM2,4.666666666666667,3
B0074NAS94,4.0,3
B00028EY52,5.0,3
B000FKLN8S,5.0,3
B006VOALJY,5.0,3
B0002GR0LO,4.0,3
B0024GWW5E,4.666666666666667,3
B001NZFF7Y,4.666666666666667,3
B00DWGQRWO,5.0,3
B00BP0LIJ6,5.0,3
B00246C4WK,4.0,3
B000FP34VW,4.666666666666667,3
B009RQYXFG,5.0,3
B006VT7SZO,4.666666666666667,3
B00E8KCOHU,5.0,3
B001NYRLHW,5.0,3
B000QWLP1K,4.333333333333333,3
B0074NCFWW,4.0,3
B004AHFFOU,5.0,3
B0024GRBIM,4.666666666666667,3
B00ECFVHMO,4.666666666666667,3
B00E8K5UGC,4.0,3
B0024C5W0A,4.0,3
B0024BV73C,4.666666666666667,3
B0024AZ85G,5.0,3
B001NYKPR0,4.666666666666667,3
B00DWFLWNY,4.666666666666667,3
B00DWG8YMU,5.0,3
B00248YLQA,5.0,3
B00248IHA6,4.333333333333333,3
B00247ZV42,4.666666666666667,3
B004S64O5E,5.0,3
B00JNCJH9Q,5.0,3
B00DWKRG2A,4.333333333333333,3
B001RVPS7Q,4.333333333333333,3
B00BP01OKO,4.666666666666667,3
B009RPJQ36,5.0,3
B009RPIGGE,5.0,3
B00021VWVS,4.0,3
B0023C4H70,5.0,3
B004AI4SS8,4.666666666666667,3
B004R7N2OS,4.333333333333333,3
B00ECE67PM,4.0,3
B001RVQ7IA,4.333333333333333,3
B009ROAL18,5.0,3
B0074KPSF6,4.666666666666667,3
B00ECCBBXM,5.0,3
B009K8NJEM,4.666666666666667,3
B00H3BN6TG,4.666666666666667,3
B000P43K3A,4.333333333333333,3
B006VWR7BG,4.666666666666667,3
B009NJXHZ4,4.333333333333333,3
B004AI39OM,4.666666666666667,3
B001NZHGSU,4.666666666666667,3
B00JH7503Y,4.0,3
B009MIYHS2,5.0,3
B009RQPAR6,5.0,3
B004RBIUWI,5.0,3
B004S53UDC,4.333333333333333,3
B00H3BMGCY,4.666666666666667,3
B007B2EYDO,4.666666666666667,3
B0023ULBWG,4.0,3
B009K8A8AU,4.333333333333333,3
B00DWJ493A,4.333333333333333,3
B000Q34VHE,5.0,3
B000QWQGL4,5.0,3
B001RVQWGM,5.0,3
B006VB4F9E,4.333333333333333,3
B004AGNXBS,4.333333333333333,3
B0025WOUH0,4.333333333333333,3
B0074NF56U,4.333333333333333,3
B0002GVM7C,4.666666666666667,3
B000268RAM,4.666666666666667,3
B004QW9Z7M,4.666666666666667,3
B00021VSZS,5.0,3
B000QX88PA,5.0,3
B006VB5QYC,5.0,3
B001QVI040,5.0,3
B006VBONDM,4.333333333333333,3
B000QX6W44,5.0,3
B0025Q3FVI,4.0,3
B001QVG678,4.666666666666667,3
B004RB6B1A,4.666666666666667,3
B0074NF6P0,5.0,3
B00260GYAM,5.0,3
B009NGA6YW,4.666666666666667,3
B001NT1O6G,5.0,3
B000C9RXPO,4.666666666666667,3
B004AGKBFO,4.666666666666667,3
B001NT1R8Q,5.0,3
B004AGM25Q,5.0,3
B00E8JYVJA,4.666666666666667,3
B009RUD51A,4.333333333333333,3
B004AGM7M4,5.0,3
B000QX9QHO,4.0,3
B00021VRT0,5.0,3
B006V4H9CG,5.0,3
B0025YUZ4U,5.0,3
B000268R8O,5.0,3
B0025P6RRI,5.0,3
B000P2YWU2,4.333333333333333,3
B006VH08W6,4.666666666666667,3
B006VH4J8K,5.0,3
B007B5N3KQ,5.0,3
B001NWEWRQ,4.666666666666667,3
B0024M9N8M,4.0,3
B009NH6032,4.666666666666667,3
B006VHMK9A,5.0,3
B0024JTTFC,4.0,3
B0024JIQGA,4.333333333333333,3
B004S76FIC,4.333333333333333,3
B00DWBK694,4.333333333333333,3
B001QVENQY,4.0,3
B00021VTTI,4.666666666666667,3
B006VJMOG2,4.666666666666667,3
B009RSJAWK,5.0,3
B004CDWZLI,4.666666666666667,3
B00IICSZPO,5.0,3
B001N4M54Q,4.333333333333333,3
B0025FP5SA,4.0,3
B0025FFJLS,4.333333333333333,3
B001NW6TL8,5.0,3
B006VF895Q,5.0,3
B006VFH2J0,4.666666666666667,3
B00E6IVGHS,5.0,3
B009NGFKRA,4.0,3
B001RVKS76,5.0,3
B00253INZY,5.0,3
B002536GV2,4.666666666666667,3
B00251L4VQ,5.0,3
B00JM8Z1NC,5.0,3
B0025043B0,5.0,3
B00JHEVFGI,4.666666666666667,3
B004AGJ7WM,5.0,3
B0074EGN92,4.666666666666667,3
B004AI7HIG,5.0,3
B001O4WTPA,4.333333333333333,3
B0021H62KC,5.0,3
B006WDKLDU,5.0,3
B00021W0ZK,4.333333333333333,3
B007AS4KLK,4.0,3
B007AS4KEC,5.0,3
B004CCSL7Q,4.666666666666667,3
B0021FVRT0,4.333333333333333,3
B004RBZ7EC,4.666666666666667,3
B009RES1RO,5.0,3
B000FLWUHK,5.0,3
B001O550XW,5.0,3
B004AI7L6E,4.333333333333333,3
B0021HVICY,5.0,3
B000CEFV94,4.333333333333333,3
B006WDFFJU,4.666666666666667,3
B004BGSXMG,4.666666666666667,3
B000P8A3E0,5.0,3
B00DXGS4KQ,5.0,3
B007AT00VS,4.666666666666667,3
B0021JTESC,5.0,3
B007AS8GJW,4.666666666666667,3
B00JQJNUIA,4.666666666666667,3
B004BGSNQM,5.0,3
B000QV89HE,4.333333333333333,3
B007AS52LM,5.0,3
B00BOJC2RK,4.0,3
B000P9BRAS,4.666666666666667,3
B0021F7X8E,4.666666666666667,3
B009RES1R4,4.666666666666667,3
B00B9APYV0,5.0,3
B00213K694,5.0,3
B00H33DYFU,5.0,3
B00B9ADVWY,4.666666666666667,3
B00212U1AO,4.666666666666667,3
B004BRNIIE,5.0,3
B001O6H41C,5.0,3
B0076K4CZG,5.0,3
B000Q7XFY0,5.0,3
B0076KAPO8,5.0,3
B001O6HN8Q,5.0,3
B002108F1I,4.666666666666667,3
B002106PWE,5.0,3
B0074CFE3U,4.666666666666667,3
B0074DDFUS,5.0,3
B009RDX9UE,4.0,3
B0074DY16U,5.0,3
B001RYNP14,4.666666666666667,3
B0021F3DVU,5.0,3
B001O5927W,5.0,3
B00GY1NIGM,5.0,3
B00BOXZOIA,5.0,3
B000CEFTI2,4.333333333333333,3
B0021BUWWW,4.666666666666667,3
B00E67N6IQ,4.666666666666667,3
B007APAMBA,4.333333333333333,3
B0076K1BWS,4.666666666666667,3
B006WEHH7W,4.0,3
B00BOXZK4S,4.666666666666667,3
B0002FCDJ4,5.0,3
B006WERZNS,4.666666666666667,3
B00B72L9JQ,5.0,3
B004QX6BM8,5.0,3
B006W1B59Q,5.0,3
B0022UW72U,5.0,3
B00028EZL0,4.666666666666667,3
B0022Z0MIG,5.0,3
B0022YOVPM,4.666666666666667,3
B000FKM6EI,5.0,3
B001QTZSLK,5.0,3
B0002GP642,4.333333333333333,3
B006W7P7EY,4.666666666666667,3
B00GXZS69I,4.333333333333333,3
B000QV9P0E,5.0,3
B0022TMO3S,4.666666666666667,3
B004BGWMHI,5.0,3
B00B9BZVK8,4.333333333333333,3
B00BOYRI9W,4.333333333333333,3
B004AI5KJE,5.0,3
B000P6DYWA,4.333333333333333,3
B002390MNG,4.0,3
B004BRLTP8,5.0,3
B001O1D4HA,4.0,3
B0023B3DXK,5.0,3
B006W1V34I,5.0,3
B009RMOW4C,4.666666666666667,3
B0074K5BJE,4.666666666666667,3
B001O1EJMY,4.0,3
B0023AT786,5.0,3
B00025X1EK,5.0,3
B009KATM5A,5.0,3
B000P65POK,5.0,3
B000P69Z6E,4.0,3
B001O1I52Y,4.0,3
B0002GPWB4,5.0,3
B0002GPFLQ,5.0,3
B001RVSWWY,4.333333333333333,3
B001RVTF3Y,5.0,3
B002203SUU,5.0,3
B000P7GEW6,4.0,3
B000QV8F50,5.0,3
B00E8M38FK,5.0,3
B000P7J6DA,5.0,3
B0021Y9HJS,5.0,3
B006WC5M1M,4.0,3
B001O3Z6H4,4.0,3
B001O40PAG,4.666666666666667,3
B000P869DE,4.666666666666667,3
B001O40PLK,5.0,3
B0021OV4S0,5.0,3
B0021OCP1A,5.0,3
B0021OCFGU,5.0,3
B000P88AJA,4.0,3
B004CCUJG2,5.0,3
B001RVZNDU,4.666666666666667,3
B004AI761E,5.0,3
B006WA96E8,4.666666666666667,3
B0022EFGA6,4.666666666666667,3
B00GZZICNQ,4.666666666666667,3
B004BGW6TW,4.0,3
B009KET38C,5.0,3
B00E6BMY0S,5.0,3
B004S44DTS,5.0,3
B004RBRKKQ,4.666666666666667,3
B004S42FJS,4.666666666666667,3
B004AI74Q6,5.0,3
B009NKJ9PA,4.666666666666667,3
B00222HX9U,5.0,3
B00ECH7RTO,4.666666666666667,3
B001RVDGT8,4.666666666666667,3
B004S8EMUE,4.333333333333333,3
B00269VR1E,5.0,3
B00E8J36FU,4.666666666666667,3
B006UJH8AK,4.333333333333333,3
B006UJIKFC,4.666666666666667,3
B000QXZ3HQ,5.0,3
B001NH1LXY,4.333333333333333,3
B004QVB3CS,4.666666666666667,3
B00BNEX94Q,5.0,3
B004CFYCYO,4.0,3
B000QYHQDY,5.0,3
B001QW98MC,4.0,3
B00DVH7804,4.666666666666667,3
B00B8DRVBY,4.666666666666667,3
B001RUU5FC,4.666666666666667,3
B001QWB8XO,4.666666666666667,3
B000FLY1UO,4.0,3
B006UJ255I,5.0,3
B007BRZWZI,5.0,3
B001RVDD1O,4.0,3
B001NGPW58,4.666666666666667,3
B0026B61Y0,5.0,3
B002697IIA,5.0,3
B00268LIE6,4.333333333333333,3
B004CFUQYO,4.333333333333333,3
B001RVDSW8,5.0,3
B004CFSJNE,5.0,3
B000FSP0AW,4.333333333333333,3
B000FOG1OK,4.666666666666667,3
B001NKZR8Q,5.0,3
B000Q388UK,5.0,3
B00267GGZ8,4.666666666666667,3
B000FKLMHA,4.333333333333333,3
B001RU999U,5.0,3
B009S1PFAC,4.666666666666667,3
B00GXNBVT2,5.0,3
B007BU1ANI,4.0,3
B00267GH66,5.0,3
B0074QICWQ,5.0,3
B0002I5ME4,4.0,3
B0026LVVXG,5.0,3
B006U38LTI,5.0,3
B007BLBTUG,4.0,3
B004AC4X16,4.666666666666667,3
B004CGHLOQ,5.0,3
B0026NUV9O,4.666666666666667,3
B0074QMKEC,5.0,3
B007BL6YM4,4.333333333333333,3
B00BNCXEX4,4.666666666666667,3
B000CEMQCO,5.0,3
B004CG4P8G,4.666666666666667,3
B006U7H8HK,4.666666666666667,3
B004QVGU8K,5.0,3
B004S8N1OM,5.0,3
B00027TAPM,5.0,3
B009ND2DJQ,5.0,3
B0026IWF2U,5.0,3
B001QWDA3K,4.333333333333333,3
B00E6PG3BU,4.666666666666667,3
B0002J2Z3O,4.666666666666667,3
B001QWL0UA,4.0,3
B00021VL8W,5.0,3
B004AA5YE8,5.0,3
B00ECUYBI6,5.0,3
B001NG9498,5.0,3
B00769H3F8,5.0,3
B004A9SSSI,4.666666666666667,3
B0074WDIG0,4.666666666666667,3
B006UCBMF4,4.333333333333333,3
B0026I5WYI,5.0,3
B00GXKV1WW,5.0,3
B000FLYE10,5.0,3
B009MP2WLE,4.666666666666667,3
B006UD4YU8,4.0,3
B000C76YSS,4.666666666666667,3
B0002IYQSW,4.666666666666667,3
B0026HX9ZS,5.0,3
B000P2544K,5.0,3
B001QWCC8O,4.0,3
B0026FO7VU,5.0,3
B006UHH1TA,4.333333333333333,3
B001NA28LA,4.666666666666667,3
B0026EKH6A,4.333333333333333,3
B0026L0KQK,5.0,3
B009S2YPUM,4.666666666666667,3
B007BQM5MW,4.666666666666667,3
B001QWRYO6,4.0,3
B007BQIR4W,5.0,3
B001NG45SS,4.0,3
B004AADADK,4.333333333333333,3
B0026K2A5K,5.0,3
B0002IUBW2,5.0,3
B007BQ95MK,4.333333333333333,3
B001NG3444,4.333333333333333,3
B00JM8ZBPA,4.666666666666667,3
B001NBMNSC,4.333333333333333,3
B000P2595Y,5.0,3
B0026HD62E,5.0,3
B009S3DTU8,5.0,3
B00BP7JBAW,4.0,3
B006U13LOU,4.333333333333333,3
B009K2HN3Q,5.0,3
B004BIIQ6M,4.666666666666667,3
B006US886Y,4.333333333333333,3
B002616VPE,4.0,3
B002616LWW,4.0,3
B004SB585O,4.0,3
B004AGDACK,4.333333333333333,3
B002614HZA,4.333333333333333,3
B001NQF5A0,4.666666666666667,3
B004S82XPK,5.0,3
B004AGFDJI,4.333333333333333,3
B00E8JQ7MO,4.666666666666667,3
B001NQ4NN0,5.0,3
B0026P3HMK,4.0,3
B002617ZRM,4.0,3
B004QVST7A,5.0,3
B007BG7HM0,4.666666666666667,3
B0026228CI,5.0,3
B00261NH1U,5.0,3
B00DVMW336,5.0,3
B007BG16B8,4.666666666666667,3
B0002JB8XW,4.0,3
B00BOJA1VE,4.0,3
B001N5J4P8,4.333333333333333,3
B004A88CVM,4.333333333333333,3
B00021VQK0,4.333333333333333,3
B00DVRX8NU,5.0,3
B001RVH6NU,4.666666666666667,3
B00DV080W6,5.0,3
B00ECI4PD4,4.0,3
B009S7U4BQ,4.666666666666667,3
B00E6SBU6U,5.0,3
B001RVHWB6,4.666666666666667,3
B00DVSFLRK,5.0,3
B004S7ZWZ4,4.666666666666667,3
B007BY6TH6,5.0,3
B00BODTNDC,5.0,3
B001QVTMMY,4.333333333333333,3
B009RVD0PU,4.333333333333333,3
B001RVH55O,4.666666666666667,3
B0026PZMFK,5.0,3
B001QX2J7C,4.0,3
B004CELY9G,4.333333333333333,3
B001N5CAOA,5.0,3
B004CELPAO,4.666666666666667,3
B0026Q3T4K,5.0,3
B006UUZTMS,5.0,3
B006UUD20O,4.0,3
B001RTSUBO,5.0,3
B00ED38A0C,5.0,3
B004QVODHK,4.333333333333333,3
B004CHFVSS,4.0,3
B00DVLEKQ0,4.666666666666667,3
B001N5TIYA,5.0,3
B000FRKH1A,4.0,3
B009K56OCE,4.666666666666667,3
B009K53ZN0,5.0,3
B006UOMSMI,4.666666666666667,3
B00266ML8U,4.0,3
B000P275M4,4.333333333333333,3
B009RYF1F4,4.333333333333333,3
B000P2526K,4.0,3
B0026P3GVM,4.333333333333333,3
B00ECMG484,4.333333333333333,3
B00ED2QN4I,5.0,3
B009RZ0TS2,5.0,3
B00264Q65Q,4.0,3
B00264GMXC,5.0,3
B001QX2DQ4,5.0,3
B004AFMBOO,5.0,3
B004Q5JJHU,5.0,2
B004PVO87G,5.0,2
B00IH0AP9G,5.0,2
B004LMI89S,4.0,2
B004USS5F0,5.0,2
B004X75S5I,5.0,2
B000COYWFS,4.0,2
B00B11I34W,5.0,2
B004ZMU54A,4.5,2
B004XJNSH6,4.0,2
B004ZLJFU6,4.5,2
B004R7N7Q6,5.0,2
B004ZLYV8M,5.0,2
B004Q7FK5S,4.0,2
B004VW7EWA,5.0,2
B00BAFHAXE,5.0,2
B00B8RONXO,4.0,2
B00ICO1B9A,5.0,2
B000C1ZDQS,4.5,2
B00BDJH578,5.0,2
B004LMW1R8,5.0,2
B004Q3PE8K,5.0,2
B00B2922CW,4.5,2
B00BDJ95YE,5.0,2
B004PYNE6Y,5.0,2
B00B3Q7UIU,4.0,2
B004R7PGP6,5.0,2
B004LDX8LA,4.5,2
B004Q1TFVE,4.5,2
B00B3XSGV8,4.0,2
B00B8TKJIU,5.0,2
B00BDJ8A6S,5.0,2
B00B8TRJI8,5.0,2
B004XJNXTY,5.0,2
B00IGZTIRC,5.0,2
B00IG9KOX0,5.0,2
B00B0IDNGE,5.0,2
B00B8SSMXK,5.0,2
B000EGK4ZQ,5.0,2
B000CPDE3I,4.5,2
B004LGELDG,4.5,2
B00IJGRJ74,4.0,2
B000C1Z99E,4.0,2
B004USS5WI,5.0,2
B004URPWH0,5.0,2
B000CER13I,5.0,2
B004XJNZWE,4.0,2
B004URME2Q,5.0,2
B004PVYIW6,4.5,2
B000C1ZBSS,4.5,2
B00BDJQA74,4.0,2
B000CER16A,5.0,2
B000EGMBLQ,5.0,2
B004L9IMO2,4.0,2
B004LGPU5E,4.5,2
B004Q78I2K,5.0,2
B00BDJ82YS,5.0,2
B004PWGTFE,4.5,2
B004LK11SA,5.0,2
B00BDJNH2A,5.0,2
B004Q6VUYY,5.0,2
B004XJNZEW,5.0,2
B004USSFC8,5.0,2
B004Q13P4C,5.0,2
B004ZKTBG0,5.0,2
B004XJNZAQ,5.0,2
B004Q6NEBG,5.0,2
B00BDJN5XQ,4.5,2
B004UQL018,5.0,2
B004LK5AMS,4.5,2
B004VWEAHC,4.0,2
B004US2YJI,4.0,2
B004LEP0O2,5.0,2
B000CER1PG,5.0,2
B004PWIZ0Q,5.0,2
B00B108WMG,5.0,2
B00AYIGKMU,5.0,2
B004UOATP8,5.0,2
B000CP2LZU,5.0,2
B004LHE0JK,5.0,2
B004VUBP5O,5.0,2
B004LB980C,5.0,2
B004LLB9WW,4.0,2
B004VUBNQU,5.0,2
B004R7PDTU,4.0,2
B004PZP4HU,4.5,2
B00B45TBDM,4.5,2
B000EGK4D8,4.5,2
B004XJNQ9G,5.0,2
B004X6UEO4,5.0,2
B004LKGRH0,5.0,2
B00B11ZGQU,4.0,2
B00B46KUY0,4.0,2
B004VUQ9R8,4.5,2
B004XJNKP6,5.0,2
B000C1W2U8,5.0,2
B004LL59EQ,5.0,2
B000CP4TE6,5.0,2
B000CP3XKM,5.0,2
B00BAKUG9O,5.0,2
B00AYHYWE4,4.5,2
B004USS12M,5.0,2
B004XJNLP0,5.0,2
B004USSBH2,4.5,2
B000EGK4BU,4.5,2
B004LH1BT2,4.5,2
B004USSEJC,4.5,2
B004USSCOE,5.0,2
B004UPZS7Q,4.5,2
B00BDJAJD0,5.0,2
B004Q3HY06,5.0,2
B004XJNQ28,5.0,2
B004URWUOI,5.0,2
B004Q35TE4,5.0,2
B004USSC6M,5.0,2
B00B2A2OTC,4.0,2
B004LE68FC,4.0,2
B00B3PHNO2,4.5,2
B004R7P7SC,4.0,2
B004Q3NO0K,5.0,2
B000BOA73A,4.5,2
B00B8TKIF4,5.0,2
B00IGXBKYI,5.0,2
B004UT3E82,5.0,2
B00B8P7GO4,5.0,2
B004X6TSAK,4.5,2
B004R7N34W,4.5,2
B004ZI14WG,5.0,2
B00BDJHZAA,4.5,2
B004LLG0IA,4.0,2
B004X7PFTM,4.5,2
B00B44TZAC,5.0,2
B004R7LHF4,4.5,2
B004Q6H9GM,4.0,2
B000CP0PJ4,5.0,2
B004PZ6R7Q,5.0,2
B00AYGVWKC,5.0,2
B004Q29UWM,4.0,2
B00B3N3DSO,4.5,2
B00BDJE5DA,5.0,2
B004ZH5O2I,4.5,2
B000C1ZBBU,4.0,2
B004XJNZNS,4.5,2
B004VXYIUK,5.0,2
B004PXY5WC,5.0,2
B00BAHAXEK,5.0,2
B004XJNPEM,5.0,2
B004R7OKAI,5.0,2
B004ZHAZ9U,4.5,2
B00B3R568A,5.0,2
B004USNDSO,4.5,2
B00BDJPMZK,4.5,2
B000C1Z9L2,4.0,2
B004Q6J83Y,5.0,2
B004Q1F9CI,5.0,2
B000BOZ3PW,4.5,2
B004URRFZC,4.0,2
B004Q6WZ0C,5.0,2
B004ZKYID6,5.0,2
B00B3S40X6,5.0,2
B00B8ONW8E,5.0,2
B004X7HVH6,5.0,2
B004XJNQIC,5.0,2
B004USRVZK,4.5,2
B004VXWDU2,4.5,2
B004Q72Q96,5.0,2
B00B8P865W,5.0,2
B00B0ZL9SQ,5.0,2
B00B3R5JZK,5.0,2
B00AYH8X2Q,5.0,2
B004ZM8I94,5.0,2
B00ICPQ71Q,4.5,2
B004LGXF1K,5.0,2
B004USS8JI,5.0,2
B004X80AQO,5.0,2
B00AYHC1K6,5.0,2
B004LHF77Y,4.5,2
B00B3ND5DW,4.5,2
B000EGKAD2,5.0,2
B004X7Q870,5.0,2
B004VUBVYY,4.5,2
B004O2D77S,5.0,2
B004L9IDVO,4.5,2
B004V9THIC,4.5,2
B004V94TM6,4.5,2
B004VN2OGK,5.0,2
B004XE0D9W,5.0,2
B000BO515O,5.0,2
B00B2CGNIS,5.0,2
B004XDY76I,5.0,2
B004QK97PY,5.0,2
B004QVOC7Q,5.0,2
B004XDLQG2,5.0,2
B004QK5SS4,5.0,2
B004V9UMO0,5.0,2
B004VN2AL4,4.5,2
B004QVMPV6,5.0,2
B004KRYR1C,5.0,2
B004QVL1SE,5.0,2
B004VA9O02,5.0,2
B004VACEBS,4.5,2
B004KRYNMU,4.0,2
B00BDW6YN6,5.0,2
B004QJMYUU,4.5,2
B00B0P9WIA,4.0,2
B004KS0QW0,4.5,2
B004QWH68M,5.0,2
B004QJQBF4,4.5,2
B004QJQJJW,5.0,2
B00B2O1HO6,4.0,2
B004KS0OQI,4.0,2
B00IGL9EIO,5.0,2
B00B0PLB98,4.5,2
B004QWBF34,4.0,2
B004KS0JXQ,4.5,2
B004KS0J54,5.0,2
B000BO6ES2,5.0,2
B00B2N0QGW,5.0,2
B000BO52M6,5.0,2
B004V8X2SO,4.5,2
B00IM3H40Q,5.0,2
B004VAUCYO,5.0,2
B004KRYKHI,5.0,2
B004KRVEKO,5.0,2
B004KRVDZ0,5.0,2
B004VBNKN8,4.5,2
B000CMJRQO,4.0,2
B004QV97K8,5.0,2
B000EM79M6,5.0,2
B004KRV92C,4.0,2
B004QV8MTA,4.0,2
B000ELP9VU,4.0,2
B000EM79TE,5.0,2
B000EM79U8,5.0,2
B004KQUWPS,5.0,2
B004QKLQVC,5.0,2
B00B9M9YZ0,5.0,2
B000BO4YK2,5.0,2
B00B9M9YKU,5.0,2
B00AY3RZ3S,4.0,2
B000EM7A3E,5.0,2
B004KQL9GY,4.0,2
B00B2ITPW8,4.5,2
B004KRX7OA,5.0,2
B004VN14HK,4.5,2
B004QKA8WK,4.0,2
B004VB094G,4.5,2
B004ZWMFHA,4.5,2
B00IKI41HM,4.0,2
B00AY3UCZQ,5.0,2
B004VBA3J2,5.0,2
B004QKC2LK,4.0,2
B00IBZH540,4.5,2
B00BDZF3NA,5.0,2
B004VMZVNO,4.5,2
B004KRXC0Y,5.0,2
B004QKC3DM,5.0,2
B000EM16DY,4.5,2
B004V8WV3Q,5.0,2
B004QWMXPS,5.0,2
B004KTEVKW,5.0,2
B004V51036,4.0,2
B000C1UAV6,4.0,2
B004KTHMZI,5.0,2
B004KTHJB0,5.0,2
B000C1Z5JS,5.0,2
B004V5W3OQ,5.0,2
B000EIKGTS,5.0,2
B004QIW7BW,5.0,2
B004QIZJ3U,4.0,2
B004KTIS3I,4.5,2
B004KTD8RY,5.0,2
B000EINEO2,4.5,2
B000EIPU7G,5.0,2
B000CMQHAI,4.0,2
B004X8L96Y,5.0,2
B00B9BLVXE,5.0,2
B004X8LFW2,4.5,2
B004X8LJXC,5.0,2
B004KSUOCC,4.5,2
B00BDTGVI2,4.0,2
B000C1Z5K2,5.0,2
B004KS0RK6,5.0,2
B004KTSZ7C,5.0,2
B000C1Z5Y8,4.5,2
B000EIJHN4,5.0,2
B004KTM4JM,4.5,2
B000CJPF40,5.0,2
B004QXF99E,5.0,2
B004QIA0YS,4.0,2
B004QXETZE,4.0,2
B000BO6K90,4.0,2
B004V50JAG,5.0,2
B00B0OQAFE,4.5,2
B004KTJLZC,4.0,2
B004KTJCXS,5.0,2
B004KTJ026,4.5,2
B00B0OUADC,5.0,2
B000BO6H4I,5.0,2
B000C1Z5W0,4.5,2
B00IGGT394,5.0,2
B004XEQTP4,5.0,2
B000C1Z5GG,5.0,2
B004V8KLL0,4.0,2
B00B0P804C,5.0,2
B004KS2PHO,5.0,2
B004V8CXG6,4.5,2
B00B2P7IG6,5.0,2
B000BO6G5I,5.0,2
B000C1Z19W,5.0,2
B004QJMYTQ,5.0,2
B004VNIL7Q,4.5,2
B000EK0592,5.0,2
B004V8OIZK,4.5,2
B004V8VAS8,5.0,2
B004KS2K2E,4.5,2
B004VNIBQM,4.0,2
B00B2PAW32,5.0,2
B004QJL1QI,5.0,2
B00B9N16ZU,4.0,2
B00B2PGCZO,5.0,2
B00B0P64YU,5.0,2
B004VO7Z5O,4.5,2
B004VNV47U,4.0,2
B004VNV434,5.0,2
B004V753NM,5.0,2
B004VNV41G,5.0,2
B004QWPLRK,4.5,2
B00B9NUTXK,4.5,2
B004V754DG,5.0,2
B000BO6H34,5.0,2
B00B2PLY7K,4.0,2
B00B2PGYX4,5.0,2
B00B2PGM9A,5.0,2
B000EJ5CNW,4.0,2
B004KQH8QY,5.0,2
B004L9GXDO,4.0,2
B000C1Z33Q,5.0,2
B004KIMXXA,5.0,2
B004QOPKT2,4.0,2
B004VJ1CGW,4.5,2
B000EMBK44,4.0,2
B004QOQ3I4,4.5,2
B004QOURZ4,4.5,2
B004QOV1AE,5.0,2
B004VJAXE4,4.5,2
B004QP3VVA,4.5,2
B004KIGK02,5.0,2
B004KIGEKI,4.5,2
B00B9K4UT2,5.0,2
B004QQU022,5.0,2
B000C1UB8S,4.5,2
B000CL7BT0,5.0,2
B00IKDJSCK,4.5,2
B00BE7G08Y,4.0,2
B00BE5CAPI,4.0,2
B004VMR5OM,5.0,2
B00BE5D6MY,4.5,2
B004X9HC96,5.0,2
B00IGJVAXI,5.0,2
B004VHBSUE,5.0,2
B004KKI512,4.5,2
B00BE5SPDY,5.0,2
B00AY1L6N0,5.0,2
B004XA3DZW,5.0,2
B000CL6H7C,4.0,2
B004VIFPT8,5.0,2
B004QOLUG4,5.0,2
B004QONEG8,5.0,2
B004VMPF1W,5.0,2
B00500ZRJY,4.5,2
B004VIUFC0,4.5,2
B004XADCYE,5.0,2
B004XAX2FI,4.0,2
B00BEEB3UW,4.5,2
B00501IXF8,5.0,2
B004KGF2RG,5.0,2
B004VLSAGK,5.0,2
B004XAWLAA,4.0,2
B00501RXHC,5.0,2
B004VLXARY,4.5,2
B004XAWMQI,5.0,2
B00B9IW078,5.0,2
B004VLXBFK,5.0,2
B00AY14P38,4.5,2
B00501YUFA,5.0,2
B004XAWOQQ,4.5,2
B00B9JJP7U,5.0,2
B004XAWNJ4,5.0,2
B004KG6NZG,4.0,2
B00AY14O48,5.0,2
B000C1Z1R4,5.0,2
B00B0UFX1U,5.0,2
B00IJNR8BE,5.0,2
B004KHC7RI,5.0,2
B004VKHOA4,5.0,2
B004QP7WEM,5.0,2
B00BEDBD4O,4.0,2
B004QQK996,4.0,2
B004QQJYV0,4.5,2
B00B9K4GX2,5.0,2
B004VMI9V0,5.0,2
B00501A13K,4.0,2
B00B9K4966,4.0,2
B004XAZSLY,5.0,2
B004QPG82Y,5.0,2
B004VKIC6O,5.0,2
B00501A9RS,5.0,2
B004QQJYTM,4.0,2
B004XAMEBG,4.0,2
B00B9K45Y2,5.0,2
B00B9HSD1Q,5.0,2
B00AY14THK,5.0,2
B004XAZRJ2,5.0,2
B00BEDVWR2,5.0,2
B004QPI6K6,5.0,2
B004VH5OPE,5.0,2
B004VMXQAE,5.0,2
B00AY2Q0XU,4.5,2
B00B0RHZQ4,4.0,2
B004QTKHDG,4.5,2
B000C1Z3YU,5.0,2
B004VEL1XQ,5.0,2
B004KP21BC,5.0,2
B00B2HAULO,5.0,2
B004KP20XQ,5.0,2
B004XCLZ3C,5.0,2
B00B9GBLZM,4.0,2
B004VEWIYW,4.0,2
B00B9GGUQC,5.0,2
B004QT0ZCE,5.0,2
B00B2HB0S6,5.0,2
B004QNH0CS,4.5,2
B004KOYNT6,4.5,2
B004XCJZ52,4.0,2
B004VFK334,5.0,2
B004QNK6S8,5.0,2
B004VFMYA4,5.0,2
B004QS3JUK,5.0,2
B004QLSTHA,4.5,2
B00BE2OYEQ,5.0,2
B004VD77GC,5.0,2
B00AY3LXO0,5.0,2
B00B0XFTUC,4.5,2
B004QUBTK0,5.0,2
B004KP5GJQ,4.5,2
B000CMFU1A,4.5,2
B00B9M9J14,5.0,2
B004VDOVDO,5.0,2
B00B2HIS86,4.0,2
B004ZY5CWS,5.0,2
B004KP5GIW,4.0,2
B004VMWE2U,5.0,2
B004KP5G9Q,5.0,2
B00B0RHJB0,5.0,2
B004QM1NYK,5.0,2
B00BE36WW2,5.0,2
B004ZZ6582,5.0,2
B004VMVJ9Y,5.0,2
B004X8OL9G,4.0,2
B005005TX8,5.0,2
B00B2E8KM8,4.0,2
B00B9GIT2A,4.0,2
B00B0RST64,4.5,2
B004QS6VSW,4.5,2
B00500G3X8,5.0,2
B004KMQLCA,5.0,2
B004VG91VS,5.0,2
B00B2G0X1W,5.0,2
B004QST98G,5.0,2
B004KMGNX2,4.0,2
B004VGMFSY,5.0,2
B000C1UB5G,5.0,2
B00BE5BKK4,5.0,2
B004QO5CRW,5.0,2
B004KMXQMS,5.0,2
B000CLJ1SO,5.0,2
B004QNZB1A,5.0,2
B004QSDE14,5.0,2
B000C1Z1KG,4.0,2
B004KNTOXC,4.0,2
B004KNNFVO,4.0,2
B004QNLWDQ,5.0,2
B00B2H4FRE,5.0,2
B00B0RJHQA,5.0,2
B004QNNRRU,5.0,2
B004KNJPIQ,5.0,2
B00B2H4C4A,4.5,2
B00B2GSPM6,4.0,2
B00B9GIDEO,5.0,2
B000C1UBWY,5.0,2
B004QNVHV8,4.5,2
B004VG0NWY,5.0,2
B004QNYP76,5.0,2
B000BO71H0,5.0,2
B004VPH058,4.5,2
B004V4DXXC,4.5,2
B004V3P25A,4.5,2
B004XJGSO6,5.0,2
B004L5WCS8,4.0,2
B00B8YH5VE,4.0,2
B000C1UDBI,5.0,2
B00B0N8BQQ,5.0,2
B004L5T6PK,4.0,2
B004ZOM33E,4.5,2
B004V2VU0W,5.0,2
B00IGBIHZU,5.0,2
B004V3EQJ8,5.0,2
B004R7F9XA,5.0,2
B000C1Z6SI,4.0,2
B004L5T6NW,4.5,2
B000BOA3F2,4.0,2
B004VSAKOS,5.0,2
B004QC04HM,5.0,2
B00B0NBNAC,4.5,2
B000C1A9XU,4.5,2
B004X8HMEC,5.0,2
B004R7D1T4,5.0,2
B004X8HBN4,4.5,2
B004V1WNN6,5.0,2
B004L5YW1S,5.0,2
B004L6OYMY,5.0,2
B00B2B4MBY,4.5,2
B004R7IX4W,4.5,2
B004QBAUCC,4.5,2
B004L5ZX5W,5.0,2
B00B3D2V9G,4.0,2
B004L5YX5S,5.0,2
B004QBC6KG,5.0,2
B000C1W6YK,4.5,2
B004L5Y5C4,5.0,2
B004XJHU4I,5.0,2
B004R7I5K4,5.0,2
B004QBLIBY,5.0,2
B004V23YNS,5.0,2
B00B8YBUZG,5.0,2
B004R7H8R0,5.0,2
B004V2AVN4,5.0,2
B004R7H0HI,4.5,2
B004V3SRLG,5.0,2
B000C1Z6ME,5.0,2
B00B2B70WC,4.5,2
B004V3W3ZM,4.5,2
B004ZQ70GM,5.0,2
B004L3ODFU,5.0,2
B00BA3Y4XU,5.0,2
B00B8ZR0AE,5.0,2
B004L3IMD4,5.0,2
B00BA3FNEO,4.5,2
B004L5MYMM,5.0,2
B004R6S906,5.0,2
B004V3XIVK,5.0,2
B004XJ90NC,4.5,2
B004ZQ7378,4.5,2
B00BDLTQT6,5.0,2
B004VRLINQ,4.0,2
B00BA28YBE,5.0,2
B004R6R3SA,5.0,2
B004XJ9TVK,4.5,2
B004VS41HK,5.0,2
B004V3SS24,5.0,2
B004V3STRS,5.0,2
B004QCBGEM,5.0,2
B004VS56AG,4.0,2
B004QCXURS,4.5,2
B000EGVYRS,4.5,2
B004R76OBQ,5.0,2
B00BA4B1CG,5.0,2
B004L5HFQW,5.0,2
B004ZQ594M,5.0,2
B00B8ZIN6Y,5.0,2
B004L5FUPU,4.5,2
B004ZQ6T00,4.5,2
B00BDLMVV6,5.0,2
B004L53M8M,4.0,2
B004QXINHY,5.0,2
B004R7J27Y,5.0,2
B00BDJV7DG,5.0,2
B004XJJVNQ,4.0,2
B000C1Z8AE,4.5,2
B00B8VGHB6,5.0,2
B000CNP3L6,5.0,2
B00IGAMDQU,4.5,2
B004R7J2BU,5.0,2
B004L96NTS,5.0,2
B004VTVBI6,5.0,2
B00AYGDUFW,5.0,2
B00B2B174E,4.0,2
B000C1W6PY,4.5,2
B004Q8E3JG,5.0,2
B004UW58N8,5.0,2
B00B2B2S2E,4.5,2
B004R7IZYA,4.5,2
B004UV51OA,5.0,2
B00B3LNKF2,5.0,2
B00IGWCOLM,4.5,2
B004XJNKFQ,4.5,2
B004L9BV68,5.0,2
B00B0LUIT6,4.0,2
B00BDJST1E,5.0,2
B004L99SFE,4.5,2
B00IJHKTQ6,4.5,2
B004Q86HOA,5.0,2
B00BAF6WME,5.0,2
B00BAEZUNW,5.0,2
B000C1W6HW,5.0,2
B004VTVK64,4.0,2
B00B8UN2RE,5.0,2
B004UWRUZ2,5.0,2
B004ZNC9RU,4.5,2
B004UWXWOU,5.0,2
B00ICLABB2,5.0,2
B004XJIB0A,5.0,2
B000EGPLHC,5.0,2
B004QB8SJO,5.0,2
B00B3FM0N6,5.0,2
B004QB8UWE,4.5,2
B000BOA5B4,5.0,2
B000EGOKW4,4.0,2
B004ZNFF12,5.0,2
B004VSW352,4.5,2
B000C1W6V8,5.0,2
B00B3DAL48,4.0,2
B00B0YOO66,5.0,2
B00B8WVC5Q,5.0,2
B004V1NMW2,5.0,2
B00BAARHM8,4.0,2
B004UZOSRM,5.0,2
B00BADY6VK,5.0,2
B004VTFQDM,4.5,2
B000C1W6QS,5.0,2
B00ICNNB4E,4.5,2
B004VTCWQ6,4.0,2
B004R7IZT0,4.5,2
B004XJIBO6,4.5,2
B004R7IZNQ,5.0,2
B004R7IZL8,5.0,2
B00BDKFYFM,5.0,2
B000C1W6TU,4.5,2
B004L8634Y,4.5,2
B000EGP532,4.0,2
B004UYSG8A,5.0,2
B00B0YXGLA,5.0,2
B00BAB6EH6,4.5,2
B004X8GMNO,4.5,2
B000C02TYI,5.0,2
B00B3ANFGC,5.0,2
B00B9V4U8W,5.0,2
B004QZY3JE,5.0,2
B004ZSXV8Q,4.5,2
B004KZIRT2,4.0,2
B004X8JU5Q,5.0,2
B004X8JVX2,5.0,2
B004KZH810,4.0,2
B004QEI0KS,4.0,2
B004V44RV4,5.0,2
B000EHN1SW,5.0,2
B000CIFGK4,5.0,2
B004QZNNZY,4.0,2
B004V45E4I,5.0,2
B004QEI6DY,5.0,2
B004QEI6LQ,5.0,2
B004KZKY3O,4.5,2
B00BDTDN88,5.0,2
B004V43Z4Y,5.0,2
B004L08CV4,5.0,2
B004ZRL288,4.5,2
B004L076FC,5.0,2
B004ZRME1C,4.5,2
B004L04Y2K,4.5,2
B004KZMJQY,4.5,2
B004ZS9ILA,4.5,2
B004L01NVA,5.0,2
B004V44BKG,4.5,2
B004KZXJK4,5.0,2
B00B9V7UNE,4.5,2
B004QEG2ZI,5.0,2
B004V44JIA,5.0,2
B000BO8QLK,4.5,2
B00B2YUUI0,4.5,2
B000C1Z64C,4.0,2
B004KXOK7C,4.0,2
B004V45KXS,4.5,2
B000CISKWA,5.0,2
B00BDTF2PA,5.0,2
B004V48D1E,4.5,2
B004VPHSP0,5.0,2
B000C1UC7I,5.0,2
B00B9QJPUA,5.0,2
B00BDTFB8I,4.5,2
B00B2T6782,5.0,2
B00IKI76YC,5.0,2
B004KVBX4M,5.0,2
B004V45NG2,5.0,2
B004QXVO20,5.0,2
B000EIHM2M,4.0,2
B004KUCLXA,4.0,2
B004QH8B0E,4.5,2
B004ZVY9M0,5.0,2
B00B2SZ6I0,5.0,2
B004QXRA8M,5.0,2
B004KUA5RY,5.0,2
B004QI3BBC,5.0,2
B000BO7E04,4.5,2
B004XFY8M4,5.0,2
B00IJU054E,5.0,2
B00B2UU5FC,4.0,2
B00IJJNY4I,4.0,2
B000EI4FM2,4.0,2
B004QEP0J2,4.0,2
B00AY55178,5.0,2
B004QZL4O6,5.0,2
B004KXHTK2,5.0,2
B004ZUJ0SE,4.5,2
B004V46LQ8,4.0,2
B004QZGC3E,4.5,2
B000CNIHEQ,5.0,2
B00B978OYW,4.5,2
B004QZ6KOA,4.5,2
B00BDTEV66,5.0,2
B004VPSPOS,5.0,2
B004ZV84ZI,5.0,2
B004KVZTWY,5.0,2
B000BO8RWS,4.0,2
B00B95JIRQ,4.0,2
B004QDTK5S,5.0,2
B004X8HY2M,5.0,2
B00AYCK3B0,5.0,2
B004V422M0,5.0,2
B00AYBZMA8,5.0,2
B004L1NFUQ,4.0,2
B00BDNGNCC,4.0,2
B000EH4TMO,5.0,2
B004XIP3VG,4.5,2
B004XJ30EC,5.0,2
B004R6HORK,5.0,2
B004QDX91O,4.5,2
B00B2BP43E,5.0,2
B00B0YJQPK,5.0,2
B00B9ZQ7M0,5.0,2
B004X8IBRE,5.0,2
B00AYBMXN2,5.0,2
B004V42ILU,5.0,2
B00B0O1AIG,4.0,2
B00B388A4Q,4.5,2
B00AYCKK68,5.0,2
B004X8HWGK,5.0,2
B00B388BX6,5.0,2
B004R6Q8WC,5.0,2
B00BDLU672,5.0,2
B004L2NRBM,5.0,2
B004VRL9Q2,4.0,2
B00AYCOSSY,5.0,2
B004QDNRLQ,4.5,2
B004QDOBQG,5.0,2
B004R6Q7VY,4.5,2
B00IM0WCKG,4.0,2
B004R6OFW2,5.0,2
B00B3A4DX6,4.5,2
B00ICE6GIQ,5.0,2
B000CNKIVG,4.5,2
B00B0NQ5EG,5.0,2
B000EH2KRA,4.5,2
B004ZQ7WL0,5.0,2
B004X8JIS0,5.0,2
B004V43BKC,5.0,2
B004R2LNNK,5.0,2
B004XHCPBS,4.0,2
B00AYA6LTK,5.0,2
B00BDSWT5M,4.0,2
B00IGOY4CW,5.0,2
B004ZQSTMQ,4.5,2
B004QECGYE,4.5,2
B00B31YSL2,5.0,2
B000CFIIF2,5.0,2
B000C1Z69M,5.0,2
B004QECJSC,5.0,2
B000BO8WUU,4.5,2
B004L0BXKG,5.0,2
B00BDTCTJC,5.0,2
B004R148X8,4.0,2
B004XG3Y6E,5.0,2
B00BDTD26Q,4.5,2
B004ZQNWL4,4.0,2
B004R2T58A,4.5,2
B000CG8APO,5.0,2
B004V42SEW,5.0,2
B004VR82BW,4.5,2
B004ZQ920O,4.0,2
B004L1ED3E,5.0,2
B00B9ZQ1TY,4.5,2
B004VR80DC,4.0,2
B000C1W708,5.0,2
B004VR7FI8,5.0,2
B004ZQ94N4,5.0,2
B000BO9E0C,4.0,2
B00B91TM2G,5.0,2
B004XIBUKO,5.0,2
B004R4O63W,4.0,2
B004R4BJ4Q,5.0,2
B004ZQ99NY,5.0,2
B004R457EY,4.0,2
B00B0Y34FI,5.0,2
B004V42Y8W,4.5,2
B004LN1LDC,4.5,2
B000C1UFOS,5.0,2
B004OHBAB8,4.0,2
B004N9YCJY,5.0,2
B00B1R4BI8,5.0,2
B004YNW0O8,4.0,2
B00BBCX3UU,4.5,2
B000C21A64,5.0,2
B000C219YW,5.0,2
B004OH76VG,5.0,2
B00BCKZ0SY,4.5,2
B00B5K29R6,5.0,2
B00B1FI8VQ,5.0,2
B004TIATHI,4.0,2
B004S3X2FU,4.5,2
B004S3WEWM,4.0,2
B004XZMJCK,5.0,2
B00B5JZ1CM,5.0,2
B004WB9XP6,5.0,2
B004XZMDNU,4.5,2
B00B1RHT9Q,4.5,2
B004OHKKOQ,4.5,2
B004S43Y16,4.0,2
B004XZPFLW,4.0,2
B004S45ZOA,5.0,2
B004WPHUC0,4.5,2
B004S4ES70,4.0,2
B00IDCEIJ6,4.5,2
B004S4DEO8,5.0,2
B00IDBYPZ4,5.0,2
B004OH77DI,5.0,2
B00B6ZEUGI,4.5,2
B004WC2W6M,5.0,2
B00II8S8LY,5.0,2
B004NATS8S,5.0,2
B004S4ATU0,5.0,2
B00AZNCZMI,5.0,2
B004WC2JTW,5.0,2
B004NA7QUU,4.5,2
B004THHDQY,5.0,2
B004THM8DC,4.0,2
B00B1PR2WM,4.5,2
B00BCJCRXQ,5.0,2
B004NA1GRO,5.0,2
B004OH9DC6,5.0,2
B004OH9E0C,5.0,2
B004Y01CJK,5.0,2
B004THNY7G,5.0,2
B004XZU2Q0,5.0,2
B000C219TW,5.0,2
B00B1EOTRE,4.5,2
B004TLNRQU,5.0,2
B00BCN83Z8,5.0,2
B004XZEUPY,5.0,2
B004N8C8ZA,5.0,2
B004TLOZRK,5.0,2
B004TM3GBK,4.5,2
B004N7ZN5I,5.0,2
B004XZEUJA,4.0,2
B00B5IAAG0,4.0,2
B004S37ZNK,5.0,2
B00B1RVVZY,5.0,2
B000E7WFXY,5.0,2
B004OJJRYI,4.5,2
B000CBXE6O,5.0,2
B00IL9C9ZG,5.0,2
B00BCNA7VG,4.5,2
B000BROG3Y,5.0,2
B000BROAV2,5.0,2
B000E7WFY8,4.5,2
B00B1SA0H8,5.0,2
B004OJJS2E,4.5,2
B004N70XBC,5.0,2
B004N6YOO0,5.0,2
B00II6PL5M,5.0,2
B00B1F4HC0,5.0,2
B00BCMLVLW,5.0,2
B004TIOWYE,5.0,2
B00BCLS14I,4.5,2
B004OHUVR2,5.0,2
B004N98HXQ,5.0,2
B004OHYMVI,4.5,2
B004OI3JHU,5.0,2
B004YQMTX2,5.0,2
B004TLBF9Q,4.5,2
B000C1VWKO,4.0,2
B00AZCR57O,5.0,2
B00B1F1OE4,5.0,2
B004WAUIVU,4.0,2
B00II7P2XM,5.0,2
B00B73XUVK,4.5,2
B004WQ257O,5.0,2
B004N8Z5B4,5.0,2
B004NAWR9K,4.0,2
B004WP4ST8,4.5,2
B00BCBODMW,4.0,2
B004YLKSE4,4.5,2
B004TDVUVW,5.0,2
B004YLNX8M,5.0,2
B000BW51TC,5.0,2
B004TEKVTS,5.0,2
B004TENWGM,5.0,2
B004Y1BA64,5.0,2
B000E7UDSS,5.0,2
0558925278,4.0,2
B00IEUB78W,5.0,2
B00BBEBFXK,4.5,2
B00B1OOYA6,4.5,2
B004S7LNDE,5.0,2
B000BW74B0,5.0,2
B000CADGS6,4.5,2
B004S80A50,5.0,2
B004TDRG4M,5.0,2
B004OFFAHK,5.0,2
B004TCTDO4,5.0,2
B000BTCIKK,5.0,2
B000E7SU2O,5.0,2
B004NGYFX0,5.0,2
B00IICYUGM,5.0,2
B00B1OET4M,4.5,2
B004OEVMV4,5.0,2
B00B6TBMUG,5.0,2
B004WP6TWC,5.0,2
B004YLB5MS,5.0,2
B004TDQF2G,5.0,2
B004TDQVS4,5.0,2
B004Y1UQTQ,4.5,2
B004TDR7IC,5.0,2
B004WEKLVI,4.5,2
B004TDRBSS,5.0,2
B004OG7WPW,4.0,2
B004S6NYLE,5.0,2
B004OH4K74,5.0,2
B004NDB1CG,4.0,2
B004S5ZYMW,5.0,2
B004NCJBI8,4.0,2
B004NC94E4,4.0,2
B004WCWYNI,5.0,2
B004TGXTHW,4.5,2
B004NC471Y,5.0,2
B004S532KS,4.5,2
B004S532DA,5.0,2
B004S52NDA,5.0,2
B004NBK2NW,5.0,2
B000C21B8G,5.0,2
B004OH5VAE,4.5,2
B004YNE7YE,4.0,2
B00B1POCJI,4.0,2
B000CZ2Y5C,5.0,2
B000C21B5Y,5.0,2
B004Y0RB6S,5.0,2
B00B5LB1TC,4.0,2
B004NEEZTQ,5.0,2
B000C21BK4,5.0,2
B00AZF9SPI,4.0,2
B004NEDUZ6,5.0,2
B004WEG2WA,4.5,2
B004NEALY4,5.0,2
B000BW75OG,4.0,2
B000CB5IUY,4.5,2
B00AZF932G,5.0,2
B000CB6YK2,5.0,2
B000BW7MXU,5.0,2
B004Y0V2C2,5.0,2
B004WDKL82,5.0,2
B000DIN998,5.0,2
B004TGHAGS,5.0,2
B000E7UDYW,5.0,2
B004Y0TNDW,5.0,2
B004TGLEM4,5.0,2
B004WPGX00,5.0,2
B004WD2IRE,5.0,2
B00AZMQY30,4.5,2
B004N6JO7W,5.0,2
B004OJTKF4,4.0,2
B004YUBZXS,4.0,2
B00AZO6D84,5.0,2
B00B59QP22,5.0,2
B004MU3X8U,4.5,2
B00B7D6RH4,5.0,2
B00B59LCIE,5.0,2
B004YUAMZA,4.5,2
B000CSWMA6,5.0,2
B004MTZV1S,5.0,2
B004WTEOQG,4.0,2
B004MTYVHS,5.0,2
B004WTU83E,5.0,2
B00B1D3WL4,5.0,2
B004XVZWOQ,5.0,2
B004OQYBEW,5.0,2
B000C1UFFW,5.0,2
B004MUGWSI,4.0,2
B004YTNLUO,5.0,2
B000CCIHPQ,5.0,2
B004TPNL2G,4.0,2
B00AZ8G3NA,5.0,2
B00AZ8G2CC,5.0,2
B004W8D9RC,4.5,2
B004YTP7LA,5.0,2
B00BB9W8ZY,5.0,2
B00AZ8BPVK,5.0,2
B004OOVTIU,4.5,2
B004MUIGH8,4.5,2
B00AZ8BAQA,5.0,2
B000E7YJW4,5.0,2
B004TPNOQ4,5.0,2
B004MUHVOC,5.0,2
B004YU6N5I,4.5,2
B004OP9IXC,5.0,2
B004RXCDB0,4.5,2
B00BCOLYVM,4.0,2
B004RVXAHS,5.0,2
B000E7YKE6,4.0,2
B004ORDD4K,4.0,2
B004TQMYDM,5.0,2
B004RVL9GM,5.0,2
B004ORDF0M,5.0,2
B00B7HDHMS,4.0,2
B00AZ6IPA6,5.0,2
B004RVHMPE,4.0,2
B00B56CUY2,5.0,2
B000CCOVEM,5.0,2
B004RVF22Y,5.0,2
B000C21668,5.0,2
B00AZOY3TK,5.0,2
B00B52ITLO,5.0,2
B004TQNNQ4,4.0,2
B004ORSZHA,5.0,2
B004MSS6MA,5.0,2
B00B19JV72,5.0,2
B004RV4FP4,5.0,2
B000E7YKIC,5.0,2
B004TQNV8E,5.0,2
B00B7K85YA,4.0,2
B004W5WB88,4.0,2
B00B589R6O,4.0,2
B004OR6OLY,5.0,2
B004OR2F12,5.0,2
B00BCOO0FY,5.0,2
B00AZ74WNE,5.0,2
B004TQH806,4.5,2
B000BRB5U6,5.0,2
B004MTNYA8,4.5,2
B004WTYJYI,4.0,2
B00AZOTXQS,4.5,2
B000CCOMV4,5.0,2
B00B1C3A30,4.5,2
B004WTZRB2,4.5,2
B004YW6P0Y,4.5,2
B004XVVSDA,5.0,2
B00BCOW2B8,4.0,2
B00AZOUZ2O,5.0,2
B004RW90GC,5.0,2
B004TQH8U6,5.0,2
B004YWGSNI,4.5,2
B004TQMQQM,4.5,2
B004XVSUV8,5.0,2
B004W8GF32,4.5,2
B000BWP29G,5.0,2
B004TMOPTC,5.0,2
B004N3V38S,5.0,2
B00B5FVNQE,4.0,2
B000CSXO3K,5.0,2
B004N2Z33U,4.5,2
B00B78ZBFS,4.5,2
B004S2D09E,4.5,2
B00AZBRXCC,4.5,2
B00AZBPWZW,5.0,2
B004N2VHYO,5.0,2
B00B792HD6,5.0,2
B00II0U64O,4.5,2
B00B1T3HUY,5.0,2
B004N2RXZQ,4.0,2
B004W9DY3K,5.0,2
B004YSD0NI,4.0,2
B004OKF0BG,5.0,2
B00BBCVMOE,4.5,2
B00B1TBVPW,5.0,2
B00B1DRGWA,4.5,2
B004OKG7HM,5.0,2
B00AZNMDSY,4.0,2
B004N3X9FS,4.0,2
B00B1SVYTQ,5.0,2
B004TMPEOW,4.5,2
B004WQIC76,5.0,2
B004WQFKJ4,5.0,2
B004N5TN38,5.0,2
B000C1VWNG,5.0,2
B004XYQHKQ,4.0,2
B004TMIF16,4.5,2
B000BWLONE,5.0,2
B004TMMI3W,4.0,2
B004S2SCSI,4.5,2
B004WA8XUS,5.0,2
B004N5MJ2U,5.0,2
B000CC6XI4,5.0,2
B004N53U46,5.0,2
B004YRSFHA,4.0,2
B004TMNWSC,5.0,2
B00II2AQ6A,4.5,2
B004TMNYTY,5.0,2
B00B5GEWU2,4.5,2
B004XXPKLY,5.0,2
B004YRT95W,5.0,2
B004N4XMPE,5.0,2
B004YRTN4O,5.0,2
B00B79KHMO,5.0,2
B004OKGDWG,5.0,2
B004ON3TMA,5.0,2
B004N0YKVS,4.5,2
B00B5EJK5Q,5.0,2
B004YTG31I,5.0,2
B004TNWYM6,4.5,2
B004TNX8JE,5.0,2
B004OLSLBQ,4.0,2
B004XWD8BE,5.0,2
B004W933IQ,5.0,2
B00ID991QE,4.5,2
B004XWAMP4,4.0,2
B004YTGL6K,5.0,2
B004TO3Y9W,4.0,2
B004TO56I4,5.0,2
B000BWQZHY,5.0,2
B004XW9OYY,5.0,2
B00BBAP2ZQ,4.0,2
B00ID8HBJ4,4.0,2
B000E7YJO2,5.0,2
B004TO5HL0,4.5,2
B00B5EDBNS,4.0,2
B004XW8EBI,5.0,2
B00BCO4MSO,5.0,2
B00B5EKNUM,5.0,2
B004YTEAI6,5.0,2
B004N2MRBQ,5.0,2
B004S0J9O6,4.5,2
B004TMTYSY,5.0,2
B00BBAZ634,5.0,2
B000C1VWR2,4.0,2
B000CSXNZY,5.0,2
B004N2IL4I,5.0,2
B004TN2QRO,4.0,2
B004YSZE1E,5.0,2
B004TNC6GA,4.0,2
B00B7BDULW,5.0,2
B004YT2S6M,5.0,2
B00BCNSL4G,5.0,2
B000BRK3AE,4.0,2
B00AZNU9XU,4.5,2
B004XWKWPO,4.0,2
B004YT5S0A,4.0,2
B004TNEUX2,5.0,2
B004W9B1H6,4.5,2
B00BCNTVUY,5.0,2
B004OLKV1Y,5.0,2
B004TNF4TQ,4.5,2
B004OLNHSS,5.0,2
B004S8CGW0,5.0,2
B004TCR2Z6,5.0,2
B00BARCEA6,5.0,2
B004NRLE8I,4.0,2
B00IEC9WUA,5.0,2
B00B1IL162,4.0,2
B00BBXGR1Q,4.5,2
B004NSO3EO,4.5,2
B004SUH21I,5.0,2
B00B666X80,5.0,2
B004NS2G98,5.0,2
B004NRQ2QW,4.5,2
B00BBLA0AM,4.0,2
B004NRKE8E,5.0,2
B004ST6M4W,5.0,2
B00B1I67O8,5.0,2
B004SI9VMS,5.0,2
B004O4UCYC,4.5,2
B004SI9UYW,5.0,2
B00B667OZG,5.0,2
B004SUR5Z6,5.0,2
B004SUSLTU,5.0,2
B004Y77DK0,4.0,2
B004O4ZMP6,5.0,2
B00B66SGK8,4.5,2
B00BBXDCQ4,5.0,2
B004SUGTSK,5.0,2
B00BBXAGVI,5.0,2
B004SJYWV2,5.0,2
B000C1VTSY,4.0,2
B004SJNHUE,5.0,2
B004NUI8Z2,5.0,2
B00B1M3WII,5.0,2
B004SJ8VYQ,5.0,2
B00IINKBEG,4.5,2
B00BBU7KDI,5.0,2
B000C2366G,4.5,2
B004SJ4VUE,5.0,2
B000BTLPUO,5.0,2
B000C2JCVE,5.0,2
B000C235QW,5.0,2
B000C235H6,5.0,2
B00IEC9VT2,5.0,2
B004NTL6UW,5.0,2
B000C2347M,5.0,2
B004SUAQES,5.0,2
B004YD48AM,4.5,2
B00B5WI3PG,4.5,2
B004NTJYNI,5.0,2
B004WNUNMQ,4.5,2
B004SUUQ7K,4.0,2
B004WLJDI8,5.0,2
B004YE971Q,5.0,2
B004O85694,5.0,2
B004YEBRWS,5.0,2
B00B6BS60S,4.0,2
B000C31KAY,5.0,2
B004YECM7C,4.5,2
B004O8KXCY,5.0,2
B004NQ3BVW,4.5,2
B004SGQZJM,4.0,2
B004WLC6UA,5.0,2
B004SVLBAU,5.0,2
B004O999FU,4.5,2
B004YEDB3G,5.0,2
B004Y6E28W,4.5,2
B004WLBJWQ,4.5,2
B00B6EDNAI,4.5,2
B004O999GO,4.5,2
B004WL8AB4,4.5,2
B00B5UBF6C,5.0,2
B004O999I2,5.0,2
B000C232MO,4.5,2
B004YEDB54,5.0,2
B004WL3VCC,5.0,2
B00BBK4H20,5.0,2
B00IEG3Q76,5.0,2
B00B672QMG,4.0,2
B004YDIBPK,4.0,2
B004NQSDN8,5.0,2
B00B67C5JU,4.0,2
B004O5IWA2,4.0,2
B004YDKCPM,5.0,2
B004SI62VQ,4.5,2
B004SUVU98,5.0,2
B004SI50CS,4.5,2
B004O5Y9DG,5.0,2
B004YDTM9Y,5.0,2
B004NQPPO8,4.5,2
B00AZIZ0JS,5.0,2
B00IEEZ14Y,5.0,2
B00B68SA3O,5.0,2
B000BVIYQA,5.0,2
B00IEFXHCQ,4.0,2
B004WNVLKY,5.0,2
B004YE855K,5.0,2
B004WLCUMO,4.0,2
B004SHXX7I,5.0,2
B000C2G0WS,4.5,2
B004NUYNPG,4.0,2
B004S8CJNG,4.5,2
B000C238JG,4.5,2
B004O15178,5.0,2
B00IKTU8YG,5.0,2
B000BU7SBI,5.0,2
B000BU7S7W,4.5,2
B004O3BUR6,4.0,2
B00BBQKVHY,5.0,2
B000C1VTPM,4.5,2
B000BU5ISS,5.0,2
B00B1KVU34,4.0,2
B004WMJDS2,4.5,2
B004SKV6MO,5.0,2
B000BUW098,4.5,2
B000C238T6,4.5,2
B000BUWWYQ,4.0,2
B000BTWCJW,5.0,2
B00B626S7A,5.0,2
B004O3NA24,4.5,2
B000E3FHM4,4.5,2
B004WLWTKM,4.5,2
B00IE3H3R8,4.0,2
B004O161V8,4.5,2
B004WMAQFG,5.0,2
B004WMAVY2,4.5,2
B004SNMIQY,5.0,2
B00BBOPZGI,5.0,2
B004O277T2,5.0,2
B000E3445K,5.0,2
B004O2MD82,5.0,2
B00IE2HJ96,4.5,2
B000BUQQLQ,4.5,2
B004SNCWYM,4.5,2
B00IK56FBK,4.5,2
B004SNAO0Q,4.5,2
B004SP0SJG,4.5,2
B00BBOF3U6,5.0,2
B004O2QJ64,5.0,2
B004SPAADK,5.0,2
B000BUDL82,5.0,2
B00BBOCSU4,4.5,2
B004O1831E,4.0,2
B00B6256EG,4.0,2
B004O3AJ2S,4.5,2
B00B61I7N4,4.0,2
B000BUCFA2,4.0,2
B000E3FHR4,5.0,2
B004SQ0T9E,4.5,2
B004O3TZ00,4.0,2
B004YAFEDA,5.0,2
B00BBT91MM,5.0,2
B004WLQS8Q,5.0,2
B004YAG3D0,5.0,2
B004NWLT2E,5.0,2
B00BBT9OVU,5.0,2
B00BBTDG6E,4.0,2
B004NWFUF6,4.5,2
B00B1LG07E,5.0,2
B004NWDMRO,5.0,2
B004O3VG8O,5.0,2
B00IILYWCK,5.0,2
B004SK5OHC,4.0,2
B000E3YLDK,5.0,2
B000C236WU,4.5,2
B004Y7MRZ6,5.0,2
B004NVT580,4.0,2
B000C1VTQQ,5.0,2
B004SKB1RO,5.0,2
B00B1K194O,5.0,2
B000E28F60,4.5,2
B000BTSLBA,5.0,2
B004NYGMVU,5.0,2
B00B5Z6FUS,4.5,2
B00B5YX1VA,4.5,2
B00IKTTNYC,5.0,2
B00B5YJT4I,5.0,2
B004NXLI42,5.0,2
B004NXJGFK,5.0,2
B004NXIZMK,5.0,2
B00B5YDJM6,5.0,2
B004SRBB4U,5.0,2
B004SRBOU6,5.0,2
B004WLRG64,4.0,2
B004WMMXXY,5.0,2
B00B6EEZCI,4.5,2
B004WL3RVM,5.0,2
B004SFRTKC,5.0,2
B00B1H3Y4U,5.0,2
B00BBGMPC8,5.0,2
B004YHBA90,5.0,2
B004SAG692,4.5,2
B000C1VVPU,5.0,2
B004T8930M,4.5,2
B004OC664O,4.5,2
B000C1VVXC,5.0,2
B004NJR5TI,5.0,2
B00BBGM640,4.5,2
B004WOSKIO,4.0,2
B00B6EG9G8,5.0,2
B000C60BEW,4.5,2
B004WOSTAS,4.0,2
B004NJJIWK,5.0,2
B004NJJIV6,4.5,2
B00AZG8DEY,4.0,2
B000E7SS6M,4.5,2
B00B5NVANM,5.0,2
B004S9U2WU,5.0,2
B004OCBF4A,4.5,2
B004S9SKUG,4.0,2
B00BBGX1I0,4.0,2
B004T7W2A6,5.0,2
B00B6R1X8E,5.0,2
B004YGR0FY,5.0,2
B000E0E3TU,4.5,2
B00B5PFPXG,5.0,2
B00AZJBIGG,5.0,2
B004Y4YPVS,4.5,2
B004T6PT5C,5.0,2
B004OBKPEC,5.0,2
B004SB9X7S,4.0,2
B004T6R4XW,4.5,2
B004WI80ZI,4.0,2
B004WI80LW,5.0,2
B004SB9HL0,5.0,2
B004YH3FWK,5.0,2
B004SB4IW8,5.0,2
B004Y4L53Y,5.0,2
B00IKXZQXA,5.0,2
B000E7SRXQ,5.0,2
B000C1VSYY,5.0,2
B004SAW3MG,4.0,2
B00IKT0NV4,4.5,2
B004NLM8MK,4.5,2
B004NIZJ5G,4.0,2
B00BC5HVY0,4.5,2
B004OE6LEW,5.0,2
B004NHQ12M,4.0,2
B004TBU6LE,4.5,2
B000C1VSR6,5.0,2
B00B6T0EH8,5.0,2
B000DZHTS8,5.0,2
B004NHP2V8,4.0,2
B004YKSRB6,5.0,2
B004Y4HIPI,5.0,2
B004YKUVJC,5.0,2
B004YL1GMM,5.0,2
B000C1VSQW,5.0,2
B000C7QV68,4.0,2
B000E7SSJO,5.0,2
B004WP49WE,4.0,2
B000E7ST6G,5.0,2
B000E7STCA,5.0,2
B004YL1ZT6,5.0,2
B004TC1U1I,5.0,2
B000DZCNB6,4.0,2
B00BC9IJ88,4.5,2
B004TCPZTG,5.0,2
B00B6T0CA2,5.0,2
B00AZKWTOK,4.0,2
B000E7SS8K,4.5,2
B004Y4HUWO,5.0,2
B004S9PUG8,5.0,2
B004TB4PAW,4.0,2
B004WGM6S2,5.0,2
B004NHWP3Q,5.0,2
B004NHWOYQ,4.0,2
B004Y4HU24,4.0,2
B004S8X7QO,5.0,2
B004WG5ODQ,5.0,2
B004NHVTYM,5.0,2
B000C1VSXK,5.0,2
B004S8N1L0,4.5,2
B000E7SSBM,5.0,2
B004QPS9QW,5.0,2
B004NHVTRO,4.5,2
B00AZKN4LW,4.0,2
B004YJOMUW,4.0,2
B004YJRP1A,5.0,2
B004TBQG40,4.0,2
B004TBTFMU,5.0,2
B004SBVI2G,4.0,2
B004T4QXS6,4.0,2
B004SEGUEE,4.5,2
B000E5D418,5.0,2
B004SZUM9M,5.0,2
B000E5HW8O,5.0,2
B004O9PS50,5.0,2
B004YF7SZ2,4.5,2
B000C1VU8I,5.0,2
B004SECAF2,4.5,2
B00IDTQE5K,4.5,2
B004T0YXLY,5.0,2
B004Y65MDQ,4.5,2
B004WKQX8W,4.0,2
B004NNF2PI,5.0,2
B004NNDSCM,5.0,2
B000C231D4,5.0,2
B004NNAMG2,4.0,2
B004YFIAHC,5.0,2
B000E0I5J4,5.0,2
B000C4GPKS,4.0,2
B00BC3A6JO,5.0,2
B000C230XA,4.0,2
B004WKHFCK,5.0,2
B00IDQ2D08,4.5,2
B004WO9D5S,5.0,2
B004O9EHMU,5.0,2
B000C232D8,4.5,2
B00BC02AW8,4.0,2
B00IIPI6CS,5.0,2
B004WO0CPS,4.5,2
B000C2329C,5.0,2
B004SF3Z9G,4.5,2
B004SEPRIY,4.5,2
B004SY5Q6W,4.5,2
B004NOXJB6,4.0,2
B004WKWZ5M,5.0,2
B004SY7016,4.0,2
B004SYO5R8,5.0,2
B00B6FGXQ8,5.0,2
B004NOUP2M,5.0,2
B00BBK1HLE,4.0,2
B004NORUTS,5.0,2
B00BC2IES0,5.0,2
B000C23210,5.0,2
B00IK4BCPK,5.0,2
B004SCZU7E,5.0,2
B004NMH900,5.0,2
B00IIQC6FA,4.5,2
B00IDOC512,5.0,2
B004NMTJJY,5.0,2
B00B6MOAKC,5.0,2
B00BC3UQXU,5.0,2
B004NMT74Q,4.0,2
B004T4KWOM,4.5,2
B004OAQZ9W,5.0,2
B004WJEK8S,5.0,2
B00B5PHQIS,5.0,2
B004T4LVUQ,5.0,2
B00IDKDLQE,5.0,2
B004YGR01S,5.0,2
B004OATXUU,4.5,2
B000E7H6PQ,5.0,2
B00B5PGXE6,5.0,2
B004OAUDYK,4.0,2
B004SBW9GK,5.0,2
B004OAXXDI,4.5,2
B004SBW0XC,5.0,2
B000E0G0F0,4.5,2
B004WJEMSG,4.5,2
B004T19PS4,5.0,2
B004T38QSW,5.0,2
B004SCZRXG,4.0,2
B004O9XXAW,5.0,2
B004NMXZ30,5.0,2
B000BTHBHA,5.0,2
B004SCNG98,4.5,2
B00B6L0LJW,5.0,2
B004Y5F4YE,4.0,2
B004WK2CQE,5.0,2
B004NMXO54,5.0,2
B000E6MRYC,4.5,2
B000E6R472,4.5,2
B004NMXBXE,4.5,2
B004T32YZ8,4.0,2
B00BC3DDCQ,4.5,2
B004T36TPY,5.0,2
B004SCCME8,4.5,2
B00IDOET2U,5.0,2
B000C1VV7I,4.0,2
B00B6LLCWC,5.0,2
B00B51V3Y0,5.0,2
B004MSMRBG,4.5,2
B004WU00CW,5.0,2
B004UEH9RY,5.0,2
B00IH1VYUO,5.0,2
B000CQZX4K,5.0,2
B004UDWDRG,5.0,2
B004LXL4CU,4.5,2
B004LXL4BG,5.0,2
B004PCXCM2,5.0,2
B004Z7KLWQ,4.5,2
B00BAZOTHE,5.0,2
B004LXL47A,5.0,2
B000C1VZQK,5.0,2
B00B06H4SY,5.0,2
B00B4I2Q22,5.0,2
B004LXL2HM,4.0,2
B004XLQUS8,4.5,2
B00BAZDC7C,5.0,2
B004Z8SAT6,5.0,2
B004PECEHO,5.0,2
B00B06GJ30,4.5,2
B004XMNBYS,5.0,2
B00B87S3JO,5.0,2
B004PBX71E,5.0,2
B004UD597W,4.0,2
B004LXMRP8,5.0,2
B000C1VZR4,5.0,2
B004LXMR1W,4.5,2
B004RDV168,5.0,2
B00BB0ITSS,4.0,2
B004UDQ69W,5.0,2
B00BB0FFYE,4.5,2
B004X2O8X6,5.0,2
B00AYQN98A,5.0,2
B004PC7JBM,5.0,2
B004UDRUDI,4.5,2
B004Z6LQZI,4.0,2
B004PCDGGY,5.0,2
B004UDSB0E,5.0,2
B00BDCGR4W,4.5,2
B004X2OWXW,5.0,2
B004PEMBCC,4.0,2
B004PENXOC,5.0,2
B00BAZCDAY,5.0,2
B00B4H66CO,5.0,2
B00AYNU1AM,5.0,2
B004LXJUR6,4.0,2
B004XK7I1W,4.5,2
B004UH74Y4,4.5,2
B000C2103M,5.0,2
B004PI1RF0,5.0,2
B004RCILOO,5.0,2
B004RCI78O,4.0,2
B00B22GT2I,5.0,2
B004UI2ASS,5.0,2
B004RCEWF6,5.0,2
B004UI4BW6,5.0,2
B00AYMLKA8,5.0,2
B004LXJQNY,5.0,2
B004XK5S7I,5.0,2
B004W0S1NM,5.0,2
B00IH1DJGG,4.0,2
B00BAZBPZ8,4.5,2
B004LXKZSO,5.0,2
B004RCWCIU,5.0,2
B004X2V3Z2,4.0,2
B00BAZB5GC,5.0,2
B000C2108M,5.0,2
B000C1W064,5.0,2
B004PG3TUS,4.0,2
B004LXKVO2,5.0,2
B00B078IOC,4.5,2
B004RCV0PG,5.0,2
B004UGIWLE,5.0,2
B00B17WS9W,4.5,2
B004PH1WZQ,5.0,2
B004LXJVT8,5.0,2
B000CQYKTO,5.0,2
B004RCSJS2,5.0,2
B000CQYIOQ,5.0,2
B004PH3JXE,5.0,2
B004RDZ4PC,5.0,2
B004W1UUHG,4.5,2
B00AZP4BT6,4.5,2
B004RJ0H0I,5.0,2
B00IJ4MC4Q,5.0,2
B004P9JLZM,4.0,2
B00B86JGZU,5.0,2
B004W1X3RA,5.0,2
B00BD63AKM,4.0,2
B004XN0I9I,4.5,2
B004RJR82S,5.0,2
B00AYSIOVK,5.0,2
B000C211UE,4.5,2
B00ILPR5BS,5.0,2
B004Z2TJ1K,5.0,2
B000CEAOAK,5.0,2
B004Z2TJF6,4.5,2
B00AYRZLZI,4.5,2
B004Z2TLE0,5.0,2
B00B4KLVA8,5.0,2
B000C1VZ60,5.0,2
B004P9J4SG,5.0,2
B004P9BZR4,5.0,2
B00ICZ75WG,5.0,2
B004UANCQ0,5.0,2
B00B20YC7O,5.0,2
B00AYU8N46,5.0,2
B00AYU8EDQ,5.0,2
B00B4MQKXY,4.5,2
B00IKNNJQQ,5.0,2
B004LZW9IG,5.0,2
B004RLBW46,5.0,2
B000C212J4,5.0,2
B004W1YOSM,4.0,2
B004X25Y7K,4.5,2
B004Z2T8VQ,5.0,2
B004X29Y2G,5.0,2
B000C1UEV2,4.0,2
B00B21ARJK,5.0,2
B004RL3C8A,5.0,2
B004RKPIDS,5.0,2
B000C212DA,5.0,2
B004P99UCG,5.0,2
B004X2HI2E,5.0,2
B004LYOZT8,5.0,2
B00B18BYGY,4.5,2
B004PBQ9XM,4.0,2
B004LXOPVC,5.0,2
B000CECS9A,5.0,2
B004LXOPLW,4.5,2
B00B4IDGDK,5.0,2
B004RDZ5GU,5.0,2
B004LXOODQ,5.0,2
B004W1VR28,5.0,2
B00B87RSHC,5.0,2
B004UD13RM,4.0,2
B004X2MXEM,5.0,2
B004XMUSJ4,5.0,2
B004UD3OQ0,4.0,2
B004UD3VTA,5.0,2
B004XMUS58,4.5,2
B00IFHTYBG,4.0,2
B004LXOQGQ,5.0,2
B004UC3BR8,4.0,2
B00BD79ZQY,5.0,2
B004LYJN2C,4.0,2
B004LYIGZW,5.0,2
B004LYBFE6,4.5,2
B004UBJMEA,5.0,2
B00B03ETMG,4.5,2
B00ICYPBMS,4.5,2
B004LY4OVC,5.0,2
B004LY4OTE,4.5,2
B004PAZ2ZY,4.5,2
B004UBO0UQ,5.0,2
B004LXYTV8,4.0,2
B004XMWBOY,5.0,2
B00IH6CP52,5.0,2
B004UBUPUK,5.0,2
B004UBY7QI,5.0,2
B004LXOQPM,4.5,2
B004RCCPTQ,5.0,2
B00B8AE0DY,4.5,2
B00B8EVM6I,5.0,2
B004LT5D4E,5.0,2
B00AYKM7KM,5.0,2
B004LT46NS,4.0,2
B00BDILYSA,5.0,2
B004PRY19K,5.0,2
B004R7R8CA,5.0,2
B004LT0VNM,5.0,2
B004LT0CAO,5.0,2
B004XJO4CY,5.0,2
B004PRY1A4,4.0,2
B00B27FS5C,5.0,2
B00BDIO81U,4.0,2
B004PS06V6,5.0,2
B004PS91RQ,5.0,2
B00B8HSRW2,5.0,2
B00B0F3SP8,5.0,2
B004LSBZQ0,5.0,2
B004VYXKTO,4.5,2
B00AYKS6PM,4.5,2
B004PRUUY0,5.0,2
B004ZFYV1K,5.0,2
B004LT5FBK,4.5,2
B004PPUKU6,5.0,2
B004X66GE6,4.0,2
B004LTYLF6,5.0,2
B004LTVRBW,5.0,2
B00BDII5TG,5.0,2
B000CQ65CY,5.0,2
B004LTN0XU,4.0,2
B004PR3CM2,4.0,2
B00B4A5WUI,5.0,2
B000EGIEHG,4.0,2
B00B4A35WK,5.0,2
B00B49EHLE,5.0,2
B004UMEUC8,5.0,2
B00BDIKFPS,5.0,2
B004LTE16A,4.5,2
B004R85QM8,4.5,2
B004VYZSY4,4.0,2
B004R7WMGC,5.0,2
B004XJO4Y2,5.0,2
B00BDILDNQ,4.0,2
B00IFVUWNQ,4.5,2
B00BAXUWSQ,4.0,2
B00B8I9K1I,5.0,2
B00BAXNOUO,5.0,2
B004LRVBOM,5.0,2
B004VYEY7Q,4.5,2
B004UMUN1A,4.0,2
B004PUM49G,4.0,2
B00B48VJUM,4.0,2
B00B0FUYPA,5.0,2
B00BDJ18F8,5.0,2
B004LP6GI0,5.0,2
B004ZH0NFQ,5.0,2
B004LOOUNO,4.0,2
B00B8M43SY,4.5,2
B004X6JQQG,5.0,2
B004R7QLWS,5.0,2
B00B0G245C,4.0,2
B000C1ZDT0,4.0,2
B004LO5D08,4.0,2
B004LO4Q2Y,5.0,2
B004R7QKPQ,5.0,2
B00B48FBKG,5.0,2
B00IH0B2M0,5.0,2
B004PUXU08,5.0,2
B004LNVM2W,5.0,2
B00BDJ4AC6,4.5,2
B004UO1GXW,5.0,2
B000CQ0ZQQ,5.0,2
B00B27R166,4.5,2
B000C1W18Q,5.0,2
B004PUIJAY,5.0,2
B004XJO3YI,5.0,2
B00B14NLNM,5.0,2
B00BDIT770,5.0,2
B000CEMTXU,5.0,2
B004XJO3EI,5.0,2
B00B8KVHVW,5.0,2
B004ZGQBM6,4.0,2
B00B0F5DHO,4.5,2
B004LQSFBA,5.0,2
B004XJO2HG,5.0,2
B004R7QQ0A,5.0,2
B004LQFI1K,4.0,2
B00IJCFNHQ,5.0,2
B004R7QPBU,4.5,2
B00B49CSOC,5.0,2
B004LPJ6L4,5.0,2
B00B27QX42,5.0,2
B004ZGRWHY,5.0,2
B004PPHUMW,5.0,2
B004XJO56O,5.0,2
B004LXHLM2,5.0,2
B00B08ZLVE,4.5,2
B004PJI84M,4.5,2
B00BAYLK2W,5.0,2
B000C1W0TQ,4.5,2
B00IJ69RM4,5.0,2
B000BP3ZAG,5.0,2
B004W03SF8,4.0,2
B004LXDC8O,5.0,2
B004UJDOFU,5.0,2
B004X555JO,4.5,2
B004LX2258,5.0,2
B004W03EES,5.0,2
B004PKDJ7M,4.0,2
B000EF3M60,5.0,2
B00B8B8O1M,5.0,2
B00B23CL4C,4.5,2
B00BAY7A5I,4.5,2
B004XJOF2S,4.5,2
B004XJODZC,5.0,2
B004LWUEJK,5.0,2
B00BAZ26EM,5.0,2
B004RC2GDQ,5.0,2
B00B8BBK4U,5.0,2
B004X3ZJW4,4.5,2
B004ZAAIHQ,5.0,2
B004PJ4OVS,5.0,2
B004PJ5EQ2,5.0,2
B004UIDRP8,4.0,2
B004PJ5OM6,5.0,2
B000BZ5Q1C,5.0,2
B004LXHQ54,5.0,2
B000EEX4ZA,5.0,2
B00BDH205M,5.0,2
B004ZAKU88,4.0,2
B00B8AK5KG,4.5,2
B000C1UEF8,4.0,2
B004W09S84,5.0,2
B004X4JKAK,4.5,2
B00B08KH0O,5.0,2
B00BAZ2PNO,5.0,2
B004RC5FAM,5.0,2
B004LXHNKC,5.0,2
B000CEEX3O,4.5,2
B00B237YNK,4.5,2
B00B23DP06,4.5,2
B00BAY4MGS,4.5,2
B00B4ALQQW,5.0,2
B004RAW7W8,5.0,2
B004PM180U,5.0,2
B004VZV2OS,5.0,2
B004VZHHVK,5.0,2
B004RAJ17C,4.5,2
B00B23P0FE,5.0,2
B000BP1R9W,5.0,2
B004VZ2C88,4.5,2
B004RAIYK2,4.5,2
B00B16SOSM,5.0,2
B00BDH81PA,4.5,2
B004LUH7ME,4.5,2
B00B8DOIUQ,5.0,2
B004LUDUGQ,4.5,2
B004R9V2MK,5.0,2
B00BDH9F1O,5.0,2
B004LU2800,5.0,2
B004VZ04GA,4.0,2
B004R9JAN8,5.0,2
B004R9GWW0,5.0,2
B004LU0V9A,5.0,2
B004R9DJTO,4.0,2
B00IJBGNC6,4.5,2
B004ZELRQ8,5.0,2
B00AYLBLGW,5.0,2
B004LUQN38,5.0,2
B004ZBQKR2,4.0,2
B00B23HPTI,4.0,2
B004LWH268,5.0,2
B000EFCULI,5.0,2
B004UKT21O,4.0,2
B004LWEUS6,4.0,2
B004PKQ2Q2,4.5,2
B00IJA1FHU,5.0,2
B000EFEVYW,5.0,2
B00B0DHVP8,5.0,2
B004UL3EOY,5.0,2
B004LWB2GY,5.0,2
B00B8BQ342,5.0,2
B004XJOCHG,5.0,2
B00BDH7BFQ,4.0,2
B000EFZJQQ,4.5,2
B00BDH7MBE,5.0,2
B004X5MCDQ,5.0,2
B004XJOCEY,4.5,2
B00ICUBIX8,5.0,2
B004LURLD4,4.5,2
B004XJO9SI,4.5,2
B000C1W10O,4.0,2
B000EBOU0Q,4.5,2
B00B7RE8DU,5.0,2
B000BR6RSG,4.5,2
B004RRG13M,5.0,2
B000BR64U2,4.5,2
B00BB8LRKM,4.0,2
B00IHMVJ1M,5.0,2
B000BR64OS,5.0,2
B00BB8LQU8,4.5,2
B004TT1BIS,4.0,2
B004TTIYOC,4.0,2
B004TTJZ9K,4.0,2
B00BD14ZW4,4.5,2
B00B4ZRNU0,5.0,2
B00B4ZBCF2,5.0,2
B004WYFCMG,5.0,2
B000C213XO,5.0,2
B00BB8LPT0,5.0,2
B00AZ04IPI,5.0,2
B004W498AS,4.0,2
B004OUI4KA,5.0,2
B00AZUM96I,4.5,2
B004OUHBPO,4.0,2
B00ILJZVKG,4.5,2
B00BCV88XM,4.0,2
B000BR7VF4,4.5,2
B004OU6JDO,5.0,2
B00BCVANDA,4.0,2
B00ILK7VCQ,5.0,2
B00BCVAPHY,5.0,2
B00B7P8GJE,5.0,2
B000E8PG8Y,5.0,2
B00B503YK2,5.0,2
B00IIWYNXC,4.5,2
B004RRG394,5.0,2
B004MMFHRI,5.0,2
B004MLXOYC,5.0,2
B00AZ0YSHQ,4.0,2
B00AZ0T43O,5.0,2
B000BYF36G,5.0,2
B004YZK3PO,4.5,2
B004MKI2MM,5.0,2
B00BB8LBH6,5.0,2
B00AYZPJ9I,4.5,2
B00B7UGZ2O,5.0,2
B00BCZGENO,5.0,2
B004XRJKDO,5.0,2
B004OXCHFU,4.5,2
B004MIV6JA,5.0,2
B004RRDR4S,5.0,2
B004TXCUP2,5.0,2
B004W3WM16,4.5,2
B004OXE4HY,5.0,2
B004MIG2TE,5.0,2
B004OXE69A,4.0,2
B00B4XV6NC,4.5,2
B000C1VXNK,4.0,2
B004MGRF0G,5.0,2
B00B1Z21G4,4.5,2
B004MGREYS,5.0,2
B004TY17GE,5.0,2
B004RRC9KQ,5.0,2
B00IEYEYR4,4.0,2
B00B7UXK54,4.5,2
B004WYOPC4,4.5,2
B004OVP1I2,4.5,2
B004MJDGJC,5.0,2
B004Z0JPZ2,5.0,2
B004RRE18E,5.0,2
B00B7TNVD6,5.0,2
B00B4YQ1HW,5.0,2
B004OWWQVG,4.0,2
B004TUT6DY,5.0,2
B00IEY84ZC,4.0,2
B000E9BVUK,4.5,2
B00B4YBTOC,4.5,2
B004OX8PYW,4.0,2
B004WYGJSC,5.0,2
B004TV216M,5.0,2
B004MK8SYE,4.0,2
B004OX8TDE,4.0,2
B004RRDU6I,4.0,2
B004TVGS5W,5.0,2
B004W43T12,4.5,2
B004TWCTK4,4.0,2
B000E9BZHY,5.0,2
B00BB8KWCG,4.0,2
B00B1YV92C,4.5,2
B004RRGOB6,5.0,2
B004RRGXKI,5.0,2
B004YZ2TWO,5.0,2
B000BX2BBW,5.0,2
B004TRJX1W,5.0,2
B004TRPH94,5.0,2
B004MODMTG,5.0,2
B004XVJK94,5.0,2
B004RSZ71S,4.0,2
B00AZ5SVF6,5.0,2
B004WWP9SK,5.0,2
B004YWTP5G,5.0,2
B000CSOACE,5.0,2
B004WX21W6,4.0,2
B004RSQ3BQ,5.0,2
B00B1W5XFS,4.5,2
B004OTAK8U,5.0,2
B004W55GX0,5.0,2
B004TS8ZMO,5.0,2
B004OTQQJW,5.0,2
B004RSOAHU,5.0,2
B004TRI886,5.0,2
B004W51EQ8,4.5,2
B004RUYIFM,5.0,2
B004MQA3EG,5.0,2
B00AZPGSUG,4.5,2
B004MQ8IRK,4.5,2
B004MQ8IPC,4.0,2
B004TQO5H0,4.5,2
B00B7L6L04,5.0,2
B00B51KS4Q,5.0,2
B004TQOF9I,4.0,2
B000E7YLTK,5.0,2
B00B51AATO,4.5,2
B00B519Q08,5.0,2
B004TQOQHE,5.0,2
B00B7LRZN6,5.0,2
B004YWTOJI,5.0,2
B004MOSVJM,5.0,2
B004MOR0DA,5.0,2
B00B50NJK2,5.0,2
B00B7MDIYK,5.0,2
B004YZ1YHU,4.0,2
B00BCU6ZNI,5.0,2
B000CD3H5A,5.0,2
B00BCU94JA,5.0,2
B004OTZ5A8,4.5,2
B004MNMUEA,4.0,2
B00BB8MX5A,5.0,2
B000C214OM,5.0,2
B00BCU9XUK,5.0,2
B00BCUT6FM,5.0,2
B00B1XI4OE,4.0,2
B004MNI0IU,5.0,2
B00AZ2ABS4,4.0,2
B00AZ1EFA0,5.0,2
B004OU1AWE,5.0,2
B00AZ1B0TE,4.0,2
B004MNHEVY,5.0,2
B004XU9OKK,4.0,2
B000E84XL0,4.0,2
B00B7NG8AK,4.0,2
B004YYP5WQ,5.0,2
B004RRH4OC,5.0,2
B00B195I7Y,5.0,2
B000BR7Y9W,5.0,2
B004RRH3V6,5.0,2
B004WYB90U,4.0,2
B004OTYAVS,5.0,2
B00B50BR1K,5.0,2
B004MO8KPC,4.0,2
B004TSBWKQ,5.0,2
B004TSAH8O,5.0,2
B00B50MM1Y,4.0,2
B00B7MDR6O,5.0,2
B004WXNQT8,5.0,2
B004W50XGA,5.0,2
B004RS9AI4,4.0,2
B00AZS0Y1C,4.0,2
B000C1VXF8,4.0,2
B004MO2CGA,4.0,2
B004TSAOXC,5.0,2
B004W4TZPQ,4.0,2
B004RRHTZ6,5.0,2
B00B7MVSLK,4.5,2
B004MNVJSS,5.0,2
B004WYRIA0,5.0,2
B000C212XU,4.0,2
B004M7SDK6,5.0,2
B00AYYJCLA,4.0,2
B004P4N5QS,5.0,2
B004XOATDM,5.0,2
B004XO07FW,5.0,2
B004U6KO88,4.5,2
B000CDMA1W,5.0,2
B00ID0ET74,5.0,2
B004OY24C0,4.5,2
B00ILOC4EM,5.0,2
B00BD3RUNI,4.0,2
B004P509UW,4.5,2
B00BD3S0GY,5.0,2
B00BD3S23U,5.0,2
B000C212XA,5.0,2
B004M7AUP2,5.0,2
B000CR0K1K,5.0,2
B000C1VYIE,5.0,2
B00B8430QI,5.0,2
B004P57OVE,5.0,2
B004X1QXRQ,5.0,2
B004U7G20Q,5.0,2
B00AYYLE0W,5.0,2
B00IF82BHE,5.0,2
B004M8YZD4,5.0,2
B004P2ZSAQ,5.0,2
B00AZXXLSK,5.0,2
B004M8URU4,4.0,2
B004M8RPDG,5.0,2
B00ILO8RLG,4.5,2
B00IKQEM4G,4.5,2
B004XOLZQW,5.0,2
B004RPVAMQ,5.0,2
B00B83JLPI,5.0,2
B004P3IYF6,5.0,2
B004X1PTL2,4.5,2
B004X1Q02E,5.0,2
B00IK06BUK,5.0,2
B004Z22B42,4.0,2
B004XOLOJK,5.0,2
B004U5WT96,4.5,2
B004M7W370,4.0,2
B004XOINVM,4.5,2
B004U672W4,4.5,2
B004Z25GOO,5.0,2
B004M6ZGNE,4.0,2
B004U7GDCI,5.0,2
B00B4N8ZFE,5.0,2
B004RP9GKO,4.0,2
B004Z2LJQS,4.0,2
B000BQKEGS,4.0,2
B004ROZHYY,4.5,2
B00IFF0QAQ,5.0,2
B004X1SQQC,4.0,2
B000CR0H68,5.0,2
B004P7SX9Y,5.0,2
B00B18G2L6,5.0,2
B000BQ7XGW,5.0,2
B004ROUVVS,5.0,2
B00B209RQA,5.0,2
B00BB1DPOA,5.0,2
B004XNCBX4,4.0,2
B000C212P8,5.0,2
B004M1V6G0,5.0,2
B000BQ51WA,5.0,2
B00BB19UJ4,5.0,2
B004UAJAB6,5.0,2
B000EBML7A,5.0,2
B004Z2HU3E,5.0,2
B004XNP618,5.0,2
B004M3IUYE,5.0,2
B004RPOR0I,5.0,2
B00AYY5OAS,5.0,2
B00BD3SCOY,5.0,2
B004X1S1RQ,5.0,2
B004P596TM,5.0,2
B00BB3JYES,4.0,2
B004P5DCMY,4.5,2
B00B84XCL6,4.0,2
B004Z260Q2,5.0,2
B004U7PGX0,5.0,2
B004P5OH3C,5.0,2
B004U7QYXG,5.0,2
B004U7QZLM,5.0,2
B004U7UUKE,5.0,2
B004W2OQIO,4.0,2
B00BB3JWX6,5.0,2
B004P6AGE0,5.0,2
B00IFF03RC,4.5,2
B00B4NEBLQ,4.5,2
B004M3Q4HE,5.0,2
B00IF7MJJA,5.0,2
B004RR6SGC,5.0,2
B004OZK1S8,4.5,2
B004OZKRGE,4.5,2
B00AZWWJKW,5.0,2
B00ID1FAB2,5.0,2
B004MCGA60,5.0,2
B00IHIQNXK,5.0,2
B00B4VE1LI,5.0,2
B004OZT2QU,4.0,2
B004Z1RW0G,4.5,2
B004MC8K5E,5.0,2
B00BD3ORSE,5.0,2
B004OZT2SI,4.0,2
B000E9JR24,5.0,2
B00AYZBDNO,4.0,2
B004OZT33W,4.0,2
B00B7V70R2,5.0,2
B000E9JR4C,5.0,2
B004U20UQ8,5.0,2
B004XQ9OU4,5.0,2
B004U26IWI,5.0,2
B004W3CE5A,4.0,2
B004XQ9O4U,4.0,2
B00B4XM5GY,5.0,2
B00B18Y7RM,5.0,2
B004TZ9ZAS,5.0,2
B004OYDLN6,4.5,2
B004WYVLQW,4.5,2
B004TZCT1A,5.0,2
B004MEWOQS,5.0,2
B004TZGS2Q,5.0,2
B004OYG0ZW,4.0,2
B004Z1LD8S,5.0,2
B00B4WR1ZK,4.5,2
B004Z1LOOQ,5.0,2
B004MDRFQS,5.0,2
B00BB8JSP8,5.0,2
B004TZLK10,4.5,2
B004Z1NE4Y,5.0,2
B004XQ9PDK,5.0,2
B00B4W2JCU,4.5,2
B004W3GKRI,5.0,2
B00B7V28RY,5.0,2
B00AYZJJSU,5.0,2
B00B7VACI6,4.5,2
B004U2JGEK,5.0,2
B000CDEDGW,5.0,2
B00B7VAP42,5.0,2
B004U3XNRU,5.0,2
B004X1ANPY,4.0,2
B00B7WHI0K,5.0,2
B004P19YHA,5.0,2
B000BYNDR2,4.0,2
B004RPYH5I,4.0,2
B000EA908O,5.0,2
B000BR4DY6,5.0,2
B00B81Q6JO,4.0,2
B004XOTJA6,5.0,2
B00B81R2E2,4.0,2
B000EADOGS,4.5,2
B004MAJWPI,5.0,2
B004Z1X4BW,4.0,2
B004M9ZNOI,5.0,2
B004P28DSK,5.0,2
B004RPX5MO,4.0,2
B000CR3YE0,4.5,2
B00B83I44W,4.5,2
B000BR49B8,5.0,2
B004MB0670,5.0,2
B000C1VY66,5.0,2
B004Z1S0MK,5.0,2
B00BD3OU72,5.0,2
B004OZVSVC,5.0,2
B004U2RMJ6,5.0,2
B00BB7EENU,5.0,2
B00B4TR45A,5.0,2
B004U33ZAK,4.0,2
B00BD3PGCA,5.0,2
B000CR4LA6,5.0,2
B004MBFVQG,4.5,2
B00B18POEC,5.0,2
B00B4TCRA2,4.5,2
B004U3QWNW,4.0,2
B004MBCVDC,5.0,2
B004NHVTS8,5.0,2
B000XEFIS2,5.0,2
B00502IN0W,5.0,2
B007KWNXVE,4.0,2
B007KWOV9C,4.5,2
B007KWPSBC,5.0,2
B007KWQQ86,5.0,2
B007KWRK36,4.5,2
B009F5GCQW,5.0,2
B009F3XIPW,4.0,2
B007KWRO64,4.5,2
B009F3JL6W,4.0,2
B007KWSV6Q,5.0,2
B009EZDC6Q,5.0,2
B007L088F6,5.0,2
B007L0BIN0,5.0,2
B007L0N162,5.0,2
B007L0NPZE,4.5,2
B007L1HK04,4.5,2
B007L1SOJK,4.5,2
B007L28NFY,5.0,2
B009F028DS,4.5,2
B009F7E8QQ,4.5,2
B007KT8SVC,4.0,2
B007KSWF6W,4.5,2
B007KJ06FS,5.0,2
B007KJ2C78,5.0,2
B009FGD72S,5.0,2
B009FG5O4W,4.0,2
B007KLC9TM,5.0,2
B007KLG5S8,5.0,2
B009FEISF6,5.0,2
B007KMDYKE,4.0,2
B009FC1ES6,5.0,2
B007KMUTWA,5.0,2
B007KMW7YS,5.0,2
B009FBTLUA,4.5,2
B009FBISJK,4.5,2
B007KO3BMS,4.0,2
B0001TMB7K,5.0,2
B00JVAFHR6,4.0,2
B007KSW6SY,5.0,2
B007L3V38M,5.0,2
B007L9NZSM,4.5,2
B007L8C4G2,5.0,2
B007L8EFVO,5.0,2
B007L8KGLC,5.0,2
B007L8TPCS,5.0,2
B007L8X02E,5.0,2
B009ES0X7Y,5.0,2
B007L91ABQ,4.5,2
B009ERYMMC,4.5,2
B007L9HHG8,5.0,2
B007LAH1M2,5.0,2
B009EYZ34G,4.5,2
B0001MSH16,4.5,2
B007LBVPQY,5.0,2
B007LC6SLK,5.0,2
B00JVLS6Q4,4.0,2
B007LGH1NA,5.0,2
B007LHUBRC,5.0,2
B009ERPCAS,4.5,2
B007LNIBZK,5.0,2
B009ES5Q4O,5.0,2
B007L861XE,5.0,2
B0001N4AJS,4.5,2
B00JVHOY64,5.0,2
B007L50XHW,5.0,2
B007L5AU16,4.0,2
B007L5HZBO,4.0,2
B007L5MMTY,5.0,2
B009EXOJKG,4.5,2
B00JVG3U3I,4.0,2
B007L78R46,5.0,2
B009EX1QUC,4.5,2
B007L7CQH0,4.5,2
B009EWVBTY,5.0,2
B009EVSKF8,4.5,2
B009EVR78E,5.0,2
B009EVR6M6,5.0,2
B009EVNA4O,4.5,2
B007L851Z8,5.0,2
B007L85BVC,4.5,2
B007L85CEI,5.0,2
B009ETZGXO,4.5,2
B009ET3AZU,5.0,2
B007L85XVA,4.0,2
B0001N4AM0,5.0,2
B0001TP05A,4.5,2
B009FGXOOO,5.0,2
B009FGZTNI,5.0,2
B009G0E0U6,5.0,2
B007JR35AE,4.5,2
B009FYTRW4,4.5,2
B007JUVXGE,4.5,2
B007JUVYTU,5.0,2
B007JUW27I,4.5,2
B009FV7526,4.0,2
B009FV65LS,4.5,2
B007JVA9AO,5.0,2
B007JVSJ8S,4.5,2
B007KHF2K4,5.0,2
B009FV0RS0,4.5,2
B009FV06MM,5.0,2
B007JVYH8O,5.0,2
B007JVYIVK,5.0,2
B009FU3O2M,5.0,2
B007JW453K,4.5,2
B009FU2IA6,5.0,2
B007JWJNBO,4.0,2
B0001VUHUG,4.5,2
B007JX3IAA,5.0,2
B0001VUCAQ,5.0,2
B007JQA35K,5.0,2
B007JQ75AQ,5.0,2
B009G2XD20,5.0,2
B007JK40NW,4.5,2
B009G1D61E,4.0,2
B0001XE0AM,5.0,2
B007JNO4EY,5.0,2
B007JNX77O,5.0,2
B007JNZ7EK,5.0,2
B007JO49CK,4.0,2
B009G0EAPQ,4.5,2
B007JOOKE2,5.0,2
B007JYKU6E,5.0,2
B007JYQZZO,4.5,2
B0001TRUL2,4.0,2
B007K9D9NE,4.0,2
B007K9EH3A,5.0,2
B007K9S91Q,5.0,2
B007K9YNXE,4.0,2
B0001TQDOM,5.0,2
B0001TQBLM,5.0,2
B00JV21XRC,4.0,2
B0001TPTSS,4.0,2
B007KCLPNC,5.0,2
B007KD24GS,5.0,2
B009FKHX4W,4.5,2
B009FKH8VA,5.0,2
B009FJHAXM,4.0,2
B007KHAXNK,4.0,2
B007KHBFYG,5.0,2
B007K8EPWO,5.0,2
B009FQC28I,4.5,2
B007K6TFUS,5.0,2
B0001VKWYM,4.0,2
B009FPXC9C,5.0,2
B009FPWKK4,5.0,2
B007JZEJ88,5.0,2
B009FPIBAW,5.0,2
B00JUH5XAQ,4.5,2
B007K1RT0G,4.0,2
B007K30CTO,5.0,2
B007K3BQA8,5.0,2
B007K46N1E,5.0,2
B007K4TOCO,5.0,2
B007K55XDM,5.0,2
B007K5HKJC,4.0,2
B007K697FG,5.0,2
B007K69OG8,5.0,2
B007K6A4I0,4.5,2
B0001TSK02,4.5,2
B007K6BWN6,5.0,2
B007K6BZHE,5.0,2
B007K6CAI2,5.0,2
B007K6LKWE,5.0,2
B007LNSCQI,4.5,2
B007MRTULE,5.0,2
B007MNWJVG,5.0,2
B007MNZRCO,5.0,2
B007MO7FZA,5.0,2
B009DJSUPQ,5.0,2
B007MP15LO,5.0,2
B009DJIE5C,5.0,2
B007MPMSEC,4.5,2
B0001IPZBA,5.0,2
B00JVZJZ8S,5.0,2
B00JVZMQFW,5.0,2
B007MS0DI2,4.0,2
B007MS24AW,5.0,2
B007MS323A,5.0,2
B009DHB59Q,5.0,2
B007MTUGB0,5.0,2
B0001IPZ6A,5.0,2
B0001IPZ5Q,4.0,2
B007MV6EVE,5.0,2
B007MWYCF8,5.0,2
B007MNUMUQ,5.0,2
B009DKJXHY,5.0,2
B007MLCBIO,4.5,2
B009DRLGD6,5.0,2
B007MJKOQC,4.0,2
B007MJW0Y6,5.0,2
B007MJWCDU,5.0,2
B007MJWDGQ,4.5,2
B0001K61SE,5.0,2
B007MKTC96,5.0,2
B009DNG8NS,5.0,2
B007MKW108,4.0,2
B007MKWHDY,4.0,2
B009DMWV9O,5.0,2
B009DLBW9U,4.5,2
B009DL0610,5.0,2
B009DHA4SE,5.0,2
B0001G7EUW,5.0,2
B007N79KZO,4.5,2
B007N7XE6A,5.0,2
B009DCWXXS,5.0,2
B009DCWBTY,5.0,2
B009DCW03G,4.0,2
B007NA9PYW,4.5,2
B007NAMBOS,4.5,2
B0001G765K,5.0,2
B007NC5CYM,4.5,2
B007NFTNZS,5.0,2
B007NG9WZI,5.0,2
B007NGCXE0,5.0,2
B009D9O7WQ,5.0,2
B007NIDGBW,4.5,2
B009D91WRE,4.0,2
B009D8YHKY,5.0,2
B007NIQVF0,5.0,2
B007NIQYFM,5.0,2
B007NIR096,5.0,2
B009DCY354,4.0,2
B007N7349M,5.0,2
B007MXZF12,4.5,2
B007N6YDJS,4.5,2
B0001HA8VS,4.5,2
B007N16I2S,5.0,2
B007N19AAK,4.0,2
B007N1A7ES,4.5,2
B009DG9O0O,4.0,2
B007N2QUGQ,5.0,2
B007N33V0S,4.0,2
B007N3CW26,5.0,2
B009DFQE6W,5.0,2
B007N3RABY,5.0,2
B007N46IJI,5.0,2
B0001G7IMG,5.0,2
B007N4H4P0,5.0,2
B007N5WY2W,5.0,2
B009DF7R40,4.5,2
B009DF7LZU,5.0,2
B007N664RM,5.0,2
B007N6HPAM,5.0,2
B009DEFE64,5.0,2
B007N6JZ4G,4.0,2
B0001G7H6S,5.0,2
B009DRLKZ0,4.5,2
B007LOFKZ8,5.0,2
B009EFN090,4.5,2
B00JVV7DPO,4.5,2
B009EJDPU0,5.0,2
B0001M3KHW,5.0,2
B007M874OS,5.0,2
B007M875OW,4.5,2
B009EGUIGW,5.0,2
B009EGU6T6,4.0,2
B009EGRLBM,5.0,2
B007MAIQIO,4.5,2
B009EGO9QC,5.0,2
B007MCJH3U,5.0,2
B009DRNV1G,4.0,2
B0001M11NM,5.0,2
B007MCWC1Y,4.0,2
B007MEW5Z0,5.0,2
B009EDPUCC,4.0,2
B007MEZ7FK,5.0,2
B0001LONQ0,4.5,2
B007MFACB8,5.0,2
B0001LHD1C,5.0,2
B007M5HUV8,5.0,2
B007M5DJXG,4.0,2
B007LOHIAI,4.0,2
B007LQJYJY,4.0,2
B007LSFCG6,4.5,2
B007LUW208,5.0,2
B007LVIZ8A,5.0,2
B007M0C07W,5.0,2
B007M0DKXA,5.0,2
B009ENYY10,5.0,2
B007M11Y6E,5.0,2
B009EM7O5Y,4.5,2
B009ELWU5O,4.5,2
B007M2CZM0,5.0,2
B007M2HXNQ,5.0,2
B007M2IDYY,4.0,2
B007M2XCMW,5.0,2
B007M2YT2Y,5.0,2
B009ELM2WK,5.0,2
B007MHMLL0,4.5,2
B007MI4KB8,4.0,2
B009DVYBDY,4.0,2
B007MJKDTA,4.5,2
B007MJKE94,4.0,2
B007MJKEBW,5.0,2
B007MJKFAM,5.0,2
B009DUJE7S,5.0,2
B00JVVU5C2,5.0,2
B007MJKGEC,4.0,2
B007MJKGH4,4.0,2
B007MJKGME,4.5,2
B007MJKGQK,5.0,2
B00JVW837A,4.0,2
B0001KOQ22,4.5,2
B007MJKID6,5.0,2
B007MJKIJU,4.0,2
B009DRYAIE,5.0,2
B009DROY6W,4.5,2
B009DWA128,5.0,2
B0001LH6VY,5.0,2
B009EC2E2C,5.0,2
B007MJJZLC,5.0,2
B007MJJZQW,4.5,2
B009E96K6Q,4.5,2
B007MJK2EG,5.0,2
B009E7X6W4,5.0,2
B009E7TA0Q,5.0,2
B009E7Q6DA,5.0,2
B009E5GALA,5.0,2
B007MJK6DI,4.5,2
B009E5G0RE,5.0,2
B0001LGYRG,5.0,2
B007MJK8MC,4.0,2
B007MJK8UO,4.0,2
B009DZKVP2,5.0,2
B007MJK9J4,4.5,2
B009DZKMVK,4.5,2
B006RT6QWE,5.0,2
B007GGO29G,4.0,2
B007GE476Q,5.0,2
B007GE5I1Y,5.0,2
B007GE9VEY,5.0,2
B007GFBDT4,5.0,2
B00021AD9U,5.0,2
B009HUCG7E,4.5,2
B007GGL7CG,5.0,2
B007GGPVL4,4.5,2
B007GH0096,4.0,2
B009HSRHA2,5.0,2
B007GILKMG,5.0,2
B009HSR49G,4.5,2
B007GJQO0I,5.0,2
B007GL1FBY,4.5,2
B007GLFFFQ,5.0,2
B007GMBT3W,4.0,2
B009HULK8A,4.0,2
B007GE176E,4.0,2
B007GCLJGY,5.0,2
B007G0I75M,4.0,2
B007G11XRK,5.0,2
B007G1DE36,5.0,2
B007G1DEZE,4.5,2
B00JSIP0SM,4.0,2
B007G4SR94,4.5,2
B00021B0JM,4.0,2
B00021AV10,4.5,2
B00021ARPA,5.0,2
B007G4UD28,5.0,2
B007G73N1S,5.0,2
B007G74EZW,5.0,2
B007G80N8I,4.0,2
B007G80NLA,4.5,2
B007G80ONC,5.0,2
B007GA7S48,4.5,2
B007GA9EWW,5.0,2
B007GBNPV2,5.0,2
B007GO201K,5.0,2
B007H8FOFY,4.5,2
B007H33YEM,4.5,2
B007H36U8Y,5.0,2
B000217VR2,5.0,2
B007H3VBSS,4.0,2
B000217RTY,5.0,2
B007H4BRLS,5.0,2
B00JSY2KAW,5.0,2
B007H5MSCE,5.0,2
B007H6A5UU,5.0,2
B007H9JSGO,5.0,2
B009HRMT7E,5.0,2
B00JSYDDXU,5.0,2
B007HAME78,5.0,2
B000217G9K,5.0,2
B009HEZ1LS,4.0,2
B009HDCICY,5.0,2
B009HC64A2,4.5,2
B007H162LQ,4.5,2
B007H12QKM,5.0,2
B007H0UW1I,5.0,2
B009HRMNYS,5.0,2
B007GPIEN2,4.0,2
B000219ZHQ,4.5,2
B007GRFYZQ,5.0,2
B009HPXHTK,4.5,2
B007GS4LQ8,4.5,2
B009HPDNQC,5.0,2
B009HPCYIK,5.0,2
B007GSQX96,5.0,2
B009HOXOD0,4.5,2
B0002182AC,5.0,2
B009HOWT8Q,5.0,2
B0002181C6,5.0,2
B009HNKCLI,4.0,2
B007GZDA68,5.0,2
B007H0DN3W,5.0,2
B007H0RX06,5.0,2
B007H0S7VK,4.5,2
B007FZG9RQ,5.0,2
B009I2OJIU,5.0,2
B007FXUT1A,4.0,2
B007F56ILI,4.0,2
B009IQB5HO,5.0,2
B007F25YC0,5.0,2
B007F29RNM,5.0,2
B007F2IWLA,4.0,2
B00021CUEG,5.0,2
B007F309VU,5.0,2
B00021CTSI,5.0,2
B007F5T9WS,5.0,2
B007FXTZV0,5.0,2
B007F7HDOC,5.0,2
B00021CT92,4.0,2
B007F8XV24,5.0,2
B009IMVJRY,5.0,2
B007FAOGW6,5.0,2
B009IMVHEE,5.0,2
B007FE1VNE,4.5,2
B009IQEDMS,5.0,2
B00021CUHS,4.0,2
B007F0Z04O,4.5,2
B007F0DAKA,5.0,2
B007EI718K,5.0,2
B007EJAGEA,4.0,2
B00021D3D8,5.0,2
B00021CY42,5.0,2
B007EMR26W,5.0,2
B009IROHI2,4.5,2
B007EUNYGQ,4.5,2
B007EV3QWC,5.0,2
B00021CWOY,4.0,2
B007EZ10XU,4.0,2
B007EZ7I7C,5.0,2
B007FE3VB4,5.0,2
B009IMU1B4,5.0,2
B007FLFE7Q,5.0,2
B00JSB4M4C,4.5,2
B00021BXBC,4.0,2
B00021BX6M,5.0,2
B007FLPR50,5.0,2
B007FOGKN0,5.0,2
B007FQU340,4.5,2
B007FT4Q0E,5.0,2
B007FVU1QU,5.0,2
B007FW0R68,5.0,2
B007FW39FY,4.0,2
B009I47MIM,5.0,2
B00JSEBBTI,5.0,2
B007FWFZNS,5.0,2
B009I3B612,4.0,2
B007FXLCHK,5.0,2
B00JSAHYHK,5.0,2
B009I996U4,4.0,2
B009IMTZA2,5.0,2
B007FFSGRC,5.0,2
B007FG6IQM,5.0,2
B007FGGKL0,4.0,2
B00021CKCS,5.0,2
B009IFQ6EM,5.0,2
B009IFEH4S,5.0,2
B007FHWLX0,4.0,2
B007FI3WMS,4.5,2
B009IF3S0W,4.5,2
B00JS9KOHI,4.0,2
B007FIUA64,5.0,2
B007FIUFQE,5.0,2
B00021CBAE,5.0,2
B007FJ1BJ8,4.0,2
B007FJ1F6C,4.0,2
B007FJ1L1G,4.0,2
B007FJ1WOC,4.5,2
B007FJHZNY,4.5,2
B007FJWNY0,4.0,2
B007HCEGAO,4.0,2
B007HCHDHC,4.5,2
B007IV5MH0,5.0,2
B007IV7WBY,5.0,2
B0001YOSSU,5.0,2
B007IVPEP0,5.0,2
B007IVRJGM,5.0,2
B0001YOHUE,4.5,2
B009GF8WNC,4.5,2
B0001YNVW4,5.0,2
B009GF2ILE,5.0,2
B007IX1SGW,5.0,2
B009GF1R4S,4.5,2
B007IZQWFW,5.0,2
B007J1W0HO,5.0,2
B007J2Y9PY,4.0,2
B007J4F3KM,5.0,2
B007J4FEYM,5.0,2
B007J4FMDA,5.0,2
B007IV59AA,5.0,2
B009GLPKAE,5.0,2
B007IK9M4K,4.5,2
B007IKMWM4,5.0,2
B009GLL9GS,4.0,2
B007IL6JUE,5.0,2
B007IL84Z2,4.5,2
B009GKXSVI,4.5,2
B007ILNXPS,4.5,2
B0001Z5Z9K,5.0,2
B009GKTW18,4.0,2
B009GKTJCA,4.5,2
B009GKRXM8,5.0,2
B007IOAGW8,4.0,2
B009GKR7WE,4.0,2
B007IPXZ5C,5.0,2
B0001Z5Z0E,4.5,2
B00JU041WE,4.5,2
B007J5T80C,4.5,2
B007J5TD7K,5.0,2
B007JE8LHY,4.5,2
B009G55M9E,4.5,2
B007JF3FL0,5.0,2
B007JFXHPY,4.0,2
B007JFXIDA,4.0,2
B007JGX2QC,5.0,2
B00JUDJHHA,5.0,2
B007JGY8JM,4.5,2
B007JGZGBQ,5.0,2
B009G4MVGM,5.0,2
B007JH09TY,4.0,2
B007JIC6QW,5.0,2
B009G3R5AK,5.0,2
B009G3QEO8,4.0,2
B007JD7TDW,5.0,2
B007JD75EA,5.0,2
B00JU8RULA,5.0,2
B007J62ZY2,5.0,2
B009GBVNZ0,5.0,2
B0001XQNOI,5.0,2
B009GBDV96,5.0,2
B007J6REAM,5.0,2
B009GAOHQ8,5.0,2
B009G9HZXG,4.5,2
B009G8GAMY,4.0,2
B009G8EVOS,4.5,2
B007JBBSKE,5.0,2
B00JU8V3YK,4.0,2
B009G86BS2,5.0,2
B007JCBKI8,4.5,2
B007JCDB6M,4.0,2
B007JCIZ6S,4.0,2
B009G7I730,4.0,2
B007JCMYX8,4.0,2
B009G6SYOS,5.0,2
B007JD6B4U,4.0,2
B009H1272C,5.0,2
B009H57W8M,4.5,2
B009H49T4I,5.0,2
B009H48J3A,5.0,2
B009H48H3W,5.0,2
B00020M6ZU,4.5,2
B009H3XD0A,5.0,2
B009H3F1Y6,5.0,2
B00JTG9M4G,4.5,2
B007HRNAPQ,5.0,2
B009H0WCAK,5.0,2
B009H0MNPY,4.0,2
B00JTI4KSM,5.0,2
B009GZ1MCA,5.0,2
B007HTSQ4E,5.0,2
B0002030QY,5.0,2
B007HTTA4Y,5.0,2
B007HNIJCE,5.0,2
B009H57WR8,4.5,2
B007HD8PMS,5.0,2
B009HBKTR2,4.5,2
B007HDSRSA,5.0,2
B007HDY3HO,5.0,2
B0002170M8,4.0,2
B009HB0JUE,4.5,2
B009HAZWNY,5.0,2
B009HAKG26,5.0,2
B007HHX8EE,4.0,2
B007HII8PW,4.5,2
B007HKHIPG,5.0,2
B00JT3PL6W,4.5,2
B007HKKDM6,5.0,2
B007HKKWJ0,4.5,2
B00021598U,5.0,2
B00020YYSW,4.5,2
B007HLWOTA,5.0,2
B00020YY3C,4.5,2
B007HTUYKI,5.0,2
B009GYNAZ8,4.0,2
B007HTYPPI,4.0,2
B009GQ6MVA,4.5,2
B0001ZZK18,5.0,2
B0001ZZD6U,4.5,2
B007I5R52G,4.0,2
B007I5ULNQ,4.5,2
B007I5X9QW,5.0,2
B007I6M9DA,4.5,2
B0001ZWRQE,5.0,2
B0001ZWP7U,5.0,2
B007I6ZOAK,5.0,2
B007I7DYZQ,5.0,2
B009GN37QQ,5.0,2
B007I99TB2,5.0,2
B007I99TNU,5.0,2
B007IBTTQ0,5.0,2
B007IEE8L8,4.5,2
B007IFAWLW,5.0,2
B007IGT104,4.0,2
B007IGYRMQ,5.0,2
B009GM75KQ,4.5,2
B007IHIZ3C,4.5,2
B007IHIZEG,5.0,2
B009GPPXVQ,5.0,2
B007I0M1KM,5.0,2
B007HTZ53O,5.0,2
B007I01EXM,5.0,2
B007HU2JAU,4.0,2
B009GX850O,5.0,2
B007HU5Z8S,5.0,2
B007HU7CCK,4.5,2
B007HU84AO,4.0,2
B007HUKJAW,5.0,2
B007HUQGAO,4.5,2
B007HXP0LC,4.5,2
B007HZHJO6,4.5,2
B009GUF6OK,5.0,2
B007I003RK,5.0,2
B007I006SQ,5.0,2
B007I00GP4,5.0,2
B00JTMWTUO,4.5,2
B007I01108,5.0,2
B007I011BC,5.0,2
B009D8EQ0A,5.0,2
B007S1HIW2,4.5,2
B007RYCCN0,4.5,2
B0099C1YJQ,5.0,2
B00017XQX0,5.0,2
B007RZC7MK,5.0,2
B007RZMTF0,5.0,2
B007S024LI,5.0,2
B007S0BRPC,4.0,2
B007S0IXBS,5.0,2
B00K0T6Y74,5.0,2
B00999EGMQ,5.0,2
B007S4UQK0,4.5,2
B007S3HV68,5.0,2
B00998TJ3I,4.5,2
B007S3HYWO,5.0,2
B007S3HZ82,5.0,2
B007S3I036,4.0,2
B007S3I2EI,4.5,2
B007S3I3J2,5.0,2
B007S3I6EO,5.0,2
B007S3P2NC,4.5,2
B0099DBKOE,4.5,2
B007RS3W3U,4.5,2
B007RS3XZC,5.0,2
B0099I0XYM,5.0,2
B00017YC9W,4.0,2
B00K0NPZG6,4.5,2
B007RTBYFW,4.0,2
B007RTMZTQ,4.0,2
B00017YAMQ,5.0,2
B00017Y8A0,5.0,2
B00017Y5HG,5.0,2
B00017XZTA,5.0,2
B007RVIXTU,5.0,2
B00017XZLI,4.5,2
B007RWH8KE,5.0,2
B007RWI9BQ,5.0,2
B007RWJXUM,5.0,2
B007S47EJG,4.5,2
B009D8C8BO,5.0,2
B007SEUFP6,5.0,2
B007SCBSS6,4.5,2
B007SCM7KE,4.5,2
B007SCM7YU,5.0,2
B0001783MY,5.0,2
B000174KWG,5.0,2
B007SF5UI2,5.0,2
B000172RIK,5.0,2
B007SGPEJ6,5.0,2
B007SGS3NA,5.0,2
B007SGWN1I,4.5,2
B00K10TI6G,5.0,2
B007SGZT64,4.5,2
B007SC65HK,5.0,2
B00993DUYM,5.0,2
B007SBH7DM,5.0,2
B007S5F2U8,4.0,2
B00K0T77A2,4.5,2
B00997O3WG,4.5,2
B007S7LJ7G,5.0,2
B007S7ZJ0Y,4.0,2
B007S8HD1Q,5.0,2
B0099698FY,4.0,2
B007S8PPZ2,5.0,2
B007S900NS,5.0,2
B007S91NDE,5.0,2
B0099696VK,4.5,2
B007S9OLJC,4.0,2
B007S9REQO,5.0,2
B009942A4M,4.5,2
B00K0U6BH6,5.0,2
B007SA3A0C,4.5,2
B007SAVKT0,5.0,2
B007SB2Z98,4.5,2
B007RQUCFS,5.0,2
B007RQODGW,4.0,2
B009A0VFH8,4.5,2
B007RCQR8I,5.0,2
B007RE2S7K,4.5,2
B007RE4X1O,5.0,2
B007RE8HUW,5.0,2
B009A0VVYU,4.5,2
B000194YQ6,4.0,2
B007REKK5W,5.0,2
B000194YPC,4.5,2
B007REP9DU,4.5,2
B007RF3W2Y,5.0,2
B007RQ3S2C,5.0,2
B007RFBPO6,5.0,2
B000194XZS,4.5,2
B007RFTF2K,4.0,2
B007RG5OXS,5.0,2
B007RG8AP2,5.0,2
B007RH3VNW,5.0,2
B007RH5SOM,4.0,2
B007RHBQB6,4.0,2
B007RC4BB8,5.0,2
B007RC3WTK,5.0,2
B009A33V9K,5.0,2
B009A345KO,4.0,2
B009A6S56G,4.0,2
B009A6P6I6,5.0,2
B007R6942K,5.0,2
B007R6K0RS,4.0,2
B000195HSA,5.0,2
B007R7YDDE,5.0,2
B007R7YG6I,5.0,2
B007R7YHJE,5.0,2
B007R9VTMU,4.0,2
B007RB0T42,4.0,2
B009A3SL1I,5.0,2
B007RBGVJE,4.0,2
B007RBQ35Q,4.0,2
B009A361EM,4.5,2
B009A35RR4,5.0,2
B007RBSH7I,5.0,2
B007RHXR1S,4.0,2
B0099X4BY0,5.0,2
B007RNXZ64,5.0,2
B007RNY9BY,5.0,2
B00K0DYE8G,4.0,2
B007RO79BA,4.0,2
B007RO9C92,4.5,2
B000186X3E,5.0,2
B000181TM4,5.0,2
B0099LISDM,4.5,2
B0099LHHJI,5.0,2
B007ROMJ9W,5.0,2
B0099LC4GY,4.5,2
B007ROYOWM,4.0,2
B0099LAOAW,4.5,2
B007RPN5IK,4.5,2
B0099LADD0,5.0,2
B00017YJK4,4.0,2
B0099KOIZA,4.0,2
B0099K7CRG,4.0,2
B0099RK4NS,4.0,2
B00018H702,4.0,2
B0099X0126,5.0,2
B007RI1NPO,5.0,2
B007RIIXUC,4.0,2
B0099VGLTU,5.0,2
B007RIJOQE,5.0,2
B007RIYU54,4.0,2
B0099UIN4W,5.0,2
B0099UBBXC,4.5,2
B007RKBEZ6,5.0,2
B007RKBM26,4.5,2
B007RKYWC8,5.0,2
B007RKYWCS,5.0,2
B0099TZCHY,4.5,2
B007RKYX5E,5.0,2
B0001884UY,4.5,2
B007RLINLS,4.5,2
B007RLPUU0,5.0,2
B007RLQJK0,5.0,2
B007RMVSQ4,4.0,2
B007RMWUUM,5.0,2
B0099RZDI4,5.0,2
B007SH0CQK,4.0,2
B0099094OU,4.0,2
B007TEKLL8,4.0,2
B00K1MNAGI,5.0,2
B007TC9QES,4.5,2
B00016W5D8,5.0,2
B007TCF4OO,4.0,2
B007TCNEXM,4.5,2
B00016RHCC,5.0,2
B007TD6NHA,4.0,2
B0097WFJ2Q,5.0,2
B007TEXHBO,4.5,2
B00K1J67MA,5.0,2
B0097W8DZ6,5.0,2
B00016R592,5.0,2
B007TF9XFC,4.5,2
B007TFGESQ,5.0,2
B007TFW0B6,5.0,2
B007TG6T3A,5.0,2
B007TG7POW,5.0,2
B0097V0GNY,5.0,2
B007THLQ14,5.0,2
B00K23MDMS,5.0,2
B007THOGHA,5.0,2
B007TBV51G,5.0,2
B00983NND6,5.0,2
B007TBIUFA,5.0,2
B007T58TV6,4.0,2
B007T79BMA,5.0,2
B00987SMG0,4.0,2
B00987R4B4,5.0,2
B007T7K37M,4.0,2
B007T7X0NQ,4.0,2
B007T8D1KW,4.5,2
B007T8EWOG,4.0,2
B007T8KX08,5.0,2
B007TA55LI,4.0,2
B007TAQZIA,5.0,2
B007TARXQI,5.0,2
B00K1M8FXQ,5.0,2
B007TAXD8K,5.0,2
B00984RQ2E,4.0,2
B007TAZJFA,4.5,2
B00984PTUK,5.0,2
B007TBFEJK,5.0,2
B007THY2IS,4.5,2
B007THYXD2,4.0,2
B007TR0XAE,5.0,2
B0097LODVU,5.0,2
B007TRYT9A,4.0,2
B007TRZ0ES,5.0,2
B007TS58Q2,5.0,2
B007TTA27G,4.0,2
B007TTD4YY,4.0,2
B0097JATYW,4.5,2
B0097I9C8W,4.5,2
B00016QOSK,4.5,2
B007TTQ7KC,5.0,2
B00016QOQM,5.0,2
B007TW2NV6,4.5,2
B007TW8UU4,4.5,2
B00016QOMQ,4.0,2
B0097G89SI,5.0,2
B00K2CRAYK,5.0,2
B007TWSCCU,5.0,2
B007TX2R2K,5.0,2
B0097OUBFO,5.0,2
B007TQOLEY,4.5,2
B007TJZWHQ,5.0,2
B007TP21QA,4.5,2
B007TKFXHO,5.0,2
B007TKZJ0A,4.5,2
B007TL59PY,5.0,2
B00K24Y20S,5.0,2
B007TL7Q78,5.0,2
B007TLBR8M,4.5,2
B007TM2FE6,5.0,2
B007TNBHZ8,4.5,2
B00K258TWE,4.5,2
B00016QSS6,4.0,2
B0097PVY4K,5.0,2
B007TOAMZI,4.5,2
B007TODWGE,4.5,2
B0097PF0VI,5.0,2
B0097P1C7Y,5.0,2
B00K25PWOC,5.0,2
B00016QS5E,4.5,2
B00016WS76,4.0,2
B009901R2C,4.0,2
B007STD5IK,4.0,2
B007SOG3O8,4.5,2
B0098W3DOQ,5.0,2
B0098W1QAO,5.0,2
B0098VMLG8,4.0,2
B00016X8LG,5.0,2
B00016X6ZE,5.0,2
B00016X6PY,5.0,2
B00016X66I,5.0,2
B0098S0GM2,5.0,2
B0098R7SYC,4.0,2
B007SWOAC2,4.0,2
B007SX8NV0,5.0,2
B00016X3LG,5.0,2
B007SXIO32,4.5,2
B0098QV1X2,4.0,2
B00K1BXJZ6,5.0,2
B007SXP0UC,4.5,2
B007SXYO4K,4.5,2
B007SOFHCC,5.0,2
B0098WZ0UQ,5.0,2
B0098WZ1BO,4.5,2
B007SHO6M6,5.0,2
B007SHP3WS,4.5,2
B0098ZXGZ4,5.0,2
B00016XIPC,5.0,2
B0098ZGJGM,5.0,2
B007SIJV3O,4.5,2
B0098ZGF6Q,5.0,2
B0098ZBU0C,4.5,2
B0098YQH2O,5.0,2
B00016XDVG,5.0,2
B007SJH4ZA,4.5,2
B0098YD27M,5.0,2
B007SNAP70,4.0,2
B0098X12HK,5.0,2
B00K14LCCA,4.5,2
B00016XCE4,5.0,2
B007SNTBHU,5.0,2
B007SNYHJM,5.0,2
B0098QQ1PA,5.0,2
B007SY6Z3W,4.5,2
B00016WWUO,5.0,2
B007SZD4Z8,5.0,2
B00016WVDC,4.0,2
B00016WUHO,4.5,2
B007SZTF42,5.0,2
B0098JU8YM,4.5,2
B0098JU8XI,4.5,2
B007T0COMQ,4.5,2
B00K1HECCE,5.0,2
B0098JTCLW,5.0,2
B007T2TXTG,5.0,2
B007T3QJRO,4.5,2
B0098HU6XW,4.5,2
B007T422XI,4.0,2
B00K1J1CSY,5.0,2
B0098GI504,4.0,2
B0098GCDC0,4.5,2
B0098GCCQC,4.5,2
B007SZ4CIG,5.0,2
B007SZ49J8,4.0,2
B0098QN2MU,4.5,2
B007SYVO9M,4.5,2
B007SYXF9O,5.0,2
B007SYXS1E,4.5,2
B0098Q0RNC,5.0,2
B0098PYS88,4.0,2
B007SYZ1AA,5.0,2
B00016WZY2,5.0,2
B007SYZCIG,5.0,2
B007SYZK4C,4.0,2
B0098PDB54,4.0,2
B007SZ0E3S,4.5,2
B0098OQC56,5.0,2
B007SZ106S,5.0,2
B007SZ21NY,5.0,2
B0098OPF5Y,5.0,2
B007SZ2ENG,5.0,2
B007SZ48TO,5.0,2
B007R5Q4ZQ,5.0,2
B00JZXY0U4,5.0,2
B009C9YBWS,4.5,2
B0001EKSZW,4.5,2
B0001EKSRK,5.0,2
B007OT1S0G,5.0,2
B009C998MQ,5.0,2
B007OT1SKG,4.5,2
B007OT1XBU,5.0,2
B009C7E684,4.5,2
B007OH762M,5.0,2
B0001DDK1M,5.0,2
B007OVYGHQ,5.0,2
B0001CNNDS,5.0,2
B007OWOWS8,4.5,2
B007OWP8TK,5.0,2
B0001CI3QA,4.5,2
B0001BY7B6,4.0,2
B009C379OG,5.0,2
B009C02QME,5.0,2
B0001EKT5G,4.5,2
B007OLFKZS,5.0,2
B007OLPX6E,4.5,2
B007OM7WRG,5.0,2
B007OMEGMA,4.5,2
B007OMPY6M,5.0,2
B007ONGNY8,4.5,2
B007ONKNE4,5.0,2
B009CEUIUW,5.0,2
B007OOEUN8,5.0,2
B0001EKVG8,4.5,2
B007OQD85C,4.0,2
B009CC2O0Q,4.5,2
B007OQN0G4,5.0,2
B0001EKUNC,5.0,2
B007OQP5I0,5.0,2
B0001EKTU6,5.0,2
B0001EKTD8,5.0,2
B007OYXPU2,5.0,2
B007OYYCPO,5.0,2
B007P3OCO0,4.0,2
B007P3Z9X8,5.0,2
B009BQWYR6,5.0,2
B007P4CEBC,4.0,2
B007P4VH8I,5.0,2
B007P5CJQQ,4.5,2
B007P5R7YK,5.0,2
B007P5XU3M,5.0,2
B007P5Z6G6,5.0,2
B009BNE8B4,5.0,2
B0001BOF5Y,5.0,2
B007P6UDQ8,4.5,2
B007P6VM5O,5.0,2
B007P6XAH2,5.0,2
B0001BOBO4,5.0,2
B007P7OYEY,5.0,2
B007P7P2XG,5.0,2
B007P7PJP2,4.5,2
B007P7PNMG,5.0,2
B007P7PQ8W,4.5,2
B00JY2FGBS,4.5,2
B009BIL8LM,5.0,2
B0001BOIM4,5.0,2
B009BZKQFY,5.0,2
B007P378FU,5.0,2
B007OYYVG4,4.0,2
B007OYZ1V8,5.0,2
B007OYZMEY,5.0,2
B007P06OIA,5.0,2
B00JXXDG3S,5.0,2
B0001BOS9M,5.0,2
B007P0MLIW,5.0,2
B009BV32EU,5.0,2
B007P0MMWC,5.0,2
B009BTP4KW,5.0,2
B007P1P5KC,5.0,2
B007P293TK,4.5,2
B0001BONUQ,5.0,2
B007P297VY,5.0,2
B007P297WS,4.0,2
B007P297XC,5.0,2
B009CG3O7E,5.0,2
B007OGXR4O,4.0,2
B0001BO4DM,5.0,2
B009D4MUES,5.0,2
B0001EL97S,5.0,2
B0001EL8CE,4.5,2
B007NNPOYO,5.0,2
B009D4H7UU,5.0,2
B0001EL7DE,5.0,2
B009D4ELZY,4.5,2
B009D1IY78,5.0,2
B009D1D8RY,4.5,2
B009D14YVI,5.0,2
B007NVGUXK,5.0,2
B007NWHJCA,4.0,2
B007NWIRA8,5.0,2
B007NN1V2S,5.0,2
B0001EL9JQ,5.0,2
B009D8BMF2,5.0,2
B0001G6YAI,5.0,2
B007NIYXKU,5.0,2
B009D841DW,5.0,2
B007NJE0WK,5.0,2
B007NJZW1I,5.0,2
B007NK17CK,5.0,2
B009D6LKL0,4.0,2
B009D6G8W6,5.0,2
B007NLDZCO,5.0,2
B009D4Y4VU,4.5,2
B009D4XE9S,4.0,2
B007NM6JY4,5.0,2
B007NMJDDI,5.0,2
B007NMUJ68,4.0,2
B007NWX3OS,4.0,2
B007O5C4OO,5.0,2
B007O5FE8M,4.5,2
B007O602CE,4.5,2
B007O6DYP6,5.0,2
B007O6XBQ8,5.0,2
B009CMJJT0,5.0,2
B007O7B9RU,5.0,2
B007O7DFX6,4.0,2
B009CIMFL8,5.0,2
B009CILACI,5.0,2
B007OAFO3W,4.0,2
B007OALSAU,4.5,2
B009CIJSZY,5.0,2
B0001EKYFQ,4.5,2
B007OC40LC,5.0,2
B007OCD0YU,4.5,2
B009CI8EHC,5.0,2
B007ODRO32,5.0,2
B007O40O8S,5.0,2
B007O3XQHA,4.5,2
B007NYJL1K,5.0,2
B007NYOWBE,5.0,2
B009D047CA,4.0,2
B007NZD8X6,4.5,2
B007NZQMR0,4.5,2
B009CZPQPS,5.0,2
B009CXZD9E,5.0,2
B007O0S6ZK,5.0,2
B007O0VUSK,4.0,2
B007O0Z2D4,4.0,2
B009CWOTFY,4.0,2
B00JX43PZ6,5.0,2
B009CUEMWQ,4.0,2
B007O2U6U6,4.5,2
B007O34NW2,5.0,2
B0001EL0NQ,4.5,2
B007O3XM1U,5.0,2
B009BHPK9O,5.0,2
B007R3A8Z0,4.0,2
B00019DOEE,5.0,2
B007QE7XJY,5.0,2
B007QE89OM,4.0,2
B007QE99C8,5.0,2
B007QE9GNK,4.5,2
B009AQP7KI,4.5,2
B007QEC9QQ,4.5,2
B00019HUYE,4.5,2
B007QEDBWM,4.5,2
B007QEFOYK,5.0,2
B007QEG016,5.0,2
B009AOJV20,4.0,2
B00019A97O,5.0,2
B007Q2LF7W,4.5,2
B009ANZDDW,5.0,2
B007QFPXF4,5.0,2
B00JZKMMXE,5.0,2
B007QGGU2I,5.0,2
B009ALNWLO,5.0,2
B009AL8PJS,5.0,2
B007QLT8IG,4.5,2
B007QE685Y,5.0,2
B007QE5ZTE,5.0,2
B00JZ6BMX4,4.0,2
B007Q3L0I0,5.0,2
B0001AFKHC,5.0,2
B007Q6QJ38,5.0,2
B007Q7V1AS,4.5,2
B00JZCXD7Q,5.0,2
B0001AD4V6,5.0,2
B007Q96L0G,4.5,2
B007QBE6Z6,5.0,2
B007QBL37A,5.0,2
B007QBQOZ6,4.5,2
B007QBQPGY,4.5,2
B007QBRAUE,5.0,2
B007QBRI56,5.0,2
B007QBRJPA,5.0,2
B009AT8FDG,4.0,2
B0001A0AAO,4.5,2
B007QLW3XI,5.0,2
B00JZKWKCC,5.0,2
B009AKQVDQ,5.0,2
B007QX63AK,4.5,2
B009AG1IDS,4.0,2
B007QYM3M6,4.5,2
B009AF668G,4.5,2
B007QYV96C,5.0,2
B009AEBIN0,4.5,2
B009AEB69Q,5.0,2
B009ADJVUI,5.0,2
B009AD6WRS,5.0,2
B007QYWKBA,4.5,2
B007QYXKH8,4.0,2
B009ABUPUK,4.5,2
B009AB0OQU,4.0,2
B007R0R7R0,4.5,2
B00JZT9REM,4.5,2
B007QX6CME,4.5,2
B007QX626A,4.5,2
B007QX610C,4.5,2
B007QNRS5O,5.0,2
B007QOE04K,4.0,2
B007QP3UDG,5.0,2
B007QPNRVG,4.5,2
B007QQGDLG,4.0,2
B007QQT778,4.5,2
B00JZKWLV2,5.0,2
B00JZKWLVC,5.0,2
B009AHWI18,4.0,2
B009AH2LEM,5.0,2
B007QVKAT2,5.0,2
B007QVV4SI,4.5,2
B000195NVQ,5.0,2
B007QX3JIE,4.5,2
B009AGK89I,4.5,2
B009AGK0UK,4.5,2
B009AG9Q3C,5.0,2
B009AG7210,5.0,2
B009AG5WU8,5.0,2
B007QX5VMG,4.5,2
B009AWOEBU,5.0,2
B007P7RBLC,5.0,2
B007PJGK0S,4.5,2
B007PHBXPW,4.0,2
B007PHK2AO,5.0,2
B007PHNT0O,5.0,2
B007PI93F8,4.5,2
B00JYE3DWU,5.0,2
B009B6TZDW,5.0,2
B007PJ97OO,4.0,2
B007PJD1BY,4.0,2
B007PJJPQO,4.5,2
B009AWQYMW,4.5,2
B009B554TC,5.0,2
B009B54QNM,4.5,2
B007PKMLG4,5.0,2
B007PKNKY6,4.5,2
B007PLKPC0,4.0,2
B009B7XSZM,5.0,2
B007P7RZXG,5.0,2
B007P7TQ0Q,5.0,2
B009BEFWFY,4.0,2
B009BED71U,5.0,2
B007P7TZG6,5.0,2
B009BEAF3I,4.5,2
B007P8DXNQ,4.0,2
B009BDQZAG,4.0,2
B009BDQEKM,4.5,2
B007P9R30E,5.0,2
B007PAIEKQ,4.0,2
B007PAIEVA,5.0,2
B0001BNWGM,5.0,2
B007PB1HOA,5.0,2
B009BCUDJ6,5.0,2
B007PCQ802,4.5,2
B007PCQ9PG,5.0,2
B009BAYZ6A,5.0,2
B009BA8KO8,5.0,2
B007PFFS28,5.0,2
B007PMH4EG,4.0,2
B0001B8SA2,4.5,2
B009B1WA2A,5.0,2
B0001AQCWO,5.0,2
B007PVSZ8Q,4.5,2
B007PW3TWW,5.0,2
B009AYEN00,5.0,2
B007PWQYS8,5.0,2
B007PX513G,5.0,2
B007PX6RUM,4.0,2
B007PX6SSS,5.0,2
B009AYC0QE,5.0,2
B009AYBPPQ,4.5,2
B007PXG626,4.5,2
B009AYB5EM,5.0,2
B007PY9TYC,4.0,2
B007PYCYZ8,4.5,2
B007Q08YL4,5.0,2
B0001AQC7O,5.0,2
B009AY8RDY,5.0,2
B007Q1XRII,5.0,2
B0001AQC3S,5.0,2
B007Q26S24,5.0,2
B007Q2881I,5.0,2
B007Q28MWI,5.0,2
B009AWTVB8,4.5,2
B007Q2FMJO,5.0,2
B007PV9DAK,4.5,2
B00JZ4LGK0,4.5,2
B009B1L7GA,5.0,2
B007PQF4LC,4.5,2
B007PQQMD6,5.0,2
B009B0OT8O,4.5,2
B007PRPLOG,4.0,2
B0001B552G,4.5,2
B007PSC1VQ,5.0,2
B007PSCA1C,5.0,2
B007PSCH0Q,4.0,2
B007PU3DL6,4.5,2
B007PU52X8,5.0,2
B009AYT51W,5.0,2
B007PU9JP0,5.0,2
B0001AQKAI,4.0,2
B007EI3MYM,4.5,2
B00021D8IS,4.5,2
B00021D8K6,4.5,2
B0002DMAEY,5.0,2
B0002DMMJC,5.0,2
B009PPCFBI,4.5,2
B009PPBMCG,4.5,2
B009PPAH72,4.5,2
B009POTIQO,5.0,2
B0002DMD96,5.0,2
B009POPM7S,4.5,2
B009POJH74,5.0,2
B0002DM7NS,5.0,2
B0070HWLYE,5.0,2
B0070NDDKY,5.0,2
B009PNW6WS,4.0,2
B0070O5UKE,4.0,2
B0070P35IM,5.0,2
B0070P3Z0K,5.0,2
B00JJQ7KYA,5.0,2
B009PNOAIG,5.0,2
B0070QT03U,5.0,2
B00708DV0G,4.0,2
B00708DCX2,4.5,2
B00707BM30,5.0,2
B00706JHQK,4.5,2
B009PXLJBW,5.0,2
B006ZUHRYG,4.5,2
B009PXGPFW,4.0,2
B009PWT5ZU,5.0,2
B009PUF3U8,5.0,2
B006ZX4LVU,5.0,2
B00JJJ2F9M,5.0,2
B009PSESME,4.5,2
B00JJO0NRS,4.0,2
B009PQX3JK,5.0,2
B00701N9XM,4.5,2
B00701PD18,4.5,2
B00702SMJW,5.0,2
B009PQEG1E,5.0,2
B009PQAL54,5.0,2
B0002DLYTQ,4.5,2
B00028OV32,5.0,2
B00715LGJ6,4.5,2
B0002DL752,4.0,2
B007187NBI,5.0,2
B007188S4E,5.0,2
B00718BUSK,4.5,2
B009PEYHY2,4.0,2
B00718DJMK,5.0,2
B00JJTZ53A,4.0,2
B009PDGZLG,5.0,2
B0002DL248,5.0,2
B00718I5TM,4.0,2
B00719C2MM,5.0,2
B009PASD3C,4.5,2
B009PARZA4,4.5,2
B009PAFICQ,5.0,2
B0071AGOMU,5.0,2
B00715FA7A,4.0,2
B009PHOXPC,5.0,2
B00714AJK4,5.0,2
B0070X509G,5.0,2
B0070X8OZI,5.0,2
B0070Y5NCY,4.5,2
B0070YE06E,5.0,2
B00JJV2XL0,5.0,2
B0070YS9L6,5.0,2
B0070Z6Y2G,5.0,2
B0070ZETE6,5.0,2
B007100XYU,5.0,2
B0071084Z0,4.5,2
B00710L0OM,4.0,2
B00710WP3W,5.0,2
B009PJ8DF6,4.5,2
B007120BPO,5.0,2
B00JJIPDV0,4.0,2
B006ZUGGGG,5.0,2
B0002DO4NO,5.0,2
B006Z76YLQ,4.0,2
B006Z76ZUG,4.5,2
B009QMWF3S,5.0,2
B006Z77ISY,4.5,2
B009QLI34O,5.0,2
B006Z79ATE,5.0,2
B006Z79EXG,4.0,2
B009QJLVJ0,5.0,2
B009QJL38Y,5.0,2
B006Z98NVI,5.0,2
B006ZUFRM0,5.0,2
B006Z98O9O,5.0,2
B009QGOHA8,4.5,2
B006Z9LBVW,4.5,2
B006Z9VRQQ,5.0,2
B006Z9WNS2,5.0,2
B006ZA7LUQ,5.0,2
B006ZA8W2C,5.0,2
B006ZA9X5C,5.0,2
B006ZAAT14,4.5,2
B006Z76TG6,5.0,2
B006Z76QBE,4.0,2
B006YUFWQW,5.0,2
B006YUPBP4,5.0,2
B006YUVEXW,4.0,2
B006YUY1FU,4.0,2
B0002DTSXA,4.0,2
B006YVKGQC,4.5,2
B006YVMMDW,4.0,2
B006YW1BY2,5.0,2
B006YYA7ZE,5.0,2
B0002DTQH8,4.5,2
B006Z07D5Y,5.0,2
B009QPCMWE,5.0,2
B006Z159ZO,4.0,2
B009QONL7A,4.5,2
B009QOH72A,4.0,2
B006Z2LROK,5.0,2
B009QO3DHI,5.0,2
B009QO0XCG,5.0,2
B006ZAEDNE,4.0,2
B009QDNX9M,4.5,2
B006ZN4UDE,5.0,2
B006ZN81TS,5.0,2
B006ZNV5FU,4.0,2
B006ZOBCYI,5.0,2
B009Q7YD3S,5.0,2
B009Q7WA2E,4.5,2
B006ZOPHY4,5.0,2
B009Q5Q126,5.0,2
B006ZOQ0IG,4.5,2
B009Q4FVYQ,4.5,2
B009Q3SFZY,5.0,2
B0002DNHR8,5.0,2
B0002DNCDW,5.0,2
B006ZUF52W,4.0,2
B009Q8BY02,5.0,2
B006ZMSZH2,4.5,2
B006ZAH08O,4.0,2
B006ZAH3UO,5.0,2
B006ZAHBW4,4.5,2
B006ZAHGX8,5.0,2
B0002DNZCA,5.0,2
B006ZCGZX8,5.0,2
B006ZCO9PE,4.0,2
B0002DNYIU,5.0,2
B006ZCVBIW,4.5,2
B009QBRQB0,5.0,2
B006ZE5E74,5.0,2
B0002DNXW2,5.0,2
B0002DNXUY,4.5,2
B006ZF9XU2,4.0,2
B006ZG7PRY,5.0,2
B006ZH3NY2,4.5,2
B009QA1XSI,5.0,2
B006ZL1OJE,5.0,2
B009Q8PQH4,4.5,2
B0071AH9CO,5.0,2
B0002DKZEQ,5.0,2
B0071AROS8,4.5,2
B0072IAJLI,5.0,2
B009OM5GCC,4.5,2
B0072FTNLS,4.5,2
B0072FTO76,4.5,2
B00JKRSE48,5.0,2
B0072FTRNW,5.0,2
B0072FU2LI,5.0,2
B0072FU4QG,4.5,2
B0072G8W5A,4.5,2
B0072H92GM,5.0,2
B0072HAZKY,5.0,2
B00029RBRY,4.5,2
B0072CQDSM,5.0,2
B0072JMQIQ,5.0,2
B0072JOAXK,5.0,2
B0072JP9A8,4.5,2
B0072JPRAK,4.5,2
B0072JTD64,5.0,2
B000293O5M,5.0,2
B0072KBW76,5.0,2
B00028QF2C,5.0,2
B0072MT5K0,4.5,2
B0072N7HJK,5.0,2
B009OM77VA,4.5,2
B009OMCIT6,4.0,2
B0072CQISC,5.0,2
B0072CQPCQ,5.0,2
B009ORTW22,4.5,2
B009ORO17I,5.0,2
B0072CSELG,5.0,2
B009OQLJKQ,5.0,2
B0072CSX3A,5.0,2
B0072CUQ5I,4.5,2
B0072CW11A,5.0,2
B0072DIZIC,5.0,2
B0072E51QU,5.0,2
B0072F23L0,4.5,2
B0072F4Y5I,5.0,2
B0072F6ISY,5.0,2
B00029V17A,4.5,2
B0072FNF1C,5.0,2
B00029V13E,4.5,2
B0073410OQ,5.0,2
B0073416VS,5.0,2
B0073425HM,5.0,2
B009O5ZOAS,5.0,2
B00734FKBA,5.0,2
B00028PU9Q,5.0,2
B00735H66G,5.0,2
B00735ITHQ,4.5,2
B009O4LSJK,4.5,2
B009O48FSM,4.5,2
B00028PH9Y,4.0,2
B00737M0RE,4.5,2
B00737MWH2,5.0,2
B007389GSY,5.0,2
B00738E45Y,4.5,2
B009O0TW38,4.5,2
B00739O6Y2,5.0,2
B009O0RJ3S,4.0,2
B0073ADC4Q,5.0,2
B009O0FAI4,5.0,2
B009O0AAXE,5.0,2
B0073B1DBE,5.0,2
B009O6DXPU,5.0,2
B009O703XE,4.0,2
B009O8XTVQ,4.5,2
B009OIDHTA,5.0,2
B009OHJEG6,4.5,2
B0072Q4G00,5.0,2
B009OHAJKQ,4.5,2
B009OH2QDE,4.0,2
B0072Q4HHM,4.5,2
B009OG7OPK,5.0,2
B0072WC2W8,5.0,2
B0072XK8ZK,5.0,2
B00028Q32O,5.0,2
B0072Y1KLU,5.0,2
B009OE520Q,5.0,2
B0072ZHQG2,5.0,2
B00028PW30,5.0,2
B00730I0FC,4.5,2
B0072CQ3QE,5.0,2
B009P8OVK8,5.0,2
B0071MFTLU,4.0,2
B0002DCAB2,5.0,2
B0071I6GMK,4.0,2
B0071IPDO2,4.5,2
B0071J652A,5.0,2
B0071KABAQ,5.0,2
B0071LDC9C,5.0,2
B0002CU2FY,5.0,2
B009P5T3KO,4.5,2
B009P5MA1I,4.5,2
B0071MFBRW,5.0,2
B0071MHVES,4.5,2
B0072CPAPY,5.0,2
B0002CP33A,5.0,2
B0071NJS2A,4.0,2
B009P52F22,4.5,2
B0071NNV32,4.5,2
B009P4PTK8,5.0,2
B009P4IFFY,4.0,2
B0071NRAFW,5.0,2
B0071NUX4C,5.0,2
B0071O0XL4,4.5,2
B0002CP0TC,5.0,2
B009P3D212,4.0,2
B0071HJHR2,4.5,2
B0071HJGTQ,5.0,2
B009P7EXFM,4.5,2
B009P8DT38,5.0,2
B0071CPGZ4,4.0,2
B009P8AZSK,5.0,2
B009P8AWC4,4.5,2
B0002DKQUO,5.0,2
B0071DVGIE,5.0,2
B0071DZII8,5.0,2
B009P86138,4.0,2
B009P7Y3WA,4.5,2
B0071EMX3U,5.0,2
B009P7RPAC,4.5,2
B0071FB46Q,4.5,2
B009P7P8L0,4.5,2
B009P7K6JO,5.0,2
B0071H41DM,4.5,2
B00JK2QQ4I,5.0,2
B0002DKMPS,5.0,2
B0002DFM1M,5.0,2
B009P3D0IC,5.0,2
B0002COKF2,4.0,2
B0071OTT6Y,4.5,2
B00724JMQK,5.0,2
B009OWK25I,4.0,2
B00727QBRK,5.0,2
B00727VLSY,4.0,2
B00JKL7H3I,5.0,2
B009OU860I,5.0,2
B0072AMXUQ,4.5,2
B009OU6P74,5.0,2
B0072CNS1W,5.0,2
B009OU58LS,4.5,2
B0072CO3KC,5.0,2
B0002AOO3C,4.5,2
B009OSAP6I,5.0,2
B0072CP1VW,5.0,2
B00724RFAK,5.0,2
B007242KS2,5.0,2
B0071OXJ60,4.5,2
B0071Q4WD2,5.0,2
B0071QN8Q4,4.5,2
B009P16UWW,5.0,2
B0071S8T5W,5.0,2
B0071SQW7E,5.0,2
B0071T76YG,5.0,2
B0071TSRTO,4.5,2
B0002CD062,5.0,2
B009P0KZ92,5.0,2
B00JKCYH9E,5.0,2
B009P0JC8W,5.0,2
B0002BPJFS,4.5,2
B009P0HWYI,5.0,2
B009OYFZI0,5.0,2
B0002BDKLI,5.0,2
B0002BB7H2,5.0,2
B009OXFQC6,5.0,2
B0002B317Q,5.0,2
B006YUFMLC,4.0,2
B006YU0MAI,4.5,2
B009S2QMM6,4.5,2
B0002J3CWM,5.0,2
B00JGX8I4C,4.5,2
B0002J37UE,4.0,2
B009S2YQTM,4.5,2
B0002IYQS2,5.0,2
B0002IUCCG,5.0,2
B0002IQOBO,5.0,2
B00JGX8OY6,4.5,2
B006UIZJ4I,4.0,2
B006TZUQLI,4.5,2
B009S2F7ZO,4.5,2
B009S25CPY,4.5,2
B006UK4RQC,5.0,2
B0002I407E,4.0,2
B006UKN132,5.0,2
B009RZFFFO,5.0,2
B006ULAA8K,5.0,2
B006UB03SC,5.0,2
B009S2YTBC,5.0,2
B006UAIG4Q,5.0,2
B006U07U52,5.0,2
B006U087R2,4.0,2
B006U088GC,5.0,2
B009S7LVHC,4.5,2
B006U0W08Y,5.0,2
B0002JB3TQ,4.5,2
B006U1QITK,4.0,2
B009S6PJOO,4.0,2
B006U3AT0W,5.0,2
B006U3RZC2,5.0,2
B0002J9K3W,5.0,2
B0002J5HBG,5.0,2
B009S3DWXM,5.0,2
B006U5EEII,5.0,2
B009S3DV8I,5.0,2
B006U6LQ4W,5.0,2
B00JGWVE62,5.0,2
B009S2YTK8,4.5,2
B009RYUCXK,5.0,2
B009RYGB8A,5.0,2
B006UM6Y8O,5.0,2
B006UX8CZQ,4.5,2
B006UY36K6,4.5,2
B009RU6FR6,5.0,2
B009RU1LBG,5.0,2
B0002H7SD8,5.0,2
B006V4K1AS,4.5,2
B006V4UZ9U,5.0,2
B006V69I6E,5.0,2
B006VASZDW,5.0,2
B006VB87SY,5.0,2
B006VD16AS,5.0,2
B00JH1JLJO,5.0,2
B006VGAJ44,5.0,2
B009RSWW5M,5.0,2
B006VH63PC,5.0,2
B00JH0CHW8,4.5,2
B006UX7CY8,5.0,2
B00JGZFC8A,5.0,2
B009RUSOUC,4.0,2
B006UN0ETI,5.0,2
B006UO346W,5.0,2
B006UOJ0ZQ,4.5,2
B006UPH1NS,4.5,2
B006UQUSIW,5.0,2
B006UR0UWK,5.0,2
B0002HSBJI,5.0,2
B006USHUHW,4.5,2
B006UT69RI,5.0,2
B006UTDDGI,5.0,2
B006UTRDH8,5.0,2
B00JGZY3FS,5.0,2
B00JH02JTE,5.0,2
B006UV6L8S,5.0,2
B006UVQTZ8,5.0,2
B009RUUUI6,4.0,2
B006TZW81O,5.0,2
B006TZS1K6,5.0,2
B006T0CJTA,4.5,2
B006SN2B5U,5.0,2
B006SNW1BO,5.0,2
B006SRPJDC,4.0,2
B006SRX65K,4.0,2
B006SSGZ34,4.5,2
B006SVWNO6,5.0,2
B009SE5DWE,5.0,2
B009SDTL0U,5.0,2
B009SDT7MM,4.0,2
B006T2A95O,5.0,2
B009S7O6S8,5.0,2
B006T6OCLM,4.0,2
B0002JJ19A,4.5,2
B006T77OLG,5.0,2
B006T7IJ6U,5.0,2
B006T7NVX6,5.0,2
B0002JIVQE,5.0,2
B0002JIOGG,4.5,2
B009SF280S,5.0,2
B00JG7OW2U,5.0,2
B0002JMT4E,5.0,2
B006SLZTX8,4.0,2
B006RUQK9M,5.0,2
B006RWUDQQ,5.0,2
B0002JUWWU,5.0,2
B006RXIGUA,4.5,2
B006RZQEY8,5.0,2
B009SKFYQ8,5.0,2
B0002JMZIE,5.0,2
B009SIZU9Q,4.5,2
B009SHYFOI,4.0,2
B009SHSGR0,4.5,2
B00JG23KJ6,5.0,2
B006SFIB1Q,5.0,2
B006SIGVQU,5.0,2
B006SJMFNW,5.0,2
B009SFX2RQ,4.5,2
B00JGBCANO,5.0,2
B00JGBKLI0,5.0,2
B0002JH8Z4,4.0,2
B006TNMDZW,5.0,2
B006TQXQDC,5.0,2
B006TT3SNC,5.0,2
B006TTNS96,5.0,2
B0002JBMBU,4.0,2
B0002JBL7A,5.0,2
B0002JBKJY,5.0,2
B006TUS8YU,5.0,2
B006TUSJRG,5.0,2
B006TW46US,4.0,2
B009S8W2HY,4.5,2
B0002JB9HW,5.0,2
B009S8GERI,5.0,2
B006TX77LM,4.0,2
B009S82ZBM,5.0,2
B006TZ1ZMC,4.0,2
B006TZ20EE,4.0,2
B009S7XEZO,4.5,2
B009S7VRHG,5.0,2
B006TZC3BE,5.0,2
B009S7SMGA,5.0,2
B006TZN2K0,5.0,2
B009SA09G8,5.0,2
B00JGBXAVA,5.0,2
B006TMMGAK,5.0,2
B009SD42E0,4.0,2
B009SCVOZG,5.0,2
B006TD15XI,4.5,2
B006TD2JBK,5.0,2
B006TD3JL4,5.0,2
B0002JBWSI,5.0,2
B009SC0VBY,5.0,2
B006TFWRPG,4.5,2
B006TFXFXO,5.0,2
B006TGWGU6,5.0,2
B0002JBU8K,5.0,2
B009SAP6YS,5.0,2
B0002JBTWW,5.0,2
B0002JBTT0,4.0,2
B006TM8V1S,5.0,2
B006TMJELO,5.0,2
B0002JBSC8,5.0,2
B006VHOY44,5.0,2
B006YTV6XQ,4.5,2
B006X41PYM,5.0,2
B006X27XKE,5.0,2
B006X2VI0K,4.0,2
B006X2ZDQ0,5.0,2
B0002EZXTM,4.0,2
B009R3ZV32,5.0,2
B009R3JEBM,4.5,2
B006X3E298,4.5,2
B006X3E5B8,5.0,2
B006X3NMP8,5.0,2
B006WREIAI,4.5,2
B0002EZWOI,4.5,2
B0002EZWNY,4.5,2
B006X6B19O,5.0,2
B006X84Y1O,5.0,2
B006X9VS9O,5.0,2
B006XA3GPC,5.0,2
B0002EPS4C,5.0,2
B00JIAWLH8,5.0,2
B009R6EIPQ,5.0,2
B00JHRT0EE,5.0,2
B0002F28OE,5.0,2
B009R55XOW,4.5,2
B00JHVS6ZE,5.0,2
B0002F1VQA,5.0,2
B0002F1UM0,4.5,2
B006WZH0RS,5.0,2
B006WZULVK,5.0,2
B00JI6SNCY,5.0,2
B0002F1MBY,4.5,2
B006X0OTPI,4.0,2
B0002F1IZO,5.0,2
B0002F1H1E,5.0,2
B0002F1GO2,4.0,2
B006XESMMU,5.0,2
B006XFJDB8,5.0,2
B006Y7TZU4,4.0,2
B0002EB0KI,5.0,2
B009QYC07C,4.0,2
B006YBYUIW,5.0,2
B0002EAZ3G,5.0,2
B006YC8T74,4.5,2
B006YCB35Y,5.0,2
B006YCBAB6,4.0,2
B006YDR6HC,5.0,2
B009QWBPQQ,5.0,2
B009QUCL9I,5.0,2
B006YJ9A7A,5.0,2
B009QTVOC4,5.0,2
B006YJPV64,4.5,2
B006YJVA3C,5.0,2
B006YKJ0TC,5.0,2
B009QT08SK,4.5,2
B009QSUTA8,5.0,2
B009QSUSEK,5.0,2
B0002EB0L2,4.5,2
B009QYO5AM,5.0,2
B006XG3OO4,5.0,2
B009QZDGYC,5.0,2
B006XHT71C,5.0,2
B006XK7Z4A,4.0,2
B009QZ8278,4.5,2
B006XMPS9M,5.0,2
B006XMTVCC,5.0,2
B009QZ66VC,4.0,2
B006XVT44S,5.0,2
B006XXREKW,5.0,2
B006XXVBJ2,4.0,2
B009QZ5U8W,5.0,2
B006XYJE8G,4.5,2
B009QYOHN2,5.0,2
B006Y04D4Y,4.5,2
B006Y07P3K,5.0,2
B006Y0DQP6,4.0,2
B006Y0S41M,4.0,2
B006Y11I5U,4.0,2
B006Y29IC4,5.0,2
B006Y3S9EQ,4.5,2
B006Y4MU1I,5.0,2
B006WTZX2S,5.0,2
B006VHZI26,5.0,2
B006W39ZB4,5.0,2
B006VYIDS0,5.0,2
B006VZ0WA6,4.5,2
B006W0823O,4.5,2
B0002GQ5EW,5.0,2
B0002GQ1AU,4.5,2
B009RMOW2Y,4.0,2
B006W4KJHW,5.0,2
B006W4PX5K,5.0,2
B009RLPN3C,5.0,2
B006W84474,4.5,2
B006W8ZUJU,4.5,2
B009RKGEM2,4.5,2
B006WAMB04,5.0,2
B006WAMB7W,5.0,2
B006WAMCCQ,4.5,2
B006WAO3PK,4.5,2
B006WAOCFG,4.5,2
B0002GQP6A,5.0,2
B009RQ5TSG,5.0,2
B009RQEY64,4.5,2
B0002GR9TM,4.0,2
B006VK6R28,4.0,2
B006VL4SFK,5.0,2
B006VMN7TW,5.0,2
B009RRK1M4,5.0,2
B006VOW07U,4.5,2
B00JH3KA0G,5.0,2
B00JH3KC90,5.0,2
B009RR1GNC,4.0,2
B006VRJ5J8,5.0,2
B006VT4LNG,4.0,2
B006VWM7O8,5.0,2
B006VXN87W,4.0,2
B006VXO5O2,5.0,2
B006VXP0SM,5.0,2
B009RQR592,5.0,2
B006WAPYLC,4.5,2
B006WAS2NY,5.0,2
B006WIXA7O,5.0,2
B009RA400U,5.0,2
B009RA36XC,4.5,2
B006WKPFQ6,4.5,2
B00JHOT4RU,4.5,2
B009R9URDU,5.0,2
B006WM8ACU,5.0,2
B006WMR8GE,4.5,2
B006WNYWB2,5.0,2
B006WO235I,5.0,2
B006WO9QOE,4.5,2
B006WOBDDQ,5.0,2
B006WOFCGA,5.0,2
B006WOY82O,5.0,2
B006WPI66W,5.0,2
B009R8EFD4,5.0,2
B006WPSU4K,4.0,2
B006WQ1IU2,4.5,2
B009R8B8FW,4.5,2
B009R88TAY,5.0,2
B006WQFCGI,5.0,2
B006WQP6BE,5.0,2
B009RAA388,5.0,2
B006WB6NQG,4.0,2
B009RAU5Q8,4.0,2
B009RJO6HS,4.5,2
B0002GP8A4,5.0,2
B006WC954C,5.0,2
B006WCA1BI,4.0,2
B006WCKK0U,4.0,2
B009RH3SBK,4.5,2
B00JHNTJ8K,5.0,2
B006WDFFV8,5.0,2
B006WEE94G,5.0,2
B009RDTNTU,4.5,2
B0002FCDJE,5.0,2
B006WET6N0,5.0,2
B0002FCDIA,5.0,2
B006WFLCHM,4.5,2
B006WFLZCE,5.0,2
B009RBH0JW,4.5,2
B006WH46M8,5.0,2
B00028OULU,5.0,2
B009KSFIUA,5.0,2
B009KSPP3K,4.0,2
B00021WPXC,5.0,2
B007AAL1FQ,4.5,2
B009KSLVOM,4.5,2
B007ABHYQK,5.0,2
B00021WCCQ,4.0,2
B007ABJMTC,5.0,2
B009KSFOZE,4.0,2
B00021WATQ,5.0,2
B00021W924,5.0,2
B007AK11YC,5.0,2
B007AG8YI2,5.0,2
B007AHO6UG,4.0,2
B007AI9JAC,5.0,2
B007AI9LA0,4.0,2
B007AIG7BQ,5.0,2
B007AIJN5I,5.0,2
B007AJBL1Q,4.5,2
B007AJR0JS,5.0,2
B007AJR6X8,5.0,2
B007AJUHE8,4.5,2
B007AJZ5Y0,5.0,2
B00JQ6XJWU,4.0,2
B007A4YO7E,5.0,2
B0079RS4PA,5.0,2
B009KYELFW,5.0,2
B007A0QO1W,4.0,2
B009KWJX7K,5.0,2
B009KWIFB0,5.0,2
B009KWE82K,5.0,2
B009KW9WDA,5.0,2
B00021XB94,5.0,2
B00021X9TQ,4.0,2
B009KV4056,4.5,2
B007A3H4FO,4.5,2
B009KUFSQC,5.0,2
B007A43DLW,4.5,2
B009KU3R60,4.0,2
B009KTT242,5.0,2
B007A4G53K,5.0,2
B009KTBWXG,5.0,2
B007A4M0IO,4.0,2
B007AJZU1I,5.0,2
B00028OULK,5.0,2
B007AXUWP8,5.0,2
B007AT3RTK,5.0,2
B007ATKXJC,4.5,2
B009KGDYRQ,4.0,2
B007AUHEIE,5.0,2
B007AW0920,4.5,2
B009KC4F2S,5.0,2
B007AXH634,4.0,2
B007AXQGNU,5.0,2
B007AK76K0,5.0,2
B007AZ7SU8,5.0,2
B007B0ECMO,5.0,2
B009K7YAV4,4.0,2
B007B2YJ0W,5.0,2
B00021VTXY,5.0,2
B009K7S2UO,5.0,2
B00021VTC0,4.5,2
B007AT2CA0,5.0,2
B00JQJNGKM,4.5,2
B007AS4TVQ,4.0,2
B007AKCLIM,4.5,2
B007AKTZFO,4.5,2
B007AKXU6Y,5.0,2
B007AKXZ8M,5.0,2
B007AKYIUG,5.0,2
B007AKZ3PK,5.0,2
B00021W1OK,5.0,2
B007AKZFDU,5.0,2
B007AL0Q0Q,5.0,2
B007AO0RYS,5.0,2
B007AP9G1M,4.0,2
B007APPD0U,4.5,2
B00021W1D6,5.0,2
B007AS4KRO,4.0,2
B0079RQCCC,5.0,2
B0079QXGJK,4.0,2
B0079Q5HV0,5.0,2
B009LEPEVG,5.0,2
B009LEN0NU,5.0,2
B0078G8LXW,4.5,2
B0078HTDMO,5.0,2
B0078HTP86,4.5,2
B0078OJB4C,5.0,2
B0078P7VVG,5.0,2
B0078PJ59W,5.0,2
B0078PVPT0,5.0,2
B009LB11LG,5.0,2
B009LAUJK6,4.0,2
B00022UEZC,5.0,2
B009LAQ1BM,5.0,2
B009LA6JYG,4.5,2
B009L9X7OM,5.0,2
B0078DPZTI,5.0,2
B009LH5HME,4.5,2
B0078252LK,5.0,2
B0078252X8,4.0,2
B0078254I6,5.0,2
B009LLH69C,5.0,2
B00784P8BC,4.5,2
B009LLBHVU,5.0,2
B00785YS4E,5.0,2
B007870NHI,5.0,2
B007872MZE,5.0,2
B00787BFXO,5.0,2
B00JP3SWLM,5.0,2
B009LJJ7R8,5.0,2
B009LINNFG,4.5,2
B00JP4YYEK,5.0,2
B000235UKK,4.5,2
B0078A19LY,5.0,2
B0078COGOY,5.0,2
B009L9IQB6,5.0,2
B009L9HTCI,5.0,2
B00795W00W,4.5,2
B009L5I7D2,5.0,2
B009L5E7PO,4.5,2
B0079EDG9M,4.0,2
B0079FI4AM,5.0,2
B00022BJT2,4.5,2
B00022BJRE,5.0,2
B009L3SA2M,4.5,2
B0079HR280,5.0,2
B009L3EYA4,4.5,2
B0079LAWJM,5.0,2
B00JPQ0TEW,4.5,2
B0079LYR66,4.0,2
B009L15JLY,4.5,2
B009L14CNA,5.0,2
B0079MY5XU,5.0,2
B0079NCTF0,5.0,2
B009L07VN4,4.0,2
B0079OOEGG,5.0,2
B0078VXGN2,4.5,2
B0078WEFUY,5.0,2
B0078XA8EA,5.0,2
B0078XKOAI,5.0,2
B0078XSN74,5.0,2
B0078YFJWK,5.0,2
B00790598C,5.0,2
B0079070NY,5.0,2
B009L7NAWI,4.5,2
B00791CP7E,4.5,2
B00791CQ3W,4.0,2
B00022E2FU,4.5,2
B00791D2CQ,4.0,2
B007927XMU,4.5,2
B00JPFXL1Q,5.0,2
B00793N7Q0,5.0,2
B00JPJGKII,5.0,2
B00794LS2O,5.0,2
B009JIUI2E,5.0,2
B009JKLO9I,4.0,2
B009JKKQ06,5.0,2
B009JKK8WC,5.0,2
B009JKJXIW,5.0,2
B007D1E7N0,4.5,2
B007D1E7NK,4.5,2
B009JKHVRW,5.0,2
B007D1F9NM,5.0,2
B007D1FAUY,4.5,2
B007D1FDCY,5.0,2
B007D1FHJS,5.0,2
B007D1G6S4,5.0,2
B009JHI7ZK,5.0,2
B007D1XD9Y,5.0,2
B007D3T8TG,4.5,2
B009JGTTLM,5.0,2
B009JF6YDO,4.5,2
B007D1COUI,4.5,2
B00021DVEY,5.0,2
B009JNTVUO,5.0,2
B007CLJG8M,4.0,2
B007CLR43Q,5.0,2
B009JPHZ0K,4.0,2
B007CLZEJW,4.5,2
B007CM1CEM,4.5,2
B007CM1CTM,5.0,2
B00021E5V2,4.5,2
B007CMLYJK,5.0,2
B00JRDESF4,5.0,2
B00JRDHYA0,5.0,2
B007CNNZXC,4.5,2
B009JORITO,4.5,2
B007COM43S,5.0,2
B00021DYP0,4.5,2
B007CPXQY8,5.0,2
B00021DXD8,5.0,2
B00JREFNI4,5.0,2
B009JNWHE6,4.5,2
B009JNV2AQ,5.0,2
B00JRK55GI,5.0,2
B007D5QOLO,5.0,2
B00021DESM,4.5,2
B009IXACYO,5.0,2
B007E9I9E4,5.0,2
B009IVFU7K,5.0,2
B007EA34TI,5.0,2
B009ITJLI6,5.0,2
B00021DB7Q,4.5,2
B007EE1SV0,4.5,2
B007EE8GL0,4.5,2
B009ISMAVC,5.0,2
B007EFWRVY,4.5,2
B009IROO80,5.0,2
B007E597RQ,4.5,2
B007D5Y5V0,4.5,2
B007D61Z4O,5.0,2
B007D6CWW8,5.0,2
B007D6WLO2,5.0,2
B009JBU87G,5.0,2
B007DD7E0Q,4.5,2
B009J62UJU,5.0,2
B007DJ9MEQ,4.0,2
B009J3KU04,5.0,2
B00021DIS8,5.0,2
B00021DIP6,5.0,2
B009J1Q2PS,5.0,2
B00JROEDX0,5.0,2
B009J1E1BU,5.0,2
B007DN3WK2,5.0,2
B007DNRUWS,4.5,2
B009IZ5BXY,4.5,2
B00021DGTE,5.0,2
B007BMNZQG,5.0,2
B007BMOR5O,5.0,2
B007BNSVJQ,4.5,2
B009K2BB7U,5.0,2
B007BNZKCC,5.0,2
B009K2BAOO,4.0,2
B007BQ677G,4.5,2
B007BR19NW,4.0,2
B007BR6ZMW,5.0,2
B009K24O7Y,4.5,2
B007BTTRRA,5.0,2
B009K23Y9S,4.0,2
B007BTZ346,4.5,2
B007BU4L84,5.0,2
B009K1FJL0,5.0,2
B007BUO4LI,5.0,2
B007BV54OS,4.5,2
B007BV57QS,5.0,2
B00021VL9Q,5.0,2
B007BD6DOG,5.0,2
B007BEI8F2,5.0,2
B007BF2X7K,5.0,2
B007BF4QGG,4.0,2
B007BF4WFQ,4.5,2
B00021VQXM,4.0,2
B00JQODC42,4.5,2
B007BFAJTE,5.0,2
B009K6TSCQ,5.0,2
B009K6HAPS,4.0,2
B007BGB70I,5.0,2
B009K5K9NO,5.0,2
B00JQQ5OSW,5.0,2
B007BIZXJW,5.0,2
B007BJO5ZO,4.5,2
B007BJQBY2,5.0,2
B007BJQFFM,5.0,2
B007BJQFMU,5.0,2
B009K340WW,4.5,2
B007BKXONW,5.0,2
B007BLK4JI,5.0,2
B007BX1MV0,4.5,2
B007BX5PMW,5.0,2
B007C7V1KM,5.0,2
B00021EAMQ,5.0,2
B009JUZ5DO,5.0,2
B009JUYNBE,5.0,2
B007C8Z1BG,4.5,2
B009JUSVP8,5.0,2
B009JTU7GA,5.0,2
B007CDCGW8,5.0,2
B007CE57GE,5.0,2
B009JTFMJC,5.0,2
B007CFFQ6E,5.0,2
B007CFGB40,4.5,2
B007CFGC6W,4.5,2
B009JR6WNY,5.0,2
B009JR5YH4,5.0,2
B009JUZEZ8,4.0,2
B009K0RIW4,4.0,2
B00021PJ4O,5.0,2
B009K0LKYG,4.5,2
B007C28US8,4.5,2
B00JQWIIDO,5.0,2
B00021PDKE,5.0,2
B00021PD68,5.0,2
B00JQZTZPQ,4.0,2
B00JR2AEYY,4.5,2
B007C5TD9K,4.5,2
B009JWCZOE,4.5,2
B009JW6M8E,5.0,2
B007C6N7JQ,5.0,2
B007C6XCXM,5.0,2
B009JVYV6A,4.5,2
B009JVYFRK,5.0,2
B007C72E4E,5.0,2
B007C72U48,4.0,2
B009JVLIZM,4.5,2
B009JVBST8,5.0,2
B007C7A0UE,4.5,2
B007C7LJKE,5.0,2
B00JMDAHXG,5.0,2
B0074RDQK8,5.0,2
B00027TPRA,5.0,2
B0074T4Q32,4.0,2
B009ND2DCI,5.0,2
B0074VW25E,5.0,2
B009ND2A2G,4.0,2
B0074WS5H2,5.0,2
B0074YJGAA,4.0,2
B0074YX7XC,4.5,2
B009ND28UU,5.0,2
B0074ZL89Q,4.5,2
B00027D9MW,4.5,2
B007502CH2,5.0,2
B00027D904,4.5,2
B00752ZPZG,5.0,2
B00752ZRD6,5.0,2
B00753L8C4,5.0,2
B00753LGDU,4.5,2
B00753LILK,4.0,2
B00755JRCK,5.0,2
B00755JRZW,4.5,2
B009ND81MO,4.5,2
B009NDC1SE,5.0,2
B009NJMZAW,4.5,2
B00JM8YUCA,4.0,2
B009NIRGIO,5.0,2
B00028EWWW,5.0,2
B0074NCGQW,5.0,2
B009NH9TRQ,5.0,2
B0074ND9EA,4.0,2
B0074NE8L8,5.0,2
B00JM8YYJO,4.0,2
B00027YZJS,4.0,2
B0074NFJ98,5.0,2
B0074NFPII,5.0,2
B009NG3SBK,4.5,2
B0074NH9UU,4.5,2
B009NEOL4U,5.0,2
B0074O8IR2,4.5,2
B00027UNK8,5.0,2
B0074PCYRG,4.5,2
B009NDRN0U,4.5,2
B009ND1XEW,5.0,2
B009ND1X9C,5.0,2
B0075CK53I,5.0,2
B0075FUO3G,4.5,2
B0075FVLM4,4.5,2
B0075G7ZYG,5.0,2
B00027CEYQ,5.0,2
B00027CDXI,4.5,2
B00027CDX8,5.0,2
B0075IQLPI,4.0,2
B009N2PBXC,4.0,2
B00027C9CI,5.0,2
B00027C8R4,5.0,2
B00027C8OW,5.0,2
B0075JOYFG,5.0,2
B009N22N7E,5.0,2
B0075KQCS2,5.0,2
B0075LBHU4,4.0,2
B000279IQI,5.0,2
B0075MGCPI,5.0,2
B009N1GU7Y,4.5,2
B009N1GU0Q,5.0,2
B0075N788W,4.5,2
B00027CU86,5.0,2
B0075CIYFY,4.0,2
B009NCC3VA,5.0,2
B00756TMME,4.0,2
B00756YAK8,5.0,2
B00756ZP3Y,4.5,2
B00757DGZM,5.0,2
B009N9PJHS,5.0,2
B00757WTBE,4.5,2
B007580BJA,5.0,2
B00759FJ5U,5.0,2
B00759XQXC,4.0,2
B009N93RLS,4.5,2
B009N90DII,5.0,2
B00JMDVASC,5.0,2
B009N8ZBZO,5.0,2
B009N8XSJK,5.0,2
B009N8FZP0,5.0,2
B00027D09E,4.5,2
B0075CIBGG,4.5,2
B009N71HNU,5.0,2
B0074KCRC8,5.0,2
B0075NYK6U,5.0,2
B009NUIA82,4.5,2
B009NW3YHW,4.5,2
B009NVRRXK,5.0,2
B0073M824O,5.0,2
B00028ORMM,4.0,2
B00JLNE4RW,5.0,2
B009NUYX06,4.5,2
B009NUYUCM,4.5,2
B00028OQXM,4.0,2
B0073U1AWW,5.0,2
B0073VQ07G,4.0,2
B0073X250K,5.0,2
B009NU4Q8U,5.0,2
B009NTF9QY,5.0,2
B009NTBSXC,4.5,2
B0073YPMTU,5.0,2
B0073ZG7OI,4.0,2
B00JLSRLT0,5.0,2
B0073JIOP4,5.0,2
B009O043WI,5.0,2
B0073CGHYQ,4.0,2
B00JLDXZPE,4.5,2
B009NZYAT0,5.0,2
B00028OUII,5.0,2
B0073FVT32,5.0,2
B0073FXEKS,4.5,2
B0073FYW4K,5.0,2
B009NYTGCM,4.0,2
B009NYOFA0,4.5,2
B009NYFIA6,5.0,2
B00JLKAA6Y,5.0,2
B0073HS94M,5.0,2
B00JLKBLMQ,5.0,2
B0073I5C5A,5.0,2
B0073IO83M,5.0,2
B0073IOCEM,5.0,2
B0073IOE90,4.5,2
B0073IP3D6,4.5,2
B0073J7BUS,5.0,2
B009NX64T6,5.0,2
B007408MDQ,5.0,2
B009NR4BRE,5.0,2
B009NO0PRM,5.0,2
B0074B12CS,5.0,2
B009NMQSH0,4.5,2
B009NMNFAS,5.0,2
B0074BJ1P8,5.0,2
B0074BTDM4,5.0,2
B009NLTU8A,5.0,2
B0074CHFN2,4.5,2
B0074EGJPA,5.0,2
B009NLC7H6,4.5,2
B0074EGO3W,5.0,2
B0074EITIU,5.0,2
B0074EVXI8,4.5,2
B0074FGW1K,4.5,2
B0074FJM8A,5.0,2
B009NKGJ80,5.0,2
B009NKFOCC,4.5,2
B0074GF4J0,4.5,2
B00028EZME,5.0,2
B00749ZX5W,5.0,2
B00741CEQ6,4.0,2
B00JLY9SJ0,5.0,2
B009NQTHPG,5.0,2
B007428DK6,4.0,2
B009NQRN7K,5.0,2
B00743VAUU,4.0,2
B00028NKCU,4.0,2
B00028NEKS,4.5,2
B007447HTC,4.5,2
B007447IF0,4.0,2
B007448HC8,4.0,2
B007448HUA,4.5,2
B00028N7WS,4.5,2
B00744NHLY,5.0,2
B00028MXCS,5.0,2
B00747MXU2,4.5,2
B0075NK1WM,5.0,2
B0075O4F96,5.0,2
B00778B2RS,5.0,2
B00773J80Q,5.0,2
B00775I8R8,4.0,2
B00JOQAVVE,4.5,2
B00023QRI4,5.0,2
B00023QQUI,5.0,2
B00023P3T8,4.5,2
B009LYBCVC,5.0,2
B00778AYIG,5.0,2
B00778B2PU,5.0,2
B00778B6KQ,4.5,2
B009LX2TRO,4.5,2
B009LVXPYM,5.0,2
B00JORB2V6,4.5,2
B009LVFZU4,4.0,2
B009LUK5IM,4.0,2
B00023EQ6Y,5.0,2
B009LTBSNE,4.0,2
B0077DXZMI,5.0,2
B009LSP5PC,5.0,2
B00773J6LW,5.0,2
B007739ITC,5.0,2
B009M1JCH0,4.0,2
B007739IK6,4.5,2
B00770K7G8,4.5,2
B00770K8AS,5.0,2
B00770KDJY,5.0,2
B00770KQVE,5.0,2
B009M59O9W,5.0,2
B009M4W7YM,5.0,2
B00770OQDS,5.0,2
B009M3PP24,4.5,2
B00770P4Z2,4.0,2
B00770P8AS,5.0,2
B00770WXRO,5.0,2
B00024COM6,4.0,2
B000249P3W,4.5,2
B000248REK,5.0,2
B00JOFIACC,5.0,2
B007737Y52,5.0,2
B007739EQY,5.0,2
B007739FKY,5.0,2
B007739FRW,4.5,2
B00JOLEANY,5.0,2
B007739G94,5.0,2
B0077E5TIU,5.0,2
B0077E62IQ,5.0,2
B0077S2CKE,4.5,2
B0077S3R7Q,5.0,2
B009LNYS8M,5.0,2
B00JOTX4Y2,5.0,2
B0077S4P5E,5.0,2
B00023EMKE,4.0,2
B009LNFNC2,5.0,2
B00023EMDG,4.0,2
B00023DIC2,4.5,2
B0077TOMN8,5.0,2
B0077TQJCK,5.0,2
B0077TQKD8,5.0,2
B009LM98GU,4.5,2
B009LM2LPK,4.5,2
B00781ZV3K,4.0,2
B009LLZO64,4.0,2
B007824QH6,4.5,2
B00023EMN6,4.0,2
B009LNZCTQ,5.0,2
B0077S0JY0,4.5,2
B0077E8VJY,4.0,2
B009LQJ7WQ,4.5,2
B0077G3C1O,5.0,2
B0077GKU0K,5.0,2
B00023EP5G,5.0,2
B00023EP4M,5.0,2
B009LPJD8U,5.0,2
B0077OZUZ2,4.5,2
B00023EOTS,5.0,2
B0077RAI7O,5.0,2
B0077RB2AG,4.5,2
B0077RB5OO,4.5,2
B0077RB6L6,5.0,2
B00023ENGW,4.0,2
B0077RZ5YU,4.5,2
B00770HGZI,5.0,2
B0075OK2Y8,5.0,2
B009MR6C6S,5.0,2
B000271370,5.0,2
B0076367F6,4.0,2
B00026ITWI,4.5,2
B00763LZV2,5.0,2
B00764IK3W,5.0,2
B009MR8PJA,4.0,2
B00766FTC0,5.0,2
B00766RKVI,5.0,2
B0076YIPZU,5.0,2
B00026FVGK,4.0,2
B00766S454,5.0,2
B00766S5OY,4.5,2
B00766S9AE,4.0,2
B00767QW7K,4.0,2
B00767ULBI,4.0,2
B009MP8FBU,4.0,2
B007682KY8,4.0,2
B0076893DO,4.5,2
B000273ECW,4.5,2
B000273EL8,5.0,2
B009MTOIZ8,5.0,2
B0075OMFL6,5.0,2
B00027986S,5.0,2
B00027985Y,5.0,2
B0075PR3DK,4.5,2
B009MY11C6,5.0,2
B009MY0ZJQ,5.0,2
B009MY0X8O,4.0,2
B0075QGT5W,5.0,2
B000277XME,5.0,2
B0075RFLJG,4.5,2
B0075RHZYA,5.0,2
B0075RJJFS,5.0,2
B00JMOELH8,4.5,2
B0075RMC0M,4.5,2
B00JMOM45Y,4.5,2
B0075X9MU4,4.5,2
B0075YK8TM,4.0,2
B0075Z233U,4.0,2
B009MUEQK4,5.0,2
B00760BDLW,5.0,2
B009MTOJ0C,5.0,2
B00JNA6AUM,5.0,2
B00769OVXK,4.5,2
B009MFM85E,5.0,2
B009MBH78G,5.0,2
B009MB78R6,5.0,2
B009MAPGFS,4.5,2
B0076OG71E,4.5,2
B0076OHZVK,4.5,2
B009MAOYAG,5.0,2
B009MACZOS,5.0,2
B0076OMGLO,5.0,2
B00025G3H2,5.0,2
B00025G3GS,4.0,2
B0076SBLVG,5.0,2
B0076U28SY,5.0,2
B009MGKQ0W,5.0,2
B0076AAFM0,4.0,2
B009MGM81W,4.0,2
B009MOF80M,5.0,2
B0076ACQJU,5.0,2
B00026D05E,5.0,2
B0076AXMFW,4.0,2
B0076GOISQ,5.0,2
B000262QNG,4.0,2
B00025XFY6,5.0,2
B009MIAB50,5.0,2
B0076JSRAS,4.0,2
B00025X06Y,5.0,2
B00025X06O,5.0,2
B009MHTOVS,5.0,2
B009MHQLIM,4.0,2
B009MHO2AG,5.0,2
B00025WZOW,5.0,2
B00025WZMO,5.0,2
B0076LSZVM,4.0,2
B007TXQBMM,5.0,2
B008U2X5J8,4.5,2
B008U2F1R2,5.0,2
B008U2ETQQ,5.0,2
B008CYEJKI,5.0,2
B008CYF57O,4.5,2
B008U0FHC8,5.0,2
B008U01ZFQ,5.0,2
B008CYGEBA,5.0,2
B008CZBYFA,5.0,2
B008CYJDPE,5.0,2
B008CYKGK0,4.5,2
B008CYLWOE,5.0,2
B008TYHG24,4.0,2
B008TYFMNO,5.0,2
B008CZ4DM6,4.5,2
B008CZ861A,5.0,2
B008TYFHT8,5.0,2
B000052ZEH,4.5,2
B008CY3P9O,5.0,2
B008CRWLXM,5.0,2
B008CRWM0O,4.5,2
B008CRWOLQ,5.0,2
B008CRZUF8,5.0,2
B008CS6BEG,5.0,2
B008CSMEL0,4.5,2
B008CT0344,4.5,2
B000052ZNE,5.0,2
B008CTMRB6,5.0,2
B008CU9HB8,5.0,2
B008CUFG72,5.0,2
B000052ZJF,4.5,2
B008CUFM2G,4.0,2
B008U5C1JU,5.0,2
B008U5BV8W,4.5,2
B008CUVPTK,4.5,2
B008CV03B0,5.0,2
B008U4ALMU,4.0,2
B008CV20ZM,5.0,2
B008U3ZGZ8,5.0,2
B008U3LZYO,5.0,2
B000052YRB,5.0,2
B008DGG21Y,5.0,2
B008D8DAGC,4.0,2
B008TPI68Q,5.0,2
B008DBXIRU,4.5,2
B000052YLE,4.5,2
B008DGAMTW,4.5,2
B008DGCRPY,5.0,2
B008TO30CE,4.0,2
B008TYBZPI,4.0,2
B000052YKG,5.0,2
B008DI7VFS,4.0,2
B008DI9DZE,5.0,2
B008DJ3M0K,4.0,2
B008DJEZ3S,5.0,2
B008DJGPSQ,5.0,2
B008DJGXK6,4.0,2
B008DK990Q,5.0,2
B008DK99MO,5.0,2
B008D7WUMI,4.5,2
B008TSN1E2,5.0,2
B000052YOM,5.0,2
B008TSO0L0,4.0,2
B008TY72BO,5.0,2
B008TX0CAI,5.0,2
B008D18DC0,5.0,2
B000052YPU,5.0,2
B008D2W4KQ,5.0,2
B008D3JYPS,5.0,2
B008D4ZV9K,4.0,2
B008TV966Q,4.5,2
B008TV912U,5.0,2
B000052YPC,4.5,2
B000052YP0,5.0,2
B008D5OFS2,4.0,2
B000052YOY,4.0,2
B008D609MC,4.5,2
B008D65UVM,5.0,2
B008TTDF7E,5.0,2
B008D6MVH8,5.0,2
B008D6YPD6,5.0,2
B000052YOQ,5.0,2
B000052ZNT,4.5,2
B008CRBX0Y,5.0,2
B008C7RVZ0,5.0,2
B008C3N1N0,5.0,2
B008C3V4MU,4.0,2
B008UOYRI4,5.0,2
B008C4CSTM,5.0,2
B008C4CY3M,5.0,2
B0000530MB,4.5,2
B008UNCNIQ,5.0,2
B0000530MA,5.0,2
B0000530M9,4.5,2
B008CRBGIS,5.0,2
B008UL2LWQ,5.0,2
B008C8CFKA,5.0,2
B008C8DBI0,4.5,2
B008C8IUCC,5.0,2
B008C8KSTU,5.0,2
B008C8LUE2,5.0,2
B008UHFR3U,5.0,2
B008C9ZORA,5.0,2
B008C2TG80,4.5,2
B00KIU76JU,4.0,2
B008C27D1M,5.0,2
B008BUDNVE,5.0,2
B008BUIF8U,5.0,2
B008BUUKZ6,5.0,2
B008BV225G,4.5,2
B008BVL3M4,5.0,2
B008BVW292,5.0,2
B0000531F8,5.0,2
B008BX1NX6,4.5,2
B008BX4MEI,4.5,2
B008BX64GM,5.0,2
B008BXO4TQ,4.5,2
B008BZDFJE,5.0,2
B008BZM7T8,4.0,2
B0000530PB,5.0,2
B008UQE57U,5.0,2
B0000530P9,5.0,2
B008C1FRAC,5.0,2
B008UOYZ7W,4.5,2
B008CA3YDU,4.0,2
B008CIV1BE,5.0,2
B008UBQRLC,5.0,2
B000053037,5.0,2
B008CNGTY8,5.0,2
B008CNX66W,4.0,2
B008CPCD1Y,5.0,2
B008CPKPHS,5.0,2
B008CPKQWM,5.0,2
B008CPXLMY,5.0,2
B008CQ9CNK,5.0,2
B008CQ9KWS,5.0,2
B008CQGBHU,4.0,2
B008CQI8QC,4.0,2
B008CQJC26,4.0,2
B008CQJDSE,5.0,2
B008CQJWIK,5.0,2
B000052ZSI,5.0,2
B008CR45X6,5.0,2
B008CR66FG,5.0,2
B008U5S9LE,4.5,2
B008CJCQXA,5.0,2
B008CIRUOG,5.0,2
B008UG2IHO,4.5,2
B00KJ0ZXX0,5.0,2
B008CC4F9U,5.0,2
B008CEOZNY,4.0,2
B008CF32VO,4.0,2
B008CF3BQ0,5.0,2
B008CF3ING,5.0,2
B008CFNLS8,4.0,2
B008CFXJZS,4.5,2
B008CGDJIO,5.0,2
B008CGKCXY,4.0,2
B008CGM7IM,5.0,2
B008CGMRXC,5.0,2
B008CGZ6EE,5.0,2
B008UD0PWC,4.5,2
B000052Y6M,4.5,2
B008DK9BQ8,4.0,2
B008DK9BUO,5.0,2
B008EYP8I8,5.0,2
B008EWSQQQ,4.5,2
B00000G2HU,5.0,2
B008EWUZHE,5.0,2
B008EWWI6K,4.5,2
B008EX1SR4,5.0,2
B008EXAC8K,4.5,2
B008EXL87Y,4.5,2
B008EXNE3U,5.0,2
B008EXNMZK,4.0,2
B008EY0FSG,5.0,2
B008EYTAEG,4.5,2
B008SEE15A,5.0,2
B008EYV32S,4.5,2
B008EYX40W,5.0,2
B000005J9Q,4.5,2
B008S6L0FC,5.0,2
B008S6IS70,4.5,2
B008S6IS66,5.0,2
B008F0Q46Q,5.0,2
B008F0R6VI,5.0,2
B000005A4M,4.5,2
B008EWOCVY,5.0,2
B008EVX5V8,5.0,2
B008EV7YGA,5.0,2
B008SDC4M8,4.5,2
B008EPY1EO,4.0,2
B008EPY5JK,4.5,2
B008SCUO9Y,5.0,2
B008SCTOEK,4.5,2
B008EPZKGM,5.0,2
B008EQ0GIS,5.0,2
B008EQ0J08,4.0,2
B008ER4OHG,4.5,2
B008ER9RHI,5.0,2
B008ER9YA8,5.0,2
B008SC8UDG,4.5,2
B000023YFO,4.5,2
B008SC4GQG,5.0,2
B008ERCAHC,4.5,2
B008ESAY2Y,4.5,2
B008ESFQ4A,5.0,2
B008ESWQQ6,4.0,2
B008EU9W7K,4.0,2
B000001SH8,4.5,2
B008F2NE7Q,5.0,2
B008FG7VSK,5.0,2
B008FGVF0K,5.0,2
B008FH53FM,4.0,2
B008FHM4OU,5.0,2
9790801149,4.5,2
B008FIZIL0,4.5,2
9790801106,5.0,2
B008RZGJQY,4.5,2
B008RZDMSC,5.0,2
B008RZ7Q7U,5.0,2
B008FLQIS4,5.0,2
B008FLQJLU,5.0,2
B008FLQJME,4.0,2
B008FLQKNM,4.5,2
B008FLQLUE,4.5,2
B008FLQMN0,5.0,2
B008FMBK8Q,4.5,2
B008FMRPFI,4.5,2
B008FMRRVU,5.0,2
B008RYUZTC,5.0,2
B008FNPCF2,5.0,2
9790801505,5.0,2
B008S0NYFC,4.0,2
B008FFTIFA,5.0,2
B008F4EZZY,5.0,2
B008F4HYKM,4.5,2
B000000Z3C,5.0,2
B008F4I31G,5.0,2
B000000VP5,4.5,2
B008S3YLHY,5.0,2
B008S36QN6,4.0,2
B008F8I6K0,5.0,2
B008F8IL46,5.0,2
9839215051,5.0,2
B008FAX30G,4.5,2
B00KM9JG3G,5.0,2
B008S1VHDM,5.0,2
B00KMCFFZQ,5.0,2
B00KMFUGV6,5.0,2
B008FEQET4,4.5,2
B008FEQFOI,5.0,2
B008S0SRKO,4.0,2
B008EPPIQ4,4.5,2
B000052XYH,5.0,2
B008DX8W6U,5.0,2
B008DXH7GQ,5.0,2
B008T2W0J0,4.5,2
B008T2VU1E,4.5,2
B008T0LD36,5.0,2
B008DYOABA,4.0,2
B008DYVDNS,5.0,2
B008DZ52W0,5.0,2
B00KKW1GJ2,5.0,2
B008SYVTMS,5.0,2
B008EOH97Q,4.5,2
B000052XV5,4.0,2
B000052XR5,4.5,2
B008E0AHOC,5.0,2
B008SXN45O,5.0,2
B008E0OGSA,4.0,2
B008E1G0K6,5.0,2
B008E2D7GU,4.5,2
B008E330C0,5.0,2
B008DWSCCU,5.0,2
B008T30GZO,4.5,2
B008DW3TLO,5.0,2
B008DKNDOO,4.5,2
B000052Y6K,4.5,2
B008DNN6PM,4.5,2
B008DNYFEI,5.0,2
B008DRWSRA,5.0,2
B000052Y2H,4.5,2
B008TBTAAI,4.5,2
B008DSTRM8,4.5,2
B008DSXQ3Y,5.0,2
B00KKOTFYS,5.0,2
B008T9PYGY,4.5,2
B008DVR3IK,5.0,2
B008DW0E7G,5.0,2
B008DW2TT2,5.0,2
B008DW3ILK,5.0,2
B008DW3O3C,5.0,2
B008SW11N2,5.0,2
B008E5G7VO,4.0,2
B008SIZPJW,4.5,2
B00002Z77V,4.5,2
B008EM5X4O,4.0,2
B008SI9OOO,4.0,2
B008EMJMZU,5.0,2
B008EMMZBS,5.0,2
B0000280M8,5.0,2
B000027U8N,5.0,2
B008SG9I2O,4.5,2
B008SFTA6Y,5.0,2
B008ENQJN2,4.5,2
B008ENRH38,4.0,2
B008ENV3B0,5.0,2
B008EOBX5U,4.0,2
B008EODLB4,4.0,2
B008EOE1PY,4.5,2
B008EOGN78,4.0,2
B008SIOO4E,5.0,2
B00004S6H9,4.5,2
B00004SASL,5.0,2
B008E6LOHU,5.0,2
B008E6RAP0,5.0,2
B008E7L3FW,4.5,2
B008E7SMQU,5.0,2
B008E7WSQA,5.0,2
B000050ASF,4.0,2
B008E9MFCA,5.0,2
B00004WFUZ,5.0,2
B008EA51KC,5.0,2
B008ED0BUY,5.0,2
B008EDQOAK,5.0,2
B008EDXTK8,4.0,2
B008SM3Y2I,5.0,2
B008EGRIHK,5.0,2
B008SLD5QO,5.0,2
B008EGRIM0,4.0,2
B008BU97O6,4.5,2
B008BTYEAE,4.0,2
B0089B4F9E,5.0,2
B00898E6DM,5.0,2
B00898EB7S,4.5,2
B008WLVSAK,5.0,2
B008WIQT6G,4.5,2
B00899AV4O,5.0,2
B008WIC1VI,5.0,2
B00005B703,4.5,2
B008WIBYSY,5.0,2
B0089A9YZU,4.5,2
B0089AGUJ8,4.5,2
B00005B2PY,5.0,2
B008WI021O,5.0,2
B0089BB09W,5.0,2
B0089DJBDC,5.0,2
B008WGKD4C,5.0,2
B0089DVA72,5.0,2
B0089DVAFE,5.0,2
B0089E4KGE,4.5,2
B0089ENFI8,4.5,2
B008WNT34Q,4.5,2
B0088WDQJ4,5.0,2
B00005J8D5,5.0,2
B0088XGH0S,4.5,2
B00890O18A,4.0,2
B0089154SU,5.0,2
B00891EQTI,5.0,2
B00005CDSH,5.0,2
B00891H7GM,5.0,2
B008X02IGI,5.0,2
B00892NK1W,4.5,2
B00892ZPL0,5.0,2
B00893NIPO,4.0,2
B00895PVBQ,4.5,2
B008WSBRI6,5.0,2
B00896TD32,5.0,2
B008976H0I,4.5,2
B00897AXVC,5.0,2
B008985OZ6,4.5,2
B0089EQVX4,5.0,2
B0089EXW3Q,4.0,2
B0089F1KL6,4.5,2
B00KFJV4PG,5.0,2
B008W2NHIA,4.5,2
B0000589KZ,4.5,2
B0089NNY4E,5.0,2
B008W2BA7U,5.0,2
B0089NZADW,5.0,2
B008W2A972,4.5,2
B008W1AS3S,5.0,2
B0089OISSK,4.5,2
B0089OPKCW,5.0,2
B0089PD2X0,5.0,2
B0089PJE2S,5.0,2
B008VZA6ZU,5.0,2
B0089PTQF8,4.5,2
B0089PZYF4,5.0,2
B000056JPK,4.5,2
B008VYRNUC,4.5,2
B0089Q2V0O,5.0,2
B008VXUOPE,4.5,2
B0089QNQ6C,5.0,2
B008VX0BYS,5.0,2
B0000589L3,5.0,2
B0089MVD8E,5.0,2
B000059MCH,4.5,2
B0089F741Q,5.0,2
B0089FOCUM,5.0,2
B0089FTPHM,5.0,2
B0089GHYTM,5.0,2
B0089GLG9G,4.5,2
B00005A77F,5.0,2
B0089HKPIS,4.0,2
B0089IMG52,4.5,2
B0089IR3LY,5.0,2
B008W9TTDK,4.5,2
B0089JJI3E,5.0,2
B008W3HJAQ,5.0,2
B008W3ETAY,4.5,2
B008W34CWO,4.0,2
B0089L0O08,4.5,2
B0089LGXNU,5.0,2
B0089LYKU8,4.0,2
B0089M1B6I,5.0,2
B0089M3P44,5.0,2
B0089MLU1Y,5.0,2
B0088WDB44,4.5,2
B0088W8ELY,4.0,2
B00886Y3YW,4.5,2
B008XJ8N8G,4.5,2
B008852KUW,4.5,2
B00005O0N6,4.5,2
B00885QFR6,5.0,2
B00885S8DK,5.0,2
B008XHS5RM,5.0,2
B008XHS2FC,4.5,2
B008XHCRK8,5.0,2
B00886FK76,4.5,2
B008878BC6,4.5,2
B00005JG0J,5.0,2
B008XG7N80,5.0,2
B0088AGW9M,5.0,2
B0088BWG4G,4.0,2
B008XCO468,5.0,2
B008XCG74K,4.5,2
B008XBJVQW,5.0,2
B00882Z5ES,5.0,2
B0087W4UDQ,4.5,2
B008XLXN16,4.5,2
B008XLTJDW,5.0,2
B008XLR5XS,5.0,2
B0087XR3DO,4.0,2
B0087Y3G8E,4.0,2
B008XLFEXQ,5.0,2
B0087ZOX6C,4.0,2
B008XL41EY,4.0,2
B008XKYSSY,4.0,2
B00005REBE,4.5,2
B00KCWROHI,4.5,2
B00005REB0,5.0,2
B00880LPA8,4.0,2
B008XKTY7O,4.5,2
B00005REAW,5.0,2
B00880WDK4,5.0,2
B00KCXE362,4.0,2
B00881SB3G,5.0,2
B00881UXVO,4.5,2
B0088E2YH2,5.0,2
B0088E33VS,5.0,2
B0088OTEY8,5.0,2
B0088PHVSI,5.0,2
B0088PK3WY,4.5,2
B00005LOHR,5.0,2
B00005LOHO,5.0,2
B00005LOHM,5.0,2
B008X3PFOW,5.0,2
B0088PWUFW,5.0,2
B0088QGZH0,5.0,2
B0088T91E6,4.5,2
B0088THN3C,5.0,2
B0088TNXW2,4.5,2
B0088TNYIK,5.0,2
B0088V1ICW,5.0,2
B0088V22W2,4.5,2
B00005KHG1,4.5,2
B008X3LJQ0,4.5,2
B0088V4626,5.0,2
B00005KCN1,4.0,2
B0088VP5TY,5.0,2
B0088VP9OK,4.0,2
B0088VX7XK,4.5,2
B0088NX2BK,5.0,2
B008X66EQ2,5.0,2
B008XB4SC4,4.5,2
B0088F8H86,5.0,2
B008X9QGX0,5.0,2
B0088GXP96,5.0,2
B0088HPCN2,4.5,2
B0088HVSTO,5.0,2
B0088IGKEQ,5.0,2
B0088JNKS4,4.0,2
B0088JUZQ4,5.0,2
B0088K56Y4,4.5,2
B0088K8B46,4.0,2
B0088KA1NA,5.0,2
B0088KGI1O,4.0,2
B008X6USVE,5.0,2
B0088LUTU4,5.0,2
B008X67JSE,4.5,2
B0088NIMO2,5.0,2
B0088NUUGA,4.5,2
B0089TS4UM,4.5,2
B0000531HS,5.0,2
B000053290,4.0,2
B00005328N,5.0,2
B008BAQ7NA,4.5,2
B008BBEOQQ,5.0,2
B008BBJ6DM,5.0,2
B008BBOOP2,5.0,2
B008BBRQ0W,5.0,2
B008V1M2YM,5.0,2
B008BCAFL8,5.0,2
B008BCGBOI,4.0,2
B00KGS0N1W,5.0,2
B008V18KCU,5.0,2
B00005321X,4.5,2
B008BDQZXO,5.0,2
B008UZJ2N8,5.0,2
B008BFIPBW,5.0,2
B008UZERSS,4.0,2
B008BFNKPI,5.0,2
B008BFNKWQ,4.0,2
B008B9T7F6,5.0,2
B008B99MWO,5.0,2
B008B2DANS,5.0,2
B00005336W,5.0,2
B008B3AZT4,4.5,2
B008B3QNB8,5.0,2
B008B3VVDI,4.5,2
B008VC3WIG,4.5,2
B008VAXTMM,5.0,2
B008B4WFW8,5.0,2
B008VA0VGY,4.5,2
B008B6E3BC,5.0,2
B008V9JEKO,5.0,2
B00KGV1NK4,4.0,2
B008B7PUSG,4.5,2
B008B7Q38W,5.0,2
B008B7QHPG,4.5,2
B008B7QRFQ,4.5,2
B0000532Z4,5.0,2
B008B7VSZK,4.0,2
B008B8209C,4.0,2
B008V7BRII,4.5,2
B008V781FA,4.5,2
B008V66ATU,4.5,2
B00KHA1S4U,5.0,2
B008UZENIW,4.0,2
B008UZELQG,5.0,2
B008UZCM6M,4.5,2
B008BLL0NG,5.0,2
B008BLZ8XY,5.0,2
B008BM4H3U,4.5,2
B008UU4UXA,4.5,2
B008UU1OMK,5.0,2
B008BMF5HM,5.0,2
B008BMLWU6,4.5,2
B008BMONFW,5.0,2
B00KI1MOEG,5.0,2
B008BMQZZS,5.0,2
B008UTQNPE,5.0,2
B008BN1SKE,4.5,2
B008UTQHUU,4.5,2
B008UTQDBI,4.5,2
B008BQ6T5K,5.0,2
B008BQ8IXG,4.5,2
B008BS9F6S,5.0,2
B008BLNZ0W,4.5,2
B0000531XS,5.0,2
B008BLHQIY,5.0,2
B00KHW0PJ2,5.0,2
B008BHRX68,5.0,2
B008BHT0UK,5.0,2
B008UY9Y64,5.0,2
B008UY8WIK,5.0,2
B008BIAL70,5.0,2
B008BIKT9A,4.5,2
B008BIKVA2,5.0,2
B008BILVB0,5.0,2
B008BIMAVU,5.0,2
B008UX3UYW,4.0,2
B008BIXCL2,5.0,2
B008BJ0HK0,5.0,2
B008BJ5PQG,5.0,2
B008BK7KC2,5.0,2
B008BK7M3O,4.5,2
B008BKV8QQ,4.5,2
B008BKX184,5.0,2
B0000531QP,5.0,2
B008B18F8O,5.0,2
B008VWW188,4.0,2
B008A19TXA,4.5,2
B008A36CSS,4.0,2
B0000537S0,5.0,2
B0000537NR,4.5,2
B0000537NM,5.0,2
B0000537JK,5.0,2
B0000537IO,5.0,2
B008VTHGDG,5.0,2
B008A4VZ8O,5.0,2
B008A66S16,5.0,2
B008B0RCHK,5.0,2
B008A75H8A,4.5,2
B008A7TNGW,5.0,2
B008A7W4PE,4.5,2
B008A9CFT2,5.0,2
B008VQQN7Y,5.0,2
B008VQ2MA6,5.0,2
B008A9WX30,5.0,2
B008VUVNWK,5.0,2
B008VWVRGU,5.0,2
B0089UFEPO,5.0,2
B0089UH3IU,4.0,2
B0089UJOWS,4.0,2
B0089V8FOA,5.0,2
B00KFRME0M,5.0,2
B000053L55,5.0,2
B0089WKE2K,5.0,2
B008VVJZ88,5.0,2
B0089XGNMY,5.0,2
B0089Y7264,4.5,2
B008VV41OQ,4.0,2
B0089YGZYY,4.5,2
B0089YLXHI,5.0,2
B008VV3TTY,5.0,2
B0089YNP7E,4.0,2
B008VV3HD2,5.0,2
B0089YWQQA,5.0,2
B0089ZBFGG,5.0,2
B0089ZPMY2,4.5,2
B008ABXR10,5.0,2
B008AC7832,5.0,2
B008AK2YVK,5.0,2
B008VHGUSK,5.0,2
B008VGOUDI,4.5,2
B008VGMARQ,4.0,2
B0000535RW,4.5,2
B008VGDJ7G,5.0,2
B0000535RB,5.0,2
B008VG0SVQ,5.0,2
B008AS418Q,5.0,2
B0000535QU,4.5,2
B008VFADDA,5.0,2
B008AXFICO,4.5,2
B008AXQH3I,4.5,2
B008AYZBSY,4.5,2
B008AZ3GIU,5.0,2
B008AZHSL6,5.0,2
B008AZQC4U,4.5,2
B008B0FPLU,5.0,2
B00KGMQKL0,5.0,2
B0000536QT,5.0,2
B008AIV5RG,5.0,2
B008ADKCFW,4.5,2
B008ADV8PK,4.0,2
B008VKAITY,5.0,2
B008AF58YU,4.0,2
B008VIKDN2,5.0,2
B008AGY7CS,4.5,2
B008VIDV9A,5.0,2
B00KGKSS3A,4.5,2
B008AIKD6U,5.0,2
B00005360N,4.0,2
B008AIV5HQ,4.5,2
B008RYQQM2,4.5,2
B008FOO7G6,5.0,2
B008L73QH8,4.5,2
B008P09K4E,4.5,2
B008L55II0,4.0,2
B008L5DCCE,4.0,2
B008L6EWCW,5.0,2
B008L6JT6Q,5.0,2
B008L73R5O,5.0,2
B008L8YZU4,4.0,2
B008LAB636,5.0,2
B008LB4MYK,5.0,2
B008OXS95S,5.0,2
B008OXOGNC,4.5,2
B008LEOH4W,5.0,2
B008LEPUHA,5.0,2
B008L40BAQ,4.5,2
9788073565,4.5,2
B008L2VEC2,4.5,2
9788075630,5.0,2
B008L2QOFY,5.0,2
B008P955FS,4.5,2
B008L2SBNC,5.0,2
B008L2SIP8,5.0,2
B008L2SO7U,5.0,2
B008L2SWU4,4.0,2
B008L2TCLC,5.0,2
B008L2TFDM,4.0,2
B008L2TKNW,5.0,2
B008L2TM0I,5.0,2
B008P6C7J8,5.0,2
B008L2TYOC,4.0,2
B008L2UTG4,5.0,2
B008P5C3QG,5.0,2
B008L2V486,5.0,2
B008L2VBVG,5.0,2
B008L2VC10,5.0,2
B008L2VC92,5.0,2
9788072453,5.0,2
B008FP22WQ,5.0,2
B008LT5BKG,5.0,2
B008LUBKUU,5.0,2
B008LUBKXW,5.0,2
B008OTLK0I,4.0,2
B00L3GD6H4,5.0,2
B008LUI61Q,4.5,2
B008LUO4WQ,5.0,2
B008LWANT2,5.0,2
B008LWD13M,5.0,2
B008LWD1UA,4.0,2
B008LWFSXI,4.0,2
B008LWFZOA,5.0,2
B008OTA61M,5.0,2
B008OT6G70,5.0,2
B008LXOX10,4.5,2
B008OUR8NK,5.0,2
B008LT54BW,4.5,2
B008OW02OK,5.0,2
B008LF9AOS,4.5,2
B008LF9LI8,5.0,2
B008OVHER4,4.0,2
B008LG2JW2,4.0,2
B008LJK8DQ,4.5,2
B008OUZA2Q,4.0,2
B008LKHZQS,4.0,2
B008LMC4D0,4.5,2
B008OUYYHI,4.5,2
B008LMU1P8,5.0,2
B008OUYXZQ,5.0,2
B008OUYUY0,4.5,2
B008LP9T08,5.0,2
B008LPSIT6,4.5,2
B008LR1RUG,4.5,2
B008LR5TJQ,4.5,2
9756518081,5.0,2
B008L2PRAM,5.0,2
B00KZ62SEK,4.0,2
B008L2PK2C,4.5,2
9790771401,5.0,2
B008PK9S5A,5.0,2
9790771916,5.0,2
B008K6IUTY,5.0,2
B008PJM1HS,5.0,2
B008PJH678,5.0,2
B008K7W10W,5.0,2
B008K83UKG,4.0,2
B008PITSZM,5.0,2
B008L2PA9U,5.0,2
B008PIM6K6,5.0,2
B008K9UI6O,5.0,2
B008PIJ01Y,5.0,2
B008PIG8IC,4.0,2
B008KA10JC,4.5,2
B008PHO5PQ,4.5,2
B008PHMOW2,5.0,2
B008PHLFKY,5.0,2
B008K4ZHYC,4.5,2
B008K4VJZI,5.0,2
B008K4TQ26,5.0,2
B008PR7UA8,5.0,2
B008PR073K,5.0,2
B008JRK146,5.0,2
B008PQ850S,5.0,2
9790775024,5.0,2
B008PPXD56,4.5,2
B008PPXAT0,5.0,2
B008PPWBK4,5.0,2
B008JWW2LG,5.0,2
B008JXGFXQ,5.0,2
B008PNRN6I,5.0,2
B008PN3PEM,4.5,2
9790773455,4.5,2
B008PN211U,4.5,2
B008K2MY6I,5.0,2
B008K2P0A0,4.5,2
B008K2P1VI,5.0,2
B008K3642M,5.0,2
B008K4OFYU,5.0,2
B008PHJ6G4,5.0,2
B008PHCSWI,5.0,2
B008KSFZNG,5.0,2
B008KSJE1A,4.0,2
B008KSJOYM,4.0,2
B008KTJIME,4.0,2
9788079970,5.0,2
B00KYEFE8A,5.0,2
B008KYBBOM,4.0,2
B008KZDPCW,5.0,2
B008KZMRTO,5.0,2
B008PD0VBW,4.0,2
B008L16CDY,5.0,2
B008PBV5BE,5.0,2
B008L2P5S6,5.0,2
9788080626,4.5,2
B008KRHF08,4.0,2
B008KFVR0E,5.0,2
B008PEAO04,5.0,2
B008KH5SRK,5.0,2
9790771002,4.5,2
B008KH69GO,5.0,2
B008PFREG0,4.0,2
B008KH6TWS,5.0,2
B008KHB7B6,4.0,2
B00KXDHIEU,5.0,2
B008KIWM7I,5.0,2
B008KJ4VH6,5.0,2
B008PFHI70,5.0,2
9790770758,5.0,2
9790770561,5.0,2
B008PF8946,5.0,2
B008KO4UWC,5.0,2
B008PF4O0O,5.0,2
B008PEYQ80,5.0,2
B008KP7X5W,5.0,2
B008KPL5TM,4.0,2
B008KR1072,5.0,2
B008ORZ81W,5.0,2
B008LY9D00,4.5,2
B008N4KSKC,4.5,2
B008N1QP2U,4.5,2
B008OBTF8A,4.0,2
B008OBT0KI,4.0,2
B008N1TQG2,4.0,2
B008N20GFQ,5.0,2
B008OB0XI6,5.0,2
B00LGY1VT8,5.0,2
B008OAWFFG,5.0,2
B008N4OH54,4.5,2
B008MPROCW,4.0,2
B008N6D4FG,4.5,2
B008O90M5C,4.5,2
B008O90EVO,5.0,2
B008N9D1HY,5.0,2
B008N1M588,4.0,2
B008N10NCI,5.0,2
B008OFC3JE,4.5,2
B008MQA56S,5.0,2
B008MVIK8I,4.0,2
4057362894,5.0,2
B008MYU4FW,4.5,2
B00LBMK2KO,5.0,2
B008MZCYFE,4.5,2
B008MZFZKA,5.0,2
B008ODO7EK,4.0,2
B008ODNYZI,5.0,2
B008N07TVM,4.0,2
B008N0PM20,4.5,2
B008NA7DJK,5.0,2
B008NA8M8Q,4.5,2
B008NAXS2G,5.0,2
B008NLMUCY,5.0,2
B008NP2O1M,5.0,2
B008NPBUOY,5.0,2
B008NPBVD4,4.5,2
1304196135,5.0,2
B008NQ9U22,4.5,2
B008O5IT4M,4.5,2
1304174867,5.0,2
1304174778,5.0,2
B008O53VFE,5.0,2
1304168522,5.0,2
B008NSQBJU,5.0,2
B008NU24LC,5.0,2
B00LMXHR1Y,5.0,2
B008NVY8U6,4.0,2
B008NVZX46,5.0,2
B008NW70R8,4.0,2
B008NWSMNY,4.5,2
B008NX7ZHM,5.0,2
B008NNQT92,5.0,2
B008NAZZ7M,5.0,2
B008NHDE46,4.5,2
B008NB1H3C,5.0,2
B008NB5FYO,5.0,2
1304622428,5.0,2
1304622193,5.0,2
B008NBESUG,4.5,2
B008NBFH10,5.0,2
B008NBPUDA,4.5,2
B008O7E38Q,5.0,2
B008O7BYFQ,5.0,2
B008NC7OZQ,4.5,2
B008NC90TY,5.0,2
B008NCEAE4,5.0,2
B008NCSH4S,4.0,2
B008O6SUBS,5.0,2
B008O6QJ0M,4.5,2
B008O6OQCA,5.0,2
B008NE2VZC,4.5,2
B008NF7EM6,4.0,2
B008NF7ITK,5.0,2
B008NGN7G2,5.0,2
B008MPW1JS,5.0,2
B008MP8DFO,4.5,2
B008ORXVPC,4.0,2
8982641262,5.0,2
B008M4KS12,5.0,2
B008M4KSL2,5.0,2
B008M4KT8O,5.0,2
B008M4KTYS,4.5,2
B008M74DR4,5.0,2
B008M7F7MY,5.0,2
B008ONPUFA,4.5,2
B008M7TXTC,4.5,2
B00L4R2RLI,4.0,2
B008M9VTS8,5.0,2
B008OLSU68,5.0,2
B008MA1JGE,4.0,2
B008MAE9SY,4.0,2
8430539387,5.0,2
B008MAHS1Y,5.0,2
B00L5HUNPO,5.0,2
B008OLF9PS,4.0,2
B008MB09Z0,5.0,2
B008M4KRPE,4.5,2
B008M4KK92,5.0,2
B008OOYN6G,4.5,2
9571044822,5.0,2
B008LYIQ3U,4.0,2
9605406446,4.0,2
B008ORCPZ4,5.0,2
B008LZQN52,4.5,2
B008LZRE00,5.0,2
B008M09REK,4.5,2
9601420347,5.0,2
B008M2W6NC,5.0,2
B008M329U6,5.0,2
B008OP0X5A,4.5,2
9601403787,5.0,2
B008OOZ8GK,5.0,2
B008OOZ784,5.0,2
B008M4F5TW,4.0,2
B00L4HQTUI,5.0,2
B008M4G49M,5.0,2
B00L77WTU4,4.0,2
B008MJVMUS,4.0,2
B008ML1OOA,4.5,2
B008ML2M0A,4.0,2
B00L9EN0GC,5.0,2
B008MLS3Z8,4.0,2
B008OIAR3U,4.5,2
B008MLWW0U,4.5,2
5357956227,5.0,2
B008OI0FMI,4.0,2
B008MM27N6,5.0,2
B008OHW13U,5.0,2
B008MO8YT0,4.5,2
B008MOEQW4,4.0,2
B008MOK7KY,5.0,2
B008MOXCM4,4.5,2
B008MOXD3C,5.0,2
B008OFC4WK,5.0,2
B008OFC4NE,5.0,2
B008OIM1WK,4.0,2
6041134511,5.0,2
B008MBOIDE,5.0,2
B008MCEHNY,5.0,2
B008MCEJDM,5.0,2
B008MCEMCK,5.0,2
B008MCENY2,5.0,2
B008MCGZ3Y,5.0,2
B008MCH0MY,5.0,2
B008MCHQS2,5.0,2
B008MD57HI,4.5,2
B008OJEZRS,4.5,2
B008OIZO6A,4.5,2
B008MDQOOI,5.0,2
B008MF72LK,4.5,2
B008MG5DU6,4.0,2
B008MHFWMO,4.0,2
6167061580,4.5,2
B008PR9BJG,5.0,2
B008JQS0ZY,4.5,2
B008PRJNGW,5.0,2
B008GVRKXA,5.0,2
B008GW4D2K,5.0,2
B00KPF3B7O,4.5,2
B008GWI3BC,4.5,2
B008RJCOWI,5.0,2
B008RJ6HWQ,5.0,2
B008GWRS7M,5.0,2
9790791984,5.0,2
979079178X,4.0,2
B008RIABU6,4.5,2
B008GYGVKA,4.5,2
B008RIA4GW,4.0,2
B008GZ2QQM,5.0,2
B008H0188S,5.0,2
B008RHAPF8,5.0,2
B008H0DT62,5.0,2
B008H0GEU0,4.5,2
B008H0IUTS,5.0,2
B008H1GYLI,4.5,2
B008RGGPFS,4.0,2
B008H1H0NY,5.0,2
B008H1H110,4.0,2
B008GVR1XE,5.0,2
B008RJXHE2,5.0,2
B008GVI9SU,5.0,2
B008RKD5AC,5.0,2
B008GNSC8A,5.0,2
B008GNYTXM,5.0,2
B008RN0F7U,4.0,2
B008RMZMJM,4.0,2
B008GPPVPK,4.0,2
B008RMZ4TK,5.0,2
B008GQ0A14,4.5,2
B008RMN4IS,5.0,2
B008GQMMKQ,5.0,2
B008GRB300,5.0,2
B00KOYK73M,4.5,2
B008GRDMEK,5.0,2
B008RLWOAS,5.0,2
B008RLU8I8,5.0,2
B008GTAAJ8,5.0,2
B008GUY66K,4.5,2
B008GUYRZU,5.0,2
B008GV8M3M,5.0,2
B008GV8WG4,5.0,2
9790791100,5.0,2
B008H1I7B8,5.0,2
B00KQ5MZA2,5.0,2
B008H5Z8VQ,4.0,2
B008H6DVJG,5.0,2
B008RBTK14,5.0,2
B008H6GXPA,5.0,2
9790789688,5.0,2
B008H6MXWM,4.5,2
B008H6N7TU,5.0,2
B008RBL846,5.0,2
9790789556,5.0,2
B008H6XA4M,5.0,2
B008RB4PQO,4.5,2
B00KQ5T1N6,5.0,2
B008RATHI6,4.0,2
B008RAS4WG,5.0,2
B008HA1D3S,4.0,2
9790789203,5.0,2
B008RABK54,4.5,2
B008H5LXDI,4.5,2
9790789831,4.5,2
9790791054,5.0,2
9790791038,5.0,2
B008H1TGK4,5.0,2
B008RDWETM,5.0,2
B008RDSZP4,5.0,2
9790790996,4.0,2
B008H3L9DY,4.0,2
B008H3TWNS,4.5,2
B008H3TYEK,4.0,2
B008RDQ0JM,5.0,2
B008H450TM,4.5,2
B008RDA4IU,4.5,2
B008RD98ZU,4.0,2
9790790392,5.0,2
B008H4MCUW,5.0,2
9790790341,4.5,2
B00KQ2K8CM,4.5,2
B008RCTPR2,5.0,2
B008RCMDR6,4.5,2
B008RCLNXQ,5.0,2
B008RCE8NS,4.5,2
B008H5DED0,5.0,2
B008GN7NXA,4.0,2
B008RP66NK,5.0,2
9790788495,5.0,2
B00KNCUMDU,5.0,2
9790798954,5.0,2
B008FSWAWA,5.0,2
B008FT2IP8,5.0,2
9790798873,5.0,2
9790798393,5.0,2
B008FWM21U,5.0,2
B00KN7G0AY,5.0,2
B00KN7QD92,5.0,2
B00KNCOD26,5.0,2
9790796943,4.0,2
B008GN14EO,4.0,2
B008RST9NQ,4.5,2
B008FZCGU4,4.0,2
B008FZZ62E,5.0,2
B008G00WUE,5.0,2
B008G0Y3SG,4.5,2
9790795602,5.0,2
B008RRQPSO,5.0,2
B008RRPQY8,4.0,2
B008FS9YRY,4.0,2
B008RUGHM0,5.0,2
B008RUHYVI,5.0,2
9790799764,5.0,2
B008FPZVJW,4.5,2
B008FQ006U,5.0,2
B008FQBX48,4.0,2
B008FQGMP8,5.0,2
B008FQGRN0,4.5,2
B008RUU6DQ,4.5,2
B008RUU5GY,4.0,2
B008FQHLU8,4.5,2
B008FQLXHK,5.0,2
9790799020,4.5,2
B008FQQGOA,5.0,2
B008FQUZBU,4.5,2
B008FRAF6O,5.0,2
B008FRDZ4S,5.0,2
B008RROG5I,4.5,2
9790795416,4.0,2
B008GFRDBA,4.0,2
9790794207,5.0,2
B008GGCMNS,4.0,2
9790794010,5.0,2
B008GH8J7K,5.0,2
B008GH8OQ6,4.5,2
B00KOQNVM4,5.0,2
B008GKFZSS,5.0,2
B008GKNEGS,5.0,2
B008GKRYU0,5.0,2
B008GLEIPS,4.0,2
B008RPMV98,5.0,2
B008RPMU3K,5.0,2
B008GLLBFI,5.0,2
B008GM4262,4.0,2
B008RPK0VO,5.0,2
B008RPJH5Y,5.0,2
979079326X,5.0,2
B008GN133Q,5.0,2
B008GEIFJA,4.0,2
B008GE7JVA,4.0,2
9790795157,4.0,2
B008G38WFS,5.0,2
B008G3KGW0,5.0,2
B008G3MBBE,5.0,2
B008G3O8L0,4.0,2
B008G3P012,5.0,2
B008G3SLGS,5.0,2
B008G44MQK,5.0,2
B008RRL9QM,4.5,2
B008G4R0PA,5.0,2
B008RRL84K,5.0,2
B008RRL7UA,4.0,2
B008G6U6HC,5.0,2
B008G72282,5.0,2
B008G7PZA4,5.0,2
9790794843,5.0,2
B008RR1TK8,5.0,2
B008R9R0LS,5.0,2
B008PS0IVU,5.0,2
B008QDC2YA,5.0,2
9790780532,5.0,2
B008J0H7QI,5.0,2
B008J0HBOQ,5.0,2
9790780516,4.5,2
B008J0HMCC,5.0,2
B008QDMTKC,5.0,2
9790780001,5.0,2
B008QNEYHI,4.5,2
B008QC05UY,5.0,2
B008J1JBVQ,4.0,2
B008J1KDR2,5.0,2
B008J1Q7I6,4.0,2
B008J3IULG,4.0,2
B008J3JH4K,5.0,2
B008J3K4SI,4.5,2
B008IVHLLE,4.0,2
B008QFE0KM,5.0,2
9790781946,5.0,2
9790781512,5.0,2
B008IGUCW4,5.0,2
B008QL21XY,4.0,2
B008IJ0MDK,4.0,2
B008IJ468C,5.0,2
B008IJ47MW,5.0,2
B008IJ47SG,4.0,2
B008IJ480S,4.5,2
B008IJEDN0,5.0,2
B008IJN8IQ,5.0,2
9790781075,5.0,2
B008ILY7GG,4.0,2
9790780788,5.0,2
B008PWJ3KI,5.0,2
B008JETFLO,5.0,2
B008JF22O0,4.5,2
B008PUXAGS,5.0,2
B008JG1YZ2,5.0,2
9790776098,5.0,2
B008JGTBK2,4.5,2
B008JGVWM2,4.0,2
B008PTO82E,5.0,2
9790775288,4.5,2
B008PTFIPA,4.5,2
B008PSSZAQ,5.0,2
B008PSSVAA,5.0,2
B008JHO7KU,5.0,2
B008JHODE0,5.0,2
B008PSSP88,5.0,2
B008JHOFF2,4.0,2
B008JHRBMG,4.5,2
B008PSGJRC,5.0,2
B008JK6EDK,4.5,2
B008PS52IO,4.5,2
B008PS4VWM,4.5,2
B008PX2GGU,5.0,2
9790779283,5.0,2
B008J58LCC,5.0,2
B008J5FZ3U,4.5,2
9790779062,4.5,2
B008Q2FESW,4.5,2
B008J6Z9GW,5.0,2
B008Q25KH2,5.0,2
B008J721L2,5.0,2
B008Q14C54,4.0,2
9790777450,4.5,2
B008Q0256I,5.0,2
B008J7LNOS,4.5,2
9790776489,5.0,2
B008PZUOZS,5.0,2
B008PZOV34,5.0,2
9790776349,5.0,2
B008JDAPDC,4.5,2
B008HS4CG0,5.0,2
B008HS4CME,4.5,2
B008HS4DCS,5.0,2
B008HS4EIG,4.5,2
B008HSDYQ4,5.0,2
B008HSPM1O,4.0,2
B008HT1I02,5.0,2
B008QOEF7Q,5.0,2
B00KQYESA8,5.0,2
B008R2L3E0,5.0,2
B008HTVQ9K,4.5,2
B008R2CBG4,4.5,2
B008HU6PH2,5.0,2
B008HRTUV8,5.0,2
B008HRITCE,4.0,2
B00KQHG6Q4,5.0,2
9790787952,4.0,2
B008HCXEKG,4.0,2
B00KQHG7TA,5.0,2
B008HD4TSQ,5.0,2
B008R9Q6N6,5.0,2
B008R9N9QS,5.0,2
B008HF52FS,5.0,2
B008HFSK0M,5.0,2
B008HHQ9DK,5.0,2
B008HHTEXM,4.0,2
B008HJM96Y,5.0,2
B008HJZRFE,5.0,2
B008HK16X0,5.0,2
B008HM2DLW,5.0,2
B008R6JK0K,4.5,2
9790787510,5.0,2
B008R6IRGS,4.5,2
B008R6HZ7K,5.0,2
B008HPVN4C,4.0,2
B008HRCLNW,4.0,2
B008R5OZUQ,5.0,2
B008HV0QZ8,5.0,2
9790785232,5.0,2
B00KRV0W9Q,4.5,2
B008I7K83G,4.0,2
B008QVAXKW,4.5,2
B008IBHEUW,5.0,2
B008QSK580,5.0,2
9790782365,4.5,2
B008IE1ZB8,4.0,2
B008QRDG9G,5.0,2
B008IEF8X4,5.0,2
9790782152,5.0,2
B008IEH8SC,4.5,2
B00KSAD4X2,5.0,2
B008I5TSSY,5.0,2
B008QXQXFO,5.0,2
B008HVK9O6,5.0,2
B008I5FHOS,5.0,2
B008R1Q4MC,4.0,2
B008HYWILU,4.0,2
B00KR2SCK6,5.0,2
B008HZ2UN0,4.0,2
B008HZT8V2,4.5,2
B00KRFQWZA,4.5,2
B008I1FSDM,4.5,2
B008I27Z5K,5.0,2
B008I29KVM,4.0,2
B008QZF7EK,5.0,2
9790783531,5.0,2
B008I2LJT8,4.5,2
B008I3A3M6,5.0,2
B008I3DEJK,4.5,2
B008I3PBH8,5.0,2
9790783167,5.0,2
B008I4LQM6,5.0,2
B008I5BDLY,5.0,2
9790782985,5.0,2
B008XM50GQ,5.0,2
B0087UK596,5.0,2
B0097G5X0K,5.0,2
B007Z2LRLC,4.0,2
B007Z2M8WE,5.0,2
B007Z2MPH2,5.0,2
B007Z2MX0G,5.0,2
B007Z2MXVA,4.0,2
B007Z2N05I,5.0,2
B007Z2NZ1M,5.0,2
B007Z2P4FC,5.0,2
B007Z33CW8,5.0,2
B0001411WG,5.0,2
B0093R5PM4,4.5,2
B0093QZFNY,5.0,2
B007Z458MY,5.0,2
B007Z4SO7U,4.0,2
B0093QIRI4,5.0,2
B007Z5QP5W,5.0,2
B007Z2K09C,5.0,2
B0093VS054,5.0,2
B007Z2JB88,5.0,2
B007YRI0JK,4.5,2
B00940W0FK,5.0,2
B00940DCXY,5.0,2
B007YUHBXS,4.5,2
B000141FNQ,4.5,2
B000141FJK,4.0,2
B007YV84E2,4.5,2
B007YXN3HI,5.0,2
B007Z0GIR2,4.5,2
B007Z1DZLS,4.0,2
B007Z1PGLK,5.0,2
B007Z1VE8O,5.0,2
B007Z1VK3I,4.5,2
B0093W865C,4.5,2
B000141AB8,4.0,2
B007Z7PQW8,5.0,2
B0093PRDJO,4.0,2
B0081C9GT0,4.0,2
B007ZK9F2C,5.0,2
B007ZEUYOG,5.0,2
B00K5V6QHK,4.0,2
B007ZG6CFE,4.5,2
B00K5VF41Y,4.5,2
B0093IP6BI,4.5,2
B007ZHS756,5.0,2
B0093FYYU0,5.0,2
B00012URZU,5.0,2
B007ZKGGPG,5.0,2
B007ZKNAPK,5.0,2
B0093DOM5O,4.5,2
B007ZKOLDK,5.0,2
B0093CR19Y,5.0,2
B0093CD6LQ,5.0,2
B007ZKXDWA,4.0,2
B007ZENSZ8,5.0,2
B007ZELASA,5.0,2
B007ZDRA3A,5.0,2
B007ZDM5M6,5.0,2
B007Z8QC6Q,5.0,2
B007Z8R3XM,5.0,2
B007Z8XOCQ,5.0,2
B0093PET5K,4.0,2
B007Z90RBG,5.0,2
B007Z93BNW,5.0,2
B007Z93JF2,5.0,2
B007Z9DJTS,5.0,2
B007Z9NUCO,4.0,2
B007ZBBSR6,5.0,2
B00013MSYW,5.0,2
B00013MSYC,5.0,2
B007ZBNR9S,4.5,2
B007ZBR98S,5.0,2
B007ZC01GE,4.5,2
B007ZC30A8,5.0,2
B007ZC4HIC,4.5,2
B007ZD7ZEE,4.5,2
B007YRE5WG,5.0,2
B009424OMU,5.0,2
B007Y54JRO,4.5,2
B007Y54K00,4.5,2
B0001421IO,5.0,2
B007Y55SME,4.0,2
B007Y5CACA,5.0,2
B007Y5EFAA,5.0,2
B007Y6F8DM,5.0,2
B007Y6FA9Y,4.5,2
B007Y6FJYA,5.0,2
B007Y6IZ2S,4.0,2
B007Y6J13A,4.5,2
B007Y6J1V2,5.0,2
B007Y6JDP6,4.5,2
B007Y6UENQ,4.5,2
B0094DH0KM,4.5,2
B007Y78JJ6,4.5,2
B007Y7DY82,5.0,2
B007Y7I5JK,4.5,2
B0094DFHZC,5.0,2
B0094GQZB4,4.0,2
B0094H4SXK,5.0,2
B007Y3PSPS,4.0,2
B007XTLLTK,5.0,2
B0094KKSYU,5.0,2
B007XUP28U,5.0,2
B007XVD7QI,5.0,2
B0094JI1MC,5.0,2
B007XWPJDG,5.0,2
B007XWWRRM,4.5,2
B000142968,4.0,2
B007XXN554,4.5,2
B0094IYGVS,5.0,2
B007XXTMOM,5.0,2
B0094ILV1Q,4.0,2
B007Y0MH46,5.0,2
B007Y7RAIW,4.5,2
B000141TSC,5.0,2
B007Y812YE,5.0,2
B009476482,5.0,2
B00946E3KO,4.5,2
B007YJYWYU,4.0,2
B00945ZKDE,4.5,2
B007YK0K1I,4.5,2
B007YLW9S4,4.5,2
B009452GHM,5.0,2
B007YLZZGW,4.0,2
B007YMOZRG,5.0,2
B007YNDGVG,5.0,2
B007YPOTCE,4.0,2
B000141LNK,5.0,2
B00943BR10,5.0,2
B007YPR5IO,5.0,2
B007YPR6GK,4.0,2
B00942WLLQ,4.5,2
B00946HGLW,5.0,2
B007YGQBMY,5.0,2
B0094CJUXS,4.5,2
B009483F5G,5.0,2
B007Y81SOS,4.5,2
B0094C6LF8,4.5,2
B007Y8MA6I,5.0,2
B007Y8WMPW,5.0,2
B0094BEKC0,5.0,2
B0094BBA96,4.0,2
B0094B96OC,4.0,2
B007Y9CAO4,5.0,2
B007Y9EQ64,4.0,2
B007Y9OYFW,4.5,2
B0094A88A6,5.0,2
B007YB1UXO,5.0,2
B00949Y8XS,4.0,2
B007YBE5AE,5.0,2
B000141OIM,5.0,2
B007YBXDR0,5.0,2
B007YCQUV0,4.5,2
B00949ELOO,5.0,2
B007YGM07O,4.0,2
B007ZL6ABU,5.0,2
B0080MPO2O,5.0,2
B0080MUL90,4.0,2
B0092Q4CF2,5.0,2
B0080NHRFK,4.0,2
B0080NT0W8,4.5,2
B0092OL2NE,4.5,2
B0080Q066Y,5.0,2
B0080QOT9Y,5.0,2
B0080QSD3W,5.0,2
B0080QULRS,5.0,2
B0080IGPAS,5.0,2
B0080R2LKM,5.0,2
B0080R9CHM,4.5,2
B0080S536A,5.0,2
B0080SP3R4,5.0,2
B0080SP97S,5.0,2
B0080SQST6,4.5,2
B00K6NPKV0,5.0,2
B0000ZLEJG,4.5,2
B0080TPJRC,4.0,2
B0080U3VCQ,4.0,2
B0080ULG3M,5.0,2
B0092QJ1EY,4.5,2
B0092QJ79S,5.0,2
B0092U015S,4.0,2
B0080IP1YY,5.0,2
B0092TXVBK,5.0,2
B0092TVMCK,4.5,2
B0080JEBO4,5.0,2
B0092TNR1O,5.0,2
B00K6M2ZZ0,5.0,2
B0092SYGGK,5.0,2
B0080KJADU,4.0,2
B00011JP1S,5.0,2
B0080KRZQ4,4.5,2
B0080KWL9K,5.0,2
B0080L7JIM,5.0,2
B0080LLH76,5.0,2
B0080LLHTE,4.5,2
B0080LLI5W,4.5,2
B0092S7IKG,5.0,2
B0080LN6GG,5.0,2
B0092RDMVG,5.0,2
B0080MAK6E,5.0,2
B0080MCTMM,4.5,2
B0080X9YTW,4.0,2
B0080XNT66,4.5,2
B0092ESTIK,5.0,2
B0092ECXKU,4.5,2
B00819AU1Q,4.5,2
B00819DXKG,4.5,2
B0092DUO2K,4.0,2
B0092DUNTY,5.0,2
B0092DUNIU,5.0,2
B00819QNDU,5.0,2
B00819QNJ4,5.0,2
B00819RA00,4.0,2
B00819RZ78,5.0,2
B00819S5X6,5.0,2
B0000YUXM6,4.0,2
B00819YU5I,5.0,2
B0081A6G68,4.0,2
B0081AQ9IS,5.0,2
B0081BFZYQ,5.0,2
B0081BGEFU,5.0,2
B0081BGQ4O,5.0,2
B0081BRR7E,5.0,2
B0081966AA,5.0,2
B0092KKG9Y,4.0,2
B00817DJWK,5.0,2
B0092JY9FC,5.0,2
B0000YV8DE,4.5,2
B0000YV7KS,5.0,2
B0000YV74Y,5.0,2
B00K6RLJO8,5.0,2
B008157TOQ,5.0,2
B0092IC306,5.0,2
B008158F3U,4.5,2
B0092I2OK0,5.0,2
B008168YHG,4.5,2
B0092GXCJE,5.0,2
B0092GXB4K,5.0,2
B0092GXA46,5.0,2
B0092GWTZW,5.0,2
B0080IHKWK,4.0,2
B0080I90ZK,5.0,2
B00801J4SU,4.0,2
B00936Z19C,5.0,2
B00936YDW8,4.5,2
B00936KWDM,5.0,2
B007ZY319Q,4.5,2
B00935MVDC,4.5,2
B0093393IK,4.5,2
B0080109ZM,5.0,2
B00801J6MO,5.0,2
B0092UQGRU,5.0,2
B00803FSZ6,5.0,2
B00803FTLO,5.0,2
B00803H7MI,4.5,2
B00803MSUE,5.0,2
B00803P2AC,5.0,2
B00804EH66,5.0,2
B00804EKUY,4.0,2
B00804EOXW,5.0,2
B00932E6YC,5.0,2
B00937C5DG,5.0,2
B007ZUEVEY,4.5,2
B007ZUBH46,4.0,2
B007ZN4RAO,5.0,2
B007ZNIN0O,5.0,2
B007ZR1XJS,5.0,2
B00012U9NK,5.0,2
B0093A5J1I,5.0,2
B007ZRIRVK,5.0,2
B007ZRTGKQ,4.0,2
B00012QFOM,4.0,2
B007ZT0QJO,4.5,2
B007ZT5FQ8,5.0,2
B007ZT6J1S,4.5,2
B00938CDYQ,4.0,2
B007ZTLQAC,4.0,2
B007ZU1N5E,5.0,2
B00012ND0G,5.0,2
B007ZU6124,5.0,2
B007ZUB17O,5.0,2
B00804QCVY,5.0,2
B0092ZKLYE,4.0,2
B0080DQA58,5.0,2
B0092ZJN3Y,4.5,2
B0080DZZMM,4.0,2
B0092ZJ6YA,4.0,2
B00011PXW8,5.0,2
B0092ZJ4CO,5.0,2
B0080FHVEU,5.0,2
B0092XRBUI,5.0,2
B0080FMVGS,4.5,2
B0092X73QK,5.0,2
B0092WYA80,5.0,2
B0080G9D5Y,5.0,2
B0092WGUUG,4.5,2
B0092WG7VS,4.5,2
B0080GDGAC,4.0,2
B0080GKP2O,4.0,2
B0092VWD3U,5.0,2
B00K6KF5CW,5.0,2
B0080BFBNM,4.0,2
B00805ARFK,4.5,2
B0080ATDKU,5.0,2
B00805FVKG,4.0,2
B00805GMNQ,5.0,2
B00932BTD8,5.0,2
B0080676NU,4.5,2
B008074QPA,5.0,2
B008075AWS,5.0,2
B00931M58C,5.0,2
B00807FIRK,5.0,2
B00807FVJ0,5.0,2
B00808UL26,5.0,2
B00931M456,5.0,2
B00931M43S,4.5,2
B00809AA4E,4.0,2
B00809AH1A,4.5,2
B00011QUPW,5.0,2
B0092ZLBXO,5.0,2
B0092ZKOZA,5.0,2
B0092ZKNDS,4.0,2
B0092ZKMK2,4.0,2
B0080AQQ8W,4.5,2
B007XTDOR2,4.0,2
B0094NB9IQ,5.0,2
B00014GVFI,5.0,2
B0096T3CXS,5.0,2
B0096SSUMM,5.0,2
B007VDMALQ,5.0,2
B0096SE2YM,5.0,2
B0096RU5CG,5.0,2
B007VFFR9G,5.0,2
B00K38B8GO,4.5,2
B0096PE1ZK,4.5,2
B0096O6HY4,4.5,2
B007VGJL0G,4.0,2
B007VGUCEA,4.0,2
B007VHKHEY,5.0,2
B007VJDO9W,5.0,2
B0096M7TQG,5.0,2
B007VLLDCA,5.0,2
B007VLXXBY,5.0,2
B0096M6UDO,4.0,2
B0096LVAC6,5.0,2
B007VCSTIA,5.0,2
B0096TLDRU,5.0,2
B007VCNPIE,5.0,2
B0096V29GM,5.0,2
B0096V290S,5.0,2
B007V2WQUW,5.0,2
B007V3AJAU,5.0,2
B0096UZ8NY,5.0,2
B007V4ADU0,4.0,2
B007V4C9CU,4.0,2
B007V4RXTE,5.0,2
B007V4WA10,5.0,2
B00K3CR0W6,5.0,2
B007V5G40W,5.0,2
B00K3D7KQ6,5.0,2
B007V5LZ38,5.0,2
B0096U48QM,5.0,2
B007V5OPNU,5.0,2
B007V5YBMU,5.0,2
B0096U394Y,5.0,2
B007V6FPMO,4.5,2
B007V6JA34,4.5,2
B007V6KTDO,5.0,2
B00014I5K2,5.0,2
B007V8R7PA,5.0,2
B007VTZ4FY,4.5,2
B0096CEAEK,5.0,2
B007VWS02A,5.0,2
B0096CA27Y,4.0,2
B007VZY2JW,4.5,2
B007W0BICU,4.0,2
B007W11MZW,5.0,2
B007W12ZUI,4.0,2
B00014EGN2,5.0,2
B007W27VV0,5.0,2
B0096BGGCK,5.0,2
B0096B0D24,5.0,2
B007W3FGB6,4.0,2
B007W4F8K4,5.0,2
B00969KAB0,4.0,2
B007VU0N0E,4.0,2
B00K3DQ4RC,5.0,2
B0096DNNPG,4.5,2
B007VORRKY,5.0,2
B0096HCR6I,5.0,2
B007VP0DYK,5.0,2
B007VP4CUG,5.0,2
B007VQ1G8G,5.0,2
B007VQ1TPG,5.0,2
B0096EIGSE,4.5,2
B007VQI11G,5.0,2
B007VR94QG,5.0,2
B007VSAS2E,5.0,2
B0096E6HEY,4.5,2
B0096DTA12,4.5,2
B00014FI0M,5.0,2
B007VT785I,4.0,2
B00014F9A6,4.5,2
B007VTBTNK,5.0,2
B007VTBU48,5.0,2
B007VTIDU2,5.0,2
B007VTIJVA,5.0,2
B007V2C3G4,4.0,2
B007V08WMU,5.0,2
B007W5QOTW,4.5,2
B007UE19J0,4.0,2
B007U7WJ82,4.0,2
B0097B1T9E,4.0,2
B007U8AQJK,5.0,2
B007U8DXZ4,5.0,2
B0097AE02I,4.0,2
B007UA2AW4,4.5,2
B0097A3OGQ,5.0,2
B007UE1936,5.0,2
B007V04TUO,5.0,2
B007UFU88W,5.0,2
B007UGJ0G2,5.0,2
B00K2ITZB0,5.0,2
B007UH6BYA,5.0,2
B00K2J6HVK,5.0,2
B007UI6YEG,4.0,2
B007UISCW8,4.0,2
B00K2N7UXA,5.0,2
B007UJXP3I,4.5,2
B007UJZL4Y,5.0,2
B0097BYWLQ,5.0,2
B0097C0200,5.0,2
B00015WOYE,4.0,2
B007U7C5W2,4.0,2
B007TXSLKW,4.0,2
B0097G359Q,4.0,2
B007TY3GCO,5.0,2
B007TY3LLA,4.5,2
B000168C58,5.0,2
B007TY4O16,5.0,2
B007TYPI0W,5.0,2
B007TYV5S6,5.0,2
B0097F2JTY,5.0,2
B007TYXTN0,5.0,2
B007TYYJWK,4.5,2
B0097EPPIW,5.0,2
B007TZ5I8I,5.0,2
B007TZQZ4Y,4.0,2
B0097E9CNG,4.5,2
B007U0Z8ZA,5.0,2
B007U1WWCG,4.5,2
B0097D6W8U,5.0,2
B00015WV2O,4.0,2
B0097CRVD6,4.5,2
B007UK47O8,4.5,2
B00015HN40,5.0,2
B0096YTCOQ,5.0,2
B007UXK0ZK,4.0,2
B007UZ390Q,5.0,2
B007UZ3R0S,4.0,2
B007UZ3VAY,5.0,2
B007UZ3VWM,4.5,2
B007UZ3W0I,4.5,2
B007UZ3WEE,5.0,2
B0096XW6EA,4.0,2
B007UZ3YBU,4.0,2
B007UZ41I0,4.5,2
B007UZ41WG,5.0,2
B007UZ4EAU,5.0,2
B007UZ6G6K,5.0,2
B00014UJNI,5.0,2
B0096V5C5M,5.0,2
B007UZYPMW,4.5,2
B007UTCJDK,5.0,2
B00K2SC2FQ,4.0,2
B007UTC2SW,4.0,2
B00015HBE2,4.5,2
B00015GWQ0,4.5,2
B00977IBQM,5.0,2
B00015E8E8,5.0,2
B007UPN46A,4.5,2
B007UQ3G7Q,4.5,2
B009757DPO,4.0,2
B007UQRF46,5.0,2
B007UQRP9G,5.0,2
B007UQSTJG,5.0,2
B007UQUOA8,4.5,2
B007UR318Y,5.0,2
B007US6ZS6,5.0,2
B007USBX5G,5.0,2
B007USDO4E,4.5,2
B007USJVPU,4.5,2
B007UT3D44,4.0,2
B007W5C4RI,5.0,2
B00014DZQQ,4.0,2
B0094O1RIC,5.0,2
B007X7F3DC,5.0,2
B007X7TO8M,5.0,2
B007X7XBD6,4.5,2
B007X8AIAE,5.0,2
B0001435W0,5.0,2
B007X925HW,5.0,2
B00014353Y,5.0,2
B007XA5GTU,4.5,2
B007X0IIXQ,5.0,2
B007XB3CN6,5.0,2
B007XBE8BG,5.0,2
B007XBIO3Y,5.0,2
B009542T6A,4.5,2
B007X6STM0,5.0,2
B007X6LX4G,5.0,2
B0095JGJ66,4.5,2
B0095IUZ7Q,5.0,2
B007X4GH7G,4.5,2
B0095ILHSW,5.0,2
B0095IGNJK,5.0,2
B007X4OFHA,4.0,2
B00K4JHA6Y,5.0,2
B007X4TUO8,5.0,2
B0095GAZS2,4.5,2
B0095FUJ70,5.0,2
B007X5F0G4,4.0,2
B007X5GD2Y,4.0,2
B007X5H7IS,4.5,2
B0095EO044,4.5,2
B007X6972Q,5.0,2
B000142OPE,4.5,2
B007XKO4TS,5.0,2
B007XKZBO0,5.0,2
B007XL3S6W,5.0,2
B007XN1JJ8,5.0,2
B007XNNLPS,5.0,2
B007XNQ69Q,5.0,2
B0094OG426,4.5,2
B007XO8MCO,5.0,2
B007XO98VS,4.0,2
B007XOHTLY,5.0,2
B007XOM4K0,4.5,2
B0094O8IC0,4.5,2
B007XPBZGS,5.0,2
B0094O31NQ,5.0,2
B0094O30YG,5.0,2
B007XKBDDI,5.0,2
B007XCATCM,5.0,2
B0094RV43W,4.0,2
B0094XRP7U,5.0,2
B0001432XC,5.0,2
B007XD6V4Q,5.0,2
B00K4YV11E,4.5,2
B007XDHI8O,4.5,2
B007XDVXVM,4.5,2
B007XF1KH2,5.0,2
B0001430WA,5.0,2
B007XHBE9E,5.0,2
B007XHK4NQ,5.0,2
B0094WRUJO,4.0,2
B007XI5N4U,4.5,2
B007XIJSKU,5.0,2
B007XINT3W,5.0,2
B0094W4PYC,5.0,2
B0094VAREA,5.0,2
B000142QWA,5.0,2
B0094RV8DI,5.0,2
B0095JIM8O,4.0,2
B007WZZWUE,5.0,2
B007W638KY,5.0,2
B007WM1AZI,4.0,2
B007WGEXD0,5.0,2
B00961Z62G,5.0,2
B00961YRHG,5.0,2
B00961Y71C,5.0,2
B000146M3O,5.0,2
B00961LSFK,5.0,2
B007WL3AD4,4.0,2
B007WLUPMS,5.0,2
B007WM022U,4.0,2
B007WN8KGE,5.0,2
B00960YWV8,4.5,2
B007WNVGWO,5.0,2
B00K3WGNVA,5.0,2
B00960WDHS,5.0,2
B007WO5SQI,4.0,2
B000144KZQ,4.0,2
B00960M00I,5.0,2
B007WORW5I,5.0,2
B00960HDD2,5.0,2
B007WR31CI,5.0,2
B00962COAW,4.0,2
B00014DG7O,5.0,2
B007WFJWV4,5.0,2
B007W6FLUY,5.0,2
B007W7K9KA,4.5,2
B00966SFME,5.0,2
B007W8X9ME,4.0,2
B009661Y2M,5.0,2
B00965MOXQ,5.0,2
B00965M61G,4.5,2
B007W9XGJY,5.0,2
B007W9XVD0,5.0,2
B007W9XVM6,4.0,2
B007W9YN96,4.5,2
B007W9Z3AE,5.0,2
B00K3M4WFO,5.0,2
B00964BRBC,4.0,2
B00963YGD4,5.0,2
B007WAKZGA,5.0,2
B007WBX944,4.0,2
B007WF0P0G,4.5,2
B007WFF6QY,5.0,2
B007WR31Y6,4.0,2
B000144JZ2,5.0,2
B000144JY8,4.5,2
B007WRYTH4,5.0,2
B00K4EN62G,4.5,2
B0095NPF76,5.0,2
B00K4EP6NI,4.0,2
B007WS09H2,5.0,2
B007WS0DCS,5.0,2
B0095MKSZG,5.0,2
B0095M0CMK,5.0,2
B0095LPR58,5.0,2
B007WSYP54,5.0,2
B007WWHN9A,5.0,2
B007WWMRUA,5.0,2
B0095JOZNU,5.0,2
B007WXQOJO,4.5,2
B007WY0H00,4.0,2
B007WYJZNK,5.0,2
B007WYVU92,4.5,2
B0095QYOFM,5.0,2
B007WRDVYG,4.0,2
B007WRPOVO,5.0,2
B007WRTU8C,5.0,2
B000143RXM,5.0,2
B0095YJJ5Y,4.0,2
B0095XCEJI,5.0,2
B0095VE17I,5.0,2
B007WRV5TY,5.0,2
B0095VAV7W,5.0,2
B0095UHGG2,4.5,2
B007WRVROC,5.0,2
B0095RPRPM,5.0,2
B007WRW37C,5.0,2
B00K4EJX5A,4.5,2
B007WRWG7Y,5.0,2
B0095R6SIC,5.0,2
B007WRXNUS,4.5,2
B007WRXPM4,5.0,2
B00928WT28,5.0,2
B0085NGLXY,4.0,2
B0085OA6FW,5.0,2
B00006RH5E,5.0,2
B0085OOVV2,4.0,2
B0085OTOT6,5.0,2
B0085OUE22,4.5,2
B0085OVXG8,5.0,2
B008Z5RUGY,4.0,2
B00006RH5C,5.0,2
B0085UPKKM,4.5,2
B0085QKKPQ,5.0,2
B0085QKMB8,4.5,2
B0085RACC6,5.0,2
B0085RADP2,5.0,2
B0085RAE4M,5.0,2
B0085ROA9M,5.0,2
B0085RPP1O,5.0,2
B0085RXDIG,5.0,2
B0085SOU1E,5.0,2
B0085SXV4Q,5.0,2
B0085TLG9C,5.0,2
B0085TM9CA,4.5,2
B0085NDCY0,4.0,2
B008Z74RZ4,5.0,2
B00007BGDU,5.0,2
B000079XVD,4.5,2
B0085H0IZM,5.0,2
B0085HM1HK,4.0,2
B000078CXN,4.5,2
B0085I4Z6O,4.0,2
B0085JT90U,4.5,2
B000075YP7,5.0,2
B0085LX1DO,4.0,2
B0085LXNXW,5.0,2
B00006YXEQ,5.0,2
B0085LXPJO,5.0,2
B008Z933UW,5.0,2
B0085UPK8O,5.0,2
B0085UPNHM,5.0,2
B0085YKNE6,4.0,2
B0085YK8PU,5.0,2
B008YS82IM,4.0,2
B0085YKETK,5.0,2
B0085YKHLU,4.5,2
B0085YKIC8,4.5,2
B0085YKIU0,5.0,2
B0085YKJFE,5.0,2
B0085YKKDA,5.0,2
B0085YKOLI,5.0,2
B00006L9LD,5.0,2
B0085YKPAI,5.0,2
B0085YXG36,5.0,2
B0085ZFQ6K,4.5,2
B0085ZMO8I,5.0,2
B00006GEXS,4.0,2
B008YQ2776,5.0,2
B00860Q6YK,5.0,2
B008611YJQ,5.0,2
B008613X5E,4.5,2
B0085YK3O6,4.0,2
B008YV3E5U,5.0,2
B0085YH9CU,5.0,2
B00006L9LC,5.0,2
B0085UWYJ2,5.0,2
B00006L9LB,4.5,2
B0085WKIOI,5.0,2
B008Z1A402,4.5,2
B00006JT76,5.0,2
B008Z0583G,5.0,2
B00006JN53,4.5,2
B0085XP96Y,4.5,2
B0085XRPGG,4.5,2
B00006JLZ1,5.0,2
B0085Y7DFI,5.0,2
B008YXAWFS,5.0,2
B00006IV5Y,4.5,2
B0085YA49K,5.0,2
B0085YA6Q6,4.5,2
B0085YA6ZM,4.5,2
B0085YDTN8,4.5,2
B0085YEY5K,4.5,2
B0085YGIB8,5.0,2
B00007D07U,4.5,2
B0085ETN5Q,4.5,2
B0084YL32S,4.5,2
B0084YL9N6,5.0,2
B00008KGX5,5.0,2
B00906JNDK,5.0,2
B00008KA89,4.0,2
B00906BJWS,4.5,2
B00KAK1VE4,5.0,2
B0085EEM8O,4.5,2
B008513GYS,5.0,2
B009063L6A,5.0,2
B00008J2WV,4.5,2
B008515H5E,5.0,2
B00008J2WU,5.0,2
B00905SDZA,5.0,2
B00008LUOY,5.0,2
B009084Q08,5.0,2
B0084XTBO6,5.0,2
B00008OE3G,4.0,2
B0090ECZXC,5.0,2
B00KA5QF6I,4.0,2
B00008NGC8,5.0,2
B00KA5R3KU,5.0,2
B0084TDKZ6,5.0,2
B0084TIFAQ,4.5,2
B0090CHQS8,4.5,2
B0084TM96M,5.0,2
B0084TMI2W,4.5,2
B0090C6UEO,4.0,2
B0090BNZS4,4.5,2
B0084URNAI,5.0,2
B00908QKX4,5.0,2
B0084VB3DA,5.0,2
B0084W8LM0,5.0,2
B009088456,5.0,2
B009086340,4.5,2
B00904P98U,4.5,2
B008ZW61WG,5.0,2
B008ZT1FUM,5.0,2
B0085735SY,5.0,2
B008ZSR34U,5.0,2
B008ZSNBLE,4.5,2
B00007L1HG,5.0,2
B00858L0EE,4.0,2
B00859DRRG,5.0,2
B00859DRUS,4.5,2
B00859EUDQ,4.0,2
B008ZPXJQO,5.0,2
B0085B6K32,5.0,2
B0085BGK0K,5.0,2
B008ZLP7VI,5.0,2
B008ZLN1BQ,5.0,2
B008ZISDQ2,4.5,2
B0085DYWTO,4.5,2
B00007L64J,4.5,2
B008ZX84Z2,4.0,2
B008532U48,4.5,2
B00853EH76,5.0,2
B00853EHS0,4.5,2
B0090289L6,5.0,2
B000089J0M,4.0,2
B0000894ME,5.0,2
B00853EXDY,4.0,2
B00853EY2O,4.0,2
B00853F23E,5.0,2
B00853F2V6,5.0,2
B000084U55,5.0,2
B000083XNC,4.0,2
B00853F5FO,4.0,2
B00854I7DA,4.5,2
B00854IN6Q,5.0,2
B00854IUKA,5.0,2
B008ZXS7S6,4.5,2
B008ZXOSSE,5.0,2
B00KB34X04,4.5,2
B008YOG1A2,5.0,2
B008615L8G,4.5,2
B008Y1LG32,4.0,2
B008Y2QRSK,5.0,2
B00879RNW4,5.0,2
B008Y2QO42,5.0,2
B00879RQHQ,4.0,2
B008Y23MB0,4.5,2
B0087CKQ2A,4.0,2
B0087CRJ34,5.0,2
B0087DTX96,5.0,2
B0087DTZSK,5.0,2
B0087340JO,4.0,2
B0087DXAB8,4.0,2
B00006347C,4.0,2
B008Y0I33Y,4.0,2
B0087FDF52,5.0,2
B0087FF42Y,4.0,2
B0087G1UPS,4.5,2
B008XWYHKQ,4.0,2
B008Y2S0YO,4.0,2
B00877XS5C,4.0,2
B00873DLL2,4.5,2
B008744T4O,5.0,2
B008Y57RXQ,4.5,2
B0000638XZ,5.0,2
B008752N00,5.0,2
B008Y49SG6,4.5,2
B0000638X3,4.5,2
B008759GUU,5.0,2
B00875C0SK,5.0,2
B00875C9YK,5.0,2
B008Y3WP26,4.5,2
B00875CKBW,4.5,2
B00875D386,4.5,2
B008766I8M,5.0,2
B0000636YN,4.0,2
B00876UH70,5.0,2
B00876VIBE,5.0,2
B000062YBI,5.0,2
B008XWYD00,5.0,2
B0087H2X94,4.0,2
B008XTMSFA,5.0,2
B0087OSYTA,4.0,2
B008XPWSE0,4.5,2
B00KCVWCKI,5.0,2
B00005UN92,4.5,2
B00005UFEL,5.0,2
B0087PZQO0,4.0,2
B0087Q0FDQ,5.0,2
B0087Q5XEW,4.5,2
B0087QU57C,5.0,2
B008XNSQS4,4.5,2
B0087R0BO8,4.5,2
B00005TT7U,4.0,2
B0087R2E84,5.0,2
B0087R2NGW,4.5,2
B0087R3QFE,4.5,2
B0087R4GHQ,4.0,2
B0087S4HQ0,5.0,2
B008XMSD0Q,5.0,2
B008XMKTQC,5.0,2
B0087OJVTC,4.0,2
B0087NDH7A,5.0,2
B0087N479W,4.0,2
B0087HTNQ0,5.0,2
B00005Y4S2,4.5,2
B0087I8RJS,4.0,2
B0087I9QIY,4.5,2
B00005V9TS,5.0,2
B0087J0GSW,4.0,2
B00005V9TI,4.0,2
B00005V61L,5.0,2
B0087JBPLO,4.0,2
B0087KV4R8,4.5,2
B0087M4450,4.5,2
B0087M913K,4.0,2
B008XVFEB8,5.0,2
B008XVFDIM,5.0,2
B008733XWE,5.0,2
B008YO6CEC,5.0,2
B0086IC1Y6,5.0,2
B0086DORHK,5.0,2
B0086FNSYQ,5.0,2
B0086G17E8,5.0,2
B008YIGGJE,5.0,2
B0086HLGWK,4.5,2
B0086HP108,5.0,2
B0086I1ZC0,5.0,2
B000069C82,4.5,2
B0086INGYK,4.0,2
B008Y7P1SM,4.5,2
B0086JWDNY,5.0,2
B0086KDHBK,5.0,2
B000069A2Y,5.0,2
B0000695SL,4.5,2
B008YGD8I8,5.0,2
B0086LC2NI,4.0,2
B008YG7Q86,5.0,2
B008YG2JT2,4.5,2
B0086NW0KG,5.0,2
B0086DLDS6,4.0,2
B0086DD9IS,5.0,2
B0086D7IVW,4.5,2
B008YNLAM2,5.0,2
B00862TB4U,4.5,2
B00864UK34,5.0,2
B00865O0FC,5.0,2
B00006BN5B,4.0,2
B00006ANJC,4.0,2
B008YLI5SG,5.0,2
B008668W7S,4.5,2
B00866AV2C,4.0,2
B008YKQMD2,5.0,2
B008689EZA,4.5,2
B008689LS0,4.5,2
B00868B40I,4.5,2
B00869HFAU,5.0,2
B008YJGOCW,5.0,2
B0086ALQ2C,4.5,2
B0086D17MS,4.5,2
B000069K7Q,4.5,2
B0086QGZ3Q,5.0,2
B0086QHV1G,5.0,2
B00KC7FD7Q,5.0,2
B00870ATYM,5.0,2
B00870FZI2,4.5,2
B00KC7L5DW,5.0,2
B008Y9V51M,5.0,2
B008713YJ8,4.5,2
B00871DHXG,4.0,2
B00871DNU8,4.0,2
B00871FF2M,4.5,2
B00871FX0Q,5.0,2
B000063WU4,4.5,2
B000063JEE,5.0,2
B008722JI4,5.0,2
B00872H5II,4.5,2
B00872H5XI,5.0,2
B00872IK7I,5.0,2
B00872Q6LU,5.0,2
B008Y976NS,4.0,2
B008YAP4KE,5.0,2
B008YAS60Y,5.0,2
B0086RKEU0,4.0,2
B0086RQMTM,5.0,2
B0000682T5,5.0,2
B0086UO8AO,5.0,2
B008YDQMPC,5.0,2
B0086V4WW2,5.0,2
B0086V4Y2K,5.0,2
B0086VI9LM,4.5,2
B0086VU29O,4.5,2
B0086VWPVW,4.0,2
B008YD0P46,5.0,2
B0086WT7H6,5.0,2
B00KC5PC8I,4.0,2
B0086XXDFM,4.0,2
B0086ZFTCA,4.0,2
B0086ZQ0QO,4.0,2
B0084PV92Q,5.0,2
B0084PC2KY,5.0,2
B00820ZFK0,4.0,2
B00820G37E,5.0,2
B0000USUSE,5.0,2
B0091QXPQU,5.0,2
B00820Y8Y4,4.0,2
B0091QM3LS,5.0,2
B008217S40,5.0,2
B00821F9OQ,5.0,2
B00821PK0E,5.0,2
B00822GAJI,5.0,2
B00822JQ12,4.5,2
B0000SW0KK,4.0,2
B0091OCCSO,4.5,2
B0091OCCP2,4.5,2
B0000UTUMY,4.5,2
B0081ZLEKG,5.0,2
B0000UTUN8,5.0,2
B0081UY6RE,4.5,2
B0091TAOWA,5.0,2
B00K7JG0VM,4.5,2
B0081V0BDG,5.0,2
B00K7JI17S,5.0,2
B0081W9582,5.0,2
B0091SMAR8,5.0,2
B0081X9B1W,4.5,2
B0091R53TG,4.5,2
B0000VC1YM,5.0,2
B0081Z29P0,4.5,2
B0000V829K,5.0,2
B0081Z6YT2,5.0,2
B0081Z9EV2,4.0,2
B0081ZIIBO,5.0,2
B0081ZJOFI,4.0,2
B00823T7WY,4.5,2
B0000DAIOQ,4.0,2
B0000D1BOB,5.0,2
B0091JLV22,4.5,2
B0000CFWJ7,5.0,2
B0000CFQD7,5.0,2
B0082GSUFQ,5.0,2
B0091JARUE,4.5,2
B00K8BT2IW,5.0,2
B0000CDVMQ,5.0,2
B0082IQIBM,5.0,2
B0091J1SPC,5.0,2
B0082J4MCI,5.0,2
B0082JJ13S,4.5,2
B0082MH1P0,4.5,2
B0082MQZWA,4.0,2
B0082MRJ4S,5.0,2
B0082DBCJK,4.0,2
B00K8611WC,5.0,2
B00824MCCK,5.0,2
B0091O7FE0,5.0,2
B00825INKY,5.0,2
B00827KU0S,5.0,2
B008281HDG,5.0,2
B0082ATUY2,5.0,2
B0082BC192,4.5,2
B0091LFNR4,4.5,2
B0082BQYA4,4.0,2
B0091KY2DQ,5.0,2
B0000DJEK1,5.0,2
B0091KSF6Q,5.0,2
B0082D6BQ4,4.5,2
B0082D6DTE,4.5,2
B0091JPDSA,5.0,2
B0000X63KI,4.0,2
B0081UKW6I,5.0,2
B0081KV1JK,5.0,2
B0000Y3OFO,4.0,2
B0081IXHIA,4.5,2
B00923XT5O,5.0,2
B0081JCLIQ,4.5,2
B00923L2LC,5.0,2
B0081JQWUO,5.0,2
B0081JRFJG,5.0,2
B0081KBTYW,4.5,2
B0092221CM,4.5,2
B0081KX8J6,5.0,2
B0081UITW2,5.0,2
B0081LPMMG,4.0,2
B0081MDVMS,5.0,2
B0081MH5MU,4.5,2
B00920JROO,4.5,2
B0000Y3F2Q,5.0,2
B0081OMJ8I,5.0,2
B0091ZSPB6,5.0,2
B0081OT01M,5.0,2
B0081IHYXO,5.0,2
B00926A3PA,4.5,2
B0081H98HK,4.5,2
B009273YWI,4.0,2
B0000YI8V4,4.0,2
B009284F3O,5.0,2
B0081EZH46,4.0,2
B0081F00V0,4.0,2
B0081F24SM,5.0,2
B0081F2L3K,5.0,2
B00927JJTK,5.0,2
B0081G5VAO,5.0,2
B0081G9GPA,5.0,2
B00927FJG2,4.5,2
B00927EATO,5.0,2
B009278MGG,5.0,2
B0000YB8L6,4.5,2
B0081GQMCU,4.0,2
B0081PEVR4,5.0,2
B0081PFBQY,4.0,2
B0091Z7D6E,5.0,2
B0081SJBP8,5.0,2
B0081SQ8J0,5.0,2
B0081SSPNM,5.0,2
B0081THPB4,4.0,2
B0081TK5ZW,4.5,2
B0081TKGO2,4.0,2
B0081U0CYU,4.5,2
B0091VLXXM,5.0,2
B0081U1LE0,5.0,2
B0081U20L8,5.0,2
B0081U7KOU,5.0,2
B0091V3DP8,5.0,2
B0000XMQH2,5.0,2
B0081U9G60,4.0,2
B0081U9VH4,4.5,2
B0081UA3Q2,5.0,2
B0081UBB2M,4.0,2
B0081UFLT6,4.0,2
B0081SICOY,5.0,2
B0000XMQOK,4.0,2
B0081PFPGA,5.0,2
B0081PGL3G,5.0,2
B0091Z2RL0,5.0,2
B0091Z1RNE,4.5,2
B0081PO3E0,4.5,2
B0081PSWTM,5.0,2
B0000Y3DEQ,5.0,2
B0091Y9462,5.0,2
B0081QJS1C,5.0,2
B0081R52JS,5.0,2
B0081R6JFO,4.5,2
B0081RF77U,4.5,2
B0081RLI8C,4.0,2
B0091XNB3U,4.0,2
B0081RXMFE,4.5,2
B0000XMR2Q,4.5,2
B0091X7W9O,5.0,2
B0081S3YQ0,5.0,2
B0000XMQRC,4.5,2
B0081SGQQK,5.0,2
B0000CCW1D,5.0,2
B0084P36YA,4.5,2
B0083YLO4G,4.0,2
B0083ZFVT4,5.0,2
B0083ZZOCI,4.0,2
B0090SM29U,4.0,2
B00842J9I0,5.0,2
B008437BCK,5.0,2
B0090SCBFA,4.5,2
B0090RAO78,5.0,2
B008457GUU,4.5,2
B00845NTS8,4.0,2
B0083UB0C6,5.0,2
B00845XSZW,4.5,2
B00009Q148,4.0,2
B00846FMMI,4.5,2
B00846JQYI,5.0,2
B00846VHCW,4.0,2
B00009N1WW,4.5,2
B00846Z3VI,4.0,2
B00846ZY2Q,4.5,2
B008474POI,5.0,2
B0083XVY6U,5.0,2
B0083X3P9E,5.0,2
B0083ULFPS,5.0,2
B0083UVIP0,5.0,2
B0090WWRGE,5.0,2
B0000ABPLB,4.5,2
B0090WPKSQ,5.0,2
B0083V721I,5.0,2
B0083V8ROY,5.0,2
B0000A606J,4.5,2
B0083VIBB8,4.5,2
B0083VLUNE,4.5,2
B0090W47TE,5.0,2
B0090UVCJO,5.0,2
B0083WHV1S,5.0,2
B0083WIO2S,4.5,2
B0083WYUU8,5.0,2
B0090U49IU,5.0,2
B008476J2E,5.0,2
B0084HLK6Y,4.5,2
B0090GZYKQ,5.0,2
B0090GWJ6S,5.0,2
B0084HWM1G,4.5,2
B0090G025S,5.0,2
B0090G025I,5.0,2
B0084IAGKE,4.5,2
B0084IET02,4.5,2
B0084IRVAM,5.0,2
B0084JNI4E,5.0,2
B0084JTKWI,5.0,2
B0084MXWCE,5.0,2
B0090FZUKQ,4.0,2
B0084NW3WS,5.0,2
B00008US50,4.0,2
B0090FZQVY,5.0,2
B0090F0RX6,4.5,2
B0084HE4A8,5.0,2
B00008WMNP,5.0,2
B00847HS10,5.0,2
B0084FYN5G,5.0,2
B00847J26Y,4.5,2
B00847SF4O,5.0,2
B000094OWK,5.0,2
B000093UM7,5.0,2
B0084BPIFE,5.0,2
B0084C838M,4.5,2
B0084C9HM8,4.0,2
B0084CSHTW,4.0,2
B0090NYUG8,5.0,2
B0090NQQR4,4.0,2
B0084EEYQ0,4.5,2
B0084EFNCY,5.0,2
B0090MX8JO,5.0,2
B00008ZPG0,4.5,2
B0090LXQFG,4.5,2
B0090LIRGO,5.0,2
B0083UEWLC,5.0,2
B0090XKMBK,4.0,2
B0082MSBZO,5.0,2
B00832TG5W,4.5,2
B00832U1ZQ,5.0,2
B0091F0XR0,4.5,2
B00833108C,4.5,2
B0091EKNV2,4.0,2
B0091DRTX8,5.0,2
B0000BVGDG,5.0,2
B0091DC7CG,5.0,2
B008399R2W,5.0,2
B0091CIT9M,5.0,2
B0091CIS98,5.0,2
B0000AZVZQ,5.0,2
B0083CQ1IM,5.0,2
B00918DQVC,5.0,2
B0083CXEW8,5.0,2
B0083CZVWY,4.5,2
B0083DG352,4.0,2
B0083DXXH8,5.0,2
B0083F7X7W,5.0,2
B0083FZKAO,4.0,2
B0083GKAEE,5.0,2
B00916WZC0,5.0,2
B008328XDI,5.0,2
B00832899G,4.0,2
B0091FSGRO,4.0,2
B0000C4CON,5.0,2
B0082MUCNI,5.0,2
B0000CC64V,4.5,2
B0082OIAQW,5.0,2
B0082OURO0,4.0,2
B0082OXY9U,5.0,2
B0082PEL96,5.0,2
B0091HWBLO,4.0,2
B0082R72TU,5.0,2
B0082S45EY,4.0,2
B0082UOH86,5.0,2
B0091GNEJS,5.0,2
B0082ZWY5Y,5.0,2
B008312PBK,5.0,2
B008314QM6,4.0,2
B0091FTUWE,4.0,2
B0000AYXBM,5.0,2
B0083HSL0S,5.0,2
B0083HT9OA,4.5,2
B0083KF0FE,5.0,2
B00914XFOE,5.0,2
B009140R3G,5.0,2
B00913GR7C,4.5,2
B0083MYQ3Y,4.5,2
B00913BYNE,4.0,2
B0083N3LOI,4.0,2
B0000AKPNX,5.0,2
B0000AKADM,5.0,2
B0083QK1P2,4.5,2
B00912ZFQ2,5.0,2
B0083R18ZS,5.0,2
B0000AJ3PV,5.0,2
B0000AJ3PR,5.0,2
B0083TQVPS,5.0,2
B0000AN9M4,5.0,2
B0083KEBYA,4.0,2
B009152DUU,4.5,2
B0083HTG84,5.0,2
B00916PL6W,4.0,2
B0083HTI1Y,5.0,2
B00916H90S,4.5,2
B00916FAP4,4.5,2
B0083HTOLI,5.0,2
B0083I2DU6,4.0,2
B00916CR2I,4.5,2
B0083IV5SM,5.0,2
B0000APP9T,5.0,2
B0083J1XCY,5.0,2
B00915QNQU,4.0,2
B00915DE30,5.0,2
B0083JZVB8,4.5,2
B0083K0N0Q,4.5,2
B009153LGU,5.0,2
B0000AOWL1,5.0,2
B0083KCV0Q,5.0,2
B0002JV4KO,5.0,2
B006RT5Q3O,5.0,2
B00IM5UBPE,5.0,2
B00AKLH12E,5.0,2
B005F7IQIQ,5.0,2
B00IU7X5KM,5.0,2
B005F7PHTC,4.5,2
B005F7W3QW,5.0,2
B0009R5BJE,4.0,2
B0009R5BJ4,5.0,2
B00AKL3ED4,4.0,2
B005F8Y4SG,4.5,2
B00AKL0AB8,5.0,2
B005F9UF4C,5.0,2
B00AKKPMMG,4.0,2
B005FAABO0,5.0,2
B005FABF9K,5.0,2
B005F6RAQQ,5.0,2
B005F6P70M,5.0,2
B005F6OOWY,5.0,2
B00AKOJ3FE,5.0,2
B005F4E2DC,4.0,2
B005F4GUFA,5.0,2
B0009RF8MO,4.0,2
B00AKS30WC,5.0,2
B00AKS2208,5.0,2
B005F5IEQW,4.5,2
B005F5K122,5.0,2
B005F5K5S2,5.0,2
B005F5KBHC,4.0,2
B005F5KDV6,5.0,2
B005F5O2BS,5.0,2
B00AKOJPAW,5.0,2
B005F65I56,5.0,2
B00AKOJLAG,5.0,2
B005F69VXQ,4.5,2
B005F69Y4W,4.0,2
B00AKK1M98,5.0,2
B00IUA96GG,5.0,2
B005FCYLYY,4.0,2
B005FDHHD0,4.5,2
B005FEO5GG,5.0,2
B0009R16MA,5.0,2
B005FFHJMW,5.0,2
B005FFMGR0,5.0,2
B0009R16A2,5.0,2
B0009R169S,5.0,2
B005FADXV8,5.0,2
B005FG11K2,5.0,2
B005FGM5ZW,4.5,2
B005FH22DQ,5.0,2
B005FH3474,5.0,2
B005FHPHVK,5.0,2
B005FHURN8,5.0,2
B005FHZ972,5.0,2
B0009R351A,5.0,2
B005FCGMHI,5.0,2
B005FCFPUI,5.0,2
B005FCFNY6,5.0,2
B00AKJ0O1Q,5.0,2
B005FAISBI,5.0,2
B005FAOFEM,4.5,2
B005FAV85G,5.0,2
B005FB2C32,5.0,2
B005FB9AXM,5.0,2
B005FB9BIQ,4.5,2
B005FBTPL4,5.0,2
B005FC70F6,4.5,2
B0009R35W4,4.5,2
B005FC753I,4.5,2
B00AKHT0TA,5.0,2
B0009R35VU,4.0,2
B00IU8MCBO,5.0,2
B00AKHE96Y,4.5,2
B0009R35DI,4.0,2
B005FCCD2G,5.0,2
B0009RFAGS,5.0,2
B005F3W9WY,5.0,2
B005F3W8KC,4.5,2
B00ITL81XK,4.0,2
B00ALHH1YU,5.0,2
B00ALGTK1I,5.0,2
B00ALGSD8O,5.0,2
B00ALGMHY0,5.0,2
B00ALE4RW2,4.0,2
B00ALE44WA,4.5,2
B00ALDGHUI,5.0,2
B005ESHKGA,5.0,2
B005ESHPXI,5.0,2
B005ESSIOI,5.0,2
B005ESSL54,5.0,2
B005ESSMHG,5.0,2
B005ESSTS8,4.5,2
B00AL6LGOM,5.0,2
B005ET2WY4,4.0,2
B005ET4454,5.0,2
B005ET4KSU,5.0,2
B005ESAP76,4.5,2
B005ESAOOU,4.0,2
B005ESAMQU,4.0,2
B005ES8YL0,5.0,2
B00ALO7ZH6,4.5,2
B00ALO7OMM,5.0,2
B00ALMK7QE,5.0,2
B005EO5IB8,5.0,2
B005EOA5QG,5.0,2
B005EP8IUK,4.0,2
B0009V41MS,5.0,2
B005EQO9E8,4.0,2
B00ALJIMVE,5.0,2
B005EQOKM4,5.0,2
B0009U7QYO,5.0,2
B00ALINDVO,4.5,2
B005EQS0H0,5.0,2
B005ERCWOG,4.0,2
B00AL68A0K,5.0,2
B005ET4M7E,5.0,2
B0009S5UJ4,4.5,2
B005EZSU6C,5.0,2
B005F04F0Q,4.5,2
B005F04SZI,4.5,2
B005F0W14S,5.0,2
B0009S3H4Y,4.5,2
B0009S1P8Y,5.0,2
B005F1INCG,5.0,2
B0009S1NK4,4.0,2
B00ITZ7IWG,4.0,2
B005F1IUDI,5.0,2
B005F1IYDE,4.0,2
B005F1NZI8,5.0,2
B00AKUKX20,4.5,2
B005F1S6W8,5.0,2
B005F2AD32,4.5,2
B00IU1N0AI,4.0,2
B00IU2XI7W,4.5,2
B0009RLLT8,5.0,2
B0009RFALI,5.0,2
B00IU3ATGE,5.0,2
B005EZSTUY,4.0,2
B0009S8QTK,4.5,2
B00ITX1BT4,5.0,2
B0009TNC2A,5.0,2
B005ET9JQI,5.0,2
B005ETA2U0,4.5,2
B0009TNBXA,5.0,2
B005EUREBE,4.5,2
B005EV1F1I,4.5,2
B005EVARKS,5.0,2
B00ITP8T9W,5.0,2
B00AL3IVBQ,5.0,2
B00AL2GQRI,4.0,2
B00AL1HJRK,4.5,2
B00AL19WFW,5.0,2
B00AL102OM,5.0,2
B005EZ396S,5.0,2
B00AL0HI4U,4.0,2
B005EZ4BHE,4.5,2
B0009SNZ2I,5.0,2
B00AK6GH4M,5.0,2
B005FJMLIK,4.5,2
B005GBWCKY,4.0,2
B005GC86NK,5.0,2
B0009OAIOU,4.5,2
B005GDBCC6,5.0,2
B00AIY2PMO,5.0,2
B005GDXWRO,4.0,2
B0009OAIDG,5.0,2
B005GEOTSO,4.5,2
B005GF0VP8,5.0,2
B005GFAWN4,4.5,2
B005GFJ1N6,5.0,2
B00AJ4C5OQ,4.5,2
B00AIU2UOQ,5.0,2
B005GFVU9Y,5.0,2
B005GGP8B4,4.0,2
B005GGPQL6,5.0,2
B005GHBMAO,4.5,2
B0009OAHW8,5.0,2
B005GHPEYY,4.0,2
B005GI7RN4,4.5,2
B005GAEJCO,4.0,2
B00AJ3J75C,5.0,2
B00AJ31FEI,5.0,2
B005G7QJSO,4.5,2
B005G8015A,4.5,2
B0009OBYBQ,4.5,2
B005G83L5W,4.0,2
B00AJ16YXW,5.0,2
B00AIZVR0O,4.0,2
B0009OAZWU,4.5,2
B005G9C5DK,5.0,2
B005G9ULTK,5.0,2
B005GA91WC,5.0,2
B005GAEDHU,5.0,2
B005GIU6UU,4.5,2
B005GMYHKQ,5.0,2
B005GMYOB8,5.0,2
B005GMYPM6,5.0,2
B00AIDZOPA,5.0,2
B005GMYPTE,5.0,2
B0009OAGOW,4.5,2
B005GN69N8,5.0,2
B00AIC2G4S,4.5,2
B00AIBYLUQ,5.0,2
B00AIBHWZ2,5.0,2
B005GOOKQU,5.0,2
B005GOP48I,5.0,2
B00AIBEVW4,5.0,2
B005GOVZZY,5.0,2
B00AIBCK86,5.0,2
B005GQ6JM6,4.0,2
B0009N5SGO,5.0,2
B005GQ7L0U,5.0,2
B00IVCE65E,5.0,2
B005GJ2XFA,4.5,2
B005GMY5SK,5.0,2
B0009OAHKU,5.0,2
B005GJL8AG,5.0,2
B005GJPUGE,4.5,2
B005GKDT34,4.0,2
B005GL4Z68,5.0,2
B005GLI5LE,4.5,2
B00AIHYQ2S,5.0,2
B005GLKRJM,5.0,2
B00AIHX4TY,4.5,2
B005GLO6BC,5.0,2
B005GLSS2A,4.5,2
B005GLTJW8,4.5,2
B005GLUZ44,4.5,2
B005GMI29I,5.0,2
B005GMIX74,5.0,2
B00AIEVMBY,4.5,2
B00AJ3YXCE,5.0,2
B00AJ4CJ6U,5.0,2
B005FR7CY0,5.0,2
B00AJWVOHM,5.0,2
B005FO6E24,5.0,2
B005FO9CJG,5.0,2
B005FP42XQ,5.0,2
B0009QZXLQ,4.0,2
B0009QZXK2,5.0,2
B005FQE5UU,5.0,2
B005FQGYBS,5.0,2
B00AJVM3N2,5.0,2
B005FRIJW4,4.5,2
B005FSEOPY,5.0,2
B00AJURRQQ,5.0,2
B005FSEPU8,5.0,2
B005FSMFQO,4.5,2
B005FSPIBS,4.5,2
B0009Q5R1C,5.0,2
B005FTYYW6,5.0,2
B005FU4WBI,4.0,2
B005FU5WYO,5.0,2
B00AJRMRH8,4.5,2
B00AJWY0OQ,5.0,2
B0009QZXZM,4.0,2
B005FL8H40,4.5,2
B005FL8IDA,4.5,2
B005FLM8X6,4.5,2
B005FLP1M6,5.0,2
B005FLPWPC,5.0,2
B005FMAAV2,5.0,2
B00AK099S4,5.0,2
B00AJZT0KM,5.0,2
B005FMQB56,5.0,2
B005FMT0A4,5.0,2
B005FN8QSK,5.0,2
B005FN8Z2C,5.0,2
B005FN9INC,5.0,2
B005FNDGQ2,5.0,2
B005FNIXLA,5.0,2
B00AJXXGTU,5.0,2
B00AJPLER4,4.5,2
B0009Q3Q7O,5.0,2
B005G39GM4,5.0,2
B005G39GX8,5.0,2
B005G401RM,5.0,2
B005G40YU6,5.0,2
B00AJEOG2A,5.0,2
B0009OMNS4,5.0,2
B00AJDDL7W,5.0,2
B005G4GW2K,4.5,2
B0009OMNN4,4.0,2
B00AJ9PSOA,5.0,2
B00AJ95YUS,4.5,2
B005G4R9QI,5.0,2
B00AJ6ST2Q,5.0,2
B00AJ4IQJY,4.0,2
B005G5STLG,5.0,2
B005G39GWY,5.0,2
B00AJNURQK,5.0,2
B005G2CIKM,4.5,2
B0009PYVLK,4.5,2
B005FVULN0,4.5,2
B005FYB9VA,5.0,2
B0009PL3CA,5.0,2
B0009PL3A2,4.5,2
B00AJIY7HK,4.5,2
B0009PL39S,5.0,2
B005FYLLO0,4.5,2
B00AJHFUVS,5.0,2
B005FZSICM,4.5,2
B005G003YW,5.0,2
B00AJHE2I0,4.0,2
B005G0594Q,5.0,2
B005G0IQPU,5.0,2
B005G0N3IA,4.0,2
B00IUP1Q8W,5.0,2
B005G1Y5XQ,4.0,2
B00AJFCFCM,4.5,2
B00ALO8ZXY,4.5,2
B005CX2U2G,4.0,2
B00ANDQMDS,5.0,2
B00ANDI1SW,5.0,2
B005CWS486,4.0,2
B005CWSD8C,5.0,2
B00ANAXP3G,5.0,2
B0009YDOC8,4.0,2
B005CX1VTY,5.0,2
B0009YDO8M,5.0,2
B00AN9O7IE,5.0,2
B005CX3QUQ,5.0,2
B005CX41WI,5.0,2
B005CX4KGA,4.0,2
B005CX5UDW,5.0,2
B0009YDO5U,5.0,2
B0009YDO4G,5.0,2
B005CXJ1U0,4.5,2
B0009YDO28,4.0,2
B005CWKMF4,4.0,2
B00ANEN866,5.0,2
B000A0G2PC,5.0,2
B0009YYJDG,5.0,2
B005CRLN5M,5.0,2
B005CRMSRY,5.0,2
B0009YU8QS,5.0,2
B005CRPITE,4.0,2
B005CSUWQ2,5.0,2
B005CSYIN0,5.0,2
B005CSYTUW,4.0,2
B005CSYVIC,4.5,2
B005CTSIKI,4.5,2
B005CTZLDK,4.5,2
B005CU9MFW,5.0,2
B0009YDOIC,5.0,2
B00ANF1NQC,4.0,2
B005CW5G4G,4.5,2
B00ANETNKG,5.0,2
B005CWKIGC,5.0,2
B005CWKJ4S,5.0,2
B005CXS9WG,5.0,2
B00AN8V9C2,4.5,2
B005EMSKYW,4.5,2
B00AN31CS8,4.5,2
B005D5JHPQ,5.0,2
B00AN5L8OY,4.0,2
B0009XYYRI,5.0,2
B00ISQJ8VU,4.5,2
B005D5QC0O,4.0,2
B005D6FR9K,4.0,2
B00AN3W7U0,5.0,2
B00AN3MD90,5.0,2
B005D727FQ,4.5,2
B005D7DTG2,4.5,2
B005D7JM90,4.0,2
B005D7N9PS,5.0,2
B00AN0D1GM,5.0,2
B005D7RZHQ,4.5,2
B005D7YJF2,5.0,2
B00AN09IF0,5.0,2
B005D8AAAO,4.5,2
B00AMYPYZK,5.0,2
B005D5J0S0,4.0,2
B005D5DXBU,4.5,2
B005CZIJSS,4.5,2
B005D0DICO,4.5,2
B00AN8OUH8,4.5,2
B005D0J8O6,5.0,2
B005D0QCXQ,4.5,2
B005D0S7LQ,5.0,2
B005D0TDO6,4.5,2
B00AN86K3A,5.0,2
B005D1RGPS,4.5,2
B005D1W54U,5.0,2
B005D1Y2KU,5.0,2
B005D23WSW,5.0,2
B0009Y2OIS,5.0,2
B005D2UBHM,5.0,2
B00ISP68WI,5.0,2
B005D3NFTW,5.0,2
B0009XZKW6,4.0,2
B005D52KZK,5.0,2
B00ANIM49O,4.0,2
B00ANINYXE,4.5,2
B00ISDROZA,5.0,2
B005C6CVKO,4.0,2
B005C6N0KY,5.0,2
B000A24T0A,5.0,2
B000A24S8I,5.0,2
B000A24PYA,5.0,2
B005C8BRAC,4.0,2
B005C8MMLU,5.0,2
B005C9P5DQ,5.0,2
B00ANYZ5VM,5.0,2
B00ANYBQTC,5.0,2
B005CA3KHS,4.0,2
B005CPYIZ6,4.0,2
B005CAIO3S,5.0,2
B00ANYAQTI,5.0,2
B005CBA6TM,5.0,2
B005CBFHGY,4.5,2
B000A22WIQ,5.0,2
B005CBTDYG,5.0,2
B00ANY3G4A,4.0,2
B005CCO386,5.0,2
B005CCQQZY,5.0,2
B005CCS6H0,4.5,2
B005C673PC,4.5,2
B005C4MUXY,5.0,2
B005C4N3M6,4.0,2
B005C4N95W,5.0,2
B005C4P1W6,4.5,2
B00AO21B7U,4.5,2
B005C4Z63A,5.0,2
B005C56SZ4,5.0,2
B000A2ACI8,4.5,2
B005C5LUWA,4.5,2
B000A27OHK,5.0,2
B005C5TCNY,4.0,2
B005C60IG8,5.0,2
B00AO0SWX8,5.0,2
B005C65IVS,5.0,2
B000A26GJW,4.5,2
B000A26EGC,5.0,2
B00AO0I4AO,5.0,2
B005C65LQA,5.0,2
B005CCWIMO,4.5,2
B005CD3LWE,4.5,2
B005CD3X9K,4.5,2
B005CKQ22S,5.0,2
B005CKS8UM,4.5,2
B00ISFQU8A,5.0,2
B00ANQSJXQ,4.0,2
B005CLL1IW,4.5,2
B005CLL4H0,5.0,2
B00ANORDSA,4.5,2
B005CN2AF8,5.0,2
B005CN5FDM,4.5,2
B000A11ENG,5.0,2
B005CNMJK4,4.5,2
B00ISHLSYY,5.0,2
B005COE730,4.5,2
B005COEI52,4.5,2
B005COY6H2,4.5,2
B005CP279A,4.5,2
B005CPBGW4,4.0,2
B005CPOIWY,4.5,2
B005CPQ8N6,5.0,2
B005CPV476,4.5,2
B005CKR79U,4.5,2
B00ANS0DW4,4.5,2
B005CD3XT0,5.0,2
B00ANSXMMC,4.5,2
B005CD49ZM,5.0,2
B000A22LYG,5.0,2
B005CDJTCU,4.0,2
B005CE1BLQ,5.0,2
B005CE4I3E,4.5,2
B005CF74OI,4.5,2
B005CFHVOG,5.0,2
B005CGQCGI,5.0,2
B005CGYFEO,5.0,2
B005CHEF34,5.0,2
B005CHEH4Q,4.5,2
B005CHES40,4.0,2
B005CI206W,5.0,2
B005CJ1J0E,4.5,2
B00AMYPOKK,4.5,2
B0009W5JQO,4.5,2
B00IT6PJ44,5.0,2
B005E7449M,4.5,2
B005E8GWUU,4.0,2
B0009W1KMG,5.0,2
B005E8MMD6,4.0,2
B0009VY99I,4.5,2
B0009VT6SW,4.5,2
B0009VS7UK,5.0,2
B005DZMEMO,4.0,2
B005E9WLUY,5.0,2
B00AM7HUM2,4.0,2
B005EBWFAS,4.0,2
B005ECKKUY,5.0,2
B005ED0OPE,5.0,2
B005ED29MA,5.0,2
B005ED3QF4,5.0,2
B005E3S2U8,4.5,2
B005E3CL9Q,4.5,2
B0009WEDE8,5.0,2
B005E0EJ4Y,5.0,2
B0009WONHU,5.0,2
B00AMDQLM6,4.5,2
B005E0NPF8,5.0,2
B00AMC0E0M,4.0,2
B005E0OGXS,4.0,2
B005E0SKWG,5.0,2
B005E0WQOY,5.0,2
B005E1W7AQ,5.0,2
B005E2IH7W,5.0,2
B00IT5SIZM,4.0,2
B00AMA7SM6,4.5,2
B005E2Y4ZQ,5.0,2
B00AM4GG5C,4.5,2
B0009VIS7M,4.0,2
B0009VFDBQ,5.0,2
B005EJA7XW,5.0,2
B005EJC1PE,5.0,2
B005EJFL8S,5.0,2
B005EJKJ7G,5.0,2
B0009VEMQS,4.5,2
B005EKIN9Q,4.0,2
B005EKINTQ,4.0,2
B0009VCUWG,5.0,2
B005ELQNCO,4.5,2
B00ITEE8KM,4.5,2
B0009VCUK8,5.0,2
B00ALRZS6I,5.0,2
B00ITF0PDK,5.0,2
B005EM8QIW,5.0,2
B005EM8X4Y,4.5,2
B005EMOOVK,4.0,2
B005EMOPUU,5.0,2
B0009V7WR4,5.0,2
B00ITCJZOI,4.0,2
B00AM458YC,5.0,2
B0009VNII6,4.0,2
B005EDQD04,5.0,2
B005EDVSXQ,5.0,2
B005EE7L0E,4.5,2
B005EFNXKK,5.0,2
B005EFPVKK,5.0,2
B00AM2ERX2,5.0,2
B005EG7Z1W,5.0,2
B00AM16QKA,5.0,2
B00AM0OK0E,5.0,2
B005EGUAB4,4.5,2
B00AM0MS3K,5.0,2
B005EGY254,5.0,2
B005EH1W7E,4.5,2
B005EHFSLK,4.5,2
B0009VO98E,4.0,2
B00ALZCZTS,4.5,2
B005EI7E8Y,5.0,2
B005DZNQ6C,5.0,2
B005DYPLTI,5.0,2
B00AMYP1EE,5.0,2
B005DJO3YM,5.0,2
B005DH1ZM2,5.0,2
B005DH9CK4,5.0,2
B005DHGFRW,5.0,2
B005DHL6A8,5.0,2
B00AMTDQZA,4.0,2
B005DI45PK,5.0,2
B00ISWR1RM,5.0,2
B00IT004M2,4.0,2
B00IT06S8G,4.5,2
B0009WY51E,5.0,2
B005DKK3OU,5.0,2
B00IT06Y3K,4.0,2
B005DKKG7E,5.0,2
B005DKR16I,5.0,2
B005DKRQPO,5.0,2
B005DKV28Q,4.5,2
B00AMQWXNO,5.0,2
B005DL9P0C,5.0,2
B0009XLSWM,4.0,2
B00AMTX1MS,5.0,2
B005DF3UAY,4.5,2
B005D97IAI,5.0,2
B00AMYP0KE,4.0,2
B00AMYP06S,4.5,2
B005D9Q6CO,5.0,2
B00AMYO0FK,4.5,2
B005D9SPY6,4.5,2
B005DA0AOI,5.0,2
B005DBZ5YM,5.0,2
B005DC18YC,4.0,2
B00AMXUWQC,4.0,2
B00AMXUWHG,4.5,2
B00AMXLM1G,5.0,2
B005DC6NRE,5.0,2
B005DD5LQ2,4.5,2
B005DDB8G4,5.0,2
B00AMXG15I,4.5,2
B005DDIICQ,5.0,2
B005DDLJA4,5.0,2
B0009XPAGW,5.0,2
B0009XPA2G,5.0,2
B00AMQWWO4,5.0,2
B005DM0QE0,4.5,2
B0009XBUZW,4.0,2
B005DSMJFI,4.0,2
B005DSNBSW,5.0,2
B00AMNOSIK,5.0,2
B00AMNGN2Y,4.5,2
B005DTH6SM,5.0,2
B00AMNGKW2,5.0,2
B005DTSP96,4.5,2
B005DTWW0E,5.0,2
B005DU1X58,4.5,2
B005DU2OTC,4.5,2
B0009WY5K0,5.0,2
B00AMM9SH2,5.0,2
B00AMLWL7W,4.5,2
B00AMLIE7S,5.0,2
B005DVT96W,5.0,2
B00AMKW646,4.0,2
B005DXNST4,5.0,2
B005DSNA2Y,5.0,2
B005DMDOA8,5.0,2
B00AMQWRNU,4.0,2
B005DN55YU,5.0,2
B00AMQ2EBU,5.0,2
B00AMPY8CY,4.5,2
B005DO1OL2,4.5,2
B005DO1SU4,4.5,2
B00AMOLIGO,5.0,2
B005DPBVGE,5.0,2
B00AMOL8Z0,4.5,2
B0009X4W1Q,5.0,2
B005DR1X1K,5.0,2
B00AMO6JUE,5.0,2
B005DROESE,4.5,2
B005DRVLNA,5.0,2
B00IT22PAO,4.0,2
B005DS2XKO,5.0,2
B005GQKE40,5.0,2
B005GQKE4K,5.0,2
B005GQKE6S,4.5,2
B00AEXPIQO,5.0,2
B00AEYRKV4,4.5,2
B0009AI2GA,4.0,2
B005JUL0JQ,4.5,2
B0009AFWHM,4.5,2
B005JUX1IY,5.0,2
B005JV9GDC,5.0,2
B00AEXXRTY,5.0,2
B005JVSLHY,4.0,2
B005JVSLLA,4.0,2
B005JVSLNS,5.0,2
B005JYPNJK,4.0,2
B005JXC9P2,4.5,2
B00AEVXAW0,5.0,2
B005JY6IQM,4.5,2
B005JYOYYA,4.5,2
B005JYPGYC,4.5,2
B005JYPJQW,5.0,2
B00AEZAWWM,4.5,2
B00AEZP3V2,5.0,2
B005JRZKJU,5.0,2
B005JPD80K,4.0,2
B005JPDPEY,5.0,2
B005JPK4IY,4.5,2
B005JPLOSS,4.5,2
B00AF1Y8QG,5.0,2
B005JPO610,4.5,2
B005JPOA7U,4.0,2
B005JPOQJW,5.0,2
B0009DSQS6,4.5,2
B00AF0NWW8,5.0,2
B005JRGHPQ,5.0,2
B0009BH8G4,5.0,2
B0009BH8EG,5.0,2
B005JRNEA2,5.0,2
B005JRNEBG,4.5,2
B005JRTDIY,4.0,2
B005JRTGO0,4.5,2
B00099YMLA,5.0,2
B0009N5E68,5.0,2
B00AET4U76,4.5,2
B00AESXAP0,5.0,2
B00AESFIBO,5.0,2
B00AESFCLA,5.0,2
B005K25F3K,5.0,2
B005K2ISOI,4.0,2
B005K47D8I,5.0,2
B005K6NIKI,5.0,2
B00099E8NW,5.0,2
B005K7SKP0,4.0,2
B005K7ZVHA,5.0,2
B005K84VJS,4.0,2
B005K85LJM,5.0,2
B005K8OBHA,4.0,2
B005K8OHBU,5.0,2
B005K97F0O,5.0,2
B000980PIU,4.5,2
B00AET70UA,5.0,2
B005JYZCEG,4.0,2
B005JYZNGI,5.0,2
B00AEVKRNK,5.0,2
B005JZLWKS,4.5,2
B005JZQDPM,4.5,2
B005JZV4MY,5.0,2
B005JZWG9O,5.0,2
B005JZY9LM,5.0,2
B005K01FMC,5.0,2
B005K05ZP0,5.0,2
B005K066KS,4.5,2
B00AEUHWI4,5.0,2
B005K0GUMW,4.0,2
B00AEUFBD2,4.0,2
B005K0RX1Y,4.0,2
B005K0WZPI,5.0,2
B005JPCSV0,4.5,2
B0009DSSC0,5.0,2
B00IXQK0T4,5.0,2
B005JAMWTS,5.0,2
B005J7PPZO,4.0,2
B005J87QFK,5.0,2
B005J882Y4,4.0,2
B005J8D15E,5.0,2
B005J9FIAO,4.5,2
B0009ET5LW,4.0,2
B005JA2I60,4.0,2
B00AFCOZLS,4.0,2
B00AFCOZDG,4.0,2
B005JAMXJ2,5.0,2
B00AF2NORE,5.0,2
B005JAMY7I,4.5,2
B005JAT01G,5.0,2
B005JB32MI,5.0,2
B005JBOTRU,5.0,2
B005JC44VA,5.0,2
B005JC46Z4,4.5,2
B005JCVNMS,5.0,2
B005JD0QHK,5.0,2
B005JD1Y1M,4.5,2
B005JD4D2Y,4.5,2
B005J7KVVW,5.0,2
B005J7C7IM,4.5,2
B00AFCP6CA,5.0,2
B005J15A3W,5.0,2
B005J1ZX4S,5.0,2
B0009ET8PA,5.0,2
B0009ET8AA,4.0,2
B005J5BTR4,5.0,2
B005J5D1BQ,5.0,2
B00AFDN5NQ,5.0,2
B00AFDN5N6,4.5,2
B00AFDN5BS,5.0,2
B005J5LD4I,5.0,2
B005J5LG0O,5.0,2
B005J5MK1I,5.0,2
B0009ET74W,5.0,2
B005J5R0UY,4.5,2
B005J5S73I,4.0,2
B00AFCZ300,4.5,2
B005J5U51U,4.5,2
B005J60Z2I,4.5,2
B0009ET6MU,4.5,2
B005J6I9D0,4.5,2
B005J6JJHK,5.0,2
B005J6TC4A,5.0,2
B005JD4NSI,5.0,2
B005JHDJJ8,5.0,2
B005JHNEX4,5.0,2
B00AF7TFHW,4.5,2
B005JJ02FA,5.0,2
B00AF7RQS2,5.0,2
B005JK3CIS,4.5,2
B005JK6BRM,4.0,2
B005JKJUY8,5.0,2
B0009DY0PO,4.5,2
B0009DW8EY,5.0,2
B005JLYQX2,5.0,2
B005JMA5F4,5.0,2
B0009DW5PQ,5.0,2
B00AF58IAE,4.0,2
B00AF52FQW,4.5,2
B00AF4OXUO,4.0,2
B00AF3ZVNS,5.0,2
B005JNPK76,5.0,2
B005JNV34A,5.0,2
B005JHFW7A,5.0,2
B0009EILR6,4.0,2
B005JDDTN8,5.0,2
B0009ET3UA,5.0,2
B005JDPI9G,4.5,2
B0009ET3RI,5.0,2
B005JDPJHW,4.0,2
B00IXHFSIG,5.0,2
B00IXHT6MU,4.0,2
B005JDPMWO,5.0,2
B0009ET3LE,5.0,2
B0009ET3L4,4.5,2
B005JELIVM,5.0,2
B005JENEW8,4.5,2
B00AF9LUYG,4.0,2
B005JF4YSU,5.0,2
B005JFK98Y,5.0,2
B005JFLKNM,5.0,2
B00AF9DIPA,5.0,2
B005JFO0C0,4.5,2
B005JFPKZQ,4.5,2
B005JFPO6G,5.0,2
B005JFUWCC,5.0,2
B005LDM5JA,5.0,2
B00ADZFCHS,5.0,2
B005LDSXJ6,4.0,2
B00ADYX68G,5.0,2
B005LE3J3U,4.0,2
B005LE43H6,5.0,2
B005LERHU6,4.5,2
B005LFP7CU,4.0,2
B00ADW0ZOG,4.5,2
B005L9YW40,4.0,2
B00ADVX3MI,5.0,2
B00ADURNVG,4.5,2
B00ADU7LQI,5.0,2
B00ADT36R2,4.5,2
B005LGBABQ,5.0,2
B005LGBBUQ,5.0,2
B00IYPS66I,5.0,2
B00ADS5ZQS,4.0,2
B00IYPRZOW,4.5,2
B005LDFPFQ,4.5,2
B005LDDIFA,5.0,2
B005LA5H5M,4.5,2
B00IYLYE7W,5.0,2
B0008JHAZ6,4.5,2
B0008IUHZ2,5.0,2
B00IYM5QW8,5.0,2
B005LAYIFM,5.0,2
B0008GJSRC,5.0,2
B005LB0HRE,4.0,2
B0008G317U,5.0,2
B0008G316Q,5.0,2
B005LB98UQ,4.5,2
B005LBD3VG,5.0,2
B005LBD47E,5.0,2
B005LBDBW2,5.0,2
B00IYOTL36,5.0,2
B005LCHWIA,4.5,2
B005LCIS06,4.0,2
B005LD2N1K,5.0,2
B00IYPRYJ8,4.0,2
B005LDBV1I,4.5,2
B005LGMMC2,4.5,2
B00ADRH5GC,4.5,2
B005LGXHTO,5.0,2
B005LPZQ8K,4.5,2
B005LQ1TBM,5.0,2
B00IYSEX2G,4.0,2
B005LQIBPO,5.0,2
B00ADJLCR8,5.0,2
B005LQZGQG,5.0,2
B005LR8L26,4.5,2
B00ADIOR2G,5.0,2
B005LRNIZ6,5.0,2
B00ADI0GHQ,4.0,2
B005LRX44Q,4.5,2
B005LS4LJM,5.0,2
B005LSDW6A,4.5,2
B00ADG567S,5.0,2
B00ADG4TG2,5.0,2
B00IYTGAP8,5.0,2
B005LUJYSI,4.5,2
B005LQ0116,5.0,2
B005LPKFN6,5.0,2
B00ADLGVJA,4.0,2
B0008E8BEA,4.5,2
B0008E4GXU,5.0,2
B00ADQAN1C,5.0,2
B00ADPUZLG,4.0,2
B00ADPMR3U,5.0,2
B005LL8V68,5.0,2
B00ADP1Z5G,5.0,2
B00ADMZYEC,4.5,2
B00ADMSVR4,4.5,2
B00085DWUM,5.0,2
B00ADMLXKQ,5.0,2
B00084YBWQ,4.5,2
B005LOEJOI,5.0,2
B005LOGIBU,5.0,2
B005LPBAXK,4.5,2
B005LA3YES,4.0,2
B00AE21FLC,5.0,2
B005KQFFJU,5.0,2
B005KMLPZW,4.0,2
B005KMTMMK,5.0,2
B005KMTVZI,5.0,2
B00AEH25PW,4.5,2
B005KN316C,4.0,2
B005KPCTC2,4.0,2
B00AEEE1UM,5.0,2
B00AEDQYOO,4.0,2
B005L9VUHM,5.0,2
B005KR3C26,5.0,2
B00AEDCNZI,5.0,2
B005KS3Q1W,5.0,2
B005KS4CP6,4.0,2
B00AEDBODA,5.0,2
B00IYICCJW,5.0,2
B005KSON3M,5.0,2
B005KMIBWC,4.5,2
B005KMET1O,5.0,2
B005KMEI2O,4.0,2
B005KM2DBM,4.5,2
B005KDIXQU,5.0,2
B00IY5XVUO,5.0,2
B005KF22ME,4.5,2
B005KGEJ0G,4.0,2
B000971SD2,5.0,2
B00AEJO9HW,4.0,2
B000970DME,4.0,2
B005KJK01K,4.5,2
B005KJYS6I,5.0,2
B005KJZT3Y,5.0,2
B000970AXQ,4.5,2
B00AEJDC70,5.0,2
B005KKRWTW,5.0,2
B005KKSPHA,4.5,2
B005KKTXHQ,5.0,2
B005KLB1XO,5.0,2
B005KLC4T4,4.5,2
B005KTCZAO,4.5,2
B005KTRXU6,5.0,2
B005L4XB3S,5.0,2
B00091SMEQ,5.0,2
B00091SMEG,4.5,2
B005L78NMY,4.5,2
B005L87H1G,5.0,2
B00091RW1U,4.0,2
B00AE76ZEO,4.5,2
B005L87XAG,5.0,2
B005L87Y14,5.0,2
B005L87YSM,5.0,2
B00AE6KXQ6,5.0,2
B005L8YITA,5.0,2
B00AE38XBQ,4.5,2
B0008MGGH6,4.5,2
B005L94L7I,5.0,2
B00AE2HRPU,5.0,2
B005L989F8,5.0,2
B0008MFI5C,4.0,2
B00AE254ZK,4.0,2
B0008MFI4S,5.0,2
B005L4YWOU,5.0,2
B005L4WVX4,4.5,2
B00AECO672,5.0,2
B005L4JR9A,5.0,2
B00AECO00U,5.0,2
B005KUHGJ8,4.5,2
B005KW69TY,5.0,2
B000927M64,4.5,2
B000926XE6,4.5,2
B00AEB9DXK,5.0,2
B005KY5JJS,5.0,2
B005KYLKYQ,4.5,2
B000923FO2,4.0,2
B005KYRCVQ,5.0,2
B00AE9YBUC,4.5,2
B00AE99FS0,5.0,2
B00AE9944A,5.0,2
B00AE94T2M,4.0,2
B005L18AVO,4.5,2
B005L2IJ6O,4.5,2
B000923E0M,4.0,2
B000922XYU,4.0,2
B005L40LCW,4.5,2
B00AE90TK8,4.5,2
B005J0QOBA,5.0,2
B0009JRF8C,5.0,2
B005HGWIDE,5.0,2
B00AH5I30M,4.5,2
B005HIAKFU,4.0,2
B0009JMCQC,5.0,2
B00IW9TC96,4.5,2
B0009J903A,5.0,2
B005HIWBU2,4.0,2
B00AH4N65U,4.5,2
B00AH46LMA,5.0,2
B0009ION7E,5.0,2
B005HJHP3E,4.5,2
B005HJL2Z6,4.0,2
B0009ION6U,5.0,2
B005HJLGQQ,4.0,2
B005HLQVKA,5.0,2
B005HMUWWC,4.5,2
B005HGB18C,4.5,2
B00AH5RQQ4,5.0,2
B005HG5YUS,5.0,2
B005HAV46C,4.0,2
B00AHFZS3M,4.0,2
B00AHFTFSG,4.5,2
B005HB5AJI,5.0,2
B005HB5P2U,5.0,2
B00AHFGYUI,4.0,2
B00IVY9LCK,4.0,2
B005HBF2A0,4.5,2
B00AHEPD5G,5.0,2
B00AHEHZR0,5.0,2
B005HBF2LY,4.5,2
B005HEF1CG,4.5,2
B005HEFFWM,4.5,2
B005HEQHN8,5.0,2
B00IW2QNMC,5.0,2
B005HF1160,4.5,2
B005HNX99E,4.5,2
B005HWENOU,5.0,2
B005HXHA26,4.0,2
B005HXRNXM,4.5,2
B00AGP174M,5.0,2
B00AGOUPZU,5.0,2
B00AGORC56,4.5,2
B005HZ0576,4.0,2
B005HZB804,5.0,2
B00IWLWQYW,5.0,2
B005HZNFYG,5.0,2
B005I032Q6,4.0,2
B005I035TK,4.5,2
B00AGO7BGG,5.0,2
B00AGNXPAS,5.0,2
B00AGNQ5BY,5.0,2
B005I0AXZO,4.0,2
B0009I4JXW,5.0,2
B005HWHVE4,5.0,2
B005HO0AR2,5.0,2
B005HV024G,5.0,2
B005HPJFDQ,5.0,2
B005HQUIHC,5.0,2
B005HR0EWU,5.0,2
B00AGY0J7Y,4.5,2
B005HSBJSM,5.0,2
B005HSRWBU,5.0,2
B00AGVCESO,4.5,2
B00AGUI6DM,5.0,2
B005HT2TY4,5.0,2
B00AGUCQE2,4.5,2
B005HT3PAQ,4.5,2
B00AGSB8W0,4.5,2
B0009I4LKS,5.0,2
B00AGRV4DO,5.0,2
B00AGRTV2A,5.0,2
B005HUV2X2,4.5,2
B005HAPANA,5.0,2
B005I0K83G,5.0,2
B00AHXCE8Q,5.0,2
B005GVFPY4,4.5,2
B00AI13R3I,4.5,2
B00AI12A2C,5.0,2
B00AHZUX0K,4.0,2
B00AHXYRG8,4.5,2
B00AHXE95M,5.0,2
B00AHWTT3A,4.0,2
B0009KN8HI,5.0,2
B00AHWE9OY,5.0,2
B005GX0XIU,4.5,2
B005GX1N3O,5.0,2
B0009ML9FY,4.5,2
B005GXQN7A,4.5,2
B005GYFE9W,5.0,2
B005GYKZ1O,5.0,2
B005GUA3TM,5.0,2
B005GTWKPI,5.0,2
B005GQTBOO,5.0,2
B00AIAR3R0,5.0,2
B005GQTJGE,5.0,2
B005GQTKL8,5.0,2
B005GR3GRG,4.0,2
B005GR3PL8,5.0,2
B005GRCWVM,5.0,2
B00AI8VYAE,4.5,2
B005GRH65E,5.0,2
B00AI7B9VE,5.0,2
B005GSG2EY,5.0,2
B005GTSVA6,5.0,2
B005GTSVN8,4.0,2
B005GTUE38,5.0,2
B005GTV3XS,4.5,2
B00AI2WQ3E,5.0,2
B00AI2EJYS,4.5,2
B005GTWC0G,5.0,2
B00AHU5Y7M,5.0,2
B005H7QM2G,5.0,2
B005H7TKHU,5.0,2
B00AHJGEDQ,4.5,2
B00AHJAO3M,5.0,2
B005H8D0AM,5.0,2
B005H8L1HQ,4.0,2
B005H8L59K,5.0,2
B005H93NDU,5.0,2
B005H93XKS,5.0,2
B00AHHE9Z8,4.0,2
B005H99V7C,5.0,2
B0009KN8PU,4.5,2
B005HA929S,4.5,2
B005HA9EJG,5.0,2
B005HA9EQ4,5.0,2
B005HA9EZ0,5.0,2
B00AHGXYY6,4.0,2
B005HA9FEU,5.0,2
B005H1OTEK,4.0,2
B005H2FWQS,5.0,2
B00AHPTVQW,5.0,2
B005H3HUSK,4.5,2
B00AHOQT7M,4.0,2
B005H3LL8U,5.0,2
B00AHNBUA4,5.0,2
B005H3RXG4,5.0,2
B00IVNQ40I,4.5,2
B005H3Z4D8,5.0,2
B0009MGQFW,5.0,2
B005H43IGM,4.5,2
B005H46O7M,5.0,2
B005H4FO6O,5.0,2
B005H4H36S,5.0,2
B005H526MS,4.0,2
B00AHKVAN4,4.0,2
B005H5HJFM,4.0,2
B00AHJPRR0,5.0,2
B005H5JKVS,4.5,2
B005H5JW6G,5.0,2
B0009MCXEU,5.0,2
B00IWP3K0W,4.5,2
B005I1AURE,5.0,2
B00AFUDNGI,4.5,2
B005IQ30P8,5.0,2
B005IQ360M,5.0,2
B005IQ3TCC,5.0,2
B00AFV4GPO,5.0,2
B005IQ4USE,5.0,2
B005IQ4Y44,4.5,2
B005IQ5NOO,5.0,2
B00AFV4DQQ,5.0,2
B00AFUWPLC,5.0,2
B005IQOJ2G,5.0,2
B005IMHBMU,4.5,2
B00AFUCHG0,4.5,2
B005IR942U,5.0,2
B005IRN8JU,5.0,2
B005IRNDSG,4.5,2
B005IROSQ2,5.0,2
B00AFWZX64,5.0,2
B005IQ2KMW,5.0,2
B005IQ2ICO,5.0,2
B005IQ2BNA,5.0,2
B0009F3OFO,4.5,2
B00AFYB10O,5.0,2
B005IMHEAO,5.0,2
B005IMHEI6,5.0,2
B0009F3ODQ,5.0,2
B0009F3OBS,5.0,2
B0009F3OBI,4.5,2
B0009F3OB8,5.0,2
B005IPHNJI,5.0,2
B00AFY72IE,5.0,2
B005IQ1U6O,5.0,2
B00AFX1UL0,4.5,2
B00AFX1TZ2,5.0,2
B00AFX1SX0,4.0,2
B005IRYBPA,5.0,2
B005ITAVCA,5.0,2
B00AFRONSS,5.0,2
B00AFL1PEE,5.0,2
B005IVZ3IU,5.0,2
B005IVZ44S,5.0,2
B005IVZ45C,5.0,2
B005IVZG0A,5.0,2
B00AFK5C0S,5.0,2
B005IW7DU0,4.0,2
B005IW7KFI,4.5,2
B005IXMWVO,4.0,2
B005IXSZSI,5.0,2
B00AFJ1VE0,5.0,2
B00AFIXHPW,4.5,2
B005IY8LL8,5.0,2
B0009EW1CC,5.0,2
B0009ETYPO,4.5,2
B005IYX4EC,4.5,2
B0009ET9R2,4.5,2
B00IXDBJ1K,5.0,2
B00AFIT43G,4.5,2
B00AFIOPEE,4.0,2
B00AFKQ50E,5.0,2
B005IVZ1UA,5.0,2
B0009F2AFY,5.0,2
B00IXAGQB6,5.0,2
B005IUGNN0,5.0,2
B0009EXPEK,5.0,2
B005IUGPWO,5.0,2
B005IUGPY2,5.0,2
B005IUGSHQ,4.5,2
B00AFP6O82,4.5,2
B00AFP6DVK,5.0,2
B00AFP6D8I,4.0,2
B005IUGVFA,5.0,2
B005IUGWBI,4.5,2
B005IUGYIO,4.5,2
B00AFOLI6Q,5.0,2
B005IUH0PA,5.0,2
B005IUH28K,4.5,2
B005IUH294,5.0,2
B00AFNZ1HE,5.0,2
B005IUH460,4.0,2
B005IUH7KS,4.5,2
B00AFMSC6M,5.0,2
B00AFLO9GA,5.0,2
B0009EXO1E,4.5,2
B005IMHC6U,5.0,2
B00AGN7ARW,5.0,2
B00AGDYI72,4.0,2
B005IASKVI,4.0,2
B005IAYTFY,5.0,2
B00AGGYZS6,5.0,2
B00AGFUSU6,5.0,2
B005IAZJVM,5.0,2
B005IAZNOK,5.0,2
B005IBNA30,5.0,2
B005IMHAWG,4.0,2
B005IC5P82,5.0,2
B00AG9YE98,5.0,2
B005ID7HT6,4.5,2
B0009HGF4E,4.0,2
B005IDWTVC,5.0,2
B005I9YYIC,4.5,2
B005I7NX3Q,4.5,2
B005I7MDB4,4.5,2
B005I1XN5K,4.5,2
B00AGN4CYQ,4.5,2
B00IWP8UZW,5.0,2
B005I4Q9TO,4.0,2
B005I4QMV4,4.0,2
B0009HLBI4,4.5,2
B005I4QUWA,4.5,2
B005I4R8TE,5.0,2
B005I4R91Q,5.0,2
B005I4W8S0,5.0,2
B00AGLP8UK,5.0,2
B005I5HX8Y,5.0,2
B005I5J7CY,5.0,2
B005I64RZA,4.0,2
B00IWTTIOK,4.0,2
B005I6CGEY,4.5,2
B005I6K7XG,4.5,2
B00IX1COPC,4.0,2
B005IE85E6,5.0,2
B0009FCGEO,5.0,2
B00AFZJ1UA,5.0,2
B005IIAJG4,4.5,2
B0009F3SMS,5.0,2
B00AFZ9OKW,5.0,2
B0009F3RJM,5.0,2
B00AFZ96ZA,5.0,2
B005IKGDYO,5.0,2
B00AFZ96PK,5.0,2
B005IKKT26,4.5,2
B005IKV1MI,5.0,2
B00AFZ91QE,5.0,2
B005IL1FGY,5.0,2
B0009F3RE2,5.0,2
B00IX7Y4HW,4.5,2
B005IHBYLO,4.5,2
B005IE8KZ0,5.0,2
B0009G8UAC,5.0,2
B0009HBMZ6,4.0,2
B00AG4KI6Q,5.0,2
B00AG4JUEC,4.5,2
B00AG4GVMQ,4.0,2
B005IEJTC8,5.0,2
B005IEK3SC,4.5,2
B00AG459N8,4.0,2
B005IEKEH2,5.0,2
B005IEKMJW,5.0,2
B005IF6S1W,5.0,2
B00AG3XGWU,4.0,2
B005IG70VS,5.0,2
B005IG7RMK,4.5,2
B00AG37LM6,4.5,2
B00AG2NTDW,5.0,2
B005IGVPY6,5.0,2
B005IH0T2E,5.0,2
B005IH2UT4,4.5,2
B00AG27T42,4.0,2
B0009GCQXE,4.5,2
B005C4EUF0,5.0,2
B00AO268Q4,4.0,2
B000B9J3X0,5.0,2
B00537XFCA,4.5,2
B000B9L63A,5.0,2
B00538H66U,5.0,2
B00AV28AIQ,4.0,2
B00538NV96,5.0,2
B00538SSLM,5.0,2
B005397T48,5.0,2
B00AV283TC,5.0,2
B00AV27JAG,4.5,2
B0053DAL76,4.0,2
B00539RKUG,4.0,2
B00AV1Q1VK,4.5,2
B00AUZJXT4,5.0,2
B00AUZ1W8O,5.0,2
B00AUYWLYY,5.0,2
B0053CMNY6,5.0,2
B0053CTDQW,4.5,2
B0053CY77W,4.0,2
B0053D05P4,5.0,2
B0053D1FQC,4.0,2
B00AUW58N2,4.5,2
B00537FJE2,4.5,2
B00537AFQY,5.0,2
B000B9LL08,5.0,2
B0052Z972U,5.0,2
B00AVL8HQW,4.5,2
B00AVGZLH0,5.0,2
B0052ZKHME,5.0,2
B000B9NA8E,4.5,2
B0052ZPB2A,5.0,2
B00AVB78T4,4.5,2
B0053077WG,4.5,2
B00AVA6MI8,5.0,2
B005308Z90,4.5,2
B00AV97SK0,5.0,2
B00531SPI0,5.0,2
B00IO80K7I,5.0,2
B000B9N0PM,5.0,2
B00AV2ENIC,5.0,2
B000B9J3IK,5.0,2
B0055DV038,4.0,2
B00AUGU8O2,5.0,2
B0053OTNOW,4.5,2
B0053P2K3W,5.0,2
B0053PHMVW,4.5,2
B0053PIH0W,5.0,2
B0053PJ5V2,5.0,2
B0053PJ9R2,5.0,2
B0053PJB0C,4.5,2
B0053QO6EM,5.0,2
B0053QQ6A4,5.0,2
B00AUHMHZY,5.0,2
B00AUG7AKC,5.0,2
B0053SK1OY,5.0,2
B0053SRATI,5.0,2
B00IOJ4I5W,5.0,2
B0053T5Y8G,5.0,2
B00AUDZ4XK,5.0,2
B000B86LY0,4.5,2
B0053U0L4M,4.0,2
B0053NUA0O,5.0,2
B0053MY952,4.0,2
B0053DJQ2C,5.0,2
B0053DQ986,4.0,2
B000B9HQRA,5.0,2
B0053DZ13K,4.5,2
B00AUTKDGW,5.0,2
B0053F63Z8,5.0,2
B000B8YYP8,4.5,2
B00AUO1T6K,5.0,2
B0053GNBWA,5.0,2
B0053GQOFG,5.0,2
B00AUN7KFA,4.0,2
B0053HI692,4.0,2
B0053HU9Y2,5.0,2
B0053HWE6I,4.0,2
B00AUM4482,4.5,2
B00AUL86Q4,5.0,2
B00AUL1CSI,5.0,2
B000B8WXZG,4.5,2
B0052Z949G,4.5,2
B0052Z8DRA,5.0,2
B0052Z8BZY,4.5,2
B0052P0G3O,5.0,2
B0052OHA3O,4.0,2
B000BAU6IK,5.0,2
B0052OMV9C,4.0,2
B000BATI3E,5.0,2
B00INZ4LNQ,5.0,2
B000BARTRQ,5.0,2
B0052OT5D2,4.5,2
B000BARPUW,5.0,2
B00INZ5YKU,5.0,2
B00AVW97WE,5.0,2
B0052P0GJS,5.0,2
B00IO6JJ72,4.5,2
B00AVW5R3C,5.0,2
B00IO29AK2,5.0,2
B00IO2LUGY,4.0,2
B0052P235S,5.0,2
B0052P23JO,4.5,2
B0052P23MQ,5.0,2
B000B9UUFA,4.5,2
B0052P7BUA,5.0,2
B0052ODD4E,5.0,2
B0052OA3MO,4.0,2
B0052FUBES,5.0,2
B000BB83D4,5.0,2
B0052GRNRU,5.0,2
B0052HFQK0,4.0,2
B00AVXOJMQ,4.5,2
B000BB78H6,5.0,2
B0052JMPKC,4.0,2
B0052JMZ9S,5.0,2
B0052JN5HY,4.5,2
B0052JN5KQ,4.0,2
B0052KAXZ0,5.0,2
B0052KB3P4,4.0,2
B0052KZX00,5.0,2
B0052MFW0E,5.0,2
B0052PLESA,4.5,2
B00AVS1BIQ,4.5,2
B0052V5CVE,5.0,2
B00AVQ1R50,5.0,2
B0052VVDNA,5.0,2
B000B9PB18,4.5,2
B000B9P4PQ,5.0,2
B0052XPI84,4.5,2
B0052XUU6O,5.0,2
B0052XVKPO,4.5,2
B0052XXC2I,4.0,2
B0052XXS36,5.0,2
B0052YEKA0,4.5,2
B0052YEVF4,5.0,2
B0052YGTXG,4.5,2
B00AVOURGW,5.0,2
B0052YQGQQ,4.0,2
B00AVOJEA2,4.0,2
B000B9NXEA,4.5,2
B000B9NXCC,4.5,2
B0052Z86ZO,4.5,2
B00AVQ9VM6,4.5,2
B000B9SP2A,5.0,2
B0052UR6MS,5.0,2
B00AVUDXZ8,5.0,2
B0052QH7EE,5.0,2
B0052QVALA,5.0,2
B0052QW8FW,4.0,2
B0052RNR1K,5.0,2
B0052S9PUG,5.0,2
B00IO3L82Y,5.0,2
B0052TRUJI,4.5,2
B00AVSR0ZE,5.0,2
B0052TVF76,5.0,2
B0052U4LYO,5.0,2
B0052U5JKO,5.0,2
B0052UO22U,5.0,2
B0053V5HUE,4.5,2
B00AUBL2U6,4.5,2
B0053XBGC0,4.5,2
B0054Y2U0U,4.5,2
B0054Y34FA,5.0,2
B0054Y36U8,4.5,2
B0054Y38P6,4.5,2
B0054Y39Q4,5.0,2
B0054Y39QO,5.0,2
B00ATPZPCO,4.0,2
B0054Y3EPK,4.0,2
B00IOY5FGI,5.0,2
B00ATPOKAM,4.0,2
B000B5JMI0,5.0,2
B000B5RCLE,5.0,2
B0054Y3VUS,5.0,2
B0054Y3WES,5.0,2
B000B58HWW,5.0,2
B0054Y5GK6,4.0,2
B000B45M2G,4.0,2
B00ATMS2B8,4.0,2
B000B43K2A,5.0,2
B0054YSRH0,5.0,2
B00ATMQXAU,5.0,2
B0054ZMJDC,5.0,2
B0054ZSIXC,5.0,2
B0054Y2Q36,4.5,2
B0054Y2MTE,4.0,2
B0054Y2J42,5.0,2
B0054Y0UWA,4.0,2
B0054Y12BS,4.0,2
B0054Y13GW,5.0,2
B00ATTG7FY,5.0,2
B00ATT87WU,5.0,2
B0054Y1AJC,5.0,2
B0054Y1DZS,5.0,2
B0054Y1HNQ,5.0,2
B0054Y1IVM,5.0,2
B00ATRYJ42,5.0,2
B0054Y1O9I,4.5,2
B0054Y1UY2,5.0,2
B00ATRJ6R2,4.0,2
B00ATRF5YA,5.0,2
B0054Y20GE,4.0,2
B00ATRDWCC,5.0,2
B00ATRBZDU,5.0,2
B0054Y25CS,5.0,2
B0054Y28ES,5.0,2
B000B5P5QS,5.0,2
B0054Y2EY2,5.0,2
B00ATR82UY,5.0,2
B0054ZSZTE,4.0,2
B00550UX52,5.0,2
B00557N2VC,5.0,2
B00557S4SS,4.5,2
B0055824II,4.5,2
B00IP41URU,5.0,2
B0055ALB7G,5.0,2
B0055AP5JG,4.5,2
B0055APB7C,4.0,2
B00IP671BW,5.0,2
B000AY2JRS,5.0,2
B00ATELEIY,5.0,2
B0055BYQX6,4.0,2
B00ATDW3FS,4.0,2
B0055CQ17O,4.5,2
B000AXTJXG,5.0,2
B000AXQ5QA,5.0,2
B0055DR244,4.0,2
B00557RBXW,4.0,2
B00557LYNK,4.5,2
B000B43JK8,5.0,2
B00ATGOLOQ,4.0,2
B0055189P2,5.0,2
B00ATLVNIS,5.0,2
B00551BAAI,5.0,2
B005520H92,4.0,2
B000B3ZC72,5.0,2
B00552ABIE,5.0,2
B00ATJG0CE,5.0,2
B005534KSK,4.5,2
B00ATJ38B0,4.5,2
B005535IJU,5.0,2
B00555P8AC,4.0,2
B00IP1AC9A,5.0,2
B00555RBRU,5.0,2
B00ATH9JEW,5.0,2
B00555T6TQ,5.0,2
B00ATH9HMQ,4.5,2
B00556U3JW,5.0,2
B00556U4AA,4.5,2
B005573JEC,5.0,2
B0054Y0RU0,5.0,2
B0054Y0P52,5.0,2
B00AUBEZNW,5.0,2
B00546F1OK,5.0,2
B000B6MY3O,5.0,2
B00AU7YRWA,5.0,2
B00AU7V1JW,5.0,2
B00547EG5Y,5.0,2
B000B6JYAK,5.0,2
B00IOS89HG,4.5,2
B000B6H0XS,5.0,2
B00548AOB8,4.5,2
B000B6DXEI,5.0,2
B00ATTLWI6,5.0,2
B0054EU1CE,5.0,2
B0054FEDZE,4.0,2
B00AU40SCQ,4.5,2
B000B67BXW,4.5,2
B00IOTI4NE,5.0,2
B0054GYN30,5.0,2
B005461EZU,5.0,2
B00AU83GLC,5.0,2
B0053XJ7R6,5.0,2
B00AUBDHCM,5.0,2
B000B7RHJE,4.5,2
B0053YRL1Y,5.0,2
B00AUAWWEW,4.5,2
B0053YWX30,5.0,2
B00AUA1VDK,4.5,2
B0053Z6UV0,4.5,2
B000B7MYOM,5.0,2
B000B7G0RO,5.0,2
B00544LXDU,4.0,2
B000B7E8IW,5.0,2
B00IOPO5RW,5.0,2
B0054529OQ,4.0,2
B00IOPYH5C,4.0,2
B0054589ZY,4.5,2
B0054HEOLA,5.0,2
B0054HKIB0,4.0,2
B0054HLTBI,4.0,2
B0054R9ABO,5.0,2
B0054R9P6Y,5.0,2
B0054RBOWC,5.0,2
B0054RGQO8,4.5,2
B0054RQT72,5.0,2
B0054RUOPA,4.5,2
B0054S41M6,5.0,2
B000B60J4K,5.0,2
B0054SCF3S,5.0,2
B0054SCH2W,5.0,2
B00IOWCVWQ,4.5,2
B0054TL91Q,4.5,2
B0054TQR6S,5.0,2
B0054VKX8O,4.5,2
B00ATUK3X0,4.0,2
B000B5S5HO,4.5,2
B0054Y0MZK,5.0,2
B000B6211Y,4.5,2
B00IOW08M6,5.0,2
B0054HMS0E,5.0,2
B0054ILSX6,5.0,2
B0054JYGSO,5.0,2
B0054JZ1QA,5.0,2
B00AU10UAE,4.5,2
B00AU0IYF8,4.5,2
B0054KHRWA,5.0,2
B0054KHS6K,5.0,2
B00IOVOCM4,5.0,2
B0054KLZ2S,5.0,2
B00ATZAV46,4.0,2
B00ATZAPYC,5.0,2
B000B65C6A,5.0,2
B0054LISGS,4.5,2
B0054LNF5M,4.0,2
B000B65AOO,5.0,2
B000B647X4,4.0,2
B000B6478O,5.0,2
B0054NU73I,5.0,2
B00ATWI8MQ,5.0,2
B0052FTSD8,5.0,2
B0052F9U68,5.0,2
B0050ZDIQS,5.0,2
B0050WKYW2,4.5,2
B0050WM0AQ,4.5,2
B00IMTPZ5Q,4.0,2
B0050WSWIK,5.0,2
B00AXKD7JS,4.5,2
B0050X0RO6,5.0,2
B0050X3H9I,5.0,2
B0050XFHWS,4.5,2
B0050YSK2Q,5.0,2
B0050ZIDTA,5.0,2
B0050ZINCW,5.0,2
B00AXGY3S6,5.0,2
B0050ZIX5E,4.0,2
B0050ZJ3B2,5.0,2
B00AXEUYU4,5.0,2
B0050VSRPE,5.0,2
B00IMQFMOS,4.0,2
B0050PTWPE,5.0,2
B000BKYQ6I,5.0,2
B0050Q3YKW,4.0,2
B00IMRS9TW,5.0,2
B000BKVIL4,5.0,2
B000BKVIJ6,4.5,2
B000BKVIH8,5.0,2
B00IMSYLC0,5.0,2
B00AXLC644,4.5,2
B000BKTBAY,4.0,2
B0050QM1HO,4.0,2
B00AXL7M98,4.5,2
B0050QR26O,4.5,2
B0050RS7M6,4.5,2
B0050RUUZ8,4.0,2
B0050UOTQ6,4.0,2
B00510HMUU,4.0,2
B00510IVX2,4.0,2
B00510J6KY,5.0,2
B00AX7IZW0,5.0,2
B00AX6W39W,4.5,2
B00514XWNM,5.0,2
B005152QBK,5.0,2
B00AX5X89M,4.0,2
B005156CCO,5.0,2
B00515GRVA,4.5,2
B00515GS4G,4.5,2
B00515GS6O,5.0,2
B00515WHUA,5.0,2
B00515ZVKI,5.0,2
B00516LIO0,5.0,2
B00AX5L2T0,4.0,2
B00AX3SK60,5.0,2
B00AX3NNJO,5.0,2
B0051876LC,4.0,2
B0051877LQ,4.5,2
B00518IQ48,4.5,2
B00518M4NM,4.5,2
B00514F5KK,5.0,2
B00AXCEMTA,4.5,2
B00AX88E0C,5.0,2
B00AXCC4LI,5.0,2
B00AXCB752,4.5,2
B00AXBW4HS,5.0,2
B00AXBQNIY,5.0,2
B0051231N0,5.0,2
B00512DTDM,5.0,2
B000BIVY0Q,5.0,2
B00513EFPC,5.0,2
B00IMZXAC0,5.0,2
B00513IEU4,4.5,2
B00513IOFY,4.5,2
B00AX9BJPS,4.5,2
B00513JHJQ,5.0,2
B00AX8HATS,5.0,2
B000BIUGWS,5.0,2
B00AX8GFMG,5.0,2
B00513Z9MK,5.0,2
B00IN3YFN4,4.0,2
B00AX8EQZY,5.0,2
B00AX8EB22,4.5,2
B00514EEGG,5.0,2
B000BKYQBS,5.0,2
B00AXMSRU0,5.0,2
B00518M59K,5.0,2
B0050CP7PQ,4.5,2
B000BM6V6O,4.0,2
B00IMBVWBK,5.0,2
B0050BSKUG,5.0,2
B00AXZEQM0,5.0,2
B0050C5VVQ,5.0,2
B0050C6BLA,4.5,2
B0050CESQK,5.0,2
B00AXMSX7M,5.0,2
B0050CWQSM,5.0,2
B0050D3IBA,5.0,2
B0050D3S9C,4.5,2
B0050D82ZC,4.0,2
B0050DF4OY,4.0,2
B00AXWJ9YS,5.0,2
B0050DLQ9G,5.0,2
B00AXW2MTW,5.0,2
B0050DN0C2,4.5,2
B0050AGEXC,5.0,2
B00502OXTM,4.0,2
B0050316AA,5.0,2
B00503ZTJO,5.0,2
B000BNVDKM,4.0,2
B00504XOK4,4.0,2
B000BNTEEO,5.0,2
B000BNRKQI,5.0,2
B00506S7NQ,5.0,2
B00506SHVI,4.5,2
B00506UBEY,4.5,2
B000BNQ4II,4.5,2
B000BNKXQC,5.0,2
B00AY0JW4G,4.5,2
B00507FD1Y,5.0,2
B00507UDB4,5.0,2
B00507VOPS,5.0,2
B00AY0BTTW,4.5,2
B0050EADPI,5.0,2
B0050FDRQ4,5.0,2
B0050KMP08,5.0,2
B0050KSYEY,5.0,2
B00AXQNU4Y,4.0,2
B00AXP8X74,4.5,2
B0050M7J7K,5.0,2
B000BL27FE,4.0,2
B000BL1H8M,5.0,2
B000BL11O2,4.0,2
B00AXP1J5C,5.0,2
B000BL0L9S,5.0,2
B0050NE8BY,5.0,2
B0050NF0E8,5.0,2
B00AXOLULG,5.0,2
B0050O3260,5.0,2
B00AXNX31M,5.0,2
B00IMMSTDI,4.5,2
B0050OE84A,4.5,2
B00AXNPYTG,5.0,2
B0050OM3RY,5.0,2
B000BKZ1X0,5.0,2
B00AXNA7RU,4.5,2
B0050KFKGO,4.5,2
B0050JP1HS,5.0,2
B0050G2N36,4.0,2
B0050I2Q7C,4.5,2
B000BL6VDI,5.0,2
B0050I5F34,5.0,2
B0050ID7FM,5.0,2
B000BL6VCY,5.0,2
B00IMFYLXW,5.0,2
B0050IJRM4,4.5,2
B0050IK1YC,4.0,2
B0050IK3YK,4.5,2
B0050IKIO0,4.0,2
B00AXS80EW,5.0,2
B0050JE9RG,4.5,2
B0050JH3MO,5.0,2
B000BL3HIU,4.0,2
B0050JKTKW,5.0,2
B00AX37H2I,4.0,2
B00518M6S0,5.0,2
B00520BICC,5.0,2
B00AWD0OOC,5.0,2
B00520G2R8,5.0,2
B00520G4YY,5.0,2
B00520IVEU,4.5,2
B00AWCJHKA,4.5,2
B00521HIAC,5.0,2
B00INH4YJU,5.0,2
B00522F5YM,4.0,2
B00AWB668M,5.0,2
B00522PEOI,5.0,2
B00522PF60,4.5,2
B00INHKE6M,4.5,2
B005235G90,5.0,2
B005235GI6,5.0,2
B000BDDLQQ,4.0,2
B00520AVC0,4.5,2
B005208T7E,4.5,2
B005208ECO,4.5,2
B0051UTNRK,4.0,2
B00AWGZ9DA,4.0,2
B0051VV4VW,5.0,2
B0051W7NVG,4.5,2
B0051WA5QG,5.0,2
B00AWEMKF2,4.5,2
B0051WUBCY,5.0,2
B0051WUIZE,4.5,2
B0051XZBK0,5.0,2
B0051YHP9E,4.5,2
B000BDJEZI,4.0,2
B000BDH5PY,4.0,2
B0052089LA,4.0,2
B005237NA0,4.5,2
B00INI5N9Y,5.0,2
B005237OTU,4.5,2
B000BCDIB0,4.0,2
B00AW1BGDW,4.0,2
B00AW1AA8O,5.0,2
B00529GQ5C,5.0,2
B0052ADKO6,4.5,2
B0052BDRCK,4.0,2
B0052BDRQ6,5.0,2
B00AW0I25I,4.5,2
B00AW051WK,4.0,2
B00AVZPZJK,5.0,2
B0052D9IOO,5.0,2
B0052ECMQO,5.0,2
B0052ECY4Y,4.5,2
B0052EDYZM,5.0,2
B0052EE1YA,5.0,2
B0052EEKZ0,4.5,2
B0052EFZ68,4.5,2
B0052EM7LY,5.0,2
B00AW1BQ1E,4.5,2
B00AW7HI9W,4.0,2
B00528IQEM,4.0,2
B005239OWA,5.0,2
B00525YMZW,5.0,2
B0052608KY,4.5,2
B00AW4MKXE,5.0,2
B005260GAQ,5.0,2
B005260QZG,5.0,2
B00526QT7A,4.5,2
B000BCGWZE,5.0,2
B00527CBLM,4.5,2
B00527L08C,4.0,2
B00527N3E6,5.0,2
B00AW27WO8,5.0,2
B00AW1H0EQ,5.0,2
B00AWHNUGM,4.0,2
B000BF5TE6,5.0,2
B00518N06M,5.0,2
B0051D163G,5.0,2
B00AX0692A,4.0,2
B0051BV6B0,5.0,2
B0051C0ZDO,4.0,2
B0051C0ZRK,5.0,2
B0051CBB8W,5.0,2
B00AWYCJ8K,5.0,2
B0051CRWKS,4.5,2
B000BI3M60,4.5,2
B00AWK09V8,4.0,2
B00AWX0ZBE,5.0,2
B000BI2PWW,4.0,2
B0051GA530,5.0,2
B0051HAT6C,5.0,2
B00AWSNDYK,4.0,2
B0051B9FAE,4.5,2
B00AX0HJ7E,5.0,2
B00AX0JG8Y,5.0,2
B00518N11Q,5.0,2
B00AX31F8K,5.0,2
B00518N16Q,5.0,2
B00518N1AM,4.5,2
B00518N1BQ,5.0,2
B000BIPMVI,5.0,2
B00AX2TLUK,4.0,2
B00518N4Q8,4.5,2
B00518N4V8,4.0,2
B00518N59E,5.0,2
B00AX2R72E,5.0,2
B00518N9GS,5.0,2
B00518N9Z4,5.0,2
B000BIPIP8,4.0,2
B00519LUVS,5.0,2
B00AX2B9KA,4.0,2
B0051ABL6G,5.0,2
B00AX0KHQ4,4.5,2
B0051B2CKE,4.5,2
B000BGPGB6,4.5,2
B0051PP82Y,4.5,2
B000BGNBHW,5.0,2
B0051Q7SBM,5.0,2
B0051Q84Q0,4.0,2
B0051QGE08,5.0,2
B0051QH2EA,5.0,2
B000BGMZ6U,5.0,2
B0051SP7H2,4.0,2
B0051T0BC2,5.0,2
B0051TPSIY,4.0,2
B0051TYSLW,4.5,2
B00AWK0VEI,5.0,2
B0051U562Q,4.5,2
B0051HKLF6,4.0,2
B0051HUTD0,4.5,2
B0051I4BYW,5.0,2
B0051I6QRM,5.0,2
B0051IG0M8,4.0,2
B00AWR9LAQ,5.0,2
B0051M46KM,4.5,2
B000BGUROM,5.0,2
B000BGUB9S,4.5,2
B0051OL2FW,4.0,2
B0051OXKJS,5.0,2
B00AWPBLBA,5.0,2
B00AWO1GHU,5.0,2
B00AWNRIDC,4.5,2
B0051PI894,4.5,2
B0055DTCFQ,5.0,2
B00IP8B24W,5.0,2
B00APVZMQQ,4.5,2
B000AAAVQS,5.0,2
B00592POCI,5.0,2
B005933C12,4.5,2
B00APW2PPG,5.0,2
B00593FODQ,5.0,2
B00APW067A,5.0,2
B0059450FW,5.0,2
B00594TJU4,5.0,2
B000AA9HPY,4.5,2
B00IR574YA,5.0,2
B00595ETEO,5.0,2
B00595FZYM,5.0,2
B00596PMFS,5.0,2
B000AA9HJ0,4.0,2
B00APT323S,4.5,2
B00591G82O,4.5,2
B00AQ0LDKA,4.0,2
B0058UPOQ2,5.0,2
B0058VBQZE,5.0,2
B0058VD7EC,5.0,2
B0058VH036,4.5,2
B0058VUHRC,5.0,2
B000AAAWYE,5.0,2
B00AQ2DMZW,4.0,2
B000AAAWW6,5.0,2
B0058WE8Z8,5.0,2
B00AQ28MUW,4.5,2
B0058WEPJC,5.0,2
B00AQ25NB8,5.0,2
B0058X0H9I,4.0,2
B0058X0IIS,5.0,2
B00AQ21PT2,5.0,2
B0058YJQH6,4.5,2
B0058Z2J88,4.5,2
B00AQ15LJS,5.0,2
B00APNJ0AI,5.0,2
B00APOFJNY,5.0,2
B00APO3API,4.0,2
B0059MN40W,4.0,2
B000A85FP2,5.0,2
B00APO2Z0E,5.0,2
B0059P7AQ8,5.0,2
B00APNXZU4,4.5,2
B0059R0WE8,5.0,2
B00APN5Q0Q,4.0,2
B0059T8IVK,5.0,2
B0059V35HU,5.0,2
B0059V36M4,5.0,2
B00APLOSQG,5.0,2
B0059W5KXG,4.5,2
B0059W5ZSG,4.0,2
B00APOPJO8,4.0,2
B000AA5VF4,4.5,2
B000AA5WFS,4.5,2
B00APSTEKE,5.0,2
B000AA5WFI,5.0,2
B000AA5WDK,4.5,2
B005987BF0,5.0,2
B00APRGK0M,4.5,2
B00598QULQ,5.0,2
B00599CEBU,4.5,2
B00599PMAK,5.0,2
B0059B3GQU,5.0,2
B00APQU06I,4.0,2
B0059DMXS0,5.0,2
B00APPLQFI,4.5,2
B0059HPBO4,4.0,2
B00APPAPZ0,4.0,2
B0059ISLTA,5.0,2
B0059J5SW2,4.0,2
B0059J8CQ6,4.0,2
B0058UHQ2W,5.0,2
B0058FNYSC,4.5,2
B0058FNYT6,5.0,2
B0058FNZ18,4.0,2
B0058FNZOU,4.0,2
B0058FNZPE,5.0,2
B0058FO04E,4.5,2
B0058FO0LW,5.0,2
B000ACR9MK,4.5,2
B0058FPCSC,4.0,2
B0058UD3BK,5.0,2
B000ACLFY8,5.0,2
B0058I1B20,5.0,2
B0058I2L42,4.5,2
B000ACI0QE,4.5,2
B0058IYBIG,5.0,2
B0058J2IBC,4.5,2
B0058J2LYG,5.0,2
B0058K1YL6,5.0,2
B000ACB0DY,4.0,2
B0058FNYS2,4.0,2
B0058FNYQY,5.0,2
B0058FKXOA,5.0,2
B000ACR9OI,4.5,2
B0058EDHQ2,5.0,2
B0058EEJS2,4.5,2
B0058EELD0,5.0,2
B0058EF4TK,5.0,2
B00AQJO4OI,5.0,2
B00AQJ6H84,5.0,2
B0058EFX78,5.0,2
B0058EFXFA,5.0,2
B000AEERHI,4.5,2
B0058EG7FU,4.0,2
B0058EG8QI,5.0,2
B0058EGSI6,4.0,2
B000ADDVCG,5.0,2
B000ADCGYK,5.0,2
B0058FCTA6,4.5,2
B00AQG2MRM,4.5,2
B00AQG245M,4.5,2
B0058K23SY,5.0,2
B0058K2K1E,4.0,2
B0058K2WGM,4.0,2
B00AQ7GGBE,5.0,2
B0058P4WP6,4.5,2
B000AAO3W6,5.0,2
B00AQ74KGW,4.5,2
B0058P68SK,5.0,2
B00AQ6F6DO,5.0,2
B00AQ50W1G,5.0,2
B00AQ5020C,4.5,2
B00IQXTCGQ,4.0,2
B000AADFU2,5.0,2
B0058RD0LG,5.0,2
B00AQ4ZZKU,4.5,2
B000AADFF2,4.5,2
B00AQ4YMN6,4.5,2
B000AADF70,4.0,2
B00AQ4VKR2,5.0,2
B00AQ4JIJ4,5.0,2
B00AQ4G19O,5.0,2
B00AQ4F1GS,5.0,2
B0058SPC6Q,5.0,2
B000AADEQW,4.0,2
B00AQ4C3ZK,5.0,2
B000AADEPI,4.0,2
B00AQ3M7SE,5.0,2
B0058P1420,5.0,2
B000AAQBL2,5.0,2
B00IQT3COI,5.0,2
B0058OUBYI,5.0,2
B0058KGFOM,4.5,2
B00IQVAOP6,5.0,2
B000ABHG0Q,5.0,2
B000ABBJSG,5.0,2
B000ABB22O,4.0,2
B00AQAVXQY,4.5,2
B000AAVYF0,5.0,2
B0058O343I,5.0,2
B000AAVYEG,5.0,2
B00AQ9EKJ2,4.0,2
B0058O3YVK,4.5,2
B0058O7SGC,5.0,2
B0058O84VA,4.5,2
B0058O8WJO,5.0,2
B00AQ8L726,5.0,2
B0058OJG0S,5.0,2
B000AARZDA,5.0,2
B00AQ7VFOC,5.0,2
B0059W9O88,4.0,2
B0059W9OP6,5.0,2
B00APL8NEO,5.0,2
B000A3XH9I,5.0,2
B005BIFRZ4,5.0,2
B005BIRU1I,4.5,2
B005BK6HL0,4.5,2
B000A3XHZM,5.0,2
B00AOMR2AA,5.0,2
B00AOLKRNA,5.0,2
B005BMY7D8,5.0,2
B005AZRK1M,5.0,2
B005BQWTPC,5.0,2
B00IS71NVC,4.0,2
B005BR67X6,5.0,2
B005BRFL0G,4.0,2
B005BRIT4Q,5.0,2
B005BRM26C,5.0,2
B005BT2IIW,4.5,2
B005BI3U62,4.5,2
B00AORK8ZG,5.0,2
B000A3ZMGO,4.5,2
B00AOSEX0Q,5.0,2
B005AZV2Y8,5.0,2
B005AZVV0I,5.0,2
B000A409MK,5.0,2
B00AOZN3CS,4.5,2
B005B0YD02,4.0,2
B000A409DO,5.0,2
B00AOY3HUC,4.5,2
B005B1QDFE,5.0,2
B005B6ELW6,5.0,2
B00AOXB9YY,5.0,2
B005BA32XG,4.5,2
B00AOWHTKI,5.0,2
B000A408IU,5.0,2
B005BAFD1U,5.0,2
B00AOW1HWO,4.5,2
B000A3ZMXW,5.0,2
B00AOSZEE0,5.0,2
B005BT3Q9W,5.0,2
B00AOGK9SS,5.0,2
B005BYSLH4,4.5,2
B005BYV3XS,4.5,2
B000A3V1VO,4.5,2
B005BZ184Q,5.0,2
B005BZ312I,5.0,2
B005BZKKTU,4.5,2
B00AO6ULS6,5.0,2
B005BZLNLY,4.5,2
B005BZLODQ,4.5,2
B000A3TCUQ,4.5,2
B00AO683MC,5.0,2
B00AO5S8AA,5.0,2
B000A3I306,4.5,2
B000A3ENXC,5.0,2
B005C39HJU,5.0,2
B005C39HUY,5.0,2
B00AO36CWS,4.0,2
B005BYOVQO,4.5,2
B005BTTOPM,4.0,2
B005BU5RIE,5.0,2
B005BU5XHE,4.5,2
B00AOBINYK,5.0,2
B005BUJXRK,5.0,2
B00AO9JKEO,4.0,2
B005BVZJDQ,5.0,2
B00AO8D7O4,5.0,2
B005BWA8NQ,5.0,2
B005BWNGBW,5.0,2
B005BWSM8E,4.5,2
B000A3V254,5.0,2
B00AP2ODWO,5.0,2
B0059WANPQ,5.0,2
B005AII11M,5.0,2
B005AA9IKI,5.0,2
B005ABA12G,5.0,2
B005ABAF3Q,5.0,2
B005ABAGR6,5.0,2
B005ABAH70,5.0,2
B000A77EAW,5.0,2
B005AICY2E,5.0,2
B000A76YUS,5.0,2
B005AZNNOK,5.0,2
B005AII94G,4.5,2
B005AIIA8G,5.0,2
B005AILFR4,5.0,2
B005AIQRK4,4.5,2
B000A6TN8E,5.0,2
B000A6PBK8,4.0,2
B00APD110U,4.5,2
B005AK0EPG,4.5,2
B005AKA6IQ,5.0,2
B000A6OSF2,5.0,2
B005AA7XYG,5.0,2
B000A7BACA,4.0,2
B005AA5KNC,5.0,2
B000A7BR7S,5.0,2
B0059WGZXK,4.5,2
B0059WKHM0,5.0,2
B00IR80GEM,5.0,2
B0059WKK90,5.0,2
B0059XR8N0,5.0,2
B0059Z3W92,5.0,2
B00IRBAZHC,5.0,2
B005A1LJO0,5.0,2
B005A1N2ZO,5.0,2
B000A7MGN2,5.0,2
B005A38P0Y,5.0,2
B005A3HZ1Y,5.0,2
B005A4RXLA,5.0,2
B00APJRSQ0,4.5,2
B005A5F4AQ,5.0,2
B00IRD84EQ,5.0,2
B005A6B2JM,5.0,2
B005A800W0,4.0,2
B00IRF7CXS,5.0,2
B005A8ZAM0,5.0,2
B00APGHUXO,5.0,2
B005AKQIBA,4.5,2
B005AKYDEY,5.0,2
B005AVMING,4.5,2
B00IRMEZQ8,4.5,2
B000A5CEF4,5.0,2
B00AP6ZPGI,5.0,2
B005AVVPP8,5.0,2
B00AP6ZAN6,5.0,2
B000A4TQTW,5.0,2
B00AP6ZA8G,5.0,2
B005AXEPG2,5.0,2
B005AXUTYY,5.0,2
B005AYA2AE,5.0,2
B005AYBODI,5.0,2
B00AP6QH9M,5.0,2
B005AYL6OA,5.0,2
B005AZ4YA2,5.0,2
B00IRN6D26,4.5,2
B005AZJA42,4.5,2
B00AP3XTN2,5.0,2
B005AZL20W,4.5,2
B005AV716U,5.0,2
B005AL6ZLC,4.5,2
B005AL77ZU,5.0,2
B005ALRNXG,5.0,2
B005AMGUKW,4.5,2
B005AMHPFG,4.0,2
B005AMHQ64,5.0,2
B005AN3BQM,5.0,2
B005AOOH9Q,5.0,2
B005APTU3S,5.0,2
B005AQ1Z4O,5.0,2
B005AQ1ZXU,4.5,2
B005AQNU24,5.0,2
B005ASPD5E,5.0,2
B005ATB0SW,5.0,2
B00AP89O9K,5.0,2
B00AP877FS,5.0,2
B005AV24L2,5.0,2
B000AEPD80,4.5,2
B00AQKDWR2,4.5,2
B0056AP09A,5.0,2
B0056AE4LK,5.0,2
B00AS5IEBY,5.0,2
B000AQFKAY,5.0,2
B0056AJFRS,5.0,2
B000AQEF7S,5.0,2
B000AQE7L2,4.0,2
B0056AOTG0,4.0,2
B00AS43DXO,5.0,2
B00563VAEG,4.0,2
B000AP51R2,5.0,2
B000AP51KE,4.5,2
B0056BHZ7E,4.5,2
B0056BIOV0,5.0,2
B00AS3MXD6,5.0,2
B00AS30QJ4,5.0,2
B00AS2P95Q,5.0,2
B0056C2IPC,4.0,2
B0056C89RI,4.5,2
B0056CSFEK,4.5,2
B00AS7R9IQ,5.0,2
B0056A45ZK,5.0,2
B00569Z3NO,4.5,2
B00569F3CA,4.0,2
B00564DX04,5.0,2
B00ASDH9OO,4.5,2
B00ASDH7M8,5.0,2
B00564L4YQ,5.0,2
B00564L5T0,5.0,2
B00564L62Q,4.0,2
B00564LASG,5.0,2
B00ASCL02C,4.5,2
B0056529EE,5.0,2
B00ASBHGOO,4.0,2
B005657XV8,5.0,2
B00ASBC70C,5.0,2
B000AQI5QA,5.0,2
B000AQHOZS,5.0,2
B00567PA2U,5.0,2
B00567RXWU,4.0,2
B00AS7SJK8,5.0,2
B005699NMG,4.5,2
B000AOGKA0,5.0,2
B0056CU7DW,4.5,2
B000AOAIIA,4.0,2
B000ANGEO8,5.0,2
B00IPQ4P3E,5.0,2
B0056JIRWI,4.0,2
B000ANCFHS,5.0,2
B00ARQAJWQ,5.0,2
B000ANCFFU,4.5,2
B00IPQ61PE,5.0,2
B000AN89Z0,4.5,2
B0056KY1D6,4.5,2
B0056L23G2,5.0,2
B00ARQ0G56,5.0,2
B0056LP6GQ,4.0,2
B00ARP57EC,5.0,2
B0056LP7C4,4.0,2
B00ARNA1WW,4.0,2
B0056OKO06,5.0,2
B000AMXTVU,4.0,2
B0056OPVLI,5.0,2
B0056OWW5G,5.0,2
B0056P053Q,5.0,2
B000ANEPLM,5.0,2
B0056EGIA6,5.0,2
B00IPPVBNM,5.0,2
B0056GC3FI,4.5,2
B000ANRC12,5.0,2
B000ANRBS6,5.0,2
B000ANPUKM,5.0,2
B0056GQTP8,5.0,2
B00ARZ5SFA,5.0,2
B0056H72KI,4.0,2
B0056H80OK,4.0,2
B0056I1FP0,5.0,2
B0056I1GEU,4.5,2
B0056I1IG6,5.0,2
B0056IC2AC,5.0,2
B000ANNTBO,4.5,2
B0056IEIYU,4.0,2
B000ANNT6Y,4.0,2
B0056IIX32,4.5,2
B0056IJK5W,5.0,2
B0056IO61U,5.0,2
B000ANKXKE,4.5,2
B0056IZS5S,4.5,2
B0056498K8,4.5,2
B00563MACW,5.0,2
B00IPQRE4Q,5.0,2
B0055KOBLY,5.0,2
B0055KOBOG,4.5,2
B0055KOBQ4,4.0,2
B0055KOC18,5.0,2
B00AT9DJ8C,5.0,2
B0055KWK08,5.0,2
B0055LCMK0,5.0,2
B00AT8KUA8,4.5,2
B0055NEO36,4.5,2
B0055NUHU0,4.0,2
B0055O9DFO,4.5,2
B0055OGGL8,4.5,2
B0055OW2SO,4.0,2
B0055OXICI,4.0,2
B0055P3HJQ,5.0,2
B0055PBP3G,4.5,2
B00ATA773E,4.0,2
B0055J9CKA,4.5,2
B00ATDGEY4,5.0,2
B000AUZ5AU,4.5,2
B0055FI16A,5.0,2
B0055FUNKM,5.0,2
B00ATCIZ6U,5.0,2
B000AUX16A,5.0,2
B0055GY3DO,5.0,2
B000AUWZIK,4.0,2
B000AUWZDA,4.5,2
B0055HZLA2,5.0,2
B0055I0GV0,5.0,2
B00ATAS2TC,4.5,2
B0055IQRCC,5.0,2
B0055IR9PQ,4.5,2
B00ATACL8U,5.0,2
B000AS7NZW,5.0,2
B0055PJYUC,5.0,2
B0055VPUJU,4.5,2
B0055WGERQ,5.0,2
B0055WGRCI,4.0,2
B0055WGWSW,4.5,2
B0055WQLJ2,4.5,2
B00IPJXGTA,4.5,2
B0055X84ZK,5.0,2
B000AQOC76,5.0,2
B0055ZQH16,5.0,2
B0055ZRNX2,5.0,2
B00IPJXJWE,4.0,2
B005605ZO0,4.5,2
B00ASJQS9U,5.0,2
B00ASIAHA2,4.0,2
B00ASHUIT8,5.0,2
B00IPJXOP6,5.0,2
B005630CE0,5.0,2
B005632CZM,5.0,2
B00563AXF8,4.5,2
B00563HDZG,5.0,2
B000AQK1LW,5.0,2
B00ASNUHWA,5.0,2
B00ASOLTXK,5.0,2
B0055Q0VL2,5.0,2
B000AQQCOC,5.0,2
B00ASTH8DA,4.5,2
B0055S36YE,5.0,2
B000ARPUZS,4.0,2
B00AST6ZDY,4.5,2
B0055SATDU,5.0,2
B00AST1SYA,5.0,2
B00ASRUS3O,5.0,2
B0055TQHA8,5.0,2
B0055TU2C2,4.5,2
B00ASR8HQO,5.0,2
B0055UAHVM,4.5,2
B00ASR3SS6,4.0,2
B0055UPPFU,4.0,2
B00ASPCA1E,5.0,2
B0056PIB5A,5.0,2
B00ARMJZXO,4.5,2
B00AQKET0Q,4.5,2
B0057URG5A,4.5,2
B0057R0A2Y,5.0,2
B000ALDJY8,4.5,2
B0057RNUU8,4.0,2
B0057SJ18W,5.0,2
B000ALDJWK,5.0,2
B00AQZRA98,5.0,2
B00AQZL22O,4.0,2
B0057URX76,5.0,2
B0057UTQ6M,4.5,2
B0057UVZG6,5.0,2
B0057VGXS0,5.0,2
B0057VH82K,4.5,2
B0057VI2DE,4.5,2
B0057VI39W,4.0,2
B00AQWPZK2,5.0,2
B000AJ3JYA,4.5,2
B0057W0N5I,5.0,2
B00AR28OUE,4.5,2
B0057QV93Y,5.0,2
B0057QV2GS,5.0,2
B00AR88994,4.5,2
B0057OE604,5.0,2
B00AR86BPI,5.0,2
B00AR86B6C,4.0,2
B0057PH0HE,4.5,2
B0057PH9ZW,4.5,2
B0057PJELO,5.0,2
B0057Q2BJA,4.5,2
B000ALDKJ2,5.0,2
B0057QBDDU,5.0,2
B0057QK0PM,4.5,2
B0057QKYGW,4.5,2
B0057QLA9M,4.5,2
B00AR3TULK,5.0,2
B00AR3731E,5.0,2
B00AR2DNMS,4.5,2
B0057WIGFC,4.0,2
B0057WY106,4.0,2
B00588JVQS,4.5,2
B00AQNWZLI,5.0,2
B00AQNQM2Q,4.5,2
B000AFLOVY,5.0,2
B00589YTRI,5.0,2
B00589ZFVC,4.5,2
B00AQMK1RY,4.0,2
B0058ABPL0,5.0,2
B00AQMILEY,4.5,2
B00AQM8KP4,5.0,2
B00AQLSN7U,4.5,2
B000AFKGBI,5.0,2
B00IQLHM9W,4.5,2
B000AFGJNC,4.5,2
B000AFGJMS,5.0,2
B0058DI01U,5.0,2
B00AQL080A,4.0,2
B000AFEYM0,4.5,2
B00588GFAS,4.5,2
B0057X7SNW,5.0,2
B00AQO5VF4,5.0,2
B000AIZ1SS,5.0,2
B0057XJQRS,4.0,2
B000AIQPG0,5.0,2
B00AQUWEI0,5.0,2
B00AQTXF7U,5.0,2
B0057Y9EHE,5.0,2
B0057Z24OI,5.0,2
B0057Z5ESQ,4.0,2
B005802PIW,4.0,2
B00580QF2Y,5.0,2
B000AGKLEE,5.0,2
B00AQQCS2G,4.0,2
B00584LJZI,5.0,2
B000AGKFM2,4.0,2
B005854GM0,5.0,2
B00AQOV8SI,5.0,2
B00586WGDA,5.0,2
B00AQOEBM8,4.5,2
B0057NY3TO,4.0,2
B0057NF654,5.0,2
B000AMVYV2,5.0,2
B0056ZKZZE,5.0,2
B000AMERJ8,5.0,2
B00IPRDSJK,5.0,2
B00IPS825O,5.0,2
B000AMCARY,5.0,2
B00570HUOM,5.0,2
B00ARHA6OQ,4.0,2
B00ARG9U5S,4.5,2
B00AREI5YC,4.0,2
B000AMB05W,5.0,2
B00IPTEVDU,4.0,2
B00571PR5U,5.0,2
B000AM4ZY0,4.5,2
B00572BA78,4.0,2
B00572I0GM,5.0,2
B000AM31AO,5.0,2
B00AREG4QS,4.5,2
B00573OFZG,4.5,2
B00573OIYY,4.5,2
B00573QZ40,5.0,2
B005753L5O,5.0,2
B00575EGQC,5.0,2
B00ARCI34G,4.5,2
B000AMEZGS,5.0,2
B0056ZGNGO,4.0,2
B000AMFQO8,4.5,2
B00ARMFNXK,5.0,2
B0056QF16Q,5.0,2
B00ARMDE5E,5.0,2
B0056RRVV8,5.0,2
B0056SPIS0,4.0,2
B0056SYDCC,4.5,2
B00ARM8FO4,5.0,2
B0056U8GUK,4.5,2
B00ARM219Y,5.0,2
B00ARLPHCS,5.0,2
B00ARLCRUI,4.5,2
B0056WM67M,4.0,2
B00ARKH11E,4.0,2
B00ARJLLVQ,4.5,2
B000AMNR08,5.0,2
B00IPQXD0U,5.0,2
B0056Z291M,5.0,2
B0056Z6ACG,5.0,2
B005769UF8,4.0,2
B005769ULC,4.0,2
B005769URQ,4.5,2
B0057GGG78,4.5,2
B0057GULLA,5.0,2
B0057GUM3W,4.5,2
B00ARBDE3W,4.5,2
B0057HNTR2,5.0,2
B0057HPC40,5.0,2
B00IPZ4076,4.0,2
B0057I4CP4,4.0,2
B00ARB24C4,5.0,2
B0057J1VYI,5.0,2
B00ARAQMEG,4.5,2
B0057JCMGO,5.0,2
B00ARAPTUY,5.0,2
B00ARAPAZI,5.0,2
B0057L5T08,5.0,2
B00ARBO9MC,5.0,2
B00IPXZS88,5.0,2
B00IPZ3BG2,4.0,2
B005769YFY,5.0,2
B005769YNQ,5.0,2
B00ARBWLUO,5.0,2
B00576AFUW,5.0,2
B000ALMQZ6,5.0,2
B00576WHBC,5.0,2
B005777HHK,5.0,2
B005788I9U,4.5,2
B00ARBV42K,5.0,2
B00578Y5VA,5.0,2
B00ARBUZCA,5.0,2
B00ARBU110,5.0,2
B00579H7ZK,5.0,2
B00579R3MM,4.0,2
B0057AT3KQ,5.0,2
B00ARBRA3M,5.0,2
B0057CWA4U,5.0,2
B005LV7MCM,4.5,2
B005LVHEMU,5.0,2
B00ADDL616,5.0,2
B00068ZZVU,4.5,2
B0069VMB3I,4.5,2
B009ZAO7DM,5.0,2
B00068U50Q,4.5,2
B00068TCGE,4.5,2
B009Z9QDB2,4.5,2
B009Z8UJEK,5.0,2
B00068SESG,4.0,2
B006A3V9QK,4.5,2
B006A4R9FY,4.5,2
B006A9WSAA,5.0,2
B006ADC18U,4.5,2
B009Z6CVW0,5.0,2
B006AABBJI,5.0,2
B006AAL4AE,5.0,2
B006AC106K,5.0,2
B006AC83YW,5.0,2
B006AC84ZA,5.0,2
B006AC8HYI,5.0,2
B006ACBE6Q,5.0,2
B000691766,5.0,2
B00J9HS2ZK,5.0,2
B009ZC3P5Q,4.5,2
B009ZJ7H76,5.0,2
B0069ISHHA,4.0,2
B0069ISK2C,4.0,2
B0069JMEI2,5.0,2
B0069QHZBG,5.0,2
B0069RJV3U,5.0,2
B009ZID1QS,5.0,2
B0069S17KO,5.0,2
B0069S1DUS,4.5,2
B009ZHW7IC,5.0,2
B009ZH59BY,5.0,2
B0069SL1E6,5.0,2
B0069SY9U4,5.0,2
B0069URMF6,5.0,2
B0069US804,5.0,2
B0069USFDO,5.0,2
B000695BMW,5.0,2
B009ZFGH5S,4.5,2
B009ZEQQ14,4.0,2
B00068A0A6,4.5,2
B006B6SQS0,5.0,2
B006AZHS5O,4.0,2
B006AZJDUW,4.5,2
B00J9PD8V0,5.0,2
B009Z000V0,5.0,2
B000689NN6,4.0,2
B006B6LFCE,5.0,2
B000687RH0,5.0,2
B006B70HTK,5.0,2
B006AEX60Q,5.0,2
B000684HMI,5.0,2
B00J9Q96QA,5.0,2
B006BA2FBU,4.0,2
B000684H9G,5.0,2
B006BAB48K,4.5,2
B006BAYH4I,5.0,2
B00067XQY4,5.0,2
B00067XNTC,5.0,2
B009YTZQN4,5.0,2
B006BE88V2,5.0,2
B006BEZCWA,4.5,2
B006AY7F9E,5.0,2
B006AUPI0Q,5.0,2
B009Z4XH0W,5.0,2
B006AGU918,4.5,2
B006AJAUMS,4.5,2
B006AK2QME,4.5,2
B009Z3RNW6,4.0,2
B009Z3PNF0,5.0,2
B006AN5WH2,5.0,2
B009Z30JVS,5.0,2
B009Z2XQUU,4.0,2
B006AQNRV2,5.0,2
B006AQRSF8,5.0,2
B006AR2MSK,5.0,2
B009Z25Q12,5.0,2
B009Z25LJO,5.0,2
B006ARXNYM,5.0,2
B006ASK2O0,4.5,2
B006AT3GMY,4.0,2
B006ATX57K,5.0,2
B009ZJLPLU,5.0,2
B009ZJPU66,5.0,2
B009ZUZOY8,4.5,2
B0068YTIK0,5.0,2
B0068Z71V2,5.0,2
B009ZW9FUU,5.0,2
B0068Z8QK2,4.5,2
B00691JH62,5.0,2
B00692LMJQ,5.0,2
B00692NNQG,5.0,2
B00692NOSI,5.0,2
B0069FOW86,4.5,2
B00692NPGY,5.0,2
B00692P2XS,5.0,2
B009ZUSB1G,5.0,2
B00692Q9P8,5.0,2
B00692QN5E,5.0,2
B00692RTLG,5.0,2
B009ZRFSY2,5.0,2
B00693NHDY,5.0,2
B0006B65QQ,4.0,2
B00J97OA10,4.5,2
B0068WWQLU,4.0,2
B00A015I88,4.5,2
B0068OPB7Y,4.0,2
B0068OQG7I,5.0,2
B0006BDND4,5.0,2
B0068P01CS,4.5,2
B00A01574I,4.5,2
B0068P36OI,4.5,2
B0006BDIVQ,5.0,2
B00A013YRK,4.5,2
B0068RTV6S,4.0,2
B009ZZO1ME,4.5,2
B0068TPAV6,5.0,2
B009ZXBCBE,5.0,2
B00694JZ2A,4.0,2
B00694KE4S,5.0,2
B00699IG8O,4.0,2
B00699MB08,4.5,2
B00699QL22,5.0,2
B00699T4VW,5.0,2
B009ZN4A6I,4.0,2
B009ZN347O,4.0,2
B009ZN2BXM,4.5,2
B0069A19PK,5.0,2
B009ZLS9QC,4.5,2
B0069C0BQG,5.0,2
B0069C6CS2,5.0,2
B0069C73X0,4.5,2
B0069C74YI,5.0,2
B0069C8A6O,4.0,2
B0069CR952,5.0,2
B0069CZJIQ,5.0,2
B0069D0MO6,4.5,2
B009ZKW2Z2,4.5,2
B0069F5A4G,4.5,2
B0069FIYAI,5.0,2
B0069FMQHA,5.0,2
B00698WLWM,5.0,2
B009ZQTUYM,5.0,2
B00694S5HQ,4.0,2
B0006B3VYU,5.0,2
B00694XB7U,4.5,2
B00694XPSA,4.5,2
B00694YEIK,5.0,2
B00J9BNXD2,5.0,2
B0006B0W1K,5.0,2
B00698G9HK,5.0,2
B00698SDQK,5.0,2
B006BFMLHI,5.0,2
B006BG3JPA,5.0,2
B006EPGWYS,4.5,2
B006EPK2YO,4.0,2
B006EPKH62,4.0,2
B006EPMVTS,4.5,2
B006EW8A96,5.0,2
B006F2OS3C,4.0,2
B006F3D38W,4.0,2
B009Y1YUUM,5.0,2
B00063M1IK,5.0,2
B00063KOL6,5.0,2
B006F5Z680,5.0,2
B006F65BNO,5.0,2
B009XQXJSW,5.0,2
B006F6BR28,4.5,2
B009XQW3TI,4.0,2
B009XPKBCU,5.0,2
B006EOOR8M,4.0,2
B00JA9GL14,4.5,2
B009XVH096,4.5,2
B006E4EJI0,5.0,2
B00065BMDI,4.0,2
B006E6MN68,5.0,2
B006E7WV82,4.5,2
B006E8BHE0,5.0,2
B006EAL74S,5.0,2
B006EB3WEU,4.5,2
B006ECPC24,5.0,2
B006ECSR9E,4.0,2
B006ECU46S,5.0,2
B00064H4HC,5.0,2
B006EHYRK2,5.0,2
B006EL1LES,4.5,2
B009XVX3B0,4.0,2
B006ELJR4E,5.0,2
B006EM95JU,5.0,2
B006EM9KDQ,4.0,2
B006FG1OK8,5.0,2
B006FI430Y,5.0,2
B006FO7RJ2,5.0,2
B006FP89RU,5.0,2
B006FPG6QQ,5.0,2
B009XLYLFW,4.0,2
B006FQ09O0,5.0,2
B009XKTEDM,5.0,2
B006FRLU42,5.0,2
B006FW211S,5.0,2
B006FXFPV0,4.0,2
B006FXJQO2,5.0,2
B009XJ45YG,5.0,2
B006FXKMJK,5.0,2
B006FXXQXO,5.0,2
B00062OCAQ,4.5,2
B006FYJA38,5.0,2
B006FYLWNY,4.0,2
B006FYZNSO,5.0,2
B009XIGD6U,4.0,2
B006FZYDHK,4.5,2
B009XND2I2,4.5,2
B006FI73EW,5.0,2
B00JAMTI0M,4.0,2
B006FIULIW,4.0,2
B006FIZ9F2,5.0,2
B006FJ6LBM,4.5,2
B006FJEV4G,4.5,2
B006FJFYYW,5.0,2
B006FJOS44,4.0,2
B009XO88XU,5.0,2
B00062OT0Y,5.0,2
B009XNTSD0,5.0,2
B006E3ZQJM,5.0,2
B006BG3TW8,5.0,2
B006C6BWSA,5.0,2
B00066VO76,5.0,2
B006C8OAQO,5.0,2
B009YMBZGS,4.0,2
B009YLCQX0,5.0,2
B006CCML52,5.0,2
B00066N9CE,4.0,2
B00066N9A6,5.0,2
B006CDQDZU,4.0,2
B00066N992,5.0,2
B009YKOW9C,4.0,2
B006E3PB1U,5.0,2
B009YKI0DG,5.0,2
B006CQ44GM,5.0,2
B006CQYZ2K,4.0,2
B009YJVVVA,5.0,2
B009YJN6XQ,4.5,2
B006CRJ9UC,5.0,2
B009YJM6L4,5.0,2
B00066MI2G,5.0,2
B006CRJH8Q,4.0,2
B000674Y90,5.0,2
B006C27V48,5.0,2
B006C1QOTC,5.0,2
B006BH3FBC,4.5,2
B006BIBYNC,4.0,2
B006BJ1KHQ,5.0,2
B00067R0B4,4.5,2
B006BJNO2K,4.5,2
B006BJURCU,5.0,2
B009YSO6X6,4.5,2
B009YSNR68,4.0,2
B006BNJZ0Q,4.0,2
B009YSMEKI,5.0,2
B006BTM7K0,4.0,2
B006BWESJA,4.0,2
B00067ASJU,5.0,2
B006C11RBM,4.0,2
B009YR87Y6,5.0,2
B006C1FW6I,4.5,2
B009YQ6SXE,4.5,2
B006CSIMHW,4.0,2
B006CSM4MQ,5.0,2
B009YJ06AC,4.0,2
B006DLDENK,4.5,2
B006DM956Y,4.0,2
B000660IHS,4.5,2
B006DON2RK,5.0,2
B009Y6ASFS,4.5,2
B006DR6314,5.0,2
B009Y3F70W,4.5,2
B006DRR87W,5.0,2
B006DRRB56,5.0,2
B006DRRENK,5.0,2
B009Y3C0CU,4.0,2
B006DRRTJ4,4.5,2
B009Y3BYZO,5.0,2
B009Y29L8W,4.5,2
B006DXDRXK,5.0,2
B006E13A60,5.0,2
B006E24A9A,5.0,2
B006E3JV4I,5.0,2
B006DK6KK0,5.0,2
B006CSMQTM,4.0,2
B006CSWFNO,5.0,2
B006CVBJD8,4.0,2
B006CWWFTE,4.0,2
B006D1HS2I,5.0,2
B00066D2MG,5.0,2
B006DDGK34,5.0,2
B006DH69DQ,4.0,2
B006DK28UQ,5.0,2
B0068OEHP6,5.0,2
B00A015KOU,4.0,2
B0064FQEKU,5.0,2
B0064FRX82,5.0,2
B0064G0WKW,5.0,2
B0064G8XSU,5.0,2
B00A20OR3E,5.0,2
B0006LJ7IY,5.0,2
B00A20D1W2,4.0,2
B0064K5KN2,4.5,2
B0064K5SOS,5.0,2
B0064K5V3Q,5.0,2
B0064LHO6W,4.5,2
B00J6NU7M8,5.0,2
B0064LONTS,4.5,2
B0064N40Q2,4.5,2
B0006LJ1ZI,4.0,2
B0064OQ3W0,4.0,2
B0064OQI7K,4.0,2
B0064OZCGS,4.0,2
B0064P39KS,4.5,2
B0006LJ1X0,5.0,2
B0064PM7HO,4.0,2
B0064QVI8W,4.5,2
B00A23DDKO,4.5,2
B0064FO8C6,5.0,2
B0064FHK12,5.0,2
B0006LMDKS,5.0,2
B0064387GQ,4.5,2
B00A29QIXC,5.0,2
B0006LLZX4,5.0,2
B00644R48W,5.0,2
B00A29M8X6,4.0,2
B0006LLXXQ,4.5,2
B00645GW2A,5.0,2
B00J72IJ0U,5.0,2
B0064A9GTG,5.0,2
B0064AJ8MQ,5.0,2
B0064AJTPW,5.0,2
B0064B6YCW,4.5,2
B0064B7H1O,5.0,2
B00A28WIZU,5.0,2
B00A28PQWC,5.0,2
B0064CVR8C,4.5,2
B00A27RI92,5.0,2
B0064DRJF6,5.0,2
B0064DRSQ6,5.0,2
B0064EHVR6,5.0,2
B0064FGZOK,5.0,2
B0064FH6O8,4.0,2
B00A1UUZ68,5.0,2
B00J7DLISY,5.0,2
B00653AM7C,5.0,2
B00J7HGHCM,5.0,2
B00A1OFOKQ,4.0,2
B0006JJIBM,4.0,2
B00A1N2IYC,5.0,2
B00654GV4E,5.0,2
B00654HPVC,5.0,2
B00654NYW6,5.0,2
B00655FI8S,5.0,2
B00A1MOU8K,5.0,2
B00A1MNRI4,5.0,2
B00A1MN35Q,5.0,2
B006579AU8,5.0,2
B00657HDIE,5.0,2
B00A1LUNLE,4.5,2
B00657V1F0,5.0,2
B00657Z9VM,5.0,2
B00A1L3BEA,5.0,2
B006580OPW,4.5,2
B006580P7Y,5.0,2
B006536JM4,5.0,2
B00A1OGXCE,4.0,2
B00A1OLS4C,4.0,2
B0064RAD2I,5.0,2
B00A1U0P0Y,5.0,2
B0064TEFIO,4.0,2
B00A1SEA5W,5.0,2
B0006LBF02,5.0,2
B0006L87J4,5.0,2
B0064WE03Q,5.0,2
B0064WEDD8,4.5,2
B0064X2BM2,4.5,2
B0064X2C12,4.0,2
B00A1QFDFK,5.0,2
B0064Y02V8,5.0,2
B0064Y51FK,4.0,2
B0064Y534Y,4.5,2
B00652GAPG,5.0,2
B00652NXCY,4.0,2
B00A1OYS12,5.0,2
B0006JNTLC,4.0,2
B006535FV0,4.5,2
B00A2A1DUO,5.0,2
B00642APKI,5.0,2
B0006LNIKM,5.0,2
B0063AUFTW,4.0,2
B0063EWJII,5.0,2
B0063G6HAM,4.5,2
B0063GBB6W,5.0,2
B00A2O83SU,5.0,2
B0063HN4PC,4.5,2
B0063HNJM0,5.0,2
B0063I76SC,5.0,2
B0006LMUXS,5.0,2
B00A2M76F8,5.0,2
B0063INKA0,5.0,2
B0006LNH30,5.0,2
B0063K6NDE,5.0,2
B00A2IZNT8,5.0,2
B0063KE1XI,5.0,2
B0063KVX20,4.5,2
B00J6ARUYO,4.0,2
B0063AJ8WW,5.0,2
B0063A71Z8,5.0,2
B0063A5394,4.5,2
B006303MFQ,5.0,2
B006306BMW,5.0,2
B006310XM0,4.0,2
B0006LNKGY,5.0,2
B0063280R4,4.5,2
B00632AYFK,5.0,2
B0006LNKF0,4.0,2
B00634EYEA,5.0,2
B0006LNKEG,5.0,2
B006368LYW,5.0,2
B0006LNJQA,4.5,2
B00639JS5K,5.0,2
B00J5UX6SY,4.5,2
B00A2H920U,5.0,2
B0063WRCXM,4.0,2
B00A2ETGRC,5.0,2
B0063X5FYO,4.5,2
B0063XMG0U,5.0,2
B0063XMUJM,5.0,2
B00A2CYKB6,5.0,2
B00640A014,4.5,2
B00640BOBO,5.0,2
B00640F1D6,5.0,2
B00640I9CQ,5.0,2
B00640JHQI,4.5,2
B006411U4E,4.5,2
B00A2AUQKM,5.0,2
B00A2AUPXA,5.0,2
B00641PHOI,4.5,2
B0006LNB36,5.0,2
B0006LMY02,4.0,2
B0064288GG,4.0,2
B00A2EUQUS,5.0,2
B00A2EZ5JU,4.5,2
B0063NWFIS,5.0,2
B0063QB2Y8,5.0,2
B0006LNEX8,5.0,2
B0063SEF72,4.5,2
B00A2FPFDU,5.0,2
B00A2FKO4K,5.0,2
B0063TQQUK,4.5,2
B00A2F1NBS,5.0,2
B0006LNEBA,4.5,2
B0063U3NA0,4.0,2
B0063UE89U,5.0,2
B0063UFV5U,5.0,2
B00A2F02J2,5.0,2
B0063UMO7S,4.5,2
B0063UPLQO,4.5,2
B00A2EZSYW,4.0,2
B0006LNDDO,5.0,2
B0065857N6,5.0,2
B0068MMLI8,4.5,2
B0067Y27QI,4.5,2
B0067PSZ9U,4.0,2
B0067R3NDG,5.0,2
B0067R7HJC,5.0,2
B0067USBRQ,5.0,2
B00A0GIPU6,5.0,2
B0067Y2268,4.0,2
B0067Y27NG,5.0,2
B0067Y28SK,5.0,2
B0067CFWKI,5.0,2
B0067Y2AEC,5.0,2
B0067Y2CZO,5.0,2
B0067Y2E84,4.5,2
B0067YU2H4,5.0,2
B0006FNGH8,4.5,2
B00J8RMVKI,5.0,2
B0006FMUAC,4.5,2
B0006FMU02,4.5,2
B00J8SHOUE,5.0,2
B0067NNAPQ,5.0,2
B00A0K9984,4.0,2
B00A0JWSOM,4.0,2
B0067FC910,4.5,2
B0006GQ3S6,5.0,2
B0006G80R8,5.0,2
B0006G804Q,5.0,2
B0006G3Y1A,4.5,2
B0067JJNOM,5.0,2
B0067JJO82,5.0,2
B00A0J9YEY,5.0,2
B00A0J4UJI,5.0,2
B0067M7OBS,4.5,2
B0067MKK0U,5.0,2
B0067MSYXK,4.5,2
B0067MZN3E,5.0,2
B0067MZN5M,4.5,2
B006838YSI,5.0,2
B0068391O4,5.0,2
B00686WY1S,5.0,2
B00687I3NK,4.5,2
B00A07UT90,4.5,2
B00687SXV2,5.0,2
B00688DCQ2,5.0,2
B00689FVSI,4.5,2
B0006BKG7A,4.5,2
B00689JKVC,5.0,2
B0068A2GOY,5.0,2
B00A04ZUQK,4.0,2
B00J8X2YEK,4.0,2
B00J8XOLSM,5.0,2
B0068DI98I,4.0,2
B00A046WFS,5.0,2
B00J94XOQA,4.5,2
B0068G1HM0,5.0,2
B0068G1MES,4.5,2
B0068G2JMM,5.0,2
B0068GAB9U,5.0,2
B00J951VSW,5.0,2
B00686DA6Q,5.0,2
B00683PI7I,5.0,2
B00J8T8TPC,5.0,2
B00684A930,5.0,2
B00684ALKQ,4.5,2
B00A0D8M52,4.5,2
B00684IW6G,5.0,2
B00684LC6I,5.0,2
B00A0D69EI,5.0,2
B00A0D68D0,5.0,2
B0068506NM,5.0,2
B006850F6U,5.0,2
B00A0D644S,5.0,2
B00685HPFE,4.5,2
B00685KF9W,5.0,2
B0006DPNRQ,5.0,2
B006862TH2,5.0,2
B006589ZKM,5.0,2
B00A19X4WG,4.0,2
B00A1BRLNC,4.0,2
B0006ICEXC,5.0,2
B0065PLGBG,5.0,2
B0065QF1DO,5.0,2
B00A1B75ZG,4.0,2
B00J7W0M0U,4.5,2
B0065R18LC,5.0,2
B00A1AR0IO,5.0,2
B00J7W7JUG,4.0,2
B0065WPU2U,4.0,2
B0065WPXMC,5.0,2
B00A15NQBO,5.0,2
B0006I8LSO,4.5,2
B00A14RK3K,5.0,2
B0066745Z2,4.0,2
B0065NEQQ0,4.0,2
B0065NEPVQ,4.5,2
B00A1CBGZK,4.5,2
B0065MHQLI,5.0,2
B00A1L2F2Y,5.0,2
B00J7QKMCO,5.0,2
B00A1L2EV6,5.0,2
B0006IJ7E6,5.0,2
B0065DJA34,5.0,2
B0065FT8N4,4.5,2
B0006IJ6NS,4.5,2
B0065HDNRY,4.0,2
B0065HX51I,5.0,2
B0065IF9ES,4.0,2
B0065JBAKO,5.0,2
B0065JCVV6,4.5,2
B0065LHNPS,4.5,2
B00A1CFX5Y,5.0,2
B0006IJ6II,4.5,2
B0065LT4UK,5.0,2
B0006IHKFE,5.0,2
B0065LVTDK,5.0,2
B0006IHJYQ,5.0,2
B006676CEO,5.0,2
B0066Q4JT0,5.0,2
B0066SKZQO,5.0,2
B00A0U6JB4,4.5,2
B0066SL20M,5.0,2
B00A0SW6T0,4.5,2
B0066SLP40,4.5,2
B0066SLWDO,5.0,2
B00A0RG6HY,5.0,2
B00A0RFUMQ,4.0,2
B0066TUTHS,5.0,2
B00A0RD80M,5.0,2
B0066X2OJK,5.0,2
B0066XC9SG,5.0,2
B00674HXKI,5.0,2
B006759CLA,5.0,2
B006785Y4G,5.0,2
B00678B27E,5.0,2
B0067B7PMM,5.0,2
B0066QYPUS,5.0,2
B0066PHR8Q,4.0,2
B0006HY5O4,4.0,2
B00A117U06,5.0,2
B00A106QOS,5.0,2
B00A0ZSAZW,5.0,2
B00669TIAW,5.0,2
B0066A58D2,4.5,2
B00A0YJV42,4.5,2
B0066BANWC,5.0,2
B00J7XUG32,4.0,2
B0066D6GQM,5.0,2
B0066DCSLO,5.0,2
B00A0VWXQ8,4.0,2
B00J7Y9R5E,5.0,2
B00J7YI87W,5.0,2
B0066K3X8E,5.0,2
B0066KHOC0,5.0,2
B0066N94GG,4.5,2
B0066N9GEQ,4.5,2
B0066NBR4S,4.0,2
B0066O06GC,4.0,2
B006G1CK6E,4.0,2
B00062O4K4,5.0,2
B0006LNLGI,4.5,2
B006O8EJFE,5.0,2
B006O8EJRC,4.0,2
B006O8FOCQ,4.0,2
B006O9X0S0,5.0,2
B009UJK1ZQ,5.0,2
B006OA2E5O,5.0,2
B009UISIPC,4.5,2
B00JE6RQXA,5.0,2
B009UGRYW2,5.0,2
B006OEWFR2,5.0,2
B009UGF31Q,5.0,2
B006OF5VRW,5.0,2
B009UEV9D4,5.0,2
B006OFCOFO,5.0,2
B009UGDICW,5.0,2
B0002UFKFI,4.5,2
B009UFXIBO,5.0,2
B0002U4ELE,4.0,2
B0002U471G,4.0,2
B009UFLHKI,4.5,2
B006OJ877O,5.0,2
B006OLGV52,5.0,2
B0002UNJME,5.0,2
B006O6QXU0,5.0,2
B006O55370,5.0,2
B006NUV1DQ,5.0,2
B006NVESS0,4.5,2
B0002VAMJ6,5.0,2
B006NZPGTG,4.5,2
B0002V3194,5.0,2
B009UOH28U,5.0,2
B009UN1RXW,4.5,2
B009UMZO7S,5.0,2
B006O37XGQ,5.0,2
B006O388S8,5.0,2
B006O38RUW,4.0,2
B006O3AA0M,5.0,2
B006O3AZWA,4.0,2
B006O40CIQ,5.0,2
B006O4Z3Z8,5.0,2
B009UERIVQ,4.5,2
B006G28WOM,4.0,2
B006P17RAO,5.0,2
B0002T2R46,5.0,2
B009U3XRDK,5.0,2
B006OZF3U2,4.5,2
B006OZF4V0,5.0,2
B0002T2QE2,5.0,2
B006OZF94C,5.0,2
B006OZF9MY,5.0,2
B006OZF9XS,5.0,2
B006P0EO9M,4.5,2
B006P1C4IY,5.0,2
B006ON6XSU,4.0,2
B009U1Q5FY,4.5,2
B009U1NA3O,4.0,2
B006P2U2QY,5.0,2
B0002SV7TI,4.5,2
B006P4COOU,5.0,2
B009TZRMU8,4.5,2
B006P61FD4,5.0,2
B0002SQ5QS,5.0,2
B009TU0R0A,5.0,2
B006P98EOE,4.5,2
B006PANUGU,4.0,2
B006OZF3D4,4.0,2
B009U3YJAU,5.0,2
B006OZF0NW,4.0,2
B00JEIPAAY,4.0,2
B006OO6V04,5.0,2
B0002TEC5S,4.0,2
B006OP2JFY,4.0,2
B006OQL094,4.5,2
B009U9SXEC,4.5,2
B0002T58OC,5.0,2
B00JEMDP20,5.0,2
B0002T54FU,4.0,2
B009U4TMLA,5.0,2
B006OX9ZLC,5.0,2
B006OY1LUY,5.0,2
B006OZF0GO,4.5,2
B006NUE8E0,5.0,2
B0002X6IMY,5.0,2
B006MK5VHE,5.0,2
B006MK6IFI,5.0,2
B0002X8ZHK,4.0,2
B009VBFJTG,5.0,2
B0002X8UEI,5.0,2
B006MLLNWU,5.0,2
B006MLX292,4.0,2
B006MM76GG,5.0,2
B009V6NDHQ,5.0,2
B009V5R454,5.0,2
B00JE078KC,5.0,2
B006MRPOMY,5.0,2
B006MSDNAS,5.0,2
B0002W1HEO,4.5,2
B006MUVU56,5.0,2
B006MUVUEM,5.0,2
B006MK45BC,5.0,2
B009VD90DU,4.5,2
B009VD9K6C,5.0,2
B009VHVWAK,5.0,2
B009VHURME,5.0,2
B006M3VGDY,4.0,2
B006M490XQ,4.5,2
B009VGUV5I,5.0,2
B006M5KDD6,5.0,2
B009VFSVQK,5.0,2
B006MCUNXO,5.0,2
B006MDGOBS,5.0,2
B006MDVCQA,4.0,2
B006MDVD1O,4.0,2
B006MH7NNC,4.0,2
B006MHRHT2,5.0,2
B006MHVX9W,5.0,2
B006MI0Q6W,5.0,2
B009VDD5TA,5.0,2
B006MWEXX0,5.0,2
B006NAA22C,5.0,2
B009V057NA,4.5,2
B006NBASM0,4.5,2
B009UYT1ZC,4.5,2
B006NBCZJE,5.0,2
B009UY5TW6,5.0,2
B009UWRGK6,5.0,2
B006NFTNCC,5.0,2
B009UVZJ38,5.0,2
B006NJ4FHG,5.0,2
B006NM2VG0,5.0,2
B006NNYN3I,4.5,2
B006NOG1OG,5.0,2
B006NOG3P8,4.5,2
B009UT9ZIA,4.5,2
B009UT12X6,5.0,2
B006NPVNNE,4.5,2
B006NQAKAU,4.0,2
B009URXI44,4.5,2
B006NT5VCY,5.0,2
B0002VHQEU,4.5,2
B006NA7DJC,5.0,2
B009V3GFHY,4.5,2
B006MX5CE8,5.0,2
B009V2FSQ4,5.0,2
B0002W09UC,5.0,2
B006MY05YE,4.0,2
B006MY78R6,4.5,2
B006MZ2TI8,5.0,2
B006MZS932,5.0,2
B006N0BQY0,5.0,2
B006N0BSS4,4.0,2
B006N0JXHC,4.5,2
B006N106XQ,4.5,2
B006N25N56,5.0,2
B006N47VW2,5.0,2
B006N4S2K2,5.0,2
B0002VNLG2,4.0,2
B009TSA23E,5.0,2
B009SSB9D2,4.5,2
B009SSY4FW,4.5,2
B006R0QVGE,4.5,2
B009SSTGDW,4.5,2
B0002MJCBY,5.0,2
B009SSK94C,4.0,2
B006R2NDYU,4.0,2
B006R2PVIQ,4.5,2
B006R2TV78,4.5,2
B006R42GWI,4.5,2
B006R5GWKO,5.0,2
B006QV1SEE,4.0,2
B006R5H8PW,4.0,2
B009SS2COC,5.0,2
B006R5HONS,4.0,2
B006R6EJE4,4.5,2
B006R6GB8Q,4.5,2
B009SRJFIY,4.5,2
B006R81LQG,4.0,2
B006R8MQII,4.5,2
B009SRHT5A,4.5,2
B006R8YYS8,4.0,2
B009SRAFQK,5.0,2
B009ST38EY,5.0,2
B006R0F00W,5.0,2
B0002MLAG4,4.0,2
B006QZYSI8,5.0,2
B006QV1VA0,5.0,2
B006QV1VI2,4.5,2
B006QV1VPU,5.0,2
B009T09EMC,5.0,2
B006QV3O4Q,5.0,2
B009T07CIA,5.0,2
B006QW9Z4I,4.0,2
B009SYDO9I,4.5,2
B0002NRRCY,5.0,2
B006QYLNLY,5.0,2
B009SU02TM,5.0,2
B006QYXFUG,4.5,2
B0002MNXSC,4.0,2
B009SQUZ5C,5.0,2
B009SQN6NU,4.5,2
B006RB4L24,5.0,2
B0002KAIDM,5.0,2
B009SOGCCY,5.0,2
B006RJM9YS,5.0,2
B0002JVWOW,5.0,2
B006RJRFBK,5.0,2
B006RLCV9Y,5.0,2
B006RLGLRW,5.0,2
B006RM0LUO,5.0,2
B009SNBEGO,4.5,2
B0002JVJI6,5.0,2
B009SN8NJ0,5.0,2
B0002JVIX2,4.5,2
B009SMM8BK,5.0,2
B006RNH2IM,4.0,2
B006RNT31G,4.0,2
B0002JV4QS,5.0,2
B006RPC2Z8,4.0,2
B006RQ0ITO,5.0,2
B006RIWFUW,5.0,2
B006RILYT0,4.0,2
B0002LJXOQ,4.5,2
B0002KAIQ4,5.0,2
B0002LJUZI,5.0,2
B006RBV4GA,5.0,2
B006RDNS08,5.0,2
B006RE7VCI,5.0,2
B0002KZMD8,4.5,2
B006RGM270,5.0,2
B00JFKA8U8,4.5,2
B00JFM92M6,4.0,2
B00JFMIH0E,4.5,2
B0002KIXCK,4.5,2
B006RGNU76,5.0,2
B006RGNZ1W,4.0,2
B009SPJYGE,4.5,2
B006RHCDCS,5.0,2
B006RHHL66,5.0,2
B0002KAISW,5.0,2
B006QV1URO,4.5,2
B009TRVKW2,5.0,2
B009TDKH0M,4.0,2
B006PKVCPQ,5.0,2
B0002S94HU,5.0,2
B009TFHR62,5.0,2
B009TFHQ72,5.0,2
B009TEL9TE,4.0,2
B009TEHJZ2,4.0,2
B006PNARYU,4.0,2
B006PNB81G,4.5,2
B006POYV8W,5.0,2
B006QV1Q64,4.5,2
B006PTGUSG,4.5,2
B0002RUNZI,4.5,2
B006PUS5WO,5.0,2
B009TBWTMI,5.0,2
B006PWGR2C,5.0,2
B006PWRPAA,4.5,2
B006PXM7Z2,5.0,2
B006PYIZLG,5.0,2
B009TJ63AO,4.5,2
B006PKUBMG,5.0,2
B009TNBAPS,5.0,2
B006PANXYY,4.0,2
B006PANXZ8,4.0,2
B009TRETS4,5.0,2
B009TQPW3Q,5.0,2
B006PAZE1Y,4.5,2
B006PFD56K,4.0,2
B0002SH7OC,4.0,2
B006PGNBH2,5.0,2
B006PH0TCQ,4.5,2
B006PHA2Y6,5.0,2
B00JERUKQO,5.0,2
B006PJ59AQ,4.5,2
B009TO5VSE,4.0,2
B006PJVQOY,4.0,2
B006PK5XJC,4.0,2
B006Q4NTM0,4.0,2
B009TAWIQG,5.0,2
B006QJRZSE,5.0,2
B009T7TFU6,5.0,2
B0002PF3RI,5.0,2
B0002OTI98,4.5,2
B006QN7KJE,5.0,2
B0002OSDWG,5.0,2
B006QOFPQS,4.5,2
B006QOOU7S,5.0,2
B006QQ24G0,5.0,2
B006QQ63QC,5.0,2
B006QQQ12I,5.0,2
B00JFBUTGA,5.0,2
B0002OCQVK,5.0,2
B006QV1P6U,4.5,2
B006Q5C7OA,4.0,2
B00JF8ZVS4,5.0,2
B006Q5N4GK,5.0,2
B0002RI2F6,5.0,2
B0002QYPAI,5.0,2
B009T9VMNC,5.0,2
B006QAQQRY,4.0,2
B006QB3TTQ,5.0,2
B00JF0IK12,4.5,2
B006QB8K18,5.0,2
B009T9LGD8,5.0,2
B009T9IMKS,4.0,2
B006QCGE9W,5.0,2
B0002Q2O1U,4.5,2
B006QFLII6,5.0,2
B0002PU8K0,4.0,2
B006QFVF4I,4.0,2
B009T85YWS,5.0,2
B006QHXD64,4.5,2
B006QHXDHI,4.5,2
B006M3GDFA,5.0,2
B009VHZIUK,5.0,2
B00JBKQB1M,5.0,2
B006HL1R94,5.0,2
B00JBKB4RI,5.0,2
B006HN9BTA,4.0,2
B006HO82LC,4.5,2
B009WSG3V6,5.0,2
B0002ZWRRM,4.0,2
B006HT5TX6,4.0,2
B006HA2QC2,5.0,2
B006HULGQE,5.0,2
B006HUVMNG,5.0,2
B009WRO5AI,4.5,2
B006HV509C,5.0,2
B009WREIWS,5.0,2
B0002ZLJ8K,5.0,2
B009WQ7I1M,4.5,2
B009WQ1U9S,4.5,2
B006I1ORAE,5.0,2
B006HKY6FW,4.5,2
B006HKY61Q,4.0,2
B0002ZZTD6,5.0,2
B006HKNI88,5.0,2
B009WUUOC8,4.0,2
B009WUJNE8,5.0,2
B00030B2AE,5.0,2
B006HAWECE,5.0,2
B006HBEUTS,5.0,2
B009WUAMAM,5.0,2
B009WU87A4,5.0,2
B006HG38GO,4.5,2
B006HG5GYG,5.0,2
B009WU70B6,5.0,2
B006HG9F3Y,5.0,2
B00030A5AC,4.0,2
B006HI3O3E,4.5,2
B006HIKSI8,5.0,2
B009WT1FX6,4.5,2
B009WSVQ2W,4.5,2
B006HJMMKY,5.0,2
B00JBF02JY,5.0,2
B00JBGCPSY,5.0,2
B000300HO6,5.0,2
B0002ZZTDQ,4.5,2
B006I2110W,5.0,2
B00JBLJZMI,5.0,2
B0002Z8WGM,5.0,2
B006IUYWF0,4.5,2
B006IVNEJE,4.0,2
B006IVZMNK,5.0,2
B006IW6918,5.0,2
B006IW84R0,4.5,2
B006IYAREG,5.0,2
B006IYRJCY,5.0,2
B006IYTDOQ,4.5,2
B006IYV0NS,5.0,2
B006IYVH7M,5.0,2
B006IZG35W,4.5,2
B006J01B2G,5.0,2
B006J0BHFM,5.0,2
B0002Z8TU6,5.0,2
B009WI1VW2,5.0,2
B006J1XCSG,5.0,2
B006J2NWLM,5.0,2
B009WI7O78,5.0,2
B0002Z8WH6,5.0,2
B006I6YXQM,5.0,2
B009WI89AE,5.0,2
B006I8HUQU,5.0,2
B0002Z92KW,4.5,2
B0002Z92BG,5.0,2
B006IAWXP6,5.0,2
B006IAWY5U,5.0,2
B006IB2S8W,5.0,2
B009WN9SGS,4.5,2
B006IBYWIG,5.0,2
B009WMZHLY,4.5,2
B0002Z90EA,5.0,2
B006ICJ8DE,5.0,2
B009WKMGJW,5.0,2
B009WKMG1K,4.0,2
B006IFQLFO,4.0,2
B006IFR6IK,4.5,2
B0002Z8YR4,5.0,2
B006IG7EUO,4.0,2
B0002Z8Y7E,4.5,2
B006IJCNZ2,5.0,2
B006IJJK4E,5.0,2
B009WIA18M,5.0,2
B006IO1HCW,5.0,2
B006IP56XM,5.0,2
B0002Z8RRQ,5.0,2
B009X62X5M,4.5,2
B006GGS62Q,4.5,2
B006GHG7K8,5.0,2
B009X7784M,5.0,2
B006GHYXJU,4.0,2
B009X75P6A,5.0,2
B006GIUSJ8,5.0,2
B006GJHH6O,4.0,2
B00JB4A2MM,4.5,2
B009X4LHZ6,4.5,2
B006H9SABY,5.0,2
B009X4J84I,4.5,2
B009X4AJJ6,5.0,2
B00061ZNWI,5.0,2
B0005F7F76,5.0,2
B00JB69W58,4.5,2
B009X3UMH6,4.5,2
B006GFE4E6,5.0,2
B006GFD938,5.0,2
B006G2Z2JU,5.0,2
B006G374QS,5.0,2
B009XH5HRW,5.0,2
B006G3B9ZK,5.0,2
B006G4JOXI,4.5,2
B009XG7IAM,5.0,2
B00062NZ22,4.0,2
B009XFXK78,4.5,2
B006G6JEFY,5.0,2
B006G71Z3M,4.5,2
B006G7TLKQ,5.0,2
B006G868YW,4.5,2
B009XE9MOO,5.0,2
B006GC8IQO,5.0,2
B00JB1ZX8I,4.0,2
B00062ABZ6,4.0,2
B006GDLOZ0,4.5,2
B006GEI8P8,4.5,2
B006GEK01S,4.0,2
B00JB25GYS,5.0,2
B006GF5WE2,4.5,2
B006GR6E56,4.0,2
B009X1YUY4,4.5,2
B006H4LLVK,5.0,2
B006H6DZO4,5.0,2
B006H6FTSE,4.0,2
B006H6NB8O,5.0,2
B006H6QQJK,4.5,2
B006H7WNQO,4.0,2
B006H8SSV2,4.5,2
B006H8WLP6,5.0,2
B00032OQBO,5.0,2
B009WWGD9O,5.0,2
B006H9EJ4Q,4.5,2
B00032JPYC,4.5,2
B009WW4RA6,4.0,2
B006H9L3NQ,4.0,2
B006H9L3WM,4.5,2
B006H9LF8Y,4.5,2
B006H9LGKG,5.0,2
B009WVISA2,5.0,2
B009WVIHM6,5.0,2
B006H9M2E0,5.0,2
B009WZQQY8,4.5,2
B009WZS03I,5.0,2
B009WZS11O,4.5,2
B006GRYSU4,5.0,2
B00JB6ADA6,5.0,2
B009X1VQ1O,4.5,2
B006GT89HA,4.5,2
B0004JKX8Q,4.5,2
B0004F7H0M,5.0,2
B006GTRITK,5.0,2
B009X1BJQQ,4.5,2
B009X0A83M,4.5,2
B006GVOSD2,4.0,2
B0003MH3MI,4.5,2
B00JB89LVQ,5.0,2
B009WZTP8W,5.0,2
B0003MG1V2,4.5,2
B006GZ8ZKU,5.0,2
B009WZTFGO,4.0,2
B00032PPFA,4.5,2
B00032P04Q,4.5,2
B006J4AD8U,4.0,2
B0002Z8RQM,5.0,2
B006M3CWTQ,5.0,2
B006L7SUL2,4.5,2
B006L68L5I,4.5,2
B0002Z7NSK,4.5,2
B0002Z7N8K,4.5,2
B006L69ECC,4.5,2
B006L69TFY,5.0,2
B00JDCFGY6,5.0,2
B0002Z0WGA,4.0,2
B009VPIU52,4.5,2
B006L846SW,5.0,2
B009VO3T1I,4.5,2
B009VNLACO,5.0,2
B006LAU9PO,4.0,2
B0002YQDY6,5.0,2
B006LDPWTE,5.0,2
B006L68D6U,4.5,2
B006L5P3NW,5.0,2
B006KTKQ5E,4.0,2
B00JCU5MFM,4.5,2
B009VXKOV2,4.0,2
B006KXZECK,4.0,2
B006KY3VRY,4.5,2
B006KY5RT4,5.0,2
B0002Z8FGE,5.0,2
B006KY8ME6,5.0,2
B006KZ5LV2,5.0,2
B0002Z8FF0,4.5,2
B0002Z8F82,5.0,2
B0002Z85C8,5.0,2
B0002Z847O,5.0,2
B00JDOVL3E,4.5,2
B0002YE8UW,5.0,2
B009VKSSSQ,4.0,2
B009VKQU6S,5.0,2
B006LTUBYY,5.0,2
B0002Y5K3Q,4.5,2
B009VJBWBC,4.5,2
B009VJBILG,5.0,2
B006LXBTMI,4.0,2
B006LXC238,5.0,2
B00JDSQ2Y8,4.0,2
B006LXPREO,4.0,2
B0002Y5JE6,4.0,2
B006M01N8A,5.0,2
B009VIYTEA,5.0,2
B009VIK8OA,4.5,2
B006M13YX6,5.0,2
B0002Y5HPM,5.0,2
B009VIH942,4.5,2
B006M37L6A,5.0,2
B009VI29ME,4.0,2
B0002YE8T8,4.5,2
B0002YLW5Q,5.0,2
B009VN4N1Y,4.5,2
B006LLEFCQ,4.5,2
B006LMGSTS,5.0,2
B009VMR7QI,4.5,2
B006LN6QA8,5.0,2
B006LNRZ6C,4.5,2
B006LP6IZ4,4.5,2
B006LPD4WO,5.0,2
B0002YFOY6,5.0,2
B009VLEANM,5.0,2
B009VL7CZU,5.0,2
B00JDPMX4O,4.5,2
B00JDQY8K0,5.0,2
B0002YE8W0,5.0,2
B009VL7CPU,5.0,2
B006LQ7H0I,5.0,2
B006LQB7T0,5.0,2
B0002Z8G8Q,4.0,2
B009W9T6X2,4.5,2
B006JQEJOC,5.0,2
B006JR8OU6,5.0,2
B006JRA5S0,5.0,2
B006JRHAFG,4.5,2
B006JRI38O,5.0,2
B006JRI47E,5.0,2
B006JRI65E,5.0,2
B006JRXL9U,4.5,2
B006JSA9E4,4.0,2
B009VYL4Y2,5.0,2
B009W9BAU4,4.0,2
B0002Z8LTU,4.0,2
B009W8UJM0,5.0,2
B006JU8DQI,4.5,2
B006JU95TW,5.0,2
B006JUMJ8G,5.0,2
B0002Z8L1S,5.0,2
B009W8UGAA,4.5,2
B0002Z8KKA,4.0,2
B006JPB464,4.0,2
B006J7TZ3G,4.0,2
B006J9GSKC,4.5,2
B006J9H7MK,5.0,2
B006JBAODC,4.5,2
B006JBD86W,5.0,2
B006JBORLW,4.5,2
B006JBZGGM,5.0,2
B006JC62QE,4.0,2
B006JC6SXG,4.5,2
B006JCEZ4K,5.0,2
B006JD6LYG,5.0,2
B006JDLTCA,5.0,2
B006JFXRDC,5.0,2
B006JKWDGY,4.5,2
B0002Z8OMO,4.5,2
B0002Z8OLA,5.0,2
B0002Z8JGA,5.0,2
B006JZ4HJK,5.0,2
B006KA2SCM,5.0,2
B009W4MI3C,5.0,2
B006KDPFFG,4.5,2
B009W4EFM4,4.0,2
B006KE35MU,4.5,2
B006KESUB6,4.0,2
B006KG3QTK,4.5,2
B006KH5BK6,4.5,2
B006KHDNL0,4.5,2
B006KI6DZC,5.0,2
B009W1RL2I,5.0,2
B006KLCTX4,4.5,2
B006KLWFFG,5.0,2
B006KLWWDG,5.0,2
B009W12XDA,4.0,2
B006KNFECA,4.5,2
B006KRK8F4,5.0,2
B006KA620G,5.0,2
B0002Z8HK8,4.0,2
B006K8ZIDU,5.0,2
B006JZ619O,4.0,2
B006K01SR8,5.0,2
B006K1N4KG,4.5,2
B00JCF57S4,4.5,2
B006K252ZA,4.5,2
B0002Z8IW0,4.5,2
B006K28T82,5.0,2
B009W7B678,5.0,2
B006K2VZ0Q,5.0,2
B006K30O34,5.0,2
B006K38LDE,5.0,2
B00JCHLKCY,5.0,2
B006K3IKCQ,5.0,2
B006K3K53I,5.0,2
B006K3LEWE,5.0,2
B009W75O7G,5.0,2
B009W704VW,5.0,2
B006K43HD2,5.0,2
B0002Z8I3Y,5.0,2
B006K5EGF4,5.0,2
B0002Z8I2U,4.5,2
B006302MVG,5.0,2
B0062ZP4YO,4.0,2
B005LW32HA,4.5,2
B00AA8DRGG,5.0,2
B00AA8DR2U,5.0,2
B005PWYY8W,5.0,2
B005PX97T2,5.0,2
B005PXF8LS,4.0,2
B00AA4VW3A,4.0,2
B005Q37SDS,4.5,2
B0007D5DS4,5.0,2
B0007D5DRU,4.0,2
B00AA4FXGC,5.0,2
B00AA4D9F4,5.0,2
B005Q2LPTC,5.0,2
B0007D362O,5.0,2
B0007D361K,5.0,2
B00AA9E4DA,5.0,2
B005PUZZZK,5.0,2
B00AA9HIWY,4.0,2
B005PPE86W,4.5,2
B005PPQKY0,5.0,2
B005PPS228,5.0,2
B0007D79T0,4.5,2
B00J0OJJC2,5.0,2
B005PQ1C4M,5.0,2
B005PQ6CBA,5.0,2
B00AAAAAJQ,5.0,2
B005PR0MX8,4.0,2
B005PR0QFC,5.0,2
B005PR0QNE,5.0,2
B00AAAA6TK,4.0,2
B00AA9TO9O,5.0,2
B00AA9PEOI,4.5,2
B00AA9P7FE,5.0,2
B0007D79IG,4.5,2
B005PU4ZJM,5.0,2
B005PU9LLE,4.5,2
B005Q316QS,4.5,2
B005Q3IQ70,4.5,2
B0007601OM,5.0,2
B00A9XDIT8,4.0,2
B00A9XNPTG,5.0,2
B0007CXYXG,5.0,2
B005QBOFHM,5.0,2
B00A9XMUQU,5.0,2
B005QCU5XO,4.0,2
B005QDVMXU,4.0,2
B005QEMN50,5.0,2
B0007CXYU4,5.0,2
B00J171J12,4.0,2
B005QFXP1A,5.0,2
B005QG4FWW,4.0,2
B005QG4L5S,5.0,2
B005QG4Z4U,4.5,2
B0007CXYRM,5.0,2
B00A9X19L2,5.0,2
B005QH4ULC,5.0,2
B0007CXYOK,5.0,2
B0007CXYY0,4.5,2
B0007CXYYU,5.0,2
B00A9XPN00,4.5,2
B005Q5TCJE,4.0,2
B00A9Z6D70,5.0,2
B005Q7DH1G,5.0,2
B00A9Z0AM4,5.0,2
B00A9YXOXM,4.5,2
B00A9YNUQS,4.5,2
B00A9YLVGO,4.0,2
B005Q8MN6A,4.5,2
B00J15HNRI,5.0,2
B00A9YD2B6,5.0,2
B005Q8S1TS,4.0,2
B00A9XVK7U,5.0,2
B005Q8UFU6,4.0,2
B005Q8WQ4Y,4.5,2
B00A9XQB9M,5.0,2
B005QAB5FI,5.0,2
B005QACPC0,4.5,2
B0007CYCAK,5.0,2
B005PNTVJ8,4.5,2
B005PNSVUS,5.0,2
B005P0T7E0,5.0,2
B005P0M4JK,5.0,2
B0007KQEXK,5.0,2
B005P0MJV8,5.0,2
B00AAM446E,5.0,2
B005P0N4YE,5.0,2
B00J0CEM6M,5.0,2
B005P0S3AE,5.0,2
B005P0S4LC,5.0,2
B0007KHCQI,4.5,2
B005PNC2OY,4.5,2
B005P0UFT6,5.0,2
B005P0ULEK,5.0,2
B00AAKH0BC,4.0,2
B00AAKFUGO,4.5,2
B005P0W4Z4,5.0,2
B00J0EFUG6,5.0,2
B0007IMU2Q,5.0,2
B005P0LTZ0,5.0,2
B00J0B43Y4,4.5,2
B0007NO8LW,4.5,2
B005OZ14ZG,5.0,2
B005OZ543Y,4.5,2
B005OZELII,4.5,2
B00J06ZC3A,4.5,2
B00J09F3R2,4.0,2
B005OZOLCO,4.0,2
B0007M4QFG,4.0,2
B005OZUEUW,4.5,2
B005OZZ32Q,4.5,2
B0007LM3DO,5.0,2
B005P07P26,4.5,2
B005P08EX0,4.5,2
B005P0AS1Q,4.0,2
B005P0ERGS,5.0,2
B005P0F2M6,5.0,2
B0007KTJ8C,5.0,2
B005P0IP3O,5.0,2
B005P0J76I,4.5,2
B00J0F6XCA,4.5,2
B005P0XLF6,5.0,2
B00J0I8P14,4.5,2
B005PB9S6G,4.0,2
B005PC9KM2,4.5,2
B005PCAWZ6,5.0,2
B00AAHEITM,4.5,2
B00AAH5O8Q,5.0,2
B00AAH1FFW,5.0,2
B005PHBGI8,4.5,2
B0007DHMG0,4.0,2
B0007DHLG6,5.0,2
B00AAGP4MI,5.0,2
B005PLPH3E,4.0,2
B005PLPJ0U,4.0,2
B005PN1ZJC,5.0,2
B005PAWX6Y,4.5,2
B00AAIB82G,5.0,2
B005P0XQU6,5.0,2
B005PA1XGU,4.0,2
B0007IJJKM,4.0,2
B005P13ECU,5.0,2
B005P1XOC0,5.0,2
B005P2DH8K,4.5,2
B005P2JCBQ,4.5,2
B005P3GSCG,5.0,2
B005P4EVLK,4.0,2
B00J0HESO8,4.0,2
B005P4LSQQ,5.0,2
B005P63JSY,4.0,2
B00AAIFY8A,5.0,2
B005P6T94C,5.0,2
B00AAIFT0I,4.0,2
B0007G7OU6,5.0,2
B00AAIFI40,4.5,2
B005P8BVOG,5.0,2
B005P95X94,5.0,2
B005P9BUCS,4.5,2
B005P9HR7K,5.0,2
B005QLIAAK,5.0,2
B005QLOHK2,4.5,2
B005QM5TJO,5.0,2
B005SS19M2,5.0,2
B00A8NVEU4,5.0,2
B00J29XSMC,4.0,2
B00A8NV7QU,5.0,2
B005SRJFYM,5.0,2
B005SRJHKO,4.5,2
B005SRJJKM,5.0,2
B005SRK0ZK,4.5,2
B00079VN7S,5.0,2
B00079UZQS,5.0,2
B00A8NR2HS,5.0,2
B005SSAAVI,5.0,2
B00A8NGNNM,4.5,2
B00A8N1NPK,5.0,2
B005SUB27M,4.5,2
B00A8LVOB0,5.0,2
B005SUIZTU,5.0,2
B00J2APDKQ,5.0,2
B005SV2T96,4.0,2
B005SVEKY8,5.0,2
B00078XJV2,5.0,2
B00A8LD04O,5.0,2
B005SNQAFS,5.0,2
B005SN30O2,5.0,2
B005SMVDQU,5.0,2
B005SLLM5S,4.0,2
B00A8Q4H9Q,5.0,2
B00A8Q21NK,4.5,2
B005SFUJ3U,5.0,2
B005SH2SV4,4.0,2
B005SH7V3O,5.0,2
B0007CO926,5.0,2
B005SHWZ4Y,4.5,2
B005SI3B2S,5.0,2
B005SIO0WS,5.0,2
B00A8ORITE,5.0,2
B0007CO8KY,5.0,2
B0007CIFC6,4.0,2
B005SWVSCY,5.0,2
B00A8LCPNG,4.5,2
B005TA0W0O,4.5,2
B005TBS2SM,4.5,2
B00A878IAE,4.5,2
B00076Q90W,5.0,2
B00J2EQC7K,5.0,2
B005TI55Y4,5.0,2
B00J2F0MFW,4.5,2
B00076MNRU,4.5,2
B00076KRHS,4.0,2
B00A86ST0E,5.0,2
B00J2H6PSS,5.0,2
B005TKCS1K,5.0,2
B00076WXRU,5.0,2
B005T7U5TK,5.0,2
B005SWW98G,4.0,2
B005T7TP0U,5.0,2
B005SZ02N2,4.0,2
B00A8KS2HU,4.0,2
B005T3TSPG,4.0,2
B00A8KDO1E,5.0,2
B00A8KDJW8,5.0,2
B00078RWS8,5.0,2
B00J2DRSNI,4.5,2
B005T57MAM,5.0,2
B005T5FXAS,5.0,2
B005T5UU3S,5.0,2
B005T64T34,4.0,2
B00J2E272O,4.5,2
B0007700BA,4.0,2
B00A8FDI2O,4.0,2
B005T73U0Q,5.0,2
B00A8EUS0A,5.0,2
B00A8DHCPA,5.0,2
B005T7NRD6,5.0,2
B005SBCJE6,5.0,2
B0007CXWGA,4.0,2
B005QMIBQC,5.0,2
B00A9H35YM,4.0,2
B00A9MOTYW,5.0,2
B005R3265C,4.5,2
B00A9LUWXA,5.0,2
B00A9LIGR4,5.0,2
B00A9L2BI4,4.5,2
B00A9JOYO0,5.0,2
B005R37M4W,5.0,2
B00A9JGNIK,5.0,2
B00A9FBFAU,4.5,2
B005SA8AF4,4.0,2
B005R4FC9I,4.0,2
B0007CXXT6,5.0,2
B00A9BL4O6,4.0,2
B005R7ELGK,5.0,2
B005R86UM2,5.0,2
B005R9Q7VK,4.5,2
B0007CXY7C,4.5,2
B005QZXJY8,4.0,2
B005QZKOIM,5.0,2
B005QZ2AWU,4.5,2
B005QOKCQ2,5.0,2
B0007CXYJ0,5.0,2
B005QPNKK6,5.0,2
B00A9TTLP2,4.5,2
B005QQGT44,5.0,2
B005QQSU1O,5.0,2
B005QQUT68,5.0,2
B00A9R0C7U,5.0,2
B005QSUIKS,4.5,2
B005QT6W98,4.5,2
B005QTELAA,5.0,2
B0007CXYEK,4.5,2
B0007CXYDG,5.0,2
B005QV7ISA,4.5,2
B005QV9RTS,5.0,2
B005QY704E,4.5,2
B005QY73RI,4.5,2
B005QY745E,4.5,2
B005REO6RM,5.0,2
B005RF5OL8,5.0,2
B0007CXXKU,4.5,2
B005RSXW3M,5.0,2
B0007CXX00,4.5,2
B00A8XHA6G,4.0,2
B005RUH4UC,5.0,2
B00A8W9GB4,5.0,2
B00A8W6UU4,5.0,2
B0007CXWTM,4.0,2
B00A8VSRSS,4.5,2
B005S196RY,4.0,2
B005S2IRZA,5.0,2
B00A8VGVCM,5.0,2
B005S2VHK2,4.5,2
B00A8V4M5K,5.0,2
B005S3M0WK,4.0,2
B005S4DI48,5.0,2
B005S5KHQY,5.0,2
B0007CXWHO,4.5,2
B00A8QQTVK,5.0,2
B0007CXWH4,5.0,2
B00A8QDXEG,5.0,2
B00J1R358W,4.5,2
B005RF9HCU,4.5,2
B00A917GGQ,4.0,2
B00A965HLC,5.0,2
B005RFJ194,4.5,2
B005RFRXLC,5.0,2
B00A964K6K,4.5,2
B005RFSKZA,5.0,2
B00A95XPGC,4.5,2
B005RHBQKY,5.0,2
B005RHPFVA,5.0,2
B0007CXXEQ,5.0,2
B005RJCDTK,4.0,2
B005RL09NK,5.0,2
B005RNK3UW,5.0,2
B00A93U99A,5.0,2
B00J1PY6QE,4.5,2
B005RRDL8Y,4.5,2
B005OYAE3K,5.0,2
B005OY8XTC,5.0,2
B005OWO4EW,4.5,2
B005MZB0DY,5.0,2
B005MXAU5A,5.0,2
B00AC2R676,5.0,2
B005MXBZQ8,5.0,2
B005MXCIQY,5.0,2
B005MXWZ7G,5.0,2
B00AC2OKMK,5.0,2
B005MZ6F5M,5.0,2
B005MZ768M,4.5,2
B005MZC27W,5.0,2
B0007Z66QA,5.0,2
B00AC2LCWG,4.5,2
B00AC2KJ2U,5.0,2
B00AC2KDTE,5.0,2
B005MZPX50,5.0,2
B00AC2ITXG,5.0,2
B00AC1Z084,4.0,2
B00AC1VMVS,4.5,2
B005MZZ940,5.0,2
B005MZZGGQ,4.0,2
B00AC1154M,4.0,2
B0007XOGSW,5.0,2
B005MXASKC,5.0,2
B005MWWIEC,4.0,2
B00AC3OCS6,4.0,2
B005MW1LVS,4.0,2
B005MR8TZO,5.0,2
B005MR8U3A,4.0,2
B005MR96BA,4.5,2
B00ACAQ282,5.0,2
B00IZ079QK,5.0,2
B00AC7YCBY,5.0,2
B005MSB5MC,4.5,2
B005MSCCLU,5.0,2
B0007YJIHU,4.0,2
B00AC5XBE0,5.0,2
B00AC5WI4Y,4.5,2
B005MU0UYE,5.0,2
B005MU4QP8,5.0,2
B0007Y5BX0,4.5,2
B005N0KKES,5.0,2
B005NCHQ52,5.0,2
B00ABTB72U,5.0,2
B005NCKFQ4,5.0,2
B00ABRB696,4.5,2
B00ABQX9DS,4.0,2
B005NERADS,5.0,2
B005NESDI4,4.5,2
B005NF017E,4.5,2
B005NF3JLY,4.5,2
B005NFHU9Q,5.0,2
B005NFHV18,5.0,2
B00ABO67HU,5.0,2
B005NI86XM,5.0,2
B005NISG3W,5.0,2
B005NISH4U,4.0,2
B005NCECS6,5.0,2
B005NBZCTU,5.0,2
B005N1VSFW,5.0,2
B00ABY2BMU,5.0,2
B005N2GAO0,5.0,2
B005N2XIOK,4.5,2
B0007XMDP0,5.0,2
B005N56LGO,4.5,2
B00ABXAEOI,5.0,2
B005N6XQVG,5.0,2
B00ABWV9X4,5.0,2
B005N9IFB4,4.0,2
B005N9YHJS,5.0,2
B0007X74P4,5.0,2
B005NAUVJC,4.0,2
B005NAVN12,4.0,2
B005NB3K1C,4.5,2
B005NB4T80,5.0,2
B005NB68RK,4.0,2
B00ABUCZUW,4.5,2
B00080B5K6,5.0,2
B005M2AWD6,5.0,2
B00080B5JC,5.0,2
B005M2C6QM,5.0,2
B005M3253K,4.5,2
B00AD5T058,5.0,2
B00AD418YK,5.0,2
B000809QL6,4.0,2
B00AD417X2,4.0,2
B00ACHKYLG,5.0,2
B005M4Y0UU,5.0,2
B005M6R1SQ,5.0,2
B00AD0ZI0Y,4.0,2
B005M9WZ1Q,5.0,2
B0008085MW,5.0,2
B005MDROKO,4.5,2
B00ACXLA6S,4.0,2
B005MDVV8A,5.0,2
B005M29J12,5.0,2
B005M24TIA,4.5,2
B005LXEE5S,5.0,2
B005LXGGH2,4.5,2
B00ADCIKXO,5.0,2
B005LXMVIK,4.5,2
B005LY1DME,4.5,2
B005LY8KU2,5.0,2
B005LY997K,4.5,2
B005LYIXRM,5.0,2
B00081J4SU,5.0,2
B00IYTMPZ2,5.0,2
B005M02OEI,5.0,2
B00IYTQKNU,5.0,2
B005M1NZ0O,5.0,2
B00AD6X0OO,5.0,2
B005M1NZGS,5.0,2
B005M1O3U0,4.5,2
B00ACWZCQI,5.0,2
B005MEO0EG,5.0,2
B0008042O2,5.0,2
B005MK9V76,5.0,2
B005ML1XYY,5.0,2
B005MLJPW6,4.5,2
B00ACMZEXE,5.0,2
B005MMO53Y,5.0,2
B0007ZFFMG,5.0,2
B0007ZDY56,5.0,2
B005MNGRP2,5.0,2
B005MODI8K,5.0,2
B00ACLYOW2,5.0,2
B005MPH3BC,5.0,2
B00ACLHLXG,5.0,2
B005MPHB5A,5.0,2
B005MPSTG0,4.0,2
B00ACLBOXY,4.0,2
B00ACLBOX4,4.0,2
B005MQ4HEW,5.0,2
B00ACL667S,4.0,2
B00ACK7FW4,5.0,2
B0007ZG21O,5.0,2
B005MJKJ28,5.0,2
B005MEZC2U,5.0,2
B005MJKHPC,5.0,2
B00ACVX1Z8,5.0,2
B0007ZTX2O,5.0,2
B00ACVKJOY,4.5,2
B00ACV985A,5.0,2
B005MG4GJI,4.5,2
B005MGNPAE,5.0,2
B00ACTPTOQ,5.0,2
B005MHD5E4,5.0,2
B00ACT5DMY,5.0,2
B005MHG7HQ,4.5,2
B005MHGD7K,4.0,2
B005MHQD6G,4.5,2
B0007ZRQUU,5.0,2
B005MINRV4,5.0,2
B00ACR0KDS,4.5,2
B00ACPWR8Q,5.0,2
B00ACPEKAE,4.0,2
B005NISMUO,4.5,2
B005OWO41K,5.0,2
B00AAVXTHK,5.0,2
B00AATZS76,5.0,2
B00AATRYE6,4.5,2
B00AATQUZU,4.5,2
B005OL02BM,5.0,2
B00AATN29W,5.0,2
B005OL2YS6,5.0,2
B005OL8JU8,5.0,2
B005OLBSGK,5.0,2
B0007TJF8M,5.0,2
B00AATN07Q,4.0,2
B005OLF4LK,4.5,2
B005OLO510,4.5,2
B00AATMEW8,5.0,2
B005ON3UA0,5.0,2
B0007QKYAI,4.5,2
B005OKY11U,5.0,2
B00IZR2KRG,5.0,2
B00AAYP8PI,5.0,2
B005OC82L8,4.0,2
B0007T83CQ,5.0,2
B005OCVOM2,5.0,2
B005OD95I6,5.0,2
B00AB1CYE8,5.0,2
B0007T5V2Q,5.0,2
B005OFJZ7A,5.0,2
B005OGVE6O,4.5,2
B005OGVYEQ,4.5,2
B0007S7PEE,4.5,2
B00AB03S7G,5.0,2
B005OJ2DNY,5.0,2
B00AAZFYV0,4.5,2
B00IZPNZ22,5.0,2
B00AAZ8DTU,4.0,2
B005OJ563S,4.0,2
B00IZQY42Q,4.5,2
B005OJ7RS0,4.0,2
B005OJV1D2,5.0,2
B00AAYSNGY,4.0,2
B005OK3FEO,4.5,2
B005OK5PBK,4.0,2
B005ONGTPS,5.0,2
B0007PAY3G,5.0,2
B0007OERSU,5.0,2
B0007OERRG,5.0,2
B005OUXWLK,5.0,2
B005OVBR9S,4.5,2
B005OW7Q0Q,5.0,2
B00J0385N2,4.0,2
B005OW8M22,5.0,2
B00AAQSRWW,5.0,2
B005OW8YOS,5.0,2
B00AAQLE3Q,5.0,2
B00AAQHJEY,5.0,2
B005OWAHG6,5.0,2
B005OWASY2,5.0,2
B005OWBC1A,4.5,2
B005OWNTJI,5.0,2
B00AAQ2HB4,5.0,2
B005OWO1ZO,4.0,2
B00AARZI4G,4.0,2
B00IZU2KWS,4.0,2
B005OSPG66,5.0,2
B0007Q1CFE,5.0,2
B005ONL0UW,5.0,2
B0007PMZUQ,4.5,2
B00IZUJLDE,4.5,2
B005OOJDQO,4.5,2
B005OPOWDM,4.5,2
B00AATKA8S,5.0,2
B005OQQUBI,5.0,2
B00IZYMBFU,4.5,2
B005ORZIQK,4.0,2
B005OS2DCQ,5.0,2
B00AATIE9K,5.0,2
B0007PF7LA,5.0,2
B0007PCYK2,4.0,2
B00IZOMY1Q,5.0,2
B005NISW2M,4.0,2
B00IZGPNUS,4.0,2
B005NMO312,4.0,2
B00ABGZJNQ,4.0,2
B00ABGNC7G,5.0,2
B0007W1R3U,5.0,2
B00ABGNARI,4.5,2
B005NOQ33Q,5.0,2
B005NOQ48U,5.0,2
B0007W1NMA,5.0,2
B005NR39V2,4.0,2
B00ABEOXXA,5.0,2
B005NR93J4,4.5,2
B005NRJ8AI,4.0,2
B00AB289SW,5.0,2
B005NSDBJQ,5.0,2
B005NSO1RW,5.0,2
B0007W0CDQ,5.0,2
B005NVR4OG,5.0,2
B00IZHETES,5.0,2
B005NW9TBQ,4.5,2
B0007VDR8O,4.5,2
B00IZHF2Y4,4.5,2
B005NMAB0Y,5.0,2
B00ABH2A1Y,5.0,2
B0007W1R4O,4.0,2
B005NIT8FC,5.0,2
B005NIU4RS,5.0,2
B005NIU97I,4.5,2
B005NJB3Q8,5.0,2
B005NKFJ8U,5.0,2
B005NKHJWY,4.5,2
B005NKK2ZK,4.0,2
B005NKRQFE,5.0,2
B00ABIH4A0,4.5,2
B00ABIG9W4,5.0,2
B0007W1R6M,5.0,2
B0007U93YM,4.0,2
B00AB5OEUQ,5.0,2
B005O323R6,5.0,2
B00AB4MVKM,5.0,2
B005O3T7SE,5.0,2
B00AB41OPU,5.0,2
B005O54JBC,5.0,2
B005O552T0,5.0,2
B005O55HQ8,5.0,2
B00AB3WAHC,4.0,2
B00AB3Q46A,5.0,2
B005O81HVE,5.0,2
B00IZNT94C,4.5,2
B00AB33ZAI,4.5,2
B005OA6SVG,5.0,2
B00AB32FZ4,4.0,2
B00AB2PHNW,5.0,2
B00AB2MSZ2,4.5,2
B005OAY93A,5.0,2
B005O2VKXK,5.0,2
B00ABC311W,5.0,2
B005O2SEHU,4.0,2
B005NXQRC4,5.0,2
B00ABB819K,5.0,2
B0007V0DL8,5.0,2
B00ABB59JA,4.0,2
B005NZFUAW,5.0,2
B005NZHANW,4.5,2
B005NZKP52,4.5,2
B00AB9A0T6,4.5,2
B005O0A1FA,5.0,2
B005O0LWLC,4.0,2
B005O0MLI0,4.5,2
B005O0P05G,5.0,2
B00AB7G9JS,4.0,2
B005O1ODVC,5.0,2
B005O1Q7Y8,5.0,2
B005O1Q8AQ,4.0,2
B00AB6D898,5.0,2
B005O298DO,4.0,2
B005O2KX24,4.5,2
B005O2OKZA,4.0,2
B00AB614C6,5.0,2
B0007601Q0,5.0,2
B00075FOWW,5.0,2
B0062YV1LU,5.0,2
B005ZUH1VG,5.0,2
B005ZRXG9U,4.0,2
B005ZS5IFO,5.0,2
B005ZSHY7O,5.0,2
B005ZSWMY4,4.5,2
B005ZTHIR4,5.0,2
B00A4F3RR4,5.0,2
B005ZUP22G,4.0,2
B005ZYDWEM,5.0,2
B00A4EM66I,4.5,2
B00A4EIM16,5.0,2
B005ZV49FG,5.0,2
B005ZV9OR4,5.0,2
B005ZV9QEK,4.0,2
B005ZWBHE6,4.5,2
B005ZWDTDI,4.5,2
B0006O2HS8,5.0,2
B005ZXOYQI,5.0,2
B00A4IXKSW,4.5,2
B005ZQKCR0,5.0,2
B005ZQJWMQ,5.0,2
B00A4RYJSI,5.0,2
B005ZHEVSA,5.0,2
B005ZHO6NU,5.0,2
B00A4OONJQ,5.0,2
B0006OC8XM,5.0,2
B0006OA69A,5.0,2
B005ZIZO08,5.0,2
B00A4NCX4Y,5.0,2
B005ZKD56G,5.0,2
B005ZKJG2S,4.0,2
B00A4MT1ZE,4.5,2
B00A4LDSD6,4.0,2
B005ZQFMSY,4.0,2
B005ZQGGYI,5.0,2
B005ZY7FR2,5.0,2
B005ZYT4J4,5.0,2
B005TL9KA6,5.0,2
B00609VFIG,4.0,2
B0006O0EH4,4.0,2
B00A467RNS,5.0,2
B0060BALM0,5.0,2
B0060BZXDM,4.0,2
B0060CEVQG,5.0,2
B0060DXVGG,5.0,2
B0060FEFU0,5.0,2
B00A4453SQ,4.5,2
B0060FS71I,5.0,2
B0060FSPVK,5.0,2
B0006NZJ7A,4.5,2
B00A43X3OS,4.0,2
B0060HOMBU,4.5,2
B00J4OX6QS,5.0,2
B0060I1SIO,4.0,2
B00A42ZB6W,4.5,2
B00609S7IM,4.0,2
B00609A4QK,5.0,2
B006090VRM,5.0,2
B005ZYWEBY,5.0,2
B005ZZA16I,4.0,2
B005ZZMOHM,4.5,2
B00601JRMA,5.0,2
B0006O10O0,5.0,2
B00J4F468E,5.0,2
B00604MSNM,5.0,2
B00604MTQS,5.0,2
B0006O0VXQ,5.0,2
B0006O0UNC,4.0,2
B00604P8IO,4.0,2
B00605XRLI,4.0,2
B00A48VHGY,4.5,2
B0006O0UA0,5.0,2
B00A48RK7Y,4.0,2
B006070WGO,5.0,2
B006072WWG,4.0,2
B006077SYS,4.0,2
B00A472FKC,5.0,2
B00608JS86,5.0,2
B006090R8A,4.0,2
B00A4S0TJ0,5.0,2
B005ZF07TE,4.5,2
B00A5Y0VNW,5.0,2
B005Y5G23U,5.0,2
B0006PJRYO,4.0,2
B0006PJRTO,5.0,2
B00A5X70JG,4.0,2
B005Y85B0W,5.0,2
B005Y91VLE,4.5,2
B0006PJRBW,5.0,2
B005YBHB5M,5.0,2
B00A5X5IPO,4.5,2
B005ZE30WG,5.0,2
B005YEMO3I,5.0,2
B00A5V8PY2,5.0,2
B005YEUP5M,4.5,2
B005YEVH6I,5.0,2
B00A5TURTK,5.0,2
B005YFFJVQ,5.0,2
B00A5OY87M,4.5,2
B00A5MVV5Q,5.0,2
B005YNB2UK,4.5,2
B005Y4IX4W,5.0,2
B005Y2ASAG,4.5,2
B005Y29IFM,5.0,2
B00A5YT47Q,5.0,2
B005XR3STK,5.0,2
B00A62XTVY,4.5,2
B005XRIBL0,4.0,2
B00J3PPUGC,5.0,2
B005XRX12O,5.0,2
B00A622DRK,5.0,2
B005XS06OE,4.5,2
B005XS372C,5.0,2
B005XS7FU2,5.0,2
B0006PJT42,5.0,2
B0006PJSY8,5.0,2
B005XYI6G8,4.5,2
B005XYLEFS,5.0,2
B005XYLFMU,4.0,2
B005XZJCZ6,5.0,2
B005Y09CKA,4.5,2
B00A5ZEPEC,4.5,2
B005Y15TYW,4.0,2
B005Y16YL4,4.5,2
B005Y1RCO2,5.0,2
B0006OU08C,4.5,2
B005YNBAF2,4.5,2
B005Z4B95Q,5.0,2
B005Z4DBY8,5.0,2
B005Z4HKJA,4.5,2
B0006OLA6I,4.0,2
B005Z4KXHG,5.0,2
B00A56D8Z8,4.5,2
B005Z59006,4.5,2
B00A547P72,5.0,2
B005Z62MUA,5.0,2
B0006OJQ0K,4.0,2
B00J44RZ6U,5.0,2
B005Z759N6,4.5,2
B0006OIUN4,5.0,2
B0006OITTE,5.0,2
B005Z7SCGM,5.0,2
B0006ODQII,5.0,2
B005Z839PU,4.5,2
B005ZA2Z26,4.5,2
B0006OD4G2,5.0,2
B00A4Z235Q,4.5,2
B005ZDG15U,4.0,2
B00A58VF9W,4.5,2
B00A58WAZU,5.0,2
B0006ON1WO,5.0,2
B005YP0XWG,4.5,2
B005YPFIY4,5.0,2
B00A5IUGI8,4.0,2
B005YPXH7E,5.0,2
B005YQ4SOO,4.5,2
B005YQKYVA,4.0,2
B0006OU06O,5.0,2
B0006OU064,5.0,2
B005YRJ6MM,5.0,2
B00A5ES6G6,5.0,2
B005YS60KM,5.0,2
B0006ON4FI,5.0,2
B005YXB386,5.0,2
B0006ON2KA,5.0,2
B005Z1C4AI,4.0,2
B00J40NGZS,5.0,2
B0060I404S,4.0,2
B00A42YSYS,5.0,2
B0006LV9S0,5.0,2
B00627A50U,5.0,2
B00627IZKC,5.0,2
B006289U96,4.5,2
B00A37G7K2,4.0,2
B00J54599E,4.5,2
B0006M4PA8,5.0,2
B0062AE23S,4.5,2
B0062AICHK,4.5,2
B0061YLQTI,4.5,2
B0062AV3SK,4.0,2
B0062AX0MM,5.0,2
B00A35WIYS,5.0,2
B0062BH4WI,4.5,2
B0006LTEDM,5.0,2
B0062CDEPS,5.0,2
B0062CJ7LI,5.0,2
B00A35UL5G,5.0,2
B00A35UHPK,5.0,2
B0062CZDDE,5.0,2
B00621MMKW,5.0,2
B00A3BKI4E,4.5,2
B00A3BUMLS,4.5,2
B00A3BX6O8,5.0,2
B00J4WJBP0,5.0,2
B00A3HY21S,5.0,2
B00J4WV49Q,5.0,2
B00620LSVW,4.0,2
B00A3HW33W,5.0,2
B00620M05A,5.0,2
B0006MVS2G,5.0,2
B00620O1AM,5.0,2
B00620PHBY,5.0,2
B00A3FNRTS,5.0,2
B00A3FK5U2,5.0,2
B00620QN2G,5.0,2
B00620R95Q,5.0,2
B00620S1YY,4.5,2
B00620S2IE,4.0,2
B00620T22O,5.0,2
B00A3DJKNM,5.0,2
B0006MVS0S,5.0,2
B00620WC2G,4.0,2
B0062E6UGQ,4.5,2
B0062ES866,4.0,2
B0062ESLOK,4.5,2
B0062PCXQ6,4.0,2
B00A2Y9JG0,5.0,2
B0062PEQTI,4.5,2
B0062PFCLE,5.0,2
B0062PFR0K,5.0,2
B00A2Y2JLW,5.0,2
B0062PKR46,5.0,2
B0062PLQA0,5.0,2
B00A2XZ1RC,5.0,2
B00J5P0CJ0,5.0,2
B0062RJI5S,5.0,2
B0062RK8UC,4.5,2
B0062TI9C4,5.0,2
B0062UVQMS,5.0,2
B0006LNMBW,4.0,2
B0006LNMB2,5.0,2
B0062W7GIE,5.0,2
B0006LNR8K,4.0,2
B0062PCX1G,5.0,2
B0006LS99W,4.0,2
B0062FD5NQ,5.0,2
B0062FPFRK,5.0,2
B0062GI9EU,4.5,2
B0062GY33G,5.0,2
B0062H2BX4,5.0,2
B0062IBLSE,4.5,2
B0062IJ690,4.5,2
B00A31S8JG,5.0,2
B00A31MQBC,5.0,2
B0006LP97M,4.0,2
B0006LP3D2,5.0,2
B0062N78I6,5.0,2
B0062NSOSY,5.0,2
B00A3JWJCK,5.0,2
B0006NZD5I,5.0,2
B0060OFAE6,4.0,2
B0060OIJHG,5.0,2
B0060OL7JS,5.0,2
B0006NYE1C,5.0,2
B0060OMXUA,4.0,2
B0060OQ8TM,5.0,2
B0060OQJMS,5.0,2
B00A3XSNVC,4.0,2
B0006NYDSQ,5.0,2
B0006NYCPA,4.5,2
B00J4STEH4,5.0,2
B0060P7RHI,4.0,2
B00J4TL5GG,4.0,2
B0006NY214,5.0,2
B0006NY0UM,4.5,2
B0060PEPNW,5.0,2
B00A3VKTT8,4.5,2
B00A3V2V62,5.0,2
B00J4SCFAW,5.0,2
B00J4RWSDC,5.0,2
B0006NYPE8,5.0,2
B00J4P91SY,5.0,2
B00A42V51M,4.5,2
B0060KV6XE,5.0,2
B0060KVABM,4.0,2
B00J4PY49K,4.0,2
B0060L3FZK,4.5,2
B00A41Z2VM,5.0,2
B0060L8RB2,5.0,2
B0060LBBG0,4.0,2
B0060M4IQY,5.0,2
B00A412DFA,5.0,2
B00A40ZZ60,4.5,2
B0006NYUYS,4.0,2
B00J4QYWPA,4.5,2
B0060M95OE,5.0,2
B0006NYUAM,5.0,2
B00A3ZQKTW,4.5,2
B0060NHJVY,4.0,2
B0060QA1V6,5.0,2
B0060QIQ3G,5.0,2
B0006NXP9O,4.5,2
B0061KQG5Q,5.0,2
B0006NXBIO,5.0,2
B0061LVEV6,5.0,2
B00A3PN55O,5.0,2
B0061OFLVW,5.0,2
B0061PECC0,5.0,2
B0006NXBIE,5.0,2
B00A3PHPPA,5.0,2
B0061RW70C,4.0,2
B0061TJZ6Y,5.0,2
B0006NVZT6,5.0,2
B0061WGC7G,4.5,2
B00A3NQJZE,4.0,2
B00A3KR6IQ,4.5,2
B0061HPOG6,5.0,2
B0006NXRYM,4.0,2
B0060QP82I,4.0,2
B0006NXSX2,5.0,2
B0060QPZGW,5.0,2
B0060R05WA,5.0,2
B00A3UQCLI,4.0,2
B00A3UN5NG,4.0,2
B00A3UFRPK,4.5,2
B00A3TG64C,4.5,2
B0060UVV02,4.0,2
B0060VJNYW,4.5,2
B00A3TA882,5.0,2
B00A3TA7YC,4.0,2
B00A3T2QI2,5.0,2
B0006NY0S4,5.0,2
B006103VUO,5.0,2
B0006NXYIQ,4.0,2
B00611P44O,5.0,2
B00A3SMN9A,5.0,2
B0006NXTTK,5.0,2
B00A3QKR2C,5.0,2
B0006NXTS6,4.5,2
B0061DRHII,5.0,2
B0006NXTRW,4.5,2
B0061H58VC,4.0,2
B00A62Y454,4.5,2
B005XQTS6I,5.0,2
B005URE9ZU,5.0,2
B005UPAOOM,5.0,2
B005UPB1XU,5.0,2
B005UPIVOC,4.5,2
B005UPQXME,5.0,2
B005UPS6S8,5.0,2
B00A7FVDTU,4.5,2
B005UR2SZ8,4.0,2
B005UR9U0Y,4.0,2
B00A7FSG2C,5.0,2
B005UTFY3Y,4.5,2
B005UTGG9U,5.0,2
B005UTGNI4,4.0,2
B005UTNL6G,4.0,2
B00J2S55C4,4.5,2
B00A7EW7IM,4.0,2
B005UUI4E4,5.0,2
B005UUIHUA,5.0,2
B0006VS3AC,4.5,2
B00A7GJ0Y4,5.0,2
B00J2S4LH4,4.5,2
B0006ZD1QO,5.0,2
B005UJT4BC,4.0,2
B005UKEJCU,5.0,2
B005UKEJNE,4.5,2
B005UKH3O6,5.0,2
B0006Z4C80,5.0,2
B0006Z348O,5.0,2
B00J2S4NGI,4.5,2
B00J2S4OF8,4.5,2
B005UN66ZA,5.0,2
B005UNE896,5.0,2
B005UNE8KA,5.0,2
B005UNG09M,4.5,2
B005UO2W2K,5.0,2
B005UO7EP0,4.0,2
B005UOESN6,5.0,2
B00J2S4T80,4.0,2
B005UOK1SC,5.0,2
B005UUMBB6,4.0,2
B00A7EPGSA,4.0,2
B005UVRW0U,5.0,2
B00A7A0NAU,4.5,2
B00J2ZLSBY,5.0,2
B005VC4DFU,4.5,2
B005VC4DR8,5.0,2
B005VC4E1S,4.0,2
B005VDJTQC,5.0,2
B005VDK9BQ,4.0,2
B005VDKVU0,5.0,2
B00A77LYR4,4.0,2
B005VDL74O,5.0,2
B00A77LULE,5.0,2
B00A77LM3U,4.5,2
B005VDLC3A,5.0,2
B00A77CVTY,4.0,2
B0006V2S1M,5.0,2
B00A79UIXS,5.0,2
B0006V60H0,4.0,2
B0006V62SW,5.0,2
B00J2S58T4,4.0,2
B00A7EJP1O,5.0,2
B0006VGZGG,5.0,2
B00J2SBQO0,5.0,2
B005V0HHIW,5.0,2
B0006V82QM,5.0,2
B0006V81WW,5.0,2
B0006V6KKC,5.0,2
B00J2V6ZNO,5.0,2
B00A7D118U,4.5,2
B0006V69BM,4.0,2
B005V2VTXE,4.5,2
B00A7C8ZI0,5.0,2
B005V38HFG,4.0,2
B005V3RDK6,4.0,2
B00J2VNH6W,5.0,2
B005V6KAQM,5.0,2
B00A7KP49U,4.5,2
B005UHRRFO,4.5,2
B005TWGA2G,5.0,2
B005TU0SMG,5.0,2
B00A812UQ8,4.5,2
B005TU1MYY,5.0,2
B00A80WUJG,4.5,2
B005TUIGIE,5.0,2
B005TUKF3S,5.0,2
B005TUM824,4.5,2
B00J2O1R8Y,5.0,2
B005TVQQQ2,4.5,2
B000701O9O,5.0,2
B005TX1H2I,5.0,2
B005TXTAE0,5.0,2
B005TY0XS6,5.0,2
B005U1WJGW,4.0,2
B0006ZT1UO,4.0,2
B00A7YUFFE,5.0,2
B005U5JPWY,4.5,2
B005U5KVP4,4.5,2
B005U5KWGC,4.5,2
B005TTY44K,5.0,2
B005TTJC2E,5.0,2
B005TLN3CC,4.0,2
B005TM73E0,4.5,2
B005TMY0IW,4.5,2
B00J2IW978,4.0,2
B00A8412T6,5.0,2
B005TOU94Y,5.0,2
B005TOXD4M,5.0,2
B00A82RGUW,4.5,2
B00J2JEG2I,5.0,2
B005TPOLW4,5.0,2
B005TPVL86,5.0,2
B00A823YOO,5.0,2
B00A821B6M,4.5,2
B00A81WBA8,4.0,2
B00074CB8I,4.5,2
B005TT6G46,5.0,2
B00J2JLNB0,5.0,2
B00J2KPIV0,4.5,2
B005TT8SPQ,4.5,2
B00070MGGE,4.0,2
B00J2PION4,5.0,2
B005U61NKA,5.0,2
B005UEP98O,4.0,2
B005UF5GCM,4.0,2
B00A7P6N4U,4.5,2
B0006ZEYDS,5.0,2
B005UGC142,4.0,2
B005UGVGW0,4.0,2
B005UGVMY2,5.0,2
B00J2S3X8M,5.0,2
B005UGVQW0,5.0,2
B005UHM4YS,5.0,2
B005UHML5K,5.0,2
B005UHRHK4,5.0,2
B005UHRHRC,4.0,2
B00A7R06Y6,5.0,2
B005UDYTGI,5.0,2
B005U62016,4.5,2
B005UDQ41Q,5.0,2
B005U62WX2,4.0,2
B00A7WKW3Q,4.0,2
B005U7UD82,5.0,2
B005U7WCNQ,4.5,2
B005U86C1S,5.0,2
B005U86D3U,5.0,2
B005U86DVM,5.0,2
B005U86EAW,5.0,2
B005U86EFW,5.0,2
B005U86FSS,5.0,2
B005U8PGYM,5.0,2
B00A7TLSQ4,4.5,2
B0006ZHJXK,5.0,2
B0006ZHIKE,4.5,2
B005UCWY4S,5.0,2
B005UCWYVG,5.0,2
B00A7R1Z8M,5.0,2
B00A77ALSW,4.0,2
B0006PKEVE,5.0,2
B00A6HZY6C,4.5,2
B005X5GRCW,4.0,2
B005X5HOLU,5.0,2
B00A6JJA92,5.0,2
B005X6KHEK,4.0,2
B005X6KMZY,5.0,2
B005X6KN6W,4.0,2
B005X6KQUA,5.0,2
B005X6N8FK,4.0,2
B005X6O8K4,5.0,2
B005X6ODW2,5.0,2
B0006PRWPU,4.5,2
B00A6GTIBA,5.0,2
B005X9K3XW,5.0,2
B005X9M9NE,4.5,2
B005X9O6G2,5.0,2
B005X9QFE8,5.0,2
B00A6GRCMW,4.5,2
B005XALZ2O,4.5,2
B005XAM69U,4.5,2
B005X5GN4O,4.0,2
B005X5GMD6,4.5,2
B00J3DPAO6,5.0,2
B0006Q05F8,5.0,2
B0006Q04WW,4.5,2
B00A6RF034,5.0,2
B00J3E6AXK,5.0,2
B00A6R5PTS,4.5,2
B005WPNDJ8,5.0,2
B00A6QVAEI,4.5,2
B00J3EXCHM,5.0,2
B00J3F3FPA,5.0,2
B00A6Q3NKC,4.5,2
B005WW9FPC,4.5,2
B005WX2IJQ,5.0,2
B005WXJES4,5.0,2
B0006PS6MI,5.0,2
B00A6O17LQ,4.5,2
B00A6LYWTS,4.5,2
B005XAN3WO,4.0,2
B005XAZ9E4,5.0,2
B005XG9U6G,4.5,2
B00A68GI1G,5.0,2
B0006PQ9ZY,5.0,2
B0006PQ044,5.0,2
B0006PLOTA,5.0,2
B00A640YBU,4.0,2
B005XOEEX2,5.0,2
B005XOEFKY,5.0,2
B0006PLMBU,4.0,2
B0006PLM38,4.0,2
B0006PKHSO,5.0,2
B00A63JPB6,4.5,2
B005XPGEE8,4.5,2
B005XPPY3U,5.0,2
B0006PKF2W,5.0,2
B005XQB5QO,5.0,2
B005XG8NKK,5.0,2
B00A6G33ZC,4.0,2
B005XCCKZ8,5.0,2
B00A6G0TMW,5.0,2
B00A6G0PCG,5.0,2
B00A6FSSIA,5.0,2
B00A6FJQFE,5.0,2
B0006PRV06,4.0,2
B00A6FBZS0,4.5,2
B005XCINHW,5.0,2
B0006PRUZW,4.5,2
B005XCK5YQ,4.0,2
B005XCK8UC,5.0,2
B00A6BOHS4,5.0,2
B005XD61AC,5.0,2
B005XD61GG,4.5,2
B00A6AU1SU,5.0,2
B005XD9BWW,4.0,2
B00A6AR250,5.0,2
B005XDTG86,4.5,2
B005XEHIH6,4.5,2
B00A77697E,5.0,2
B005VLGE3K,5.0,2
B005VMBY6G,5.0,2
B00J34UJL4,4.5,2
B0006U6HEM,5.0,2
B0006U6HA6,4.5,2
B005VP2ALG,5.0,2
B005VPOKS2,5.0,2
B005VQJ6C6,5.0,2
B00J35SUPU,5.0,2
B00J36PLQA,5.0,2
B005WKWX1M,5.0,2
B00A72RDWO,5.0,2
B005VS6BZE,4.5,2
B005VS75LS,5.0,2
B00A72Q974,5.0,2
B005VSYAS4,4.5,2
B005VT4DW6,5.0,2
B00A71PGQU,5.0,2
B005VTHSSC,5.0,2
B00A71DXU6,5.0,2
B0006TXTLW,5.0,2
B005VKZ0CW,5.0,2
B005VKWJ0S,5.0,2
B0006UOLHW,5.0,2
B00A74GS9G,5.0,2
B005VEDV7Y,4.0,2
B005VEDVJM,4.0,2
B00A76RGAE,5.0,2
B005VEE1AA,5.0,2
B00A76K3F4,4.0,2
B005VEE768,4.5,2
B005VF6NDC,5.0,2
B005VFHFPM,4.0,2
B005VFITKC,5.0,2
B005VG24HK,5.0,2
B00A75KS3W,4.0,2
B005VGUKBC,4.5,2
B00A75KRN8,4.0,2
B00A75KQE8,4.0,2
B005VHN5DG,5.0,2
B0006UZDY2,5.0,2
B00A751BOM,5.0,2
B005VIPF56,4.0,2
B005VTV5DG,5.0,2
B005VU9FDC,5.0,2
B005W7VTL0,5.0,2
B00A6VO1Z8,4.5,2
B005W9XL1Y,4.0,2
B005W9Z5CM,4.0,2
B0006SL44C,4.0,2
B005WBQV8W,5.0,2
B0006SKINA,4.0,2
B005WEZ32O,4.0,2
B005WG6TN4,4.0,2
B0006SIQ4I,5.0,2
B00A6U8826,5.0,2
B005WKCSQM,5.0,2
B00A6T5RJE,5.0,2
B0006Q5HXS,5.0,2
B0006Q23IA,4.5,2
B005WKLBM4,4.5,2
B00J3CKS44,4.5,2
B005WKPFYO,4.5,2
B00A6VPFKI,5.0,2
B0006TQZIG,5.0,2
B005VUP1E4,4.0,2
B005VXO2B4,4.5,2
B005W08UCI,4.5,2
B00A6Z5CW0,4.0,2
B005W1BBK0,4.5,2
B0006TUYWY,5.0,2
B005W2Z2YA,5.0,2
B005W2ZRYA,5.0,2
B00A6XJEZ8,4.5,2
B00A6X3NQ4,5.0,2
B005W38YB2,5.0,2
B005W39BX2,5.0,2
B005W3AJDS,5.0,2
B005W4632S,4.5,2
B005W464MW,4.5,2
B0006TQZKE,4.5,2
B004KG6N6K,5.0,2
B00BV2AX4O,4.0,2
B00BEEMQQM,4.0,2
B001EJOF16,4.5,2
B003760GI0,5.0,2
B003760JZK,5.0,2
B003760LLM,4.5,2
B003760O46,5.0,2
B00EWSY5PM,4.5,2
B003760TB4,5.0,2
B00CQ20GQI,5.0,2
B00CQ20DSY,4.5,2
B001EJOP16,5.0,2
B00CQ1P420,5.0,2
B001EJOOY4,5.0,2
B00376264M,5.0,2
B00376265Q,5.0,2
B003762C32,5.0,2
B003762CKK,4.0,2
B003762GME,5.0,2
B003762GRY,4.0,2
B00CQ0K0XO,4.5,2
B003762JPS,5.0,2
B003762MDC,5.0,2
B003760A5E,4.5,2
B0037604QY,5.0,2
B00EWS7SKQ,4.0,2
B00375XT62,5.0,2
B00CQ781BU,4.5,2
B001EJOROQ,5.0,2
B00EWOCPNK,4.0,2
B00CQ6EQHE,4.0,2
B00CQ68MQ0,5.0,2
B00EWS4YYE,5.0,2
B001EJOQWO,5.0,2
B001EJOQQK,5.0,2
B000TK2OCS,4.5,2
B00CQ4GZPM,5.0,2
B001EJOQ9M,5.0,2
B000TJYTOK,4.0,2
B00CQ3V3U0,4.5,2
B00CQ3Q3IM,4.0,2
B00HKQ7W30,5.0,2
B001EJOFH0,5.0,2
B0037630KQ,5.0,2
B000TKH68K,5.0,2
B001EG23SG,5.0,2
B000KYQXCU,4.0,2
B001EFQEYG,5.0,2
B001EFD68I,4.0,2
B001EF5YHY,5.0,2
B00376P8CE,5.0,2
B00CPS2UGM,5.0,2
B003773ORY,5.0,2
B00CPS1KEA,5.0,2
B0037770ME,5.0,2
B000TKHQ6W,4.5,2
B00EXDOSLW,5.0,2
B003778Z9G,5.0,2
B00GQTY7S0,5.0,2
B000TKIUD0,5.0,2
B00HL2J0HY,5.0,2
B000TKK5Y2,4.0,2
B00CPR83KU,5.0,2
B00377CRKE,5.0,2
B00377DZVO,4.5,2
B00EXDOZY2,5.0,2
B003766P76,5.0,2
B001EHGYOY,5.0,2
B001EJMUPY,5.0,2
B000TKD2D8,5.0,2
B0037637HM,5.0,2
B001EJMQXA,5.0,2
B001EIYDGO,4.5,2
B00EX8YERA,5.0,2
B00EX9AX9W,4.5,2
B000TKH5ZY,4.5,2
B001EH4C0C,4.0,2
B000TKH65S,5.0,2
B003764TG0,5.0,2
B000TKH676,4.5,2
B00CPV0I72,4.5,2
B003765CY8,5.0,2
B00EX9Q98Q,5.0,2
B003765DLK,5.0,2
B00CPTNW4U,5.0,2
B003766JN6,5.0,2
B00CQ784I0,5.0,2
B001EDG29K,4.5,2
B001ENJID2,5.0,2
B001EO5X8U,5.0,2
B00375L8SS,5.0,2
B00375L8TC,5.0,2
B000L0ACQG,4.5,2
B00GR4IOTW,4.5,2
B001EO5X5I,4.5,2
B001EO5X4Y,4.5,2
B00EWCZ9K8,5.0,2
B001EO5X1M,5.0,2
B00CQ9L494,4.5,2
B001EO2G2Q,4.5,2
B00GR370QQ,5.0,2
B000TIQOLC,5.0,2
B00375R6YI,5.0,2
B001ENV4CK,4.0,2
B00375RC1K,5.0,2
B00375L8NS,5.0,2
B000L1V7NC,4.5,2
B001EPKBDG,5.0,2
B00GR6RITM,5.0,2
B000L3WYMS,5.0,2
B000TH5PVI,4.0,2
B00373TCEC,5.0,2
B00373XBXA,5.0,2
B001EP49IO,4.5,2
B00CQAZ93K,4.5,2
B001EOQUFU,5.0,2
B001EO82EW,4.0,2
B001EOK9SY,4.5,2
B00375IZAC,5.0,2
B001EOHNQA,4.5,2
B00CQAJG6Q,5.0,2
B00CQAGSOO,5.0,2
B001EOG02S,4.5,2
B00HKLX8JC,5.0,2
B00375RDSC,4.0,2
B00CQ82X9A,5.0,2
B00375X50C,5.0,2
B00375SNFE,5.0,2
B00CQ7PS20,5.0,2
B00CQ7LUPE,5.0,2
B001ELC782,5.0,2
B000TJLK0G,4.0,2
B001EL2T4E,5.0,2
B001EKF9N8,5.0,2
B000TJMWNU,4.5,2
B000TJS6FI,5.0,2
B00375WWZG,5.0,2
B001EJTW8W,5.0,2
B00GR0GIOO,5.0,2
B00375WX64,4.5,2
B00CQ7DXS6,4.5,2
B00EWNOP1G,4.0,2
B001EJORZK,5.0,2
B00375X3EK,4.0,2
B00CQ7PY7O,5.0,2
B00EWNOK0W,5.0,2
B00CQ7UT4W,5.0,2
B00CQ80U86,4.0,2
B000KZ6D4M,5.0,2
B001ENEIFK,4.5,2
B00375T7MC,4.5,2
B00375T9PM,5.0,2
B00375TFTW,5.0,2
B00CQ7VYF0,5.0,2
B00375TKH4,5.0,2
B00375U7W6,5.0,2
B000TJELJ8,5.0,2
B00375UIRA,5.0,2
B00CQ7S4B2,5.0,2
B00EWLNGRC,4.0,2
B001ELOJCY,5.0,2
B001ELHA4S,4.0,2
B00CQ7QB2G,5.0,2
B00377E5O0,4.0,2
B000KSXRJI,5.0,2
B00EXPS0LO,4.5,2
B0037MJYBY,5.0,2
B001EBLGH0,4.0,2
B00EXPSOII,5.0,2
B00CPCM4E6,5.0,2
B000TNLSKO,5.0,2
B001EBG9AE,5.0,2
B0037MOCI4,5.0,2
B00HLF9BCA,5.0,2
B00EXPUWL0,5.0,2
B00CPB4Y0O,5.0,2
B0037MQE4O,5.0,2
B000KU2QUM,5.0,2
B0037N7NB6,4.5,2
B000TNXSFC,5.0,2
B0037O72TI,4.0,2
B000TNZU2G,5.0,2
B00EXPPDIM,4.5,2
B00CPD94AW,5.0,2
B00CPDNM8W,5.0,2
B00GQNPBC2,5.0,2
B000KUIWLY,5.0,2
B00CPGIAC2,5.0,2
B0037MDCO4,5.0,2
B00EXKAO18,5.0,2
B0037MF904,4.5,2
B001ECQ31S,5.0,2
B001ECQ31I,5.0,2
B0037MFEXG,5.0,2
B000TN9Y5A,4.5,2
B001EBWSL8,5.0,2
B0037MJ1QC,5.0,2
B00CPEEYTW,5.0,2
B00CPE8402,4.0,2
B000KU93OO,4.0,2
B001EBQLQ6,4.5,2
B0037MHTBQ,5.0,2
B00EXO2BME,4.5,2
B00HLCN2WI,4.0,2
B000KU937G,4.5,2
B001EBN80S,5.0,2
B000KU935S,5.0,2
B0037MIPJ6,4.5,2
B0037QGBCA,5.0,2
B000KSN24S,5.0,2
B001ECQ38Q,4.5,2
B00CP74NGI,5.0,2
B0037XUH00,4.0,2
B0037XW28U,4.0,2
B000KQEGHW,5.0,2
B00CP74K7U,5.0,2
B00GQD5DIE,5.0,2
B000KQDW9U,4.5,2
B000KQDW8G,4.5,2
B0037Z9T20,4.5,2
B0037ZCFOE,4.5,2
B000TSIJDS,5.0,2
B0037ZCHKG,4.5,2
B00GQAMLY6,5.0,2
B00CP6ICMU,5.0,2
B0037ZG2YI,5.0,2
B000KQCEV2,5.0,2
B0037X4WR4,5.0,2
B0037WZHZQ,5.0,2
B00GQI9934,4.0,2
B001E96OWE,5.0,2
B000TQCCBU,4.0,2
B00CP8ADFC,5.0,2
B000TQDP8E,4.0,2
B00GQIVL1M,5.0,2
B0037U73I2,4.0,2
B000TQG3ME,5.0,2
B001E96NTI,5.0,2
B001E96NNY,5.0,2
B00CP7FTKC,5.0,2
B000TQHRQ0,4.0,2
B000TQHUE4,5.0,2
B000TQHUHG,5.0,2
B000TQIKHA,4.5,2
B0037W5BB6,4.0,2
B00HLMC1NY,5.0,2
B000TQLOXC,5.0,2
B001E96NB6,4.5,2
B0037M9T4Q,5.0,2
B001ECQ57U,5.0,2
B001ECU062,4.0,2
B00CPO7OLC,5.0,2
B0037B8DTE,5.0,2
B00CPO00PO,4.5,2
B001ECTZ7M,5.0,2
B00CPNDTQW,5.0,2
B00CPN9H54,5.0,2
B00HL6TCB4,5.0,2
B000KWQ16U,5.0,2
B001ECQ7OG,5.0,2
B0037D0J4E,5.0,2
B001ECQ5K2,5.0,2
B00GQSDNX6,4.5,2
B000TKS436,4.5,2
B001ECQ5CU,5.0,2
B0037FMUD0,5.0,2
B0037FT8WQ,5.0,2
B000KWREPM,5.0,2
B001ECVHOG,4.5,2
B00379TCPU,5.0,2
B00CPQQ506,5.0,2
B00377RPEC,4.5,2
B00EXEV1XE,4.5,2
B00378HMQ2,5.0,2
B00378NU9A,4.5,2
B000KY41VA,5.0,2
B000KY2E3W,4.5,2
B00CPOBNQ4,4.5,2
B0037A2Z76,4.5,2
B0037A4K92,4.5,2
B00EXFNTMY,4.5,2
B0037A6UJ0,5.0,2
B00CPOQDD2,4.0,2
B0037AHBG6,5.0,2
B000TKM3YW,5.0,2
B001ECYKCW,4.5,2
B00HL58H98,5.0,2
B00HL88CMW,5.0,2
B000KULG58,5.0,2
B000KWLMMI,5.0,2
B0037LKPZO,4.0,2
B000TN3YM4,5.0,2
B001ECQ3XG,4.5,2
B0037LMUJS,4.5,2
B001ECQ3QS,5.0,2
B00EXJRC9G,5.0,2
B001ECQ3KO,5.0,2
B000KUW9QI,4.5,2
B001ECQ3J0,5.0,2
B0037LPD2Y,5.0,2
B00HLAUKDY,5.0,2
B000KUT8H6,4.0,2
B0037LSMEA,4.5,2
B0037LT24O,5.0,2
B00EXJVFNU,5.0,2
B001ECQ3DG,4.0,2
B0037M3II4,5.0,2
B001ECQ39A,5.0,2
B00CPH0CU4,5.0,2
B0037M6QK6,4.5,2
B0037M6XBS,5.0,2
B0037M8Z00,4.0,2
B00GQQAQUQ,5.0,2
B0037LKA2C,5.0,2
B0037IBZ6A,5.0,2
B001ECQ50M,5.0,2
B0037G5DNI,4.0,2
B000TLU096,5.0,2
B0037GZ7BG,4.5,2
B0037H0ACQ,5.0,2
B00HL89JPG,4.5,2
B000KWLLJM,5.0,2
B0037H83AW,5.0,2
B000TMVR88,4.5,2
B000KWLDZY,4.5,2
B000KVDS4Y,5.0,2
B001ECQ4KS,4.5,2
B0037JVYOW,5.0,2
B00GQQUCPU,5.0,2
B00HL94IWO,4.0,2
B000KVH1QK,4.5,2
B000KVDSGW,5.0,2
B000KVDSB2,4.5,2
B000TGUNQG,4.0,2
B001ET7EL4,5.0,2
B003674REO,4.0,2
B000TA32PQ,5.0,2
B00367CN40,5.0,2
B000LDNWWE,5.0,2
B000TA4WY6,5.0,2
B000TA64OW,5.0,2
B000TA6Q4U,5.0,2
B000LD8XLE,5.0,2
B001ET7FYA,5.0,2
B00369CMVW,4.5,2
B00369FLEC,5.0,2
B000TAC2OS,5.0,2
B001ET7FNG,4.5,2
B00CRFEHW8,5.0,2
B00HJLB5UC,5.0,2
B001ET7EX2,4.5,2
B0036B817O,4.5,2
B00366XZFM,5.0,2
B00366WPZ8,5.0,2
B00CRMKG3K,5.0,2
B003652WMK,4.5,2
B00HJHBXWG,4.0,2
B001ET7KJK,5.0,2
B003658PIA,5.0,2
B00365IE2C,5.0,2
B000T94QT8,5.0,2
B000T992H4,5.0,2
B000T9PO2G,5.0,2
B00365YY62,5.0,2
B000LEDQYC,4.5,2
B000T9IAYU,5.0,2
B001ET7JBO,5.0,2
B001ET7J00,4.5,2
B001ET7IS8,4.0,2
B000T9N4M8,4.5,2
B000T9NWDE,5.0,2
B00366LKOA,5.0,2
B00CRKT59I,5.0,2
B001ET7EO6,5.0,2
B00HJLB8U4,5.0,2
B00363LO0S,5.0,2
B00HJLBG5G,5.0,2
B00EVTDS4Q,5.0,2
B00CR736RS,4.5,2
B00GRPGLUU,5.0,2
B000LBV70U,5.0,2
B001ET7AXQ,4.5,2
B0036FTDYU,5.0,2
B00EVTMUEU,5.0,2
B0036FTE1W,5.0,2
B000TBXJSK,4.5,2
B001ET7A2C,5.0,2
B000TBXPVQ,5.0,2
B001ET79PU,4.5,2
B001ET79F0,4.0,2
B0036FTEUI,4.5,2
B0036FK75E,5.0,2
B000TBL1JE,4.0,2
B00GRPRJ7Y,4.5,2
B0036BHFBC,4.5,2
B001ET7EJQ,5.0,2
B000LD165E,4.5,2
B001ET7EGY,4.5,2
B0036BWK44,5.0,2
B000LCZ2R8,5.0,2
B0036C0WG6,4.0,2
B000TAXVRU,4.0,2
B0036C944W,5.0,2
B001ET7DGU,5.0,2
B00CR942BK,4.5,2
B000TAY9C6,4.5,2
B000TAZVY6,5.0,2
B0036DJTKA,5.0,2
B00363HW1I,5.0,2
B0035W01TU,5.0,2
B0035T9QEO,4.5,2
B000LGKZ3A,5.0,2
B000LGJ5MM,5.0,2
B0035U343M,4.0,2
B00CS3CHUS,4.0,2
B0035UV5YM,5.0,2
B00CS38YZK,4.5,2
B000LG3G2W,4.5,2
B0035UZ3BS,4.0,2
B00CS37HNU,5.0,2
B001EVX81C,5.0,2
B0035V5W54,5.0,2
B001EVX77M,5.0,2
B0035V7STC,4.0,2
B00EVBYS5M,5.0,2
B0035V9OC6,5.0,2
B00CS3T5YO,4.5,2
B001EWET7S,4.0,2
B0035Q69KQ,4.0,2
B001EWF1AC,4.5,2
B00HJ9FCT4,4.5,2
B00GS6IQ1K,5.0,2
B001EWF0WG,4.5,2
B001EWF0UI,5.0,2
B0035RGW2K,4.0,2
B001EWETA0,5.0,2
B00GS4OEB8,4.5,2
B00GS4DX2E,5.0,2
B001EWEPCM,5.0,2
B0035RKILQ,5.0,2
B001EWEPC2,5.0,2
B0035RLMTI,4.5,2
B0035RNJNK,5.0,2
B0035RNM9Q,5.0,2
B0035RNW0K,5.0,2
B0035RQHR0,4.5,2
B0035RQHRA,4.5,2
B000T4UR7I,4.0,2
B0035YPHGK,5.0,2
B0035YRKT2,5.0,2
B0035YTGOE,5.0,2
B0035Z0BFQ,5.0,2
B00CRTRXOS,5.0,2
B00EVET958,5.0,2
B003609O94,4.5,2
B00361QP6S,4.0,2
B001ETWO4G,5.0,2
B00CRS7ULK,4.5,2
B003624XUM,5.0,2
B003629CLM,4.5,2
B00362ANXS,4.0,2
B000T5IG2U,5.0,2
B00362X4WK,4.0,2
B00HJEGYFA,5.0,2
B000LEHMJM,5.0,2
B0035YNB4U,5.0,2
B000T50UNS,4.5,2
B00EVCZRHE,4.5,2
B000LG1JQW,4.0,2
B001EVOOEW,5.0,2
B001EVNSJ4,5.0,2
B0035XD6ZA,4.0,2
B0035XI6GO,4.5,2
B0035XP08G,5.0,2
B0035XU9FK,5.0,2
B00CRW9OX8,4.5,2
B00CRW42DU,5.0,2
B00EVDESUK,5.0,2
B0035Y65TS,5.0,2
B0035Y7IIA,4.0,2
B0035Y98CY,5.0,2
B00CRW1JSG,4.5,2
B0035YD0R8,5.0,2
B0035YDHPS,4.5,2
B000LA0YIM,4.5,2
B001ET78S8,5.0,2
B00CQCP9C4,4.5,2
B00CQIFHKC,4.5,2
B000TG626G,4.5,2
B0036YK4OE,5.0,2
B000L6DF5K,5.0,2
B0036YWDES,5.0,2
B0036YYBB6,4.0,2
B00EW497EA,4.0,2
B00HK6AHRI,4.0,2
B0036Z1W58,5.0,2
B001ET6WSU,4.5,2
B001ET6WQM,4.5,2
B000TGA1MC,5.0,2
B001ESNUZO,5.0,2
B00CQK7ICA,4.5,2
B000L57GQA,5.0,2
B00CQMG40A,5.0,2
B00GRFLI2Q,5.0,2
B000TFTC5U,5.0,2
B001ET6ZHS,5.0,2
B0036VC0V2,5.0,2
B0036VT1AK,5.0,2
B001ET6ZDM,5.0,2
B0036WB2KG,4.0,2
B0036WFS5Q,4.5,2
B000L6IK5K,5.0,2
B001ET6YKG,4.5,2
B001ET6XQQ,5.0,2
B00GRHWB2A,4.5,2
B0036WUGW6,4.0,2
B0036XNPGY,4.5,2
B001ET6Y10,4.5,2
B000L6I5UK,5.0,2
B001ET6XTS,5.0,2
B0036YCGS6,5.0,2
B00GRFXKGS,5.0,2
B0036UXYVS,4.0,2
B001ESIZYU,5.0,2
B00CQE6DRM,5.0,2
B000TGNW5K,4.5,2
B00371UIG0,5.0,2
B00371WMJG,5.0,2
B00EW7GOZW,5.0,2
B003721VII,4.0,2
B001EQMLM4,4.5,2
B001EPYS7G,5.0,2
B00373BIVW,5.0,2
B00HKGBEA2,5.0,2
B00373DKZY,4.5,2
B000L48KSO,4.5,2
B00371PJYG,4.0,2
B000L53I2Q,5.0,2
B000TGC6RU,4.5,2
B000L57ERQ,5.0,2
B000L57E1M,5.0,2
B0036ZLIAW,5.0,2
B0036ZLRFS,5.0,2
B000TGEI6M,5.0,2
B0036ZUE3Y,4.0,2
B000TGEJZM,4.5,2
B001ES8GHQ,4.0,2
B000TGGM5M,5.0,2
B001ES8G76,4.5,2
B001ES8G3K,5.0,2
B001ES8FT0,5.0,2
B001ES6YDE,4.5,2
B000L55DSS,4.0,2
B00HK8UGOA,4.5,2
B001ES6YAW,5.0,2
B00371BVXY,5.0,2
B00371BVY8,4.5,2
B001ES6Y5W,4.0,2
B0036UXSV4,5.0,2
B000TD2P7Y,4.5,2
B001ET7856,4.5,2
B00CQX2R8W,4.5,2
B000TCWW64,4.5,2
B00CQUZVVU,4.5,2
B001ET77Y8,5.0,2
B0036IPPRG,5.0,2
B000L9A03M,4.5,2
B0036JHQ7C,4.0,2
B001ET77UM,5.0,2
B000TCZLQ2,5.0,2
B000L8L5SM,5.0,2
B00EVW0YEK,5.0,2
B001ET77T8,4.5,2
B0036JLE8E,4.5,2
B000TD0UBM,5.0,2
B00GRLOER6,5.0,2
B001ET77RU,4.0,2
B000TD0UNK,5.0,2
B00CQXALHQ,4.5,2
B0036G8RGO,5.0,2
B0036G6M0M,5.0,2
B000L9WT7M,4.5,2
B000TBZHXU,5.0,2
B0036G1H9S,4.5,2
B001ET78J2,4.0,2
B0036G1LH6,5.0,2
B0036G2UR6,5.0,2
B0036G552I,5.0,2
B000TC31TQ,5.0,2
B0036G8R2I,5.0,2
B0036G6TFU,5.0,2
B00EVVHVT2,5.0,2
B0036G6UZY,4.0,2
B000TC34VG,4.0,2
B00GRMSIGI,5.0,2
B000TCSA3I,5.0,2
B00CQXR264,4.0,2
B00CQXLVAW,4.0,2
B001ET77OI,5.0,2
B000TD2PME,5.0,2
B0036UXGX4,5.0,2
B000TD2PU6,5.0,2
B0036QWRTM,5.0,2
B000TDV9C6,5.0,2
B0036QXR7I,5.0,2
B000L6MJKM,5.0,2
B0036R0RDO,5.0,2
B001ET72JI,5.0,2
B001ET72I4,4.5,2
B0036S5IGY,5.0,2
B0036S6C5K,4.5,2
B0036SBSRM,5.0,2
B000L6MET8,5.0,2
B0036TF0TS,4.0,2
B00HK13YS2,4.5,2
B0036U35VM,5.0,2
B001ET71OO,5.0,2
B00CQNV5QM,4.0,2
B00CQNUL4Y,5.0,2
B001ET71F8,5.0,2
B00HK1KNKO,5.0,2
B0036US2MO,4.5,2
B000L6K85K,4.5,2
B001ET70H2,5.0,2
B000L6ODM4,4.5,2
B000TDQL5Q,4.5,2
B000TDMXS0,5.0,2
B0036Q4MTU,5.0,2
B0036MDUE2,4.0,2
B0036MG5TY,4.0,2
B001ET77FM,4.0,2
B001ET77D4,4.0,2
B001ET77CU,5.0,2
B001ET778Y,5.0,2
B000TD4QOY,4.5,2
B000TD4R1Q,5.0,2
B0036PWSYW,5.0,2
B0036Q1CZW,4.0,2
B000TD4RSO,4.0,2
B000L6OEY6,4.5,2
B0036Q58ZC,4.0,2
B000TD4SCE,5.0,2
B0036Q6EV4,5.0,2
B000TD5JT0,5.0,2
B0036Q8QKQ,5.0,2
B001ET76GW,4.0,2
B00CQQW4FK,5.0,2
B000TD5K9O,5.0,2
B000TD7W2C,4.5,2
B0037ZHDCS,4.5,2
B000KQCD9U,5.0,2
B003AM21RA,4.0,2
B000KER55Y,4.5,2
B003AMZ7I0,5.0,2
B003AN1K5S,4.5,2
B003ANDOMA,4.0,2
B000KEMO78,4.5,2
B003ANMOQ2,4.0,2
B00CNFP3T8,4.5,2
B003ANQV48,4.0,2
B001E23514,5.0,2
B00EYO2FGU,5.0,2
B00EYOHGPU,4.0,2
B000KEKGUK,4.5,2
B003AOIAXM,5.0,2
B003AOJ0KO,5.0,2
B003ALVYTC,5.0,2
B000KESM7E,5.0,2
B001E2A30K,5.0,2
B001E3G5IS,5.0,2
B001E3FQB0,4.0,2
B00EYIQ9PY,5.0,2
B00EYJAVZC,5.0,2
B003AKI2UM,4.0,2
B000KFKS5M,5.0,2
B001E378LQ,5.0,2
B00EYM2N82,4.5,2
B003AKL70O,5.0,2
B001E3439Q,4.5,2
B003AKU9QW,4.0,2
B001E32MUS,4.0,2
B00HMUNO4K,4.0,2
B001E2ZREC,5.0,2
B003AL01CI,4.0,2
B003AL01LO,5.0,2
B000U7MEPC,5.0,2
B000KEIGL6,5.0,2
B003AOSUHI,5.0,2
B000KFTBBY,5.0,2
B003AOVVW4,5.0,2
B003ASZXYM,5.0,2
B00HMZT0VQ,5.0,2
B00GP30EHK,4.5,2
B000KDZE58,5.0,2
B00CNBN97A,5.0,2
B001E16PRG,4.0,2
B001E16N82,5.0,2
B003AT6JIU,5.0,2
B003AT6ZVQ,4.5,2
B00EYVRX0Q,5.0,2
B001E16HTM,5.0,2
B003ATC8IU,4.5,2
B003ATCNBC,4.5,2
B003ATDICA,5.0,2
B003ATDZ3M,5.0,2
B003ATGRT6,4.5,2
B001E18GJG,5.0,2
B003ASSRWC,5.0,2
B00CNC4MIO,5.0,2
B003APBKNS,5.0,2
B001E1AVJ4,4.0,2
B003AQI7SI,4.0,2
B001E1ALI0,4.5,2
B00EYQZKB0,4.5,2
B00CNBXVI2,5.0,2
B003ARL8CE,5.0,2
B003ARMD8C,5.0,2
B003ARN9O4,5.0,2
B003ARP398,4.5,2
B000KE1X20,4.0,2
B00EYRNRK0,4.5,2
B000KE1A5A,5.0,2
B003AK4IS2,5.0,2
B003AK28W0,5.0,2
B001E5EA4W,4.0,2
B001E68RQS,5.0,2
B001E631UA,5.0,2
B000KHGGW4,5.0,2
B003A5GKB0,5.0,2
B001E5ZM1C,4.0,2
B000KHGGPG,5.0,2
B00CNWYZNG,5.0,2
B00HMRHFH0,5.0,2
B003A6OCIC,5.0,2
B003A6Q31G,4.5,2
B001E5ED6C,4.0,2
B001E5ECWW,5.0,2
B00EYBFLVO,5.0,2
B00CNVNCPE,5.0,2
B000KHB7ZU,5.0,2
B00CNVBGNO,4.0,2
B001E5EBRI,5.0,2
B00CNXJA12,4.0,2
B00CNZ3WPK,5.0,2
B001E6OBUY,5.0,2
B000U5R030,5.0,2
B000U5TWHW,5.0,2
B001E6OAAU,4.0,2
B000U5TXVW,5.0,2
B003A0OR4W,5.0,2
B000U5V2U2,5.0,2
B00CNZDYYY,5.0,2
B000U5W70Q,4.5,2
B000U5W710,5.0,2
B003A29ADI,5.0,2
B00CNY2W4S,4.5,2
B003A2P3LG,5.0,2
B00CNXVQQY,4.0,2
B003A3AKRC,5.0,2
B001E5EAA6,4.5,2
B001E5EA0Q,5.0,2
B003ACQY4Q,5.0,2
B000KGAC6G,5.0,2
B00CNKZZ7S,5.0,2
B003AGB0NC,4.0,2
B00EYG709U,5.0,2
B001E495C0,4.0,2
B00CNK4L4Q,4.0,2
B000KG790I,4.5,2
B003AGTLD8,5.0,2
B001E45G28,5.0,2
B00CNJX8SM,4.0,2
B001E43WBU,4.5,2
B003AHFK78,4.5,2
B003AJ6KPM,5.0,2
B000KFYFVA,5.0,2
B00EYIAR52,5.0,2
B001E42TPA,5.0,2
B001E40QSW,5.0,2
B003ACK16I,5.0,2
B003AC9952,5.0,2
B00CNT8T4A,5.0,2
B000KGTMGM,5.0,2
B003A8N23G,4.5,2
B00CNTRWNY,5.0,2
B00GP61N7W,5.0,2
B003A969OY,5.0,2
B001E5E9SY,5.0,2
B000U6EU8M,4.0,2
B000KGM2JG,5.0,2
B000KGKRCU,5.0,2
B00CNT38PA,5.0,2
B000KGAZ9A,5.0,2
B00CNSD7RA,5.0,2
B00CNQQAIU,5.0,2
B001E54KGA,5.0,2
B003AB3AI0,4.0,2
B003ABURIG,4.0,2
B003AC50OQ,5.0,2
B000U6KIEM,5.0,2
B000KDYQPM,4.5,2
B0037ZTX5S,4.5,2
B003B5N04E,4.5,2
B000K86KR4,5.0,2
B001E106PI,5.0,2
B001E0ZY1K,4.5,2
B00EZI3OWO,5.0,2
B00CMJNWFC,4.0,2
B000K7O5N6,5.0,2
B001E0ZRGC,5.0,2
B00HNG77YQ,4.0,2
B00HNHLZBQ,5.0,2
B000K7O5FO,5.0,2
B000K7O5D6,5.0,2
B003B6LI10,4.0,2
B003B6LKZE,5.0,2
B003B6LMZC,4.5,2
B00CMJCOII,5.0,2
B003B6MIQY,4.5,2
B00EZIPEVI,5.0,2
B003B57QMQ,5.0,2
B003B4R6L8,5.0,2
B00CMNOH4S,5.0,2
B003B323VC,5.0,2
B00CMNOM0M,4.5,2
B000K8I450,4.5,2
B000K8G5YC,4.5,2
B003B3OKMW,5.0,2
B00CMNOLM6,4.5,2
B003B3PZB2,4.0,2
B003B3Q73C,5.0,2
B003B3UD46,4.0,2
B003B3UE0Y,4.5,2
B00CMMYG0E,4.5,2
B00EZCDV2S,4.0,2
B003B3VLH4,4.0,2
B003B3XY5Q,5.0,2
B003B3YDPQ,5.0,2
B00EZCU2SO,4.0,2
B003B405TI,4.0,2
B001E10I7E,4.5,2
B003B4PHT6,4.0,2
B001E0ZGA4,5.0,2
B001E10VTY,5.0,2
B00CMJC4JW,5.0,2
B00CMGN3FY,4.0,2
B001E0YI44,5.0,2
B003BA4OBC,5.0,2
B00EZLAP4Q,5.0,2
B003BAEVTC,4.5,2
B003BAEWKK,5.0,2
B001E0YHN6,5.0,2
B00CMFV5V4,4.5,2
B001E0YH3Q,5.0,2
B00CMFOBL0,4.5,2
B003BCEIUM,5.0,2
B003BCFQLW,4.5,2
B00CMFO5OS,5.0,2
B00CMFN9W2,5.0,2
B001E0YF60,4.5,2
B00CMFN8NC,4.0,2
B000U8J9UE,5.0,2
B003B9E8JG,4.0,2
B000K7MDFI,5.0,2
B00CMI0BB6,4.5,2
B00CMJBU56,5.0,2
B001E0ZF0A,5.0,2
B003B6QRDE,4.5,2
B000U8J8SM,5.0,2
B003B6QTD2,5.0,2
B00CMIYIM4,5.0,2
B00EZIZEKE,5.0,2
B00EZIZERW,5.0,2
B003B6SRA0,5.0,2
B003B76LCA,5.0,2
B003B7PUEA,5.0,2
B000K7MDGC,4.5,2
B003B7U5WC,5.0,2
B003B7VT0Y,4.5,2
B003B7XN9O,4.5,2
B003B7Y9F6,4.0,2
B00CMHGMI8,5.0,2
B00EZL8E94,5.0,2
B000K8S05O,4.0,2
B003ATJN0G,5.0,2
B00CMUVCZ8,5.0,2
B001E13L1E,5.0,2
B001E13A3S,4.5,2
B00CMWYCYE,5.0,2
B000U80D8G,4.5,2
B00CMWPBEY,5.0,2
B003AV7F04,5.0,2
B00EZ3GZ0M,5.0,2
B001E12ZN4,4.5,2
B00EZ3MNXU,4.0,2
B000KC2HGS,5.0,2
B00CMWDGXC,4.0,2
B00EZ3PUFI,5.0,2
B003AVNLNE,5.0,2
B003AVNLNO,5.0,2
B00CMW205M,5.0,2
B003AVNSJG,4.0,2
B003AVNSKK,4.5,2
B003AVNSLY,5.0,2
B003AW04WE,4.5,2
B00CMXXGJ0,5.0,2
B001E13SHQ,4.5,2
B000KDYQ0C,4.0,2
B001E169FE,5.0,2
B00EYYMG78,5.0,2
B00GP306G4,4.5,2
B003ATLQO2,4.0,2
B000KDYPX0,4.0,2
B00EYZ8MRU,5.0,2
B003ATNBQS,5.0,2
B003ATNLR2,4.5,2
B00CN0NFH0,4.5,2
B00CMXZTMM,5.0,2
B00CN0DZNO,5.0,2
B000KDWVYA,5.0,2
B000KDWVWM,4.5,2
B000U7TBEY,4.5,2
B003ATZOWC,5.0,2
B00EYZY6XY,5.0,2
B001E12KFC,5.0,2
B00EZC72CI,5.0,2
B00CMURQEY,4.5,2
B001E12214,4.0,2
B00HNBLMGU,5.0,2
B001E120SE,4.5,2
B00CMRIBKK,5.0,2
B000K9D0CQ,5.0,2
B00EZ9Z0W0,5.0,2
B001E11WNS,5.0,2
B00CMR836C,4.5,2
B000K9AG3C,5.0,2
B00EZAM9I2,5.0,2
B003B04L0Q,5.0,2
B001E11DWS,5.0,2
B000U862N6,5.0,2
B00EZAZOAM,5.0,2
B001E116L6,4.5,2
B001E111DY,5.0,2
B003AYEUL8,5.0,2
B001E12318,5.0,2
B000U82RMG,4.5,2
B001E124C6,4.0,2
B001E12BYC,5.0,2
B001E12B8I,5.0,2
B003AXLK3U,5.0,2
B003AXNARY,4.0,2
B001E127AA,4.5,2
B003AXXL82,4.5,2
B003AY0Y0Y,5.0,2
B003AY2C36,5.0,2
B000KBBVI4,5.0,2
B00HN8FKAC,5.0,2
B003AYEUGI,5.0,2
B000KAO3YO,5.0,2
B000KAMAJE,4.0,2
B001E1241M,5.0,2
B00HNA4RKO,5.0,2
B000K9QXS4,5.0,2
B000K9EUE8,5.0,2
B001E6OBWC,5.0,2
B000U5JSZI,5.0,2
B0038NVTOW,5.0,2
B0038NYMAK,5.0,2
B00COU5EE6,4.5,2
B000TY1GLY,4.5,2
B00COTUEIS,5.0,2
B00COTFFWS,5.0,2
B0038O6SJC,5.0,2
B0038OAITS,5.0,2
B001E7BBZQ,4.5,2
B00HLV1SKM,4.0,2
B0038ONOMQ,5.0,2
B0038PDYZC,5.0,2
B001E7BBKQ,5.0,2
B001E7BBG0,5.0,2
B00GPSH3J2,5.0,2
B0038PW4AS,4.0,2
B000TYNQ76,5.0,2
B0038Q03DM,5.0,2
B00COR5ZQG,4.5,2
B00COU6KRG,4.5,2
B000TY0YTY,4.0,2
B00COULFQC,5.0,2
B000KOO99O,5.0,2
B00COW97P6,5.0,2
B00EXRRETG,4.5,2
B0038KW5TS,4.5,2
B0038KZDBU,4.5,2
B0038L37OY,4.5,2
B0038L5T3Q,4.5,2
B00COV2LUA,4.5,2
B0038LB2MS,5.0,2
B000TXTY9Q,5.0,2
B00COUOLV8,5.0,2
B000KOO0A2,4.5,2
B000TXUZ3A,5.0,2
B00COUQAJ4,5.0,2
B0038MGBN2,5.0,2
B0038N400M,5.0,2
B00COUOPR8,5.0,2
B00COQXLZO,4.5,2
B001E8L7MM,4.5,2
B0038TCQ8O,5.0,2
B001E77MPE,5.0,2
B00HLVHUHC,5.0,2
B000KOIBTS,5.0,2
B001E77KC4,5.0,2
B001E77K1U,5.0,2
B000KOI53A,4.5,2
B00HLWY9NE,4.5,2
B0038VW70O,5.0,2
B0038XHIG0,4.5,2
B00EXV3KF4,4.0,2
B0038ZF2XE,4.5,2
B0038ZKNJW,5.0,2
B00EXVYLD4,5.0,2
B001E77NNA,5.0,2
B001E77O0C,5.0,2
B00COQAA94,5.0,2
B001E77QDC,4.5,2
B000TZ3SVO,4.0,2
B0038Q3AVE,5.0,2
B0038Q5ZVC,4.5,2
B001E77UC4,4.0,2
B0038R0804,5.0,2
B00COQR4G6,5.0,2
B001E77SX0,5.0,2
B0038R8KWW,5.0,2
B001E77PO2,5.0,2
B000KOK4V6,5.0,2
B000TZ5KN8,5.0,2
B001E77P7O,5.0,2
B000KOK44S,5.0,2
B001E77OL6,4.0,2
B0038SZHMW,5.0,2
B001E8LID0,5.0,2
B001E6OCF8,5.0,2
B00389VO14,4.0,2
B00384A2DK,5.0,2
B00384A2XU,5.0,2
B000KQ949M,5.0,2
B001E96LRW,5.0,2
B000TTLBWI,5.0,2
B001E96L9U,4.5,2
B000TTLD6M,5.0,2
B00HLQY13S,4.5,2
B000KQ0GNA,5.0,2
B000TTO0SU,5.0,2
B003866PJS,5.0,2
B000KPXF3Y,4.0,2
B001E96L5E,5.0,2
B00CP4ANK6,5.0,2
B00HLP6JYS,5.0,2
B00380ZFY0,4.0,2
B001E96M8A,5.0,2
B00HLPMYRY,4.0,2
B00381Z9KO,5.0,2
B00CP5VUMA,4.5,2
B00382I56S,4.5,2
B000KQBRM4,4.5,2
B00382VMPY,5.0,2
B003835Y0W,4.0,2
B001E96LU4,5.0,2
B003837KHC,4.5,2
B00CP5RVSW,4.5,2
B000TTHUA0,5.0,2
B00CP5DRXU,5.0,2
B00383ONWW,5.0,2
B000KQAGDK,4.5,2
B000TTHUKU,5.0,2
B001E96LUE,5.0,2
B000TTP9P8,4.5,2
B0038A93WA,5.0,2
B0038HVEK2,5.0,2
B0038HWCZI,4.5,2
B000KOU3BC,4.5,2
B000TVPMZ8,5.0,2
B00COZ46JU,5.0,2
B0038IPUZ6,5.0,2
B00COYQQ0I,5.0,2
B0038JVPEK,5.0,2
B00COYKTGA,5.0,2
B0038JX1HO,5.0,2
B001E93GVQ,4.5,2
B0038JZA0K,4.0,2
B00EXQI7ZW,5.0,2
B001E8WQV8,5.0,2
B000TX5RDS,5.0,2
B0038BD8HU,4.5,2
B00CP4006S,5.0,2
B000TU42J6,5.0,2
B00CP3ZT74,5.0,2
B000TUBC8A,4.5,2
B000TUGJMO,4.0,2
B000KPKD7U,5.0,2
B000TUKNXA,4.5,2
B000KPEP8S,5.0,2
B000TULWY4,5.0,2
B000TUN2WE,5.0,2
B000TV5B9A,5.0,2
B000TV6K8G,5.0,2
B0038FA6QC,4.5,2
B0038FJC2G,4.0,2
B0038FM0KM,5.0,2
B000KNMMZ8,5.0,2
B000U1Y654,4.0,2
B0039NP1HM,4.5,2
B000KJYP9I,4.5,2
B00CO98IXQ,4.0,2
B001E6U0I6,5.0,2
B00HMBRN8W,4.5,2
B0039OAQK8,4.0,2
B001E6U0BI,5.0,2
B001E6U02C,5.0,2
B00EY6UFWE,5.0,2
B001E6TYS8,4.5,2
B000KJVL0Y,4.0,2
B0039OOSJI,5.0,2
B00HMCXDHQ,4.5,2
B000KJQCTE,4.0,2
B000U1VMGU,5.0,2
B0039PF06M,5.0,2
B0039PGPMU,5.0,2
B00GPIVZPK,4.0,2
B000KJYZAC,5.0,2
B000KK8RSM,5.0,2
B001E723M6,5.0,2
B000KK8RPA,4.0,2
B001E723DU,5.0,2
B0039L067O,5.0,2
B00GPJOLVE,4.5,2
B00GPJ7D78,5.0,2
B0039LRCWG,4.5,2
B0039LUYNA,5.0,2
B00GPJ7D3C,4.5,2
B001E71NWC,4.5,2
B0039LYY5Y,5.0,2
B000U0M5J4,5.0,2
B0039M3DZU,4.5,2
B000U0GS06,4.0,2
B0039MH4G4,5.0,2
B0039MH4LO,4.5,2
B001E6VO86,5.0,2
B001E6VCPQ,5.0,2
B000U0J0LU,5.0,2
B0039PHPN8,5.0,2
B0038ZRBGA,5.0,2
B00HMF3PSA,4.0,2
B000U2926Q,4.5,2
B000KIGJ3Y,5.0,2
B0039UTUWC,5.0,2
B0039UTUXG,5.0,2
B0039V0OL2,4.0,2
B00HMIR2N6,4.5,2
B0039V9MLK,5.0,2
B0039VA4XK,5.0,2
B000KIFH82,4.0,2
B00HMJ5EEE,4.5,2
B001E6OX6G,4.5,2
B00HMJQJRU,4.5,2
B000KI8S56,4.5,2
B001E6OUG4,5.0,2
B00EY8M624,4.5,2
B0039Z7MQ8,4.5,2
B0039ZI3KC,5.0,2
B00HMQC8JG,5.0,2
B00CO2BPSI,4.5,2
B000KIIG5S,4.5,2
B0039PKJZY,4.5,2
B001E6SE34,5.0,2
B000KJLT7E,4.5,2
B001E6SAJ2,5.0,2
B000KJJHF0,5.0,2
B0039Q7VLI,5.0,2
B0039QKBVU,5.0,2
B00CO5WL42,5.0,2
B001E6QY7W,5.0,2
B001E6QXKA,5.0,2
B000KIMJQK,4.5,2
B0039UJ4FA,4.0,2
B00CO3NU9Y,4.0,2
B00CO3NSN2,5.0,2
B000KIINYW,5.0,2
B00COCTZ58,5.0,2
B001E76A8O,4.5,2
B00392E1YC,5.0,2
B00CONT0AW,4.5,2
B000TZVP5U,5.0,2
B00392FQN2,4.0,2
B00EXW4JEO,5.0,2
B00CONSK6W,5.0,2
B00392HMIY,5.0,2
B00EXW4XY0,5.0,2
B001E768FY,5.0,2
B00HLZIR6G,4.0,2
B00394A33I,4.0,2
B001E76886,4.5,2
B00394TDFC,5.0,2
B00394UC48,4.5,2
B00CONRHC0,4.5,2
B00CONRFMM,4.5,2
B001E76ACK,4.5,2
B00392C4W8,4.5,2
B00HLYGIAO,4.5,2
B001E76EBM,5.0,2
B0038ZWV5G,5.0,2
B0038ZWVTM,5.0,2
B00EXW0UJW,5.0,2
B000KNB9NY,5.0,2
B001E76DVI,5.0,2
B00EXW236K,4.0,2
B00HLYFPC6,5.0,2
B00390GWGE,4.5,2
B000KMV5RK,5.0,2
B000KMHRO0,4.5,2
B00391CY0Q,5.0,2
B001E76B56,4.0,2
B000KMCS7G,5.0,2
B00EXW3TSQ,5.0,2
B001E76B1A,5.0,2
B001E76AP2,5.0,2
B000KMCNHQ,4.5,2
B00HM19KJW,4.5,2
B000KKFPQ4,5.0,2
B00COHVR3Q,4.5,2
B00EXXP6PE,5.0,2
B0039BXHX4,4.5,2
B0039CIQ8Y,4.5,2
B0039GMLQI,5.0,2
B0039GVBGE,5.0,2
B000U0759O,5.0,2
B00COE7JC2,5.0,2
B000U07BZ2,4.0,2
B0039JI3K8,4.5,2
B001E72574,4.5,2
B0039K0KY4,4.5,2
B000KKDZNE,5.0,2
B00CODE0CK,5.0,2
B00EXXOB82,5.0,2
B00396356I,4.5,2
B001E76606,5.0,2
B001E765UW,5.0,2
B00396RJEW,4.5,2
B000KL4QLI,5.0,2
B003981C5M,5.0,2
B00COLGDI6,4.5,2
B003981CFW,4.0,2
B003981CGQ,5.0,2
B00EXWX8DW,5.0,2
B000KKRFTY,5.0,2
B000KKRBES,4.5,2
B003981CSE,4.0,2
B00398EDTE,5.0,2
B0039AT07M,5.0,2
B000U05C2Q,5.0,2
B00HM7G576,4.5,2
B00CS5WBVG,4.5,2
B00GMP3MC0,4.5,2
B002ZVI7DO,5.0,2
B002ZPQ9PS,5.0,2
B002ZPTSCE,4.5,2
B000MF5DNC,5.0,2
B002ZRKX6W,4.0,2
B000S9SYDI,4.5,2
B002ZRQIF2,5.0,2
B00GTBZHUC,5.0,2
B001G47SMM,4.0,2
B002ZT5PH2,4.0,2
B002ZTSBAK,4.5,2
B000SA216S,5.0,2
B002ZUH0AG,4.0,2
B00ERF9P2I,5.0,2
B002ZUO8HE,4.5,2
B000MEB73I,5.0,2
B000ME9IKC,4.0,2
B002ZPN2Y4,5.0,2
B002ZP7S12,4.5,2
B002ZNJJ70,5.0,2
B00ER8Z22W,5.0,2
B00HG7TPD8,5.0,2
B00CZ797PK,4.5,2
B00ERAMFCU,4.5,2
B001G60I2M,5.0,2
B001G60I04,4.0,2
B00HGA972Y,4.5,2
B00CZ76DYI,4.5,2
B001G60HUU,5.0,2
B001G60HRI,4.0,2
B00CZ6PHGO,4.0,2
B000MFE8GU,4.5,2
B000MF9AM2,5.0,2
B002ZOFGNU,4.5,2
B001G5DSNY,4.0,2
B001G5D4DS,5.0,2
B00ERCHFZK,4.5,2
B001G3FISE,5.0,2
B002ZNJI58,4.5,2
B000SBD0A8,4.0,2
B001G0OEU0,5.0,2
B001G0MLDC,5.0,2
B00ES0UM7E,5.0,2
B002ZY53YC,4.5,2
B000MCV2J4,5.0,2
B0030047ZG,5.0,2
B001G0HEI4,4.5,2
B001G0GWQE,5.0,2
B00303HE9Y,4.0,2
B00HGJ9KZY,5.0,2
B001G0E0F4,4.0,2
B003042WPE,4.0,2
B003044JRS,4.5,2
B002ZW1I4I,5.0,2
B00ERXZE7U,5.0,2
B00ERX9UDY,4.0,2
B002ZVN2L6,5.0,2
B00ERH3WR0,5.0,2
B002ZVNRFC,5.0,2
B002ZVRZ0A,4.0,2
B001G2LWUS,5.0,2
B000SARD0W,4.5,2
B002ZVSAHC,5.0,2
B002ZVSFB8,4.5,2
B001G2J2YQ,4.5,2
B002ZVUFJS,5.0,2
B002ZVVR86,5.0,2
B00GTB6UX0,4.0,2
B002ZVX6L2,4.0,2
B00CYYZUXC,5.0,2
B001G15B8I,4.5,2
B001G11SO4,5.0,2
B000MDDD86,5.0,2
B00304TAOK,5.0,2
B001G7PISA,4.0,2
B000MIF2TY,4.5,2
B00CZT7HPA,4.0,2
B001G7PJE8,5.0,2
B001G7PJB6,5.0,2
B00CZPOT50,4.5,2
B000S95Q7A,5.0,2
B00EQUS2DW,5.0,2
B002ZBE36E,4.5,2
B00CZGC906,4.0,2
B002ZCXYQS,4.5,2
B002ZDJQOG,4.5,2
B00EQUUDGQ,4.0,2
B00EQVJTSI,4.0,2
B00CZFCTXY,5.0,2
B001G7PISU,5.0,2
B000MIF53W,5.0,2
B001G7PJKC,4.5,2
B001G7PM2M,4.5,2
B00D039IUW,4.5,2
B00HG1MRNY,5.0,2
B002Z7FVI2,4.5,2
B002Z7FVS2,5.0,2
B002Z7FVSM,4.5,2
B001G7PLJ6,5.0,2
B002Z7FVZK,5.0,2
B002Z7FW18,4.5,2
B00D02JH5E,4.5,2
B000S94IS8,4.5,2
B001G7PJNE,4.5,2
B002Z7KSSU,5.0,2
B001G7PL2S,5.0,2
B001G7PL00,4.0,2
B002Z7MH6G,5.0,2
B00EQNYW4C,4.5,2
B00HG2Q56S,4.5,2
B001G7PK56,5.0,2
B002Z8KWPS,4.0,2
B00HG2Q9OQ,4.5,2
B001G7PJQQ,5.0,2
B002ZNJI2Q,5.0,2
B000MGG830,4.5,2
B001G74ZK2,5.0,2
B002ZIL1I0,5.0,2
B001G73WDI,5.0,2
B001G72KIG,4.0,2
B00ER82S5Q,5.0,2
B001G6YZE4,4.5,2
B002ZJFAXG,5.0,2
B001G6VYWK,5.0,2
B001G6UV9C,5.0,2
B002ZN9WZ4,4.5,2
B000MFMIG2,4.5,2
B001G6QYIY,4.0,2
B00CZ84K2O,5.0,2
B00EQWCJB6,4.0,2
B000MGG84E,5.0,2
B002ZG8DK6,4.0,2
B000MHT3AO,5.0,2
B001G7PIPS,5.0,2
B001G7PINK,5.0,2
B002ZG8DFG,5.0,2
B001G7PIMQ,5.0,2
B00HG4M5EM,5.0,2
B001G7JXVS,5.0,2
B00GTBZYKU,5.0,2
B002ZHUQUK,4.0,2
B002ZG96N4,5.0,2
B002ZG96XO,5.0,2
B002ZGMC4Y,4.5,2
B002ZGQQKA,5.0,2
B002ZH1XTS,4.0,2
B000MGJTMM,4.5,2
B00CZD1VQC,5.0,2
B002ZHSUH6,4.0,2
B002Z7FV64,5.0,2
B0030I8EX4,5.0,2
B000M9P69E,5.0,2
B0030IMV9W,5.0,2
B0030IMVDI,4.5,2
B0030IMW9Q,5.0,2
B0030ISTA2,5.0,2
B0030IT3U2,5.0,2
B001FWXILA,5.0,2
B0030IYUVE,5.0,2
B00CXVXH3Q,5.0,2
B0030J6SHW,4.5,2
B0030J8NMU,5.0,2
B0030JBOUS,5.0,2
B0030JC3SA,5.0,2
B0030KK2L4,5.0,2
B00CXUR0UI,5.0,2
B001FWXIBK,4.5,2
B00HGW2SZ0,5.0,2
B0030HSABQ,5.0,2
B00CXXK5YS,5.0,2
B000MAF8FA,5.0,2
B001FWXJ82,5.0,2
B00CXZDY0I,5.0,2
B001FWXJ3W,5.0,2
B00CXY3GY8,5.0,2
B00ESGXQWG,4.0,2
B001FWXJ1Y,5.0,2
B0030HCOX6,4.5,2
B001FWXJ0U,5.0,2
B00CXXHXRU,5.0,2
B0030HS462,5.0,2
B000MABKK2,4.0,2
B00ESH6HDA,5.0,2
B00CXXBHD6,4.5,2
B001FWXIYM,5.0,2
B001FWXIY2,5.0,2
B001FWXIWY,4.5,2
B00CXX9K0S,5.0,2
B001FWXIVK,5.0,2
B0030HPZC8,5.0,2
B0030HRY3G,4.5,2
B0030HS1C4,5.0,2
B0030M2FQW,4.0,2
B00CXQSCQ8,4.5,2
B000SGAUOM,4.5,2
B000M8O1KU,5.0,2
B000SHKKJG,4.0,2
B00CXJ7X10,4.5,2
B00CXGGQC0,5.0,2
B00CXGGOUO,5.0,2
B0030UU41C,5.0,2
B0030UXT0U,5.0,2
B0030VQ366,5.0,2
B00CXGGK3A,5.0,2
B000M7UW54,5.0,2
B00CXGGJC2,5.0,2
B000SI42Y4,4.5,2
B0030XACY8,5.0,2
B001FWXGX0,4.0,2
B0030YQCSW,5.0,2
B000M7JHNW,4.5,2
B0030UD176,4.5,2
B00ESJS9N4,4.0,2
B0030MKOEM,5.0,2
B0030MNC4Q,5.0,2
B0030MNZIO,5.0,2
B0030MPTYM,5.0,2
B0030MRPFS,5.0,2
B001FWXHYS,4.0,2
B00CXND5ZY,4.0,2
B0030N9ODS,4.5,2
B001FWXHYI,5.0,2
B0030O9LYY,4.0,2
B000SFNQCQ,5.0,2
B001FWXHWA,4.5,2
B000SFQW4K,5.0,2
B0030T18EA,4.0,2
B000SFRNTI,5.0,2
B0030TTZFO,5.0,2
B0030TU1I4,5.0,2
B0030TZF08,5.0,2
B001FWXJ8M,5.0,2
B000MAV3FY,5.0,2
B0030CRXF0,5.0,2
B00GTAH1RA,5.0,2
B00309XS84,5.0,2
B00309XYYM,5.0,2
B00CYHX1WQ,4.5,2
B000MAREOS,5.0,2
B0030AA8UE,4.5,2
B0030ABO98,5.0,2
B00ESBJUG2,5.0,2
B0030ACVAE,5.0,2
B0030AMNFC,5.0,2
B00CYHQ66Y,4.5,2
B0030BO87M,5.0,2
B000MAQX40,5.0,2
B001FWXMEI,5.0,2
B001FWXMCA,5.0,2
B001FWXMAM,5.0,2
B001FWXMA2,4.5,2
B0030COA0Q,4.0,2
B001FWXMTI,5.0,2
B00CYJY40M,4.5,2
B00GTAH9XQ,5.0,2
B001FYT8QM,5.0,2
B001FZLV52,5.0,2
B00GTARIXW,5.0,2
B000SBVTZG,4.5,2
B00306760S,4.5,2
B001FYYKH4,4.5,2
B000MATJ0U,5.0,2
B00306G1UO,4.5,2
B00306RKI6,5.0,2
B00CYK3M3Q,5.0,2
B001FYBKTA,5.0,2
B00306WLGW,4.0,2
B003072GRA,4.0,2
B003072WZ6,5.0,2
B00307FK1E,4.0,2
B00307L6AI,4.5,2
B001FXRY32,5.0,2
B001FXN684,4.0,2
B00CYBKL6Q,5.0,2
B0030GYG1A,4.0,2
B0030CY2C2,4.5,2
B001FWXJSC,4.5,2
B001FWXJQ4,5.0,2
B00CY2I748,4.0,2
B000MANVWM,4.5,2
B000MANVVS,5.0,2
B000MANVVI,5.0,2
B000MANVPY,5.0,2
B001FWXJHI,4.0,2
B0030GGZNW,5.0,2
B00CY2C03W,5.0,2
B0030GIFTE,5.0,2
B000MALBFG,5.0,2
B00ESG3CGG,5.0,2
B0030GYBMO,5.0,2
B001FWXJ9G,5.0,2
B00ESGED14,4.0,2
B0030G1FG4,5.0,2
B0030FXM5W,5.0,2
B0030FU70U,4.0,2
B000MAPFUS,5.0,2
B0030CYIA8,5.0,2
B0030D05G8,5.0,2
B001FWXM0W,4.5,2
B0030DH2DM,4.0,2
B0030DKHLQ,4.5,2
B0030EBW8M,4.5,2
B001FWXKCC,4.5,2
B00ESEC9SU,5.0,2
B00ESECA2A,5.0,2
B00HGR708U,5.0,2
B001FWXK9K,4.0,2
B00ESEJR62,5.0,2
B00ESF0HT2,5.0,2
B0030F2WJ4,5.0,2
B000MAOWKM,5.0,2
B00CY3UU6A,4.5,2
B001FWXJWI,5.0,2
B00CY3OTNK,5.0,2
B0030FIWDY,5.0,2
B002Z7FV1Y,5.0,2
B001EWF1J8,4.5,2
B002XQ1YIQ,5.0,2
B002XQ1YJA,5.0,2
B00D13F3UA,5.0,2
B002XQ1YRW,5.0,2
B001G8WS4Q,5.0,2
B001G8WS2S,4.5,2
B002XQ1YXQ,5.0,2
B002XQ4J3S,4.5,2
B002XQLV9S,4.0,2
B000MQ6MUY,4.5,2
B002XT8LWA,5.0,2
B002XTAOQ6,5.0,2
B002XUL8O2,5.0,2
B00EQ4W4DC,5.0,2
B000MPCREK,5.0,2
B00D13DEV0,5.0,2
B001G8XBSI,5.0,2
B001G8Y9VG,5.0,2
B001GBDMP2,4.5,2
B00D13GPVG,4.5,2
B00D13GPOI,5.0,2
B00D13G3PY,5.0,2
B001GAHCM2,5.0,2
B001GAFJ0Y,5.0,2
B00EQ2OSYC,5.0,2
B000MQM1ZE,5.0,2
B001G9AM1G,5.0,2
B000MQIJD2,5.0,2
B002XQ1YAE,4.0,2
B001G99NHA,5.0,2
B00D13FQV6,4.5,2
B001G93ZY2,5.0,2
B001G91ZFS,5.0,2
B002XQ1YFY,4.0,2
B002XQ1YG8,5.0,2
B00D13DC9O,4.5,2
B000MP8XMA,4.0,2
B002XQ1XOG,5.0,2
B000MP890G,4.5,2
B00GTJKEK2,4.0,2
B002Y3RDCO,5.0,2
B002Y3T1O2,5.0,2
B002Y3TD72,4.5,2
B002Y3YEZ8,5.0,2
B001G7QC4O,5.0,2
B002Y5VC9M,5.0,2
B000S820LQ,4.0,2
B000S82336,5.0,2
B002Y7U3OK,5.0,2
B001G7Q280,5.0,2
B001G7Q24E,5.0,2
B001G7Q0P0,5.0,2
B002YAC76Y,5.0,2
B000S82B9M,4.5,2
B001G7Q0L4,4.0,2
B002YC0GGA,5.0,2
B00HFPTD2Y,5.0,2
B001G7QIA2,5.0,2
B000S806BW,4.0,2
B002XXXKMW,4.0,2
B00GTJV0ZU,5.0,2
B002XY861Q,4.5,2
B00D13CN6M,5.0,2
B00D13BNY0,4.5,2
B000MOMQW4,4.5,2
B000MNF9JM,5.0,2
B000MNDDRM,4.5,2
B001G7R3U6,5.0,2
B000S802N4,5.0,2
B001G7QZ3C,5.0,2
B002Y2ABQK,5.0,2
B002Y2EMME,4.0,2
B001GBF44Y,5.0,2
B000MQQW4U,5.0,2
B001G7Q0H8,4.0,2
B000MS5M2Q,5.0,2
B00D149WQA,5.0,2
B001GH90B6,4.5,2
B00EPP92MS,5.0,2
B002XOXCTC,5.0,2
B002XPOGSC,4.0,2
B00HFDAXTS,4.5,2
B00D148Q44,5.0,2
B002XQ1R24,5.0,2
B000MSQ9MS,4.5,2
B000S56AX8,4.5,2
B001GFBMR8,5.0,2
B001GFBDI6,4.5,2
B001GF5UF8,4.5,2
B001GENN1M,4.5,2
B00D1476FO,5.0,2
B000MS5MA8,4.0,2
B00GTNZU52,5.0,2
B000S38RNG,5.0,2
B002XOHEVE,5.0,2
B00EPOYD5U,4.0,2
B002XO4656,5.0,2
B001GIOVVO,4.0,2
B000S2LJA0,4.0,2
B002XO674E,4.0,2
B001GIOV3C,5.0,2
B00GTO09XY,4.0,2
B002XO8B2U,5.0,2
B002XO9KFC,5.0,2
B00D14CBVI,4.0,2
B002XO9RS2,5.0,2
B000S326WY,5.0,2
B002XO9TI0,5.0,2
B001GILXBA,5.0,2
B000S34RZI,4.5,2
B001GI0ULE,4.5,2
B002XOBHTY,5.0,2
B001GEEJC4,5.0,2
B002XQ1SHI,4.0,2
B000S5YC6U,5.0,2
B001GCBWNU,5.0,2
B001GC87UG,5.0,2
B002XQ1W1K,4.0,2
B001GBIZD6,5.0,2
B00D13HTFM,5.0,2
B000S6APBU,5.0,2
B001GBITBY,4.5,2
B002XQ1WR4,5.0,2
B002XQ1WW4,4.5,2
B00D13HAN8,5.0,2
B000MQXDOC,4.0,2
B001GBFR0U,5.0,2
B000MQTIC8,5.0,2
B000MQRNUM,5.0,2
B002XQ1XF0,4.0,2
B002XQ1XFK,5.0,2
B00EQ1RK98,4.0,2
B000MR0QVY,5.0,2
B00HFETXPC,5.0,2
B000MS3XUO,5.0,2
B00EPUN6D4,4.5,2
B00D146AQ0,5.0,2
B002XQ1SX2,5.0,2
B002XQ1SYQ,5.0,2
B001GCY90S,5.0,2
B002XQ1T8Q,5.0,2
B002XQ1TAO,5.0,2
B000MS1YV4,5.0,2
B002XQ1THM,5.0,2
B00EPYW6MM,5.0,2
B001GCVH4E,5.0,2
B002XQ1TOK,4.0,2
B000MS07BM,5.0,2
B001GCU9IY,4.5,2
B00D13IVXQ,5.0,2
B001GCU4FM,5.0,2
B001GCU1B4,4.5,2
B001GCU0VU,4.0,2
B000MR43UE,5.0,2
B001G7Q0FA,5.0,2
B002Z7FV14,5.0,2
B00D0DHEXA,5.0,2
B002Z5GW3W,5.0,2
B002Z63VBW,4.0,2
B00HFWJWMS,5.0,2
B00D0DKJNW,5.0,2
B000MJ4HTE,4.5,2
B00HFXC47C,5.0,2
B002Z6U2DC,5.0,2
B002Z79GVA,5.0,2
B000S86NWI,5.0,2
B000S86O1S,5.0,2
B000S86PI0,5.0,2
B002Z7AI8A,4.5,2
B00D0DJ1KY,5.0,2
B001G7PNTY,4.5,2
B000S86V4I,4.0,2
B001G7PP42,4.0,2
B001G7PP56,5.0,2
B002Z28U30,5.0,2
B00EQD1R36,4.0,2
B002Z0SQC2,4.0,2
B001G7PQ32,4.0,2
B001G7PPPQ,5.0,2
B00HFWDTRC,5.0,2
B002Z13THS,5.0,2
B002Z13TIW,5.0,2
B002Z13TJ6,5.0,2
B002Z13TK0,4.5,2
B001G7PPIS,5.0,2
B00HFWFID0,5.0,2
B002Z2DWHE,5.0,2
B001G7PPCY,4.5,2
B00D0GB5R8,5.0,2
B00D0G134I,4.5,2
B00D0FNTYG,5.0,2
B002Z38MB4,5.0,2
B002Z3EZ5G,5.0,2
B002Z7AJKC,5.0,2
B002Z0PFXA,5.0,2
B000S8NNTE,4.5,2
B000S8ZK0Y,5.0,2
B002Z7FU1U,5.0,2
B002Z7FU2E,4.0,2
B002Z7FU4M,5.0,2
B000MIKCTO,5.0,2
B001G7PMEA,5.0,2
B001G7PMAE,4.5,2
B002Z7FUBA,5.0,2
B002Z7FUBK,4.0,2
B002Z7FUFG,5.0,2
B001G7PM9U,4.5,2
B000S92R90,5.0,2
B002Z7FULK,5.0,2
B002Z7FUO2,5.0,2
B002Z7FUT2,5.0,2
B002Z7FUTC,5.0,2
B00D0AK2AU,5.0,2
B002Z7FTL6,5.0,2
B002Z7FSOY,5.0,2
B001G7PNEE,5.0,2
B002Z7FS2Q,5.0,2
B002Z7FS4Y,5.0,2
B001G7PNBW,5.0,2
B002Z7FSJY,5.0,2
B001G7PNB2,4.5,2
B001G7PN9Y,4.0,2
B00D0BMOXW,5.0,2
B00D0AWMDA,5.0,2
B001G7PMYK,5.0,2
B001G7PN3U,5.0,2
B001G7PN30,5.0,2
B002Z7FSXA,5.0,2
B001G7PMZY,5.0,2
B002Z7FT6G,4.0,2
B002Z7FT7A,5.0,2
B002Z7FT7K,4.0,2
B002Z7FT7U,5.0,2
B002Z7FTK2,5.0,2
B00HFW1HQ2,4.0,2
B000S83T84,5.0,2
B00EQ56E82,5.0,2
B000MLGU8S,5.0,2
B001G7PYBQ,5.0,2
B001G7PYAM,4.5,2
B000MLEW3I,5.0,2
B001G7PY9S,5.0,2
B000S83L5A,5.0,2
B002YI0YJ8,4.5,2
B001G7PXN0,5.0,2
B002YIY5U2,4.5,2
B00EQ5RU30,4.5,2
B00D0NNSJY,4.5,2
B002YJ8RQO,5.0,2
B002YJAUFK,5.0,2
B00D0NNQAK,5.0,2
B00D0NNOFC,5.0,2
B002YJHF8K,5.0,2
B001G7PWOU,4.0,2
B001G7PZV0,4.0,2
B000MMNSDW,5.0,2
B001G7Q0CS,5.0,2
B001G7Q0BY,4.5,2
B002YEBZ4K,4.0,2
B002YEJC4K,4.0,2
B001G7Q07I,5.0,2
B001G7Q05U,5.0,2
B001G7Q00K,5.0,2
B00EQ53U2U,4.5,2
B00EQ54MG8,5.0,2
B00EQ54TY8,4.5,2
B002YF6Z3A,5.0,2
B002YFN3Z8,5.0,2
B000MM0OHU,4.0,2
B00D0NPR3O,5.0,2
B000S83DVC,4.5,2
B000S83HZE,5.0,2
B001G7PZ56,4.5,2
B001G7PZ0G,5.0,2
B002YFZ5WW,4.5,2
B001G7PWKY,4.5,2
B001G7PWFE,4.0,2
B00HFW1GQI,5.0,2
B00EQ6959Q,5.0,2
B002YSBVFY,4.5,2
B002YU4KQY,5.0,2
B002YUPO96,5.0,2
B002YV9Q4O,4.0,2
B001G7PSOO,5.0,2
B002YVEH3O,5.0,2
B00D0NLIVY,5.0,2
B002YVZ33C,4.0,2
B002YVZRN8,5.0,2
B002YW06GA,5.0,2
B001G7PR9U,5.0,2
B001G7PQXW,4.5,2
B002YXISLE,5.0,2
B00HFW0KXI,5.0,2
B001G7PQX2,4.0,2
B002YZ19HM,4.5,2
B001G7PQS2,5.0,2
B001G7PQQ4,5.0,2
B001G7PQNW,5.0,2
B00EQCK2TM,4.5,2
B001G7PTCU,5.0,2
B000ML9C9M,5.0,2
B002YMKLTC,4.0,2
B001G7PVVO,4.5,2
B00EQ85XIG,4.5,2
B000MLC0BO,5.0,2
B002YM207S,5.0,2
B001G7PV9G,5.0,2
B00HFTWVQK,4.0,2
B000ML9MQ0,4.0,2
B00D0NMICM,5.0,2
B00EQ8QLV4,4.5,2
B001G7PUHE,5.0,2
B001G7PUCY,4.0,2
B001G7PTVG,5.0,2
B002YQAB34,4.5,2
B000ML9G7U,5.0,2
B00CXG1LPC,4.5,2
B001FWXGUI,5.0,2
B001FWXGQM,5.0,2
B0034DJHAO,4.5,2
B00CTSUFX8,4.0,2
B00347EY44,5.0,2
B001F51R5G,4.5,2
B000LRFX1S,5.0,2
B0034973YU,4.0,2
B00CTSE0RU,4.5,2
B001F51PYY,5.0,2
B0034BE4XG,4.5,2
B0034C1STI,5.0,2
B0034CNP9E,5.0,2
B000LQTPNG,5.0,2
B00EUO17UE,5.0,2
B0034D1ODW,4.5,2
B000SSRD90,5.0,2
B000LQS8RU,4.0,2
B001F3J8RW,5.0,2
B00CTR8Y00,5.0,2
B0034DH77Y,5.0,2
B00EUP1E24,4.0,2
B001F3GWC6,5.0,2
B00GSDNRZS,5.0,2
B000SSPQUI,5.0,2
B00HI43TSG,5.0,2
B00346K5FC,5.0,2
B00343XL24,5.0,2
B003452F0G,4.0,2
B00HI36BUA,5.0,2
B00345WF10,5.0,2
B00345ZNCS,4.5,2
B0034631OE,4.0,2
B00CTV8W8K,5.0,2
B000LRH78U,5.0,2
B00346ROFG,4.5,2
B001F51RIS,4.0,2
B001F51T22,4.5,2
B001F51SPK,4.0,2
B001F51SI2,5.0,2
B00347268A,4.0,2
B001F51SFA,5.0,2
B00EUKU8LM,5.0,2
B001F51RQU,4.5,2
B000SSN8US,5.0,2
B000LRG74A,5.0,2
B000LQN2N0,5.0,2
B00343NRDM,4.0,2
B0034DKKWS,5.0,2
B000LQHJYS,5.0,2
B000SSUMNO,4.0,2
B0034FD7TO,5.0,2
B0034G1SQM,5.0,2
B0034GGK0G,5.0,2
B000SSUS2O,5.0,2
B00CTJQ5DQ,4.5,2
B0034IR14I,5.0,2
B00HIFEJIY,5.0,2
B001F1XJAG,5.0,2
B000LPOYZ6,5.0,2
B000LPO4OM,5.0,2
B00CTHNMXE,5.0,2
B0034K4VEO,5.0,2
B00CTGXR7Q,5.0,2
B0034K7U1K,4.0,2
B000LQIT7O,5.0,2
B0034EAGPI,4.0,2
B0034EAEGE,4.5,2
B001F37KGS,5.0,2
B0034DLIVA,4.5,2
B0034DMTJK,4.5,2
B0034DQUW2,5.0,2
B00EURT25S,5.0,2
B000LQMR2W,5.0,2
B00CTPY5FA,5.0,2
B001F2R1P4,4.0,2
B0034E4GAE,5.0,2
B001F33F62,4.5,2
B00CTOUVSQ,4.5,2
B0034E6U2G,4.0,2
B001F31CBW,5.0,2
B00EUSJ67Q,4.5,2
B000SSTJAQ,5.0,2
B0034E8VWS,5.0,2
B000LQKZ76,5.0,2
B0034EA5RW,4.0,2
B00GSGC1KW,5.0,2
B000LRHJYW,5.0,2
B00EUUQJMO,5.0,2
B001F7C762,4.5,2
B001F84X18,4.0,2
B000LSSOH2,4.5,2
B001F7VI12,4.5,2
B0033PSM6I,4.5,2
B0033PYIQQ,5.0,2
B00CUGO30K,4.0,2
B0033R1M54,4.5,2
B0033R3P4K,5.0,2
B00GSKMPB8,4.5,2
B000SQIGPM,4.5,2
B0033RA1TC,5.0,2
B000LSBZL4,5.0,2
B00CUAZTTK,4.5,2
B0033RF2KA,4.0,2
B0033RF89K,4.0,2
B0033RH01Y,5.0,2
B0033MR050,4.5,2
B00CUIHH2E,4.5,2
B0033LP29C,4.5,2
B0033CYXFU,4.0,2
B001F963NI,5.0,2
B0033C1D6W,4.5,2
B0033CF804,4.0,2
B00CUME0RK,4.0,2
B001F94YIO,4.0,2
B0033CRJ7Y,4.5,2
B00HHYFBWO,5.0,2
B0033CV524,4.5,2
B00CUL51HY,5.0,2
B0033CWUCI,5.0,2
B001F93ZDY,5.0,2
B0033J2WRO,5.0,2
B0033D2V1W,5.0,2
B000LTIUXO,5.0,2
B00CUKUSSC,4.5,2
B0033EN18I,4.5,2
B00EUG9UUQ,5.0,2
B001F8HGK8,5.0,2
B0033RMLIQ,4.0,2
B00EUHPTRI,4.5,2
B000LRHJZQ,5.0,2
B000SQRCIY,4.5,2
B0033XLIX4,4.5,2
B001F51VMK,4.0,2
B0033YJTES,5.0,2
B001F51VFM,5.0,2
B001F51VCK,5.0,2
B0033ZK590,5.0,2
B000SR2IPK,5.0,2
B00CU462D8,5.0,2
B001F51V2A,5.0,2
B001F51UVC,5.0,2
B001F51USU,5.0,2
B001F51UQM,5.0,2
B00CU2C5A4,4.0,2
B00CU0ZJ36,5.0,2
B00GSGSHIM,5.0,2
B000LRIW20,5.0,2
B000LRIS5G,5.0,2
B0033XJLSS,5.0,2
B001F5T7Y4,5.0,2
B0033VF2ZG,4.5,2
B0033RZFRK,4.5,2
B00CU744L2,5.0,2
B0033U110M,4.0,2
B001F6OJ5K,4.0,2
B00GSKMJZK,4.5,2
B00CU5IO7Y,5.0,2
B00EUHU9VE,4.0,2
B00CU5GCEG,5.0,2
B0033VL836,5.0,2
B000LRPPN4,5.0,2
B0033VZPWG,4.0,2
B000SQMUSG,5.0,2
B0033W4710,5.0,2
B0033W475G,4.0,2
B001F627VS,4.0,2
B00GSIZGSE,5.0,2
B001F5WPCA,5.0,2
B0034KB9Y4,5.0,2
B0035FZR2S,5.0,2
B00EV7CXLM,5.0,2
B00CSEIDT6,4.5,2
B00CSDMY10,4.0,2
B000T1A3WK,5.0,2
B001EWF3HS,4.0,2
B0035CTKGK,5.0,2
B001EWF3G4,4.0,2
B0035CXZN4,5.0,2
B000T21K9O,4.0,2
B0035D2FX4,4.0,2
B0035DEUKA,5.0,2
B0035DHEVM,5.0,2
B0035DJJYC,5.0,2
B0035EBMJ6,5.0,2
B0035EJ95K,5.0,2
B0035ELMU0,5.0,2
B001EWF35A,5.0,2
B001EWF32S,5.0,2
B001EWF30U,5.0,2
B0035FH0HS,4.5,2
B0035B2OE6,5.0,2
B0035B2MSE,5.0,2
B001EXUMP0,5.0,2
B00CSKRTP4,4.5,2
B00CSKQXII,4.0,2
B00356BK5A,4.5,2
B00357AEHO,4.0,2
B000SXN9B6,4.5,2
B000SXR9AS,5.0,2
B001EXXFW2,4.0,2
B001EXUK2U,5.0,2
B001EXSO8C,5.0,2
B001EXS4CI,4.0,2
B0035ASAY0,4.0,2
B000LLPHL0,5.0,2
B0035ASDMO,5.0,2
B000LL8FM8,5.0,2
B00EV6T974,4.0,2
B0035B0NJE,5.0,2
B0035B0O4S,5.0,2
B0035FZR3M,4.5,2
B001EYA7GS,5.0,2
B0035FZR4Q,5.0,2
B0035K43KU,4.5,2
B0035K91KW,4.0,2
B001EWF25Q,4.0,2
B00CS6WN04,5.0,2
B0035KXBDA,5.0,2
B00CS6VPWG,4.0,2
B001EWF22O,5.0,2
B0035LCSMY,4.5,2
B000T2LGHA,5.0,2
B00CS6R5IE,5.0,2
B0035LCW34,5.0,2
B00GS7GW8I,4.0,2
B0035LCW7A,4.5,2
B000LJEISA,5.0,2
B0035LCW8O,4.5,2
B001EWF1X4,5.0,2
B0035LRV08,4.0,2
B0035LZMV8,4.5,2
B00GS6NQY2,4.5,2
B001EWF1MU,5.0,2
B000T2FVZS,4.5,2
B0035ISRDG,5.0,2
B000LJKDQ6,5.0,2
B001EWF2YC,5.0,2
B00CS9C3HE,4.0,2
B001EWF2X8,5.0,2
B0035FZRZK,4.0,2
B001EWF2WO,5.0,2
B00CS93IQ4,4.5,2
B000LJPDPW,4.5,2
B001EWF2W4,5.0,2
B0035GLZ64,5.0,2
B0035IL8WI,4.5,2
B0035GXY68,5.0,2
B0035GY0YI,5.0,2
B000T2A9G4,4.5,2
B001EWF2PQ,5.0,2
B000T2CER6,5.0,2
B00HJ6Q82C,5.0,2
B00GS7PFMM,5.0,2
B0035IH1GA,4.0,2
B00CSYLUU0,5.0,2
B00CT945C4,4.0,2
B00GSBGHNO,5.0,2
B001F0QWYW,5.0,2
B0034LYLXO,5.0,2
B00EUZ7WUM,4.5,2
B0034QM7LM,4.5,2
B0034RIC42,4.5,2
B001F0OS20,5.0,2
B001F0NQ2S,5.0,2
B000SWZPNM,5.0,2
B0034RW60I,5.0,2
B001F0MZVG,5.0,2
B0034SOVPK,4.5,2
B0034U831G,5.0,2
B000LOH3Z0,4.0,2
B0034UFCAQ,5.0,2
B0034UOROI,5.0,2
B00EV07L20,5.0,2
B000LOBP40,5.0,2
B0034KZXNW,5.0,2
B0034KZXM8,5.0,2
B0034KZXKU,5.0,2
B00CTC4O22,4.5,2
B00EUVFNXO,4.0,2
B001F13RI0,5.0,2
B000SSYUF0,5.0,2
B000ST491O,5.0,2
B00CTCH7SU,4.0,2
B0034KMUOM,5.0,2
B000ST98Y2,5.0,2
B000STAZPI,5.0,2
B00CTA4IZW,4.0,2
B000SVOTOE,5.0,2
B000SWXZ3O,5.0,2
B00EUYDGH6,5.0,2
B000LP8LYG,4.5,2
B00CTAAF3Q,5.0,2
B0034X4EN4,4.5,2
B000SX0YAU,5.0,2
B001EYC1OY,5.0,2
B00353KTIM,5.0,2
B001F06ANU,5.0,2
B00GS9IJWS,5.0,2
B00CSW98UG,4.5,2
B00354QING,5.0,2
B001EYGCZS,4.0,2
B000LNE250,4.0,2
B003554U44,4.5,2
B00355A7AK,5.0,2
B000LN71N0,5.0,2
B00CSQN80I,4.5,2
B00CSPX18S,5.0,2
B001EYEO76,5.0,2
B000LMIQXK,5.0,2
B00EV55FQO,4.5,2
B00EV5AGFO,4.5,2
B00355WBMM,5.0,2
B00355X8BA,5.0,2
B000LM2PXC,4.5,2
B00352I7NC,4.5,2
B00CSWLOVW,5.0,2
B0034ZU594,4.5,2
B00CSYL5VY,5.0,2
B0034YZEC8,5.0,2
B001F0IWL8,5.0,2
B0034ZMU9C,5.0,2
B0034ZO91Y,4.5,2
B0034ZPRWO,5.0,2
B00GS9IJYQ,5.0,2
B00HIXD4P0,4.0,2
B001F0BV34,4.0,2
B000LNIZCQ,4.5,2
B00EV1ULB2,5.0,2
B001F0DIDK,4.5,2
B00351J0S4,5.0,2
B000LNIRA6,5.0,2
B00CSWXVE0,5.0,2
B001F0BVDE,5.0,2
B00352A4XI,5.0,2
B00CUMSGRU,5.0,2
B0033BCO34,5.0,2
B0031XMOHK,5.0,2
B00CWLXVK6,5.0,2
B00CWLT6DM,4.5,2
B001FSG66S,5.0,2
B0031SS014,5.0,2
B001FS95U2,5.0,2
B001FS95KC,4.5,2
B001FS52CW,4.5,2
B0031SXMHQ,4.5,2
B00ET4J2FC,4.0,2
B0031TU8UE,4.0,2
B00ET5KZ70,5.0,2
B00ET5L0C4,5.0,2
B00ET5ZB2E,5.0,2
B0031X3ZDW,5.0,2
B0031XBCC8,5.0,2
B000M2LXMK,5.0,2
B00ET1IJWW,5.0,2
B001FTA65Y,4.0,2
B000SIL0VW,4.5,2
B000SIMMIM,5.0,2
B0031MYBTU,5.0,2
B001FSLA00,5.0,2
B000M3G7PW,5.0,2
B0031NP5TO,4.0,2
B00HHCOT2Y,5.0,2
B0031NYTUU,4.0,2
B00CWPXMX8,4.5,2
B000M2NVR0,5.0,2
B001FSK8QC,4.0,2
B000SJ2GLO,5.0,2
B0031O24CY,5.0,2
B000SJ2TK2,4.0,2
B00CWN36XQ,5.0,2
B0031XMMRC,5.0,2
B0031MJCGM,5.0,2
B001FORJZO,5.0,2
B00CWA9MVE,5.0,2
B00ET8TXFW,5.0,2
B00324WHMU,4.5,2
B000SKZP5C,5.0,2
B00GT07A3A,5.0,2
B001FORJKY,5.0,2
B001FORJJK,5.0,2
B00325SQLU,5.0,2
B00325ZMYO,4.5,2
B003265DV0,5.0,2
B00ET9EDOC,4.5,2
B000SL227A,5.0,2
B000M0DN02,4.5,2
B00327UBG6,5.0,2
B00CW8USZK,4.5,2
B003297MHU,5.0,2
B001FORIBY,4.5,2
B00329HKI6,5.0,2
B000M13CBQ,5.0,2
B00GT0JKXS,5.0,2
B00ET7IY4O,4.5,2
B000SKV0CO,5.0,2
B00ET7IJN0,5.0,2
B0031Y3UJU,4.5,2
B0031Y4NG4,5.0,2
B0031Y9KF8,5.0,2
B0031YCJY2,5.0,2
B00ET7IN4U,5.0,2
B001FPVNRS,4.0,2
B001FPTWRG,5.0,2
B00321E7BC,5.0,2
B00ET7S1KQ,4.0,2
B0031Z2B2Q,5.0,2
B00ET7SI5Y,5.0,2
B0031ZVA0U,4.0,2
B001FORK5S,5.0,2
B000M18WIY,5.0,2
B00GT0KLTA,5.0,2
B0031MKA5Y,5.0,2
B0031MIDXA,4.5,2
B00CUOSTDE,5.0,2
B0031AI3KU,4.5,2
B001FWXFS6,5.0,2
B000M5BN7M,5.0,2
B00315915G,5.0,2
B001FVSX48,4.5,2
B00315GY9C,4.5,2
B003166J1O,5.0,2
B00316K2NU,5.0,2
B000M52UC4,5.0,2
B00316ZZKK,5.0,2
B00HH7JWI0,4.5,2
B003176CFQ,5.0,2
B00CXABNII,5.0,2
B000M4WIPE,5.0,2
B000M4SMBS,4.0,2
B001FVPPYE,4.5,2
B000SI95MI,4.5,2
B00GT2P6U2,5.0,2
B00HH4ENW8,4.0,2
B000M5QQV0,5.0,2
B00CXCVC6Y,4.0,2
B00CXFNYYO,4.5,2
B001FWXGLC,4.5,2
B00310X28I,5.0,2
B00310X4D6,5.0,2
B001FWXGBM,5.0,2
B003114W4U,4.5,2
B003119GIC,4.5,2
B00311M7YC,5.0,2
B00ESU9EXW,5.0,2
B000M5ZFSK,5.0,2
B00312K4XW,5.0,2
B003132QEG,5.0,2
B00313STWE,5.0,2
B00CXBL4JU,4.5,2
B001FWXFX6,4.0,2
B001FWXFWC,5.0,2
B000M5UT4U,5.0,2
B000M5QR3W,5.0,2
B0031AJAEI,4.0,2
B000M3GCPW,5.0,2
B001FU7GQ0,5.0,2
B00GT1Y5BE,4.5,2
B00HHCORRG,4.5,2
B0031KS8YQ,5.0,2
B001FU3L8M,4.5,2
B001FU1UWQ,5.0,2
B001FU073O,4.5,2
B00HHCOSRU,4.5,2
B000M3JVZA,4.5,2
B0031M8XC6,5.0,2
B0031M8XEE,4.5,2
B001FTF1JK,5.0,2
B00ESYFS0G,5.0,2
B0031MD524,5.0,2
B0031MEUIM,4.5,2
B00ESYGZE4,5.0,2
B0031IH5FQ,5.0,2
B0031HDGOQ,5.0,2
B0031AP6X2,5.0,2
B00ESYFER8,4.5,2
B0031B4I2Q,4.0,2
B00CX7A4Y0,5.0,2
B000M4AA2M,4.5,2
B0031C0MPC,5.0,2
B00CX68X94,4.0,2
B000M47KXE,4.0,2
B00CX0NNW2,5.0,2
B0031DDIOI,5.0,2
B000SI96FE,5.0,2
B001FUSRN6,5.0,2
B00ESYFHN4,4.5,2
B001FUNA2E,5.0,2
B001FUL4JA,5.0,2
B000M3VRB6,4.5,2
B00CX3WBDQ,5.0,2
B0031H0ZWM,4.5,2
B0031H53OM,4.5,2
B001FUL3NC,5.0,2
B001FORIAA,5.0,2
B001FORI9Q,5.0,2
B000SOH11E,4.0,2
B0032VMQ3I,5.0,2
B0032XULZQ,5.0,2
B0032YV8RU,5.0,2
B000LUK85Q,5.0,2
B0032ZPAUK,5.0,2
B00CV232DW,5.0,2
B001FB5LPC,4.5,2
B003305NC4,4.5,2
B000SO4JGE,5.0,2
B00CV1ZLCI,4.5,2
B003312VT6,5.0,2
B000LUDPHE,5.0,2
B000SOFG8O,5.0,2
B000SOGM5K,4.5,2
B00HHOM4FG,4.5,2
B0032VJUX2,4.0,2
B0032SDEGO,5.0,2
B0032RDD7K,5.0,2
B001FB5NWS,4.5,2
B00CV9OMO8,4.5,2
B001FB5NFU,5.0,2
B000LVQLEC,4.0,2
B000LVQHLO,5.0,2
B00CV9F7R4,5.0,2
B00EU8FM42,4.5,2
B000LVK3Z0,5.0,2
B00HHNFVZW,4.5,2
B001FB5NDM,5.0,2
B0032TV4N8,5.0,2
B000LVEX9W,4.5,2
B00EU7Z6HG,5.0,2
B001FB5MNS,4.0,2
B0032UX4G2,5.0,2
B00331J7KW,5.0,2
B00GSOZ4NU,4.0,2
B00CW8HK6A,5.0,2
B001FB5IJ6,5.0,2
B00CUUG2PA,5.0,2
B001FB5H5G,4.5,2
B00337QTYI,5.0,2
B001FAX44I,5.0,2
B000SOZYGI,5.0,2
B00338FENO,5.0,2
B00CUQL1UU,5.0,2
B00CUQJVWA,4.0,2
B000LTO5RY,5.0,2
B00EUF1IPW,5.0,2
B000LTNQME,5.0,2
B001FAGHJ2,5.0,2
B001FADE4S,4.5,2
B001FAC2HS,4.5,2
B00GSLW71A,5.0,2
B001FA0VE4,4.5,2
B00332FYR6,5.0,2
B00CV1TGCE,5.0,2
B000LUA0B8,4.0,2
B00331WNLM,4.5,2
B003324XCI,4.5,2
B000LU9L72,5.0,2
B001FB5IEQ,5.0,2
B000SOK4GI,5.0,2
B003337NCE,5.0,2
B00333AY66,5.0,2
B000SOLJJO,4.5,2
B00333SL2U,4.5,2
B00CUZHZEM,4.5,2
B00CUYO55K,5.0,2
B001FB5HEM,4.5,2
B00CUXOMC2,5.0,2
B0032R4BNA,4.5,2
B0032Q6HRO,4.5,2
B0032CHH0E,5.0,2
B00HHGPKPA,5.0,2
B00CW4EUUI,4.5,2
B0032CM9I4,4.0,2
B001FMVCGI,4.5,2
B00CW2WUIY,4.5,2
B00ETE7TSO,5.0,2
B000SMN2EQ,4.5,2
B001FKGKFI,4.5,2
B001FK5W3Y,4.5,2
B00GSZLGBS,5.0,2
B0032ERIYW,4.0,2
B001FG0TE0,4.5,2
B000SMNPUM,4.0,2
B00HHGPLCW,5.0,2
B00GSYFC50,4.5,2
B00HHGPLS6,5.0,2
B000LZLKNA,5.0,2
B00ETE7AVU,5.0,2
B001FOR8AU,5.0,2
B000SLRP2C,5.0,2
B001FOQYMS,5.0,2
B000LZY1J0,5.0,2
B001FOPPTG,5.0,2
B001FOLMW0,5.0,2
B0032A6VW6,5.0,2
B000SLTOBM,4.0,2
B0032AM774,4.5,2
B0032AM8GY,5.0,2
B00CW6NOOY,5.0,2
B0032B2A5M,5.0,2
B00HHFL1KO,5.0,2
B0032B5JZA,5.0,2
B000SMMNAK,4.5,2
B000SMMNBY,5.0,2
B0032FAEHO,4.5,2
B001FDL0D2,4.0,2
B00GSTHENS,4.5,2
B00EU7DB14,5.0,2
B0032MHOA2,4.0,2
B001FB5PNA,4.5,2
B001FB5P58,5.0,2
B00CVC2WKQ,5.0,2
B001FB5OS6,4.5,2
B0032PC774,5.0,2
B001FB5OPO,5.0,2
B001FB5OJ0,5.0,2
B000SNPBCG,4.0,2
B00HHMYBW2,4.0,2
B0032Q2KG6,4.5,2
B00HHGTM4K,5.0,2
B000SN0OGE,5.0,2
B00CVNHCE6,4.5,2
B0032HBYYE,5.0,2
B001FBQJEO,5.0,2
B000SN4PFU,5.0,2
B00CVK1L0K,5.0,2
B0032IR49W,5.0,2
B001FB5UIA,4.5,2
B0032IRA7I,4.0,2
B001FB5TP4,5.0,2
B00CVIIC68,5.0,2
B0032JLH58,4.0,2
B00HHK75H2,4.5,2
B001E0YAH4,4.0,2
B001E0Y76S,5.0,2
B001AYE6HS,4.0,2
B003JKBMOG,5.0,2
B00CEN7SQA,5.0,2
B00CELW4L6,5.0,2
B00HSC8ANC,5.0,2
B001AZLZDA,4.5,2
B001AZLZCG,4.5,2
B001AZK130,4.0,2
B00GMPZ7XM,5.0,2
B003JKHYIE,5.0,2
B001AZJVFO,5.0,2
B003JKJLCQ,4.5,2
B00GMPYR9M,5.0,2
B001AYZZ5K,5.0,2
B001AYYXJ4,5.0,2
B000IZ6S12,5.0,2
B003JLT9LS,5.0,2
B00CEKG7SS,4.0,2
B003JLTEKO,5.0,2
B00F9HN9FW,5.0,2
B00F9IIIFC,4.0,2
B003JK9S6K,4.5,2
B00CEOX5AM,4.5,2
B003JJUFNQ,5.0,2
B00CEOX3VS,5.0,2
B00F983384,5.0,2
B00CEOWWME,4.5,2
B001B0MICG,5.0,2
B003JJYYTC,5.0,2
B00F99MRA8,4.0,2
B00F99S3GU,4.5,2
B001B00LCK,4.0,2
B001AZWC1E,4.5,2
B003JK9LNA,5.0,2
B00CEOWD5A,4.0,2
B000IZA6UG,5.0,2
B003JK85EQ,4.5,2
B003JK85IW,5.0,2
B001AZQN5K,5.0,2
B001AZQF08,5.0,2
B003JK9LIU,5.0,2
B00F9JCRIU,4.0,2
B003JLYZP8,5.0,2
B000IZA72I,5.0,2
B00HSEZP9W,4.0,2
B00CEIYKHU,5.0,2
B003JN0U1E,5.0,2
B00CEIHZ2C,5.0,2
B003JN0Y7Y,4.5,2
B000IXJBB8,4.0,2
B003JN132Y,5.0,2
B00CEHOD6O,5.0,2
B001AXXB4S,5.0,2
B003JN2HSS,4.0,2
B003JN2KXK,5.0,2
B001AXWGW6,5.0,2
B000V1SB9K,4.5,2
B001AXU1PK,4.5,2
B000V1VLAQ,4.5,2
B003JN2PXA,5.0,2
B001AXQDRU,5.0,2
B000IX624M,5.0,2
B000IXVGUM,5.0,2
B00CEKG1S4,5.0,2
B001AYCAS0,4.5,2
B00HSDBIQM,5.0,2
B003JM4Z70,4.5,2
B003JMHGIU,4.5,2
B000IYTXS8,5.0,2
B003JMWFX6,5.0,2
B003JMWG08,4.0,2
B00CEK19GI,5.0,2
B003JMWNDS,4.0,2
B003JMYQL0,4.5,2
B00CEK10Q2,4.5,2
B003JMWPZ4,5.0,2
B003JMWSOC,5.0,2
B001AY55C8,5.0,2
B000IXXAXS,4.0,2
B001AY53G6,4.0,2
B00GMPUIVI,5.0,2
B003JJN0WY,4.5,2
B00F982F60,5.0,2
B001B1MUSW,5.0,2
B003JC1708,4.5,2
B003JC17OE,4.5,2
B00CEXBNAW,4.0,2
B003JCF2XQ,5.0,2
B003JCF952,5.0,2
B000J0ZFDS,5.0,2
B003JCH6NU,5.0,2
B000J0XBHA,5.0,2
B000J0V1NG,5.0,2
B001B1Q6WS,5.0,2
B003JCJQMO,5.0,2
B003JCJQY2,5.0,2
B003JCJR2I,5.0,2
B000J0UQ8W,5.0,2
B001B1OQH0,5.0,2
B003JCL2CG,4.5,2
B000V00AV8,5.0,2
B00GMQUPO2,5.0,2
B00CEZVUQC,5.0,2
B000UZS5XE,5.0,2
B00GMRKMOE,5.0,2
B00HS96YTC,5.0,2
B001B1T81Y,5.0,2
B001B1T2SI,4.5,2
B00F8QP11O,4.0,2
B00CF1NEG4,5.0,2
B00CF1M6EA,4.5,2
B000UZTWD6,5.0,2
B003JBMJ92,5.0,2
B00CF1ETDQ,4.5,2
B003JBRQWC,4.5,2
B00CF17S7A,4.5,2
B001B1SLLM,4.5,2
B003JCN4TK,4.0,2
B001B1MSAM,5.0,2
B003JJ5G4Y,5.0,2
B003JCONBI,4.0,2
B003JH6M8K,5.0,2
B000V0ILY6,5.0,2
B000IZEAYY,5.0,2
B003JHT20U,5.0,2
B00CEOXPR0,5.0,2
B000IZCK4Q,5.0,2
B001B10G2O,5.0,2
B003JI33QS,4.0,2
B003JI6YNM,5.0,2
B003JI90BK,5.0,2
B001B0YYBE,5.0,2
B00CEOXI9A,5.0,2
B003JIP0AK,4.5,2
B00CEOXHC8,5.0,2
B000V0LJBS,5.0,2
B00F97X13W,5.0,2
B003JJ1V20,4.5,2
B001B0TKWM,5.0,2
B001B0TFY0,5.0,2
B00CEOXW28,4.5,2
B00CER174A,5.0,2
B003JCP36W,5.0,2
B003JCQLPO,4.0,2
B003JCQOLU,5.0,2
B003JCQWSU,5.0,2
B001B1LWUE,4.5,2
B003JCR6S0,4.0,2
B003JCSC6K,4.0,2
B001B1ESNC,5.0,2
B003JD5ZRS,5.0,2
B00CEQWBWS,4.5,2
B001B1BW5E,5.0,2
B001B1AQ7Y,5.0,2
B000V09TVU,4.0,2
B000V0ADXS,5.0,2
B00HSBLRIS,5.0,2
B003JN2RO2,4.5,2
B00CEG1HL4,5.0,2
B00CF27QX0,5.0,2
B003K2VQHQ,5.0,2
B003JVTJ04,4.5,2
B000IROVSC,5.0,2
B00GMPMWIU,5.0,2
B003JW0ZPQ,5.0,2
B001ASQ8H0,5.0,2
B00FA1ZD6U,5.0,2
B00CDSVFAQ,4.0,2
B003JYXVL4,4.5,2
B003JZT22U,4.5,2
B00CDSSCD4,5.0,2
B001ASLU9G,4.5,2
B003K0WL3G,5.0,2
B001ASJQVU,5.0,2
B00CDQJJSS,5.0,2
B003K1H92I,4.0,2
B000IQXON6,4.0,2
B001ASJBXS,5.0,2
B000IQVVDG,4.0,2
B003JVTHWE,4.5,2
B00FA1GV8E,5.0,2
B00GMPMZN2,5.0,2
B000ISZYDM,5.0,2
B00CDWU2TC,4.5,2
B00CDWNRVC,4.0,2
B00CDWKH5Q,5.0,2
B00CDVY2NA,5.0,2
B003JTXRMW,5.0,2
B003JTXYWA,5.0,2
B001ASU0SI,5.0,2
B00CDVSQKK,5.0,2
B001AT1YZU,4.0,2
B00CDV91WM,4.0,2
B00CDV4AO6,5.0,2
B001AT1YZK,5.0,2
B001AT1MSO,5.0,2
B001AT00VO,5.0,2
B00F9XCYTS,4.0,2
B003JUKFSU,5.0,2
B000IRRLB6,5.0,2
B003JV8176,5.0,2
B003JTE8SY,5.0,2
B001ASCRJI,5.0,2
B003K5ISR4,5.0,2
B003K5IWUC,5.0,2
B001AQTMNE,4.0,2
B003K5LYD4,5.0,2
B001AQS60O,5.0,2
B001AQRRCC,5.0,2
B003K5MC80,4.5,2
B003K5NBJE,4.5,2
B00CDEEFXE,4.0,2
B003K63BES,4.5,2
B003K67DEC,5.0,2
B001AQM0XS,5.0,2
B003K73R0A,4.0,2
B003K76XO2,5.0,2
B00FAA651I,4.5,2
B003K8V5NU,5.0,2
B003K95EOU,5.0,2
B001AQBTDA,4.5,2
B001AQXCHG,5.0,2
B003K5GQ50,5.0,2
B00CDG6DWS,5.0,2
B00GMPIEQE,5.0,2
B00FA228JE,5.0,2
B00CDOIGBG,4.5,2
B003K52Q40,5.0,2
B001AS4H78,4.0,2
B003K5B0OW,5.0,2
B000V35S30,5.0,2
B001ART2Q0,5.0,2
B000V38DCS,5.0,2
B003K5CG7W,4.5,2
B00GMPGNN0,4.5,2
B00CDJY1P6,4.0,2
B000IQ2ZZ4,5.0,2
B001ARGF7Y,5.0,2
B00FA46NPW,5.0,2
B003K5EG48,5.0,2
B001AQYMY8,4.0,2
B001AQXH1C,5.0,2
B00CDG9WVC,4.5,2
B00CDXEHE2,5.0,2
B00HSOA29A,5.0,2
B001AW1MZY,4.5,2
B00CEAQNAK,4.0,2
B000IVBBY0,4.0,2
B003JN6L58,5.0,2
B001AWP12O,4.5,2
B001AWNQ5S,5.0,2
B003JN6OGY,4.0,2
B003JN7NLE,5.0,2
B003JN7QIE,5.0,2
B001AWKZSY,4.0,2
B003JN7VNO,4.5,2
B003JNA68G,5.0,2
B000V20UR0,5.0,2
B00CE5NU7E,4.5,2
B00CE539WU,5.0,2
B001AW74D8,4.5,2
B001AW63EY,5.0,2
B000IVE0H0,4.0,2
B000IWBGXU,5.0,2
B000IWSPYI,4.5,2
B00HSG8BPA,4.0,2
B00HSEZS3U,5.0,2
B00CEFU9QE,5.0,2
B00CEFNJAC,4.0,2
B000V1W19Q,5.0,2
B000V1XIPW,5.0,2
B00CEFN0Z6,4.0,2
B001AX9V7O,5.0,2
B001AWR99M,5.0,2
B001AX87NI,5.0,2
B001AX6GLS,5.0,2
B003JN55JG,5.0,2
B001AX5S44,5.0,2
B003JN61OE,5.0,2
B00F9OW654,5.0,2
B000IWTD3K,4.5,2
B003JN6APO,4.5,2
B001AW4EVS,5.0,2
B001ATQVYY,5.0,2
B00CE2K2WI,4.5,2
B003JQPBVU,4.0,2
B003JQTLZ2,5.0,2
B003JQVQSM,5.0,2
B00F9RZ8WY,5.0,2
B000V2FB7Y,5.0,2
B00F9S8RL2,5.0,2
B00GMPNA86,4.0,2
B00CDXPZWU,5.0,2
B000V2FBA6,5.0,2
B003JQXYFU,4.0,2
B00CDXGU1A,5.0,2
B00CDXFFAM,4.5,2
B003JSWXKA,5.0,2
B003JT39ZM,5.0,2
B00HSOA0FG,5.0,2
B001AUGU6M,4.5,2
B001AU6WKQ,4.5,2
B00GMPN1O4,5.0,2
B000IT9YBY,5.0,2
B000IT85WS,4.5,2
B003JTC5G6,5.0,2
B003JQNB1W,5.0,2
B003JQN56I,4.5,2
B001AV4HEI,5.0,2
B00HSMV458,5.0,2
B003JO2IM2,4.0,2
B003JO4HLC,5.0,2
B001AVWLWS,5.0,2
B000V22V3G,5.0,2
B003JO9ZZ0,4.5,2
B00HSNEXLE,4.5,2
B000ITVH64,5.0,2
B001AVPS7S,4.5,2
B000V243PK,5.0,2
B003JQMZ82,4.0,2
B00CE0NLHS,5.0,2
B00CDZZPPK,4.5,2
B00CDZXCCI,4.5,2
B003JP4WL6,5.0,2
B003JQLZF6,5.0,2
B003JQMYI8,4.5,2
B001B1W2D0,5.0,2
B000UZKUTQ,4.5,2
B003I922SS,5.0,2
B00CFFFLO8,4.0,2
B00CFF4MJS,5.0,2
B001BB33RO,5.0,2
B003I93RZK,5.0,2
B003I94ISA,5.0,2
B00CFE90DM,5.0,2
B00HRLY8X0,5.0,2
B001BALUT8,4.0,2
B003I95LR2,5.0,2
B003I966DK,5.0,2
B001BAKUJO,5.0,2
B00F7H2GMQ,5.0,2
B000UV6MHO,5.0,2
B000UV78HW,4.5,2
B003I91OIW,5.0,2
B000J4DJAK,5.0,2
B001BBHJPQ,5.0,2
B003I8F4LG,5.0,2
B00GN1IEOE,5.0,2
B003I8IGM0,5.0,2
B000UUT3ZS,4.0,2
B00CFJF0U4,4.0,2
B00HRLHY0E,5.0,2
B00F7772XY,5.0,2
B003I8KDFI,4.5,2
B00CFGUX68,5.0,2
B001BBHIMU,4.0,2
B001BBFZLG,4.5,2
B003I8KDLM,5.0,2
B003I8KEV6,5.0,2
B003I8KF6A,5.0,2
B003I8MENM,5.0,2
B001BBADCW,4.0,2
B003I8YEZ8,5.0,2
B000UV8S2G,5.0,2
B003I9C1P2,5.0,2
B001B9I7S6,5.0,2
B001B9I7MC,5.0,2
B003I9C4KE,5.0,2
B003I9C990,5.0,2
B00CFD4ZDI,5.0,2
B003I9CR7O,5.0,2
B003I9CRZG,5.0,2
B001B9G4ZO,5.0,2
B00F7TQZIU,5.0,2
B00CFD3L0G,5.0,2
B00CFD39C6,5.0,2
B00F7W345E,5.0,2
B00F7WAVG4,5.0,2
B003I9GSX8,5.0,2
B00CFCWDMY,5.0,2
B003I9BV94,5.0,2
B003I9BRR0,5.0,2
B00F7QEA2Q,4.5,2
B003I99F3I,5.0,2
B003I98HOQ,4.5,2
B00F7M838W,4.0,2
B000J40FI4,5.0,2
B000UVCYKS,5.0,2
B00CFDA0PK,5.0,2
B001BAEV80,5.0,2
B00GMZLXU8,5.0,2
B00F7PM3RG,5.0,2
B003I9BMWA,4.5,2
B001BADFJQ,5.0,2
B000UVMCPA,4.5,2
B003I9A0AA,4.0,2
B000UVMQC4,4.5,2
B00GMZLU7Y,5.0,2
B003I9B9G4,5.0,2
B00CFD66XU,4.5,2
B003I8F4JS,5.0,2
B003I8F1CS,5.0,2
B001B92EYO,5.0,2
B00CFQPD2W,5.0,2
B001BBWJ1K,4.5,2
B003I21WOA,5.0,2
B003I26O20,4.5,2
B00CFT4GXG,5.0,2
B001BBTJHM,5.0,2
B00CFSP31Q,5.0,2
B001BBS97S,5.0,2
B00CFSD8SG,5.0,2
B00F6SB8MK,4.5,2
B00CFRP8M6,5.0,2
B003I39QYM,4.5,2
B003I3B4P6,4.0,2
B000JBWW2Y,4.5,2
B003I3NX32,4.5,2
B00F6VRV1Y,5.0,2
B00CFRB7PI,4.0,2
B000JCK8TW,5.0,2
B00CFU75N8,4.0,2
B000JD7WH2,5.0,2
B00CFV24UG,4.5,2
B001BDVPMM,4.5,2
B00F6IEPZC,4.0,2
B003HUP2XU,5.0,2
B001BDV5DQ,4.5,2
B003HUQNB0,4.0,2
B000JCYZ28,4.0,2
B001BCVSTS,5.0,2
B001BCJPBG,4.5,2
B003HVSFYC,4.5,2
B003HY5YSE,4.5,2
B001BC2L2Q,4.0,2
B003I8EYZS,5.0,2
B003I4TNVC,5.0,2
B000J5XQ2U,4.5,2
B003I81T5Q,5.0,2
B001BBN70C,4.5,2
B001BBN2H0,4.5,2
B000UUMYGS,4.5,2
B003I82QE4,4.0,2
B003I83GKC,4.5,2
B00CFOFZR2,4.5,2
B003I83H3I,5.0,2
B003I83H60,4.5,2
B003I83H7Y,4.5,2
B003I83HDS,5.0,2
B001BBLKYC,5.0,2
B000J564MY,4.0,2
B003I8CQS0,5.0,2
B003I8CVRG,5.0,2
B001BBIOF0,4.0,2
B001BBIOBY,4.5,2
B003I7ZHNW,4.5,2
B000UUL8JM,4.5,2
B003I4XJYO,4.0,2
B00CFQN79S,5.0,2
B003I5MOBC,5.0,2
B00F6X7ZGI,5.0,2
B000J6CB1Q,4.0,2
B001BBQBZ0,4.5,2
B000J6C2CY,5.0,2
B003I5U72U,5.0,2
B001BBQBS2,5.0,2
B000J6ABU4,4.5,2
B000J61CV6,5.0,2
B003I6RY7K,5.0,2
B003I73M8Y,5.0,2
B00F71KXVS,4.0,2
B000J64PT2,5.0,2
B000J633GS,4.5,2
B001BBOLSY,5.0,2
B00CFP61RO,4.0,2
B003I7SYOQ,5.0,2
B00F88D4PW,4.5,2
B00F88KT3C,5.0,2
B003JBEXNW,4.0,2
B003IRU2PA,5.0,2
B003IRU7TG,4.5,2
B003IS3HII,5.0,2
B003IS3SPA,5.0,2
B00HS5G67G,5.0,2
B003IS9AQ6,5.0,2
B003ISNXW8,5.0,2
B003IT5TH4,5.0,2
B000J25ZR2,5.0,2
B000J25IM4,4.0,2
B001B4E6C2,5.0,2
B00CF8694Q,4.5,2
B001B4CQBK,5.0,2
B00F8MXYHQ,4.5,2
B003IWAIBS,4.5,2
B000J1BFCW,4.5,2
B003IWKDC2,5.0,2
B00HS8AYX0,5.0,2
B003IWV4IO,5.0,2
B003IX36F2,5.0,2
B00HS8VQP0,5.0,2
B003IRS5YU,4.5,2
B00F8M95YW,5.0,2
B001B56UPW,4.0,2
B001B55HEM,5.0,2
B001B54YJG,5.0,2
B00CFBCDG6,5.0,2
B001B4Z5RC,5.0,2
B003IPMCWI,4.5,2
B001B4TTR4,4.0,2
B00CFBB25Y,5.0,2
B00GMUXGC6,4.5,2
B00GMURENS,5.0,2
B003IQPQ66,5.0,2
B00CFAXE5Q,5.0,2
B001B4KH8Y,4.0,2
B003IRIRE8,5.0,2
B00CFAH5F6,5.0,2
B001B4HEEO,5.0,2
B003IX6OQK,5.0,2
B000J2FG5I,4.5,2
B003IY9T0W,4.5,2
B00HS95WAE,4.0,2
B000UZ8ZMK,4.5,2
B003J9GDR8,5.0,2
B003J9MG0Q,4.0,2
B001B2DZR6,5.0,2
B000J10ILQ,5.0,2
B003JA3KLO,5.0,2
B003JA5POO,4.5,2
B00CF2YSD6,5.0,2
B001B2QJRY,4.0,2
B00F8O53DC,5.0,2
B003IYBTH8,5.0,2
B001B3USUW,5.0,2
B003J0AIB4,5.0,2
B000UYA4O8,4.0,2
B000J10JGA,4.0,2
B003J2XRYW,5.0,2
B00CF5XUF0,5.0,2
B000J10JCY,5.0,2
B001B3PHTE,5.0,2
B00CF5CHJK,5.0,2
B001B3FXAC,4.0,2
B003J469MM,5.0,2
B000J10J6U,4.0,2
B003J5DSLG,4.0,2
B003J68D9W,4.0,2
B001B2S2QK,5.0,2
B003IP770U,5.0,2
B00CFBED9Q,5.0,2
B003IAIOIE,5.0,2
B003IE3F0C,4.0,2
B003IFIEOI,4.0,2
B003IGBVQK,4.5,2
B001B8A9LU,4.5,2
B003IGHABK,5.0,2
B003IGJ87O,5.0,2
B003IGPF3A,5.0,2
B00HRUBZ2I,5.0,2
B003IGUUE4,5.0,2
B00HS02J7C,5.0,2
B001B854YM,4.0,2
B001B84E4S,5.0,2
B001B82R6A,5.0,2
B003II07W2,4.0,2
B000UWBXKO,5.0,2
B000UWECMU,5.0,2
B00F8IY8BG,4.0,2
B001B7NPCQ,4.5,2
B00F89ZOMW,5.0,2
B00F89YCFW,5.0,2
B00HRS11A6,5.0,2
B000J3TES2,5.0,2
B003IAVVGG,5.0,2
B000UVVSU0,5.0,2
B001B8RRO2,4.0,2
B001B8RN0K,5.0,2
B003IAZN9M,5.0,2
B003IBSY06,5.0,2
B003IBW85I,5.0,2
B003IC7U96,5.0,2
B00CFCRE5U,5.0,2
B001B8QFHC,5.0,2
B000UVY15Y,4.5,2
B000J3NDZC,5.0,2
B00HRQATVU,5.0,2
B000J3NAHI,4.5,2
B00F89UDSM,4.5,2
B001B7MC3O,5.0,2
B001B7LW26,4.5,2
B001B5A6U2,5.0,2
B000UWLT62,5.0,2
B003IMIHQG,4.5,2
B001B67WJY,4.5,2
B00F8KMDM0,5.0,2
B003IMKDD6,4.0,2
B003IMM69K,5.0,2
B003IMM6MM,5.0,2
B001B6601K,5.0,2
B00GMV49Z8,5.0,2
B001B60WDC,5.0,2
B003IMRY1K,4.0,2
B001B5YFNG,5.0,2
B00CFBGPR4,5.0,2
B00CFBGCM2,4.0,2
B00CFBF71E,5.0,2
B00HS4O36I,5.0,2
B00CFBF6CO,5.0,2
B000UX126S,5.0,2
B00GMV7O8M,5.0,2
B003IMH9WY,5.0,2
B003ILBO62,5.0,2
B001B7KPLA,4.5,2
B003IIYO3K,4.5,2
B003IKAGT4,5.0,2
B003IKHJP8,4.5,2
B003IKY4MY,4.5,2
B00HS3I8VA,5.0,2
B003ILLQX8,4.0,2
B003IM5N9U,4.5,2
B001B7CJFA,4.5,2
B000UX06JM,4.0,2
B003IME698,5.0,2
B000IOQ86I,5.0,2
B003KDK2Z2,5.0,2
B001AQBT6M,5.0,2
B000V8J61A,5.0,2
B003N9APBE,4.0,2
B000IG4TBC,5.0,2
B000IG4GG0,5.0,2
B001A11G1A,5.0,2
B001A10KAI,4.5,2
B000V8DIK0,4.0,2
B000IG430Y,5.0,2
B00GMP6GQ4,4.5,2
B00FCZKW4M,4.0,2
B003N9V2KM,5.0,2
B003N9VL76,5.0,2
B0019ZFC08,5.0,2
B003NA7EAS,5.0,2
B003NA7L0G,5.0,2
B00GMP6BUA,4.5,2
B00CC0OPMU,4.0,2
B0019ZF5YQ,5.0,2
B00CC0K3EO,4.0,2
B003NB19U8,4.5,2
B00CC1XFJ8,4.5,2
B003N91PKO,5.0,2
B001A15H24,5.0,2
B003N7QZWE,4.0,2
B00CC62TMC,4.0,2
B003N75KCU,4.5,2
B001A33IRS,5.0,2
B001A26D6M,5.0,2
B003N7D8IS,4.5,2
B00CC3LS90,5.0,2
B00FCWLQ40,5.0,2
B00CC3BI90,4.5,2
B001A1ZZRG,5.0,2
B00FCQVVY6,5.0,2
B00HTZE55A,4.0,2
B00FCRO7HS,4.5,2
B00CC32R6I,5.0,2
B003N8U5GA,5.0,2
B000IG8SXW,4.5,2
B003N8XD2I,5.0,2
B003N8YLLU,5.0,2
B0019ZD7E6,5.0,2
B00CC72AIE,5.0,2
B0019W0EYU,4.5,2
B0019VX1LO,5.0,2
B00CBYVIV8,5.0,2
B00GMP5D8G,4.0,2
B000V9HZR6,4.5,2
B0019V3EN4,4.5,2
B003NIO65G,4.0,2
B00GMP5728,5.0,2
B000V9KK2S,5.0,2
B0019UXKFC,4.0,2
B003NJP2VM,4.5,2
B00FDJW3C6,5.0,2
B0019T0EL6,5.0,2
B00GMP51QA,5.0,2
B0019SWQR2,5.0,2
B0019SRGPO,4.5,2
B003NKZXE2,4.5,2
B000IFB5P6,5.0,2
B003NGNPPA,4.0,2
B000IFGUMO,5.0,2
B00CBZ191Q,4.0,2
B00FD3OR4O,5.0,2
B0019Z9SIK,4.5,2
B00CBZJVIO,5.0,2
B000V8VMOE,5.0,2
B003NDUNJ4,4.0,2
B003NDWQ58,5.0,2
B003NEF8W0,5.0,2
B003NF8AGA,5.0,2
B0019Y2DEW,5.0,2
B003NFSYZC,5.0,2
B0019X3VNU,5.0,2
B003NFYN4S,5.0,2
B000V8XBSO,5.0,2
B003NFZX88,5.0,2
B000IFGWNG,4.5,2
B0019WYWW0,4.5,2
B00FDLGSMK,4.0,2
B003N185TQ,5.0,2
B003MVZIJ2,5.0,2
B00CCK290K,5.0,2
B00CCJL1G4,5.0,2
B000IK4Z8K,5.0,2
B001A68CHQ,5.0,2
B000IK26CM,5.0,2
B00CCHV436,4.5,2
B003MXFHKK,4.5,2
B00GMP740Q,5.0,2
B003MYADQM,5.0,2
B001A5R5DY,5.0,2
B00CCG24PO,5.0,2
B003N07AB6,5.0,2
B000V87E8C,5.0,2
B000IK8PHW,5.0,2
B00HTP6ROW,4.0,2
B00GMP7NCU,5.0,2
B000V7XH8E,5.0,2
B000IKB312,4.5,2
B00FC1UUWK,5.0,2
B003MRXDES,5.0,2
B00CCNW9MA,5.0,2
B003MS2SF2,5.0,2
B003MS62ZE,5.0,2
B000IKAIEA,5.0,2
B001A7NX3I,4.5,2
B00FC21NWK,4.5,2
B003MTF2GI,4.5,2
B003MTF2JA,5.0,2
B003MTQVW2,5.0,2
B003MU2KDK,5.0,2
B003MUD89A,5.0,2
B003N185T6,4.5,2
B001A5JSR0,5.0,2
B00FCBH87K,4.5,2
B003N3W2LG,5.0,2
B001A3ZEMU,5.0,2
B00HTT76PM,4.5,2
B003N423AK,5.0,2
B00CC89R34,4.5,2
B003N486EW,5.0,2
B00GMP6WH2,5.0,2
B000II3BD2,5.0,2
B001A3LQB8,4.5,2
B000II1VQG,5.0,2
B001A3JDEU,4.5,2
B001A3H9GE,5.0,2
B00FCKKC4W,5.0,2
B001A3F4LG,5.0,2
B00FCM420U,5.0,2
B001A3F3R6,4.5,2
B003N4V66M,4.5,2
B000IHV6MQ,4.5,2
B001A3DLP2,4.0,2
B003N5RQV0,4.5,2
B000V89H5K,5.0,2
B001A5J1AE,5.0,2
B00FCCB69A,5.0,2
B001A5F2DE,5.0,2
B000IJ6VYW,5.0,2
B00CCE1FO2,5.0,2
B003N1ZYJU,5.0,2
B003N206WY,4.5,2
B003N3KC7C,5.0,2
B003N3M9X2,5.0,2
B001A4F41A,4.5,2
B00CCCQ14S,4.5,2
B00CCCM1QU,4.0,2
B001A4D07K,4.5,2
B001A4B28Y,5.0,2
B001A4B18K,5.0,2
B003N3QNBG,5.0,2
B00FDMC7OC,5.0,2
B001AQA8XM,5.0,2
B003O450HM,5.0,2
B00FDW09G0,5.0,2
B000VB61EC,5.0,2
B0019II16M,5.0,2
B003O48YQG,4.0,2
B0019I14W0,4.5,2
B0019I0KFM,5.0,2
B003O48ZUG,5.0,2
B00CBSVX46,5.0,2
B003O4AJFA,4.5,2
B003O4AMYS,5.0,2
B00FDZCPGE,5.0,2
B003O4AWAC,5.0,2
B00CBR3RU0,5.0,2
B00CBR3Q2Y,4.0,2
B0019H8AE6,4.0,2
B00HUBZBUG,4.5,2
B000VBDPHI,4.0,2
B003O4BYO0,4.5,2
B003O4CBYM,4.0,2
B003O3R5J4,5.0,2
B000IDXUX8,5.0,2
B00CBT0UCQ,4.5,2
B003NZWKB6,4.5,2
B003NYTVRS,5.0,2
B000IEBSS6,4.5,2
B003NZ2962,4.5,2
B000VB3BBI,5.0,2
B000IEBSR2,5.0,2
B00CBVJJW6,4.5,2
B00CBU05DE,5.0,2
B00CBU01LU,5.0,2
B003NZTLUO,4.0,2
B003O1G82G,5.0,2
B000VB3C4Y,5.0,2
B003O1JAVC,5.0,2
B003O1K188,4.5,2
B0019J8GYI,4.5,2
B003O1MMIU,4.5,2
B00FDVMWLQ,5.0,2
B003O1P07A,5.0,2
B003O1Q4LQ,5.0,2
B003O4CQGA,5.0,2
B003O4I0Q0,4.0,2
B000ICPA14,5.0,2
B003O4J4ZG,5.0,2
B00CBMDZ4S,4.5,2
B003O4KUWM,5.0,2
B003O4L88M,5.0,2
B000VC5TXU,4.0,2
B003O4M0NO,4.5,2
B0019D8N1A,5.0,2
B00CBM0MBW,4.5,2
B0019D7XAM,5.0,2
B0019D7FQ4,5.0,2
B003O4MYH6,4.5,2
B0019D6BLY,5.0,2
B003O4SPJ2,4.5,2
B003O4VS3W,4.5,2
B000IBMI7Y,4.5,2
B003O4HUG6,5.0,2
B0019FHTAO,5.0,2
B003O4D9FW,4.5,2
B003O4DK7E,5.0,2
B000VBLCLY,4.0,2
B003O4DMF4,5.0,2
B0019GAUK4,5.0,2
B000VBMKE2,5.0,2
B0019G9TF6,4.0,2
B00CBQG3MU,5.0,2
B003O4FG0S,5.0,2
B000VBNLUO,5.0,2
B003O4HJSU,5.0,2
B003O4FRUM,5.0,2
B003O4FW5C,4.0,2
B00GMP3Z40,5.0,2
B00CBP1FZG,5.0,2
B0019F34GW,5.0,2
B00CBOE7N4,4.5,2
B003O4H4K8,5.0,2
B003O4HI2M,4.5,2
B003NYJAZG,5.0,2
B003NYD8UY,5.0,2
B0019RWYCK,4.0,2
B00HU8CLJI,5.0,2
B000IF4QT8,5.0,2
B0019QCN5O,5.0,2
B003NR2JDI,5.0,2
B003NR6KBA,4.5,2
B003NRMIZ2,5.0,2
B003NRNLAS,5.0,2
B003NRRFQ4,5.0,2
B003NRSMG6,5.0,2
B003NS56LO,4.0,2
B0019OOVI8,5.0,2
B00FDOCN7G,5.0,2
B003NT4C7C,4.0,2
B003NT5TGU,5.0,2
B003NTAXBG,5.0,2
B000VA5RO8,4.0,2
B0019MQXFO,5.0,2
B00HU817IE,5.0,2
B003NTJMAO,4.5,2
B0019QLL1Q,4.0,2
B003NQOY64,5.0,2
B0019QU5OK,4.0,2
B00FDMDNWW,5.0,2
B00GMP50YI,4.0,2
B003NOC094,5.0,2
B0019ROHIE,4.0,2
B00GMP50UC,5.0,2
B0019RKS46,5.0,2
B00GMP502K,5.0,2
B0019RIYV0,5.0,2
B00CBYG228,4.0,2
B00CBYG18I,4.0,2
B003NOG4SC,4.0,2
B003NOG72U,5.0,2
B003NOHQ6G,5.0,2
B003NOHU26,5.0,2
B003NOJQ0K,4.5,2
B00GMP4ZN0,5.0,2
B00CBYF4AO,5.0,2
B00CBYF382,5.0,2
B003NPUK22,4.0,2
B003NTK0SM,5.0,2
B0019M1O94,5.0,2
B00GMP4NGE,5.0,2
B00GMP4VYI,5.0,2
B0019LQSGY,4.5,2
B003NW64U2,5.0,2
B0019LNV6Y,5.0,2
B00CBXY4HY,5.0,2
B00CBXXT7U,4.5,2
B00FDTFKKI,4.5,2
B000VAIMO0,5.0,2
B003NXB6NG,5.0,2
B000VAJJ60,5.0,2
B003NXCCZ2,5.0,2
B003NXD6RA,5.0,2
B003NXJNAY,4.0,2
B00FDUL08I,5.0,2
B00HUA7UZG,4.5,2
B000IEHLGO,4.5,2
B000VARV4W,4.5,2
B00FDUV7O0,5.0,2
B0019JF0QU,5.0,2
B000VAESRA,5.0,2
B00CBY6DG8,5.0,2
B0019LXAYW,5.0,2
B0019M0C6U,5.0,2
B00GMP4VAM,5.0,2
B00FDPGG0K,4.0,2
B00FDPGGSW,4.5,2
B000IEOGLC,4.5,2
B003NTYQ5K,4.5,2
B003NTZB36,5.0,2
B00FDPIF90,5.0,2
B000VADLPA,5.0,2
B00CBY9MJ8,4.5,2
B000IENTJM,5.0,2
B003NU8FTC,5.0,2
B00CBY9F7C,5.0,2
B0019LW29G,5.0,2
B00CBY8GSQ,5.0,2
B000VA80Y2,5.0,2
B00GMP4QR0,5.0,2
B0019LT32U,5.0,2
B003MQXC3G,5.0,2
B003MQ7UG6,5.0,2
B001A886W0,5.0,2
B003LA4IPY,4.5,2
B003L3YS6U,5.0,2
B00CD8EJP4,4.5,2
B003L66XDS,5.0,2
B001AKNCA4,5.0,2
B001AKLUBC,5.0,2
B003L7J3U2,4.5,2
B003L7LTDG,4.5,2
B003L8BOJ4,4.0,2
B00CD8A7Q4,5.0,2
B000V59VJK,5.0,2
B000V5BNAU,4.5,2
B000IOBYFI,5.0,2
B001AJJ9PC,5.0,2
B001AJJ0WE,4.5,2
B001AJIBBU,5.0,2
B00FAVQN6E,4.5,2
B001AL3V18,5.0,2
B001ALLNWW,4.0,2
B00CD97K18,5.0,2
B00HSWNRRQ,4.5,2
B000V521X8,5.0,2
B00CD9566O,5.0,2
B003L0RPC2,4.0,2
B003L0Y2SW,5.0,2
B00CD8PIF4,5.0,2
B000V525CK,5.0,2
B003L1RLCK,5.0,2
B003L2K17G,5.0,2
B003L1XM8M,5.0,2
B003L23J5C,4.0,2
B00FAV7I90,4.0,2
B001AKWWUU,5.0,2
B00GMPD5ZO,5.0,2
B001AKSZ7O,5.0,2
B003L2AEK0,4.5,2
B003L2CSTU,4.5,2
B001AKQYXQ,4.5,2
B001AKQD28,5.0,2
B00GMPD0KE,5.0,2
B00FB1I62W,5.0,2
B003KXD2N6,4.0,2
B00CD4AOI4,5.0,2
B001AHJ6D4,4.5,2
B003LLV84C,5.0,2
B00FB9ONZS,4.5,2
B000V5KOTQ,4.5,2
B00CD3PUHU,5.0,2
B000V5KOUU,5.0,2
B001AHGR72,5.0,2
B001AHGDJE,4.5,2
B00CD2GL1K,4.5,2
B001AHE954,4.5,2
B003LMZNJ2,4.5,2
B003LO0G5G,5.0,2
B00CD14BP4,5.0,2
B001AH3Z3G,5.0,2
B003LQY2F4,5.0,2
B00FBBJSQU,5.0,2
B001AGYEW8,5.0,2
B000INID44,4.0,2
B000V5KOSC,4.5,2
B003LJF3XQ,4.0,2
B003LD7IN0,4.0,2
B001AJ1WFW,5.0,2
B001AJ1WEI,5.0,2
B000V5FG5S,4.5,2
B003LCPFQ8,5.0,2
B001AIMZCW,5.0,2
B003LD5PDK,5.0,2
B00GMPCZLY,5.0,2
B00CD6IYH0,4.5,2
B00FB75C4Q,5.0,2
B003LELOYS,5.0,2
B001AHS6CQ,5.0,2
B003LF9Z7U,5.0,2
B000IO6N8G,5.0,2
B00CD9FY5M,5.0,2
B001ALXQS6,5.0,2
B001A8BM5S,5.0,2
B00FAH0EQI,5.0,2
B003KLXMVA,4.0,2
B003KLXOV8,4.5,2
B001AP3OSY,4.0,2
B003KLZB1E,4.0,2
B001AP36J6,4.0,2
B001AOOCRC,4.0,2
B00GMPEERC,5.0,2
B003KMSBC4,5.0,2
B003KNQ256,5.0,2
B003KNQ2DI,5.0,2
B00CDDAG8S,5.0,2
B003KOE91E,4.5,2
B000IOOJZK,4.5,2
B00FAJWDVK,5.0,2
B001ANS11Q,5.0,2
B003KPEYUO,5.0,2
B001ANQUR8,5.0,2
B000IOOJOQ,5.0,2
B003KPKAAC,4.5,2
B00HSS98RI,4.5,2
B001APNIAS,5.0,2
B003KLW040,5.0,2
B000IOQ7YG,5.0,2
B003KE4DGU,5.0,2
B001AQ7NIU,4.0,2
B000IOQ84U,4.5,2
B003KEIXG6,4.0,2
B001AQ7LMI,4.5,2
B001AQ67XC,5.0,2
B000V3O5ZC,4.5,2
B00FAEYJL2,4.0,2
B00CDDTBUM,5.0,2
B00HSRQFNO,5.0,2
B000IOOLGC,5.0,2
B00GMPER24,5.0,2
B003KK2HI0,5.0,2
B003KK3PHC,4.5,2
B003KK85TU,5.0,2
B003KLQ4O2,4.5,2
B003KLS1NO,5.0,2
B003KLSOWM,5.0,2
B00FAOH7XO,4.5,2
B00CD9J23C,5.0,2
B00FAOZSSA,5.0,2
B003KUVVKU,5.0,2
B001AMI70C,5.0,2
B003KUYR2E,5.0,2
B003KV2OAU,5.0,2
B001AMF3RC,5.0,2
B003KVJIUE,5.0,2
B000IOHQ96,4.5,2
B00FARSM5I,4.0,2
B00CDBYBQ8,4.5,2
B003KW5XAC,5.0,2
B001AM49RW,5.0,2
B00CDAP334,4.0,2
B003KWMDMS,5.0,2
B001ALZR1U,4.5,2
B00GMPDDC4,5.0,2
B003KWYLQE,5.0,2
B000IOJLJ4,5.0,2
B000V4NO5S,4.5,2
B00CDD3612,5.0,2
B003KQQLM2,5.0,2
B00GMPDKKE,5.0,2
B003KRDKVG,4.5,2
B00FARASS2,4.0,2
B00CDD1BNW,5.0,2
B00CDD0EL2,5.0,2
B003KSCYOO,4.0,2
B003KSF2MA,4.0,2
B003KU6DQC,5.0,2
B003LRBI9Q,5.0,2
B00FBCGXP8,4.5,2
B003LS7XVC,4.0,2
B001AC0HFU,5.0,2
B00FBQIVPE,5.0,2
B00CCWWEXA,4.5,2
B00HTDGGB8,4.0,2
B001AC0FJI,4.5,2
B003MBRLU6,4.0,2
B00FBQO4BY,4.5,2
B001ABYNHO,4.0,2
B001ABYN1U,5.0,2
B001ABWQDM,4.0,2
B003MBVLRU,4.5,2
B003MBXV5U,5.0,2
B003MBYYTW,5.0,2
B000IM1S06,5.0,2
B001ABWPCY,5.0,2
B000ILZT1G,4.5,2
B003MBZM20,5.0,2
B001ABWOJ8,4.5,2
B003MC1UE8,4.0,2
B003MAS57K,4.5,2
B003MAMPZI,5.0,2
B003M5QTTG,4.0,2
B003M5YXGW,4.5,2
B00FBOXMK0,5.0,2
B001AC69QQ,5.0,2
B001AC4K80,4.0,2
B003MAMNV4,5.0,2
B003M90QH8,5.0,2
B00CCX30VY,4.5,2
B000IMLMWA,5.0,2
B001AC1WEU,5.0,2
B003MAB1OE,4.5,2
B00GMP8GAS,5.0,2
B00CCWX6O6,5.0,2
B00CCWWRZA,5.0,2
B000IMJS3K,4.0,2
B001ABWMVS,5.0,2
B001AB44XM,5.0,2
B001AGA5NK,5.0,2
B003MCN244,5.0,2
B001A9KC1C,4.0,2
B003MMVUIE,5.0,2
B00FBQXLVS,5.0,2
B003MMVXVS,4.5,2
B003MN11JQ,4.5,2
B003MN3UCM,5.0,2
B001A9HAD0,4.5,2
B003MNF4ZS,5.0,2
B001A9EWL8,4.5,2
B00CCPXLG6,5.0,2
B00FBS888W,5.0,2
B001A9AQ0E,5.0,2
B001A8JJSU,5.0,2
B00FBVFQFW,5.0,2
B001A8FH2C,5.0,2
B003MP1HHK,5.0,2
B000IKE9XQ,5.0,2
B001A8DS1O,5.0,2
B000V7K0DE,5.0,2
B003MPJU1K,5.0,2
B00CCO0UX4,5.0,2
B003MLOFBE,5.0,2
B003MKNCJ6,5.0,2
B001A9QRNY,5.0,2
B003ME5Q4Q,5.0,2
B000ILR7MK,4.5,2
B000V74ZOE,5.0,2
B000ILPM0O,4.5,2
B001AAI1PK,5.0,2
B000ILNSD2,5.0,2
B001A9TGS2,5.0,2
B001AA5BRQ,5.0,2
B003MIJG8Y,5.0,2
B000V79ZNU,4.0,2
B00CCRJJZ6,5.0,2
B001A9Y49I,4.5,2
B001A9VWRK,4.5,2
B00CCYKUZC,4.5,2
B000V6DMTY,5.0,2
B003LYKO44,4.5,2
B00CCYSQ9E,4.5,2
B003LYM668,4.0,2
B00CCYSM4S,5.0,2
B003LYN5T0,5.0,2
B003LYQZ24,4.5,2
B001AFEROE,4.0,2
B000V6DWQW,5.0,2
B003LYTN2S,4.0,2
B003LYYI8M,5.0,2
B001AEYV00,5.0,2
B000V6J2Q6,4.5,2
B001AEBUIQ,5.0,2
B003LZQE8I,4.5,2
B003LZQECE,4.5,2
B003LZQHIA,5.0,2
B00FBGDZRS,4.5,2
B000V6CSQW,5.0,2
B003LYHG90,5.0,2
B00CCYTO6S,5.0,2
B001AGA0TE,4.5,2
B001AG5C1A,4.5,2
B00FBF53TC,5.0,2
B000V5PC3Y,5.0,2
B001AFK8C4,4.0,2
B003LYHBQ8,4.0,2
B000V5RUI4,5.0,2
B00GMP9BV6,5.0,2
B00CCYSUPO,4.5,2
B000V63OI8,5.0,2
B00CCYSSN8,5.0,2
B00FBFCMLO,5.0,2
B00HT5NAEM,5.0,2
B003LYH5T6,5.0,2
B001ADW4ZU,4.5,2
B003LZRLQW,5.0,2
B001ADVYL0,4.0,2
B00CCYMCWG,5.0,2
B001ADOUQG,5.0,2
B000V6XD3O,4.5,2
B003M365R4,4.5,2
B00CCYN7FW,5.0,2
B00GMP8IA6,5.0,2
B001ACXTBY,5.0,2
B001ACVFT2,4.5,2
B00CCYME88,4.0,2
B003M433BE,5.0,2
B000IMVU4A,4.0,2
B003M4DY5O,4.0,2
B003M4K9HA,4.0,2
B00FBMCA46,5.0,2
B00CCYLJ7K,5.0,2
B003M574LI,5.0,2
B000IMS0IE,5.0,2
B003M5A8H0,4.5,2
B003M5BJTG,4.0,2
B00FBN953O,5.0,2
B001ADOVA6,5.0,2
B001ADVX4I,5.0,2
B00FBIR8HO,5.0,2
B00FBHB3GM,5.0,2
B003LZU75Y,4.5,2
B00CCYQLKA,5.0,2
B00CCYQBUA,4.0,2
B000V6K9O0,4.5,2
B00CCYQ04C,5.0,2
B003LZYH28,4.0,2
B003M03KQQ,5.0,2
B003M091A0,5.0,2
B00HTAEJOW,4.0,2
B00CCYP1Q0,4.5,2
B001ADQV54,5.0,2
B00CCYOXW8,5.0,2
B001ADQUPK,5.0,2
B00CFW9C8C,4.5,2
B00CK0B2C8,5.0,2
B000ULAWPC,4.5,2
B00CJZI86W,4.5,2
B000JYJD1Y,5.0,2
B003D0ZNBU,5.0,2
B000JYJCYW,5.0,2
B001D736GY,4.5,2
B000JY4VUW,4.0,2
B003D1RMOK,5.0,2
B001D6KZVO,4.0,2
B00CJW6B32,5.0,2
B000ULB0PI,4.0,2
B000JXTEN2,5.0,2
B000ULB4EK,5.0,2
B000JX30M8,4.0,2
B00CJUSFLK,4.5,2
B00F2HIGUM,5.0,2
B003CZ80JI,4.0,2
B000JYJRFQ,5.0,2
B003CYKOCA,4.5,2
B001DABEGA,4.5,2
B003CYKOA2,5.0,2
B001DA0NHG,4.0,2
B003CYKOAM,4.0,2
B001D9ZK8E,5.0,2
B001D8NXUW,5.0,2
B000UL98NY,5.0,2
B00HOD76XA,4.0,2
B001D8Y6TE,5.0,2
B000JYMQSQ,5.0,2
B00HOD8A1C,4.0,2
B00F2GMFN2,4.0,2
B000JYJT7C,5.0,2
B001D4ZA9S,5.0,2
B003CXM66S,4.5,2
B001D4P6LU,4.0,2
B000ULCVY2,5.0,2
B003D8P83A,4.5,2
B00CJQ35FU,5.0,2
B00CJOEXDK,4.5,2
B003D8TJ76,5.0,2
B001D0MKVS,5.0,2
B001D0LC1W,5.0,2
B00CJMM59Q,4.0,2
B00F2RAD6W,5.0,2
B001D0HHWA,4.5,2
B003DAEX4I,5.0,2
B003DAV530,4.0,2
B001D0H2DY,5.0,2
B00F2RADYY,4.5,2
B001D0F5WE,5.0,2
B000ULDAGA,5.0,2
B000ULDDF8,5.0,2
B000JWNVMS,5.0,2
B003D7VGPU,5.0,2
B003D7T2TM,5.0,2
B00F2KJRHU,5.0,2
B000JWRHV4,4.0,2
B000ULBCME,5.0,2
B000ULBFMQ,4.5,2
B001D3HJZM,4.0,2
B000JWQ3ZU,5.0,2
B001D296V8,5.0,2
B001D19Z10,4.5,2
B00CJRB06A,4.0,2
B00CJRAYZS,4.0,2
B00F2P3P5U,5.0,2
B003D7LJD4,5.0,2
B003D7LJIO,4.0,2
B001D1GIYC,5.0,2
B001D1GAL8,5.0,2
B00F2PZNDM,5.0,2
B00F2PZU2G,5.0,2
B003CYI90E,4.0,2
B003DCLBS2,4.5,2
B00CKIMSTQ,4.5,2
B000UJS4UO,5.0,2
B003CJHDG0,5.0,2
B003CJJD22,5.0,2
B003CJL88Y,4.0,2
B003CJNH88,4.5,2
B003CJOBK6,5.0,2
B003CKIQO2,5.0,2
B00F1Y8Z5M,4.0,2
B003CMB0IE,5.0,2
B003CMHZ7E,4.5,2
B003CMNTDI,5.0,2
B001DEU9DU,5.0,2
B003CMQ9N0,4.0,2
B00F1ZRPUW,4.5,2
B003CJ9DOA,5.0,2
B003CJ8IM8,4.5,2
B00F1R5ENU,5.0,2
B00CKU428Y,5.0,2
B003CJ15BY,5.0,2
B000JZ15XM,4.5,2
B001DIOHHU,5.0,2
B001DIMLD2,5.0,2
B003CJ1U5A,5.0,2
B003CJ38DW,4.5,2
B00GOHNV2W,5.0,2
B00CKS24TA,4.5,2
B003CJ511E,5.0,2
B00HNYXL0C,5.0,2
B00CKQLCDG,4.0,2
B00CKQ22HG,4.5,2
B003CJ5VPA,4.5,2
B001DF7KS6,4.5,2
B001DELXQW,5.0,2
B00GOFPIXO,5.0,2
B001DE431O,5.0,2
B00CK6SLD0,5.0,2
B00CK6SLCQ,4.5,2
B001DCEFS2,4.0,2
B00CK6SL0I,5.0,2
B000UL946K,5.0,2
B001DC9QWM,5.0,2
B003CUKKZ0,5.0,2
B00CK49PRI,4.0,2
B003CURKCQ,5.0,2
B003CV3K10,4.5,2
B001DBQ0I6,4.5,2
B003CVA95A,4.5,2
B003CVB918,5.0,2
B00F2A4QI0,5.0,2
B00CK3S8CC,4.5,2
B001DBJVBO,4.0,2
B00F26MUY6,4.5,2
B003CRPLO8,5.0,2
B003CQ8SM6,4.0,2
B00F200NZK,5.0,2
B001DDYKTU,5.0,2
B003COXVAC,4.5,2
B00CKDCSG4,4.5,2
B003CQ0UVI,5.0,2
B003CQ0YMI,5.0,2
B000UK55KA,5.0,2
B003CQ4HK8,5.0,2
B003CQ6CYC,5.0,2
B003CQQD8C,5.0,2
B00F20V1HY,5.0,2
B00CKCC48C,5.0,2
B000JYZVSS,5.0,2
B003CR0IQE,5.0,2
B000UKBE3W,4.5,2
B00GOG1V20,5.0,2
B00CK8YEJ8,5.0,2
B001DCV4KY,4.0,2
B003DCF84U,4.5,2
B00CJJ0IYS,5.0,2
B001CT083M,5.0,2
B000ULJKDC,4.5,2
B001CTRM40,4.5,2
B00CJ319Z6,4.0,2
B001CTPM1A,5.0,2
B001CTLCN2,5.0,2
B003DZVQPM,5.0,2
B003DZZC2K,4.5,2
B00GO6S6KU,5.0,2
B003E0DMNU,5.0,2
B001CTFLRA,5.0,2
B003E0FOJ0,5.0,2
B003E0HCJU,5.0,2
B000JR72CS,5.0,2
B000JR71J2,5.0,2
B00F3AGKCE,4.0,2
B003E0U6ZC,5.0,2
B00CJ29FOE,4.5,2
B003E0U9N6,4.5,2
B00GO6TASM,5.0,2
B00CJ38P6M,5.0,2
B000ULI4AM,5.0,2
B003DVMVIW,4.5,2
B001CWRK3A,4.5,2
B000ULHXJK,5.0,2
B003DWAJU8,4.5,2
B001CWFRV2,5.0,2
B001CWFBYU,5.0,2
B00CJ4BFIQ,5.0,2
B003DWG2FE,4.0,2
B003DWOWO2,4.0,2
B003DWUJQW,4.5,2
B003DX07E0,4.5,2
B000JRQFHG,5.0,2
B003DX8FRQ,5.0,2
B003DXCBXK,5.0,2
B00F39N9B0,5.0,2
B003E0UAC6,4.5,2
B003DSZ0XS,5.0,2
B001CT0AEO,5.0,2
B000ULJRUS,5.0,2
B000ULJSXO,4.0,2
B003E0Y1NK,5.0,2
B000ULJUCS,5.0,2
B00CIYM3TC,4.5,2
B003E0YJKU,4.5,2
B00GO5PEX8,4.5,2
B000ULK9BY,5.0,2
B00F3EEIVU,4.0,2
B000JR4RYO,5.0,2
B003E0Z1JI,5.0,2
B00HPBZVU6,5.0,2
B000JR30F6,5.0,2
B000JR2XFO,5.0,2
B003E0Z5JY,5.0,2
B001CT08HI,5.0,2
B003E0Z7EC,4.5,2
B003E0XRD0,5.0,2
B000ULJQ86,5.0,2
B001CT0AAS,5.0,2
B00F3BWT5K,5.0,2
B003E0VMPK,4.5,2
B003E0VMSW,5.0,2
B003E0VQ1U,5.0,2
B003E0VRDW,5.0,2
B003E0VS3Q,5.0,2
B00CJ0BBXY,4.5,2
B001CT09I6,5.0,2
B001CT09OA,5.0,2
B003E0X18G,4.5,2
B000ULJNB6,4.5,2
B00CIZXYX0,4.5,2
B00CIZFEQ0,5.0,2
B000JR590U,4.5,2
B003E0X87U,4.0,2
B00F3D49HE,5.0,2
B00CJ7KSJA,4.5,2
B003DCN7UW,5.0,2
B00CJF5TGO,4.0,2
B00GOBH0OI,5.0,2
B003DKCCSC,5.0,2
B000JW2S8Q,5.0,2
B000ULFTWI,5.0,2
B003DKGEEA,5.0,2
B000JW2IO0,5.0,2
B003DKLCCO,4.5,2
B003DKLCE2,4.5,2
B003DKMDE0,5.0,2
B00F2WSX46,4.5,2
B00CJGECX4,5.0,2
B003DKQISW,5.0,2
B003DKQWME,4.5,2
B001CZE8DW,4.5,2
B000JVK7AI,5.0,2
B000JVGJHI,5.0,2
B003DKSYTI,5.0,2
B00HOUAYGE,5.0,2
B00HOVML4Q,5.0,2
B00CJFRR96,4.5,2
B000JVGIWO,4.5,2
B003DKAGIA,4.5,2
B001CZMAAA,5.0,2
B001D089JK,4.0,2
B000ULDKT2,5.0,2
B001D0B3IE,5.0,2
B001D0B244,5.0,2
B000JWM7WS,5.0,2
B000ULET24,4.5,2
B003DFJSVQ,4.5,2
B000ULETPG,4.5,2
B003DGKBNE,4.5,2
B000ULF8WO,5.0,2
B001D06W94,4.5,2
B003DH2PI2,5.0,2
B001D06UW8,5.0,2
B003DH8IP6,5.0,2
B003DHPP4S,5.0,2
B00F2THJM6,4.5,2
B003DHSDXI,5.0,2
B000JWEMVW,5.0,2
B00F2YTSKW,4.0,2
B001CYTR4I,4.0,2
B00CJ7KSWM,4.0,2
B003DQOCI4,5.0,2
B000ULGR10,5.0,2
B00CJBRIO4,4.5,2
B000JTTQY8,5.0,2
B000JTPOJY,5.0,2
B001CYA1HA,5.0,2
B003DR2WYO,4.5,2
B00CJBBB24,4.0,2
B003DRMFLO,4.5,2
B00GO8TW8S,4.0,2
B003DS94F8,5.0,2
B001CX4Y7Y,5.0,2
B003DSDJHM,5.0,2
B000ULGQC0,4.5,2
B003DQA8ZA,5.0,2
B003DLPAA8,5.0,2
B000JVDXCM,4.5,2
B001CYRW6S,5.0,2
B000JVCB9I,4.0,2
B00GOABEO6,5.0,2
B003DLIU7I,5.0,2
B003DLJ3LK,4.5,2
B00CJE8H28,4.5,2
B003DLNVEU,5.0,2
B001CYCS6W,4.0,2
B003DLXA0A,5.0,2
B003DM5E0S,5.0,2
B001CYEQJ4,4.0,2
B003DMCKF0,5.0,2
B003DO7G9I,5.0,2
B003DPZURW,5.0,2
B003DQ0D32,4.5,2
B000ULGNCS,5.0,2
B00F33DNYY,4.0,2
B00CKW92KA,5.0,2
B003BQFJTM,5.0,2
B000UAVAEA,5.0,2
B003BOLIVW,4.0,2
B00F02FMJ2,4.0,2
B00CLVFUMO,4.0,2
B00CLVFKDS,5.0,2
B003BPJP6G,5.0,2
B000K4V4JC,5.0,2
B001DYM5JG,4.5,2
B00HNLHEEE,4.5,2
B003BQERCC,5.0,2
B003BQFEEW,5.0,2
B000K3NT00,4.0,2
B00GOZGENC,5.0,2
B003BOK10G,4.5,2
B000UAPDJS,5.0,2
B00EZWSBQY,5.0,2
B001E0SIE0,5.0,2
B000K5JBZK,5.0,2
B003BMNIDU,5.0,2
B00EZWMBSI,4.0,2
B003BMNKBK,5.0,2
B003BMPAD6,5.0,2
B00CLX93KW,4.5,2
B001E0A596,4.5,2
B003BMR2SW,5.0,2
B00EZWTI5W,5.0,2
B00EZZ44P8,5.0,2
B001E0OZLU,5.0,2
B003BOGZ10,5.0,2
B000UANTW6,4.5,2
B001E0AK14,5.0,2
B003BQFIPM,5.0,2
B001DYM4ZQ,5.0,2
B00CLZE7GU,4.0,2
B003BQL8NS,5.0,2
B00CLQW8RE,4.0,2
B003BQNBWO,4.5,2
B003BQNCRI,4.0,2
B003BQOLR8,5.0,2
B003BQOO5M,4.5,2
B00GOU0JNI,5.0,2
B003BQOUEC,4.0,2
B000UDGI4O,4.5,2
B00GOU0CM6,5.0,2
B00CLMESP8,5.0,2
B001DU71B2,4.0,2
B003BQP4X8,5.0,2
B00CLMESFI,4.5,2
B001DU5BLY,5.0,2
B003BQL8L0,5.0,2
B000K3GMKE,5.0,2
B001DYDXMY,4.5,2
B00F060P3Q,4.0,2
B00CLUMWOE,5.0,2
B001DYHMFI,4.0,2
B003BQHH3S,4.5,2
B000UCJ19O,5.0,2
B003BQHMH4,4.0,2
B001DYFFES,5.0,2
B00CLU90DU,5.0,2
B00CLRHE8G,4.5,2
B003BQHSR8,5.0,2
B00HNMDT42,5.0,2
B001DYDG9Y,5.0,2
B003BQJ4Y8,5.0,2
B001DY4NMI,5.0,2
B001DY3V4Y,5.0,2
B001DY3V44,5.0,2
B003BMLI5A,4.5,2
B00GOIKKCA,5.0,2
B003BK69BA,4.5,2
B003BH61AC,5.0,2
B001E0X1ZQ,5.0,2
B00HNISSWY,5.0,2
B00EZQURJY,4.0,2
B003BI2G5K,5.0,2
B000U8QBO6,5.0,2
B003BIKHUG,4.0,2
B001E0WQ8O,4.5,2
B003BIKS4G,5.0,2
B003BIKUNA,5.0,2
B001E0WKQW,4.5,2
B003BIO5GI,5.0,2
B003BIOIAG,5.0,2
B003BIOROS,5.0,2
B001E0WF08,5.0,2
B003BISG04,5.0,2
B000K7AH4W,4.5,2
B000K74X06,5.0,2
B003BJOPP8,5.0,2
B00HNJL0U0,5.0,2
B00HNJLT42,5.0,2
B000K6WEOY,4.5,2
B00CM813MW,5.0,2
B00CMBW9W2,5.0,2
B00CMC2HW8,4.0,2
B003BEF30O,5.0,2
B00EZLO6FA,5.0,2
B003BDF0J4,4.5,2
B00CMF0EZM,4.0,2
B003BE6T8O,4.0,2
B001E0XX4U,4.0,2
B003BEAWRI,4.5,2
B001E0XSAE,5.0,2
B000U8ONEG,4.5,2
B003BGRDZK,4.5,2
B000U8OVUW,4.0,2
B00GP1GY4Y,4.0,2
B00EZMHZX4,5.0,2
B000K7GYP8,5.0,2
B000K7GYOO,4.0,2
B001E0XGEC,5.0,2
B003BGADJ8,5.0,2
B003BK2FZ4,5.0,2
B00HNJQPP0,4.5,2
B003BMJJ1U,5.0,2
B001E0WC42,4.5,2
B00EZVNJAS,5.0,2
B003BMBMPG,5.0,2
B00EZWB4MC,4.0,2
B001E0T33A,4.0,2
B00CM3XM9O,4.0,2
B000K6CPA2,5.0,2
B001E0T1QE,4.5,2
B001E0T1AK,4.0,2
B00CM2Z0UO,4.0,2
B00CM2NOE8,5.0,2
B001E0T0MO,5.0,2
B001E0SZ34,5.0,2
B003BMI7XQ,5.0,2
B003BMI862,4.5,2
B003BMJE8S,4.5,2
B00HNKRYFO,4.5,2
B000K5JHGI,4.5,2
B000U8UQAG,5.0,2
B001E0VBXU,5.0,2
B003BM9LLS,5.0,2
B00CM80YFO,5.0,2
B00HNJVPDW,5.0,2
B00CM6XZ5C,5.0,2
B003BKUGWS,4.0,2
B001E0W9RC,4.0,2
B00EZTP90I,4.5,2
B003BL64NW,4.5,2
B003BL9RLS,5.0,2
B000U8U06G,5.0,2
B000K6J9ZQ,5.0,2
B000K6GZHG,4.5,2
B00EZUZJS4,5.0,2
B003BLI28M,4.5,2
B003BM0ZXQ,4.0,2
B000K6ECRG,5.0,2
B00GP0M1DS,5.0,2
B003BM88WG,4.0,2
B001DTSSCE,4.0,2
B00HNNAYWQ,5.0,2
B00CL5OXZK,5.0,2
B001DKVNDY,4.0,2
B000UGZCAW,5.0,2
B000UGZDEW,4.0,2
B001DKRXRE,4.5,2
B003CGSXI0,5.0,2
B003CGYMWG,5.0,2
B000UI7PHI,5.0,2
B001DKOS3Q,5.0,2
B001DKN2LA,5.0,2
B00HNYF1OQ,5.0,2
B00CL6FEFM,4.5,2
B00F1ATHIU,4.5,2
B003CHDDNE,4.5,2
B00F1ATJW4,4.5,2
B00GOLXSRG,4.5,2
B00GOLUKKE,4.0,2
B00CL5ZHK0,5.0,2
B00CL86YX6,4.5,2
B00CL89GYU,4.0,2
B00CL9F440,5.0,2
B001DLO6OG,5.0,2
B00F0ZM1X4,5.0,2
B000JZT0UC,4.5,2
B003C854GC,5.0,2
B001DN8SLG,4.5,2
B001DMQEVS,5.0,2
B000UGUQJY,4.5,2
B003C966Z4,5.0,2
B000UGVGO8,5.0,2
B003CAG6QM,4.5,2
B003CAJYU2,4.5,2
B00CLB0PUG,5.0,2
B00CLAYTTU,5.0,2
B003CBRKVQ,4.0,2
B000JZQU5A,5.0,2
B001DLKKBY,5.0,2
B00F14AC76,5.0,2
B001DLJ8JY,5.0,2
B001DLHVFW,5.0,2
B00F166BC4,4.5,2
B001DKDQPC,4.0,2
B003CISSWE,4.0,2
B00CL00NFO,5.0,2
B001DJBM1S,4.0,2
B00CKZBCHI,4.5,2
B001DJ9VPM,4.0,2
B00F1L72LS,5.0,2
B001DJ8FHM,5.0,2
B001DJ8E1O,5.0,2
B00CKYUAY0,4.0,2
B003CIWG9A,5.0,2
B001DJ8C4S,4.0,2
B00CKYMKPW,4.0,2
B000UICVWC,4.0,2
B00CKYLBU2,5.0,2
B00CKYFYNM,5.0,2
B003CIXX24,5.0,2
B003CIY7JM,5.0,2
B001DJ3C0C,5.0,2
B00CKXSVYC,5.0,2
B00CKX30Y8,5.0,2
B00GOJVYZ6,4.0,2
B001DJHLGS,5.0,2
B003CIR67M,5.0,2
B003CHQW7I,5.0,2
B00CL5N2YS,4.5,2
B003CHU61G,5.0,2
B00CL4XTOC,5.0,2
B003CHYR3O,5.0,2
B003CI0EGW,4.0,2
B001DKA92K,5.0,2
B003CI2J1U,5.0,2
B001DK9PSE,5.0,2
B001DK6O38,5.0,2
B000JZ3P7G,4.0,2
B003CICWJ4,5.0,2
B00CL3QKMQ,5.0,2
B00F1DYZ2A,5.0,2
B003CIJ9FO,4.5,2
B000JZ3HEC,5.0,2
B003CIM3QQ,5.0,2
B000JZ3DS2,4.0,2
B003C7VAC0,5.0,2
B003C7QIXQ,5.0,2
B003C6NPM4,5.0,2
B000K2JQOO,5.0,2
B001DROM44,5.0,2
B000UEG3D4,5.0,2
B00CLK5BBK,5.0,2
B00HNRWK6A,4.5,2
B001DQWGT8,5.0,2
B003BWZ3HY,5.0,2
B000UEO52A,4.5,2
B000UEQED8,4.5,2
B001DQDD40,4.5,2
B001DQCEZE,5.0,2
B003BX49IC,5.0,2
B003BX7I76,5.0,2
B00CLISNYE,5.0,2
B003BXAYJA,5.0,2
B00CLIIRE0,5.0,2
B000K2GCM8,4.5,2
B001DQABIG,5.0,2
B003BXLOTY,5.0,2
B003BW3D7Q,5.0,2
B001DSK7A6,4.0,2
B000K3DG62,5.0,2
B00CLLA5HY,5.0,2
B000UE0DIK,4.0,2
B00HNNM5W8,4.5,2
B001DTP6XS,5.0,2
B00F0N6DMQ,5.0,2
B003BS0U62,5.0,2
B00CLKVJLG,4.0,2
B003BSFA26,4.0,2
B00HNOW568,4.5,2
B00CLKU070,4.0,2
B000UE40HA,5.0,2
B00F0PE06A,5.0,2
B000UE69EW,5.0,2
B001DSLOZ8,5.0,2
B003BXVIVI,5.0,2
B000K2DADC,5.0,2
B00CLFWNNO,5.0,2
B000K11XJG,5.0,2
B00CLFUF8E,5.0,2
B00CLFF41C,5.0,2
B00F0W7HSQ,4.0,2
B000JZVRGC,5.0,2
B00F0X6MS6,4.5,2
B003C3V9N4,4.0,2
B001DNHVXC,5.0,2
B001DNG74Q,5.0,2
B001DNG71O,5.0,2
B001DNG6ZQ,4.5,2
B000UFWQJI,4.5,2
B00F0SJ3KU,5.0,2
B001DOBRO0,5.0,2
B000K26FH0,5.0,2
B003C0419Q,5.0,2
B000UEUM4A,4.5,2
B00CLI44KQ,5.0,2
B003C1EUT6,4.0,2
B001DOA17E,4.5,2
B001DO603S,4.0,2
B001DO9PMQ,5.0,2
B003C1OLGS,5.0,2
B003C1RVO2,5.0,2
B003C1UQXK,5.0,2
B00HNUHQGG,5.0,2
B00CLFZYGC,5.0,2
B001CT086O,5.0,2
B003E0ZSLY,5.0,2
B000JK0O0C,5.0,2
B003GCLMUQ,5.0,2
B003GCQZUS,5.0,2
B00CH3OZ40,5.0,2
B000JK2VGW,5.0,2
B000JK2RLQ,5.0,2
B00CH3OK8G,4.0,2
B00F52H5VA,5.0,2
B001BRFCZY,4.0,2
B000JK2NCY,5.0,2
B00F548JRM,5.0,2
B00F548LB6,4.5,2
B00F54IZAI,4.5,2
B001BR6SXO,5.0,2
B003GDKMTW,4.0,2
B003GDM966,4.0,2
B00CH1NOUS,5.0,2
B000JK2EB4,5.0,2
B003GCIVU0,5.0,2
B00F51M3CC,5.0,2
B000UQKIJW,4.5,2
B001BSH5GC,5.0,2
B001BTPABI,4.0,2
B001BTMU8Y,4.5,2
B00CH6IQSI,4.5,2
B003G8JMDE,5.0,2
B00CH5ED0Y,4.0,2
B003G8ONK6,5.0,2
B00GNH4OOW,5.0,2
B003G8S1TK,5.0,2
B00CH4N9Z0,5.0,2
B003G953VI,4.0,2
B003G9CG9A,5.0,2
B001BSFH6M,4.0,2
B003G9ERG0,5.0,2
B003G9GG1E,5.0,2
B00CH3ZGVQ,5.0,2
B001BSFEEC,5.0,2
B001BSFE38,5.0,2
B003GEEXF0,4.0,2
B000JK6SOS,4.5,2
B003GF0DEO,5.0,2
B001BQ0AD4,5.0,2
B003GR0YIM,5.0,2
B003GRCJLW,5.0,2
B000JJKPLQ,4.5,2
B003GRHM00,5.0,2
B001BQ056G,4.5,2
B000JJJKAI,5.0,2
B00F5CK2FG,4.5,2
B001BPVCAK,5.0,2
B00CGUJMGA,5.0,2
B000JJJ9FO,5.0,2
B001BPT6M6,5.0,2
B003GU2C0M,4.5,2
B000JJIUZY,5.0,2
B001BPT6HQ,5.0,2
B00CGRMXT6,5.0,2
B003GWI3S0,5.0,2
B001BPCHYA,5.0,2
B003GQKQ68,5.0,2
B001BQ2E2Y,4.5,2
B00GNDZ2N8,4.5,2
B001BQXNYM,4.0,2
B001BR2TQY,4.5,2
B00F58M8ZW,5.0,2
B00F58OP7Q,4.5,2
B001BQXTVO,4.5,2
B001BQXST2,4.0,2
B003GLH5RG,5.0,2
B001BQXPYU,5.0,2
B00CH0A4H0,4.5,2
B00CGY9QDK,5.0,2
B003GQASNO,5.0,2
B000JJMTL0,4.5,2
B00HQXNNXK,5.0,2
B003GN5W5G,4.0,2
B00F5BLP9Y,4.0,2
B001BQBI12,5.0,2
B001BQ9S46,5.0,2
B003GO2P6E,5.0,2
B00CH8FKZS,5.0,2
B00CHHACL6,4.0,2
B000JL1O1Y,4.0,2
B00CHH9RNU,4.0,2
B003FSTD7K,4.0,2
B000JL1MB6,5.0,2
B000JL1LXA,5.0,2
B00HQLL9I8,5.0,2
B00CHH2SEA,4.5,2
B00CHGSNPO,5.0,2
B001C2EWBS,5.0,2
B00GNH8DZS,5.0,2
B000JL1KD6,5.0,2
B00F4QKGEK,4.5,2
B00GNH80EC,5.0,2
B000UQETRY,4.5,2
B001C18QQQ,5.0,2
B001C171KS,4.5,2
B00HQN39D4,5.0,2
B003FPBLDM,5.0,2
B000JL1PIG,4.0,2
B00CHL242M,5.0,2
B000UQ9K64,4.0,2
B001C3F0DQ,4.0,2
B003FL80AI,4.0,2
B003FLGPHS,4.0,2
B00CHJQCPY,5.0,2
B003FMTGQO,4.0,2
B00F4L74AE,5.0,2
B001C366Y8,5.0,2
B000JL3L60,5.0,2
B003FNOR26,5.0,2
B003FNR1II,4.5,2
B001C35FLI,4.5,2
B003FNTPRS,4.5,2
B003FOA5QW,4.5,2
B000JL1SII,5.0,2
B003FOL9LC,5.0,2
B001C33QV4,5.0,2
B00CHFUY0C,4.0,2
B003FZDRA2,5.0,2
B000UQGOAO,5.0,2
B003FZGC54,4.0,2
B00F4TQ5P6,5.0,2
B003FZZCD2,5.0,2
B00F4TQ6ZU,5.0,2
B00CH9PCEG,5.0,2
B003G089OK,5.0,2
B001BX3OPI,5.0,2
B00HQQCE9Q,4.5,2
B00HQQZK5Q,5.0,2
B003G25MTI,4.0,2
B003G35062,4.5,2
B001BVOV2A,5.0,2
B00F4TQ4KC,4.5,2
B00CHFP2L8,5.0,2
B003FWJ0IS,5.0,2
B000JKZCR2,5.0,2
B003FXCEOE,5.0,2
B000JKY1OW,4.5,2
B001BYOLMC,5.0,2
B000JKT7Z0,4.5,2
B000JKPSFS,5.0,2
B00CHCVML0,5.0,2
B001BY3TWA,5.0,2
B001BY3HUY,4.5,2
B003FY87BC,5.0,2
B00CHEW5FU,5.0,2
B00CHEUKPM,5.0,2
B003FZ72FS,4.5,2
B00CGQRGSA,4.5,2
B00CG7IOAS,5.0,2
B001BKK3DC,5.0,2
B003HEU9JI,4.5,2
B00CGAAP84,5.0,2
B003HF8VHY,5.0,2
B003HFEPFG,5.0,2
B003HFMATE,5.0,2
B00F63YTBM,4.0,2
B003HFTMWM,5.0,2
B001BJWMHS,4.5,2
B001BJB8NM,5.0,2
B003HG7QEM,5.0,2
B003HG9ACS,5.0,2
B00CG8GYHW,4.5,2
B003HIKBHY,4.5,2
B003HK6PCC,4.5,2
B003HK9W0Y,4.5,2
B000JF9TEO,5.0,2
B001BKK3VY,5.0,2
B00CGADDY2,4.5,2
B003HD2IKM,5.0,2
B00F63JUQG,4.0,2
B003HA9UME,4.5,2
B00CGAX54A,4.5,2
B00F63NIXC,5.0,2
B003HCYS4W,5.0,2
B00GNA9W5A,5.0,2
B000JG3T6C,5.0,2
B001BKLLJC,4.0,2
B001BKLKAC,5.0,2
B003HDUIAY,5.0,2
B003HE1FB4,5.0,2
B001BKLJNK,5.0,2
B001BKLGRE,5.0,2
B001BKLFIY,5.0,2
B001BKL12Y,5.0,2
B000US9DUU,5.0,2
B001BIVRAW,5.0,2
B000USAPC0,5.0,2
B003H8N7AM,5.0,2
B00F6D2H3O,4.5,2
B000UTVGC2,4.5,2
B003HNZK2K,4.5,2
B003HNZK6Q,4.5,2
B003HO4WLY,4.0,2
B00F6E37AA,5.0,2
B003HOU416,4.5,2
B00HRHETQU,5.0,2
B00CFX4JQ6,5.0,2
B00CFX4J8E,4.5,2
B001BEHTIK,4.5,2
B001BEHTH6,5.0,2
B003HQMI2C,5.0,2
B00CFX4HJA,5.0,2
B003HMK2V0,4.5,2
B003HL98RK,5.0,2
B003HLBBUW,5.0,2
B00CG6A1U0,4.0,2
B003HLG3O6,5.0,2
B001BHQOTM,5.0,2
B001BHOQRY,5.0,2
B003HLIN8U,5.0,2
B000JEYL7K,4.5,2
B000UT9SMC,4.5,2
B003HLN1NM,5.0,2
B003HLNWSQ,4.0,2
B001BGJI78,5.0,2
B003HLOXYI,5.0,2
B00CG127N4,4.5,2
B003HLR2Z0,5.0,2
B00F63AGB4,5.0,2
B000JJHCEE,5.0,2
B000US255K,5.0,2
B003H1RI9K,5.0,2
B000JIK4JU,5.0,2
B00CGN8Z74,5.0,2
B00CGMTA6U,5.0,2
B001BODO8O,4.5,2
B00GNBTAOC,5.0,2
B000JIK24M,4.5,2
B001BOBTL8,5.0,2
B003H2JQFI,5.0,2
B001BOAE14,5.0,2
B001BO9NBQ,4.0,2
B001BO9N1Q,4.5,2
B00CGIOHNU,4.5,2
B00F5MZIGO,4.0,2
B003H3GCKY,5.0,2
B000JIILBI,4.5,2
B00F5NVSIA,4.5,2
B003H3KE3A,4.5,2
B000US0890,5.0,2
B00HQXVHMO,5.0,2
B003GXFKYY,5.0,2
B003GYDH9S,5.0,2
B000URWZ8I,4.5,2
B000JJGIR6,5.0,2
B00F5HBM1E,4.5,2
B000JIZ2YW,5.0,2
B000URWZ92,5.0,2
B001BOZSUG,5.0,2
B000JIO9XW,5.0,2
B000JIKY0Y,5.0,2
B00CGOLT9O,5.0,2
B003H097B8,5.0,2
B00CGOKHTC,5.0,2
B00HQY7S44,5.0,2
B00F5J646A,5.0,2
B00F5KD8XQ,4.0,2
B000URXP6E,5.0,2
B00CGO55D0,5.0,2
B001BNEFZG,5.0,2
B001BMGZGO,4.0,2
B001BKPLTI,4.5,2
B00F5VYJ2Y,4.0,2
B003H7BO7G,5.0,2
B00CGFOU3U,4.5,2
B003H7G2M8,5.0,2
B00GNB548I,5.0,2
B003H7IR3K,5.0,2
B001BKO37E,5.0,2
B001BKNNYS,4.0,2
B000JGM0B2,5.0,2
B00F627Z8M,5.0,2
B00F629EYU,4.5,2
B001BKNH76,5.0,2
B000JG9DRQ,4.0,2
B001BKN35M,5.0,2
B003H8IV26,5.0,2
B00CGCTWVS,4.5,2
B003H77SB2,4.0,2
B001BKPOZ4,4.0,2
B003H67FSE,4.5,2
B001BMDBX4,4.5,2
B001BM9MAK,4.0,2
B003H4PLMS,4.5,2
B001BLN7ES,5.0,2
B003H5DYYY,5.0,2
B00GNBMXAU,5.0,2
B001BKTGIA,5.0,2
B003H69Q86,5.0,2
B00CGFW6LI,4.5,2
B001BKTE0U,4.5,2
B001BKS2EY,4.5,2
B000JIDB9A,5.0,2
B000JID8N4,5.0,2
B001BKREWK,5.0,2
B003H6OSEI,4.0,2
B000US3XXI,5.0,2
B00GNBD24Q,4.0,2
B000JL3R78,5.0,2
B000UQ7SEK,5.0,2
B000ULPBE4,5.0,2
B001CNA05O,4.5,2
B00CIEKD0I,4.5,2
B001CN9K0K,4.5,2
B00GNWKOCS,4.5,2
B00F3S4OPG,5.0,2
B003ECM8WE,5.0,2
B000JM7JKS,4.5,2
B001CMIMPA,4.5,2
B003ED7U3K,4.0,2
B001CLAZPG,5.0,2
B000ULP3S8,5.0,2
B00CICTI4M,5.0,2
B001CL890Y,5.0,2
B00CICHCX6,5.0,2
B001CL88Q4,5.0,2
B00CIEW8HY,5.0,2
B003EAGOIA,5.0,2
B000ULNIO4,5.0,2
B003E734CC,4.0,2
B001CS51BM,5.0,2
B001CS1TSG,5.0,2
B001CS1TN6,5.0,2
B001CRZ122,4.5,2
B001CRXSOA,5.0,2
B001CRIDFO,5.0,2
B001CR64N2,4.5,2
B00F3RG3PG,5.0,2
B000ULNF7O,5.0,2
B00F3NRITU,5.0,2
B003E7WLVC,5.0,2
B001CPKCNM,4.0,2
B00CIHHT02,4.5,2
B003E856LS,5.0,2
B001COY6LW,4.0,2
B003EDBF3Q,5.0,2
B003E6FVMY,5.0,2
B000ULQ61Q,5.0,2
B001CJPJ9A,5.0,2
B003EDWRTC,4.5,2
B00CIA8JSA,5.0,2
B003EGSGTO,5.0,2
B003EGSRPM,5.0,2
B00CI9YZE8,4.0,2
B000ULR5OI,5.0,2
B000ULR94O,5.0,2
B001CJFET0,4.0,2
B000ULRFC0,4.5,2
B00HPXWSDC,4.5,2
B000JLEXV2,5.0,2
B000ULVHL0,4.0,2
B003EH6MH6,5.0,2
B003EH8WTC,5.0,2
B000JLEVN2,5.0,2
B003EDH46S,4.5,2
B00F3V400W,4.5,2
B003EDH3X2,4.0,2
B00GNT5WPU,4.5,2
B000JM1A12,5.0,2
B003EDBG1M,5.0,2
B003EDBG3K,5.0,2
B001CL6QIQ,5.0,2
B003EDDHT6,4.0,2
B003EDDHW8,4.5,2
B003EDDI2M,5.0,2
B003EDDN0Y,4.5,2
B000ULPHEI,4.0,2
B001CK84FA,5.0,2
B00F3UHUVE,5.0,2
B003EDFJXS,5.0,2
B003EDFK0A,5.0,2
B000ULPJ14,4.5,2
B001CKB8EY,4.5,2
B001CK9S3C,5.0,2
B00CIAMDJ6,5.0,2
B00CILK7SO,4.5,2
B000UQ5U68,5.0,2
B001CT036O,4.5,2
B003E13RHK,5.0,2
B000ULLDAU,5.0,2
B003E13SUQ,5.0,2
B003E13Z9A,4.5,2
B003E140SK,5.0,2
B001CT04QI,4.5,2
B003E14PRQ,5.0,2
B003E152QO,5.0,2
B003E154LM,5.0,2
B003E1551Q,4.5,2
B003E1564C,5.0,2
B001CT03B4,4.5,2
B003E1584K,5.0,2
B003E159AS,4.0,2
B003E15DEA,5.0,2
B003E15JTO,5.0,2
B003E15NJK,5.0,2
B003E15OEO,4.0,2
B003E15OSA,5.0,2
B003E15T58,5.0,2
B00CIXRMBC,5.0,2
B001CT07K6,5.0,2
B00CIXXCVG,5.0,2
B003E10V74,5.0,2
B001CT0788,5.0,2
B003E112LS,5.0,2
B003E112M2,5.0,2
B00CIXRBKO,5.0,2
B003E137N4,5.0,2
B003E11902,5.0,2
B003E11NPI,5.0,2
B003E11WZ4,5.0,2
B000ULLCR4,4.5,2
B00CIXQER0,5.0,2
B000ULLD82,5.0,2
B003E12WQW,5.0,2
B003E12WTY,5.0,2
B000ULLD9Q,5.0,2
B00CIXDUZE,5.0,2
B003E15WYQ,5.0,2
B00F3JY0GI,4.5,2
B00CINFQI8,4.5,2
B003E15ZX4,5.0,2
B003E1GUTC,4.5,2
B00CISC6K4,4.5,2
B003E1IS9W,4.5,2
B003E1IUGS,5.0,2
B003E1IZJA,5.0,2
B000JQ3BBA,5.0,2
B001CSC4OY,4.0,2
B000ULN4SO,5.0,2
B00CIQMT26,5.0,2
B00HPKJ4CS,4.5,2
B003E1UKCU,5.0,2
B00CIPOH3G,4.5,2
B001CSALGC,5.0,2
B003E1W424,5.0,2
B001CSAKTU,4.0,2
B003E22SG0,5.0,2
B000JOY3L4,4.5,2
B003E2705Y,4.5,2
B000ULN77M,4.5,2
B001CS7PCU,4.5,2
B00CIO3SR8,4.5,2
B000JOAJRG,4.5,2
B000ULMOZI,5.0,2
B003E1EWI8,4.5,2
B00GO44LOC,5.0,2
B00CIVHSPE,4.5,2
B001CT033C,4.0,2
B000JQYS3K,5.0,2
B001CT02WY,4.0,2
B003E16OCA,5.0,2
B00CIUQE3M,4.0,2
B003E17P64,4.0,2
B000JQJVKU,5.0,2
B000JQWGDO,5.0,2
B003E1BIVM,5.0,2
B003E1CXJI,5.0,2
B003E1D0TA,5.0,2
B003E1D21Q,5.0,2
B003E1D8N8,5.0,2
B00CIUK1HC,4.5,2
B000JQWGCU,4.5,2
B003E1EQ4S,4.5,2
B000JQQHMU,5.0,2
B000JLEVKU,4.5,2
B00CI7WAME,5.0,2
B003FBK9C0,4.0,2
B003F8QNFA,5.0,2
B00HQCF8EI,5.0,2
B003F8QNLY,4.0,2
B000JL6LEE,5.0,2
B003F8QNY6,5.0,2
B003F8QOA4,5.0,2
B003F8QOFE,5.0,2
B001CA5LR4,4.5,2
B000UPFNZW,5.0,2
B003F8URMU,5.0,2
B003F8URQ6,5.0,2
B001C9RMMC,5.0,2
B00CHRBAUI,4.5,2
B003F8UT5A,4.5,2
B00CHR3JDY,5.0,2
B00CHR3ITO,5.0,2
B000JL69IM,4.5,2
B001C9AHE2,5.0,2
B00F4C76VU,5.0,2
B003F8QGDE,4.5,2
B00HQC9CHC,4.0,2
B001CBBY3S,5.0,2
B003F6VJLA,4.5,2
B003F70NRU,4.0,2
B003F71UFY,5.0,2
B003F74UXS,5.0,2
B003F7FDTS,5.0,2
B003F7KCVM,5.0,2
B001CAZUCA,4.0,2
B000UPDZVQ,5.0,2
B000JL7R1A,5.0,2
B003F8IZ1A,5.0,2
B000UPE9L6,4.0,2
B00F4E02PA,4.5,2
B000JL5VMW,5.0,2
B001C94YNW,4.5,2
B000UPOOKW,5.0,2
B000UQ0TZA,5.0,2
B003FD9SNY,5.0,2
B003FE3MEE,4.5,2
B00F4I8G40,5.0,2
B001C505RA,5.0,2
B003FFDFM2,5.0,2
B003FGQU5A,5.0,2
B003FHZ80W,4.5,2
B003FI0VVW,5.0,2
B003FIN3P8,5.0,2
B003FINEHU,5.0,2
B003FIP504,4.0,2
B003FJ9694,4.0,2
B000UQ53VU,5.0,2
B001C4EMMK,5.0,2
B00HQI3Z9C,5.0,2
B003FC22CO,5.0,2
B001C80A5E,5.0,2
B003FBKANS,4.5,2
B001C93J7Y,5.0,2
B001C92QWS,5.0,2
B003FBLK9Q,4.5,2
B001C90MSI,4.0,2
B000JL5QH2,5.0,2
B003FBMG76,4.0,2
B001C8J5OQ,5.0,2
B00HQFG4WK,4.5,2
B003FBOJ26,4.5,2
B003FBOJ9Y,5.0,2
B003FBOJL2,4.0,2
B003FBOKW0,4.5,2
B003FBQI4S,5.0,2
B001C77JJ0,4.0,2
B000UPMOH2,5.0,2
B00CHPN39Q,5.0,2
B003F665L4,4.5,2
B00CI1FMEI,4.0,2
B00F3ZLD2G,5.0,2
B00CI17U34,5.0,2
B000UMNFW8,5.0,2
B003EO4W5I,4.5,2
B00F44296A,5.0,2
B000UMOYFA,5.0,2
B003EODZ56,4.0,2
B000JLAV8Q,4.5,2
B003EOJ262,5.0,2
B003EOKCXO,4.5,2
B00CHZTWCI,5.0,2
B001CEKOZE,5.0,2
B000JLAU8M,5.0,2
B000UNXZEA,4.5,2
B001CEGUNY,4.5,2
B000JLAQFO,5.0,2
B00CI2A0OY,4.5,2
B003EMMRT8,5.0,2
B001CHKRF8,5.0,2
B00HPZ43A6,4.0,2
B00CI71RUA,4.0,2
B000JLCVZW,5.0,2
B003EIRKDU,4.5,2
B001CI9BIQ,5.0,2
B003EIRZ3A,5.0,2
B00HPZLU4S,5.0,2
B003EJAGK8,5.0,2
B003EK4NLU,4.5,2
B003EKB4VC,4.0,2
B003ELDKWC,5.0,2
B001CHD052,5.0,2
B00GNOBEY8,5.0,2
B003ELPQ6A,4.0,2
B00F3Y5AWG,5.0,2
B003EMDRC4,5.0,2
B00F3YMYHK,5.0,2
B00CHYB7AE,5.0,2
B003ESJKEW,4.0,2
B001CEAKM6,5.0,2
B001CBQHF8,5.0,2
B00CHV4024,5.0,2
B003F1MQYY,5.0,2
B001CBPC18,5.0,2
B00CHU3VAM,5.0,2
B003F1S4FY,5.0,2
B001CBLMP8,4.5,2
B00F480X00,5.0,2
B00F4728WC,5.0,2
B000UP8HMI,5.0,2
B003F2G874,4.5,2
B003F2LRYS,4.5,2
B003F2N746,5.0,2
B00GNIWT4I,4.0,2
B00HQ9URGA,4.5,2
B003F1FTPW,5.0,2
B000JL9DFS,4.5,2
B003EW078G,5.0,2
B003ET2VRY,4.0,2
B00CHY8KVS,5.0,2
B00HQ6KS4E,4.0,2
B003EUG9XK,5.0,2
B001CDJ9NS,4.5,2
B00F45Q7OE,5.0,2
B00HQ6RZ2W,4.5,2
B003EV3CE8,4.0,2
B003EVBSXA,5.0,2
B00CHX7BO6,4.5,2
B003EX1NW4,5.0,2
B00HQ6STVI,5.0,2
B000JL8Q92,5.0,2
B000JL8PTS,4.0,2
B000JL8P0C,5.0,2
B001CCKO2E,5.0,2
B00CHVX10Q,4.5,2
B00GNJB60U,5.0,2
B001CCHWT2,4.5,2
B002XO2PDG,5.0,2
B000S2HXVY,5.0,2
B002CT73HK,4.0,2
B00E9R9ORK,5.0,2
B00DQZ9SLS,5.0,2
B00DQYN68A,4.0,2
B001PMIMSE,5.0,2
B000QF7B9C,5.0,2
B00DQYBUGK,4.0,2
B00DQYAUZW,4.5,2
B002CSP1I4,5.0,2
B001PMC438,4.5,2
B002CSVBQA,5.0,2
B002CSY0ZO,5.0,2
B002CT3XEM,4.5,2
B001PM6HU4,4.5,2
B001PLXVYA,5.0,2
B00DQY9XM8,5.0,2
B00DQY9VJI,4.0,2
B00E9QZZRY,5.0,2
B00H5VUVI8,4.0,2
B00DR78N7K,5.0,2
B002CMPGKI,5.0,2
B00H5VU17O,5.0,2
B001PO0LV8,5.0,2
B00DR60J0K,5.0,2
B002CMSFYC,5.0,2
B002CMUHDY,5.0,2
B000QF5SBU,4.5,2
B002CMYB4K,4.0,2
B00E9OOGTO,5.0,2
B000QF5TJQ,5.0,2
B000QF688W,4.5,2
B00DR4LSY8,4.0,2
B001PN14UQ,4.5,2
B001PMYKLW,5.0,2
B001PMTMP6,5.0,2
B002CPNXVO,4.5,2
B001PMQ3O4,4.5,2
B00GYMCUFQ,5.0,2
B000QF5504,5.0,2
B00DQUL398,5.0,2
B00DQUKRS6,5.0,2
B00E9WRB8E,5.0,2
B00DQSOQX0,4.5,2
B001PI9ZMU,4.0,2
B00E9YYODW,5.0,2
B000OGDT9E,5.0,2
B002CZ9TD0,4.0,2
B001PHRDK2,5.0,2
B000QF8YWU,5.0,2
B001PHJP30,5.0,2
B00H613SYQ,5.0,2
B00DQSIIW0,4.0,2
B00DQSIIU2,5.0,2
B001PHHHD0,5.0,2
B002CX7N76,5.0,2
B000QF8ANI,5.0,2
B000OGI2ZU,5.0,2
B00DQVJGH8,4.0,2
B00E9UJ4JK,5.0,2
B002CT98BO,5.0,2
B001PLNWJ4,5.0,2
B002CT9MRO,4.5,2
B00E9VBYQA,5.0,2
B001PLMFFG,4.0,2
B001PLL12E,4.5,2
B001PL3BZ4,4.5,2
B00DQUYHI2,5.0,2
B002CTXTMI,4.0,2
B002CU35US,5.0,2
B002CVBBVC,5.0,2
B000QF89OS,4.5,2
B00DQV9GQ4,5.0,2
B000OGM2YC,5.0,2
B002CWDQ3M,4.0,2
B000OIBCWI,4.0,2
B00H5VSJL4,5.0,2
B000QFCIO0,4.5,2
B00DRCSWIU,4.0,2
B000OIZ4YK,4.5,2
B002CBZ6TA,5.0,2
B002CC0XOM,5.0,2
B002CC1A5S,5.0,2
B002CC1DQE,5.0,2
B001PTFWC6,5.0,2
B001PTFW7Q,4.5,2
B001PTFVYK,4.5,2
B000OIWZWY,4.0,2
B00DRDAYR6,4.0,2
B002CCY7R6,5.0,2
B00DRDAY6M,5.0,2
B00DRDAWUU,5.0,2
B00DRDAWEG,5.0,2
B00DRDAVRE,5.0,2
B002CF38S2,5.0,2
B00DRD1ATW,4.5,2
B002C9O5VW,5.0,2
B001PTFWWG,5.0,2
B002C9HY7Y,5.0,2
B002C8YJEG,5.0,2
B00H59C1C4,4.0,2
B00E9FVH0Y,4.5,2
B000OJRR6W,5.0,2
B001PTG0O0,5.0,2
B00DRHLVII,4.0,2
B000OJ8AM2,4.5,2
B00DRHG49O,4.5,2
B001PTFXSY,4.5,2
B00DRH72ZY,5.0,2
B000QEB8S8,5.0,2
B000OJ1PGU,5.0,2
B002C95V1K,5.0,2
B002C96DU8,4.0,2
B00DRG5FEA,5.0,2
B000OJ1C8G,5.0,2
B002C9DCC0,5.0,2
B002CFOLBA,5.0,2
B00E9HX8X6,5.0,2
B00H5VMG9K,5.0,2
B001PT8Y8U,5.0,2
B00H5OGRB0,4.5,2
B002CMLH7E,4.5,2
B001PPMJTY,4.0,2
B001PPMJP8,4.5,2
B000OIDTKQ,4.5,2
B002CMLHDS,5.0,2
B00H5T9S2K,4.5,2
B00H5TAG30,5.0,2
B000OIDNZC,5.0,2
B000OIDM30,4.5,2
B000OIDLNG,5.0,2
B001POHGMA,5.0,2
B00DR7CBO6,4.0,2
B000OIDASC,5.0,2
B00E9NR476,4.5,2
B000OIBVH4,4.0,2
B00H5KC72M,4.5,2
B00H5IVUMW,5.0,2
B000OIG13S,5.0,2
B002CI38UW,5.0,2
B001PT5VZY,5.0,2
B00DR9UO4S,5.0,2
B00E9IYL6I,4.5,2
B001PSKOWA,5.0,2
B002CIDYOM,5.0,2
B000QF3MUO,4.0,2
B000QF4SRK,5.0,2
B00DR8UYGM,5.0,2
B001PRD1UI,4.5,2
B00H5I81AG,5.0,2
B00E9KJSG4,4.5,2
B002CKCWW0,5.0,2
B000OIG0F2,5.0,2
B001PR0X90,5.0,2
B001PR0X0Y,5.0,2
B001PR0WYG,5.0,2
B000OIFPSA,5.0,2
B000OIFN4G,5.0,2
B002CLBYGO,5.0,2
B001PHFJVM,5.0,2
B00DQSHYAM,4.5,2
B00EABET48,4.0,2
B000OC7ANE,5.0,2
B000OC5RRU,5.0,2
B001P5IDWG,5.0,2
B00EA8DU1Y,5.0,2
B002DR0VL6,4.0,2
B001P5IDVC,5.0,2
B002DR29U2,5.0,2
B001P5ICMM,5.0,2
B001P5E7JE,4.5,2
B00DQCDO16,4.5,2
B002DR9H2A,4.0,2
B00DQC6GKM,5.0,2
B001P5E6D6,4.0,2
B002DU97KY,4.5,2
B000OBEE52,5.0,2
B002DUZHUI,5.0,2
B002DV2X2C,4.0,2
B00DQBOIGC,5.0,2
B000QKHCEG,4.5,2
B002DPUY0Q,4.5,2
B001P5RY4O,5.0,2
B002DN4OS6,5.0,2
B002DNH6J0,5.0,2
B00EA5FTXE,4.5,2
B002DNKH2I,5.0,2
B002DNV1HI,5.0,2
B00DQFN6QG,5.0,2
B002DO54OI,5.0,2
B00DQEOGY8,5.0,2
B001P5R7C8,5.0,2
B00DQEEF3U,5.0,2
B002DOSSYG,5.0,2
B001P5LJUO,5.0,2
B002DP0KZK,5.0,2
B001P5IEAW,4.5,2
B00DQDNXRA,4.5,2
B001P5C7VY,5.0,2
B002DV7A3E,4.0,2
B000OD603O,4.0,2
B001P5AEYQ,5.0,2
B002E0OWLM,4.5,2
B001P4J08I,4.5,2
B001P4FKQE,5.0,2
B002E1AXKK,5.0,2
B001P4ERQI,4.0,2
B00EAIEK6S,5.0,2
B002E1XDOI,4.0,2
B002E2JWAQ,4.5,2
B002E2JYWC,4.5,2
B002E2V3XU,5.0,2
B001P46GFS,5.0,2
B002E38GDE,5.0,2
B001P3YXD6,5.0,2
B00EAKNJ6I,5.0,2
B001P3QHU8,5.0,2
B002E4ZBD6,4.0,2
B001P32MEI,4.5,2
B00DQ4CI1Q,5.0,2
B00EAI6THQ,4.5,2
B002E010MG,4.0,2
B00DQ8JWWK,4.5,2
B00GYFY8EO,5.0,2
B002DVHNAE,4.0,2
B002DVJ640,4.0,2
B00DQ9HTF6,5.0,2
B000OBCQSE,5.0,2
B001P5AD5G,5.0,2
B002DWBZAW,4.5,2
B002DWNG4A,4.0,2
B002DZV8CY,4.0,2
B001P4VNWO,5.0,2
B000QM4QRA,4.5,2
B002DYCLMG,5.0,2
B000OAHJ96,4.0,2
B002DZFT5G,5.0,2
B001P4U7LW,4.5,2
B001P4T5ZG,5.0,2
B002DZSW14,4.0,2
B002DMT1J4,5.0,2
B002DMK0Q2,5.0,2
B000QGI5EQ,5.0,2
B00DQQW03U,5.0,2
B002D4GBFE,4.5,2
B002D4GFQE,4.5,2
B002D4H0S6,5.0,2
B002D4H5C2,5.0,2
B002D4J872,5.0,2
B001PBHPBK,5.0,2
B002D4J9Y4,4.0,2
B002D4JD1I,4.0,2
B002D4JF52,5.0,2
B000QG5RJM,4.5,2
B001PB89AG,5.0,2
B001PB39F6,5.0,2
B002D4OM82,4.5,2
B002D4E99Y,5.0,2
B00H6TLEIK,5.0,2
B00E9ZKYV2,5.0,2
B001PHDGP8,5.0,2
B002D48QHK,4.0,2
B00H61SZ4Y,5.0,2
B001PH5VEM,5.0,2
B001PGFUK8,5.0,2
B00EA0PU8I,5.0,2
B001PFNR0E,5.0,2
B00EA184S0,5.0,2
B001PE2B6Q,5.0,2
B001PBRXAI,5.0,2
B000OGB3SS,4.5,2
B000OGB3DI,5.0,2
B000OGB112,5.0,2
B001PDGCIK,5.0,2
B00GYLN5VU,5.0,2
B000OG0DGG,5.0,2
B000QFTLSQ,5.0,2
B001PAF234,5.0,2
B000QGJ7V6,5.0,2
B002DMK0PS,5.0,2
B001P9LKE0,4.0,2
B000OEZY1C,5.0,2
B002DIEK30,4.0,2
B00GYHC0EM,5.0,2
B002DJOLG0,5.0,2
B002DJXGZM,5.0,2
B002DK5KP0,4.5,2
B002DKA1D6,5.0,2
B00DQHX5N8,5.0,2
B00DQHX58S,5.0,2
B000QJ7MRY,5.0,2
B002DLZ0NQ,4.0,2
B002DM15ZC,4.5,2
B001P6DNHU,4.5,2
B000QJ9N7G,5.0,2
B000ODO5FO,4.0,2
B002DMK0NU,4.5,2
B002DMK0O4,5.0,2
B001P5VYK4,5.0,2
B00DQI0IW8,4.0,2
B000OF0K56,4.0,2
B00H6XY98S,4.5,2
B00EA5AFGK,4.0,2
B001P97TJ0,4.5,2
B00GYKXWDW,5.0,2
B000OFA5AG,4.5,2
B000QGYBVW,5.0,2
B002DAEBXC,4.5,2
B002DCFWMO,5.0,2
B000QH17GS,5.0,2
B000QH1JS4,5.0,2
B002DHGR46,5.0,2
B001P8OOS0,5.0,2
B001P7EYOK,5.0,2
B000QHO05S,5.0,2
B00DQKUNH6,4.5,2
B001P788LK,4.5,2
B001P76SVC,5.0,2
B00DQK6FKU,5.0,2
B001P74U3K,5.0,2
B001PU4PAU,4.0,2
B002C761HK,4.5,2
B002JFK482,4.5,2
B001QTNH2M,4.5,2
B00DSW9C92,4.0,2
B00GZ2N30Q,4.5,2
B00E8L971K,5.0,2
B000ORPXUQ,4.5,2
B002B4I98I,5.0,2
B002B4IJ5Q,5.0,2
B000ORPVYO,4.5,2
B00E8LTUXU,5.0,2
B001QU59Q8,4.5,2
B00E8LU81S,4.0,2
B000ORN5OC,5.0,2
B000ORMP52,4.0,2
B000Q7WYVA,5.0,2
B001QTSKJC,5.0,2
B00DST6YFA,4.0,2
B002B2VQ3U,5.0,2
B00DSYC116,5.0,2
B001QVYE68,4.0,2
B001QVT5WG,4.5,2
B000ORUM1Q,4.0,2
B00GZ5M5V6,4.0,2
B001QVQRM2,5.0,2
B00DSYMY0E,4.5,2
B002AUIEW4,5.0,2
B000ORUAOA,5.0,2
B000ORU5E0,5.0,2
B001QUVU0C,5.0,2
B000ORTF8W,4.5,2
B002AXQV8U,4.5,2
B002AYUXCO,4.5,2
B00GZ3F2O0,4.0,2
B000ORSICQ,5.0,2
B002B1X5BM,5.0,2
B00E8KJVIU,4.5,2
B00GZ3AXP8,5.0,2
B002ARUZGU,5.0,2
B002B5L1AA,4.5,2
B000OQLX2Y,5.0,2
B000Q8C4TQ,4.5,2
B002BAT2J2,4.5,2
B001QN93H6,4.5,2
B002BB26Q2,5.0,2
B00DSQ1GS8,5.0,2
B000OPWGHG,4.5,2
B001QMM11C,5.0,2
B002BBPZUQ,5.0,2
B002BBPZZG,5.0,2
B002BCWTRW,5.0,2
B00DSPEZ2I,5.0,2
B00E8PY9KK,4.0,2
B002BDDTFC,5.0,2
B00DSPARMK,5.0,2
B00DSP88F8,5.0,2
B002BDHI36,5.0,2
B00E8R7DS8,4.0,2
B002B9FWLK,4.0,2
B002B8YKV4,5.0,2
B002B5NOZ0,5.0,2
B002B5R83O,5.0,2
B001QT7NN6,4.5,2
B002B5UVTW,5.0,2
B000Q85DKS,5.0,2
B002B8MGTC,4.0,2
B001QO8TCK,5.0,2
B00E8OU0GS,5.0,2
B002B8QKQ2,4.0,2
B002B8SB0A,4.5,2
B002B8VGXY,4.5,2
B00DSS1HB2,5.0,2
B001QW72AM,4.0,2
B001QW99FI,5.0,2
B000OPBS16,4.5,2
B002AMUGM8,4.5,2
B002AMUFF6,5.0,2
B000OSMEHU,4.5,2
B000OSM30S,5.0,2
B002AMUFNS,5.0,2
B000OSG4RQ,4.5,2
B000Q6V1UQ,4.5,2
B002AMUFYW,5.0,2
B00DT6JV20,4.0,2
B000Q6W9Q6,5.0,2
B000OSADQE,4.5,2
B002AMUG8W,5.0,2
B002AMUGB4,4.5,2
B001QXDZJS,5.0,2
B00DT5O4LE,5.0,2
B002AMUFC4,5.0,2
B000OSZRDI,4.0,2
B002AMUF8I,4.5,2
B00E8700Z6,5.0,2
B002AL4GC0,4.0,2
B000Q6QTCQ,5.0,2
B000Q6RHLS,5.0,2
B002ALHMI0,5.0,2
B002ALIK04,5.0,2
B002ALNQB2,5.0,2
B002ALQF10,5.0,2
B001QZJAOA,4.5,2
B000OT0S2C,5.0,2
B001QZ50VW,5.0,2
B002AMH0DG,4.0,2
B002AMLUP0,5.0,2
B00E87X012,4.0,2
B002AMRS10,4.5,2
B00E8AI8WU,4.0,2
B00E8AP0G2,4.5,2
B00DT6YEBI,4.0,2
B002AMUF5G,5.0,2
B000OT0SPO,4.0,2
B00DT5NBYA,5.0,2
B00DT5MSZ8,5.0,2
B00GZ6XR76,5.0,2
B002AMUGO6,4.5,2
B001QX6MV6,4.5,2
B000Q7NDT2,5.0,2
B001QX2E36,4.0,2
B001QX139M,4.5,2
B000Q7RQHM,5.0,2
B001QWK9NY,5.0,2
B000Q7T1F2,5.0,2
B001QWEBH4,5.0,2
B000ORV2QU,5.0,2
B000ORUSEW,5.0,2
B00DT1INQ0,4.0,2
B00DT1DGFI,4.5,2
B001QWCCBQ,4.5,2
B000ORURBG,4.5,2
B000ORUQKI,4.0,2
B00DT0H7QS,4.5,2
B002AR64I8,5.0,2
B001QWCBHG,5.0,2
B002ARFJUC,4.0,2
B002APW4AM,4.5,2
B001QX6W20,4.5,2
B000Q7GZTM,5.0,2
B002AMYUUM,5.0,2
B001QXDBCY,4.5,2
B00GZ8DUIK,5.0,2
B001QXC7Y2,4.0,2
B002AMUGSC,5.0,2
B001QXBXTC,4.5,2
B001QXBXNI,5.0,2
B00E8CWFS6,5.0,2
B002AN3LMO,5.0,2
B002ANLFSQ,4.5,2
B000ORWP7A,4.5,2
B002ANN9TE,4.0,2
B000Q7DYUK,4.5,2
B001QX9RIG,5.0,2
B002ANPCBC,4.5,2
B001QX8DPO,4.5,2
B002ANUPPK,5.0,2
B00E8TVIIM,5.0,2
B00E8TVQ84,5.0,2
B002C7488O,5.0,2
B000OLCYLI,5.0,2
B002BYDPBE,5.0,2
B002BYKVI4,5.0,2
B002BYMJT8,5.0,2
B001Q86TH8,5.0,2
B00GYTZSJY,4.5,2
B002BZ6PBU,4.5,2
B000OLEBKK,4.0,2
B001Q84P9W,4.5,2
B000QC11T6,4.0,2
B002BZI17G,5.0,2
B002BZJ14S,5.0,2
B001Q6IBLW,4.5,2
B001Q66JUW,4.5,2
B00DS4Q9YG,4.5,2
B00DS4EGP0,4.0,2
B001Q60E08,5.0,2
B001Q5TO1O,5.0,2
B001Q5QLT2,5.0,2
B002C02A36,5.0,2
B000OLE8I0,5.0,2
B002BXUYUU,5.0,2
B00DS60APS,4.5,2
B002BXLG48,5.0,2
B002BXFTKU,5.0,2
B001Q9C1H4,5.0,2
B002BX74QM,4.5,2
B00DSACC5A,5.0,2
B002BX821S,5.0,2
B001Q981HS,5.0,2
B002BXDL3C,5.0,2
B002BXDQ2I,5.0,2
B000OLFXL6,4.5,2
B002BXFM7K,5.0,2
B00DS7ORUG,5.0,2
B00DS7FA6G,5.0,2
B001Q8Q7F2,4.5,2
B002BXJISE,5.0,2
B001Q8LJKU,5.0,2
B002BXJJVU,4.5,2
B002BXJJZQ,4.5,2
B001Q8HECC,5.0,2
B000OLCYMC,4.5,2
B001Q5P7CY,4.5,2
B001Q9H7L4,4.5,2
B001Q5ND7K,4.5,2
B00DRM3J38,4.0,2
B002C3RSKI,5.0,2
B002C3ST3I,5.0,2
B001Q4BV3E,4.5,2
B002C4AD5E,5.0,2
B00GYTFG4Q,4.0,2
B001Q1RHA8,5.0,2
B00DRIEVCA,4.0,2
B001Q1HV3Q,5.0,2
B00E9DZ2AM,4.5,2
B002C5YQN8,5.0,2
B001PZ1C0Q,4.5,2
B002C63ARU,5.0,2
B001PYRAE4,4.5,2
B000QDGDHK,5.0,2
B001PWFYAS,5.0,2
B000OJUAIE,5.0,2
B001PWDYHS,5.0,2
B001PUZDAQ,4.5,2
B000OJU9OO,5.0,2
B002C3LGSS,4.5,2
B001Q4HNSQ,5.0,2
B002C0RKAE,4.5,2
B002C0GYSS,5.0,2
B000OLCMPG,5.0,2
B00E981ZAI,4.5,2
B00DS0V54Y,5.0,2
B002C0MKKO,5.0,2
B00DRUPII4,5.0,2
B001Q5BA0C,4.5,2
B00DRUF8CK,5.0,2
B002C0RGCQ,4.5,2
B001Q56TNK,5.0,2
B002C3HQ7I,4.5,2
B002C1BNT2,5.0,2
B001Q56HI2,5.0,2
B001Q56F7U,5.0,2
B00E9C9S6M,4.5,2
B001Q4Z0EK,5.0,2
B002C2KL8U,5.0,2
B002BX2CXC,4.0,2
B002BWXBPQ,5.0,2
B001QL9IRI,4.0,2
B001QGW4WE,5.0,2
B002BM6A72,5.0,2
B002BMWYUO,4.5,2
B001QGKI1I,5.0,2
B002BP2C3A,5.0,2
B002BP69GG,5.0,2
B001QGISHO,4.0,2
B000OO7HTY,5.0,2
B002BQ5RQS,5.0,2
B001QG8UN6,5.0,2
B00H4XZQUA,5.0,2
B000OO63Y4,5.0,2
B00H4YU8AW,5.0,2
B00E92SNQS,5.0,2
B002BRJX6M,4.5,2
B002BRLLZS,4.0,2
B001QFCI4O,5.0,2
B002BLMT1Y,4.5,2
B002BLMQ5I,5.0,2
B00GYV68KU,5.0,2
B000OOYMSS,4.5,2
B001QL4S50,5.0,2
B002BFG5VA,5.0,2
B002BFUEKS,5.0,2
B001QJWIKE,5.0,2
B001QJSKQ0,5.0,2
B001QJPRNO,4.5,2
B002BG10J6,4.5,2
B00DSLAEIG,5.0,2
B002BGHN4W,5.0,2
B002BLLNG6,4.0,2
B001QJFCXE,4.5,2
B00DSL11HO,4.5,2
B002BH9QHS,4.5,2
B00H4XPO8Y,5.0,2
B00DSL0YJ0,4.5,2
B000OOTZFI,4.0,2
B001QHFXX0,5.0,2
B002BL3TY0,5.0,2
B002BL527W,4.5,2
B00DSKTQ0O,4.5,2
B002BRQPSG,5.0,2
B002BRWLO8,5.0,2
B002BWX1T2,5.0,2
B002BUJS14,4.0,2
B002BUTVF2,5.0,2
B001QD4QTQ,4.5,2
B002BW0366,5.0,2
B002BW1PWC,5.0,2
B00DSD9KFM,4.5,2
B001QC27LG,5.0,2
B00H577AQS,4.5,2
B001QB5XPO,4.0,2
B00H57A0LK,4.5,2
B00H57EEYE,4.0,2
B001QATLMQ,5.0,2
B00H57IK3U,5.0,2
B002BWRCUG,5.0,2
B002BWV7X4,4.5,2
B000OO51B0,4.5,2
B00DSHT3Z0,5.0,2
B002BTP0NA,4.5,2
B002BTP0QM,4.5,2
B001QDJPGK,5.0,2
B002BTUPGC,4.5,2
B002BU3M3Y,5.0,2
B002BTVEMG,5.0,2
B002BTVFNY,4.0,2
B001QDDIA4,5.0,2
B001QD9VM8,5.0,2
B002BU3HQ6,4.5,2
B001P2YWTC,4.5,2
B000OA6L5E,5.0,2
B002E6MHK4,5.0,2
B001O07OMC,5.0,2
B000O2V5VM,4.5,2
B00H86RQNS,5.0,2
B00DMPFIOS,5.0,2
B00ECARVUG,5.0,2
B002HMBU08,4.5,2
B002HMBUW6,5.0,2
B002HMBUWG,5.0,2
B00ECBN7H6,5.0,2
B002HMBV16,5.0,2
B001O1G97W,5.0,2
B00ECCAADE,5.0,2
B00DMN39NW,5.0,2
B00DMMYJN2,5.0,2
B000QVBASE,5.0,2
B00ECCKX40,5.0,2
B00GXZRH70,5.0,2
B001O0B6WG,4.0,2
B000O2SWZY,4.5,2
B000O2S6F0,5.0,2
B00EC9XPJI,4.5,2
B000QV9QQW,5.0,2
B002HLXRC8,4.0,2
B002HJ0C7S,4.0,2
B002HIGFZM,4.5,2
B001O31LDC,4.0,2
B00GY05XDO,5.0,2
B002HIL5DY,5.0,2
B001O2SEOW,5.0,2
B002HIPAHQ,5.0,2
B002HIXDPM,4.5,2
B001O2F58K,5.0,2
B002HK1NDO,4.5,2
B00DMSFRWI,5.0,2
B000O2VD6E,5.0,2
B000O2V8GE,5.0,2
B001O272G8,4.5,2
B001O22RVI,5.0,2
B000O2V7XS,5.0,2
B002HL0690,5.0,2
B00DMIZRYG,4.0,2
B001O31ZUQ,4.5,2
B00ECFW8RW,5.0,2
B00DMDNUNG,4.5,2
B002HUJUPW,4.0,2
B001NWBNC8,5.0,2
B000O2PZ6I,5.0,2
B001NWBN1O,5.0,2
B00DMCH8TY,4.0,2
B001NWBMZG,5.0,2
B000O2PX0G,5.0,2
B002HWS7N6,4.0,2
B000QX5CQI,5.0,2
B00H8AJ0MY,4.5,2
B001NW6SLY,5.0,2
B002HWS7T0,5.0,2
B000O2PHBG,5.0,2
B000O2PEBY,4.5,2
B000O2PE3W,5.0,2
B000O2PE32,5.0,2
B002HT25SC,4.5,2
B001NXPJI6,5.0,2
B000O2RBJC,5.0,2
B001NZYBTW,5.0,2
B000QVFIR8,5.0,2
B001NZD2HY,5.0,2
B00H884GA2,5.0,2
B002HQWQES,5.0,2
B00H88HY2Y,5.0,2
B001NZ9S9K,4.5,2
B002HRENWA,4.0,2
B001NZ3ODQ,5.0,2
B002HRF60I,4.0,2
B002HRF61M,4.0,2
B001NXYYFA,5.0,2
B002HS21PA,4.0,2
B00ECFUZZ4,4.5,2
B00DMWKAT4,4.5,2
B001O71R9G,5.0,2
B002H6R5TE,5.0,2
B002H6R6KM,5.0,2
B002H6R9XG,5.0,2
B00DNBFEOK,4.5,2
B002H6SSFO,5.0,2
B000QV0VEI,5.0,2
B000O3UBZW,5.0,2
B001O8CB86,5.0,2
B002H9373O,5.0,2
B001O8906W,4.5,2
B00H7YE20Q,4.0,2
B00H7ZV6BS,5.0,2
B000O3SSE8,5.0,2
B001O84LKW,5.0,2
B001O81EAM,5.0,2
B00DN7AUD4,4.5,2
B00DN6MIOY,4.5,2
B00DN6EB4Y,5.0,2
B001O7EEFA,4.0,2
B000QV0VDY,5.0,2
B00DNBUCYW,4.0,2
B002H34N88,4.5,2
B002H05O02,5.0,2
B00DNH1D6M,4.5,2
B002H0M7XO,5.0,2
B001O8RDH0,4.0,2
B000O540G6,5.0,2
B001O8RBU4,5.0,2
B002H1F064,5.0,2
B000QV0U8A,5.0,2
B002H6P1PO,4.5,2
B00H7VE5LU,4.0,2
B001O8MR3U,5.0,2
B00H7VHP44,4.0,2
B001O8MP0K,5.0,2
B002H57CDE,5.0,2
B002H6P0H8,5.0,2
B00DNE9CY0,4.0,2
B00DN608BE,5.0,2
B00DN5PN4W,5.0,2
B002HHMPXY,5.0,2
B002HGAHEY,5.0,2
B002HGAL72,4.5,2
B002HGBJKU,5.0,2
B002HGBK72,4.0,2
B000O38NJI,5.0,2
B000QV8BW2,5.0,2
B00DMZ485S,5.0,2
B00DMZ478Q,5.0,2
B002HGZNHK,4.0,2
B001O4E228,5.0,2
B00DMZ432Q,5.0,2
B002HHDL3C,4.0,2
B00EC5MNJK,4.5,2
B002HHFHWK,4.0,2
B001O3CCSA,5.0,2
B00DMZ3XBI,4.0,2
B001O36Y66,4.0,2
B002HHKHS4,5.0,2
B00EC46QOY,5.0,2
B00EC43CK0,5.0,2
B002HG7PD0,5.0,2
B002HEW8AC,5.0,2
B001O6YME4,5.0,2
B002HEW7SK,5.0,2
B001O6JO7E,4.5,2
B001O6J7B2,5.0,2
B001O6D6IW,5.0,2
B002HEW898,4.0,2
B000O3HI1C,4.5,2
B001O4HYIC,5.0,2
B002HEW8LG,4.5,2
B001O4WU7W,5.0,2
B002HFYJKI,5.0,2
B001O4M9EG,4.5,2
B00H86IUGK,4.0,2
B002HG5Y88,5.0,2
B002HG60MC,4.0,2
B00ECI45L6,5.0,2
B002HYIVC6,5.0,2
B001N80DRI,5.0,2
B00ECV6E0S,5.0,2
B00ECV6RW8,4.5,2
B001NBN0T8,4.0,2
B002IUPV54,5.0,2
B00ECVWL6O,5.0,2
B000O1NBY2,5.0,2
B001NAW7KW,4.0,2
B002IUVIOM,5.0,2
B00ECX01GY,5.0,2
B000O1NBRO,4.0,2
B002IX3P6S,5.0,2
B000QYEKWE,4.0,2
B002IY34MM,4.5,2
B002IY36RK,5.0,2
B002IY7IC4,5.0,2
B001N858AU,4.0,2
B00ECY3EWQ,5.0,2
B002ITQ0SC,5.0,2
B00DLHTTR4,5.0,2
B002ISOIVO,4.5,2
B002IRUXP0,5.0,2
B000O1TI1C,5.0,2
B002IS9NUU,4.5,2
B002ISAWSM,4.0,2
B000O1SHSC,5.0,2
B002ISBYYS,5.0,2
B001NG302K,4.5,2
B001NG1M0M,4.0,2
B002ISPZ2U,4.5,2
B001NDKMN8,4.5,2
B000QY02H6,4.0,2
B00DLJT1F2,5.0,2
B001NFZS1M,5.0,2
B000O1QMKC,5.0,2
B002IT1R8K,5.0,2
B001NDSW58,5.0,2
B001NDP5NU,4.5,2
B00DLI2D7G,5.0,2
B001N7XVZA,5.0,2
B00DLK2WAW,4.5,2
B002J02FF2,5.0,2
B002JCSM3E,4.5,2
B00H8LH340,5.0,2
B002JD7HPM,5.0,2
B000R11MSG,5.0,2
B00GXHUFYK,5.0,2
B00DKFJSD2,5.0,2
B001N43JYG,4.5,2
B002JEAAZK,5.0,2
B00DKFGTIY,4.0,2
B001N43IP6,4.0,2
B001N3W9M0,4.0,2
B000O0JAXO,5.0,2
B002JF52WK,4.5,2
B00ED46C56,5.0,2
B002JF6VY8,4.0,2
B002JF8GAU,5.0,2
B00DKEV9IA,4.5,2
B00GXJ5VJM,5.0,2
B001N4KDKO,5.0,2
B002JC9UQM,4.0,2
B001N7QU4Y,5.0,2
B001N7PIC4,5.0,2
B00DL53224,5.0,2
B002J29FKI,5.0,2
B002J2J63O,4.0,2
B002J430I4,4.5,2
B001N5TITK,5.0,2
B000O1JD9Y,4.0,2
B002J9KQ40,4.5,2
B001N5O6UG,4.0,2
B000O1JD3U,5.0,2
B002JAF1S0,5.0,2
B001N4PCTG,4.5,2
B001N4NCB6,4.0,2
B002JBTPGI,5.0,2
B002IRT0JA,4.0,2
B00H8IESE6,5.0,2
B002HYN63A,5.0,2
B000O2NOF2,5.0,2
B001NT4A6C,4.5,2
B001NSYVL2,5.0,2
B001NSXOTC,4.0,2
B00GXTFAJ8,5.0,2
B002I8XXQ0,5.0,2
B002I8XXR4,5.0,2
B002I91U82,5.0,2
B00ECJ724C,5.0,2
B000O2NX7G,5.0,2
B001NRAH02,5.0,2
B00H8CD780,5.0,2
B00DM0B2HA,4.5,2
B001NR8HNQ,5.0,2
B001NQWDLO,4.0,2
B001NQF870,5.0,2
B001NQ0WHQ,5.0,2
B00DM0AOAG,5.0,2
B002IA2RUQ,5.0,2
B002IAA69K,5.0,2
B000O2NUB0,4.5,2
B002IAJ3QC,5.0,2
B002IB0H4S,5.0,2
B001NT9T6I,5.0,2
B002I7Z1MK,5.0,2
B00DM97UX6,4.5,2
B00ECI4EM6,4.0,2
B002HZ45WA,4.0,2
B002HZ46N8,4.5,2
B00H8B8MRC,5.0,2
B00DMAITNA,5.0,2
B00ECI4NZE,4.0,2
B002I1A7S4,4.5,2
B00H8C8R3K,5.0,2
B001NTHDZ2,5.0,2
B002I65QLW,5.0,2
B00ECI4P3Y,5.0,2
B000O2OBFO,5.0,2
B002I7FE5O,4.5,2
B002I7HV7I,5.0,2
B000O2NZJC,4.5,2
B000O2NP1U,5.0,2
B00GXOSXVK,5.0,2
B00H8CPBES,5.0,2
B002IJFSE4,4.0,2
B000O2K97S,5.0,2
B002IJL2WG,4.0,2
B001NLJA4M,4.5,2
B002IJP3P8,4.5,2
B002IJR6US,4.5,2
B001NJRK3W,5.0,2
B001NJLR9U,5.0,2
B000QXG62W,5.0,2
B00DLNU2G0,5.0,2
B000O2K6SK,5.0,2
B002IKF2JO,5.0,2
B00GXN6ZZW,5.0,2
B00DLL6VRG,5.0,2
B002INK00M,5.0,2
B002IP9KOM,4.5,2
B00ECO0Y1K,4.5,2
B00ECOTH8G,4.5,2
B001NH6VKC,5.0,2
B002IRBCNW,4.5,2
B000QXG1F4,5.0,2
B002IGVY2C,5.0,2
B00ECLJK3Q,4.5,2
B00GXONXGU,4.5,2
B002IBJB7M,5.0,2
B002IBK5OA,4.5,2
B00DLY96BG,4.0,2
B000O2MG4M,5.0,2
B002IFRXKK,5.0,2
B00ECMJOB8,4.5,2
B00ECLJKCW,5.0,2
B00DLV83QI,5.0,2
B002IGAXP6,5.0,2
B002IGBTE0,5.0,2
B001NO0R2I,5.0,2
B00GXOC6I6,5.0,2
B002IGOYIS,5.0,2
B001O8WE3I,5.0,2
B000QV0T5O,4.0,2
B001OPH72E,5.0,2
B00DP8PDIS,4.0,2
B00DP8K892,5.0,2
B00EAY88TW,4.5,2
B001OR4OX2,4.0,2
B002F5DTMY,5.0,2
B000O7NLR8,4.0,2
B00DP7ILOC,4.5,2
B000O7NLNW,5.0,2
B00EAYKVPQ,4.5,2
B00H7GKX6Q,5.0,2
B00DP6C5AO,4.5,2
B000O7NJD4,5.0,2
B002F87H8I,5.0,2
B002F885JI,4.5,2
B001OQI5TW,4.5,2
B00DP5TSNC,5.0,2
B000O7PKOU,4.5,2
B002F50HWE,5.0,2
B002F3RIZK,4.5,2
B002F0VO0S,4.0,2
B001OTGLXQ,5.0,2
B001OTE6NS,4.0,2
B00EAY2ZJ6,4.0,2
B00DPDRVLK,4.0,2
B002F3R418,4.5,2
B000O7PPZE,5.0,2
B002F4YE9W,4.0,2
B002F3VBNA,4.5,2
B001OSDZWM,5.0,2
B00DPBB7B2,5.0,2
B002F3XEWQ,4.0,2
B002F3Z1H2,4.0,2
B001ORA3AA,5.0,2
B00DP8PEQE,4.0,2
B001OPF5D2,5.0,2
B002EZN060,4.5,2
B00DP5M4VU,4.5,2
B000O7LJS6,4.5,2
B001OMI9ZQ,4.5,2
B000QU6RJ2,5.0,2
B000O7LIAK,5.0,2
B001OMI9JM,4.5,2
B000O7LHUQ,5.0,2
B000QUAJZ0,4.0,2
B000QUGFL2,4.0,2
B00EB1H5Q6,4.0,2
B00DOWEESU,4.5,2
B001OM6D8Q,4.5,2
B002FKK2SS,4.5,2
B001OM4JJG,5.0,2
B000QUGVF2,5.0,2
B001OM0VTI,4.5,2
B001OM0IMI,4.0,2
B002FKM73Q,5.0,2
B002FKM77W,4.5,2
B000O7LHK6,5.0,2
B001OLYEF6,5.0,2
B002FKRRM2,4.5,2
B001OMQH2I,4.5,2
B001ONOYXG,5.0,2
B000QU42IK,4.5,2
B00EAZBRIA,4.5,2
B001OOLOZG,4.5,2
B000QTW3L4,5.0,2
B00DP4KLU2,4.5,2
B00DP43V22,5.0,2
B002F947U8,5.0,2
B00DP3K8BK,4.5,2
B00EAZBRJ4,5.0,2
B000QU2EDU,4.5,2
B001OOFD1W,5.0,2
B002FE2SJU,4.5,2
B002FBBTB6,4.5,2
B002FBJD9G,5.0,2
B001OO4O6C,5.0,2
B000O7MM3C,5.0,2
B002FCW130,4.5,2
B002FDKEMY,5.0,2
B002EZOE88,4.0,2
B002EZMMZA,5.0,2
B00DPS5TP0,5.0,2
B002ECZB5G,5.0,2
B002ECZEVM,5.0,2
B002ED09VG,5.0,2
B000QS6KP0,5.0,2
B000O9GGQ4,5.0,2
B002ED2S7E,4.5,2
B000QS87U6,5.0,2
B00DPZ8CDO,5.0,2
B00DPYADDM,5.0,2
B001P24SOQ,5.0,2
B002EDGYMY,5.0,2
B001P22WRQ,4.0,2
B00DPWQ0YA,4.5,2
B000QSDHME,5.0,2
B00DPVBUJ6,4.5,2
B00DPU5U2A,5.0,2
B000QSNP7Q,4.5,2
B000QS59SY,4.0,2
B002ECYRMY,4.5,2
B002E82GXA,4.0,2
B000OA3LPM,4.5,2
B00H73ZKZS,4.5,2
B001P2PR5A,5.0,2
B001P2PPSE,5.0,2
B002EALZYO,4.0,2
B001P2PHKU,5.0,2
B002ECYHM4,5.0,2
B002EBIOD8,4.5,2
B002EBMUS8,5.0,2
B002EBMUXI,4.5,2
B000QRY062,4.5,2
B00DQ00WGI,5.0,2
B002ECXCMK,5.0,2
B000O90TJ4,5.0,2
B00DPFEGVG,5.0,2
B002EHCXKW,5.0,2
B00H7BKZTQ,4.5,2
B00H7D4OBO,5.0,2
B001OXMERO,4.0,2
B000O8AI1O,5.0,2
B002ES8BTS,5.0,2
B002ETSEYO,4.5,2
B002EUPJ2S,4.5,2
B000O86IOU,4.5,2
B002EV7BWS,5.0,2
B002EWXXT2,5.0,2
B001OUYUK6,5.0,2
B000O86AD4,5.0,2
B001OUD1MY,5.0,2
B002EZH44O,5.0,2
B001OU4FII,4.5,2
B001OXX25C,4.0,2
B001OY5RCM,4.0,2
B000O8WEIY,5.0,2
B00DPQ0R4U,5.0,2
B002EHH3ZC,5.0,2
B00EAQURTY,4.0,2
B001P0OMNU,5.0,2
B000O8Z9YA,4.0,2
B00EARGV7K,4.0,2
B002ERAJUI,4.5,2
B002EPW3JK,4.0,2
B00DPN423A,4.5,2
B00DPMFCNU,5.0,2
B002EQASKA,4.5,2
B002EQD690,5.0,2
B002EQMQWI,4.0,2
B000O8UJO0,5.0,2
B001OKNZV6,4.5,2
B000QUTJMY,5.0,2
B00DNUD4J8,5.0,2
B001OD5BP6,5.0,2
B002GK8YE6,5.0,2
B001OCRL2S,4.0,2
B000O5Y51Q,4.5,2
B002GKS03G,4.5,2
B00DNSKWVS,5.0,2
B002GKWFZU,4.5,2
B00DNSGIAW,5.0,2
B001OCMEAC,4.5,2
B000O5VXSE,5.0,2
B002GN7TNK,5.0,2
B000O5VA9Q,5.0,2
B000QUNVF0,5.0,2
B002GOJPVI,4.5,2
B00GY5XWBY,5.0,2
B000QURQ74,5.0,2
B000O5ZZYW,4.5,2
B00DNUENH0,5.0,2
B002GJRTSO,4.5,2
B002GDEF1Y,5.0,2
B000O6AQ4A,5.0,2
B002GDYS0W,5.0,2
B002GEC5CO,5.0,2
B000O68O8K,4.5,2
B002GEHN8U,5.0,2
B00DO6Y1UW,4.0,2
B001OFGWUW,5.0,2
B002GF6N9O,5.0,2
B002GI34ZW,5.0,2
B002GI61X4,5.0,2
B000O615K4,4.0,2
B000QUNE3Y,5.0,2
B00DNVPLXY,5.0,2
B002GJFXDW,5.0,2
B002GJIZCI,4.0,2
B002GJOECI,4.0,2
B00GY8TPNK,5.0,2
B000O5RRNE,5.0,2
B001OB5D0G,4.5,2
B002FMJEHQ,4.0,2
B00DNK5FM2,4.5,2
B000O5D4G8,5.0,2
B00EBT1KSW,5.0,2
B002GZQC90,5.0,2
B002GZRYQ0,5.0,2
B002GZS608,4.5,2
B002GZTUS0,5.0,2
B002GZVUJM,4.5,2
B001O91Z4Q,4.0,2
B00DNIP0M4,4.5,2
B002GZY314,5.0,2
B000O559HA,4.5,2
B002H0053S,5.0,2
B00DNI3T6S,5.0,2
B001OA841M,4.0,2
B002GWBZ90,4.0,2
B00DNO1194,5.0,2
B00EBIAWRI,5.0,2
B002GPBQIW,4.5,2
B000QUZ7YS,4.0,2
B00EBIK86I,5.0,2
B000O5NO1I,5.0,2
B002GPXBN0,4.5,2
B00EBJ64XI,5.0,2
B002GQ05MY,5.0,2
B002GQ6JWY,5.0,2
B001OAQJ4Q,4.5,2
B001OANSBI,5.0,2
B00DNLKB98,5.0,2
B002GQSXFU,5.0,2
B001OAB8AG,5.0,2
B002GV0114,4.5,2
B00H7QGUG8,4.0,2
B000O6BZJU,4.5,2
B001OI8EAK,5.0,2
B00DOIMKVC,5.0,2
B002FVPVLK,5.0,2
B001OI887O,5.0,2
B00DOIH1CA,4.5,2
B002FW0YZC,5.0,2
B001OI84RI,5.0,2
B00EB7H7AE,4.5,2
B00EB7N8XE,5.0,2
B000O7E8PM,5.0,2
B00DOI3TCQ,5.0,2
B00DOI1A5Y,5.0,2
B001OI81EY,5.0,2
B00DOHSD9Q,5.0,2
B002FYNQI2,5.0,2
B000O7CKWA,4.0,2
B002FYXZFG,5.0,2
B001OI5XOK,4.5,2
B00DOH2644,5.0,2
B001OI5VM4,4.0,2
B001OI48RI,5.0,2
B00EB994CQ,5.0,2
B002FZJN56,5.0,2
B00DOG647A,5.0,2
B001OI3VGC,5.0,2
B00DOKA468,4.5,2
B002FURBXC,5.0,2
B000O7JGHW,5.0,2
B001OK8FK2,5.0,2
B002FOFAL8,5.0,2
B001OK7XZU,5.0,2
B00EB3KCO6,4.0,2
B001OJR2JS,4.0,2
B00DOSI192,4.0,2
B00H7K8YRW,4.5,2
B000O7JJRE,4.0,2
B00GYALK4U,4.5,2
B002FRIEPY,5.0,2
B001OIIKWC,5.0,2
B00EB5QXV0,5.0,2
B00DONQXGA,5.0,2
B002FSOPHO,4.5,2
B002FSRFTO,4.5,2
B00DOG4UMQ,4.5,2
B001OI1650,5.0,2
B002G0DX56,4.5,2
B00GY9232Y,5.0,2
B00EBCC5ZQ,4.5,2
B002G7EXAI,5.0,2
B002G7J0JC,4.5,2
B001OHSXBQ,5.0,2
B001OHS7FI,5.0,2
B002G92NLC,4.0,2
B00EBCM18M,4.0,2
B002G9GVNI,5.0,2
B002G9IZWI,5.0,2
B002G9J4Y6,5.0,2
B00DOALT8A,5.0,2
B000O6XUC0,4.0,2
B002GAT0KI,5.0,2
B001OGJVQI,5.0,2
B00EBFJIPS,5.0,2
B001OG51YE,5.0,2
B00DO8SKT8,4.5,2
B001OFVA0O,5.0,2
B001OFROTA,5.0,2
B00DO7DRVK,5.0,2
B001OHUSXC,5.0,2
B00H7NH4AM,5.0,2
B001OI0YGW,4.0,2
B002G1VC0S,5.0,2
B002G27JT0,4.0,2
B000O7AI2O,5.0,2
B00DOEGGQG,4.0,2
B002G3O33O,4.0,2
B002G3O4FQ,4.0,2
B002G3PTBO,5.0,2
B002G4F21U,4.0,2
B002G4VCDC,5.0,2
B00H7O60XS,5.0,2
B001OHZ3UK,5.0,2
B000O72PAC,5.0,2
B001OHWQAU,4.5,2
B000O6YJOS,4.0,2
B00DT8VNRY,5.0,2
B0020MMCXY,4.5,2
B00H2XEHHU,5.0,2
B0020MMD7Y,4.0,2
B0020MMD9C,5.0,2
B001TOSRCE,5.0,2
B0020MMDAG,4.5,2
B00E4HG2AM,4.0,2
B00H2XEZ7W,5.0,2
B001TORN9W,4.5,2
B000PAW2A6,4.5,2
B0020MMDGU,5.0,2
B0020MMDKG,5.0,2
B0020MMDU6,5.0,2
B0020MMDY2,4.0,2
B0020MME2I,4.0,2
B0020MME32,5.0,2
B00DY9Z6DU,5.0,2
B0020MMEJQ,4.5,2
B00E4FVTUW,4.5,2
B000PB2J0S,5.0,2
B0020MM9QY,5.0,2
B001TQNQN2,4.5,2
B00E4ELIJ0,4.5,2
B000PB2IY0,5.0,2
B0020MMA8Q,5.0,2
B0020MMAEA,4.5,2
B00DYQ70WI,4.0,2
B0020MMB76,4.0,2
B001TP7XVY,5.0,2
B00H2VRRPQ,5.0,2
B000PAYPRO,5.0,2
B000PV8VMI,5.0,2
B001TP28ZK,5.0,2
B00H2WV2U6,5.0,2
B00E4FNC0W,5.0,2
B0020MMCGG,4.5,2
B001TOYFKM,5.0,2
B0020MMEP0,5.0,2
B0020MM9AU,5.0,2
B001TMHJ20,5.0,2
B0020NI2AA,5.0,2
B00DY7BQXG,5.0,2
B000P9DS5K,5.0,2
B00H31W36I,5.0,2
B0020XC3F0,5.0,2
B0020ZE1K8,4.5,2
B0020ZYKYK,5.0,2
B002100I68,4.0,2
B002104MV0,4.5,2
B001TLPA7W,5.0,2
B00213MZUC,5.0,2
B00213NX5S,5.0,2
B001TLD0NI,5.0,2
B00213R96W,4.0,2
B000P9CNJM,5.0,2
B000PVSSDA,5.0,2
B001TKSDWM,5.0,2
B0020MVD5C,5.0,2
B000P9F5M4,4.5,2
B001TNY7A6,5.0,2
B00DY9IX5S,4.0,2
B00DY97JG2,4.5,2
B0020MMFUO,5.0,2
B000P9X92C,4.5,2
B0020MMGBM,5.0,2
B000P9IFJY,4.0,2
B00H2YZLNI,5.0,2
B00H2ZXEFO,5.0,2
B001TNSVD0,4.0,2
B0020MMGQW,4.5,2
B00E4K1MNQ,4.0,2
B0020MMM66,5.0,2
B0020MMM6Q,4.5,2
B001TNXS6K,5.0,2
B0020MMN4M,5.0,2
B000P9FPC4,5.0,2
B00E4LTY62,5.0,2
B001TNWRS0,5.0,2
B0020MM9LO,5.0,2
B000P9BRCQ,5.0,2
B001TSPRM8,4.5,2
B000PEJJ4Y,4.5,2
B000PEJJ26,5.0,2
B000PED364,5.0,2
B000PEBFZK,4.0,2
B000PTFCOA,4.0,2
B000PTHB2G,5.0,2
B00DZ5Z3JK,5.0,2
B00H2NS186,5.0,2
B000PTQ5FK,5.0,2
B001TSRPQY,4.0,2
B00E4227G0,4.0,2
B00E42PIMA,4.0,2
B00H2NS7BM,5.0,2
B00DZ3BU12,4.5,2
B002087S8W,5.0,2
B00208MB1G,4.0,2
B0020BUXMW,4.0,2
B001TVUTHI,4.5,2
B001TWUNFU,5.0,2
B001TX8R7K,5.0,2
B000PFS71O,5.0,2
B001Z1RV0U,5.0,2
B001Z2G6UA,5.0,2
B001U03ZU6,5.0,2
B00E3W816Q,5.0,2
B00E3XJGEG,5.0,2
B00DZKJLU2,4.0,2
B001TZEIHQ,4.5,2
B001TYPQ3W,5.0,2
B001TXE2K6,4.0,2
B001ZRSI4C,5.0,2
B000PEU6OG,5.0,2
B001TYB21M,5.0,2
B001ZSIY7M,4.0,2
B001TXT0TO,5.0,2
B001ZT7ZEE,5.0,2
B00E4223UA,5.0,2
B001ZV8G9A,5.0,2
B00H1BQVPO,4.0,2
B000PBKESM,5.0,2
B001TSNWJI,5.0,2
B00E45AI3G,5.0,2
B00DYYJBG8,4.0,2
B00DYXXN2M,4.5,2
B0020MM5Z4,5.0,2
B0020MM5ZO,5.0,2
B0020MM65S,5.0,2
B001TSHCXA,4.5,2
B00DYVPVGA,4.0,2
B001TSG3TY,5.0,2
B001TSG3BC,5.0,2
B000PUJJ4I,4.5,2
B001TSBOYI,5.0,2
B001TRR8DU,5.0,2
B001TRM6OQ,4.5,2
B00H2SSQXQ,5.0,2
B001TQUA90,5.0,2
B0020MM8KG,5.0,2
B0020MM8OC,5.0,2
B0020MM8T2,5.0,2
B000PBN0HO,5.0,2
B00E459IPK,5.0,2
B00DYZ5LS4,4.5,2
B0020L265Y,4.0,2
B001TSLB9G,4.0,2
B0020C0Q28,4.5,2
B0020C0QMI,5.0,2
B00E43V1U2,4.0,2
B0020C1YBA,5.0,2
B00E44FKTE,4.0,2
B001TSN4YQ,5.0,2
B0020C3S82,4.0,2
B0020FQQ9M,4.5,2
B0020GAJIU,5.0,2
B0020HBWC6,4.5,2
B0020KNLJK,5.0,2
B00H2PHWYI,5.0,2
B001TSKC1E,4.5,2
B00E45850O,5.0,2
B000PD1EPC,5.0,2
B000P9BRG2,5.0,2
B00E4MLK54,5.0,2
B001TBO5RI,5.0,2
B0024GXB9K,5.0,2
B0024GXPJQ,5.0,2
B00DWDHSJ8,5.0,2
B0024H2TT2,5.0,2
B0024H4HMY,4.0,2
B0024J2WI8,4.5,2
B001TBM8E0,4.5,2
B0024MV0UQ,5.0,2
B00DW96KLO,5.0,2
B000P3N7LG,4.0,2
B00E4V6TEC,5.0,2
B001TALWDE,4.5,2
B0024ZNXMQ,4.5,2
B00DW8CWIU,5.0,2
B00253LOR8,5.0,2
B00253S4P8,5.0,2
B00E4WFF3C,5.0,2
B00E4UDX38,5.0,2
B0024GX1GS,4.0,2
B00E4UDTXM,5.0,2
B000P3ZDMC,4.5,2
B00243FOH0,5.0,2
B00DWH79XO,4.5,2
B001TEYZXE,5.0,2
B001TEV4JC,5.0,2
B001TEV31G,5.0,2
B000PWK3VY,5.0,2
B00H0R3BQG,4.5,2
B00E4UDS88,5.0,2
B00247XWL6,4.5,2
B002481YRE,4.5,2
B00DWGE8K2,5.0,2
B00E4TY5U4,5.0,2
B002491RTI,5.0,2
B001TBQ57G,4.0,2
B00DWFLV8A,5.0,2
B0025EOXV6,4.0,2
B00E4X0Z4A,4.5,2
B0025Z7YRK,4.5,2
B00DW14F0K,5.0,2
B0025ZCLOQ,4.0,2
B00DW129X0,5.0,2
B0025ZV4N0,4.5,2
B0025ZX2NA,5.0,2
B0025ZZ99U,5.0,2
B001T8OYHW,5.0,2
B00260DOAU,4.5,2
B00260H8R0,5.0,2
B001T8OTRW,4.5,2
B000PY28IS,4.5,2
B00260H924,5.0,2
B00H0L83OC,4.5,2
B00DVWOYMY,4.0,2
B000PY2JHS,5.0,2
B0025X21V6,4.5,2
B001T8W7QC,5.0,2
B0025KKOOU,4.5,2
B00H3FFG1S,4.5,2
B001T8W6IG,4.0,2
B000PXYC2O,4.0,2
B000P3127C,4.5,2
B000PXYMZG,5.0,2
B00H0PJ6Z8,5.0,2
B000P27HRW,4.0,2
B00DW2ZSDW,5.0,2
B0025VPLGK,5.0,2
B000PY05KQ,4.5,2
B001T8SAV8,5.0,2
B000P41FLY,5.0,2
B00DXQHUZQ,5.0,2
B00DWZ29PY,5.0,2
B00DX72CB2,5.0,2
B0021ZZLSS,4.5,2
B00DX66GZG,5.0,2
B002203S96,4.5,2
B000PVX40W,5.0,2
B00220AFZG,4.5,2
B00DX5EEHO,5.0,2
B00222T2AS,4.5,2
B00DX50PJ0,5.0,2
B00H37H8TE,4.5,2
B001TJ8WDI,4.5,2
B000P6R6UG,4.0,2
B0022JPA2A,4.0,2
B00E4MRRCE,5.0,2
B001TJ5RJA,5.0,2
B00E4NKEDW,4.0,2
B00DWZRJWM,5.0,2
B001TJ16JU,5.0,2
B000PVYVOK,5.0,2
B0021XR2ZU,5.0,2
B001TJQLZ4,5.0,2
B00E4MNPZ2,5.0,2
B001TKOHMM,5.0,2
B001TKKI1G,4.0,2
B0021HXKLQ,5.0,2
B0021IAI2E,5.0,2
B0021IJI66,5.0,2
B00H348HYC,4.0,2
B001TK7NT6,5.0,2
B000P8JAQ2,4.0,2
B0021R2UIU,4.5,2
B0021LRP4A,4.5,2
B001TK0GSQ,5.0,2
B001TJYGE2,5.0,2
B001TJW4GE,4.5,2
B0021LV5R8,5.0,2
B00E4MP7SA,4.0,2
B0021PKMIW,5.0,2
B0021PXZI6,5.0,2
B00243FKLU,5.0,2
B0023CCHWM,5.0,2
B001TH1HN2,5.0,2
B0023GSD4E,5.0,2
B000P4Y1M4,4.0,2
B0023P4CEA,4.5,2
B00E4R3M32,4.5,2
B000P4PS62,4.5,2
B001TGVQVQ,4.0,2
B0023UW3UU,5.0,2
B001TGV9ZY,5.0,2
B00E4R4W2C,4.5,2
B001TGBFQW,4.5,2
B0023Y42EQ,5.0,2
B00H3BMQCO,4.5,2
B00DWHPJ36,4.5,2
B001TF2MEC,4.0,2
B00E4RI0IE,4.5,2
B001TH522Y,4.5,2
B000PWDTWO,5.0,2
B001THXLE0,5.0,2
B000P6G1TI,5.0,2
B00E4OPF4O,4.5,2
B000P6FV3K,4.5,2
B000P6FEUK,5.0,2
B0022TXZGS,5.0,2
B001TIBXEE,4.0,2
B00DWY58XK,4.0,2
B00DWXEDK0,4.0,2
B00E4PL5Y2,5.0,2
B00E4PZ5S4,4.0,2
B00236KGAI,5.0,2
B00239NZUS,4.0,2
B000PWCSQC,5.0,2
B00H39B8LQ,4.0,2
B0023AT7CM,4.0,2
B0023ATF42,5.0,2
B00E4QK27W,5.0,2
B0023AV3DS,5.0,2
B00DWU9LW8,5.0,2
B000P5JISA,5.0,2
B000PWB4DA,4.5,2
B0023B5OQ4,5.0,2
B001U0CRAA,5.0,2
B00E3VKW0U,4.0,2
B00E19GGK4,4.5,2
B000PI17I6,4.5,2
B001VB4S0U,4.0,2
B00E19GFS2,4.5,2
B001VBBO2U,4.0,2
B001VBIRFW,5.0,2
B001VBIYOG,5.0,2
B000PI16WS,4.5,2
B001UHRGRM,5.0,2
B001UHOX6Y,5.0,2
B001VCZVE6,5.0,2
B001VD078K,4.5,2
B001VD1M2A,4.0,2
B001VD1W0W,5.0,2
B00E18WOI8,5.0,2
B000PI16KA,5.0,2
B001VD2DNM,4.0,2
B001VA79HU,4.5,2
B00E319MZG,4.0,2
B001ULAU08,5.0,2
B001ULAKGW,5.0,2
B001UL4JQY,5.0,2
B00H28JWR0,4.5,2
B001UL49J6,4.5,2
B001UL23XA,5.0,2
B000PKWAIA,5.0,2
B001V9QUQW,4.5,2
B001UKE5PU,4.5,2
B001UJXFDE,5.0,2
B001UJPZ32,4.5,2
B001V9V4WM,4.5,2
B001UI7CKW,5.0,2
B00E2YIKPW,5.0,2
B00E2YJ9KM,4.5,2
B001UJ27AQ,5.0,2
B001V9X0CO,5.0,2
B001V9X5NI,5.0,2
B001UIX9PO,5.0,2
B001V9XDNA,5.0,2
B001VA0FSK,5.0,2
B001UHOW6K,5.0,2
B001UHOW60,5.0,2
B001VEHXM2,4.0,2
B001VEHXYA,5.0,2
B001VEN3NK,5.0,2
B001VERJTE,4.5,2
B00E34TDCA,5.0,2
B000PI0ZDO,5.0,2
B001UH13TY,4.5,2
B00H29NIQA,5.0,2
B001UGL656,5.0,2
B00E36XF9A,5.0,2
B001UFW1CO,5.0,2
B001UFUAJA,4.5,2
B00E0P4LBA,4.5,2
B000PI0VQA,5.0,2
B001VGQHMM,5.0,2
B001UFMVTW,4.5,2
B00H2ATDI6,5.0,2
B00H2BASIE,5.0,2
B000PI134O,4.0,2
B001VEHXFY,5.0,2
B001UHOW4M,4.5,2
B001UHOW42,4.5,2
B001VD6DAQ,5.0,2
B00E172A8S,5.0,2
B001VD7TNG,5.0,2
B001UHOV6Q,5.0,2
B001VD9646,4.0,2
B00E11PXSI,5.0,2
B000PLORHQ,5.0,2
B001VDFCC6,5.0,2
B000PMFW4W,5.0,2
B001VEH6X8,4.5,2
B001VDS00W,5.0,2
B000PMXNC0,5.0,2
B001VDY9HK,5.0,2
B001VEDFZQ,5.0,2
B001VEE5EG,5.0,2
B001VEGIX2,5.0,2
B001VEGWJC,4.5,2
B00E1G20TI,5.0,2
B001V9N1KK,5.0,2
B00DZMLBQM,5.0,2
B00H1Z2HQC,5.0,2
B001V26IZM,4.0,2
B001UP6IB4,4.5,2
B001V2CCSO,4.0,2
B001UP2FA2,5.0,2
B00E1TYMHI,4.5,2
B001UP1C92,4.5,2
B001UP0EYQ,5.0,2
B001V6NMS4,4.5,2
B000PK2WQ0,4.0,2
B001UOTECA,5.0,2
B000PIL8IU,5.0,2
B000PK2XTQ,5.0,2
B001UOILRY,4.0,2
B001UOGDG0,5.0,2
B001V74RP0,4.5,2
B00E26SRYY,5.0,2
B001UO9E2U,5.0,2
B00E2617OQ,5.0,2
B001V0QJ62,5.0,2
B00H24OC10,5.0,2
B000PIZUG6,5.0,2
B001UQH2UY,5.0,2
B00E2036L4,5.0,2
B001UW4FO4,5.0,2
B00H234W98,5.0,2
B00E1Z28LY,4.5,2
B001UPEG4A,5.0,2
B00E1YK8LC,4.0,2
B001UY3SEA,5.0,2
B001UYI9JE,5.0,2
B00E1WWRPY,5.0,2
B000PJYTJY,5.0,2
B001UYVTP0,4.0,2
B001UO8B5G,4.5,2
B001ULDAVE,4.5,2
B001UO8AMK,4.5,2
B001V9LMP6,4.5,2
B000PI3AF4,5.0,2
B001UN6064,4.5,2
B00E2S00QA,4.5,2
B000PI39QY,5.0,2
B001V9LUP8,4.0,2
B000PI38E2,5.0,2
B00H26SKKW,4.0,2
B000PI36XU,5.0,2
B000PI36WQ,4.0,2
B00H270O0K,5.0,2
B001V9LV7A,4.5,2
B000PI33JC,5.0,2
B000PI33IS,5.0,2
B001ULQW9G,4.0,2
B001V9MPTS,5.0,2
B000PKUZ0K,5.0,2
B001ULL926,4.0,2
B001ULK5E4,4.0,2
B00E2RSV58,4.5,2
B001V9LBFM,4.5,2
B00E26XSMK,5.0,2
B00E2721HC,5.0,2
B00E1QKRNE,4.5,2
B001UO49SO,5.0,2
B00E27UHL4,4.5,2
B001V7WY9G,5.0,2
B00E1O51M8,4.0,2
B000PI3N38,5.0,2
B00E1NXELY,5.0,2
B00E2FAR8E,5.0,2
B00E2MUD9A,4.5,2
B001V9FKLI,5.0,2
B000PI66RS,4.5,2
B001UNASJO,5.0,2
B001UN97HI,4.5,2
B001VHLHR6,5.0,2
B001UFHGPQ,5.0,2
B000PHZAEY,4.5,2
B001U28J0K,5.0,2
B001U3184S,5.0,2
B001WAKU0C,4.5,2
B001U2PBF6,4.0,2
B001WAKUWU,4.5,2
B001WBK4C0,4.0,2
B000PHKKDU,4.0,2
B000PHKE36,5.0,2
B001WETJ50,5.0,2
B000PHKDPA,5.0,2
B00DZVUBCI,4.5,2
B000PS8B3K,5.0,2
B00E3PPTWM,5.0,2
B001WRX3I6,5.0,2
B001U28ZE0,5.0,2
B000PHP8KK,4.5,2
B001WAKPV6,4.0,2
B00E3P7NQC,5.0,2
B001W9Z3ZK,4.5,2
B001W9UHP6,5.0,2
B001W9UHUG,4.5,2
B00E00U6CI,5.0,2
B001W9W9IO,5.0,2
B001W9W9JS,5.0,2
B001W9WJMA,4.0,2
B001U3RM0C,5.0,2
B001WAKPOS,5.0,2
B001WAKHYG,4.0,2
B00H1M8XFO,4.0,2
B001WAKHZA,4.5,2
B001U3PSVC,5.0,2
B001WAKI7M,5.0,2
B000PHPQC0,5.0,2
B001WAKIA4,4.5,2
B001U3ORC8,5.0,2
B001WAKPM0,4.5,2
B00DZVMVZ8,5.0,2
B001VHNK9E,5.0,2
B001U243H8,5.0,2
B00DZRHQ98,4.5,2
B00E3V274E,5.0,2
B001XZN6JI,5.0,2
B001U0PEKU,5.0,2
B001U0PEJQ,4.5,2
B001U0OVGI,5.0,2
B000PSTSUK,4.5,2
B001YEEAKW,4.0,2
B001YIF3N6,5.0,2
B000PSUVLA,5.0,2
B001U0ONPC,5.0,2
B00E3VC47E,4.0,2
B00DZNNTS4,5.0,2
B000PGZM5M,5.0,2
B00DZNN8I0,4.5,2
B00E3VC5DM,5.0,2
B00E3VCD84,4.0,2
B001U0MD86,4.0,2
B000PSWVVI,5.0,2
B001XZJFJ8,5.0,2
B001XZHT9G,5.0,2
B000PSNHOI,4.0,2
B001X9F8O0,5.0,2
B00E3SHSY6,4.5,2
B001U214R0,4.5,2
B00DZV2J0A,4.0,2
B001XILIUY,5.0,2
B001XILJSK,5.0,2
B001XINFKK,5.0,2
B00DZUZ5XE,5.0,2
B000PHA1MU,5.0,2
B001XU1WI0,5.0,2
B001U1O0GI,5.0,2
B00E3V0ATI,5.0,2
B00DZT48IS,5.0,2
B00H1KWBIQ,5.0,2
B00DZSOMPS,5.0,2
B001W9QIS6,5.0,2
B001VMWXUQ,4.5,2
B00E3D9FHY,4.0,2
B00E3DB6EO,5.0,2
B000PHYVQC,5.0,2
B001UCFYTO,4.0,2
B001UBD74Y,5.0,2
B001VNVOQY,5.0,2
B001VNWAL2,4.0,2
B00E0KZKK6,5.0,2
B001UB43VU,5.0,2
B00H2D0P44,5.0,2
B001VPAD7S,4.0,2
B001UB3NWU,4.5,2
B00E0KNRTW,5.0,2
B001VQF8AY,5.0,2
B001VR5Z6A,4.5,2
B001UAWT3U,5.0,2
B00E3BVU5Q,4.5,2
B000PHZ7MY,4.5,2
B001UFGL7U,5.0,2
B00E390XLA,5.0,2
B00E39IZBU,5.0,2
B00E0NA9PY,4.5,2
B001UF2M3W,5.0,2
B001VJQWLU,4.0,2
B000POUARO,4.5,2
B00E0LVOU0,4.5,2
B001UDYKNE,5.0,2
B001UDTFC0,5.0,2
B001VJVOEA,4.5,2
B001VJXL0U,5.0,2
B00E3BVTF2,4.5,2
B000PHZ11Q,4.5,2
B001UDH3X8,5.0,2
B00E0M3ZFQ,4.5,2
B001VM6Z64,4.0,2
B000PHZ116,5.0,2
B001UAPQOE,5.0,2
B001VSR4ZE,4.5,2
B001W7HQJS,5.0,2
B001U57YT4,5.0,2
B00E0FMDTM,4.0,2
B001W4001M,5.0,2
B001W5UBX8,4.5,2
B001W5YGSE,5.0,2
B000PR2SOO,5.0,2
B001W6Q2FS,5.0,2
B00E0EWX34,4.0,2
B001U52NQS,5.0,2
B001W8BS5U,5.0,2
B000PQRJEY,4.0,2
B001U403HK,5.0,2
B000PR5REC,4.5,2
B001W97KBU,5.0,2
B00H2EKY8K,4.0,2
B001U3Y9N0,4.0,2
B001W3MM3W,4.0,2
B001U6FLW0,5.0,2
B001VSZFEQ,5.0,2
B00E0JSV7G,5.0,2
B000PQ223C,4.5,2
B001U87ZDG,5.0,2
B001VXPXJ8,5.0,2
B00E3FSIZC,5.0,2
B001U79BSE,5.0,2
B000PQDKN8,4.0,2
B000PHVJM6,4.5,2
B001U69URM,4.0,2
B001U61A0M,5.0,2
B00E0HMG9W,4.0,2
B001W03AG8,4.0,2
B001W0UGMO,5.0,2
B001U5DQSW,4.0,2
B00E3GN57M,4.0,2
B000PQN0XS,4.5,2
B000PQQUT4,5.0,2
B00H0KOQFI,5.0,2
B001T8OCEM,5.0,2
B00290CZ9I,5.0,2
B000Q3ERVY,4.5,2
B000OZ2BUI,5.0,2
B000Q3RYV4,5.0,2
B00DU1ZG5K,5.0,2
B0028UUTAQ,5.0,2
B0028WCM5O,5.0,2
B0028WG02K,5.0,2
B001RS3GPK,5.0,2
B0028YAJIY,5.0,2
B000OYRQFO,4.5,2
B0028Z4QUU,4.0,2
B00E6UE1MI,5.0,2
B00DTZZAX0,4.0,2
B000Q3S44K,5.0,2
B000OYPZRA,5.0,2
B0028ZZ6B8,5.0,2
B000OYPZM0,4.0,2
B00DTXSRDC,5.0,2
B001RRPCEO,4.5,2
B0028SZK6Q,5.0,2
B00DU6F0F6,4.5,2
B001RUVVWS,5.0,2
B0028Q1XRI,5.0,2
B001RUQ74U,4.5,2
B0028Q28MM,5.0,2
B001RUMQMM,5.0,2
B0028Q2ZQ6,5.0,2
B0028Q61Y8,5.0,2
B0028Q64S6,5.0,2
B001RUI4N2,5.0,2
B0028QZCQ6,4.5,2
B00DU4C0EW,5.0,2
B000OZN238,4.5,2
B00E6RT4GE,5.0,2
B00DU5QLT6,5.0,2
B001RU5JSA,4.5,2
B0028S5LZG,5.0,2
B00E6S48H8,4.0,2
B00H41LQTW,4.5,2
B0028S6XD0,5.0,2
B000OZJNZY,4.5,2
B002907Q1A,5.0,2
B00DTXSK2U,5.0,2
B000Q39OEO,4.0,2
B001RRCSMS,4.5,2
B002967D4Y,5.0,2
B001RNU5PY,5.0,2
B00296SJOC,5.0,2
B001RNGGBQ,5.0,2
B002976Z2Y,4.5,2
B000OYLBBY,5.0,2
B000OYLBA0,5.0,2
B00E70PG4O,4.0,2
B00DTVCEJ2,5.0,2
B000OYL92U,5.0,2
B002993EAI,5.0,2
B001RMY37Q,5.0,2
B001RMUL5O,4.5,2
B001RMUHXU,4.5,2
B001RMS7K0,5.0,2
B001RMR1AW,4.5,2
B00GZP041Y,4.5,2
B000Q41YXW,4.5,2
B00296489M,4.5,2
B00295Z9SW,4.5,2
B00E703DF8,5.0,2
B00291AUDU,5.0,2
B000OYPZDO,5.0,2
B00E6YM8S8,5.0,2
B000Q3X5LM,5.0,2
B001RQGE0Q,5.0,2
B00290W6N8,4.0,2
B002914VCG,4.0,2
B002916Y80,4.5,2
B00291AU26,5.0,2
B00E701H88,5.0,2
B001ROP53U,5.0,2
B00291EQTY,5.0,2
B00DTWUAUQ,5.0,2
B001ROSPUA,4.5,2
B00DTWC996,5.0,2
B00292FA7K,4.0,2
B00DTW7QAI,5.0,2
B00DTW0MN6,5.0,2
B00DTW0KDS,4.5,2
B000OYLBKA,4.5,2
B00DTW0JXE,5.0,2
B00DTW0JBG,5.0,2
B001RUXWIY,5.0,2
B0028PI3FY,5.0,2
B000P0XAW0,4.5,2
B001RVQ7L2,4.0,2
B00285LQ8U,4.0,2
B001RVPR22,5.0,2
B00286D7IQ,4.0,2
B00286KM8Y,4.5,2
B00E6DSCI4,4.5,2
B001RVOUV6,5.0,2
B00287PUDU,4.5,2
B001RVOLME,5.0,2
B001RVNZDK,4.5,2
B00289MD6U,5.0,2
B00GZZDJKW,5.0,2
B000P14QMM,5.0,2
B0028A6M7A,4.5,2
B00DUH7QSO,4.0,2
B001RVQP78,5.0,2
B00H3U6UTA,5.0,2
B00280VQH6,4.5,2
B001RVW1RG,5.0,2
B00DUJGAQQ,5.0,2
B00282HT7U,4.5,2
B00DUJ8OQA,4.0,2
B00DUJ5CT2,5.0,2
B00282SZSC,4.0,2
B00282WCBI,4.5,2
B00DUIJA32,5.0,2
B00284B7ZS,5.0,2
B00DUIAQ26,5.0,2
B002835RB4,5.0,2
B001RVSBWA,5.0,2
B000P1GNIW,4.0,2
B00283TWE2,5.0,2
B00283V8QM,5.0,2
B002843X0U,5.0,2
B00284B7XA,4.0,2
B0028B4AAU,5.0,2
B00H3ZKOXS,4.5,2
B000P0F91K,5.0,2
B001RVER0U,5.0,2
B0028LNNTO,5.0,2
B001RVDIP0,5.0,2
B000Q398SG,5.0,2
B00H40NFGK,4.5,2
B001RVDAPS,5.0,2
B0028OFPWO,5.0,2
B000P03CX2,5.0,2
B00E6PQNUQ,4.5,2
B0028P1SVU,5.0,2
B00DU8I6R8,5.0,2
B0028P5SDO,4.0,2
B001RV46XI,4.0,2
B001RV283S,5.0,2
B001RV1YP6,5.0,2
B001RUZUO8,5.0,2
B00H3XXTC8,4.0,2
B00DUEZ0GC,5.0,2
B0028BVQAM,5.0,2
B00E6I2LI6,4.5,2
B001RVKDG2,5.0,2
B0028C8IHA,4.0,2
B000Q37I9W,4.0,2
B00DUFL22C,5.0,2
B00DUFF610,5.0,2
B000P0NY94,4.5,2
B001RVJG2O,5.0,2
B001RVIXGY,5.0,2
B0028IX9S2,4.0,2
B00DUF93ZU,4.0,2
B0028FD5DY,5.0,2
B0028FF0D2,5.0,2
B001RVIHHE,4.5,2
B0028G0414,5.0,2
B00DUF5DK4,5.0,2
B0028H28RQ,4.0,2
B001RVGXFM,4.0,2
B001RMI42Q,5.0,2
B0029AGHTM,5.0,2
B00E530R38,5.0,2
B000Q63AJ6,5.0,2
B00GZD0BQY,5.0,2
B000Q5NPMY,4.5,2
B002A20NSK,4.5,2
B002A29FBQ,4.5,2
B001R5Y1W0,4.0,2
B002A3ORRM,4.5,2
B00E801NYU,5.0,2
B002A3QDY2,5.0,2
B000Q5VGLG,5.0,2
B002A4K8F6,5.0,2
B000Q5YSV6,5.0,2
B002A6312G,4.0,2
B00DTJ17BU,5.0,2
B001R5OF7G,5.0,2
B00DTJ02RU,5.0,2
B00E80ZT04,5.0,2
B000Q61KWK,5.0,2
B00DTIB7MA,5.0,2
B001R4T4GO,4.5,2
B000Q62SNA,5.0,2
B000Q5K26Q,5.0,2
B000OV3W1E,5.0,2
B00E7ZB2TM,5.0,2
B0029ZAGR6,5.0,2
B0029Y5QEA,4.5,2
B001R8XJDE,5.0,2
B0029Y9HYA,5.0,2
B0029Y9PBU,5.0,2
B00E7TOHQS,4.0,2
B00DTPILR2,5.0,2
B0029Z9L7C,5.0,2
B0029Z9OSI,4.5,2
B00E7VQ6TC,4.0,2
B0029ZWKA2,5.0,2
B002A178VG,4.5,2
B00E7Y3CSM,5.0,2
B00DTOT4I8,4.0,2
B000OV40D8,5.0,2
B00DTNX8VI,4.0,2
B002A0BOWG,5.0,2
B002A0G7ZK,5.0,2
B002A0JGKS,5.0,2
B001R69DAO,4.0,2
B002A12Y6K,5.0,2
B002A892L8,4.0,2
B0029Y2MXI,5.0,2
B002A8C2SS,5.0,2
B00E834OD4,5.0,2
B002AFX6VI,5.0,2
B00DTC15Z0,5.0,2
B001R23U20,5.0,2
B001R229P4,4.5,2
B001R21J28,5.0,2
B002AGVFBU,4.5,2
B002AGXQTY,5.0,2
B001R1ZM1I,4.5,2
B002AH2FWM,5.0,2
B001R1ZL1E,5.0,2
B002AHH8NI,5.0,2
B001R1XODG,4.5,2
B00DTAOM5W,5.0,2
B000Q6L00C,5.0,2
B001R1TWBO,5.0,2
B001R1NTKY,4.5,2
B00E833ZEI,5.0,2
B002ACKH2C,4.5,2
B002A9AYMS,5.0,2
B000Q65XVY,4.0,2
B00E82U4ZC,5.0,2
B002ABXDW4,5.0,2
B002ABYOE0,4.5,2
B001R2RB5W,4.0,2
B000OUONM2,5.0,2
B002ACK7GS,5.0,2
B001R2LCCU,5.0,2
B000Q6AU4O,5.0,2
B002ADGOK0,4.0,2
B00DTFJA54,5.0,2
B00DTFI72Q,4.0,2
B002AEDMOU,5.0,2
B002AEG79C,4.0,2
B0029Y40Z6,5.0,2
B000Q58BYG,4.5,2
B00E7482IW,5.0,2
B001RJAQ4S,4.5,2
B00DTQ0YCQ,4.5,2
B0029LHSQC,5.0,2
B0029LHSRG,4.0,2
B00DTQ0PL6,4.0,2
B000OXRNK8,5.0,2
B001RJ49LY,4.5,2
B000OXMRMM,5.0,2
B0029MKU48,4.0,2
B000OWYEKG,4.5,2
B00H4BAAS0,5.0,2
B00DTQ0FUW,5.0,2
B001RIU7AC,5.0,2
B00E78CFX6,5.0,2
B0029NDK3K,5.0,2
B00GZLZ1T8,5.0,2
B000OWXX12,4.5,2
B001RIPBS0,5.0,2
B0029L9QE4,5.0,2
B00GZNHKVI,5.0,2
B001RL6SOI,4.5,2
B0029BICKI,4.0,2
B0029E2H7Y,5.0,2
B0029EO05Q,4.5,2
B0029EWDPA,5.0,2
B001RKCFQY,4.5,2
B001RKABF6,5.0,2
B001RK7UOQ,5.0,2
B0029F2HPK,4.0,2
B001RK1G3M,4.5,2
B00H4AB5MG,5.0,2
B000OY1LSW,4.5,2
B0029F48NY,5.0,2
B000Q43DLS,4.5,2
B0029JAW3U,5.0,2
B0029JKXAW,4.5,2
B00E76DEIS,4.5,2
B00E76NHBW,5.0,2
B00DTQ13LW,5.0,2
B000OY2Y9M,5.0,2
B0029RE5BC,5.0,2
B0029XVUM8,5.0,2
B0029RFIL8,5.0,2
B0029UX8GC,4.0,2
B00DTPZL8E,5.0,2
B00DTPZL6Q,5.0,2
B000Q4QG62,4.0,2
B0029VAZX0,5.0,2
B001RAN2IY,5.0,2
B00DTPZ7OM,5.0,2
B00DTPZ52Q,5.0,2
B000OV8232,5.0,2
B001R97X7G,5.0,2
B001R95576,5.0,2
B00DTPZ3HS,4.0,2
B0029XJ31S,5.0,2
B001R9368G,5.0,2
B001R91ENK,5.0,2
B001R91CO6,4.0,2
B0029XOEEY,5.0,2
B00E7PDP1U,5.0,2
B0029XOVEC,5.0,2
B0029XRYPA,5.0,2
B000OVFQEK,4.5,2
B00DTPZOXG,4.5,2
B00DTQ01L0,5.0,2
B0029RJA7Q,5.0,2
B0029RYYX6,4.5,2
B0029S7P8Q,5.0,2
B001RHZ5B4,4.0,2
B0029S7QX0,5.0,2
B0029SF5QA,5.0,2
B000Q49X6W,5.0,2
B001RCF8VQ,5.0,2
B001RDVIKA,4.5,2
B00GZJPZCI,4.0,2
B0029TWF7Q,4.5,2
B001RDGO36,4.5,2
B001RDBGMA,5.0,2
B0029U0YOQ,4.0,2
B0029U0YRS,4.5,2
B001RCZ474,5.0,2
B00DTPZRMO,5.0,2
B00H3TK60U,5.0,2
B00H3TK3W6,5.0,2
B00280IWNM,4.0,2
B0026NR2Y6,4.5,2
B000P254P4,5.0,2
B001T4EFFC,5.0,2
B00DV6ZX7A,5.0,2
B00DV6ZJD8,5.0,2
B001T4CLEE,4.5,2
B00E5AT5IE,4.0,2
B0026K3FE0,5.0,2
B00DV6Z2K8,5.0,2
B001T3ODDM,5.0,2
B001T2XZ6O,5.0,2
B001T1ZYRI,4.0,2
B001T1PACM,5.0,2
B001SZKCM2,5.0,2
B0026LUHHM,5.0,2
B001SZ7VDU,5.0,2
B001SZ5MZO,4.0,2
B00DV40N86,5.0,2
B001SZ3HVK,5.0,2
B0026IHH9G,5.0,2
B001T4WJF0,5.0,2
B0026IBQXO,4.0,2
B00H3OZ2MM,5.0,2
B000PYJJ76,5.0,2
B0026HYVCI,5.0,2
B0026HYVD2,4.5,2
B00DV87ZTW,5.0,2
B0026I0SLA,4.5,2
B0026I10JY,5.0,2
B00DV87FEM,4.0,2
B0026I2OB2,4.0,2
B0026I2OFS,5.0,2
B0026I3URO,4.0,2
B0026IBQXE,4.0,2
B00DV82BM8,5.0,2
B001T78XOS,4.0,2
B001T70FMQ,5.0,2
B001T6ASQ0,5.0,2
B0026I8T3Y,4.5,2
B001T64ECO,5.0,2
B001T5IKZ2,5.0,2
B00E5DX6W2,5.0,2
B0026HU8BG,5.0,2
B0026NR3XQ,5.0,2
B001SXVGWE,5.0,2
B0026QM0WW,5.0,2
B0026QM248,5.0,2
B00DUZT4RW,5.0,2
B000Q0P27A,4.5,2
B001SUWO1Y,5.0,2
B0026QXSC8,5.0,2
B000Q0P4JG,4.0,2
B0026R3IFO,5.0,2
B00E5LIF1G,5.0,2
B0026RCE5Y,5.0,2
B000P250OY,5.0,2
B00E5N4ON2,5.0,2
B00E5N9O3C,5.0,2
B00H3QUO6O,5.0,2
B000P250I0,4.0,2
B0026TAQ4S,5.0,2
B000P2514S,4.0,2
B001SXWSO4,5.0,2
B0026PZFK2,4.0,2
B00E5HXCY0,5.0,2
B00E5FLJ60,4.0,2
B0026NVPSU,5.0,2
B0026O4YTG,5.0,2
B000PZE8ZI,4.0,2
B0026OXDZM,5.0,2
B000P252DS,5.0,2
B00E5HKS42,4.5,2
B000P251QQ,5.0,2
B0026P3HL6,5.0,2
B000P251AC,5.0,2
B00DV2DJ5W,4.5,2
B0026PAZHU,5.0,2
B00E5IAZGC,5.0,2
B00DV0J674,5.0,2
B00DV0GWQC,5.0,2
B001SYSRKM,4.0,2
B0026PXBGC,5.0,2
B000P258NC,5.0,2
B0026HS7XC,4.5,2
B001T8MC1C,4.5,2
B00DVM705W,4.5,2
B00262X5C0,4.5,2
B00263VORM,5.0,2
B00DVLGFNG,5.0,2
B00264ALQ6,4.0,2
B000P275SI,5.0,2
B001T8MAR8,5.0,2
B002654SNC,5.0,2
B00265HJYM,4.0,2
B00265JIY6,4.5,2
B00265MJ8I,4.5,2
B00265MJ9M,4.0,2
B00H0J2K84,5.0,2
B00265OI6O,5.0,2
B00261QVIQ,4.5,2
B001T8MCYY,5.0,2
B00261DKS0,5.0,2
B002611SBG,5.0,2
B000P2799S,5.0,2
B00DVRY69A,4.5,2
B000PY5N6W,5.0,2
B00260HBOU,4.0,2
B00DVR95TG,5.0,2
B001T8MSZC,4.5,2
B000PY67VW,5.0,2
B000P277HM,5.0,2
B00DVQ3EAI,5.0,2
B00H3JVPDM,4.0,2
B002611V40,5.0,2
B001T8MO88,5.0,2
B000PY6A32,4.5,2
B00DVOC9VK,4.5,2
B00H3KVOZ0,5.0,2
B002617YQO,4.0,2
B002617YRS,5.0,2
B002619SCM,5.0,2
B002667VBC,4.5,2
B000P275O2,5.0,2
B0026HQDK6,5.0,2
B001T8I3QK,4.5,2
B001T8I2QG,5.0,2
B0026C4THA,5.0,2
B000PYB5BO,5.0,2
B0026C58GG,5.0,2
B000PYB5VY,5.0,2
B0026CFXAM,5.0,2
B00E57BHYW,4.0,2
B001T8HX7A,4.0,2
B00DVH0FO0,4.0,2
B001T8HU6E,4.0,2
B00H0FD4WO,5.0,2
B0026GUVC8,5.0,2
B0026GYFFC,5.0,2
B001T8CV0Y,4.0,2
B001T88PF4,5.0,2
B00DVEGBKA,5.0,2
B000P258YQ,5.0,2
B00DV9K3Z4,5.0,2
B00E56XTU8,5.0,2
B00269OQEO,4.5,2
B001T8KOKI,4.0,2
B00266UMFY,4.0,2
B00H0J2A34,5.0,2
B001T8M9QU,5.0,2
B00DVJRDSE,5.0,2
B002672JEK,4.5,2
B001T8KQPQ,5.0,2
B0026784FS,5.0,2
B00E56CTJU,4.5,2
B00269N6CW,5.0,2
B00DVJB6SC,5.0,2
B00267JWYA,5.0,2
B00267LTLY,4.0,2
B00267NPRU,5.0,2
B00267NQ06,5.0,2
B001T8JWY2,4.5,2
B00269M0WO,5.0,2
B001SSNEJC,4.5,2
B00H09KLJE,5.0,2
B0027LPKXC,5.0,2
B0027ERG9A,5.0,2
B001S48JZ0,4.0,2
B00DUP4ZVC,5.0,2
B0027FTE5S,5.0,2
B001S44IN2,4.5,2
B001S44IE6,5.0,2
B00E60Q9YG,4.5,2
B00E60W3EG,5.0,2
B001S3O97I,4.0,2
B001S39ESW,5.0,2
B00DUO3PXM,5.0,2
B001S2ZLWQ,5.0,2
B000P20U7G,4.0,2
B00E64P0V0,5.0,2
B001S2QQZW,4.5,2
B0027IQJBC,5.0,2
B000Q33AXU,5.0,2
B001S1FRU8,4.0,2
B0027ELN8U,4.5,2
B000Q31NEI,5.0,2
B0027CRZSY,5.0,2
B00DUQRBK8,4.5,2
B000P22TA2,5.0,2
B000Q30M40,4.5,2
B0027CRZS4,5.0,2
B001S617IE,5.0,2
B000P229D4,5.0,2
B001S4E8A0,5.0,2
B001S5RU7W,4.0,2
B0027CTMPS,5.0,2
B00DUP5T62,5.0,2
B00E5XB7VY,4.0,2
B0027DYDV0,4.5,2
B001S4UVUQ,4.5,2
B00E5Y2KTG,4.5,2
B000Q31M1W,4.0,2
B0027L7I9Q,5.0,2
B00E64YPHU,5.0,2
B000Q1DJYM,5.0,2
B0027V7WBU,5.0,2
B0027W192M,4.0,2
B000P20Q1G,5.0,2
B000P20PYO,5.0,2
B001RXYZ1O,5.0,2
B0027XLKDE,5.0,2
B000Q349E4,5.0,2
B00GZZJ52S,4.0,2
B001RX4QFY,5.0,2
B00DUKL0R4,4.5,2
B00H3TJX7C,5.0,2
B00E698CAG,5.0,2
B0027Z9LOM,4.5,2
B001RW3QOM,5.0,2
B000Q349T4,5.0,2
B000Q34GP6,5.0,2
B002808SMC,5.0,2
B00DULJJTE,5.0,2
B00E67OZYA,5.0,2
B0027UTTUI,4.5,2
B0027MLI6Y,5.0,2
B00DUMM6RU,4.0,2
B001S03C4M,5.0,2
B000Q33C9W,5.0,2
B0027QO0RY,5.0,2
B001RYWFOM,4.0,2
B0027S2KTC,4.0,2
B0027S5MR4,5.0,2
B0027S64Z8,4.5,2
B00H3RXDF2,4.0,2
B001RYPGI4,5.0,2
B00H3SZAG6,4.0,2
B00E66R1AQ,5.0,2
B00H3SZYW6,5.0,2
B001RYUETK,5.0,2
B0027U1G9U,5.0,2
B00E67330C,4.5,2
B000Q33CTC,4.0,2
B000P20QX4,5.0,2
B0027UJQ0Q,4.5,2
B001RYQJQ2,5.0,2
B001SA0L9Q,5.0,2
B0026YHSH6,5.0,2
B001SJFMPK,4.0,2
B000P22ZQ0,5.0,2
B000P22ZJM,5.0,2
B0027050A6,5.0,2
B00E5PM4UU,5.0,2
B001SI5LUM,4.5,2
B001SHK3OC,4.0,2
B000P22YAC,4.0,2
B00270V5M8,5.0,2
B001SH1CBU,5.0,2
B000Q2XSLA,5.0,2
B000Q2XZOU,4.5,2
B002714QFA,5.0,2
B00H05UPAS,4.5,2
B001SFOXPE,5.0,2
B0026XV1GQ,5.0,2
B000P23046,5.0,2
B00DUWZWNK,5.0,2
B001SRC8MM,5.0,2
B001SR3M1S,5.0,2
B0026VMUUO,4.5,2
B001SQXPF2,5.0,2
B001SQSGFQ,5.0,2
B00DUX1GUC,5.0,2
B000P2308M,5.0,2
B001SNTYIM,4.5,2
B001SNPZLW,5.0,2
B00DUWZZUU,5.0,2
B0026WSDI6,5.0,2
B00E5O4AM6,5.0,2
B00DUW98JY,5.0,2
B00DUWZ9OW,5.0,2
B001SKHQKS,5.0,2
B0026X1J4K,5.0,2
B0026X1LUW,4.5,2
B0026X3KVA,4.5,2
B0026X8L46,5.0,2
B0026X8L9G,5.0,2
B00DUS2QFQ,4.0,2
B00277RP66,5.0,2
B00277YA1O,5.0,2
B000P22UCO,5.0,2
B001SAYYT4,4.5,2
B001SAVSSO,4.5,2
B000Q2ZP9S,5.0,2
B001SAOAOI,4.5,2
B0027946ES,5.0,2
B00E5SJJXW,5.0,2
B00DUQV72Q,5.0,2
B00279JTRC,4.0,2
B000Q2ZPOI,5.0,2
B000P22TPM,5.0,2
B001SA7OKU,4.0,2
B0027A3JL8,5.0,2
B000Q2ZPXY,5.0,2
B000P22TNO,5.0,2
B00277CV7O,5.0,2
B001SF9IPY,4.5,2
B002755ILW,4.0,2
B000P22UTM,5.0,2
B002757TTQ,4.5,2
B00E5QG3OC,5.0,2
B001SE799M,5.0,2
B000P22UTC,4.5,2
B00DURZDCK,5.0,2
B00275P4MU,4.5,2
B00H05C8W6,4.0,2
B000P22UR4,5.0,2
B001SCWF1Q,5.0,2
B001SBNINQ,5.0,2
B000Q2YGE8,4.5,2
B00DURWTJK,4.5,2
B00275VDVG,5.0,2
B00DURWD28,4.5,2
B00H3R4KC2,4.0,2
B00DURWAUS,5.0,2
B00H052664,4.5,2
B00GXHKFC2,5.0,2
B00ED4AZTA,5.0,2
B001GJCZR0,4.5,2
B000RPLZAM,4.5,2
B002T1157U,5.0,2
B002T1D12C,5.0,2
B001JDGHA4,5.0,2
B002T3L4WE,4.5,2
B002T3SP9Y,4.5,2
B00D6L6QD0,5.0,2
B00EMNAX4O,4.0,2
B000N8F3F6,5.0,2
B00HCL1U68,5.0,2
B002T40BFO,4.5,2
B002T41K3G,4.5,2
B00D6JNUE0,5.0,2
B001JDA980,4.5,2
B000N857E8,5.0,2
B002T59RO4,4.0,2
B002T5CW3W,4.0,2
B001JDLPNS,5.0,2
B001JDNQGM,4.5,2
B001JDQVL4,5.0,2
B002SZDJDU,4.5,2
B00D6PGDQQ,5.0,2
B002SXJWNI,5.0,2
B002SY5QKU,4.5,2
B001JHJ928,5.0,2
B000RPIC3U,5.0,2
B001JGWM9G,4.0,2
B002SZ12LQ,5.0,2
B002SZ7DN2,5.0,2
B00EMKUPUY,4.5,2
B002SZH3KU,4.0,2
B001JEEK5W,4.5,2
B002SZQZ7W,5.0,2
B002SZWER2,4.0,2
B00GUP65VW,4.5,2
B002T08VMS,5.0,2
B00D6I6ZKM,4.0,2
B00D6PX4AE,4.5,2
B00D6HNXVM,4.5,2
B002T6YC4I,5.0,2
B00EMZMUMA,4.5,2
B002T6ZXL4,5.0,2
B002T70Q0Q,4.5,2
B001JB8X6C,4.5,2
B001JB74P8,5.0,2
B001JB73FE,4.5,2
B00EN1I65I,4.5,2
B002T7486E,5.0,2
B001JB72HS,5.0,2
B001JB72DW,5.0,2
B00GUP55N6,5.0,2
B002T8WZPY,5.0,2
B002T6WCPY,5.0,2
B002T6VE1M,5.0,2
B002T5KCJ8,5.0,2
B001JBC4CQ,5.0,2
B000N7GPJA,4.0,2
B00EMSMXVK,4.5,2
B00D6GW7VU,4.0,2
B002T5J72Q,4.0,2
B002T5K9PU,4.0,2
B001JBB1DO,5.0,2
B002T6UFO4,4.5,2
B00D6F22AM,4.5,2
B001JBB14S,5.0,2
B002T5MS0O,4.0,2
B000N6DFFS,4.0,2
B002T5ONVQ,5.0,2
B002T5Q97W,4.0,2
B000N64O26,4.5,2
B00EMXX3H8,5.0,2
B000N94R4I,5.0,2
B002SRAUV2,4.0,2
B001JNDGU8,4.0,2
B002SQZW9S,5.0,2
B002SR01M0,5.0,2
B000ROOBRW,4.0,2
B00D78KMQ4,5.0,2
B001JKQE6O,4.5,2
B001JKPAGE,5.0,2
B001JKNF5W,5.0,2
B001JKNF4I,5.0,2
B001JKMV5W,5.0,2
B002SR5HH4,5.0,2
B002SR5JIG,5.0,2
B002SR6UPC,5.0,2
B000N9VLD8,4.0,2
B00EM36MJO,4.5,2
B002SQZDSS,4.0,2
B001JPOYV6,5.0,2
B001JQFE0U,5.0,2
B00ELTV5VO,5.0,2
B00ELUJKT2,4.5,2
B002SQ2W5U,5.0,2
B002SQ3L7S,4.5,2
B00D7FY588,5.0,2
B00ELV1C7Y,5.0,2
B002SQ4N84,5.0,2
B00HC6LR2A,5.0,2
B000ROJUMI,5.0,2
B002SQ53UQ,5.0,2
B001JPJZV0,4.5,2
B002SQ6KQM,5.0,2
B001JPJZRE,5.0,2
B00ELXRH12,5.0,2
B002SQQ35K,5.0,2
B001JK6EZU,5.0,2
B002SRDIT8,4.5,2
B002SSZJNK,4.0,2
B00D6XJ3KG,5.0,2
B002STAGQO,5.0,2
B002STBWJY,4.0,2
B000N97T1G,4.5,2
B00EMJLX9M,5.0,2
B001JI0KPM,5.0,2
B002SUXLX8,5.0,2
B002SUZT42,5.0,2
B002SV1K4O,4.0,2
B000RPGZ3E,5.0,2
B001JHZ7JW,5.0,2
B001JHYM66,5.0,2
B00D6W3L46,5.0,2
B001JHYKBS,5.0,2
B000RPIBXQ,5.0,2
B002SVI9PW,4.5,2
B002SVJE6K,4.0,2
B002SVNRWM,5.0,2
B001JHVF7K,5.0,2
B001JHVF02,4.5,2
B002SVYIOS,5.0,2
B002SSXBG2,4.5,2
B001JI7BI6,5.0,2
B001JK1QOY,5.0,2
B002SRRZEC,5.0,2
B001JJY4LW,4.5,2
B001JJQI66,5.0,2
B00EMGBEP8,5.0,2
B001JJMKIG,4.5,2
B002SRVJE4,5.0,2
B001JICM8U,5.0,2
B002SRYHFC,5.0,2
B002SRYHLQ,4.5,2
B001JJF6PU,4.5,2
B00D75Y01A,5.0,2
B000N97T2K,4.5,2
B00EMHN9VO,5.0,2
B000RPDBJU,5.0,2
B000RPEVW6,5.0,2
B00D6ZKYPC,5.0,2
B00D6ZFNVW,4.0,2
B001JB54LO,5.0,2
B000ROEFM8,5.0,2
B002TXL9MO,5.0,2
B002TUG2CE,4.5,2
B002TUU1SA,5.0,2
B000N4ANZU,5.0,2
B00GUMEG5C,5.0,2
B00ENLLC90,4.5,2
B001J5I5K2,5.0,2
B001J5FF28,4.5,2
B002TVSHPS,5.0,2
B00ENLT1FW,4.5,2
B00ENMD1IY,4.0,2
B000RQ3F9U,5.0,2
B001J4FOPC,5.0,2
B000RQDZE0,5.0,2
B002TX9OXK,4.0,2
B001J36F6A,4.0,2
B002TXCCAM,4.5,2
B002TXEBI8,5.0,2
B00HD2LV0G,5.0,2
B002TXFGNW,5.0,2
B002TXFWWW,5.0,2
B002TXG8XE,5.0,2
B00GUNTMWI,4.0,2
B000N4CAVK,4.0,2
B001J7C5LK,5.0,2
B00HCXTCLQ,5.0,2
B002TR8XWE,5.0,2
B00ENGPMLY,4.5,2
B00ENHBBBI,4.0,2
B001J7ERLG,5.0,2
B00ENHCYAK,4.5,2
B002TSA920,4.5,2
B002TSA92A,4.5,2
B001J7C9P2,5.0,2
B000N4ELBC,5.0,2
B000N4EKZE,5.0,2
B001J71LGU,5.0,2
B001J7A35A,4.5,2
B001J78TMO,5.0,2
B00ENIRSXW,5.0,2
B00D5QRACW,4.5,2
B00HD0QXMO,5.0,2
B002TTM878,4.5,2
B00D5N2VBA,5.0,2
B000N53BCG,5.0,2
B000N45ETU,5.0,2
B002U35KQY,5.0,2
B001IZYQJM,5.0,2
B002U4J6MW,5.0,2
B002U4QNR8,4.5,2
B002U524IO,4.5,2
B002U6224E,5.0,2
B002U6VUY2,4.5,2
B001IZ9THG,4.5,2
B00D5CL8VU,5.0,2
B002U7BU0A,4.0,2
B000N3CKVG,5.0,2
B000N3CEDU,4.0,2
B002U7F8RQ,5.0,2
B002U7NV8E,4.5,2
B000N3CC3C,4.0,2
B001IZ07S6,4.0,2
B00D5FB4Z2,5.0,2
B00HD2ZKXA,5.0,2
B000RQH9D8,5.0,2
B001J2GCUA,5.0,2
B002TYD8AY,4.0,2
B00D5KYPT4,5.0,2
B001J1UFE0,5.0,2
B002U03DSY,5.0,2
B00HD7SDFM,5.0,2
B001J1O24O,5.0,2
B00D5IESKW,4.5,2
B00ENP75N8,4.0,2
B001J0JC4K,4.5,2
B002U20DR6,4.5,2
B002U29Q4M,5.0,2
B002U2K3Y4,4.5,2
B002U2OS3Q,4.5,2
B001J7HH9U,5.0,2
B002TINYW2,5.0,2
B001JAH2Q0,4.0,2
B001JAH2NI,4.5,2
B002TDA9VQ,5.0,2
B00D68MC4A,4.0,2
B00D68HPY2,4.0,2
B001JAH2MY,4.0,2
B002TE9V8C,4.5,2
B001JAH2HY,5.0,2
B002TEBNN8,5.0,2
B00D672HVY,5.0,2
B00EN4DCHM,4.0,2
B001JAH2EW,4.5,2
B002TFJPGO,4.5,2
B001JA2WO2,5.0,2
B00EN57H4A,5.0,2
B002TIHSTC,5.0,2
B002TIJNFE,5.0,2
B002TIKZLK,5.0,2
B001JAH2RO,4.0,2
B002TD6F78,4.0,2
B000N5U6B0,5.0,2
B002T96QPS,4.5,2
B000RPPK76,4.0,2
B002TAEUF0,4.0,2
B001JAH2Z6,4.5,2
B00D6B7KQM,5.0,2
B002TB93J2,4.5,2
B001JAH2TW,4.5,2
B002TBC5RY,4.5,2
B001JAH2W4,4.5,2
B00EN38PAC,5.0,2
B00D6B6R4I,5.0,2
B00HCPU164,4.5,2
B002TCT2EW,5.0,2
B002TD0IMQ,5.0,2
B002TD0K2O,4.5,2
B00D63T5PO,5.0,2
B00D5VMK7W,5.0,2
B001J9XYTU,5.0,2
B002TNULEQ,5.0,2
B00D5X13IW,5.0,2
B001J8TPLM,4.0,2
B000RPQW64,4.5,2
B001J8SL1C,5.0,2
B002TO83AY,4.5,2
B002TODKQQ,5.0,2
B002TOGSY2,4.0,2
B001J877MQ,4.5,2
B002TPGAZS,5.0,2
B002TPIAWY,4.0,2
B001J852CI,5.0,2
B002TPK0V8,5.0,2
B002TPM6BK,4.5,2
B002TQ5COM,4.0,2
B002TQJBY4,4.0,2
B001J9BVRW,4.0,2
B00HCW0WOI,5.0,2
B00D5X1J8Q,5.0,2
B000N5P444,4.5,2
B002TIUT84,4.5,2
B002TIVZQO,4.5,2
B000N5PUO8,4.0,2
B00D61SEXA,5.0,2
B00D610CZ8,4.5,2
B001J9TJZS,5.0,2
B001J9TE7G,5.0,2
B00D602NT2,4.5,2
B002TLT38S,5.0,2
B000RPQT9O,4.5,2
B002TLT3BA,5.0,2
B000N5KNXG,5.0,2
B002TLT5UY,5.0,2
B002TLUDA0,5.0,2
B002TMXV62,5.0,2
B00ELTV27Q,4.5,2
B001JQJJ4C,4.0,2
B000NE9CRU,5.0,2
B002RS8OXI,4.0,2
B000RNF2Q2,5.0,2
B002RS8R0S,4.5,2
B002RS97Z2,4.5,2
B001KNWEXM,5.0,2
B001KNV9WE,4.5,2
B002RSGAD4,4.0,2
B002RSIBL8,5.0,2
B00EKS7S1W,5.0,2
B001KNU4SY,5.0,2
B000NE8C5I,4.5,2
B002RSR3ZS,4.0,2
B000NE85YQ,5.0,2
B002RSV8Z4,5.0,2
B00D8XL5YQ,5.0,2
B001KNQOEW,4.0,2
B00HB9GNB8,5.0,2
B001KNPUS8,4.5,2
B000NE5EI6,5.0,2
B000RNJHRC,5.0,2
B000NEE8ZQ,5.0,2
B002RS6J7Q,4.5,2
B00EKQU0YQ,5.0,2
B000RMSS1O,5.0,2
B002RRXEP2,5.0,2
B00EKR7FES,4.5,2
B001KOTR0E,5.0,2
B002RRY75S,5.0,2
B000RN0H5S,4.5,2
B000NFB87Q,5.0,2
B002RS6JE4,4.5,2
B000RN2O2C,4.0,2
B000NG475A,5.0,2
B000RN4A2E,4.0,2
B00EKRMAZW,5.0,2
B001KOTQN2,5.0,2
B000NG2I6K,5.0,2
B000NFZZ20,5.0,2
B000RNEHPE,5.0,2
B000NFB89O,5.0,2
B00HBBJT9E,5.0,2
B000NDQH4M,4.0,2
B001KOTRJK,5.0,2
B00D8RUOHG,5.0,2
B001KKJ8NO,4.5,2
B000NCX0OS,5.0,2
B001KK9OKQ,5.0,2
B000NCX00W,5.0,2
B00D8RP5MA,4.5,2
B00HBIT07S,4.5,2
B00HBIW8SG,4.5,2
B000NCVBF8,5.0,2
B001KJCANU,4.0,2
B001KJAYWO,4.0,2
B00D8NSADK,5.0,2
B00EKZXM7Y,5.0,2
B00D8NGPBE,5.0,2
B002RU1M6W,4.0,2
B002RU37CE,5.0,2
B001KJ7FCG,4.0,2
B00D8MZAXO,5.0,2
B00EL05PWS,5.0,2
B001KIIK4Y,4.5,2
B001KHM4P6,5.0,2
B00D8M92P6,4.5,2
B001KKX4B6,4.0,2
B002RT723A,5.0,2
B002RT71JU,4.5,2
B001KN9E1M,4.5,2
B001KN8QN4,5.0,2
B002RT71QI,5.0,2
B000NCZ4J2,5.0,2
B000NCZ49W,4.5,2
B000NCZ0N2,5.0,2
B000NCYZVU,5.0,2
B001KN6RP8,4.5,2
B00EKTWY06,5.0,2
B00GVCQP9G,5.0,2
B00EKU78X8,4.0,2
B002RTJ828,5.0,2
B001KM2KEG,4.5,2
B002RTOQ84,5.0,2
B001KL4DVA,4.5,2
B000RMO372,5.0,2
B00EKQRGJ8,5.0,2
B000NCTX3K,5.0,2
B002RD6LGK,4.5,2
B002RCZ70M,5.0,2
B002RCZ7AW,4.5,2
B001KYADM0,4.5,2
B001KY9J4S,5.0,2
B00EKF1LFE,4.0,2
B002RD175U,5.0,2
B00D9ELHPG,4.0,2
B00D9E2OV2,4.5,2
B002RD36T0,5.0,2
B002RD37BW,5.0,2
B001KXVGL8,5.0,2
B001KXARZO,5.0,2
B001KX7IT2,5.0,2
B001KWWDEI,5.0,2
B001KWTWCY,4.5,2
B002RD50XK,5.0,2
B002RD52G0,5.0,2
B002RD6BYC,5.0,2
B00EKIHYZW,4.5,2
B00D97QCVW,5.0,2
B00D9GLHU4,4.5,2
B001KYBQTY,5.0,2
B001KYNTJO,4.5,2
B002R8MLF0,4.0,2
B002R96A6U,4.5,2
B00D9RB67C,5.0,2
B002R9EO04,4.5,2
B000NGDDKU,4.5,2
B001KYNUU2,4.5,2
B001KYNUIE,5.0,2
B002RBDKNO,5.0,2
B001KYNTMQ,5.0,2
B00D9IDHBY,4.5,2
B002RBKVI6,5.0,2
B002RBRENG,5.0,2
B002RC8H04,5.0,2
B00HAZ7UV0,5.0,2
B002RCNT0W,4.5,2
B001KYCAPI,5.0,2
B001KWI6AS,5.0,2
B001KWHTK6,4.5,2
B00EKQMF8U,4.5,2
B00EKN2YRK,5.0,2
B000NG9P2K,5.0,2
B00HAZTBD0,5.0,2
B001KQI28U,4.5,2
B001KQI24E,4.5,2
B001KQFGVQ,4.5,2
B000RLXCPM,4.0,2
B000NG94MG,4.0,2
B001KPU6MG,5.0,2
B00HB0WRIA,4.0,2
B000NG90GG,5.0,2
B00D8ZFKCW,5.0,2
B000NG882S,5.0,2
B000NG80AI,5.0,2
B002RLTOB6,4.0,2
B00D8XV9W4,5.0,2
B002RNQ8F4,5.0,2
B002RNR32G,4.0,2
B002RO620O,5.0,2
B00D8XM1B2,4.0,2
B00EKQIXCM,4.5,2
B00EKLUJMO,4.0,2
B002RHTUO6,4.5,2
B000NGAQIC,5.0,2
B00EKIN7SA,4.5,2
B00EKIOVNU,5.0,2
B001KWCPZ0,5.0,2
B002RDF6V6,5.0,2
B000NGB9C4,4.5,2
B00D94HUF2,4.5,2
B00EKJLJJ8,5.0,2
B00EKLD3P4,5.0,2
B00D92AFBU,5.0,2
B00D92A2S6,5.0,2
B002RDI1I6,4.5,2
B000RLULLA,4.5,2
B000NGATPM,5.0,2
B00EKKAFII,5.0,2
B00D8KWTYE,4.5,2
B00ELNKPCK,5.0,2
B001JYYDFE,4.0,2
B002SIAXYA,4.5,2
B002SIB3LW,4.5,2
B002SID2ZM,5.0,2
B00D7VB03A,5.0,2
B002SIGM68,5.0,2
B002SIIFQS,5.0,2
B000NBOWSC,5.0,2
B002SJSO7W,4.5,2
B002SJW5SQ,5.0,2
B002SK6UHW,5.0,2
B000NBCF9K,5.0,2
B00D7T7PPO,4.5,2
B001JYTJMG,5.0,2
B002SKOONO,5.0,2
B001JYT8EU,5.0,2
B002SKQHUM,5.0,2
B001JYS8O6,5.0,2
B00D7VU2K2,5.0,2
B002SI9D7S,4.5,2
B002SGKFJ0,4.0,2
B001JZ28SC,4.5,2
B002SFFJPG,5.0,2
B002SFNVW4,4.5,2
B001JZ21CU,4.5,2
B000NBXFXU,4.0,2
B00ELJFMZY,5.0,2
B00D83NB7K,4.5,2
B001JZ0KIM,5.0,2
B000NBWYOG,5.0,2
B002SGKNFQ,5.0,2
B00D7WMHDG,5.0,2
B00ELJQF7I,4.5,2
B002SGMRHS,5.0,2
B002SHNAOG,5.0,2
B000NBV2NU,5.0,2
B00ELJVMLW,5.0,2
B00ELK01G8,5.0,2
B00D7WUMSI,5.0,2
B000RNPQ1S,5.0,2
B001JZ29L8,5.0,2
B002SKS4KS,4.5,2
B002SO4V88,5.0,2
B00GV0KIO6,5.0,2
B002SOO3XQ,5.0,2
B002SPQ7MU,4.5,2
B000NB7FKY,5.0,2
B002SPVCRU,5.0,2
B00D7N9VQ6,5.0,2
B000RO5RDE,5.0,2
B002SPX1ZG,4.5,2
B00GUYNF3O,4.5,2
B000ROBZ1W,5.0,2
B002SPYTMU,4.5,2
B001JQLNIC,4.5,2
B00D7K4UKQ,4.5,2
B001JQLNF0,5.0,2
B001JQLNEQ,5.0,2
B001JQLNDM,5.0,2
B00ELT68CK,5.0,2
B002SQ0VXA,5.0,2
B00ELQXBQY,4.0,2
B00D7NYB0W,5.0,2
B001JU4WFE,4.5,2
B001JTXULC,5.0,2
B00D7STI8C,5.0,2
B002SKVR1G,5.0,2
B002SKVS1U,4.0,2
B00D7S3HJS,4.5,2
B002SKVUD6,4.5,2
B00D7QHLJ2,4.0,2
B001JTRQJO,5.0,2
B002SL506S,5.0,2
B00D7OQ1E0,5.0,2
B002SMUS46,4.5,2
B002SM8M2G,5.0,2
B000RO0AX6,5.0,2
B000RO0AXQ,5.0,2
B002SMK0GC,5.0,2
B00GV19CEC,4.5,2
B002SMNG7C,5.0,2
B002SMR8GM,5.0,2
B002SMTAGI,4.0,2
B002SEV6AY,4.0,2
B001JZ2EY0,5.0,2
B002RWB9I6,4.5,2
B00D8GFYA4,5.0,2
B001KAOBLI,5.0,2
B001KAAPM2,4.0,2
B001K9O63C,5.0,2
B000RNLFTK,5.0,2
B002S0P05U,5.0,2
B002S2JC16,4.0,2
B002S32FCS,5.0,2
B001K7HWJE,4.5,2
B000RNLKDG,4.5,2
B001K51CS8,5.0,2
B002S00258,5.0,2
B001KBA1DO,5.0,2
B00D8JQDL0,5.0,2
B002RWBHQ0,5.0,2
B001KEGJ5U,5.0,2
B002RWTMO4,4.5,2
B00HBKRYVU,5.0,2
B001KE4ARY,5.0,2
B002RWXHPO,4.5,2
B00GVA93V0,5.0,2
B000NCTTQQ,5.0,2
B000NCTROK,5.0,2
B001KDAD44,5.0,2
B001KBYD38,5.0,2
B002RZD2YW,4.5,2
B00HBN684Q,5.0,2
B002RZM2UW,5.0,2
B002RZN6IY,4.0,2
B002RZUINA,4.0,2
B002RZUKN8,5.0,2
B002RZY1NI,4.5,2
B001K3DYOU,5.0,2
B002S51CTI,5.0,2
B000NBXUM6,5.0,2
B002S51DQU,4.0,2
B002SAQ0UO,5.0,2
B002SAWA0I,5.0,2
B000RNNP98,5.0,2
B002SB8U8S,5.0,2
B002SBB170,5.0,2
B00ELA3AKW,5.0,2
B000NC02P8,5.0,2
B00ELAA8AW,5.0,2
B00GV3GZ3Q,5.0,2
B00ELC2484,4.5,2
B002SCGWMI,5.0,2
B002SCGWQ4,5.0,2
B002SCH0J2,4.5,2
B00D87Y6DY,5.0,2
B002SCMQXM,5.0,2
B001JZ3STU,5.0,2
B00D8744QS,5.0,2
B00ELE86B6,4.5,2
B00ELGDS2Q,5.0,2
B00ELGF31U,4.5,2
B00EL5CWRE,4.0,2
B00HBP0PD4,4.5,2
B001K3CKI6,5.0,2
B00HBRWL2U,5.0,2
B00GV4K5FY,5.0,2
B00EL27QVO,5.0,2
B001K3A5WY,5.0,2
B000RNNOF8,5.0,2
B00EL287TE,5.0,2
B002SANOJY,5.0,2
B001K0L72O,4.5,2
B002S8S3QK,5.0,2
B00EL3KMUK,5.0,2
B001K06GZM,5.0,2
B002S8TUTO,4.5,2
B002S8Z8RW,4.0,2
B002S8Z9OO,5.0,2
B002SAK3JS,4.0,2
B002SALKF4,5.0,2
B002SALQYE,4.5,2
B001IYW1PE,4.5,2
B00HD7SE1A,4.0,2
B002WEQL8W,5.0,2
B002W8669C,4.5,2
B00GTXKWV4,4.0,2
B000S02VXG,4.5,2
B00GTXIP6S,4.0,2
B000S0753M,5.0,2
B000S077LC,5.0,2
B000S08UJ0,5.0,2
B000S0A5X4,5.0,2
B002WC5Q0I,4.5,2
B002WCQBPW,4.0,2
B000N24TG6,5.0,2
B00HEPZ27A,4.5,2
B000S0A6QU,5.0,2
B001H0L9F2,4.0,2
B002WDM7V8,5.0,2
B002WDMOMA,4.5,2
B000N21MIY,4.0,2
B00D2XLYTS,5.0,2
B001H0GBGO,4.5,2
B000N18TT0,4.5,2
B002WEGGFU,5.0,2
B002W84NY2,5.0,2
B000RZRNVC,5.0,2
B00D33TMD2,5.0,2
B000RZF7OM,5.0,2
B00GTZ8JGW,4.0,2
B000RZPEBS,5.0,2
B001H54VH0,4.5,2
B000RZR16Y,5.0,2
B00D348HEG,4.5,2
B002W701WQ,5.0,2
B001H54RZQ,5.0,2
B002W701Z8,5.0,2
B002W7022K,5.0,2
B001H54RYW,5.0,2
B002W7024I,4.0,2
B001H54RXI,5.0,2
B000RZRNGC,4.5,2
B001H4K9V8,4.5,2
B00EOZJV2K,5.0,2
B002WENND8,5.0,2
B00D2WFXJ6,4.0,2
B00EP3IBZ4,4.0,2
B00D2NUU7U,4.5,2
B000S0EISW,5.0,2
B000MZ6G5G,5.0,2
B00EP5EDXG,4.5,2
B000MYHNDG,5.0,2
B001GWYBBK,4.5,2
B002WJHJYM,4.0,2
B000MYD8IK,5.0,2
B002WJHK14,5.0,2
B002WJHKJG,4.0,2
B00D2NURS2,4.5,2
B001GWXFVW,4.0,2
B00D2NUQGK,5.0,2
B001GWWIVK,4.5,2
B001GWODZE,4.5,2
B00HESZU6U,4.5,2
B002WJJBJ8,4.0,2
B002WHU5RM,4.0,2
B002WH9RNK,4.5,2
B00EP4KFR0,4.5,2
B00D2VJH9Y,5.0,2
B00D2VCEJ4,4.5,2
B000S0AWMS,5.0,2
B001GZWPH4,5.0,2
B00EP3JW6Q,4.0,2
B000S0B2OK,5.0,2
B002WGJL46,5.0,2
B002WGJL8M,4.5,2
B00D2S9PEE,5.0,2
B001GXNPSE,5.0,2
B002WH5NWE,4.5,2
B002WGMLJI,4.0,2
B00D2PWK30,5.0,2
B002WGODSK,5.0,2
B001GXKL5O,5.0,2
B00EP4V0HY,4.0,2
B002WGTNE4,4.0,2
B002WGV8MY,5.0,2
B00EP5B4SS,4.0,2
B00D2PPNG6,5.0,2
B000N09O04,5.0,2
B000N2BUQI,5.0,2
B00EOXIGNW,5.0,2
B000RYXMOA,5.0,2
B001H9OZJ0,5.0,2
B00EOSH3AO,5.0,2
B000RYQEKE,4.5,2
B00GU1FNGY,5.0,2
B00D3FKWTS,5.0,2
B000RYSN1C,5.0,2
B000RYU58Q,5.0,2
B001H944R8,5.0,2
B002VWK9B0,4.5,2
B000RYUKIQ,4.0,2
B002VWK9FG,5.0,2
B000RYV49U,5.0,2
B000RYXFTM,5.0,2
B002VWK9HY,5.0,2
B000N2ILYW,5.0,2
B000N2ILUQ,5.0,2
B000RYXM8G,5.0,2
B001H928ZI,4.5,2
B001H9UZRQ,5.0,2
B002VUAHTG,5.0,2
B002VR0E6U,4.0,2
B002VRF028,4.0,2
B000N2JC3G,5.0,2
B000RY5XL0,5.0,2
B002VRRX46,4.0,2
B001HBHLJO,4.0,2
B002VSBB7U,5.0,2
B002VSUB2G,5.0,2
B001HBEF2K,4.5,2
B000N2JBZU,4.5,2
B00EOS99N8,5.0,2
B000N2JBQE,4.5,2
B002VTWWNQ,5.0,2
B001HBBYDI,4.5,2
B002VUAGOM,4.5,2
B000N2J9AC,5.0,2
B002VUAHD2,5.0,2
B001HB844U,5.0,2
B001HB5YDO,4.0,2
B000N2IH2S,5.0,2
B00GTZKPZK,4.0,2
B000N2IFS4,4.5,2
B002W2N8FI,5.0,2
B002W2R5HU,5.0,2
B001H7TUII,5.0,2
B001H7PK9G,5.0,2
B002W4109W,5.0,2
B002W4CHMG,5.0,2
B002W4MSF2,5.0,2
B000N2EPI8,5.0,2
B001H7NFW0,4.0,2
B002W50TX4,4.0,2
B002W570OU,5.0,2
B000RZ7FHY,5.0,2
B002W5D4CC,5.0,2
B001H6FJAW,5.0,2
B00D39HRTM,5.0,2
B000N2BUSG,4.5,2
B002W5MC5W,4.5,2
B002W27Y9E,5.0,2
B000N2EQVO,4.0,2
B002VZH6VS,4.5,2
B002VWNSEA,4.0,2
B00D3E5BCC,5.0,2
B000N2F3HA,5.0,2
B002VWTQ4G,4.0,2
B002VY0RTM,5.0,2
B001H91ZWU,4.0,2
B001H8VWNS,5.0,2
B001H8UO5A,5.0,2
B002VYX398,4.5,2
B002VZH6SG,5.0,2
B002VZY80K,5.0,2
B001H8SNLC,5.0,2
B001H8QWJM,4.0,2
B002W09PRA,4.0,2
B000N2F2EY,4.5,2
B001H83DZ8,5.0,2
B00HETBDY2,4.5,2
B001GUQM46,4.0,2
B001GNFD3E,4.5,2
B001GN1ZI6,5.0,2
B001GN1RJS,5.0,2
B00D1CAGI0,5.0,2
B00D1BLYL4,4.5,2
B00EPFXFBW,5.0,2
B002XGHMZU,5.0,2
B00GTUWDOQ,5.0,2
B002XGIBE6,5.0,2
B001GMVLIQ,5.0,2
B002XGVBB6,5.0,2
B000MUT76Q,5.0,2
B000S1JZ0C,5.0,2
B000MUSGXG,5.0,2
B00D19NWJI,5.0,2
B002XHELX0,5.0,2
B002XHHJVQ,5.0,2
B002XF22AQ,5.0,2
B00D1E368U,5.0,2
B00EPEFL1K,5.0,2
B00D1MW3J0,5.0,2
B002X9815M,5.0,2
B000MUZA2Q,4.0,2
B00D1J0264,5.0,2
B001GQ2EL0,4.5,2
B001GQ2EHE,4.5,2
B00EPB91XM,4.5,2
B00EPBNSHC,5.0,2
B00GTVN9ZW,4.5,2
B001GNY6D2,5.0,2
B002X9RM34,4.0,2
B001GP22XQ,5.0,2
B00D1GL73Y,4.0,2
B00D1GD5S4,5.0,2
B00EPEBVCI,5.0,2
B000MUVHDC,5.0,2
B000MUURTW,5.0,2
B002XEE174,4.0,2
B00EPG36O2,4.0,2
B002XITWG0,5.0,2
B002XITWM4,5.0,2
B000MULMIM,5.0,2
B002XITZ8A,5.0,2
B001GKNIV6,5.0,2
B002XITZEE,5.0,2
B001GKNFIW,5.0,2
B00EPM5IOM,4.0,2
B001GKJ0VI,5.0,2
B00EPMA7LQ,5.0,2
B002XITZK8,4.0,2
B001GKF2FQ,5.0,2
B002XITZOE,5.0,2
B002XKB1MG,5.0,2
B002XLBTNG,4.0,2
B001GK9FJ0,5.0,2
B00EPMHQL0,5.0,2
B002XNJG34,4.0,2
B000MUCG50,5.0,2
B00D14PNJ0,5.0,2
B002XITZ4O,5.0,2
B00D159E1C,4.0,2
B000MUR61Y,4.5,2
B002XITWMY,4.0,2
B002XITWOM,4.5,2
B00GTUEA8S,5.0,2
B002XITXS2,5.0,2
B00D179CRQ,5.0,2
B00GTUD2IC,5.0,2
B00EPHULEE,5.0,2
B002XITY5E,4.5,2
B00EPIYH4I,5.0,2
B002XITZ26,5.0,2
B001GMANIA,5.0,2
B00EPJLC90,5.0,2
B002XITYIQ,5.0,2
B002XITYMC,5.0,2
B002XITYQ8,5.0,2
B00D14QJYI,5.0,2
B002XITYYK,5.0,2
B001GKRB5A,4.5,2
B002X8L8MQ,4.0,2
B002WJT5GW,4.5,2
B001GSAVI6,4.0,2
B00D2I81R6,5.0,2
B001GSQ3PQ,4.5,2
B00EP6BBD0,4.5,2
B001GSO0II,5.0,2
B002WPMG9E,5.0,2
B002WPMJSC,5.0,2
B002WPO458,5.0,2
B001GSNYAS,4.0,2
B000S0G7UE,4.5,2
B00EP6Q4JQ,5.0,2
B00D2HK0GC,4.0,2
B00D2HJZ3G,5.0,2
B002WQ3GBA,5.0,2
B002WQ8I0O,5.0,2
B002WQHP3U,5.0,2
B001GSJF5G,5.0,2
B00D2DHI8O,5.0,2
B00EP7MQFQ,5.0,2
B002WSZA7G,4.0,2
B00HEYVBXA,5.0,2
B001GSQ5YK,4.5,2
B000MX5MSU,4.0,2
B001GSQ6BW,4.5,2
B00HEU0EZK,4.0,2
B00D2NUQDS,5.0,2
B001GU1GLK,4.0,2
B001GU02NS,4.5,2
B000MXDN0E,5.0,2
B001GTZSD8,5.0,2
B001GTY5ZU,5.0,2
B001GTT8RA,5.0,2
B001GTSC18,5.0,2
B001GTO866,4.5,2
B000S0G2I6,5.0,2
B00D2LKG94,4.5,2
B002WN2Y7U,4.5,2
B002WN307S,4.0,2
B00D2K5OQ0,5.0,2
B002WOIZRC,4.0,2
B002WONPYU,4.0,2
B002WONQHG,5.0,2
B002WOXIEC,5.0,2
B00D2IIIS8,5.0,2
B000MVZZ3E,5.0,2
B000MVYRII,5.0,2
B000MVWUIC,5.0,2
B00EP868P4,5.0,2
B000MVGVDM,4.5,2
B00D1YEYHM,5.0,2
B00D1Y8WU2,5.0,2
B00D1Y6BVO,5.0,2
B002WZXJCM,4.5,2
B002X0JL1O,5.0,2
B000MVEANU,5.0,2
B00D1X72D6,4.5,2
B00HF300YQ,4.5,2
B002X3Z9IU,4.0,2
B000MV27BC,5.0,2
B001GQPUT8,4.5,2
B002X45KP6,5.0,2
B002X48Q8E,5.0,2
B002X4QGA4,4.0,2
B00GTVPVIA,5.0,2
B000S0X3TC,5.0,2
B002X4SSLY,5.0,2
B001GQBU5G,5.0,2
B002X4URRC,4.5,2
B001GROEFS,4.5,2
B002WZF4LQ,5.0,2
B00D22QIUO,5.0,2
B000MVRNR0,4.5,2
B002WTCDC0,4.0,2
B002WU1E9M,5.0,2
B000S0HB9K,4.5,2
B002WULAJ6,5.0,2
B002WUOOHQ,5.0,2
B002WV97N6,4.0,2
B002WVE9W0,4.5,2
B00EP7YIJI,5.0,2
B002WZ9XE0,5.0,2
B000MVQPUQ,4.5,2
B001GS2I3M,4.0,2
B00D2BT668,4.5,2
B002WW5AC2,4.0,2
B00D2AYHT0,5.0,2
B001GRYJJ4,4.0,2
B001GRWHR0,5.0,2
B000S0NJFK,5.0,2
B001GRSH42,5.0,2
B002VPWWJ4,5.0,2
B002VP129U,4.0,2
B002VNQ41S,5.0,2
B002UQHOU6,5.0,2
B001I90NSG,5.0,2
B001I90NOA,5.0,2
B000RU28RQ,5.0,2
B002ULRVJA,4.5,2
B002ULTCG0,5.0,2
B001I83RJE,4.0,2
B00EO8SZI8,5.0,2
B00D58HSX6,5.0,2
B000N2N6V0,5.0,2
B002UNBKRM,4.5,2
B002UNDUBG,5.0,2
B001I80EIG,5.0,2
B002UNHKHG,4.5,2
B002UNHTHW,4.5,2
B000N2N642,4.5,2
B001I7R4NK,4.5,2
B00D52TRDQ,5.0,2
B000N2N3QS,5.0,2
B00GU5RCMS,5.0,2
B00GU6EGW6,5.0,2
B000N2O254,4.0,2
B00D58KAZO,4.5,2
B002UL8324,5.0,2
B000RTL8W8,5.0,2
B000RTRVVK,5.0,2
B000RTSYXY,5.0,2
B002UL81KI,5.0,2
B002UL82AW,4.5,2
B001IB49SY,4.5,2
B002UL8RYI,4.5,2
B00GU7I2LG,5.0,2
B002UL8RZW,4.0,2
B002UL8S92,4.5,2
B000N2O5C4,4.0,2
B001IANG7U,4.0,2
B001IAMCWU,5.0,2
B002ULATDU,4.5,2
B000RTZWKW,5.0,2
B002ULCT8S,5.0,2
B000RU044A,5.0,2
B00D58KUAO,4.0,2
B001IAFL6Y,4.0,2
B001IH8J0W,5.0,2
B002UQLF42,5.0,2
B001I5KIY4,4.5,2
B00HDR3P82,5.0,2
B002UTY6TK,5.0,2
B001I57WWK,5.0,2
B00GU5AG6M,4.5,2
B002UUMS3K,4.5,2
B002UUODR4,4.0,2
B000N2MW8S,5.0,2
B00HDTXD78,5.0,2
B002UUT3ZG,4.5,2
B001I4H6JK,5.0,2
B00D4IID1S,5.0,2
B002UUT4EQ,4.5,2
B001I3V0V6,4.0,2
B000RUHUME,5.0,2
B000N2MMB0,5.0,2
B002UV43G4,5.0,2
B002UVBE84,4.5,2
B001I6O3KS,4.5,2
B001I6O42U,4.5,2
B000N2MXZ0,5.0,2
B001I6S0ZW,5.0,2
B000N2N3D6,5.0,2
B001I6UCCQ,4.5,2
B002UQZUAW,5.0,2
B00HDPLGV2,5.0,2
B00EO9SGJK,5.0,2
B001I6U3UC,5.0,2
B002US06CW,4.5,2
B00EO9UV2K,5.0,2
B00EOA9G5C,4.0,2
B002USC9HM,4.5,2
B000RU6Z4S,5.0,2
B002USOVFA,5.0,2
B001I6PWDK,4.5,2
B002UTDX7Q,5.0,2
B001IE607Y,5.0,2
B00GUCPU0W,4.0,2
B000RY3ZNI,5.0,2
B002UEFGZS,5.0,2
B002UEGJ2W,5.0,2
B002UEGKAI,5.0,2
B001INGM0A,5.0,2
B001INCB6Y,5.0,2
B000RT19KO,4.5,2
B002UEGYPE,5.0,2
B002UEGYRM,4.5,2
B001INAZRG,5.0,2
B002UEHVVU,5.0,2
B002UEIC6S,5.0,2
B000RT1O0Y,4.5,2
B002UEIS30,5.0,2
B00GUECBN4,5.0,2
B000RT32SG,4.0,2
B002UEKILU,5.0,2
B00ENWLPOG,4.5,2
B002UEKS8S,5.0,2
B002UEEWX0,4.5,2
B00D58YKN2,4.5,2
B000N37BEM,5.0,2
B001IYU25K,5.0,2
B001IYTT6I,5.0,2
B001IYTD82,5.0,2
B002UBTKGW,5.0,2
B000RRKXQM,5.0,2
B000N35EHI,5.0,2
B002UEERKS,5.0,2
B00HD7SE7O,4.0,2
B00HD7SE9W,4.0,2
B001ISTVW6,5.0,2
B001ISTVUS,5.0,2
B002UDXTQC,4.0,2
B001IQEQLO,5.0,2
B001IQ8D18,4.0,2
B001ILOECK,4.5,2
B000RT3DZI,5.0,2
B001IHCHQ4,4.0,2
B001IJJAIA,5.0,2
B00HDFW2B0,4.0,2
B002UKP11Q,4.5,2
B002UKP14I,4.0,2
B000RT8A2O,4.5,2
B002UKP1CA,5.0,2
B002UKP1JI,4.5,2
B001IICJSO,5.0,2
B00HDG1I6E,5.0,2
B002UKPFJE,5.0,2
B00HDG96CC,5.0,2
B000N2OCO0,5.0,2
B002UL10W4,5.0,2
B000RT980M,4.0,2
B00GUD0SIU,4.5,2
B00HDGHY3A,5.0,2
B001II6GPG,4.0,2
B001IHR1ME,5.0,2
B001IHOZOQ,4.5,2
B002UL35RC,5.0,2
B002UL4D6E,5.0,2
B000N2OEAC,4.5,2
B002UKP09E,5.0,2
B00D58QKYO,4.5,2
B001ILII9K,5.0,2
B000RT4TJW,4.0,2
B001IKAFDI,5.0,2
B002UEQYKE,5.0,2
B000RT6QHK,5.0,2
B00GUDGDK2,5.0,2
B00ENZMBLE,4.5,2
B00D58QK62,4.5,2
B000RT89PW,5.0,2
B001IK2BK8,5.0,2
B002UHGV3G,4.5,2
B00D58Q8ZU,4.5,2
B00D58Q0YY,4.5,2
B001IJUTHG,4.5,2
B00EO1FWZY,5.0,2
B002UJ13GE,4.5,2
B001I29TI8,4.5,2
B001I20PPY,4.0,2
B002UVH3OS,4.5,2
B002VECK6U,4.0,2
B001HJXOE2,5.0,2
B002VECJ3E,4.5,2
B000N2KJAG,4.0,2
B002VECJ4I,4.5,2
B002VECJ5W,5.0,2
B00D3TCOPY,5.0,2
B002VECJ98,4.0,2
B001HJQKAC,5.0,2
B000RXZZH8,4.5,2
B002VECJES,4.5,2
B000N2K47Y,4.5,2
B002VECJGQ,5.0,2
B00EOP2JZ6,4.5,2
B00D3S092U,5.0,2
B002VECJRA,5.0,2
B002VECJRU,4.5,2
B00D3RSTXW,4.5,2
B002VECJSO,4.5,2
B00HE6PE22,5.0,2
B000N2JYV6,5.0,2
B002VECJY8,4.0,2
B001HHRQXE,5.0,2
B000N2KJCO,5.0,2
B002VECIY4,5.0,2
B00EOOT7ZM,5.0,2
B001HKZZZM,5.0,2
B000N2KNP2,4.5,2
B002VDAQC6,4.5,2
B00D3XEBLK,5.0,2
B002VDFYVO,4.5,2
B00GU2QXVC,5.0,2
B00D3VD0DM,5.0,2
B001HJXQPO,5.0,2
B00D3VCZBK,5.0,2
B000RWF8Y4,4.5,2
B000RX82K0,5.0,2
B00D3VCI7G,5.0,2
B00D3VCADS,4.0,2
B00HE5PBSA,5.0,2
B000RXYO2A,5.0,2
B002VECIGM,5.0,2
B002VECIT4,4.0,2
B002VECK56,5.0,2
B002VECK8I,5.0,2
B001I1HGIE,5.0,2
B002VECK92,5.0,2
B00D3POEWE,4.5,2
B00D3PCFDO,4.0,2
B00HE88GDE,4.5,2
B002VINRJA,5.0,2
B001HCK5RS,5.0,2
B002VJM84O,5.0,2
B002VK5FFC,5.0,2
B002VK952G,5.0,2
B00D3OUYAQ,5.0,2
B000N2JJ2U,5.0,2
B002VL07KE,5.0,2
B002VL1FTQ,5.0,2
B002VLLLM2,5.0,2
B001HC0YV0,4.5,2
B001HBX8YG,4.5,2
B001HBWY50,5.0,2
B00D3O4E4S,4.0,2
B002VHOEY8,5.0,2
B001HDD1PA,4.5,2
B00D3Q0R1A,5.0,2
B00EOP3HOI,5.0,2
B002VECKCE,5.0,2
B001HGM0BI,4.5,2
B002VECKGK,5.0,2
B000RY13BY,4.0,2
B000N2JRE0,5.0,2
B002VEXYHE,5.0,2
B002VG8EIG,5.0,2
B002VGDK9E,5.0,2
B002VGEVVK,5.0,2
B002VGHX6U,5.0,2
B00EOP6K3S,4.5,2
B001HECSJ4,4.5,2
B001HDOQV8,5.0,2
B00D3PZD1K,4.5,2
B001HDI7UO,5.0,2
B002VCJIA8,5.0,2
B001HLDYS6,5.0,2
B002VC2VO8,5.0,2
B00D3Z2RRI,5.0,2
B00D484330,5.0,2
B00EOG9Y4E,4.5,2
B00D47W95K,5.0,2
B002UZZP62,4.5,2
B002V01MJK,4.0,2
B002V06QKA,5.0,2
B000N2M17U,5.0,2
B00D47FVF0,5.0,2
B001HW23SW,5.0,2
B000N2LURC,4.5,2
B002V2NKTI,4.5,2
B002V4LLD8,4.5,2
B002V4LLQK,4.0,2
B00EOFPC82,4.0,2
B000N2MEV8,5.0,2
B001I19KPG,4.0,2
B000RUPBMA,5.0,2
B000N2MM1U,5.0,2
B001I0RIJ2,4.5,2
B001HZLYNO,5.0,2
B00D4AJTW8,5.0,2
B00D4AI8PW,4.5,2
B00D4AB17E,4.5,2
B00EOFJ4N6,5.0,2
B002UXLHQ6,5.0,2
B001HY3B68,5.0,2
B001HY1ECQ,4.5,2
B002UYH9A8,4.0,2
B00D49RE8K,4.5,2
B000N2M6LG,5.0,2
B002UZ3TZ6,4.5,2
B002UZE1FI,4.5,2
B001HV4FYI,5.0,2
B002VBE6RE,5.0,2
B000N2L0MC,5.0,2
B002VA4FZI,4.0,2
B001HT0JH2,4.5,2
B000N2KVYK,5.0,2
B002VAIMCA,5.0,2
B001HSVYJU,4.5,2
B000N2KUIW,5.0,2
B002VBE6MO,4.5,2
B000N2KUBE,4.0,2
B00EOKNT8W,5.0,2
B000N2KU8C,5.0,2
B000N2KTU6,5.0,2
B00EOLH86U,4.5,2
B00EOMBXBA,5.0,2
B00EOMBXUG,5.0,2
B001HLR06I,5.0,2
B00GU36IDE,4.0,2
B000N2L0TU,5.0,2
B00HE568FU,4.5,2
B00HE1MYWU,5.0,2
B002V6EXGI,5.0,2
B00EOI4RGM,4.5,2
B002V74NNA,5.0,2
B002V792ZY,5.0,2
B000N2L342,5.0,2
B002V7TV5U,5.0,2
B002V7W5W6,5.0,2
B00GU42X5U,5.0,2
B001HU2VOK,5.0,2
B002V83IAI,4.0,2
B001HU2K3W,5.0,2
B001HTSVLS,4.5,2
B002V8SML8,4.0,2
B002V91TT4,5.0,2
B000RV5MU0,5.0,2
B002V9AZU8,5.0,2
B000RV5N7M,5.0,2
B000RL7XIY,4.0,2
B000R8UC6C,5.0,2
B000NSHAES,5.0,2
B002LSQTTU,5.0,2
B002LSY5QE,5.0,2
B002LT5D6Y,4.5,2
B002LTCSJO,5.0,2
B00EFBB1Y4,4.5,2
B001M6VFIC,4.5,2
B002LTMM6I,4.5,2
B00EFBLV6C,5.0,2
B002LTRIKI,5.0,2
B000NRXMQ4,5.0,2
B001M60X30,5.0,2
B001M5QN6M,4.5,2
B002LUO8IW,5.0,2
B002LV27TI,5.0,2
B00EFBP028,5.0,2
B001M5ILYO,5.0,2
B001M5IG4Y,4.5,2
B00EFB5S2A,4.0,2
B001M8PHMU,5.0,2
B002LN1LQQ,5.0,2
B00EF4G0QK,5.0,2
B00EF5JXAO,5.0,2
B00EF5N9NQ,5.0,2
B00DHBJBE0,4.5,2
B002LN3ASS,4.5,2
B002LN3P5Q,5.0,2
B002LN4JZQ,4.0,2
B002LN71BA,5.0,2
B002LQVD2U,4.5,2
B00DH6X1VO,5.0,2
B00DH6UOMI,5.0,2
B00DH6K9RI,5.0,2
B000NSRJNU,4.0,2
B002LQ5PM4,5.0,2
B00DH54506,5.0,2
B00DH45OBQ,5.0,2
B000NRV428,5.0,2
B00EF4BBPA,5.0,2
B001M5IAMM,5.0,2
B00DGZ4IWC,4.5,2
B002LZ379I,5.0,2
B001M5F6K6,5.0,2
B002LZHBDG,5.0,2
B002LZIWSY,5.0,2
B002LZN234,5.0,2
B00DGY6PE2,4.5,2
B002LZQXGW,4.5,2
B000NRQ8C4,4.5,2
B000NRQ84M,5.0,2
B000NROAS8,5.0,2
B000NROAP6,5.0,2
B000NRMQ84,5.0,2
B002M265DU,4.0,2
B00DGY106A,4.0,2
B002M28646,5.0,2
B002M2865A,4.5,2
B000R8WEUY,5.0,2
B000NRKT06,4.0,2
B002LZ233O,4.0,2
B002LYVXJK,5.0,2
B00EFD1V9W,5.0,2
B002LYTD4C,5.0,2
B002LYTJQE,4.5,2
B00DH21DBS,5.0,2
B002LYVBOW,5.0,2
B001M5H5RS,5.0,2
B00EFDI49W,5.0,2
B00H9CEYDG,4.0,2
B00DH20EMW,5.0,2
B002LYXUR8,4.5,2
B002LYZTOU,5.0,2
B001M5GS5S,5.0,2
B002LYZVIO,5.0,2
B002LZ049O,5.0,2
B000NRS8N6,4.0,2
B001M5FCQ4,5.0,2
B002LN0TQE,5.0,2
B002LN00UE,5.0,2
B001M5DI4W,4.5,2
B002LMBP7C,5.0,2
B002LM3W9G,4.5,2
B001MBLUJG,5.0,2
B00DI0ODXE,5.0,2
B000NT493W,5.0,2
B002LM5VHC,5.0,2
B002LM5XKW,5.0,2
B002LM5XMK,5.0,2
B00DHZQ6MQ,5.0,2
B002LM5YFQ,5.0,2
B002LM5ZSM,5.0,2
B001MA9S2I,5.0,2
B00DHX2COE,4.0,2
B000R8S27I,5.0,2
B000NT2EPC,5.0,2
B002LMBH70,5.0,2
B002LMBKH2,4.5,2
B002LMBKJA,4.0,2
B001MBR4U0,5.0,2
B00EET4EGY,5.0,2
B002LM3RU0,5.0,2
B002LL3WJC,5.0,2
B001MCDC2I,4.0,2
B00H99DC1Y,4.5,2
B000NT6ABG,5.0,2
B00DI36TO2,4.0,2
B002LK0KLG,4.5,2
B000R8QWU2,4.5,2
B00DI2AK7U,4.0,2
B002LKXXD8,4.5,2
B000NT4FXG,4.5,2
B001MC85SE,4.0,2
B00DI2231G,5.0,2
B002LLEZUM,5.0,2
B000NT4DGU,5.0,2
B002LLINFA,5.0,2
B001MC9WRM,5.0,2
B002LM3GY2,5.0,2
B002LM3H0U,4.5,2
B002LM3O9O,5.0,2
B000NT2ALU,4.5,2
B001MA8JBO,5.0,2
B001MA7TU6,5.0,2
B002LML64Y,4.0,2
B001MA42DI,5.0,2
B00DHLXZ4W,4.5,2
B002LMMTY0,5.0,2
B002LMN85Y,5.0,2
B00DHKHMAQ,5.0,2
B000R8SDOK,5.0,2
B00EF0FIL2,5.0,2
B00EF0JAJS,4.0,2
B001MA29QU,4.5,2
B00GX7TNB6,5.0,2
B001M9YMZW,5.0,2
B002LMYVZA,5.0,2
B002LMZYZG,5.0,2
B002LMKWUS,5.0,2
B00H9BJEHI,5.0,2
B00EEYALW0,4.5,2
B002LMDCIW,5.0,2
B002LMEHEU,5.0,2
B002LMETCU,4.5,2
B002LMFATQ,4.5,2
B002LMFC5I,4.0,2
B001MA60Z6,5.0,2
B000NSUJZK,4.5,2
B00DHOBQDG,4.0,2
B002LMHH6K,5.0,2
B000NSV5DA,5.0,2
B002LMHJMC,5.0,2
B000NSV5CG,5.0,2
B002LMHPS0,5.0,2
B001MA5U5W,5.0,2
B002LMHSOQ,5.0,2
B002LMILD8,5.0,2
B00DHN8ROI,5.0,2
B000NRJ790,5.0,2
B000NP6EYI,5.0,2
B00GWWG5QI,5.0,2
B00DGDN2OE,4.0,2
B001LWH7CU,4.5,2
B002N2GWS2,4.0,2
B001LWH6NA,5.0,2
B00H9IBXNE,5.0,2
B00DGDLXB8,4.5,2
B000NP7A3M,5.0,2
B00DGDGQUQ,5.0,2
B002N3M8UW,5.0,2
B000NP6QG4,5.0,2
B000NP6FC4,4.5,2
B002N42VJE,5.0,2
B000R8Z97Y,5.0,2
B002N46ZMS,5.0,2
B002N0F88Y,4.5,2
B001LWZ8I0,4.0,2
B001LXQ5YA,5.0,2
B002MX1ARU,5.0,2
B00DGGBIZG,5.0,2
B00DGGBDNI,5.0,2
B002MX8RN0,5.0,2
B002MXMPLA,5.0,2
B001LXOHE0,5.0,2
B001LXMVO8,4.5,2
B002MY72L2,4.5,2
B00DGG9UHY,5.0,2
B00DGE8K2M,4.5,2
B002MYFAIO,4.5,2
B002MYHBG8,5.0,2
B00DGFUQ96,4.0,2
B000NPAV9C,4.5,2
B001LXHTOU,5.0,2
B002MZO0IE,5.0,2
B001LX4KB0,5.0,2
B00DGE8NW4,4.0,2
B001LXQ64Y,4.0,2
B002N5MKHG,5.0,2
B001LR2CH0,5.0,2
B000NOAGEI,5.0,2
B002N5RDMS,4.5,2
B00H9KEQM2,5.0,2
B00DG8YGIA,5.0,2
B001LQYMII,4.0,2
B000R8ZCCQ,5.0,2
B00DG8PO0O,4.5,2
B002N819G6,5.0,2
B00EGJ71W6,4.5,2
B002N87CYO,4.0,2
B002N93ZIU,4.5,2
B000NO6YDK,5.0,2
B002NB6L8Y,4.5,2
B000R8ZCQ2,4.5,2
B000NO6FUM,5.0,2
B002NBX2KE,4.5,2
B000NOFZFS,5.0,2
B000NOIDY8,5.0,2
B001LR3T5Y,5.0,2
B000NON816,5.0,2
B000NP57K0,5.0,2
B002N4LLCW,4.0,2
B00EGDNGQM,4.0,2
B000NOXA0U,4.5,2
B002N5L8R4,4.0,2
B001LTZ090,4.0,2
B00H9J28X2,5.0,2
B001LTXG50,4.5,2
B000R8ZAA0,5.0,2
B000NOME16,5.0,2
B002N5MIA0,5.0,2
B002N5MIC8,5.0,2
B001LREBGA,5.0,2
B002N5MK0S,5.0,2
B002N5MK4O,4.5,2
B002N5MK8A,4.0,2
B001LR5A1A,5.0,2
B001LR5A10,5.0,2
B00EG3KAJ8,4.5,2
B002M2VIUU,5.0,2
B00GX1JXVW,4.5,2
B000NQ07UO,5.0,2
B001M4LJ08,4.5,2
B00DGU8DFA,4.5,2
B001M39LWM,5.0,2
B002MFRRZW,4.0,2
B002MFSC3S,5.0,2
B000NPYCGU,5.0,2
B00GX1KMJO,5.0,2
B002MG9GZA,4.5,2
B002MGEEK2,5.0,2
B000NPWR08,5.0,2
B002MH19WM,5.0,2
B001M1YX3Q,5.0,2
B002MHFOQY,4.5,2
B00DGOAQNI,4.5,2
B000NPWJZG,4.5,2
B001M1808A,5.0,2
B002MKCPGI,4.5,2
B001M50TIU,4.0,2
B00EFQA7JO,4.0,2
B00EFGSQDS,5.0,2
B000NRJ75E,5.0,2
B002M3M9DY,5.0,2
B001M5D0VS,5.0,2
B00DGXLK1Q,5.0,2
B00EFNECOI,4.0,2
B00EFNKO8Q,5.0,2
B00EFOEARQ,4.5,2
B002M50GL4,4.5,2
B00DGWWQLK,4.5,2
B002M6LG0S,4.0,2
B00H9CZDUY,5.0,2
B001M5B9U2,5.0,2
B001M5A51G,5.0,2
B000NQLUF0,5.0,2
B002MA229I,4.5,2
B002MKDCVU,5.0,2
B002MKJK52,5.0,2
B001LXRL9S,4.5,2
B002MUYLOC,5.0,2
B00EFYV56A,4.0,2
B001LYEN3O,4.5,2
B001LY7YE4,4.0,2
B002MVEVZK,5.0,2
B00DGKCVP8,5.0,2
B002MWS1IC,5.0,2
B00DGJXHHK,5.0,2
B001LXUFHS,5.0,2
B002MWTVMC,5.0,2
B000NPCR3K,5.0,2
B002MWTY2O,5.0,2
B002MWXME0,4.5,2
B001LXTQZA,5.0,2
B001LXTQNM,5.0,2
B001LXSOTY,4.5,2
B001LXS19M,5.0,2
B00EG1HMV4,5.0,2
B00DGKJ6WY,5.0,2
B00EFXWGF0,4.5,2
B001M163Y8,4.5,2
B000NPVUHO,5.0,2
B001M15D7Q,5.0,2
B00DGNPA7G,4.0,2
B00DGNP9RC,4.0,2
B00H9FNDTE,5.0,2
B001M0VG9Q,5.0,2
B00H9FOFUK,4.5,2
B001M0UJVC,5.0,2
B00DGKKCOU,5.0,2
B001M08BIK,5.0,2
B001M02QQS,5.0,2
B00EFWFOJG,5.0,2
B002MQ16LC,4.5,2
B00H9GMJA2,4.5,2
B002MQCUWG,5.0,2
B00DGMLIMS,4.5,2
B00EFXVI7C,5.0,2
B001LYL92M,4.0,2
B002MRINBC,5.0,2
B001MCDKC0,5.0,2
B001MD6918,5.0,2
B002KBFUB6,4.5,2
B00H8T4YBC,5.0,2
B002KDGUDG,4.0,2
B00H8XMCQ2,5.0,2
B002KE1J5Y,4.5,2
B00DJMGULO,4.5,2
B00DJMEICW,5.0,2
B00DJM6AF0,5.0,2
B002KFQE6C,5.0,2
B002KG7HDK,5.0,2
B00H8Z1TUA,5.0,2
B001MV5XPI,4.5,2
B000NWCRRO,4.5,2
B002KAQZ20,4.0,2
B000NWQXVU,4.5,2
B000NYIJLU,5.0,2
B001MW03WA,5.0,2
B002K79UPM,5.0,2
B002K8H9D6,5.0,2
B001MVZT0C,5.0,2
B00DJW18W0,5.0,2
B001MVTJWQ,5.0,2
B002K8J1JG,4.0,2
B000R35UEG,5.0,2
B000NYE82E,5.0,2
B002K9IO3O,5.0,2
B000NYBQ8S,4.0,2
B001MV62YE,5.0,2
B00EDODWSQ,5.0,2
B002KA4OPK,5.0,2
B000NXYC0I,5.0,2
B002KA73P8,5.0,2
B000NXOVVI,4.5,2
B002KANVLI,4.0,2
B000NXKA22,4.0,2
B00EDP5C6U,4.5,2
B00EDQRO1A,5.0,2
B002KIAZUU,5.0,2
B001MW14AU,4.0,2
B00EDR1C26,5.0,2
B002KODYG6,5.0,2
B000NW8IRC,5.0,2
B000NW8HLO,5.0,2
B002KPJYHI,5.0,2
B00H901ENQ,5.0,2
B001MV5TMU,5.0,2
B00EDU8JG0,5.0,2
B00EDUHEUM,4.5,2
B002KQ7FXC,4.0,2
B001MUMR8K,4.5,2
B001MUMNP2,5.0,2
B002KQOQYS,5.0,2
B00EDWA5CY,5.0,2
B00H922F46,5.0,2
B00EDWUY16,4.0,2
B00H925G6A,5.0,2
B002KRV8XO,5.0,2
B00DJAZ6IO,5.0,2
B00EDXX4IK,4.5,2
B002KNU7DK,5.0,2
B002KKD0GE,4.0,2
B002KID19W,4.0,2
B000NWBI1U,4.0,2
B000NWBHWU,5.0,2
B00DJIP1P4,5.0,2
B001MV5X6C,5.0,2
B001MV5X5S,4.5,2
B000NWBBUI,5.0,2
B00DJIMQBQ,5.0,2
B00DJIKA46,5.0,2
B002KK5HFG,4.0,2
B001MV5WIG,5.0,2
B000R3FE3S,5.0,2
B002KMIL34,5.0,2
B00DJGBZ56,4.5,2
B002KMVNUM,5.0,2
B002KMW14E,5.0,2
B001MV5V14,5.0,2
B00EDTAQ8U,4.0,2
B000NWA8NE,5.0,2
B002KNO75E,5.0,2
B00H8QD7SQ,4.5,2
B00EDMXAA8,5.0,2
B002JQSYAQ,4.5,2
B002JLCU4M,5.0,2
B002JLULAM,4.5,2
B002JLUO18,5.0,2
B002JLXGYU,4.5,2
B002JMHXQG,5.0,2
B002JMK1VA,5.0,2
B00DKAWXH0,5.0,2
B002JP0BBC,5.0,2
B002JP3NYO,5.0,2
B00ED8OZZG,5.0,2
B00DK9PZ9E,4.0,2
B002JPLO7C,4.0,2
B002JPLTU4,5.0,2
B002JPQ9O0,5.0,2
B002JPQE4K,5.0,2
B002JQ22UO,4.0,2
B000NZFF2A,5.0,2
B002JQ9IQ0,5.0,2
B000NZD8EC,5.0,2
B001N0KX3U,4.5,2
B000R27J8C,5.0,2
B002JQO1Y4,5.0,2
B002JLCTK2,5.0,2
B001N2T2IA,4.5,2
B002JFWG6U,5.0,2
B002JFYJL0,5.0,2
B00DKETQPS,4.5,2
B00DKETMO8,4.0,2
B001N29QPO,5.0,2
B00DKERCWW,5.0,2
B002JHDEVO,5.0,2
B00DKEQYJY,5.0,2
B002JIJUX4,5.0,2
B00ED7AAQA,5.0,2
B002JIREL4,5.0,2
B002JIRPSG,5.0,2
B002JISTS6,5.0,2
B00GXH3JZ2,4.5,2
B00ED6FV5G,5.0,2
B000NZXMUW,5.0,2
B00ED7A8U8,5.0,2
B001N1F3SE,5.0,2
B00EDEIMPO,5.0,2
B00H8OKIDA,5.0,2
B00GXFVMJY,4.5,2
B002K41LZW,4.0,2
B002K456HQ,5.0,2
B00DJYE2E4,4.0,2
B002K4EK32,4.5,2
B000NYL31S,5.0,2
B00DJXL82O,4.5,2
B001MW6CE8,5.0,2
B00DJXDT6M,4.5,2
B001MW69OQ,4.5,2
B000R2YKVQ,4.5,2
B00DJWN0FI,4.0,2
B00DJWECP0,5.0,2
B002K6BQZK,5.0,2
B001MW1MJ8,4.5,2
B00DK06YO8,4.5,2
B001MXAZZY,4.5,2
B002JQXJXS,5.0,2
B00EDEN6Z0,4.5,2
B002JS1LUY,5.0,2
B000NYN4RY,4.5,2
B00DK41OAI,5.0,2
B00GXGHWOC,5.0,2
B000R2BZ32,5.0,2
B00EDFU7CE,5.0,2
B000R2DNKU,5.0,2
B002JXH02W,4.5,2
B000NYL3X6,4.5,2
B001MXV8SM,4.5,2
B001MXTI2U,5.0,2
B000R2KVNW,4.5,2
B001MXOQEK,4.5,2
B001MXGK2G,4.5,2
B00DJ9DB8M,5.0,2
B001MTFMUG,4.0,2
B00H94BYDC,4.5,2
B001MJYFS6,4.5,2
B00DIHNX7Y,4.0,2
B001MJX762,5.0,2
B002LE0ZUS,4.0,2
B00EEGTVCY,5.0,2
B001MJT2T8,5.0,2
B00EEHK4E2,5.0,2
B00DIH6XUI,4.5,2
B002LE2ZME,5.0,2
B000R8KENS,5.0,2
B000R8NLMY,5.0,2
B00DIGZ030,5.0,2
B00DIGSE0Q,5.0,2
B000R8QLDK,4.0,2
B001MIZCJ8,5.0,2
B000NURPIM,5.0,2
B001MIZC8O,5.0,2
B001MIZC8E,4.0,2
B002LE0T8Q,4.0,2
B001MOK896,5.0,2
B001MP2P4G,5.0,2
B00EECJWMC,4.5,2
B002LDXTJS,4.5,2
B002LDXTLQ,5.0,2
B001MP0Q6A,4.0,2
B00EEEH9SE,4.5,2
B002LDZWZ2,5.0,2
B00EEEKA4E,5.0,2
B00DIIJZ48,4.0,2
B001MMVXHE,4.5,2
B001MMTQZK,4.0,2
B001MMSXTK,5.0,2
B002LDZQPI,4.0,2
B00DIIIXOQ,4.0,2
B001MKF7L4,5.0,2
B00EEGEFB6,4.5,2
B00EEGEI7C,4.5,2
B000NUKFZW,4.5,2
B000NU4R7O,5.0,2
B00DIAZFAE,4.5,2
B001MFQWGI,5.0,2
B000NTYY78,4.5,2
B00EENCMBE,4.0,2
B00H997XPA,4.0,2
B002LHKHI0,4.5,2
B002LHKPP0,5.0,2
B002LHKTCY,5.0,2
B002LHLZUE,4.0,2
B002LHNSGI,5.0,2
B000R8QV2G,5.0,2
B001MF06EW,5.0,2
B000R8QWMU,5.0,2
B002LHZ8JS,4.5,2
B002LI4C76,4.0,2
B000NTLASY,5.0,2
B000NTKEMC,5.0,2
B000NTKEKE,5.0,2
B000R8QTXM,5.0,2
B002LGMLE4,5.0,2
B00DICMG54,5.0,2
B00GX8JVU8,5.0,2
B000NU2OQK,5.0,2
B002LE8PAU,4.5,2
B002LE8PB4,4.0,2
B002LE8PD2,5.0,2
B000NU2BFE,5.0,2
B00DIFHACA,4.0,2
B000R8QN10,5.0,2
B002LEFD3W,5.0,2
B002LEK6AW,5.0,2
B002LEKBIE,4.5,2
B002LEM3TO,5.0,2
B00DID10ZA,5.0,2
B002LFIUG8,5.0,2
B00EEK755U,4.0,2
B000R8QSM4,5.0,2
B000NTZFLM,5.0,2
B00DICP124,5.0,2
B002LDVVM0,4.0,2
B002LDVROM,5.0,2
B002L4A14S,5.0,2
B002L4G58Y,4.0,2
B000NW2DGO,4.0,2
B00H928XXS,5.0,2
B00EE347EY,5.0,2
B002L50ZWU,5.0,2
B00DIYGGG2,4.5,2
B000R4H6TW,5.0,2
B002L6NGTS,4.5,2
B00H92BNYO,4.5,2
B000NVWW8E,5.0,2
B002L7KNVQ,4.5,2
B00DIMKKIY,5.0,2
B00GXBIB4W,5.0,2
B002L9XWQM,5.0,2
B001MS07T8,4.5,2
B000NW4I6W,4.0,2
B002L3FR3Y,5.0,2
B002L08QW6,5.0,2
B00DJ8WAE4,5.0,2
B002KVD30G,4.0,2
B00GXE8AQ8,5.0,2
B000R425VG,5.0,2
B002KX1VEO,5.0,2
B002KXLBCQ,5.0,2
B00DJ72JFA,5.0,2
B00EE0Y7BK,4.0,2
B00DJ6U78C,5.0,2
B000R4EHO4,5.0,2
B00EE2I97G,5.0,2
B000R4ACY8,4.0,2
B001MSRBN8,4.5,2
B001MSORZS,4.5,2
B000R4D96Q,5.0,2
B00DJ57GVE,5.0,2
B000NW4JA2,4.0,2
B000NW4IRG,5.0,2
B002L9YLWQ,5.0,2
B00DILATS6,5.0,2
B000NV2NZG,5.0,2
B001MPTL0M,5.0,2
B000NVEIJU,5.0,2
B000R5B0E8,5.0,2
B000NVBJIS,5.0,2
B002LC7HG0,5.0,2
B00DIINZ7Q,5.0,2
B002LCJCKE,5.0,2
B002LDP6VW,5.0,2
B002LB53IU,4.5,2
B001MP5XNQ,5.0,2
B002LDR41W,5.0,2
B001MP5WR8,4.0,2
B001MP4AYE,5.0,2
B002LDUSOM,5.0,2
B00EEAC3QQ,5.0,2
B001MP46IY,4.5,2
B000R4TVM2,5.0,2
B000NVFL2I,5.0,2
B000NVPMJA,5.0,2
B002LA02FU,4.5,2
B000NVNPBC,5.0,2
B00EE5V58S,4.0,2
B000R4OZFA,4.5,2
B00EE6L9T2,5.0,2
B000NVLTK6,5.0,2
B002LA1BF0,4.5,2
B002LA1E8O,5.0,2
B00DIJD2KK,5.0,2
B002LA24JW,5.0,2
B000NVL9II,5.0,2
B002LA30R2,4.0,2
B002LA33OM,5.0,2
B001MQ199C,4.0,2
B002LA54US,5.0,2
B002LA5S9K,4.0,2
B002NC328K,5.0,2
B002Q7W04E,4.5,2
B001KYUB54,4.5,2
B00DC7F85A,5.0,2
B00DC6WF7U,5.0,2
B002Q7MELS,5.0,2
B000NJ01AW,5.0,2
B001KYU6SQ,5.0,2
B001KYU6IG,5.0,2
B002Q7S214,5.0,2
B00DC60BDK,5.0,2
B001KYU4HY,4.0,2
B001KYU4C4,5.0,2
B002Q7SL7Y,5.0,2
B00EJD9FSC,4.5,2
B00DC3PY5S,5.0,2
B002Q7UR4E,4.0,2
B00DC3EV2A,5.0,2
B002Q7VLH6,5.0,2
B002Q75XTI,5.0,2
B002Q757M6,5.0,2
B001KYVL7G,5.0,2
B00GWBSDV4,5.0,2
B00DCCDIV6,4.5,2
B002Q639KO,4.5,2
B001KYVNWY,5.0,2
B00EJ9RUKQ,5.0,2
B00EJCND1I,4.5,2
B000RG2YAQ,4.5,2
B00DCB70AC,4.0,2
B002Q74W3Q,4.5,2
B002Q68H24,5.0,2
B00DCALII8,4.5,2
B002Q6DB16,5.0,2
B00HA8A9FG,5.0,2
B001KYVJIM,4.5,2
B00EJD55A4,5.0,2
B00DC9IS7I,5.0,2
B001KYUW44,5.0,2
B001KYUHNK,5.0,2
B002Q728OG,4.0,2
B002Q7VMA2,5.0,2
B002Q7WN0A,5.0,2
B001KYU2XU,4.0,2
B002Q9Z2TC,4.5,2
B00HANPHDA,5.0,2
B001KYTVFA,4.0,2
B00HAOD96Q,5.0,2
B001KYTVCS,5.0,2
B002QB3IKA,4.5,2
B000NISLBO,5.0,2
B001KYTUGK,4.0,2
B001KYTTVG,5.0,2
B002QBVFS2,5.0,2
B001KYT7SQ,5.0,2
B00EJDKU5E,4.5,2
B000NISJ48,4.0,2
B00EJEYELO,4.0,2
B002QDIIO4,4.5,2
B001KYS0Y8,4.5,2
B001KYTW0E,5.0,2
B001KYTWRW,5.0,2
B002Q8FDEC,5.0,2
B00HAFXO06,4.5,2
B00HA9Y1KO,5.0,2
B002Q7Z1ZO,5.0,2
B00EJDALLW,4.0,2
B00DC0E6YQ,4.5,2
B00HAFDXB6,5.0,2
B001KYU140,4.5,2
B001KYTZYM,5.0,2
B00DBWWU8E,4.5,2
B002Q81VBQ,5.0,2
B00DBRPUDQ,4.5,2
B002Q81XCS,4.5,2
B001KYTZ0G,4.0,2
B001KYTY02,4.5,2
B001KYTXGC,5.0,2
B00GW806F8,5.0,2
B000RH1P3M,4.5,2
B00DCCS8GQ,4.5,2
B00DBILKYI,5.0,2
B001KZ8TOS,4.0,2
B002PSB6TO,5.0,2
B00EIQJIBE,4.5,2
B000RETLPO,5.0,2
B00EIRCUC2,5.0,2
B000NJE59K,4.5,2
B002PU9U22,5.0,2
B001KYZVWW,5.0,2
B002PUNFEQ,4.0,2
B002PUO2K2,4.5,2
B002PV0412,5.0,2
B001KYX2IW,5.0,2
B001KYWEAY,4.5,2
B00EIMU3NU,5.0,2
B002PQVS3A,4.5,2
B001KZG4JK,5.0,2
B00EIKAXFU,5.0,2
B00HA7EGZ6,4.5,2
B001L0XW9Y,5.0,2
B002PNDGY2,4.0,2
B001L0XVQS,5.0,2
B002PNNK7U,4.5,2
B000RELFWQ,4.0,2
B001KZMC0K,5.0,2
B001KZKXW4,4.0,2
B002PNUKDM,5.0,2
B001KZJZGO,5.0,2
B001KZJY9C,4.5,2
B00DD4GTYQ,4.5,2
B001KZG5U8,5.0,2
B001KZG4VS,4.5,2
B002POYGT0,4.5,2
B00DD38TEU,4.5,2
B002PW8UB2,4.5,2
B001KYVOTQ,5.0,2
B000REYQ6S,4.5,2
B002Q2F58M,5.0,2
B000NJCUTC,5.0,2
B001KYVXT2,5.0,2
B001KYVV7Q,5.0,2
B002Q4M6ZU,5.0,2
B002Q4PQW0,4.5,2
B002Q4RA88,5.0,2
B002Q4UC4C,5.0,2
B001KYVSVA,4.5,2
B002Q4UC4W,5.0,2
B001KYVSMY,5.0,2
B00DCGBRII,5.0,2
B001KYVSHE,5.0,2
B001KYVSGA,4.5,2
B002Q4X7WQ,5.0,2
B00DCERPCC,4.5,2
B001KYVR02,4.5,2
B002Q5C4AG,4.0,2
B001KYVPSG,5.0,2
B000RFST9C,5.0,2
B001KYVYZ0,5.0,2
B001KYW06M,5.0,2
B002PX68RE,4.0,2
B002PXUAX2,4.0,2
B00DCWOOAK,5.0,2
B002PY04GY,4.5,2
B00EIXXWTG,5.0,2
B001KYW7Y2,5.0,2
B000NJE4QY,5.0,2
B002PYF144,4.5,2
B002PYNBIW,4.5,2
B002PYR2TG,5.0,2
B002Q1VOQ0,5.0,2
B00DCWE4WS,4.0,2
B002PZ60XY,5.0,2
B001KYW5WQ,5.0,2
B001KYW4OK,5.0,2
B002PZJO78,4.0,2
B002PZJZJK,4.5,2
B000RF0SD2,5.0,2
B002Q1OZBQ,4.5,2
B000RHN5MQ,4.0,2
B00DG2LVC0,5.0,2
B000RKWT2A,4.5,2
B002QV0NP8,5.0,2
B00DA9ZM2O,5.0,2
B001KYPZZ0,5.0,2
B001KYPYWY,4.5,2
B002QWEE4I,5.0,2
B001KYOIVM,5.0,2
B002QXIQS2,5.0,2
B00GVMGKJG,5.0,2
B001KYOGU0,4.0,2
B002QXKBIU,5.0,2
B002QXNZE2,5.0,2
B000NHNIQ8,5.0,2
B002QXQ0XK,4.0,2
B002QXQ7D8,4.0,2
B001KYODEY,5.0,2
B002QXS3HG,5.0,2
B000RJYO10,5.0,2
B002QXU3GU,4.0,2
B000RJZ93W,5.0,2
B00DA1C8ZQ,4.5,2
B000RJQ4LI,5.0,2
B002QUVHMC,5.0,2
B00DAGF0II,5.0,2
B000RIY47A,5.0,2
B000RJ04SW,5.0,2
B002QMA3IE,5.0,2
B00DAHJZ10,4.5,2
B000NHXVCO,5.0,2
B00GVMW108,4.5,2
B001KYQ4EG,5.0,2
B002QNBQ0C,5.0,2
B002QNKPVI,4.0,2
B001KYQ43M,5.0,2
B002QNS3CQ,5.0,2
B001KYQ43C,4.5,2
B002QUV4FM,5.0,2
B00HAS5JXS,4.0,2
B00EJVEP02,4.5,2
B002QP7QWM,5.0,2
B000RJK1GM,5.0,2
B001KYQ1U8,5.0,2
B001KYQ1OY,5.0,2
B00DABCY1O,4.0,2
B002QU2G5Y,4.5,2
B00EJX6B3O,4.0,2
B00DA0THM4,5.0,2
B001KYQ75M,5.0,2
B001KYO0HE,4.0,2
B002R28VK0,4.5,2
B000NGMQQM,4.0,2
B000NGLR30,4.0,2
B000RL52IM,5.0,2
B002R2R67E,5.0,2
B002R2S27W,5.0,2
B002R2TIHA,5.0,2
B001KYNYAS,5.0,2
B002R36D7W,5.0,2
B000NGKOIY,4.5,2
B002R3F602,5.0,2
B002R3K8BO,5.0,2
B00D9U8TPQ,4.5,2
B00D9TLSR8,5.0,2
B000NGFU4W,4.0,2
B001KYNWX2,5.0,2
B002R7Z9E6,4.0,2
B001KYNWRI,4.5,2
B002R27CBE,5.0,2
B001KYO1PK,5.0,2
B00D9W9ZFW,5.0,2
B001KYO4OS,4.5,2
B00EJXL9Z4,5.0,2
B002R12WZG,5.0,2
B001KYO5BA,5.0,2
B000NGVBI6,5.0,2
B002R1B5N6,5.0,2
B000NGRTK0,5.0,2
B001KYO58I,4.5,2
B002R1QUX6,4.5,2
B000RL2H44,4.5,2
B002R1XL42,4.5,2
B002R23DJO,4.0,2
B002R23DQM,5.0,2
B002R23EZW,5.0,2
B000RL0RFU,5.0,2
B001KYO3D0,5.0,2
B000RL1CN6,5.0,2
B000NGN31E,4.5,2
B002R25H70,4.5,2
B002QLYXGI,5.0,2
B001KYRZJO,5.0,2
B002QE71RI,5.0,2
B00DB61S0Q,4.5,2
B002QDWYJ4,5.0,2
B001KYROV8,4.0,2
B002QDYF1O,4.0,2
B00HAQ42SS,5.0,2
B00DB3ERUC,4.5,2
B002QE0HR4,5.0,2
B001KYRN9Q,5.0,2
B002QE20U6,5.0,2
B000NIF79S,5.0,2
B00DAZLB0A,4.5,2
B001KYRN32,5.0,2
B00GW58YC8,5.0,2
B00GW56O16,5.0,2
B00DAZIVQW,5.0,2
B00GW557GE,5.0,2
B002QE6N36,4.5,2
B00GW529G0,4.5,2
B00DB6V6FI,5.0,2
B00DB704QO,4.5,2
B00DB77J94,4.5,2
B000RHYMP0,4.5,2
B001KYRZ94,5.0,2
B00EJF4NXC,4.0,2
B00DBFBTCO,4.0,2
B002QDLS3W,4.5,2
B00DBDZ7RE,5.0,2
B001KYRXKA,4.0,2
B001KYRX7I,5.0,2
B001KYRWD8,5.0,2
B001KYRTSQ,5.0,2
B002QDP4QY,4.5,2
B002QDQ5PS,5.0,2
B00DBAY9T4,5.0,2
B00DBAI24W,5.0,2
B001KYRUYE,4.0,2
B002QDT00K,4.0,2
B00DB8L5D4,4.0,2
B001KYRUHG,5.0,2
B00EJIBR3S,5.0,2
B002QE711E,4.5,2
B002QE8PE6,4.5,2
B001KYQ77A,5.0,2
B00DAZFIBS,4.5,2
B001KYQDTC,4.5,2
B000RIH2TC,5.0,2
B001KYQC84,5.0,2
B00DAMF81G,5.0,2
B001KYQAJ0,5.0,2
B001KYQAG8,5.0,2
B002QJ8WTO,5.0,2
B00DAKUZCK,4.5,2
B00EJQJ8ZY,4.5,2
B00EJR9H5O,5.0,2
B00DAK1PAG,4.0,2
B002QKMS02,5.0,2
B001KYQ7AM,4.0,2
B00EJNXMV8,5.0,2
B00HAQWM7G,5.0,2
B00DATYE28,5.0,2
B002QEFO8Q,5.0,2
B00EJMP2OY,5.0,2
B00GW51V0A,5.0,2
B001KYQRKW,4.5,2
B002QEHC0E,5.0,2
B001KYQOFU,4.0,2
B002QELOCQ,5.0,2
B000RIEYHK,4.5,2
B000NIF05O,5.0,2
B002QF325C,5.0,2
B000NIAEX2,5.0,2
B00HAQTIKK,4.5,2
B002QG71N0,5.0,2
B00DAXVWC4,5.0,2
B00DAVRUCW,4.5,2
B002QGUT66,5.0,2
B000NI1HJW,4.5,2
B002QHK03M,5.0,2
B002PN2AZI,4.0,2
B00EIJQ5MG,4.5,2
B00EHM0BFG,5.0,2
B001LFM3A8,5.0,2
B001LFLV24,5.0,2
B001LFLOVC,5.0,2
B000NN7G4M,5.0,2
B00GWO2L2S,5.0,2
B002NX0T0S,5.0,2
B001LFJPKO,5.0,2
B000NN70IO,5.0,2
B00EHKEOLK,5.0,2
B002NY9BOC,5.0,2
B000NN5HCK,5.0,2
B00H9RWMMQ,5.0,2
B000R982GI,5.0,2
B00EHKTNLG,5.0,2
B000R98Q4Q,5.0,2
B002NYPTOI,4.0,2
B00DF0PX5Y,4.0,2
B00DEZPGV6,5.0,2
B00H9T3ASE,5.0,2
B002NWQ4US,4.5,2
B00DF6SI5U,5.0,2
B00EHE75Y4,4.5,2
B000NNCA4S,4.0,2
B001LIFYPG,4.0,2
B000R94Q1I,4.5,2
B002NS5HRS,4.5,2
B002NSDMT8,5.0,2
B002NTC9T6,5.0,2
B00DFBAFWO,5.0,2
B00EHIQZX2,5.0,2
B00DF6Z4IO,4.5,2
B001LGELSY,4.0,2
B001LGE9E0,4.0,2
B002NU7BU2,4.5,2
B002NUUIDO,4.0,2
B002NV14AE,5.0,2
B002NVA1YY,4.5,2
B001LG9ZM6,4.0,2
B00EHLFTVS,4.5,2
B002O04EU6,4.5,2
B00DEYA7KW,4.5,2
B002OCK85O,5.0,2
B002OD1DJS,4.0,2
B002ODHEQO,5.0,2
B001LF4E3W,5.0,2
B00DEMW6B2,5.0,2
B00GWH1QEY,4.5,2
B00DEJWA2A,5.0,2
B001LF4DLU,5.0,2
B000NLS9QS,5.0,2
B00DEJW5VQ,5.0,2
B00DEJS95W,5.0,2
B00DEIQQM6,4.0,2
B001LF4DKG,5.0,2
B002OG43SI,5.0,2
B002OG5HTM,4.0,2
B001LF4D3I,5.0,2
B002OGGFTS,5.0,2
B001LF61QA,5.0,2
B000R9J44C,5.0,2
B001LFA026,5.0,2
B001LFDU00,4.5,2
B002O071OW,5.0,2
B000R9CAPW,4.5,2
B001LFFMAG,5.0,2
B00DEWY1JM,4.5,2
B000R9DBQ4,5.0,2
B002O19PYU,5.0,2
B001LFENF6,4.0,2
B002O4UG18,5.0,2
B001LFCZN8,4.5,2
B002OC5SZ4,5.0,2
B00GWJRB64,5.0,2
B002O6QCD2,4.5,2
B00DEP06CK,4.5,2
B001LFB9L2,4.5,2
B001LFB6RE,5.0,2
B002NRQ9B2,4.0,2
B001L13KHW,5.0,2
B002NH6MCI,5.0,2
B002NDPPB6,5.0,2
B002NE6C3K,5.0,2
B000R90QFS,5.0,2
B001LNOEUW,5.0,2
B001LNOEUC,4.0,2
B00EGSSDKG,4.5,2
B000R90R52,5.0,2
B00EGSWQ22,5.0,2
B000R90TXC,5.0,2
B00H9M0ORQ,5.0,2
B000NNPJWI,5.0,2
B00GWSJCX0,5.0,2
B000NNNCJ0,5.0,2
B000NNNB2I,4.0,2
B000NNMNKE,5.0,2
B00DFQPUWO,4.0,2
B002NH0UYY,4.0,2
B001LNOECA,5.0,2
B002NDP4GC,5.0,2
B000R90PFY,5.0,2
B001LP6EN0,4.0,2
B001LQH8IE,5.0,2
B00DG0YII6,5.0,2
B000R900X6,5.0,2
B001LQ9PWQ,5.0,2
B002NCNQIG,5.0,2
B00EGQSJX4,5.0,2
B000NO4MZM,4.5,2
B001LPNWAI,5.0,2
B002NCP8OQ,5.0,2
B002NCPB7A,4.5,2
B000R90OUA,5.0,2
B001LOZJKK,5.0,2
B002NCR29K,5.0,2
B00EGS6A1A,4.0,2
B000NNYR8U,4.0,2
B002NCTFBS,4.5,2
B001LOQ0US,5.0,2
B001LO9I3O,5.0,2
B002NCVM1Y,5.0,2
B002NDEOCW,5.0,2
B000NNLF2Q,4.5,2
B00DFQPLY6,4.0,2
B00H9MTO6I,4.0,2
B001LMUQDM,5.0,2
B001LMTG6K,5.0,2
B000R92Y58,4.5,2
B001LKB0NY,4.0,2
B00GWRXVYM,5.0,2
B001LK48P6,5.0,2
B000R94O5G,5.0,2
B001LJO122,5.0,2
B00DFMEEOI,5.0,2
B00DFKE968,5.0,2
B00DFK0AYI,5.0,2
B002NNYKE4,4.5,2
B001LJHUQQ,4.5,2
B001LIZD84,5.0,2
B001LIXWH8,4.0,2
B00DFI5KFO,4.0,2
B002NPCD7I,4.0,2
B002NPCD7S,4.0,2
B001LNOCTA,5.0,2
B002NKMGAC,4.5,2
B002NH8P6O,4.5,2
B002NHA076,5.0,2
B00EGY15CI,5.0,2
B000NNJUVE,4.5,2
B002NIWZ5U,5.0,2
B001LNOE7U,5.0,2
B000NNJPLY,4.5,2
B00EGY9AKM,5.0,2
B000NNJPIC,5.0,2
B002NJ5CKY,4.0,2
B001LNODUS,5.0,2
B000R92VM4,5.0,2
B000NNJPAK,4.5,2
B002NK9I7Q,5.0,2
B002NKM82I,4.0,2
B000R92VGK,4.0,2
B00DFQMUZO,5.0,2
B001LF4CYI,5.0,2
B002PCL7HG,5.0,2
B00EI4QCBA,4.0,2
B002PA2WYU,4.5,2
B001L4CAV6,4.5,2
B00HA1CMRQ,5.0,2
B00EI4W4NU,5.0,2
B000NJJF7W,5.0,2
B000NJJF7M,5.0,2
B00DDLQEA8,4.5,2
B000NJJDMY,4.5,2
B00GWF4CUQ,5.0,2
B00HA2NO4U,5.0,2
B000RC544S,5.0,2
B001L42BY2,5.0,2
B000NJJDBU,5.0,2
B000RC7WFW,4.0,2
B002PBHQEK,5.0,2
B000NJJBTO,5.0,2
B000RCRELO,5.0,2
B002P9SOPM,5.0,2
B001L4JHJY,5.0,2
B001L4JKMS,4.5,2
B00HA15GT2,5.0,2
B001L7HXQA,5.0,2
B001L7ER0K,5.0,2
B002P5EXEW,5.0,2
B00DDSDCME,5.0,2
B00DDS4L7O,5.0,2
B002P5THWA,4.0,2
B001L6OAD0,4.0,2
B000NJXVFO,4.0,2
B001L6MLTU,5.0,2
B00DDQVWBO,4.0,2
B001L6KY1M,5.0,2
B00DDQVTU8,4.0,2
B002P65YY4,4.0,2
B002P7QA0U,4.5,2
B001L4QHAG,4.0,2
B00DDMJ1I4,5.0,2
B002P9AP6I,4.0,2
B000NJMSFS,4.5,2
B002PCL11I,4.5,2
B00DDK4VKY,5.0,2
B00EHRJRSS,5.0,2
B00DD9JNZI,5.0,2
B002PJ8GZK,5.0,2
B00EIG021O,5.0,2
B001L27JVO,5.0,2
B001L26FNM,5.0,2
B001L24N90,4.5,2
B000NJHQ0U,5.0,2
B00EIH1S8O,5.0,2
B001L1VUSS,4.5,2
B000NJHPRO,4.0,2
B00DD95AB4,5.0,2
B00EIHYKVG,5.0,2
B002PLDX60,5.0,2
B000RE7IEU,4.5,2
B002PM25I6,5.0,2
B001L151PQ,5.0,2
B00DD6AN32,4.5,2
B00DDA3I6C,4.0,2
B002PIKCQ2,5.0,2
B002PEXHDG,4.5,2
B002PDCY22,5.0,2
B00DDI39AY,4.5,2
B001L3ZH76,5.0,2
B002PEEQY0,4.0,2
B00EI5HXHQ,5.0,2
B002PEH3HW,5.0,2
B00DDDDOI6,5.0,2
B002PF1RJ6,5.0,2
B00DDAWK98,5.0,2
B002PHX972,5.0,2
B001L2IR2Y,4.5,2
B001L2IH1U,5.0,2
B000NJHRZE,5.0,2
B002PI49NO,5.0,2
B001L2F4OI,4.5,2
B002P4WH32,5.0,2
B002P4OU5K,5.0,2
B00DDTS9RQ,5.0,2
B00DDTVS1A,4.5,2
B001LDKWNK,5.0,2
B002ONBHEY,4.0,2
B002ONEN2W,5.0,2
B002ONLIOI,5.0,2
B00HA0YIRY,4.5,2
B00EHRLNF8,4.5,2
B002ONRS3I,5.0,2
B002ONRZK4,5.0,2
B002ONUJ4I,4.0,2
B00DE66FSI,5.0,2
B002OOEBNW,5.0,2
B00EHSO994,4.5,2
B002OOM1NY,4.0,2
B00DE1E3GY,5.0,2
B001LBVX9O,5.0,2
B001LBU8A4,5.0,2
B002OLR330,4.5,2
B001LDPFO6,5.0,2
B000NLFJEI,5.0,2
B002OID36Y,4.5,2
B002OHD9UK,5.0,2
B002OHE5YE,5.0,2
B00DEG33QA,5.0,2
B002OHOXMS,5.0,2
B000RAA7CY,4.5,2
B001LF4B8U,4.5,2
B00DECM4TQ,4.5,2
B002OILC6W,5.0,2
B002OLD2E4,5.0,2
B001LF4B30,5.0,2
B002OJBILA,4.5,2
B001LF4AZE,4.0,2
B00DEA6KTS,4.5,2
B002OJJ7XG,4.0,2
B002OJN42Q,4.5,2
B002OK0EWI,4.5,2
B002OKBOUO,4.5,2
B001LESVAU,4.5,2
B00DE0EM2A,5.0,2
B002OS9OZ8,4.0,2
B001LBU11K,4.5,2
B00EI3K4Z6,5.0,2
B000NKE97M,4.0,2
B001LA37WG,4.0,2
B001L9FYMS,5.0,2
B00GWF9S5U,5.0,2
B001L8FBA4,4.5,2
B00DDWKI8Q,4.5,2
B00DDVJ11W,4.0,2
B000NKE986,5.0,2
B000NKBBAU,5.0,2
B002P31N92,5.0,2
B002P31S2O,5.0,2
B00EI3KAXM,5.0,2
B00EI3KJ60,5.0,2
B00DDU4CTO,5.0,2
B002OSBS20,4.0,2
B002OTKMBM,5.0,2
B00DE0D0QE,4.0,2
B002OSQFXM,4.5,2
B002OSS8VE,5.0,2
B002OSUE5W,5.0,2
B001LBTX82,5.0,2
B00DDZA4BO,5.0,2
B002OSZHJ0,5.0,2
B002OTP7XU,5.0,2
B002OTPPLY,4.0,2
B00DDYPUYQ,4.0,2
B002OU1Y8G,4.0,2
B002OU4FJQ,4.5,2
B002OUGDZ0,4.5,2
B00CBLCYDW,4.0,2
B000ULP8EC,5.0,2
B0019CY4EQ,5.0,2
B00BSDS0EG,5.0,2
B004616MCE,5.0,2
B00FU4CMD4,5.0,2
B000GCUHJG,5.0,2
B0013CX4P2,5.0,2
B00461K2DE,5.0,2
B00BSE02RS,5.0,2
B00462KFSU,5.0,2
B00462VBII,5.0,2
B00BSD8O9C,4.0,2
B00BSD7RNQ,4.0,2
B00462Z7EC,5.0,2
B00FU57WVA,5.0,2
B00BSBEGSW,5.0,2
B00BSB44NY,5.0,2
B0013CTWDU,4.0,2
B000GCUCAU,5.0,2
B0046103Y2,4.5,2
B000GCTH10,5.0,2
B000W9IGVY,4.5,2
B00BSE1R5Y,5.0,2
B0045XR0LK,5.0,2
B0045XRG28,5.0,2
B0013DF2BK,4.5,2
B00BSE1ITY,5.0,2
B00FU2GPKW,5.0,2
B000W9IRJA,4.5,2
B00FU2BQCE,4.5,2
B00FU2C1FA,5.0,2
B0045ZU6V4,5.0,2
B00FU2FHB0,4.0,2
B00BSE0KNO,5.0,2
B00464E3VS,4.5,2
B00BS9VPD8,4.5,2
B00BSE1S9O,5.0,2
B00BS5C0SG,5.0,2
B000GCT0QM,4.5,2
B00BS83258,5.0,2
B000GCT0EE,5.0,2
B0013C86Q4,5.0,2
B00467EJC8,4.5,2
B00FU5CG1G,5.0,2
B0013C5HNY,4.5,2
B0013CAJVY,5.0,2
B00BS58IUA,5.0,2
B000GCSWXY,4.5,2
B00468JHN8,4.5,2
B00468OKH6,5.0,2
B004697F2W,5.0,2
B000GCRBIG,5.0,2
B000GCRBCW,5.0,2
B00FU5FV0E,5.0,2
B0046754FO,5.0,2
B0013CTO3S,4.5,2
B0013CN8LW,4.5,2
B0013CT4NS,5.0,2
B00464GF8C,5.0,2
B00BS9S3UG,5.0,2
B000W9JNQ6,5.0,2
B00BS9QDW6,4.5,2
B00BS9Q5B0,4.5,2
B00BS9L31M,4.0,2
B0013CRXGI,5.0,2
B00I2WMCU4,4.5,2
B00BS9KCXM,4.0,2
B000GCTAH6,4.5,2
B00I2VFDJ2,5.0,2
B0013CB490,5.0,2
B00I2VZ80G,4.0,2
B0045WZANQ,5.0,2
B0045WRVGK,5.0,2
B003ZJOJ5U,4.5,2
B0045SNI3E,5.0,2
B00BSEL2H2,4.5,2
B0013FCR2U,5.0,2
B000W9GFP8,5.0,2
B0045R9MJO,4.5,2
B0013ER67C,4.0,2
B0045SJ6IK,5.0,2
B00BSE5NYK,5.0,2
B0013FDWS8,4.0,2
B0013EP6ZQ,5.0,2
B0045SS45Q,4.5,2
B00BSE4KEY,5.0,2
B0013EP6S8,4.5,2
B00FTGXWS2,5.0,2
B0013EM7GW,5.0,2
B00BSE3YV4,4.5,2
B00BSEV2QI,5.0,2
B00BSFMT6E,5.0,2
B0013EM71M,4.5,2
B000GCWFGE,4.0,2
B000W9BZG2,5.0,2
B0045LUFJQ,5.0,2
B0045LYH36,5.0,2
B00FT8TTG4,4.5,2
B0045MHJPI,5.0,2
B00GI07234,5.0,2
B0045MMX2M,5.0,2
B0013FDYV8,5.0,2
B0013FFVKA,4.0,2
B0045O144I,4.0,2
B00GI06Z8M,5.0,2
B00FT9WZYG,5.0,2
B00BSFZBTG,5.0,2
B0045P4ZH0,5.0,2
B000GCW2JE,4.5,2
B000GCV37Q,5.0,2
B0045W1EUO,4.5,2
B000GCVVZ0,5.0,2
B000GCV49S,4.0,2
B00I2OU844,5.0,2
B0013EGTNE,4.0,2
B0045W3BQY,4.0,2
B000W9HDZY,4.5,2
B0045W8D6W,4.5,2
B0013EF2GY,4.5,2
B000GCV114,5.0,2
B00FTY7ELK,5.0,2
B0013EF1TC,5.0,2
B00BSE2D66,4.0,2
B00FU1YQX6,5.0,2
B0045WG3DC,5.0,2
B00FU1ZG3U,5.0,2
B0013EBL50,5.0,2
B0045WLWDI,5.0,2
B00FU22DN0,5.0,2
B0045WMWOQ,5.0,2
B00BSE3M98,4.5,2
B00BSE3BVM,5.0,2
B0013ELENE,4.0,2
B00FTJXKZE,5.0,2
B0013EKSYA,5.0,2
B00BSE3I6U,5.0,2
B0045V3UFM,4.0,2
B0013EKQ8S,5.0,2
B00FTKSHWE,4.5,2
B0013EKOQW,5.0,2
B000GCW10Y,5.0,2
B0045VW69I,5.0,2
B0013EIX8I,5.0,2
B000GCVYKC,4.0,2
B0013EIV7Q,4.5,2
B00FTUSCHO,4.5,2
B00FTV11G2,5.0,2
B0013EGVGE,5.0,2
B0013BK0PA,5.0,2
B00BS41IIA,5.0,2
B0013BI2PU,4.5,2
B00BRI97S0,5.0,2
B0046MGXOU,4.0,2
B00BRJGKO8,5.0,2
B00I3A88EO,5.0,2
B00GHSE6KY,4.0,2
B00FU70MCY,4.5,2
B00GHQMWMU,5.0,2
B0046MKIVO,5.0,2
B00I3AWYQC,4.0,2
B000W9VXFU,4.5,2
B0046MM3XK,5.0,2
B00GHO8RDK,5.0,2
B0046N2LMC,5.0,2
B000WA33JI,5.0,2
B0046N4XEQ,4.0,2
B0046NAQLK,4.5,2
B000GARX4K,4.0,2
B000W9U18K,4.5,2
B00FU78S8E,5.0,2
B00139R0O6,4.5,2
B00139R0MI,5.0,2
B00139QREU,5.0,2
B00139P1OM,5.0,2
B00I38EYQW,4.5,2
B00FU6U5S6,5.0,2
B000GC0N3Q,5.0,2
B00I391E0K,5.0,2
B0046KQMIO,4.0,2
B000W9TDA2,5.0,2
B000W9TQ40,5.0,2
B0046M6L4M,5.0,2
B0046MEVMG,4.0,2
B0046NC0QO,5.0,2
B0046NEQGQ,5.0,2
B0046B861O,4.5,2
B00138N2EO,5.0,2
B000WAVASY,4.0,2
B0013897OS,4.5,2
B00I3HMHS0,5.0,2
B0046R2NY4,4.5,2
B001387RMC,5.0,2
B001383J2Y,4.5,2
B0046SIXSS,5.0,2
B0046U35FW,5.0,2
B000WAYDDI,4.5,2
B000GAP3D8,4.5,2
B000GAO98I,5.0,2
B00137ND08,5.0,2
B000WA3TTM,5.0,2
B001390LXS,4.5,2
B000GAQS6O,4.5,2
B0046OB1SG,5.0,2
B000GAQ8Z0,4.5,2
B0046ONMOW,5.0,2
B0046OPWDQ,4.5,2
B0046QBTA4,5.0,2
B000GAPH20,4.5,2
B0046QLZGM,4.5,2
B00BRADEKK,5.0,2
B000WARHDQ,5.0,2
B00138T97S,4.5,2
B00BRA3NYW,5.0,2
B0046KKW3A,4.0,2
B00BRMI3JK,5.0,2
B000GC9K80,5.0,2
B0013B69U0,4.0,2
B0013B53DY,5.0,2
B00I304QAY,5.0,2
B0013B2NZU,5.0,2
B00I308XL2,5.0,2
B000GCP1KG,4.0,2
B0013B69Y6,5.0,2
B000GCOW06,5.0,2
B000GCNE50,5.0,2
B00BRW9NBC,5.0,2
B0046H6VQ0,5.0,2
B00I32E738,4.0,2
B0013AYVKQ,5.0,2
B0046HF4AY,5.0,2
B00I32NI7O,4.5,2
B0046HFGU2,4.5,2
B00BS3MGUA,5.0,2
B0046BV0N0,5.0,2
B00BS320AG,4.5,2
B0046CK0T4,5.0,2
B0046CQQWO,4.5,2
B0046CZG02,4.5,2
B0013BI2PA,5.0,2
B0046D1YJ8,4.0,2
B0013BD0E8,4.5,2
B0046D3EAK,4.5,2
B000GCR2SK,5.0,2
B000GCR06Y,5.0,2
B0046DD0N6,4.0,2
B0046DD1EE,5.0,2
B0046DHQ4K,5.0,2
B0046HG2MI,5.0,2
B00BRVS1HK,5.0,2
B00I32PQ8I,5.0,2
B000W9QX8W,5.0,2
B0046JDIIW,5.0,2
B0046JJMJG,5.0,2
B0013A51V4,4.5,2
B0046JMHJ8,5.0,2
B0013A27L6,5.0,2
B0013A1Z6O,5.0,2
B0046KAHBM,5.0,2
B0046KG0TK,4.0,2
B000GCLC7C,5.0,2
B000GCHLVS,4.5,2
B000GCHKIW,5.0,2
B00FU6SBR8,4.5,2
B00139YIAK,5.0,2
B00I33ZOW0,4.5,2
B0046KHHMY,5.0,2
B00BRMN23C,5.0,2
B0046IZKUC,4.5,2
B00GHUZDFO,5.0,2
B0046IXOTQ,5.0,2
B000GCLBUU,5.0,2
B00I33SLA2,5.0,2
B0046HN29E,5.0,2
B0046HOI4W,4.5,2
B0046HS83O,4.5,2
B000GCKDRW,5.0,2
B000W9N3E4,5.0,2
B00BRTIPEQ,5.0,2
B000W9NY3Y,5.0,2
B0046IL0CY,5.0,2
B0046IL29A,5.0,2
B00GHV0Q5A,5.0,2
B00FSZR4OM,5.0,2
B00I2E644M,4.0,2
B0013FHED2,4.5,2
B000GEWCAG,5.0,2
B0044FIVXU,4.0,2
B0044FLWPE,5.0,2
B0044FOLUW,5.0,2
B000GEWA26,5.0,2
B0013NQLT2,4.0,2
B0044FX03G,5.0,2
B0044GAONE,4.5,2
B0044FDSI8,4.0,2
B0044GF7SG,4.5,2
B00I1M7T3U,5.0,2
B0044ICB88,4.0,2
B0044IF3ME,5.0,2
B00BTKUDQ6,5.0,2
B00BTKSRVY,4.5,2
B0013NFXEQ,5.0,2
B00GI25RNO,4.0,2
B00BTMD8GG,4.5,2
B0013NE28Y,4.0,2
B0013OJUZI,5.0,2
B00BTNNTIW,4.5,2
B0044B96MY,4.5,2
B00BTNBBSM,5.0,2
B0013OXB4O,5.0,2
B0013OX76G,4.0,2
B000GEZTLK,5.0,2
B0044DYDAC,5.0,2
B0044E01IO,5.0,2
B0044E3UTG,4.5,2
B0044EAC38,5.0,2
B00GI2CK8Y,5.0,2
B0044EE518,5.0,2
B0044EFG0W,5.0,2
B0044EFIXM,4.0,2
B0044EHQZA,4.0,2
B0044ELBTW,4.0,2
B00FS1NO3G,4.0,2
B000W7K9FC,5.0,2
B0044ES5OG,5.0,2
B0013NE3CY,5.0,2
B0044LHJGY,5.0,2
B0044USNSI,5.0,2
B0013N48II,5.0,2
B00BTHQPRA,5.0,2
B000GEGG12,5.0,2
B0044TLYSK,4.0,2
B00GI21R1K,4.0,2
B000GEGFK4,5.0,2
B0044U0S0O,5.0,2
B000W7YF5M,5.0,2
B0013N1RE6,5.0,2
B00BTHQGYW,5.0,2
B0044UCM5I,5.0,2
B000GEGEOQ,4.0,2
B00BTHQQRO,5.0,2
B000W7QZMI,5.0,2
B0044MRJQI,5.0,2
B0013NE10S,5.0,2
B00FS3FWCA,5.0,2
B0013ND596,5.0,2
B0044LT9RQ,4.0,2
B00BTJKOL6,5.0,2
B00FS3FWCK,5.0,2
B0044MLPNQ,4.0,2
B000W7O46W,5.0,2
B00GI22BHY,4.5,2
B0044MROAE,5.0,2
B0013N8X02,5.0,2
B0044N49W4,5.0,2
B0013NBW9Q,4.0,2
B0044N993S,5.0,2
B00GI21VOI,4.5,2
B0013NB6DI,5.0,2
B000GEOZ4M,5.0,2
B0044B7V2G,4.5,2
B0013P7072,4.5,2
B00443F1XK,5.0,2
B0013T4EIQ,4.0,2
B00442XFU2,5.0,2
B0044319CM,5.0,2
B004436OI6,4.5,2
B0044172WK,5.0,2
B0013T3BKS,5.0,2
B00FRSRS4Q,5.0,2
B00443I34Y,4.5,2
B00443JB3Q,5.0,2
B00443PD42,5.0,2
B00443Q7S8,5.0,2
B00BTWB3Z4,4.5,2
B0013SQPU2,5.0,2
B00443TU64,5.0,2
B00BTWB2Y6,5.0,2
B00GI6DSMC,5.0,2
B0013PK3KS,4.0,2
B000GG0VUW,5.0,2
B0013TN7T8,4.5,2
B000W75WW2,5.0,2
B0013TLLA0,4.5,2
B00BTZR7A6,5.0,2
B000W77YMS,4.0,2
B0043Z9PTU,5.0,2
B00440ZTO4,5.0,2
B00BTYODYA,4.5,2
B000GG0N9Q,4.0,2
B000GG0BJS,4.5,2
B004414B9W,4.5,2
B004415I7G,4.0,2
B00I1H2Y5I,5.0,2
B0013SOLYO,5.0,2
B00FS15H9U,5.0,2
B00BTQRZF2,4.0,2
B004494OKU,4.5,2
B004496IKO,5.0,2
B00FS0TDIW,5.0,2
B004498IIE,4.0,2
B004498SKC,5.0,2
B00BTQQ8HI,4.5,2
B00BTPPVH2,5.0,2
B00449OIF6,5.0,2
B000W7G5F0,5.0,2
B000GF1GG6,5.0,2
B00BTO3KXA,4.5,2
B0013PUN1W,4.5,2
B0044B18K2,4.0,2
B00BTNYYZ4,5.0,2
B0013RP8KQ,5.0,2
B00447RAMQ,5.0,2
B00BTWB138,5.0,2
B00BTV6QAC,4.5,2
B00444OGOY,4.5,2
B004452NMA,5.0,2
B0013SJC8E,5.0,2
B00FRYXGDM,5.0,2
B00GI43HNY,4.0,2
B000W7BX66,5.0,2
B000GFCO3K,5.0,2
B0013RUBDK,5.0,2
B0044USE14,4.0,2
B0045LG97S,4.0,2
B0013GMDVE,4.0,2
B000GCY224,4.5,2
B0013H8JNE,5.0,2
B00BSY784I,4.0,2
B00BSY0SO0,5.0,2
B000GCXYLY,4.0,2
B000GCXY1O,5.0,2
B000GCXXEM,4.5,2
B00BSXYL6C,5.0,2
B00BSYTGLQ,4.0,2
B000GCXVBM,4.0,2
B0045HCLOM,5.0,2
B00FSBOSAO,5.0,2
B000W91LPW,5.0,2
B0013GDHC8,5.0,2
B00BSXQE4E,4.5,2
B0013HF8NI,5.0,2
B0045JNRIY,4.0,2
B0013IP80A,4.5,2
B00459DDVK,4.5,2
B0045D66WE,5.0,2
B0013J46JI,5.0,2
B0045DBYLW,4.5,2
B0045DEE6E,4.0,2
B0013ISWGW,5.0,2
B0045F0JKW,5.0,2
B0045DPMQ0,4.5,2
B000GCZYXA,5.0,2
B0013IFQTS,5.0,2
B0045E9HT2,5.0,2
B000GCZYMQ,5.0,2
B00FSBLFQ4,5.0,2
B00BSXNT6U,5.0,2
B0045K61HM,4.5,2
B0044UX1S0,5.0,2
B0013FKYK2,5.0,2
B0045KFZS8,5.0,2
B00FSOTBOE,4.0,2
B000GCWP6Y,5.0,2
B0013FKZFQ,5.0,2
B0045KI8Q4,5.0,2
B00BSPIOS6,5.0,2
B0045KITDG,5.0,2
B0045KYPRK,4.5,2
B0045L6R6G,5.0,2
B000GCWKHI,4.5,2
B0013FIUYE,4.5,2
B00GI07978,5.0,2
B0013FKYTI,4.5,2
B0013G6XMY,5.0,2
B0045K6YOC,4.0,2
B00FSBWL4Y,5.0,2
B000W93UDS,5.0,2
B0013G4QEG,4.5,2
B00FSD5VBC,5.0,2
B00FSD608A,5.0,2
B0013FWLAI,4.0,2
B0045KB6B8,5.0,2
B00BSWEZ1Y,5.0,2
B0045KE17E,5.0,2
B0045KBGAE,5.0,2
B00FSHLBT4,5.0,2
B00FSJFZNK,4.0,2
B0045KBYTW,4.5,2
B000GCWPMS,5.0,2
B00BSUZ1RS,4.0,2
B0045KCHHA,5.0,2
B0045KCJH8,4.0,2
B0045KD3K0,4.5,2
B0045KDZAI,5.0,2
B00BSZS5K8,5.0,2
B00459670E,5.0,2
B00450FPWE,5.0,2
B0013LW4TA,5.0,2
B0044Z9PV2,5.0,2
B0013LUPQY,4.0,2
B0013LUL4K,5.0,2
B000W8BOZ0,5.0,2
B000GEETDO,5.0,2
B0013LKZZA,5.0,2
B00FS6PV4Q,5.0,2
B00450HEQO,5.0,2
B0013LJNXK,4.0,2
B0013LD2BO,5.0,2
B0013LCC8I,4.0,2
B000GED3UO,4.5,2
B000GED386,5.0,2
B0013LAQXG,5.0,2
B000GE8T8K,5.0,2
B00450OEIU,5.0,2
B000W89YCK,4.5,2
B0044V1802,4.0,2
B000W7Z7XG,5.0,2
B0013MXB7S,5.0,2
B0044VFVFA,5.0,2
B0013MVLUC,5.0,2
B0044VLX2A,4.5,2
B0044XJL9A,5.0,2
B00BTFYU6A,4.0,2
B000GEEUVK,5.0,2
B0044VQJ4M,4.5,2
B00BTFBILU,5.0,2
B0013MC6P6,4.0,2
B0044WTUQK,4.5,2
B00I1W2G24,4.5,2
B00450QIWA,5.0,2
B000GDTOK8,5.0,2
B00454W6XG,4.5,2
B000GDC4L4,5.0,2
B000W8N0YS,5.0,2
B00455J5FC,4.0,2
B00455KI44,4.0,2
B00BT0XIQ8,4.0,2
B000W8NDJ0,5.0,2
B00455XD46,4.0,2
B000GDC4IW,4.5,2
B00455YYHQ,4.5,2
B004561PJK,4.5,2
B0013JSAQI,5.0,2
B0013JRSVG,5.0,2
B00GI0LMTO,4.0,2
B004579YSI,5.0,2
B0013JN5Y0,4.0,2
B0013K5Y70,5.0,2
B000W8LRZM,5.0,2
B00BT21YVM,4.5,2
B004513XUO,4.5,2
B004513YJE,5.0,2
B004518YXK,5.0,2
B0013L5GG8,5.0,2
B000W8J09M,5.0,2
B000W8J2KO,5.0,2
B00452QCRO,5.0,2
B00452XKEC,5.0,2
B0013KIOXG,5.0,2
B0013KGTCO,5.0,2
B000GDDKKI,5.0,2
B004534A8G,5.0,2
B0045369LM,4.0,2
B00BT4RQD0,5.0,2
B00453EHJI,5.0,2
B0013KA0BU,5.0,2
B00GI0PKCY,5.0,2
B000GACZN4,5.0,2
B000WB923I,5.0,2
B0049DGYPO,4.0,2
B0049CABCC,4.0,2
B0049CDMMS,5.0,2
B0049CGLXK,5.0,2
B0012RT3OE,4.5,2
B0012RT13M,5.0,2
B00FX2ODJY,4.0,2
B00BPN2T2I,5.0,2
B0012RT0A6,5.0,2
B0049DMJVW,5.0,2
B000FU7AYO,4.5,2
B00BPN2KFY,4.0,2
B0049DP6US,4.0,2
B00I4JG2X8,5.0,2
B00BPN2K7W,5.0,2
B0012RSXYU,4.0,2
B000FU0M3K,5.0,2
B0012RSWE6,4.0,2
B0049F9XLE,4.5,2
B0049BZJF2,4.5,2
B0049BPUUQ,4.5,2
B0012RUK00,5.0,2
B00BPPJ59G,4.0,2
B00494M99I,4.0,2
B00494XPBY,5.0,2
B00494ZC0G,5.0,2
B00BPPHLCO,4.5,2
B000WH31EI,4.5,2
B00495MHFS,5.0,2
B000FV49GA,4.0,2
B00FX0OUPS,5.0,2
B00I4GWXEI,4.0,2
B00BPORRX8,4.5,2
B00GGQDL7Q,5.0,2
B0012RT8GW,5.0,2
B0049AYRXI,5.0,2
B0049FCV5O,4.0,2
B00BPMVBX2,4.5,2
B0049S7C32,5.0,2
B0049QV3KC,4.5,2
B0049P5G1K,5.0,2
B0012RGKOU,5.0,2
B0012REP0G,5.0,2
B0012RD0LG,5.0,2
B00BPJNUB6,5.0,2
B000FTTFN4,5.0,2
B0049PLFVA,5.0,2
B000FTTFEI,4.0,2
B0012QW0B8,4.5,2
B00FX3Y3ZM,5.0,2
B0049QWSFQ,5.0,2
B00BPILSAW,4.5,2
B0049QYLGA,5.0,2
B0049QYOYE,5.0,2
B0049RCFSA,4.5,2
B0049RDCHI,4.0,2
B0012QSZJ4,4.5,2
B0012QPHQS,5.0,2
B0012RQX3S,4.0,2
B0049IAKA4,5.0,2
B0012RR5TO,4.5,2
B00BPMUDS6,4.5,2
B0049IWPFC,4.0,2
B00GGPABR0,4.5,2
B0049J6XV8,5.0,2
B00FX2ZDZW,4.0,2
B0049JBW78,4.5,2
B00BPMH75S,4.5,2
B000FTUZJ2,4.5,2
B0049KP8YK,5.0,2
B00I4QSNOC,4.5,2
B00BPMCPC8,4.5,2
B0012RQZWM,4.5,2
B00FX3FXRO,5.0,2
B00BPPJ9P6,5.0,2
B0049495SG,4.0,2
B00FWYW0O8,5.0,2
B0048JJ0CI,5.0,2
B0048IIU34,4.5,2
B0048IKQW2,5.0,2
B000WGA5MU,4.0,2
B000WGA7OQ,5.0,2
B000WGARFA,5.0,2
B0012RYBBO,5.0,2
B0048J56D0,5.0,2
B0048JBSF0,4.0,2
B0048JWY1C,5.0,2
B000FVUEGY,5.0,2
B00GGU1LJM,5.0,2
B00BPX2NHE,4.5,2
B00I4CDQK2,5.0,2
B0048KKBHK,4.5,2
B0012RXTWQ,5.0,2
B000WGBT5M,5.0,2
B0048M37F6,5.0,2
B0048NHPNU,4.5,2
B0012RYEOS,4.5,2
B000FV7BP6,5.0,2
B00BQ0F9J0,4.5,2
B00BQ0EJSC,4.5,2
B00BPZI7FY,4.0,2
B00BPZCH2I,4.5,2
B00BPZ6ZEO,4.5,2
B0012RZY5Q,4.5,2
B00BPYWK6M,4.5,2
B000WG9Y4A,5.0,2
B0012RZSMA,5.0,2
B0048FXXE8,5.0,2
B00I4BV39Y,4.5,2
B0012RYFHO,5.0,2
B0048GIM02,5.0,2
B00BPYF6XG,5.0,2
B0048NLK68,5.0,2
B0048NRDSC,4.0,2
B000WGD8BU,5.0,2
B000WGSE14,4.5,2
B0012RWU2Q,5.0,2
B00FWVI01S,4.5,2
B0012RWQC0,4.5,2
B000FVAWNY,5.0,2
B0048WSJH2,4.5,2
B0048WSNYQ,4.5,2
B000WGMWB2,5.0,2
B0048WV2XA,5.0,2
B0012RV6CQ,4.5,2
B00BPPKNK6,5.0,2
B0012RV5RW,4.5,2
B000WH1ZNC,5.0,2
B00FWY1P62,4.0,2
B0012RX5WA,5.0,2
B00I4DAHSK,4.5,2
B0012RX7I2,5.0,2
B00FWVEV9S,5.0,2
B00BPU6GC0,4.5,2
B0048NUTFG,4.5,2
B00BPU5ZD6,4.5,2
B0048NUTKG,5.0,2
B0048NVVUS,5.0,2
B000FVDYBQ,4.5,2
B0048NWD5A,5.0,2
B0048NWD5U,4.5,2
B00GGRDOSG,4.5,2
B0048NWD78,5.0,2
B00BPU4WJO,5.0,2
B0048NZHVC,5.0,2
B00BPS1HRQ,4.0,2
B0048PRM2C,4.5,2
B00BPRWO2E,4.0,2
B0012QPHBI,5.0,2
B000FVZORI,4.5,2
B004AB56YA,5.0,2
B000WITW7C,4.0,2
B004A9XC2K,5.0,2
B004A9Z138,5.0,2
B000FSB010,5.0,2
B004AA8HEC,5.0,2
B000FS1W5E,4.5,2
B0012MWVLQ,4.0,2
B000WIXH6Y,5.0,2
B00GGL2LXQ,5.0,2
B00BP4KB5E,5.0,2
B004ACJCY4,5.0,2
B0012MCATE,5.0,2
B0012M4TZC,5.0,2
B0012M4P42,4.0,2
B00BP2WVJA,5.0,2
B004AGG8CY,4.0,2
B00BP7J2JM,4.5,2
B004AGIVNS,4.5,2
B004A83RGM,5.0,2
B004A7BPKS,4.0,2
B000WIIME6,5.0,2
B004A7UUNQ,5.0,2
B00BPBBDXG,4.5,2
B000FT77VG,4.5,2
B00FXJ1SIG,5.0,2
B004A82RBS,5.0,2
B00BP7JB8Y,4.5,2
B00GGLKVEM,5.0,2
B000WIL37O,5.0,2
B004A8MN26,4.5,2
B000FSZMR8,5.0,2
B00BP7JHNS,4.0,2
B004A91FAG,5.0,2
B000FSE5O4,4.0,2
B004AGIU98,5.0,2
B004AGJUH4,4.0,2
B000FTT2CS,4.0,2
B0012KIWGQ,4.5,2
B0012KN0UE,4.0,2
B004AI3A8C,5.0,2
B0012KL1J6,4.0,2
B00BP0BZHG,5.0,2
B004AI3BLS,4.0,2
B00BP08K8I,5.0,2
B004AI51FW,5.0,2
B004AI51J8,5.0,2
B000WKY63U,5.0,2
B0012KIAJK,5.0,2
B004AI53W8,4.0,2
B000FQU1C6,4.5,2
B00I51QIQQ,5.0,2
B0012KI5QI,4.0,2
B0012KGY20,5.0,2
B004AI5UIK,5.0,2
B0012KGNYO,4.5,2
B0012KOIXW,5.0,2
B0012KQ77C,4.5,2
B00BP2NR66,4.5,2
B0012LGDR0,4.5,2
B000FQVQH0,5.0,2
B00I50OK7G,5.0,2
B000WKP0Y4,5.0,2
B004AH726E,4.0,2
B0012LAQ9Q,4.5,2
B00FXOPOTK,5.0,2
B000WKTDE2,4.0,2
B0012KZ8CM,5.0,2
B0012KXFV8,4.5,2
B0012KU7AK,5.0,2
B004AHNH7M,4.5,2
B0012KRULO,4.0,2
B00FXI2DW2,5.0,2
B0049YWE2A,4.0,2
B0049XCZIO,5.0,2
B0049XFM4I,5.0,2
B0049XJS0W,5.0,2
B0012Q2LKS,4.5,2
B0049XMME6,5.0,2
B0049XPYIC,5.0,2
B0049Y82HQ,4.0,2
B0049Z27LM,5.0,2
B000FTQGHM,4.0,2
B0049Z6O02,4.5,2
B0012OXVJA,4.0,2
B0012OVQC4,5.0,2
B0049ZJFSU,4.0,2
B0012OUXSC,5.0,2
B0049ZROMY,5.0,2
B0012OR2O0,5.0,2
B000FTQFYG,4.0,2
B00BPF435M,5.0,2
B004A73JJ8,4.5,2
B0012QEDTU,5.0,2
B000FTSMOM,4.0,2
B00I4UM2T0,4.0,2
B0049V157S,4.0,2
B00FX7KVOA,4.0,2
B0049VB5Z0,4.5,2
B00BPFW4DA,5.0,2
B0049VLQIG,4.5,2
B000FTR6F8,5.0,2
B000WIEU1K,5.0,2
B0049VYGRE,4.5,2
B0049W954C,5.0,2
B00FX7XKXY,4.0,2
B0012Q9CD2,5.0,2
B0049WQ0KE,4.5,2
B0049ZV9CU,4.0,2
B0012OPGA2,5.0,2
B004A2EIC0,4.5,2
B004A2F5QI,5.0,2
B0012NYDBQ,5.0,2
B00BPD0GS2,5.0,2
B004A4RUC8,5.0,2
B00I4WM8JW,4.5,2
B0012NX5QA,5.0,2
B000WIGR8Y,5.0,2
B004A6IASO,4.5,2
B000FTIY4U,5.0,2
B004A6M1UM,4.5,2
B004A6MNBY,5.0,2
B00BPCCII4,5.0,2
B004A6V2ZW,4.5,2
B004A28QE6,5.0,2
B000FTMZIQ,5.0,2
B004A1BN1A,4.0,2
B000FTO9WQ,5.0,2
B0012ODRDU,4.5,2
B004A24M7G,5.0,2
B004A24NC0,5.0,2
B004A24QRC,5.0,2
B00FXECT02,5.0,2
B004A24UQ4,5.0,2
B00BPE7R6U,5.0,2
B00BPE6CAC,5.0,2
B004A26PM6,5.0,2
B004A28I12,5.0,2
B00BPDYU5W,4.5,2
B0046VILG4,5.0,2
B00133CBAA,4.5,2
B00GH5DTQO,4.0,2
B00BR0161O,4.5,2
B00479FT6U,5.0,2
B00479MVBQ,4.0,2
B00133CBB4,5.0,2
B00BR00YM6,4.5,2
B00I3PZGIA,5.0,2
B00478VILG,5.0,2
B00133BJ0S,5.0,2
B00I3QN49C,5.0,2
B000G386LG,4.0,2
B0047AWMZK,5.0,2
B000WCL7IK,5.0,2
B0013397FC,5.0,2
B0047BE3CE,4.5,2
B0047979P4,5.0,2
B004760CAG,5.0,2
B0047642G6,4.0,2
B00BR0MDLQ,4.5,2
B00BR0KXZE,4.0,2
B00BR0DAG8,5.0,2
B00BR0DA22,4.5,2
B00BR0CSVG,5.0,2
B000G64UVI,4.5,2
B00133KEFE,4.5,2
B00BR091WU,5.0,2
B00BR08Z6I,4.5,2
B000G647Q6,4.0,2
B000WCCVYE,5.0,2
B00BR068Y4,4.5,2
B000G62I1C,4.5,2
B00BR017S6,5.0,2
B0047BEZ2C,5.0,2
B00BQNKF0K,5.0,2
B00FVUJ39I,5.0,2
B000G12VJ6,5.0,2
B00BQTQ562,5.0,2
B0047EPUZ0,4.5,2
B00BQTN1HI,4.0,2
B00FVS8ZQW,4.5,2
B00BQT7YG2,5.0,2
B0047FAN74,5.0,2
B00BQRCTBY,5.0,2
B000G0SYDO,5.0,2
B000WCXNP0,4.5,2
B0047HF4D0,5.0,2
B0012ZL7K4,5.0,2
B0047I0SWQ,4.0,2
B000WDTY8O,5.0,2
B00FVVE23Y,5.0,2
B0012ZJ6KM,5.0,2
B0047JTHJK,5.0,2
B000G154RM,5.0,2
B0047BXXNO,5.0,2
B000G1O7EI,4.0,2
B0047C8OAK,5.0,2
B0047DI8VY,4.5,2
B0047DIC5G,4.5,2
B0013324YI,5.0,2
B000G1Q4MG,5.0,2
B000WCOFZM,5.0,2
B00BQVDGKI,4.5,2
B0047DNA6M,5.0,2
B00BQV0LT2,4.5,2
B00BQTU7OI,5.0,2
B00132K2PM,4.5,2
B0047EBKHW,4.0,2
B00132H9XA,4.5,2
B0047EHR4C,4.0,2
B00133X7KS,5.0,2
B00475V1NO,4.0,2
B00135LYRE,5.0,2
B00135TNJU,4.5,2
B0046ZH3O6,5.0,2
B0046ZHL02,4.0,2
B00135NIMS,5.0,2
B0046ZLLXU,4.0,2
B0046ZM058,4.5,2
B00135NCGK,4.5,2
B00135KVG4,4.5,2
B001360EWE,4.0,2
B0046ZY768,5.0,2
B00BR2GMW0,5.0,2
B00BR2GJ50,4.5,2
B00470EKXW,5.0,2
B00BR2FYZQ,5.0,2
B00GHAUSKY,5.0,2
B00135DV3E,5.0,2
B00470XODY,5.0,2
B004711HVO,5.0,2
B0046Z7ABM,5.0,2
B000G9YXL2,5.0,2
B0046VJK96,5.0,2
B0046VJP46,4.5,2
B000GA9D84,5.0,2
B001366LC6,4.0,2
B0046W2N7G,5.0,2
B0046WUJGI,4.5,2
B0046WZU9O,5.0,2
B001362DZ0,5.0,2
B00FUMLCFK,5.0,2
B00BR3TG2M,4.5,2
B000WB9SSC,5.0,2
B000WBBF3S,5.0,2
B00I3KZSZQ,5.0,2
B001362H2E,4.0,2
B000G9XWLY,4.0,2
B00BR38T84,4.5,2
B00BR2ECIQ,5.0,2
B0013556N2,5.0,2
B00GHA1PVK,4.0,2
B000G68RC6,5.0,2
B000G6SVD6,5.0,2
B00134MI34,5.0,2
B00BR12QLC,4.0,2
B000G69ILK,5.0,2
B00471I5IC,4.5,2
B00475J4R4,4.0,2
B00475LNTQ,5.0,2
B000G67JUC,5.0,2
B00I3NXJU4,4.5,2
B00FV9K04G,5.0,2
B00475RJ08,4.0,2
B00475TI2A,4.5,2
B00474O5EW,4.0,2
B00474JAZG,5.0,2
B00474J9TI,4.5,2
B00BR2D8SQ,5.0,2
B00471STGA,5.0,2
B00135379M,4.0,2
B00473O9J4,4.5,2
B00473QIM0,4.5,2
B00134UUR0,5.0,2
B00FV1CJUM,5.0,2
B00134PJ9Y,5.0,2
B00FV29Q70,4.0,2
B00134OAXA,4.5,2
B00474CT0E,4.5,2
B00BR1EUZM,5.0,2
B00BQNI7LY,5.0,2
B0012S3QI2,4.0,2
B00481J2LA,5.0,2
B0048033MA,4.5,2
B00480A1D4,5.0,2
B0012V2112,5.0,2
B0012V0HMC,5.0,2
B00480J3RO,5.0,2
B0012USJC8,5.0,2
B000FXWC9E,5.0,2
B00480QP98,5.0,2
B00481NIC4,5.0,2
B00BQCCD3S,5.0,2
B00481O814,5.0,2
B000FXV50G,4.0,2
B00FWL0IOK,4.5,2
B00GH0MEFQ,5.0,2
B00I49YCZI,4.5,2
B0048333FY,5.0,2
B0012UI3WY,5.0,2
B00483AA6E,5.0,2
B00BQDIUCU,5.0,2
B00483TUGU,5.0,2
B0047Z2UH0,4.5,2
B00BQF7YHK,5.0,2
B0047XXEPO,5.0,2
B0012VRATA,5.0,2
B0047YZ3PC,5.0,2
B0047Z1CDI,5.0,2
B0012VQS4S,5.0,2
B0012VQPF0,4.5,2
B0047ZRAS4,4.0,2
B00FWFWUTW,4.0,2
B00BQDV9DC,5.0,2
B0047ZUJTQ,5.0,2
B0012V5RQI,5.0,2
B00BQDONWG,5.0,2
B00483CTAO,5.0,2
B00FWL2RDU,4.5,2
B0047L9UEA,4.0,2
B00489CKO8,5.0,2
B00488B23O,5.0,2
B000FW3FDM,5.0,2
B00488B4TQ,5.0,2
B00488E9XO,5.0,2
B00FWN4JM0,4.0,2
B00BQ2380U,5.0,2
B0012SEIO8,5.0,2
B00488VW7A,4.0,2
B00BQ1AJ1C,5.0,2
B0048A06N4,5.0,2
B000FW0B5M,5.0,2
B00BQ0SBTU,4.5,2
B0012S3V4Q,4.5,2
B000FXV4WA,5.0,2
B000WF6RNM,5.0,2
B00FWLUF8Y,5.0,2
B0012TYYAA,5.0,2
B00484LHVA,5.0,2
B0012TTK4A,5.0,2
B00BQ5R2PE,4.5,2
B00BQ5LMZ0,5.0,2
B0012TNSKW,5.0,2
B00487JRXC,4.5,2
B004887G6G,4.5,2
B00BQ53406,4.5,2
B00BQ4L6D4,5.0,2
B00487YAEI,5.0,2
B0048841Y6,5.0,2
B004885S66,4.0,2
B000FWAWQK,5.0,2
B00BQ2WJ6O,5.0,2
B00BQ2WA36,5.0,2
B0047X8K76,4.5,2
B000FZDPUC,5.0,2
B000G0P9QO,5.0,2
B0047P8M18,5.0,2
B0012XNYDO,5.0,2
B0012XNTG6,4.5,2
B000G0OXT8,5.0,2
B0012XM6QK,4.5,2
B0012XM192,5.0,2
B00BQKQ1L0,4.5,2
B0047PT8OI,5.0,2
B00BQKQ1K6,4.0,2
B0047Q1TBM,4.5,2
B00BQKQ1II,5.0,2
B00FW1N4RI,5.0,2
B0047Q5WF6,5.0,2
B0047QBQJW,5.0,2
B000FZDPW0,4.0,2
B00FVXA5GU,5.0,2
B000WDWJV8,5.0,2
B0047LI8B6,5.0,2
B0047LSC58,5.0,2
B00BQMCAKY,5.0,2
B0047MJPXK,5.0,2
B0012ZF0B6,5.0,2
B00BQLH3PM,5.0,2
B0047NPCSQ,4.5,2
B0012YYT3C,5.0,2
B0047OGRNE,5.0,2
B0047OGSA6,5.0,2
B000WDY45W,5.0,2
B00FVYPYSS,5.0,2
B0047QM54W,5.0,2
B0047UVHWO,5.0,2
B000G014O0,4.0,2
B000FZZ8S4,5.0,2
B000FZZ4F6,5.0,2
B000FZZ4C4,5.0,2
B0047TO1JG,4.5,2
B0012WPNSO,5.0,2
B00BQHEB9M,4.5,2
B000FZZ1VS,4.5,2
B0047V1GZ6,5.0,2
B0047V7MAY,5.0,2
B0047VQCFU,4.5,2
B00FWB7F7S,5.0,2
B00I47ZI8A,5.0,2
B000FZVW2K,4.5,2
B0012VY5GQ,5.0,2
B0012VVWG2,5.0,2
B0047WLAE2,5.0,2
B00BQHH1L2,5.0,2
B00FWAEDV0,4.5,2
B0047SW6EE,4.5,2
B00FWACSLC,4.0,2
B0012XAQYY,5.0,2
B00FW3HCDI,5.0,2
B00BQK8I5M,5.0,2
B0047QOQ4O,4.0,2
B0012XAPZE,5.0,2
B0012XAPYK,4.0,2
B000G0IO98,4.5,2
B0012X8OMU,5.0,2
B0012X8OLQ,5.0,2
B0012X8NNK,5.0,2
B00BQJQG5W,4.0,2
B0012X7QNS,4.5,2
B0012X6O72,5.0,2
B00BQI5BTK,5.0,2
B0012X6JPE,4.5,2
B00FW73WE2,4.0,2
B000GG19CQ,5.0,2
B0043WYME6,5.0,2
B00417X68G,4.0,2
B004164RS0,4.5,2
B00158KOA2,5.0,2
B004170WP6,4.0,2
B00158GR1M,5.0,2
B00158196K,4.0,2
B000VV3XVG,4.0,2
B00BYO3620,4.0,2
B00418FTY4,4.0,2
B00418GI6M,5.0,2
B00157S5GS,5.0,2
B000VV8R26,4.5,2
B000VV9ZCM,5.0,2
B00418UQG0,4.0,2
B00BYMHXLC,5.0,2
B00156NRQW,5.0,2
B000VV3YJM,5.0,2
B00BZ02JS0,4.5,2
B00BYKZ6YK,4.0,2
B00BZ1QT3A,4.0,2
B00BZ2VVA0,4.5,2
B00BZ2UVMY,5.0,2
B000VV2FKQ,5.0,2
B004155MGW,5.0,2
B004155SMU,4.5,2
B00BZ2DPA4,5.0,2
B00415GM7K,5.0,2
B000VV3W1C,4.5,2
B00158SV52,4.0,2
B00158S6PW,4.0,2
B00158S30U,5.0,2
B00158OSGI,4.0,2
B00415PNIO,4.5,2
B00415SC50,4.5,2
B0041B0RZC,5.0,2
B0041EJLGK,5.0,2
B00FOTZFC0,5.0,2
B00154SKO8,5.0,2
B0041ECNWY,4.0,2
B00154P2YO,5.0,2
B0041ECUPE,4.5,2
B00BYGMYF8,4.0,2
B000GJ5ET2,4.0,2
B000VW6X58,5.0,2
B00154N8D6,4.5,2
B00HZWAXCG,5.0,2
B000GJ3F5C,4.0,2
B00HZWCQQW,4.0,2
B00BYFGM7U,5.0,2
B0041FBG62,5.0,2
B00FOVYWEU,5.0,2
B00GJCG160,5.0,2
B00154XM0K,5.0,2
B001565EMM,5.0,2
B00155PACM,5.0,2
B0041B5AWM,5.0,2
B00FORV3F0,5.0,2
B0041BOJ9W,4.0,2
B00155RMSM,4.0,2
B0041CNWK8,5.0,2
B000VVG9KI,5.0,2
B0041E7S9C,5.0,2
B0041CTYNM,5.0,2
B00155O118,5.0,2
B000GJ7C74,5.0,2
B001552XSG,5.0,2
B001551O54,4.0,2
B0041E32ZG,4.0,2
B0041E7M1G,5.0,2
B004153IBS,4.0,2
B00BZFOWQW,4.0,2
B0040XHGH8,5.0,2
B00FOGZKNM,5.0,2
B0015F4RBC,5.0,2
B0040YCUHI,5.0,2
B00BZEE41G,4.5,2
B0040Z6F1E,5.0,2
B00GJP1WL6,4.5,2
B0040ZERKA,4.0,2
B0015E0OQK,5.0,2
B00BZEAZ6Y,5.0,2
B0040ZHZGI,5.0,2
B000GKKXQ0,5.0,2
B0015G4450,4.5,2
B00GJQNPLK,4.0,2
B004151HIE,5.0,2
B0015GXD2A,5.0,2
B00BZNG5Y6,5.0,2
B0015HFTE4,5.0,2
B00BZNB4Q0,5.0,2
B000VV0LXE,4.5,2
B000VV0M0G,5.0,2
B0015H18GC,5.0,2
B0040V78YQ,5.0,2
B0040VOJJI,4.5,2
B0015GMR4K,4.0,2
B0040VV1NU,5.0,2
B0040VVZVI,5.0,2
B000GKPI56,5.0,2
B0015GHFVA,5.0,2
B00BZD7M1Q,5.0,2
B00BZCXE2I,5.0,2
B0015A2A5M,5.0,2
B00BZ9LNT2,5.0,2
B00BZ8MC8O,4.5,2
B00BZ8DGRU,5.0,2
B00BZ854HK,5.0,2
B00413ZXUE,5.0,2
B0015A6850,4.5,2
B004144PUW,5.0,2
B00GJOAFBA,4.0,2
B004144SD6,5.0,2
B00FOLFDZC,5.0,2
B000VV2E4I,5.0,2
B00BZ5LZDA,5.0,2
B00HZUUT1S,4.5,2
B00BZ4P0EG,4.0,2
B000GJS2I2,4.0,2
B004151E4G,4.0,2
B00413K75K,5.0,2
B00412V0GG,4.0,2
B00412RWEK,5.0,2
B000GKK6X0,5.0,2
B000GKJRUI,4.5,2
B00BZCCNSY,4.5,2
B00HZSFPU0,5.0,2
B000VV2BTG,5.0,2
B0015B0BAM,5.0,2
B00411ZBSK,4.5,2
B00GJMWREA,4.5,2
B0015AATBY,5.0,2
B000GKB4L8,4.0,2
B00BZABZ80,5.0,2
B001543KVG,5.0,2
B00BZNGID4,4.0,2
B00BY01N2Y,5.0,2
B00BY0CU9E,4.5,2
B00152QW9A,4.5,2
B00152QSNU,4.0,2
B00152QO5M,4.5,2
B00BY0BUBI,4.0,2
B00BY0BJKU,5.0,2
B00BY0A460,4.5,2
B000VWP2UA,5.0,2
B00BXXFS14,4.0,2
B00152JSTG,5.0,2
B00GJ9VAKU,5.0,2
B000GIJ1HE,5.0,2
B0041PL0E0,4.0,2
B0015205WA,5.0,2
B00151HZXS,4.5,2
B0041P6MNO,5.0,2
B000GIJ25K,4.0,2
B00152S7YS,4.5,2
B00152SCGG,5.0,2
B0041MIP5K,4.5,2
B000VWOZXU,4.0,2
B00152S9JQ,4.0,2
B00152S9FK,4.5,2
B0041MPSOQ,5.0,2
B000GIL0ZA,4.0,2
B0041N3E50,4.5,2
B00152RYQA,5.0,2
B00BY1OYJW,5.0,2
B0041OH6J4,4.5,2
B00152S39M,4.5,2
B000GIJ2AK,4.0,2
B00BY0EH4K,4.5,2
B0041PMMWO,5.0,2
B00FPJZT8Y,4.5,2
B0014ZXXFO,5.0,2
B0014ZWMWY,5.0,2
B0041Q15N0,5.0,2
B0041Q1PNA,4.5,2
B000VWSCUC,5.0,2
B000VWSCX4,5.0,2
B0041Q8N2G,4.0,2
B00BXMS1MI,4.0,2
B00BXMRX0O,5.0,2
B000GIH1JO,4.5,2
B00BXMRVGK,5.0,2
B000VWSDX8,4.5,2
B0041QKPCC,5.0,2
B0014ZR1LQ,5.0,2
B000GIGNWK,5.0,2
B00BXLZLTA,4.5,2
B00BXLV4E6,5.0,2
B0041QMQDI,5.0,2
B00FPL37KO,4.0,2
B0041PY98Y,5.0,2
B0041PNHBY,5.0,2
B0041PQQWG,5.0,2
B0041PO5H4,4.0,2
B00150NO7A,5.0,2
B00BXTOAMQ,5.0,2
B00150M58O,5.0,2
B000VWQAM4,4.5,2
B00BXTNR34,4.5,2
B00BXTG1WI,5.0,2
B000VWQB3M,5.0,2
B0041PSHEG,5.0,2
B00BXRRXKY,4.5,2
B0041PTPLA,4.0,2
B00I04BEL2,5.0,2
B00150GNDW,5.0,2
B0041PUCV2,5.0,2
B0041PVCD4,4.5,2
B00150B4YU,4.5,2
B0041PW8XW,4.5,2
B0041MDLAO,4.5,2
B0041MD8V6,4.0,2
B00152WN6G,5.0,2
B00HZYHTY4,5.0,2
B00BYA0W8A,4.0,2
B00FP1SM6I,4.5,2
B00FP2NDHA,5.0,2
B00FP4IIAA,5.0,2
B00152WIBG,4.5,2
B0041HNHI0,5.0,2
B00152WFO6,5.0,2
B00152W7C6,5.0,2
B000VWLAH4,4.5,2
B000GIWRZM,4.0,2
B000VWMP9G,4.0,2
B0041I5B6U,4.0,2
B0041FWCAG,5.0,2
B0041FTUDS,4.5,2
B00BYDEGRU,4.5,2
B0041FKFB4,5.0,2
B0041FKN1G,5.0,2
B0041FKYVU,5.0,2
B001538M9C,5.0,2
B0041FM044,5.0,2
B0041FMRLU,5.0,2
B000GJ3EUS,4.5,2
B0041FMU62,4.5,2
B0041FO1VO,5.0,2
B000GJ3ERQ,4.0,2
B000GJ0208,4.5,2
B001534TD0,5.0,2
B00FP0HAMG,5.0,2
B00BYBWQEW,5.0,2
B000VWL9LG,5.0,2
B000VWL9RK,5.0,2
B00GJBTYX8,5.0,2
B0041FSIQ8,5.0,2
B00152W0Y6,5.0,2
B0041IBMZ4,5.0,2
B000GIUULA,4.5,2
B0041LYJ38,4.0,2
B00BY5VJ7I,5.0,2
B000VWNHYS,5.0,2
B0041LTG18,5.0,2
B00BY59XW6,4.0,2
B00BY59CTK,5.0,2
B000GIL19A,4.5,2
B0041M07J2,4.5,2
B000VWOPLM,4.5,2
B00152SXFQ,4.0,2
B0041M1RDM,5.0,2
B0041M2SFI,4.5,2
B00152SCI4,4.5,2
B0041IQVFK,4.5,2
B0041IQVT6,4.5,2
B00152VW6I,5.0,2
B0041J8SE6,5.0,2
B0041JHNMY,4.5,2
B00152VTIO,4.5,2
B00152VOCA,5.0,2
B0041K3YJY,4.0,2
B0041K3ZR0,4.5,2
B000GIPN26,4.5,2
B0041K7NMS,4.0,2
B0041K7NQY,5.0,2
B0041K8QGK,4.5,2
B00I00CZIM,5.0,2
B000GIOCX2,4.5,2
B000GIOC7I,5.0,2
B000GIOC1E,5.0,2
B0040UHZOA,5.0,2
B0040UFGZ0,5.0,2
B003ZUGOYI,5.0,2
B0015Z2X90,5.0,2
B003ZU28SY,5.0,2
B00FOAFW90,4.0,2
B00C1ATIVE,5.0,2
B0015YXHYQ,5.0,2
B0015YVWFM,4.5,2
B0015YVNTM,4.0,2
B003ZUCO74,5.0,2
B003ZUHUZK,4.5,2
B00FO99S9G,4.5,2
B003ZUKYBW,4.0,2
B00FOAO0OS,5.0,2
B0015YNTOO,4.5,2
B00C19O43M,4.0,2
B003ZUTWPQ,5.0,2
B003ZUVK7E,4.0,2
B000GUKTKA,4.0,2
B000GUKTK0,5.0,2
B003ZU104M,5.0,2
B000VUXETI,5.0,2
B003ZSFPHW,5.0,2
B003ZSFRDY,5.0,2
B00FO78EIE,5.0,2
B003ZSJIGG,5.0,2
B0015ZS0FG,5.0,2
B003ZSJM6W,5.0,2
B003ZSLQE8,4.5,2
B0015ZQF9E,4.5,2
B0015Z5I06,4.5,2
B000GWCJGU,5.0,2
B0015ZFOWI,4.5,2
B003ZTFURG,5.0,2
B0015ZD5FQ,4.5,2
B0015ZAOGO,4.0,2
B003ZTPBKM,4.0,2
B000GVRL3C,5.0,2
B00C1BLPHI,4.0,2
B003ZVQUDM,4.5,2
B00FOAXC0G,4.0,2
B00GK4YEWA,5.0,2
B0015WUR2I,5.0,2
B00C136PSK,4.5,2
B003ZWX5X4,5.0,2
B00C134N66,4.5,2
B003ZWXJAI,5.0,2
B003ZWY7G8,4.5,2
B000GTG02C,5.0,2
B003ZX2MQE,5.0,2
B00FOGWSEG,5.0,2
B0015WO1UC,5.0,2
B0015WO1TI,5.0,2
B003ZXCZ1Q,4.0,2
B003ZYCQB4,5.0,2
B003ZYD62M,5.0,2
B003ZYD758,4.5,2
B00C13AGW6,5.0,2
B000GTV1TY,5.0,2
B003ZVTPIO,4.0,2
B0015XUUDS,5.0,2
B00FOBNTEE,5.0,2
B00C16AZGU,4.5,2
B003ZW0OXS,5.0,2
B000VUYMR6,5.0,2
B003ZW2DKA,4.0,2
B00FOBPDPW,5.0,2
B00FOBQREI,4.0,2
B003ZWPC08,4.0,2
B00C15FO9E,5.0,2
B003ZWEQEG,5.0,2
B0015XSQUW,5.0,2
B003ZWEVY6,5.0,2
B0015XQJ1U,5.0,2
B0015XP1J6,4.0,2
B000GU4HJY,5.0,2
B003ZSFKRM,5.0,2
B0015ZYELA,5.0,2
B000VUX13W,5.0,2
B00HZFQBA6,4.5,2
B00C1GHISI,5.0,2
B00C1GH6DA,5.0,2
B00C1GD1IY,4.5,2
B00161HS3O,5.0,2
B00161HEA6,5.0,2
B00161JFK8,5.0,2
B003ZNOIM0,4.0,2
B00161FD8Q,5.0,2
B00161DDTC,5.0,2
B00C1GCMMU,5.0,2
B000VUX4CA,5.0,2
B00161DDFQ,4.0,2
B003ZMP70S,5.0,2
B003ZMFWUI,5.0,2
B003ZSECP8,5.0,2
B000GXEDBI,4.0,2
B000GZ7G74,4.0,2
B00163JJA2,5.0,2
B00163JJ98,4.5,2
B000VUWZ0W,4.5,2
B00C1K25ZU,5.0,2
B00FNTOZ9U,4.5,2
B00162GUBY,4.0,2
B00161JIHS,4.0,2
B00FNU9ZLM,5.0,2
B00161TTWC,4.0,2
B00FNUXQYE,5.0,2
B003ZM91X2,4.0,2
B000GXE3J0,5.0,2
B000GXDFVM,4.0,2
B00161JK7Q,5.0,2
B003ZMEFME,5.0,2
B000GX79KK,5.0,2
B00C1GBL40,5.0,2
B00C1EOR2K,5.0,2
B003ZS6OIQ,5.0,2
B000GWT346,4.0,2
B000GWT2HY,5.0,2
B000VUXBZA,5.0,2
B001617TD8,4.5,2
B000GWNB1M,4.0,2
B00FNWOXM6,5.0,2
B00FO4K62O,5.0,2
B00FO5T322,5.0,2
B003ZSCPA2,4.5,2
B00160HWJA,4.0,2
B00160FSQ4,5.0,2
B000GX4CQY,5.0,2
B000VUXBW8,4.0,2
B00161CDMU,5.0,2
B00161CDJI,4.0,2
B003ZQEZ0W,5.0,2
B00161BEM0,4.5,2
B003ZRVDQ0,4.0,2
B00FNWQMC0,4.5,2
B003ZS1O18,4.5,2
B003ZS1OA4,5.0,2
B000VUX9Y8,5.0,2
B003ZS1OAE,5.0,2
B000GX56YG,4.5,2
B003ZS1OIQ,4.5,2
B003ZS2UC0,4.5,2
B003ZYD7E4,5.0,2
B000GSVJCY,5.0,2
B00BZNGIU2,5.0,2
B0040IHFYC,5.0,2
B0040IHQ14,5.0,2
B0040II78K,5.0,2
B0040ISN2U,5.0,2
B0015KS48O,5.0,2
B0015KO3NO,5.0,2
B00GJVXL0K,5.0,2
B00GJVXJ7A,5.0,2
B0015KIVFK,5.0,2
B0040IGPJS,5.0,2
B00FOGYIVC,5.0,2
B00HZPQW5K,4.5,2
B0040MMCP0,4.5,2
B00FOGYOO8,5.0,2
B0015KDYZM,5.0,2
B0015KDM72,5.0,2
B00FOGYWB8,5.0,2
B00C066X0S,5.0,2
B0040E5RZU,5.0,2
B0015MPPK2,4.5,2
B00FOGY4XE,4.0,2
B000VV066Q,4.5,2
B000GLCIRQ,4.0,2
B0040EVC9A,5.0,2
B0015MFJ1M,5.0,2
B000GLCIRG,5.0,2
B0015LWYPW,5.0,2
B000VV08B4,5.0,2
B0040HG5B2,4.0,2
B000GLB3D6,5.0,2
B0040HH4HQ,4.0,2
B0040HXBSM,5.0,2
B000GLACU6,5.0,2
B0040NFZ8A,4.5,2
B0015INJN6,4.5,2
B0040R955A,4.5,2
B00BZS63CU,4.5,2
B0040RJDAM,5.0,2
B0040T1EW0,5.0,2
B0040TEWR4,4.0,2
B0040TI3CE,4.5,2
B000GL52OC,4.5,2
B00FOGZEQ0,5.0,2
B0015HVKSS,4.0,2
B00HZRVSQG,4.5,2
B00BZU6J1I,4.0,2
B0015KBO5E,5.0,2
B0040P74X2,4.0,2
B000VV0G7K,5.0,2
B0015KBJ36,4.5,2
B00BZYCUHQ,4.5,2
B00BZXZP10,4.0,2
B0040P8YJU,5.0,2
B0040P9214,4.5,2
B000GL8YFG,5.0,2
B00BZXKCKY,5.0,2
B0040PB2P8,5.0,2
B0040QU79O,4.5,2
B0040PRHU2,4.0,2
B00FOGZ4WY,4.5,2
B0040PW4AU,4.5,2
B000GL8UQO,5.0,2
B0040QI3ZO,5.0,2
B0040QJD80,4.5,2
B0040QK6L8,5.0,2
B0015MZF0M,5.0,2
B00GJXPC9G,5.0,2
B00C0Y2G7Y,5.0,2
B00FOGX5A2,4.5,2
B00400J1Z6,5.0,2
B00FOGX60Q,5.0,2
B004012MYW,5.0,2
B00FOGX6JW,5.0,2
B000VUZ2C0,5.0,2
B000GQ7GD2,4.0,2
B004018VXI,4.5,2
B0015T91MI,4.5,2
B00HZJZJJG,5.0,2
B00FOGXB1K,4.0,2
B00C0TTTM4,5.0,2
B004045TQC,5.0,2
B004046LZU,5.0,2
B00404ASSQ,5.0,2
B0015TIFY8,4.5,2
B00C0CM6VC,5.0,2
B0015UD75O,4.5,2
B000GSVJ10,4.0,2
B00C10JCF6,4.0,2
B003ZYII3O,5.0,2
B003ZYK55S,4.0,2
B000GRH2Y4,4.0,2
B00C0ZY6C6,4.5,2
B003ZZHU1O,4.5,2
B00GK2VP10,5.0,2
B003ZZKOWG,5.0,2
B000GR9SJ6,5.0,2
B00C0Z86EU,5.0,2
B00C0Z61FG,5.0,2
B000GR7OFQ,5.0,2
B0015TT3UI,4.0,2
B0015TKA3W,5.0,2
B00C0PXDAM,5.0,2
B00C0PRXG2,4.0,2
B00GJYRHS4,5.0,2
B00408NF4G,5.0,2
B00408P6DO,4.0,2
B00C0I80OS,5.0,2
B00408XRNA,5.0,2
B00C0H0NZ8,5.0,2
B00GJYFWEA,5.0,2
B000VUZYIW,4.0,2
B00C0GRNW0,4.5,2
B00C0FZXK0,5.0,2
B0040AFMW2,5.0,2
B000GLN24O,5.0,2
B00404Y3KA,4.5,2
B0015PQJSG,4.5,2
B0040AYA5C,5.0,2
B00C0ERGY2,4.0,2
B00FOGXVV0,5.0,2
B0015NQUVO,5.0,2
B00HZKU3S2,5.0,2
B000GOL2BQ,5.0,2
B000VUZW20,5.0,2
B00405XSMS,4.0,2
B00406JC4A,5.0,2
B00C0MBDNO,4.0,2
B00406ZINY,5.0,2
B00407MT30,5.0,2
B0015R848C,5.0,2
B00C0M480O,5.0,2
B0015R53Y0,5.0,2
B000GOUF6E,5.0,2
B00408KVTS,5.0,2
B00GJYH5FO,4.5,2
B0015R20J6,5.0,2
B000GI5CN6,5.0,2
B0043WSY54,5.0,2
B00BV2B3RA,4.5,2
B00BV4AGIA,4.5,2
B00434ILR8,5.0,2
B00BV46OMM,4.0,2
B000W2TCBE,5.0,2
B00435JP3G,5.0,2
B00435RFSS,4.0,2
B001441XYI,5.0,2
B00144N8VO,5.0,2
B00143YJQS,5.0,2
B00435ZGQG,4.5,2
B004360VLK,4.0,2
B00143YJHC,4.5,2
B00143WAZA,5.0,2
B004373A94,4.5,2
B00437C7WU,5.0,2
B00FREUA8Q,4.5,2
B000GHVDBW,4.0,2
B00437X29M,4.5,2
B00433RJHC,5.0,2
B000W1XC9S,4.0,2
B000W1ZAZC,4.5,2
B00433P9D8,5.0,2
B00145D0XY,5.0,2
B00FRDPPKK,4.5,2
B00433RHB0,5.0,2
B00433RICS,5.0,2
B0014571KW,5.0,2
B00433RML0,5.0,2
B00144P3S0,5.0,2
B001456LBC,4.5,2
B00433UT38,4.5,2
B00433VBEO,5.0,2
B00144S9XQ,5.0,2
B00144QIIE,5.0,2
B00GIGGE0U,5.0,2
B00433WVBG,4.0,2
B004345F2M,5.0,2
B000W36464,5.0,2
B00143UN5E,4.5,2
B000GHJTYK,4.5,2
B00142FQW0,5.0,2
B00I11ZXE8,5.0,2
B00142I050,5.0,2
B0043BPOCQ,4.0,2
B00142HOUW,4.0,2
B00BUW3M84,4.5,2
B0043BZY1W,5.0,2
B0043C05QK,5.0,2
B0043CA3MQ,4.0,2
B00142I0W8,4.0,2
B0043CHCVQ,5.0,2
B00BUUROJY,5.0,2
B00BUUJZGE,5.0,2
B00BUUFVV2,4.5,2
B000W3ROGS,5.0,2
B000W3S0BG,5.0,2
B00142CGSW,5.0,2
B00142CA3I,5.0,2
B0043BMON8,5.0,2
B0043BEIBE,5.0,2
B00437XLV6,4.5,2
B00143SS6U,5.0,2
B00437ZZ1K,5.0,2
B0043822RO,5.0,2
B000GHTDC8,5.0,2
B00143TIYQ,4.5,2
B004387UWQ,5.0,2
B000GHT90Y,4.5,2
B004389IAS,5.0,2
B00438BDHY,5.0,2
B00438CFXU,4.5,2
B00BV2AW8Q,5.0,2
B0043BDT00,5.0,2
B00BV2AW3Q,5.0,2
B000W3BYXM,4.5,2
B00BV28P1C,5.0,2
B0043ASFJ6,4.5,2
B00BV0A8WS,5.0,2
B000GHRA00,4.5,2
B00142I1TA,4.0,2
B00145X4OY,4.5,2
B001469R0I,4.5,2
B000W1U5UW,4.0,2
B000W0WPPQ,4.5,2
B00BVLPPKC,5.0,2
B0042TJ9D4,4.0,2
B00I0YRMEK,5.0,2
B00I0ZJE2W,5.0,2
B0042TXIU4,4.0,2
B0014B0EYG,5.0,2
B00FRA2LSM,4.5,2
B00FRAFVE8,5.0,2
B0042U8OAW,5.0,2
B000GHVL7I,4.5,2
B0042URQGU,5.0,2
B0042V0C9W,4.0,2
B00GISSG0E,5.0,2
B00FRCBSVG,4.5,2
B00I10V488,5.0,2
B00FRCLGWM,5.0,2
B0042TGUDQ,4.5,2
B00I0XIVIC,4.5,2
B00147FA12,5.0,2
B00BVO5I4C,5.0,2
B0014BRBEW,5.0,2
B00BVO7OX0,5.0,2
B000W0UWME,4.5,2
B0014BF8WE,5.0,2
B0042SLV90,5.0,2
B000GHWTD8,4.5,2
B0014B9HDA,5.0,2
B0042SNWZ6,5.0,2
B0042SNLAC,5.0,2
B0042SNNVE,5.0,2
B0042SNO22,5.0,2
B0042SNP6C,5.0,2
B0014B55ZY,5.0,2
B00BVNB6IU,5.0,2
B0014B3KX8,5.0,2
B0042SNVP2,4.5,2
B000GHVJBQ,5.0,2
B00GIRUXT2,5.0,2
B00BV825QC,4.0,2
B000W15EOY,5.0,2
B000GHVHGI,5.0,2
B000W15K34,4.5,2
B001493JOU,5.0,2
B00FRDPNH0,4.5,2
B00147ZPNK,5.0,2
B00147XR6C,5.0,2
B000W18F2W,4.5,2
B00433ER8G,5.0,2
B000GHVH2W,5.0,2
B000W1S1G2,4.0,2
B00433JVSC,5.0,2
B00147L6WE,5.0,2
B000GHVIAI,4.5,2
B00FRCP718,5.0,2
B00FRCT61A,5.0,2
B0042YW9TK,4.5,2
B00FRCX2GA,5.0,2
B000GHVISU,4.5,2
B0042Z3PQK,4.5,2
B0014ATF60,5.0,2
B00I11USIE,5.0,2
B0014ARGLG,4.0,2
B004303CHQ,5.0,2
B000W126SQ,4.5,2
B00430YYFK,5.0,2
B00BV9H6PQ,5.0,2
B004324TJ4,4.5,2
B00432J4EY,5.0,2
B000GHNLNK,5.0,2
B00142C9R0,4.0,2
B0014BW9KS,4.0,2
B00BUBBUBQ,4.5,2
B0013Y6WVS,5.0,2
B0043R4V5G,5.0,2
B000W4UQ7Q,5.0,2
B0013XPMY2,4.5,2
B0043R53WG,4.0,2
B0013XF4SG,4.5,2
B00FRM79LY,4.0,2
B0043R3HNS,5.0,2
B00BUARBHY,5.0,2
B0043R6V2W,4.5,2
B0043R6WP8,5.0,2
B0043R6X7K,5.0,2
B0013WI056,5.0,2
B0043R76M6,5.0,2
B0013WH8XG,4.5,2
B0013WEK64,4.0,2
B0043R3J9A,5.0,2
B00BUD7RMU,4.5,2
B00FRP305A,5.0,2
B00FRL5T4Y,5.0,2
B0043QZXWW,4.5,2
B0013YNXI8,5.0,2
B00BUFD830,5.0,2
B0013YNXHY,5.0,2
B0013YM2HQ,5.0,2
B0043R1GFY,5.0,2
B0043R1OWY,4.0,2
B0043R1QL8,5.0,2
B00BUEQQ62,5.0,2
B00GIA3BDO,4.5,2
B0043R1TSI,4.5,2
B0013YBBW8,5.0,2
B0043R385K,5.0,2
B0013Y9PL2,4.0,2
B0043RET8U,4.0,2
B0013U00F6,5.0,2
B0043U3BEU,5.0,2
B000W67XXE,5.0,2
B0043U6LO2,5.0,2
B00I1DNEME,4.5,2
B00GI79YIS,4.5,2
B0013U759A,4.5,2
B0043UUFBC,5.0,2
B0043TYXJ8,5.0,2
B0043WA56K,4.0,2
B0013TV1AK,5.0,2
B00BU1CSV2,5.0,2
B0013URQQ2,5.0,2
B00BU6IPYQ,4.0,2
B0013V6T9G,5.0,2
B0013V19Z0,5.0,2
B0043RKUGU,5.0,2
B00BU93MGE,5.0,2
B0013V6R2K,4.0,2
B0043RO1RE,4.5,2
B0013V5MEE,4.5,2
B0013V4PX8,5.0,2
B0043SINTU,5.0,2
B0043SKCXU,5.0,2
B0043SVX0G,5.0,2
B00BU76SD0,4.0,2
B0043TOYQA,4.5,2
B0043TQR6K,4.5,2
B0013USZSU,5.0,2
B0043TU52W,4.5,2
B0043QZXAE,5.0,2
B00FRL3O14,5.0,2
B0043QZVQK,5.0,2
B0043ISPCA,5.0,2
B0043ITS6W,5.0,2
B00BUQYI0Q,4.0,2
B0043IUROY,4.5,2
B0043JDRF4,4.0,2
B000W3VE78,5.0,2
B00BUQG55M,5.0,2
B0043JJ6RW,5.0,2
B00BURBP8S,5.0,2
B00141D7EK,5.0,2
B0043K51LG,5.0,2
B0043KUCFG,4.0,2
B000W3ZEQ0,4.5,2
B0043IR8GY,5.0,2
B0043QUPSO,4.0,2
B000W3SVTW,4.0,2
B0043FNDP2,4.5,2
B0043G5CV4,5.0,2
B000W3SZ3Y,5.0,2
B00BUT954M,4.0,2
B0043GCOJ2,5.0,2
B00BUT2CZ6,4.5,2
B000W3UJEW,4.5,2
B0043GSCAM,5.0,2
B0043GSN6K,5.0,2
B000W3UJCO,4.0,2
B0043H2GMQ,5.0,2
B000GHIUYU,5.0,2
B00BURWLIG,5.0,2
B000W3UJDI,4.5,2
B00BURKFZW,4.5,2
B0043INRJQ,5.0,2
B00BUO3RDC,5.0,2
B001412I04,5.0,2
B001411VI4,4.5,2
B00FRIWRQU,5.0,2
B0043OOAP0,5.0,2
B0013ZGS4S,5.0,2
B00I15LHTO,5.0,2
B0013ZDHD8,5.0,2
B00I16EOAM,4.0,2
B000W496OU,4.5,2
B0013ZA0QK,5.0,2
B0043P1GW4,5.0,2
B00BUGE11C,4.5,2
B000W4IZ9C,4.5,2
B00BUG90IG,4.0,2
B00FRKWIZ8,5.0,2
B0043POJEQ,5.0,2
B0043NZDE8,5.0,2
B00140F43I,4.0,2
B00BUIANZ8,5.0,2
B000GHF2ZU,5.0,2
B0043LVO5M,4.5,2
B0043LZJ4Y,5.0,2
B001410RIY,4.0,2
B0043MJDA4,4.0,2
B00140Z6PO,5.0,2
B00FRHZJ02,5.0,2
B00140XQ74,5.0,2
B00140XDIG,4.5,2
B00140SOQ2,5.0,2
B0043MOMSM,4.5,2
B000W43EC0,4.5,2
B0043MOQ7Y,5.0,2
B00BUITQKQ,5.0,2
B00BUIGZ5U,4.5,2
B00BUIE1Q0,5.0,2
B0042SLIXE,5.0,2
B0042SLIQG,5.0,2
B004223V8K,4.0,2
B000VYXSO0,5.0,2
B004211OX0,5.0,2
B00BWW5PXC,5.0,2
B0014L9TH4,4.0,2
B0042220E6,5.0,2
B004222154,4.5,2
B00BWVZ0L0,4.5,2
B004222NRA,4.0,2
B00420Z4KK,5.0,2
B00422SGGM,5.0,2
B00422W59G,4.5,2
B0014KWFDA,5.0,2
B00FQ8C6JO,5.0,2
B00FQ8JMN2,5.0,2
B0014KRKZI,5.0,2
B00GJ2DYOC,4.0,2
B0014KQ4GY,4.0,2
B00BWVC248,5.0,2
B0014MEFZ4,5.0,2
B0014O2QEY,5.0,2
B0014NYZ5I,4.0,2
B00BX1WTDG,5.0,2
B00BX0MYHS,5.0,2
B00BX0HPBS,5.0,2
B0041XKFPC,5.0,2
B0041XL2WW,4.0,2
B0014NVUGK,4.0,2
B0041XWFZ0,4.0,2
B0014MB7Z0,5.0,2
B00BWX7ENA,5.0,2
B00BWX07NO,4.5,2
B00420IAM4,4.5,2
B000GI0WG8,4.5,2
B0014LU4YG,4.5,2
B004234AVQ,4.0,2
B000VZBO6I,5.0,2
B004280JYS,5.0,2
B004281HTO,4.0,2
B0014JWXRO,4.0,2
B00BWNJQJA,4.5,2
B0014JWLDK,4.0,2
B00FQ8OL06,5.0,2
B00428AR72,5.0,2
B0014JXYKE,5.0,2
B0014JTCAA,5.0,2
B00428R7XY,5.0,2
B00FQASP9W,4.5,2
B004299SLM,4.5,2
B000GI0OU2,5.0,2
B00427X88I,4.5,2
B00BWT48ZG,5.0,2
B00GJ2DWKI,5.0,2
B00424LQ3U,5.0,2
B00424MP58,4.0,2
B00BWU9MBA,5.0,2
B0014KNZBQ,5.0,2
B004256ALW,5.0,2
B00I06ZR72,4.0,2
B004259VBI,5.0,2
B0014KLIZ6,4.5,2
B00I08693G,5.0,2
B0014KKKIW,4.5,2
B0014KK60O,4.0,2
B000GI0UK6,5.0,2
B00FQ8ODOA,4.0,2
B0014JXZCG,5.0,2
B000GI0TYI,5.0,2
B0014PMNXM,4.0,2
B0014XJDOQ,4.5,2
B00FPONDJ6,5.0,2
B0014XTCT2,4.5,2
B0014XS1DU,4.5,2
B00FPOY4WG,5.0,2
B00BXFLWIA,4.0,2
B0041T9H3C,5.0,2
B0041T9K52,4.5,2
B0014XEDXM,5.0,2
B0014YQLEA,4.5,2
B0041TBI2A,4.5,2
B0014X7366,5.0,2
B0041TCY82,4.0,2
B0041TCZ40,5.0,2
B0041TD116,5.0,2
B0041RIAB4,5.0,2
B00BXKR37O,5.0,2
B0014ZK2OY,5.0,2
B00BXK12HQ,4.5,2
B000GI3UIU,4.0,2
B000GI3UGW,5.0,2
B0041R36P4,4.5,2
B000GI3UEO,5.0,2
B00I04C6I2,4.5,2
B0041RKCEW,5.0,2
B0041RMNKS,4.5,2
B0041RN7QW,5.0,2
B00FPO36HK,4.5,2
B0014YYPDO,4.0,2
B0041TD42W,4.5,2
B0014WONKG,4.5,2
B0041URKLW,4.5,2
B00GJ2L3YU,4.0,2
B000GI0XIA,4.5,2
B0041U6K22,5.0,2
B0041U6WBG,4.5,2
B0014T5AI8,5.0,2
B00BX61UAO,5.0,2
B0041UN9CG,5.0,2
B00BX61IWO,4.0,2
B0041TDNRS,5.0,2
B000VYLOVY,5.0,2
B0041W52RO,5.0,2
B0041W790C,4.5,2
B0041W9MM0,5.0,2
B0014TFRMM,5.0,2
B0041TZWUE,5.0,2
B0041TDWHO,5.0,2
B0014WONJM,4.0,2
B0041TEXYU,5.0,2
B0014WL4QC,5.0,2
B0041TF6XM,5.0,2
B0041TFIY4,4.0,2
B0014W7L5A,5.0,2
B00FPU2SG4,5.0,2
B0014W291Q,4.0,2
B0014W0LC0,5.0,2
B00FPVOC30,4.5,2
B0014UN66K,5.0,2
B0041TLANM,4.0,2
B0041TLRT4,4.0,2
B0014UER0O,5.0,2
B000GI3TNG,5.0,2
B0014JRL6W,5.0,2
B00429DPW0,4.0,2
B00BVO8NGM,5.0,2
B00FQR3OIC,5.0,2
B0042L2MRC,4.0,2
B00BW3LE8Q,5.0,2
B0042L6B1U,5.0,2
B00BW3AWFW,5.0,2
B00FQR08KO,5.0,2
B0042LDRXU,5.0,2
B000GHWXXE,5.0,2
B00BW25ELA,4.5,2
B0042LL3YK,5.0,2
B000GHYOKO,5.0,2
B0042LN96A,4.5,2
B0042NOUIO,4.0,2
B0014DERUG,5.0,2
B0042OV4KA,5.0,2
B0042L29JI,5.0,2
B0014DYD4Q,4.0,2
B0042OYWTU,5.0,2
B000GHYS8W,4.5,2
B0014ENK1W,4.0,2
B000GHYSW8,5.0,2
B0042H8V26,5.0,2
B00BW7GYUU,5.0,2
B0014EEI36,5.0,2
B000GHYSDW,4.0,2
B0014EEHSW,5.0,2
B0014EA0L0,4.5,2
B000W0A562,4.0,2
B00I0GV34S,4.0,2
B000GHYRZG,5.0,2
B000W0A7P6,5.0,2
B0042JAMOE,4.0,2
B0042JC5EO,5.0,2
B0042KKPWW,5.0,2
B00I0GDIWI,5.0,2
B00BW4OIGK,5.0,2
B0042KUO0U,4.0,2
B000GHYRTM,5.0,2
B00FQEBDX8,4.5,2
B0042SHUGS,5.0,2
B00FQU67VA,4.5,2
B0014C7N5I,5.0,2
B00FQVLW7I,4.5,2
B0042SFW3Q,4.5,2
B00BVQEQZW,4.5,2
B0014C6FWU,5.0,2
B00BVQ9P1C,5.0,2
B0042SI8PU,4.0,2
B0042ROFP8,5.0,2
B0042SJE4Y,5.0,2
B0014C4G30,5.0,2
B0042SJGG0,4.0,2
B00BVOADR4,4.0,2
B00FR02KQA,4.0,2
B0014C2O5C,5.0,2
B0042SJPI4,5.0,2
B0014BYBQI,4.0,2
B00BVO8QSW,5.0,2
B000GHWUO6,5.0,2
B00FQRC7W6,5.0,2
B00BVXZC76,5.0,2
B0042PA0TU,5.0,2
B0014CJNCE,5.0,2
B000GHWW9Y,5.0,2
B000GHWVOK,5.0,2
B0042PIYA2,5.0,2
B0014CBV5Q,5.0,2
B00BVUO5LI,4.5,2
B0014CBV2Y,4.0,2
B0042PVXOG,5.0,2
B00FQRVMF4,4.5,2
B00I0W5BVS,5.0,2
B0042QHMF4,5.0,2
B0042QKMKQ,5.0,2
B000W0R3KI,5.0,2
B00BVWCYU0,5.0,2
B0042GZ2XS,4.5,2
B00FQP20AW,5.0,2
B0042AX36M,4.5,2
B00BWG6S7K,4.0,2
B00I0BVEX8,5.0,2
B000VZQSNC,5.0,2
B0042AWIA4,5.0,2
B00FQG7Z1A,5.0,2
B0014HBOK8,4.0,2
B0014HBOJ4,5.0,2
B00FQH84KA,5.0,2
B0042B3OVK,5.0,2
B0042B3SC0,5.0,2
B000GHYW56,5.0,2
B0042B5NLO,4.0,2
B00BWFNQMQ,4.0,2
B0042A0H8Y,4.0,2
B0042GTN56,5.0,2
B000VZHYZI,5.0,2
B00BWKJ166,4.0,2
B0014JMQGC,5.0,2
B00BWIYP64,5.0,2
B00429J65K,4.5,2
B00429KQEK,4.0,2
B00429KR12,4.0,2
B00429NK7K,5.0,2
B000GHYXOG,5.0,2
B00429NKDO,5.0,2
B00I0AD6S0,4.0,2
B00429Q9DM,4.0,2
B00BWIIO4I,5.0,2
B0014IQL1E,4.5,2
B00I0AID5G,4.5,2
B0042B7MTK,5.0,2
B0014FBJ0A,5.0,2
B000W07T3Y,4.5,2
B00I0ERU0Q,5.0,2
B0014F9TZM,5.0,2
B0042F9KF0,5.0,2
B0042FY0W8,5.0,2
B0014F9TXY,4.5,2
B0042G8IYI,5.0,2
B0014F9TWK,5.0,2
B0042B94NC,4.5,2
B0042GBRZK,5.0,2
B0014F813I,4.0,2
B00BWAJO68,4.5,2
B0042GNWF8,5.0,2
B000GHYTWC,5.0,2
B000GHYTLI,5.0,2
B0014F3UYS,5.0,2
B000GHYTKO,5.0,2
B000W05PXU,4.0,2
B00BWD311E,4.5,2
B00BWDPIGA,5.0,2
B0014GZI6A,4.0,2
B00BWFMQMM,5.0,2
B00FQIHJMI,4.5,2
B0042C18TE,5.0,2
B00BWFGFII,4.0,2
B00BWEWP92,5.0,2
B000VZWW28,5.0,2
B0014FX3AO,5.0,2
B0042CZIPY,4.0,2
B00FQLWIX0,5.0,2
B0042DCDCY,4.5,2
B00BWE85IC,5.0,2
B0014FD9TE,5.0,2
B0042DFZR4,4.5,2
B004AI746G,5.0,2
B004HF0DS8,4.0,2
B000Z7ZMU6,5.0,2
B00BI4J27E,5.0,2
B000Z6MNSG,5.0,2
B000F0WYI6,4.0,2
B000F0KDOS,4.0,2
B00BI47BP4,5.0,2
B000F1IO5W,5.0,2
B00G841ROA,5.0,2
B000Z6I1DC,4.0,2
B00G87D6TQ,4.5,2
B004HGWI9Y,5.0,2
B00BI4QFG0,4.0,2
B000F1LMLU,5.0,2
B000Z6GL8O,5.0,2
B004HCO210,4.5,2
B00IA79NOE,5.0,2
B000XE0ZBC,5.0,2
B000Z91HIK,5.0,2
B00BI8O5C2,5.0,2
B004HAQCII,4.5,2
B004HCA3V8,4.0,2
B00BI6XJGM,5.0,2
B00BI60FRI,5.0,2
B000Z8XRU2,4.5,2
B00BI4U68S,5.0,2
B004HE236Y,5.0,2
B004HE7IBY,4.0,2
B000F1YL54,5.0,2
B000Z8XL9E,5.0,2
B000XE1RKA,4.5,2
B000XE1SM2,4.5,2
B000F1OVOK,4.5,2
B00BI535WG,5.0,2
B000F0C6GG,5.0,2
B000Z6B2W4,4.0,2
B004HKGQ2K,4.5,2
B000Z6BGM0,5.0,2
B00BHUGU5Q,5.0,2
B000EZOOVM,5.0,2
B004HKX006,5.0,2
B004HKZ0V8,5.0,2
B000EZMDPG,4.5,2
B004HLWZV0,5.0,2
B000EYLLNM,5.0,2
B000XE276S,5.0,2
B00G8QU4Q0,5.0,2
B00BHR6A7M,4.5,2
B00BHQRML6,5.0,2
B000F00B04,4.0,2
B00BI145YW,5.0,2
B00BI11KWC,5.0,2
B00BI0YGW4,5.0,2
B000Z6GHE2,5.0,2
B004HIBKZU,4.0,2
B000Z6F6M6,5.0,2
B004HIGJCE,4.5,2
B000Z6CXGI,5.0,2
B004HIV6EK,5.0,2
B004HIVSX4,5.0,2
B004HJ0Y9C,4.0,2
B004HJEJCA,5.0,2
B004HJM56C,5.0,2
B000Z6EWCQ,5.0,2
B000F30110,4.0,2
B004HA0V62,5.0,2
B004H04QGS,5.0,2
B000F3VBTG,4.0,2
B004H0J1NG,4.5,2
B00BIJS12Q,4.0,2
B004H0UQ2Q,5.0,2
B000ZHCHAY,4.5,2
B004H0ZX2Y,4.0,2
B004H1QQVU,5.0,2
B004H01GUW,5.0,2
B004H1SDXE,5.0,2
B004H1YK72,4.0,2
B000ZGKTEG,5.0,2
B004H2IJB4,5.0,2
B000F3ZSUY,5.0,2
B004GYP0TW,5.0,2
B004GYQLUE,5.0,2
B00BINI3CU,5.0,2
B00BINE91O,5.0,2
B000ZIXGLM,5.0,2
B00BIN2RXG,4.0,2
B004GYXB48,5.0,2
B00GDX9YIW,5.0,2
B00GDVY998,5.0,2
B000ZIGL32,4.5,2
B000ZI7OD8,4.0,2
B004GZ1SWY,5.0,2
B00BILK27G,4.5,2
B000F41WNU,5.0,2
B000XDZIM4,5.0,2
B004GZUB9A,4.5,2
B00BIK9V6K,5.0,2
B000ZFE64Q,5.0,2
B000XE086O,5.0,2
B004H86SW0,4.0,2
B000Z9H4DM,5.0,2
B000Z9FYBG,5.0,2
B000Z97BSU,4.0,2
B000F38NJW,5.0,2
B004H7O7LU,4.0,2
B004H86RCQ,5.0,2
B000XE0UT4,4.5,2
B004H9KZF0,4.5,2
B000Z94V2O,4.5,2
B000F32MGW,5.0,2
B004H9QNM4,4.0,2
B000Z93TBS,5.0,2
B00BI9U5NO,4.5,2
B000Z93RNS,4.5,2
B004H6TNSS,5.0,2
B004H6RK4W,5.0,2
B004H6MFW4,4.5,2
B000ZF1O64,5.0,2
B000ZERSME,4.0,2
B00BIFG032,4.5,2
B000F3GFBA,5.0,2
B00BIDZP4O,5.0,2
B004H4EL2S,5.0,2
B004H4EMM2,4.5,2
B000XE0SDC,4.0,2
B004H5IXJ4,4.0,2
B000F3CHX0,4.0,2
B004H5XI9Y,5.0,2
B000ZB2ALG,5.0,2
B000ZA754Y,5.0,2
B004HO4GQE,4.5,2
B004HPGZE4,5.0,2
B000F4CXVU,4.5,2
B000EVGP0O,4.0,2
B00BH4H92K,5.0,2
B004I4ZHI4,5.0,2
B004I4ZTBY,5.0,2
B004I51QWE,4.0,2
B004I4LBD4,5.0,2
B004I53UT6,4.0,2
B004I53V0Y,4.5,2
B00G99T3OK,4.5,2
B000Z5YBLE,4.5,2
B004I5K2VA,4.5,2
B004I5O2R0,5.0,2
B004I5RT70,5.0,2
B000EVELTG,4.0,2
B00G99ST40,5.0,2
B000EVGP0Y,4.0,2
B000Z5Y9HK,5.0,2
B00BH4MT3Y,5.0,2
B00G99SJHC,5.0,2
B00G99SNKU,5.0,2
B00BH4NJVU,5.0,2
B000Z5ZT42,5.0,2
B000Z5YGBE,4.0,2
B000XE491Y,4.5,2
B004I4L6E8,4.5,2
B004I42P1Q,5.0,2
B004I45H34,5.0,2
B004I4EG6I,4.0,2
B000Z5YE34,4.5,2
B004I4FKJK,4.5,2
B000Z5YDWG,5.0,2
B004I689VY,5.0,2
B00BH1KWMC,5.0,2
B004HPKFHC,5.0,2
B00G9C210K,4.0,2
B000XE4UNQ,4.0,2
B00GDIL0AM,4.5,2
B000XE50V2,5.0,2
B000XE59AO,5.0,2
B004I6GXP8,5.0,2
B004I6GZMY,5.0,2
B00BGX0B54,5.0,2
B000Z4QEHY,5.0,2
B000Z4P3BC,4.5,2
B00BGZDY2Y,4.5,2
B004I6J472,4.5,2
B00BGWARJK,5.0,2
B004I6J558,5.0,2
B000Z4L31Q,5.0,2
B00G9ESTWW,4.5,2
B00BGY4ZHI,5.0,2
B004I69B9S,4.5,2
B000Z5Y5FG,4.5,2
B004I69C3I,5.0,2
B004I69D3M,4.0,2
B004I69EC2,5.0,2
B000EVELHS,5.0,2
B000Z5Y8C6,4.0,2
B004I69G7K,5.0,2
B000Z5Y5IS,5.0,2
B004I6BFXI,5.0,2
B004I6EZKS,5.0,2
B00BH0VQJQ,4.5,2
B004I6BIDU,4.5,2
B00BH0JJ7W,4.5,2
B004I6BJKW,4.5,2
B00G9AOXD0,4.5,2
B000XE4T7I,5.0,2
B000EVEL3W,5.0,2
B004I6EYZE,5.0,2
B000Z5ZYHY,5.0,2
B004I3LU7C,5.0,2
B004I36V0I,5.0,2
B000Z63UF6,5.0,2
B000Z63U60,4.5,2
B004HU7KB6,4.5,2
B000EVSYBC,5.0,2
B004HUB7RY,4.5,2
B004HUEDIE,4.5,2
B000Z63TYS,4.5,2
B000Z63TW0,5.0,2
B000Z63S6W,5.0,2
B000Z63VXC,5.0,2
B004HWZIQS,5.0,2
B000Z63RE0,5.0,2
B000EVKYEW,5.0,2
B00BHKUYNK,4.0,2
B004HX6LBI,5.0,2
B004HXB2SU,4.5,2
B004HXFF88,5.0,2
B004HXGN3O,4.5,2
B00BHIZ126,5.0,2
B004HTKA78,4.0,2
B000Z600C2,5.0,2
B00BHOBXF4,4.5,2
B00BHP7CH6,5.0,2
B000Z65CSE,5.0,2
B004HPNH8Q,4.0,2
B000XE2BBY,4.0,2
B00BHODLLI,5.0,2
B004HPVG3Y,5.0,2
B004HQFS96,4.5,2
B000EWVQ16,4.0,2
B000Z655HM,4.0,2
B000Z63YN4,4.5,2
B00BHMZWK8,4.5,2
B000Z63YAW,4.5,2
B004HSP0IS,5.0,2
B000XE396A,5.0,2
B000EVKYCO,4.0,2
B000Z63M18,5.0,2
B00BH97SK8,5.0,2
B000Z61MUQ,5.0,2
B000XE447I,5.0,2
B00G97RCD6,5.0,2
B00G9812HM,4.0,2
B004I0IDOS,4.0,2
B000Z6078Y,5.0,2
B000EVIUQQ,5.0,2
B000XE3HQ2,4.0,2
B000Z604LE,4.0,2
B000EVGS74,4.0,2
B000XE46SU,4.0,2
B004I26GXQ,5.0,2
B00IAA9D78,5.0,2
B00IAA9N6O,5.0,2
B004I2MQ6M,5.0,2
B00BHDJ5CI,4.5,2
B000Z61NH8,4.5,2
B000Z61NKU,5.0,2
B000XE3IM0,5.0,2
B000Z63K3S,4.5,2
B000Z61V2A,5.0,2
B004HY0I6G,5.0,2
B000Z61UOO,5.0,2
B00IAA5H5A,5.0,2
B000EVKXEI,5.0,2
B000EVKXE8,5.0,2
B00BHHQWFC,4.0,2
B000Z61T7M,5.0,2
B00IAA5TMQ,4.0,2
B000EVKX84,5.0,2
B000Z61SUU,4.0,2
B000XE3YRO,5.0,2
B00BHHI0GG,4.5,2
B00IAA7E56,4.0,2
B004GYP09W,4.5,2
B000ZJ2BFI,4.5,2
B000F7KOG8,5.0,2
B004G8M9T2,4.0,2
B004G8MCE4,5.0,2
B00I9K0Z5S,5.0,2
B004G8U04I,5.0,2
B0010A6KKI,5.0,2
B004G8W398,5.0,2
B000F7R3PI,4.0,2
B001070IEA,5.0,2
B000F7UTGI,5.0,2
B004GAOJ0C,5.0,2
B004GAOK1U,4.5,2
B00BJEN4HW,5.0,2
B004GBDB6E,5.0,2
B000XASZ7W,5.0,2
B00BJDM5TG,5.0,2
B00G5LDALO,5.0,2
B004GBM3JA,5.0,2
B00BJO0K24,4.0,2
B0010BK9N6,4.5,2
B004G83MCU,5.0,2
B000F8F7XM,5.0,2
B00BJNGLPK,5.0,2
B000F7YZ0O,5.0,2
B0010B2OSY,5.0,2
B0010AYJ0Q,4.5,2
B004G8CQXQ,5.0,2
B004G8EILO,5.0,2
B004G8ET1S,5.0,2
B00BJMMTR0,5.0,2
B0010B0WJM,5.0,2
B004GBIKJW,4.0,2
B004GFE574,5.0,2
B00104ZI1G,5.0,2
B000F76M8W,5.0,2
B000F73V90,5.0,2
B004GER1SA,5.0,2
B004GERIAG,5.0,2
B00BJ95OVQ,4.5,2
B000XAXKIQ,5.0,2
B004GEXN7S,4.5,2
B004GEXNRI,5.0,2
B004GF0GHM,4.5,2
B004GF0JQA,5.0,2
B00104DHEQ,5.0,2
B000F6R6B0,4.0,2
B00GEA7WVA,5.0,2
B00BJ7Y66W,5.0,2
B00103J42Q,4.5,2
B00I9L87PC,4.0,2
B00106IYCE,5.0,2
B001068AB4,5.0,2
B00G5S1PB4,4.0,2
B004GC2HKY,4.5,2
B00G5T9L0K,5.0,2
B00BJBGEMM,5.0,2
B004GC52EM,5.0,2
B000XATJTA,4.5,2
B004GC536O,5.0,2
B004GC7U1A,5.0,2
B000XAWR0I,5.0,2
B004GC8W4Y,4.5,2
B004GCAJOA,4.5,2
B004GCBVVK,4.5,2
B00BJA946G,4.0,2
B00BJA58E8,4.5,2
B000F78UB4,4.0,2
B00BJOEKNO,4.5,2
B004G7O8NI,4.5,2
B000F8XQ5I,4.5,2
B004FWFW34,5.0,2
B00BK1KRYW,4.0,2
B004FWVM2E,4.0,2
B000X96LSI,4.5,2
B004FWYRPS,5.0,2
B00G552DSQ,5.0,2
B004FXOVSK,5.0,2
B004FYCS02,4.5,2
B00BJXU0HA,5.0,2
B004G09C3G,5.0,2
B00I9JCDPY,5.0,2
B004G11W56,4.0,2
B004G1BEVS,5.0,2
B000F8S5LS,5.0,2
B0010G5JMC,5.0,2
B0010GYUYK,5.0,2
B0010H0Q7O,5.0,2
B000F8HY10,4.5,2
B004FV2KQC,4.0,2
B004FTOQC0,5.0,2
B004FTSFXG,5.0,2
B00BK519C2,4.0,2
B004FTU70A,5.0,2
B004FULWLM,5.0,2
B0010H3VL2,5.0,2
B004FV8FLQ,5.0,2
B004FVYOWU,5.0,2
B0010H1ZFQ,5.0,2
B00BK4F6M2,5.0,2
B0010H1ZEM,4.5,2
B0010H1Z0Q,4.5,2
B00G50TZG4,5.0,2
B000F99K2A,5.0,2
B000F93O72,4.0,2
B00BK308TO,4.5,2
B004FVUFVY,5.0,2
B004FVWK4O,4.0,2
B004G1Z6T4,4.0,2
B0010C8AYU,5.0,2
B00G5K1MDS,5.0,2
B004G5D2NM,5.0,2
B004G5FFGY,5.0,2
B004G5FFH8,4.5,2
B004G5JTF2,5.0,2
B004G5VFZY,4.5,2
B0010BVRSC,4.0,2
B0010BVRH8,4.5,2
B004G6GH6A,5.0,2
B0010BRYDO,4.5,2
B004G6JTY2,4.5,2
B00BJOZJYI,4.0,2
B00BJOXJPE,4.5,2
B00BJOTSR2,4.5,2
B00BJQD42A,5.0,2
B000X9UJS6,4.5,2
B00G5JD3MC,5.0,2
B000X9L1CE,5.0,2
B004G29R16,4.5,2
B004G2FGUM,4.5,2
B00G5CT4Y0,4.0,2
B00BJTZHE0,4.5,2
B004G2IE06,5.0,2
B000X9N4A6,4.5,2
B0010EK93S,5.0,2
B0010EEY52,4.5,2
B00BJSR834,4.0,2
B004G3KD7W,4.5,2
B004G3KFKC,5.0,2
B0010EBGGM,5.0,2
B00BJR1Z48,4.0,2
B000F8JH74,5.0,2
B00I9LTZN0,5.0,2
B000F6NODO,5.0,2
B000ZJIY3G,5.0,2
B000F4GINY,5.0,2
B004GUB6OO,5.0,2
B004GULHPW,4.5,2
B00G76XK2Q,5.0,2
B004GUUYGU,5.0,2
B000ZLXKVU,5.0,2
B00BIQRRWE,5.0,2
B00BIQQ90A,5.0,2
B004GV8G3W,5.0,2
B00G796FX4,5.0,2
B00BIRROYE,4.0,2
B00G7A2EPQ,4.0,2
B000ZLSOC0,5.0,2
B004GVA1W6,5.0,2
B004GVA26Q,4.5,2
B00BIPOEEO,5.0,2
B000ZKR9PY,4.5,2
B000F4EPMK,4.5,2
B004GVDDP8,4.0,2
B000ZLXUN8,4.5,2
B004GTW8JW,5.0,2
B000ZKR92M,4.5,2
B004GSMMC6,4.0,2
B004GQZXHY,4.0,2
B00BITOOK4,4.5,2
B00G6ZMBEQ,5.0,2
B000ZN0DW2,4.0,2
B000ZMEUDQ,4.0,2
B004GSINEM,4.5,2
B000ZMD5Z0,5.0,2
B00GDZ5H1I,5.0,2
B004GTUGPA,5.0,2
B004GSV55G,5.0,2
B000F4IJ72,4.5,2
B000XDXRWM,5.0,2
B000F4GLJK,4.0,2
B000ZM1JQW,4.0,2
B00IA30V4O,4.5,2
B004GTNXTQ,4.0,2
B004GVDR4A,5.0,2
B004GVDRGS,4.0,2
B004GX6K5Q,4.0,2
B004GWUPI0,5.0,2
B004GWUPIA,5.0,2
B004GWUPIK,5.0,2
B00IA46CVE,5.0,2
B000XDYQJK,4.5,2
B000F4EMNW,4.0,2
B004GX80NQ,4.5,2
B004GXQPVU,4.5,2
B004GXVXQW,5.0,2
B004GXYONQ,5.0,2
B00BIP3864,5.0,2
B000XDYUIW,5.0,2
B004GYI9LS,4.5,2
B000XDYVFY,4.0,2
B004GWUAKI,4.5,2
B004GVDTDY,4.0,2
B000F4EPHA,4.0,2
B000ZKPEME,4.0,2
B004GVDU9W,4.0,2
B000F4EPKM,5.0,2
B00BIPB80C,4.0,2
B004GVDZ4W,4.5,2
B000F4EPJS,5.0,2
B004GVKGS0,4.0,2
B00BIP6Y0Q,4.0,2
B004GW008K,5.0,2
B004GWQ4M6,5.0,2
B00BIP6W7G,4.0,2
B00BIP6VS6,4.0,2
B000F4EPDY,4.0,2
B00BIP6VEU,5.0,2
B000F4EPAW,5.0,2
B000ZKDSQI,4.5,2
B00BIP6S6Q,4.5,2
B000F4IO7W,5.0,2
B004GQZJJG,5.0,2
B001000G5I,4.0,2
B00BJ5NT58,4.5,2
B000F643HA,5.0,2
B00BJ5J3IU,5.0,2
B004GIO8DC,4.5,2
B00I9RGSMU,5.0,2
B004GISY6E,4.5,2
B000ZX7Q4U,5.0,2
B00I9NCJ3G,4.5,2
B004GJ24QO,5.0,2
B000F5SJ62,4.5,2
B000ZV7XIG,4.5,2
B000F5QPX6,5.0,2
B00G6Q3YDC,4.0,2
B004GJLR8A,5.0,2
B00G6Q8JVE,5.0,2
B004GJZDRG,4.5,2
B004GK2O22,5.0,2
B004GI08FO,4.0,2
B004GHUKJE,5.0,2
B004GGCCJG,5.0,2
B000XB41O2,5.0,2
B004GFLYKK,4.5,2
B004GFNA7K,5.0,2
B00103DEF4,4.5,2
B00BJ7CL5A,5.0,2
B00102JOVS,5.0,2
B00G6HWQO4,4.5,2
B00BJ76KKC,5.0,2
B001024L2K,4.5,2
B00G6LV83K,4.5,2
B004GGL1WU,5.0,2
B001022M1C,5.0,2
B000F6H57U,4.0,2
B000F6H3IG,5.0,2
B00GE4YXIG,4.0,2
B000F6GZWG,4.0,2
B000F69NFM,5.0,2
B00BJ6RPU2,4.5,2
B004GK3IIQ,5.0,2
B000F5KG0E,4.5,2
B000XDXA24,4.5,2
B004GMP3B4,5.0,2
B00BJ0EAP6,5.0,2
B000XDVPKI,5.0,2
B004GN2LLI,5.0,2
B00BIZLY6A,5.0,2
B00BIZKND0,5.0,2
B00G6V0TJO,5.0,2
B000F4XP0I,4.5,2
B00G6VIMGG,5.0,2
B000F4IO8G,5.0,2
B004GP9UXS,5.0,2
B004GPBP68,4.0,2
B004GQQFB2,5.0,2
B004GMOX7Y,4.5,2
B00I9YJ5Y6,5.0,2
B004GMJLZI,4.5,2
B000ZV1WXS,5.0,2
B000ZV0CAM,4.5,2
B00BJ2B7DC,5.0,2
B000ZV0BVW,5.0,2
B000F5IM9Q,5.0,2
B004GLV0ZI,5.0,2
B00BJ1KDE2,5.0,2
B000XBI0N0,5.0,2
B00G6RUADS,5.0,2
B000XD3T48,4.5,2
B000ZU0GEK,4.0,2
B000ZTDFOO,4.5,2
B00BJ0QH5W,4.0,2
B00BJ0PCIK,5.0,2
B00BJ0P8XY,5.0,2
B000ZSTH5Q,5.0,2
B000ZQLQU2,5.0,2
B00BJ0ITRQ,4.5,2
B000ZQAG8U,4.5,2
B000EODWWA,4.5,2
B000EODWWK,5.0,2
B00BFNBYJW,5.0,2
B004K1C28I,4.0,2
B00BFNBM7G,4.5,2
B00GBI94G6,5.0,2
B00BFMLGMI,5.0,2
B000EODWV6,4.5,2
B004K2V3GO,4.5,2
B000XVGA1E,4.0,2
B00BFJGLL2,4.5,2
B000XVG960,5.0,2
B004K4IR4I,5.0,2
B000XEB5AM,5.0,2
B000XVBRPS,5.0,2
B00IB5JAJS,5.0,2
B004JZGTIO,5.0,2
B00BFV18OU,5.0,2
B000EOMYTC,5.0,2
B000EOI17G,5.0,2
B004JZUVJW,4.5,2
B000XZAAFM,5.0,2
B00IBDCYWK,5.0,2
B004K14Y3Y,4.0,2
B000XYRI7G,4.5,2
B000EOFX6S,5.0,2
B00GBFWBPA,5.0,2
B00GBGTIC8,4.0,2
B00BFPKCHA,4.5,2
B000EOF4LC,5.0,2
B00BFOWNU0,5.0,2
B00GCTV7NC,4.0,2
B00IBIZAEY,5.0,2
B004K4PIQS,4.5,2
B00BFFFUZE,4.5,2
B000XTLX4A,5.0,2
B004K4QY6G,5.0,2
B000XEBEJ4,4.0,2
B000XTJRTS,4.5,2
B000XTGPZ2,5.0,2
B004K4R3UM,4.0,2
B004K4RFAA,5.0,2
B00BFEKOR4,4.0,2
B00BFFU914,5.0,2
B00BFEGKLI,4.5,2
B000XTCFMO,5.0,2
B00GCVB3XE,4.0,2
B00BFDUJH0,5.0,2
B004K6FHU8,5.0,2
B00BFDRO8W,4.0,2
B004K7O1AO,5.0,2
B004K8F2P6,5.0,2
B00BFFQ0IA,4.5,2
B00GBWTQME,5.0,2
B00BFH09O4,4.0,2
B000XVALHS,4.5,2
B004K4J8T6,4.0,2
B00BFIF9S4,4.5,2
B004K4LAHO,5.0,2
B004K4LC9K,4.5,2
B004K4LKIS,5.0,2
B000XU42RY,4.5,2
B004K4NE8C,5.0,2
B004K4NFSQ,4.5,2
B00BFGM6WS,4.0,2
B00BFGIAY6,5.0,2
B00BFGFW92,4.5,2
B000XEBDS6,4.5,2
B000XU49JU,4.5,2
B004K4OTHM,4.5,2
B004JYOMKC,4.5,2
B00BFV9Q2G,5.0,2
B00BFV9TYG,4.5,2
B00GD5OMBY,4.0,2
B000Y9Q4R0,5.0,2
B00GB2CNJW,4.0,2
B000XE9FTK,5.0,2
B000Y915G0,4.5,2
B004JTSUJ6,5.0,2
B00GB2YDFY,5.0,2
B000YA8PRQ,5.0,2
B004JUPOJ4,4.0,2
B004JUXXME,5.0,2
B004JVD04O,5.0,2
B004JTPAX0,5.0,2
B00BFV9XLA,5.0,2
B000YAEVZ6,5.0,2
B00BG154Y4,5.0,2
B000YAOL3I,4.5,2
B000YAN49U,5.0,2
B004JRPZBE,4.0,2
B004JS1YX6,5.0,2
B004JTICBM,5.0,2
B004JTP4NG,5.0,2
B000EP817U,5.0,2
B004JTMNLC,4.0,2
B00BG14TM2,5.0,2
B004JTNF3W,5.0,2
B00BG14RV0,4.0,2
B004JTOMXE,5.0,2
B000EP816G,5.0,2
B00GB3FWRG,4.0,2
B000Y8GKYS,5.0,2
B00GB51ORQ,5.0,2
B000Y06ZGE,5.0,2
B00BFWXOKU,5.0,2
B004JX90LY,4.5,2
B000XEARDS,5.0,2
B00BFWOCJM,4.0,2
B004JXR2GY,5.0,2
B000Y0B032,5.0,2
B004JYGZP2,5.0,2
B000EOZLVA,5.0,2
B00GBEE014,5.0,2
B00BFW94CW,5.0,2
B004JYJT50,5.0,2
B000EOWY5G,5.0,2
B00BFVTPW2,5.0,2
B000Y04JA8,5.0,2
B004JYLGUG,5.0,2
B004JYLH6O,4.5,2
B004JYLJ4E,4.0,2
B000Y1E5C4,4.5,2
B00GBBOJX6,4.5,2
B004JWYJZM,5.0,2
B00GBBHRT4,4.5,2
B004JVMWGG,4.0,2
B00GB6PZ3E,5.0,2
B000Y7AIME,4.5,2
B00BFYJR3Q,5.0,2
B000Y67YU4,5.0,2
B00GB8KYEW,5.0,2
B00GB8MWNS,5.0,2
B00BFYGENW,5.0,2
B004JW0ODI,5.0,2
B00BFYFLX6,4.5,2
B00GB8WZN0,4.0,2
B000Y3BGMY,5.0,2
B00GB9IVS2,5.0,2
B004JWNQ9C,4.5,2
B000Y1MZL2,4.5,2
B00IBJC49W,5.0,2
B000XTATEU,4.5,2
B004JPKO0S,4.0,2
B004KEOGHU,5.0,2
B000XEDBW2,5.0,2
B004KEOHAG,4.5,2
B004KEOHUQ,4.5,2
B004KEOIHS,4.5,2
B004KEOJ8G,5.0,2
B000EN5FKS,5.0,2
B00BETYQBU,5.0,2
B00GCFWL36,4.5,2
B000XPQ1N2,4.5,2
B004KEONUA,5.0,2
B00BETYPGQ,4.5,2
B00BES3ZZ4,4.5,2
B00BES0S7W,5.0,2
B000XPZ3BS,5.0,2
B000XQ12RQ,4.0,2
B000XO2YR0,5.0,2
B004KEMFNC,5.0,2
B004KEMCZS,4.5,2
B004KEMD0W,4.5,2
B004KEMDZW,5.0,2
B004KEMENI,5.0,2
B00GCDLHRE,4.5,2
B00GCDNNE4,5.0,2
B00BEWY4PU,5.0,2
B000EN7F2E,5.0,2
B004KEMLNQ,4.5,2
B00BEWW4W0,4.5,2
B00BEWKW6A,5.0,2
B004KEOBO8,4.0,2
B004KEODNM,5.0,2
B00BEVVKN0,5.0,2
B000EN3JIS,4.5,2
B00BFDEXM2,5.0,2
B004KEUZ70,4.5,2
B00GCQWUCM,4.5,2
B000XH7QIO,4.5,2
B00GCQT4FS,5.0,2
B000EMDKQU,5.0,2
B004KEZ08Y,4.0,2
B000XEFCME,5.0,2
B000XEFDC8,5.0,2
B004KEZCSC,5.0,2
B004KF18X4,5.0,2
B000XEF5L2,4.0,2
B00GCPOPEY,5.0,2
B000XEXGQ8,4.0,2
B004KFESN6,4.0,2
B004KFJQ06,5.0,2
B00BEFSWZA,5.0,2
B00BEENOFO,5.0,2
B000XEFHTM,5.0,2
B004KEUZ34,4.5,2
B000XHH3J6,5.0,2
B00BERML14,4.5,2
B00BERFQL6,4.5,2
B000EN3I2A,5.0,2
B004KEQOX4,5.0,2
B000XHSP7A,5.0,2
B00GCHN5N4,4.0,2
B004KEQTGG,5.0,2
B004KEQTIY,5.0,2
B00GCRB0HC,4.5,2
B004KEQTJS,5.0,2
B000XEF4EA,5.0,2
B000XHUIS4,5.0,2
B004KETT54,5.0,2
B00BEJRQDA,5.0,2
B00BEYFV00,4.0,2
B004KEMAEG,5.0,2
B000XQDXOQ,5.0,2
B004KBRJPE,5.0,2
B00IBL29A4,4.5,2
B000XSOQ7W,5.0,2
B00BF9GQQC,4.5,2
B00BF9CDW8,4.5,2
B00BF9APC8,5.0,2
B000XSL0IU,4.5,2
B000XSK680,4.5,2
B000ENORBQ,4.0,2
B004KCDFP6,5.0,2
B00BF7K74Q,4.0,2
B00BF7I1JO,5.0,2
B004KEB44I,4.5,2
B004KEIZ36,5.0,2
B004KEIZ3Q,5.0,2
B004KEIZYA,4.0,2
B004KEJ0PS,5.0,2
B004KEJ1AC,5.0,2
B000ENNXDE,4.5,2
B00BFCHQI6,4.0,2
B000XEBL4W,5.0,2
B000XT89RO,5.0,2
B000ENZ4MW,4.0,2
B00BFCRNXY,5.0,2
B000XT6A66,4.5,2
B004KAC6NA,5.0,2
B004KAGIP2,5.0,2
B004KAO7SC,5.0,2
B004KATNWM,5.0,2
B000ENSVXQ,5.0,2
B00BFCD3SS,5.0,2
B000ENSVXG,5.0,2
B00BFBPXUK,5.0,2
B00BFBMUOC,5.0,2
B00BFBLE8K,5.0,2
B00BFBC5AQ,5.0,2
B004KATL7O,5.0,2
B00BF684AQ,5.0,2
B00BF6848S,4.5,2
B00BF65UGC,5.0,2
B004KEKJ2Q,5.0,2
B000XRAJDI,4.5,2
B00BF07UEI,5.0,2
B004KEKGHO,5.0,2
B004KEKGK6,5.0,2
B000EN9OYG,5.0,2
B004KEKK7U,5.0,2
B004KEKN36,5.0,2
B004KEKQ6U,5.0,2
B004KEM8M0,4.0,2
B00BEZ0J56,5.0,2
B00BF0ILIC,5.0,2
B004KEJC06,5.0,2
B000XSHB1A,5.0,2
B00BF64M4S,5.0,2
B00BF62S9E,5.0,2
B000XSF44Q,5.0,2
B00GCSN3IK,5.0,2
B000XS9MHG,5.0,2
B000XS976M,4.5,2
B00BF3T9TO,5.0,2
B004KEJ8SW,5.0,2
B000XS8TJ8,4.5,2
B000XS1PX0,5.0,2
B000XS1JU4,5.0,2
B004KEJB2U,5.0,2
B00IBMZ1HG,5.0,2
B000ETNV8A,5.0,2
B000YQ4LQ4,4.0,2
B004IP8JEM,5.0,2
B000YPZLR8,4.5,2
B000ETP7EG,5.0,2
B004IPLJCG,5.0,2
B004IPVADO,4.5,2
B000ETPEVW,4.0,2
B00G9W8ZA0,5.0,2
B000YPCFIG,5.0,2
B004IQE7A6,4.0,2
B000ETN96O,5.0,2
B00BGGCC2G,4.5,2
B000ETN950,5.0,2
B004IQN4B4,5.0,2
B000YP17L2,5.0,2
B00BGIWIC8,5.0,2
B00G9TJ6BU,4.5,2
B00G9XOXNW,5.0,2
B000YQL73O,4.5,2
B000YRQ1G6,5.0,2
B000YRQ1FC,5.0,2
B000YRLUH6,4.0,2
B004ILV7HC,5.0,2
B000YRLU4Y,5.0,2
B004ILWU32,4.0,2
B00G9TEJSU,4.0,2
B00BGK8W7Q,5.0,2
B000ETQKOM,5.0,2
B00BGK5U5I,4.0,2
B00BGJI3VM,4.5,2
B000ETQ18W,5.0,2
B000YQI2O6,4.0,2
B000YQG1TY,4.0,2
B000ETQ18M,5.0,2
B000YQG1CG,4.0,2
B004INDOSU,4.0,2
B000YOTF7G,5.0,2
B004IRKC0E,5.0,2
B00BGFODVA,4.5,2
B004IULJCG,5.0,2
B000XE7OS4,5.0,2
B004IU1YXK,4.5,2
B000XE7Q32,5.0,2
B000YJN7XY,4.5,2
B004IULK66,5.0,2
B004ITUZH2,4.5,2
B004IUNRQC,5.0,2
B00BGFQDTK,4.0,2
B000YJG2S6,4.5,2
B00BGFOOA0,4.5,2
B00IAJYSHE,4.5,2
B004IVFXF4,5.0,2
B000XE7Q6E,5.0,2
B004IVI0KO,4.0,2
B000YM89HU,4.5,2
B000XE7NHG,4.0,2
B000YOOOX6,5.0,2
B004ISHHYM,5.0,2
B004IRPTL6,5.0,2
B000YOOH2O,5.0,2
B000YOKCQ4,4.5,2
B004IS3D04,5.0,2
B004IS43NA,4.5,2
B000YOKCJ6,5.0,2
B00IAFVSFI,5.0,2
B004IS92NG,5.0,2
B000XE7KKG,4.0,2
B000YN5D6O,5.0,2
B004ISLKEA,5.0,2
B000YM8VUK,5.0,2
B004ISNIJ0,4.5,2
B00BGFTM6Q,5.0,2
B000YN073I,5.0,2
B000ETKXRM,5.0,2
B000YMWMMI,5.0,2
B004IT7IJU,4.5,2
B00BGFS9FG,5.0,2
B000YRVHM4,5.0,2
B00G9SXP3G,5.0,2
B004IAAECC,5.0,2
B004IAEFPE,5.0,2
B000Z3EXIW,4.5,2
B000Z3A3JA,4.0,2
B00BGUWTY8,4.0,2
B004IA183G,4.5,2
B004IB5CGY,5.0,2
B004ID3UWU,4.0,2
B004ID41MS,5.0,2
B000YZLSXO,5.0,2
B000YZILES,5.0,2
B004IEZD56,5.0,2
B00BGV9Y86,5.0,2
B004I9UM2A,4.0,2
B000YRZJU0,5.0,2
B00BGVKZKW,5.0,2
B00BGVMZJ6,4.5,2
B000Z413PW,4.5,2
B00G9FIDV8,5.0,2
B000Z3YW06,4.0,2
B000XE5Z9E,5.0,2
B000XE63IQ,5.0,2
B004I8K8FM,5.0,2
B004I8WOZ4,4.5,2
B000Z3HRV2,4.5,2
B004I92Y8K,4.0,2
B000Z3R8MU,4.5,2
B000EUCQ4Y,5.0,2
B004I9J816,4.5,2
B00BGVJ46I,5.0,2
B004IF4CIE,4.5,2
B000XE686S,5.0,2
B004IF506C,5.0,2
B00G9MRLGE,5.0,2
B000YY5R4Q,5.0,2
B004IHEUN4,4.5,2
B00BGPCQ14,4.5,2
B00BGP4VEE,5.0,2
B004IHWIA6,5.0,2
B000XE6C0U,5.0,2
B000YTV59C,5.0,2
B000XE6DRW,5.0,2
B004IF6QT2,4.5,2
B000YTCIUM,5.0,2
B004IJ1TS6,5.0,2
B004IJ1X1Y,4.5,2
B004IJ2DL8,4.5,2
B004IJ2E08,5.0,2
B000XE6N4A,5.0,2
B000XE6R32,4.0,2
B004IJ8XAS,4.5,2
B004IGT2XI,4.0,2
B004IGP8R2,4.5,2
B00G9JI9KE,4.5,2
B00BGSZC4O,5.0,2
B000YZB0QO,5.0,2
B000EU01D2,5.0,2
B004IFJY5A,4.5,2
B004IFKN9Q,5.0,2
B000YZ81NY,5.0,2
B000YZ3P1W,5.0,2
B004IFP468,5.0,2
B004IFSQPO,5.0,2
B000YYYZIA,5.0,2
B00GDGOVSM,5.0,2
B000YYJ3EG,4.5,2
B00BGR2VX0,5.0,2
B00BGQCKN2,4.0,2
B004IVICTI,5.0,2
B000YD6BOC,5.0,2
B004JIJE5G,5.0,2
B00BG6CX3E,4.5,2
B004JJCFY2,4.0,2
B000YDDGE0,5.0,2
B000YDCDYE,5.0,2
B000YD8EQA,4.5,2
B000YD2GT6,5.0,2
B00IAVMR3E,5.0,2
B00BG61ZQK,5.0,2
B00GAV56JS,5.0,2
B000EPY4OY,4.5,2
B004JKA89U,4.5,2
B000YDFKSU,4.5,2
B00GD8UQ0M,5.0,2
B000XE8XSE,5.0,2
B000XE8EY2,4.0,2
B00GAQLIH2,5.0,2
B000YF7PJ0,5.0,2
B000YF54UC,4.5,2
B00GDAYQ8S,4.5,2
B000YEP69C,4.0,2
B004JCFDRA,5.0,2
B000YDPTH2,5.0,2
B000YDMOAC,5.0,2
B00GASR1HQ,4.0,2
B00IASX4BG,4.0,2
B000YDHS5S,5.0,2
B004JHQ0UE,5.0,2
B000YDHDYO,5.0,2
B00BG6KV6U,5.0,2
B004JKBJQ6,5.0,2
B000YC1BSO,5.0,2
B000YJ9576,4.0,2
B000XE9496,5.0,2
B004JNB80U,4.0,2
B00BG1NCUW,5.0,2
B004JO25G0,5.0,2
B00BG15E76,5.0,2
B000YB4U9W,4.5,2
B004JOPDBY,4.5,2
B000XE99P0,5.0,2
B000YAZQ32,5.0,2
B00BG156QA,4.5,2
B000YBVTVY,4.5,2
B00BG46DFU,4.5,2
B004JKGFD8,4.5,2
B004JKH60O,5.0,2
B004JKJ8RI,4.0,2
B000XE8YWE,5.0,2
B000YBDOI0,4.5,2
B00BG1ZQ2O,4.5,2
B000XE9054,5.0,2
B004JKQLEG,5.0,2
B000XE90UO,5.0,2
B00BG2MYXC,5.0,2
B00BG2KGVO,5.0,2
B000XE92GQ,5.0,2
B000EPR3JM,5.0,2
B000EPR388,5.0,2
B004JBK90W,5.0,2
B00GAOOY84,5.0,2
B00GABIMIK,4.0,2
B00BGFKUGM,4.0,2
B00GDCZD88,5.0,2
B00GAASLBY,4.0,2
B004J0U8SQ,5.0,2
B00BGFKI78,4.0,2
B000ESROO8,5.0,2
B00BGFKG02,4.5,2
B004J11PD2,5.0,2
B000YHWT08,5.0,2
B004J1HCZC,5.0,2
B000YHR85Y,5.0,2
B004J1MNB0,5.0,2
B004J1OO9E,5.0,2
B000YHR804,5.0,2
B00GDCZCRU,5.0,2
B00IAK9VGG,5.0,2
B00IAKBG82,4.5,2
B00GA9URRG,5.0,2
B004J0L2D6,5.0,2
B004JALYH0,5.0,2
B000ETIRNE,5.0,2
B004IVXRUM,4.5,2
B004IVZFXO,5.0,2
B00BGFNJEW,5.0,2
B004IWVV36,5.0,2
B004IWW7MK,5.0,2
B004IWXF2Q,4.5,2
B004IWXXCI,5.0,2
B004IX56KE,4.5,2
B004J0FN54,5.0,2
B00GA94J5C,5.0,2
B000ESW7Y0,5.0,2
B000ESSB36,4.0,2
B000YICF2O,5.0,2
B004J0BTPC,5.0,2
B00GA9QHWU,5.0,2
B000YHP6IA,4.5,2
B000ERAGB2,4.0,2
B00BGDSOIA,4.0,2
B004J6RIRO,5.0,2
B000XE83U2,5.0,2
B004J6YXRC,4.5,2
B004J73EBC,4.5,2
B00GANYRAA,5.0,2
B00GANYVQU,5.0,2
B004J8VB52,5.0,2
B00GANZE5W,5.0,2
B004J92HJU,4.0,2
B004J9GUWA,5.0,2
B00BGB3C8O,5.0,2
B000YG1NB0,5.0,2
B004JA5W3C,4.0,2
B000XE89HE,5.0,2
B00BGDV5LS,4.0,2
B004J6JLWY,4.5,2
B00BGE0YY6,5.0,2
B004J6F0HY,5.0,2
B00GAGFU9Y,4.5,2
B000YHHTP8,5.0,2
B000YHG5HG,4.0,2
B000YHG59O,5.0,2
B000ESJQAI,5.0,2
B00BGEZ392,4.0,2
B004J422MC,4.5,2
B00BGEWQJW,5.0,2
B000XE81YK,4.5,2
B004J4KIDW,5.0,2
B00BGEIGK0,4.0,2
B004J63SZ0,5.0,2
B004J64LSS,5.0,2
B004J68J7C,5.0,2
B00BOYFB0U,5.0,2
B00FZW2BQE,4.5,2
B004BZCEPE,4.0,2
B000WR4444,4.5,2
B00BNVHZ9Y,5.0,2
B004BZQE46,4.5,2
B0011Z2J8Y,4.0,2
B000FL5OTQ,4.0,2
B004C0V4CW,5.0,2
B0011Z1W00,5.0,2
B000FL5KOK,5.0,2
B00BNWQ4TK,5.0,2
B0011Z0ECC,5.0,2
B0011YZLWQ,5.0,2
B004C1VJG2,4.5,2
B000FL45AA,5.0,2
B004C2FMCS,5.0,2
B004C2M6EA,5.0,2
B004BZ7F58,5.0,2
B000FL5PPY,5.0,2
B004C2RF6E,5.0,2
B000FL9EME,5.0,2
B000FL9ERO,4.5,2
B004BVH3BI,5.0,2
B004BVJDXY,5.0,2
B004BVKCXY,4.0,2
B004BVO0PK,5.0,2
B0011ZETWS,4.0,2
B00BNZOFBG,5.0,2
B004BVUK2C,5.0,2
B000FL5QA8,5.0,2
B004BVV2R4,5.0,2
B0011Z9MZC,5.0,2
B0011Z6OGW,5.0,2
B000FL9EJ2,5.0,2
B00FZU6JVO,5.0,2
B00FZUC81E,5.0,2
B004C2X6H6,5.0,2
B004CA1DMS,4.5,2
B004C7FFPW,5.0,2
B000FL2ZAM,4.0,2
B004C5XXY4,5.0,2
B004C6A20G,4.0,2
B000FL225U,5.0,2
B00G03QTAQ,4.5,2
B0011VUB6K,4.5,2
B000FL223C,4.0,2
B00G03XYZE,5.0,2
B000WS002S,5.0,2
B0011UYV8K,5.0,2
B004C5S5PQ,5.0,2
B0011UYUTU,5.0,2
B00BNQLU72,4.5,2
B00G047CHY,4.5,2
B000WS0IM0,4.0,2
B00G04GM3E,4.0,2
B0011UV95S,4.5,2
B0011UT0YU,5.0,2
B000FL220U,4.0,2
B0011UQI36,5.0,2
B004C8MQ2Q,5.0,2
B00BNT8LBW,5.0,2
B00G038DEG,5.0,2
B004C3275C,5.0,2
B0011XQAKY,4.5,2
B0011XALKY,5.0,2
B00BNU3QDE,5.0,2
B0011WFO5W,5.0,2
B004C4A52S,4.0,2
B00BNTXI9W,4.5,2
B0011WD120,4.0,2
B00BNTTVC0,4.0,2
B00BNTTDKU,5.0,2
B000FL441U,4.5,2
B000FL40DM,5.0,2
B0011W603W,5.0,2
B00BO1234K,4.5,2
B0011ZIY5G,4.5,2
B001219MGY,5.0,2
B00FZJ8R6U,5.0,2
B000WQBSDK,4.5,2
B004BOQHSK,4.0,2
B000WQEA0I,5.0,2
B00121F7VS,5.0,2
B00I6DTD1A,4.0,2
B004BP31G0,5.0,2
B004BPI3CW,4.5,2
B004BPJQ6E,4.5,2
B004BPLSJC,5.0,2
B00121PZTC,5.0,2
B00FZL9WVW,5.0,2
B004BQQNP0,5.0,2
B004BQR0C0,5.0,2
B004BQS9D4,5.0,2
B001216C8K,5.0,2
B00121OCS2,5.0,2
B00BOH4MHK,5.0,2
B00FZP79KO,5.0,2
B004BM7TG6,5.0,2
B000WPPUVC,5.0,2
B000WPQ0PC,5.0,2
B00I65PZU6,5.0,2
B001221Y7S,4.5,2
B000WPWCTU,5.0,2
B000FNPUQ6,5.0,2
B000WQ5SHC,5.0,2
B00I65X2BU,5.0,2
B004BM7TKW,4.0,2
B00121TITK,5.0,2
B00I6CRX5E,5.0,2
B004BN3V6W,5.0,2
B00BOHA5XA,4.0,2
B004BNFO3U,5.0,2
B00BOF6SD8,5.0,2
B00BOF6QZ8,5.0,2
B004BRNL36,5.0,2
B00120MMCG,4.5,2
B004BRNMPS,4.5,2
B00GFZ59DW,5.0,2
B00BO7ROU2,4.5,2
B000FLSBZ0,4.0,2
B004BRU0E4,5.0,2
B00BO5IQAQ,5.0,2
B00BO4SWHY,5.0,2
B004BQZNT2,5.0,2
B004BRZ11G,4.5,2
B004BRZ8M8,5.0,2
B000WR0HOK,4.0,2
B004BTBX9S,4.0,2
B004BTVTJW,4.0,2
B00BO1XKU6,5.0,2
B004BUT8L2,5.0,2
B00120O2WE,5.0,2
B004BRNIIY,5.0,2
B000WQK4XK,4.5,2
B004BRA35U,5.0,2
B004BRBTSK,5.0,2
B004BRE004,5.0,2
B001214P0C,4.0,2
B00BOEIRLK,4.0,2
B004BRG412,5.0,2
B001211NCK,4.0,2
B004BRGVM4,5.0,2
B004BRGZC0,5.0,2
B001211CM6,5.0,2
B000WQG6SC,4.0,2
B00BOASDWM,5.0,2
B000WQG7HW,5.0,2
B00GFZN3R6,5.0,2
B00BOAHWV0,4.5,2
B004C9VBOE,4.5,2
B0011U2Z6A,4.5,2
B00122VL08,4.0,2
B00I6LU7BC,5.0,2
B004CQ9DL0,5.0,2
B004CQBGWO,5.0,2
B0011DQO82,5.0,2
B000WV4FE4,5.0,2
B00G0YUBHC,5.0,2
B00G0Z53C4,5.0,2
B004CQXHFI,4.0,2
B0011DPWT4,5.0,2
B000FKJY84,5.0,2
B000FKJU10,5.0,2
B00I6MLO7W,4.0,2
B0011DP500,4.5,2
B0011DOZ06,5.0,2
B00BN7KU8Q,5.0,2
B004CS0CB8,4.0,2
B000WVX0TA,5.0,2
B0011DOSMG,4.5,2
B000FKJZG0,4.5,2
B0011DTPJC,4.0,2
B0011DN7UU,5.0,2
B00G0SY4VM,5.0,2
B000FKK00K,5.0,2
B00BN7PMQ6,4.0,2
B004CNHQKI,4.5,2
B004CNIKWG,5.0,2
B0011FMEIE,5.0,2
B004CNIOPO,4.5,2
B0011FIVY0,4.0,2
B004CNKYS4,5.0,2
B0011EB850,5.0,2
B00BN7MAS4,4.5,2
B0011E8484,5.0,2
B004CNRDG0,4.0,2
B0011E5ZTU,4.0,2
B0011E5RMU,5.0,2
B00G0U1MHO,5.0,2
B004CA4HPS,5.0,2
B0011DMOCC,4.5,2
B00G14T72G,5.0,2
B004CZ0J64,4.0,2
B004CZ1XVO,4.5,2
B004CZ4ZK0,4.0,2
B0011DKZ7S,5.0,2
B000FKJLUA,5.0,2
B004CZKH0W,5.0,2
B00BN482FC,5.0,2
B0011DKXVG,4.0,2
B000FKJLTQ,4.0,2
B004CVHYM0,4.5,2
B0011DN2VE,5.0,2
B004CSR9J6,4.5,2
B00BN7JQGI,4.5,2
B0011DN37M,4.5,2
B004CSVUDM,5.0,2
B00BN7GPFS,4.5,2
B004CSWLDA,5.0,2
B004CSXTNG,4.0,2
B004CSYB1U,5.0,2
B00BN7FBTE,5.0,2
B0011DMZRG,4.5,2
B004CTCPIU,4.5,2
B00BN7FB9E,4.5,2
B00GFDXFVM,5.0,2
B00BN7FASQ,4.5,2
B004CTWVSO,5.0,2
B00BN7F6W6,5.0,2
B004CUHI5O,4.5,2
B000WTJ8JI,5.0,2
B004CNFCZ4,5.0,2
B00BN7VUAI,5.0,2
B004CDV6WC,4.5,2
B004CCUB42,5.0,2
B004CCUKSY,5.0,2
B000WSABC2,5.0,2
B0011NR2M4,5.0,2
B000FL0WAW,5.0,2
B0011NPB0O,5.0,2
B004CDQ7Z8,4.5,2
B000FKLN9W,5.0,2
B00BNHYZ4G,5.0,2
B0011NMOL8,4.0,2
B0011RWHFW,4.5,2
B000FKLN4W,4.5,2
B00G0JIQOW,5.0,2
B0011NKZ64,4.5,2
B000WSC2JC,4.0,2
B004CEJUFQ,5.0,2
B004CEN12Y,4.5,2
B00G0JUVYA,5.0,2
B00BNFYF20,5.0,2
B000WSCPXU,5.0,2
B004CF8WCW,5.0,2
B000WSA5XC,5.0,2
B0011FR6D2,5.0,2
B0011SA2XA,4.5,2
B000WS4OX4,5.0,2
B0011TZZ68,5.0,2
B0011TSFZG,4.0,2
B0011TQK9O,4.5,2
B0011TQ99U,4.5,2
B0011TPJVE,5.0,2
B004CACGSI,5.0,2
B0011TFV2G,5.0,2
B004CARRRS,5.0,2
B004CCPDQS,5.0,2
B004CBE7TS,4.5,2
B00BNL17ZC,4.0,2
B00BNL16RG,5.0,2
B00G0BR4GG,5.0,2
B004CCP6S8,4.5,2
B0011MU6T6,4.0,2
B004CM8A2C,5.0,2
B00G0O39TE,5.0,2
B000FKLCRA,5.0,2
B004CJGF8G,5.0,2
B0011FYB76,4.5,2
B004CM2OMO,4.0,2
B000WT9XKW,4.0,2
B004CM8NCE,5.0,2
B004CG1L6U,4.5,2
B000FKLBVW,5.0,2
B00G0O3A3Y,5.0,2
B004CMHDK2,5.0,2
B004CMT97C,5.0,2
B00G0O3ALG,5.0,2
B00G0O3B4W,5.0,2
B00BN9IP18,4.5,2
B0011FRP3S,4.0,2
B0011G99FE,5.0,2
B00G0NTJ8K,4.0,2
B004CI3ZMQ,4.5,2
B00G0L26D2,5.0,2
B0011MREUA,4.0,2
B000FKLLO4,4.5,2
B004CG7GW8,4.5,2
B004CG9YBY,5.0,2
B00BND68A4,4.0,2
B0011MNTVS,5.0,2
B0011MN9MM,5.0,2
B004CHFVYM,5.0,2
B004CHHUZU,5.0,2
B00BNC3ZD8,5.0,2
B004CHKUSE,5.0,2
B004CHMO88,4.0,2
B000WSK6RC,5.0,2
B004CHPCAA,5.0,2
B00BNBY7M2,4.5,2
B00BNBRQSY,4.5,2
B004BIVEW0,5.0,2
B000WN59Y2,5.0,2
B0012E3MD0,5.0,2
B0012DTZQY,4.5,2
B004ARUOQO,5.0,2
B0012DOZMI,5.0,2
B00I53BQSY,5.0,2
B00GGBLQQO,4.5,2
B004ATI6KS,5.0,2
B00BOK5LEK,4.5,2
B000WN5ADM,5.0,2
B000WN5J2O,5.0,2
B0012CJM8G,4.5,2
B00FYD6RLO,4.0,2
B00FYEUHV4,4.0,2
B00I54AL98,5.0,2
B000WN71TS,5.0,2
B0012E7UHY,5.0,2
B0012E9NWE,5.0,2
B004AUK3D0,5.0,2
B004ARQ5LM,5.0,2
B00GGG8KHC,5.0,2
B00BONF4DA,4.0,2
B0012GS2EC,5.0,2
B004ARPXBA,4.5,2
B004ARPXJC,5.0,2
B00BON4MA6,4.5,2
B004ARQ29M,5.0,2
B00I536JQ8,5.0,2
B004ARQ4QS,4.5,2
B0012FYH74,5.0,2
B004ARRKRU,5.0,2
B0012FLPRE,4.5,2
B004ARRVRE,4.5,2
B000WN0R4Y,4.5,2
B0012EN2BM,4.5,2
B004ARTS1G,4.5,2
B00FY7PO14,5.0,2
B0012BXYZE,5.0,2
B0012BVT88,4.5,2
B00BOJQY2E,4.5,2
B0012AKJ6W,5.0,2
B00BOJTHSM,5.0,2
B00FYOOR92,4.5,2
B004AY9NL4,5.0,2
B004AYAZES,4.0,2
B00BOJSXAA,4.5,2
B00BOJSKJ4,5.0,2
B0012AJQ3O,5.0,2
B0012AQO4S,4.0,2
B000WN9WQI,4.5,2
B00I57CRME,4.5,2
B004AZF6BO,5.0,2
B000WN9XF8,5.0,2
B004AZKKMO,5.0,2
B004AZLZBO,5.0,2
B00129EEP0,4.5,2
B00BOJRCSE,4.0,2
B0012AQNB2,5.0,2
B004AUM64O,5.0,2
B004AVBL62,5.0,2
B000WN7V7K,5.0,2
B000WN86C4,5.0,2
B0012BSEK4,5.0,2
B000WN873M,5.0,2
B0012BGIN4,4.0,2
B00FYL4H7C,5.0,2
B00BOJVBLS,5.0,2
B004AWKEDW,5.0,2
B00BOJUVIC,5.0,2
B004AWNSB2,4.0,2
B004AWOTMY,5.0,2
B00FY42MF8,5.0,2
B004AROCD0,5.0,2
B0012JB7CI,4.0,2
B004AIB476,4.0,2
B004AICIYY,5.0,2
B004AIE9PA,5.0,2
B004AIEAKE,4.5,2
B00I52S06G,4.0,2
B00BOVGEHW,5.0,2
B00BOVBMF6,5.0,2
B004AIAVYI,4.5,2
B0012J7VIW,5.0,2
B00I52V3CY,5.0,2
B0012J7I2Q,5.0,2
B0012J5ZJE,4.0,2
B000WLY65C,5.0,2
B00BOV8S08,5.0,2
B000FQRVX8,4.5,2
B000WLK9ZI,5.0,2
B00BOX5KGG,4.5,2
B00GGI1554,5.0,2
B004AI7C22,4.5,2
B00FXRVS9C,5.0,2
B004AI7FYW,4.5,2
B004AI7MX6,5.0,2
B000FQTRTO,4.5,2
B0012KCPJG,5.0,2
B0012KC5HS,4.5,2
B0012KAWKK,5.0,2
B000WLEDG4,5.0,2
B00BOX0D0O,4.0,2
B004AI8S2A,5.0,2
B004AI8SCK,5.0,2
B00I52H2ZQ,5.0,2
B004AI919O,5.0,2
B00FXSRJ4O,4.5,2
B004AKXOS6,5.0,2
B000WLZABQ,5.0,2
B0012IZB58,4.0,2
B00FXYC0G0,5.0,2
B00FXWOC40,5.0,2
B000FQNR5Y,5.0,2
B0012IJAX2,5.0,2
B000WMHK86,5.0,2
B0012HLPYU,5.0,2
B004AR0RMU,4.5,2
B004ALIDRM,4.0,2
B004AR4GDG,4.0,2
B0012HJBDW,5.0,2
B0012HE64Q,5.0,2
B0012H6HSY,5.0,2
B004ARM7OQ,5.0,2
B0012H6FA4,5.0,2
B00BORJSHY,5.0,2
B004ARMF9I,5.0,2
B0012ILWYW,4.5,2
B004AQ5NP2,5.0,2
B004AQ4VIC,5.0,2
B000WM1LJA,5.0,2
B000FQQEY0,5.0,2
B004AM81IW,4.5,2
B000FQPXKQ,5.0,2
B004AMCA5W,5.0,2
B000WM3B7K,5.0,2
B004AN272C,5.0,2
B00BOUJJCA,4.0,2
B004ANDE4C,5.0,2
B004AOFMTG,5.0,2
B000FQONYS,4.0,2
B000WM50HO,5.0,2
B004AQ0KVE,5.0,2
B004AQ1EP0,5.0,2
B00BOTIP8A,5.0,2
B000WNAB2M,5.0,2
B004BCXCUS,4.5,2
B00I5RETXO,5.0,2
B000WO2Q1A,4.5,2
B004BCZ5HQ,4.5,2
B000FPHHKQ,5.0,2
B004BD0ZS4,5.0,2
B000FPFYXS,5.0,2
B00127GC2A,5.0,2
B001270E74,5.0,2
B000FPEM36,5.0,2
B00FZ84I8C,5.0,2
B000FP4A6U,4.0,2
B004BEC93M,5.0,2
B00BOJE0Z2,5.0,2
B000FPPHTO,4.0,2
B004BFDZYS,4.5,2
B00I5LEC3C,4.5,2
B00I5LERYG,4.0,2
B00FZ2RLUK,5.0,2
B000FQ5T32,4.5,2
B00I5LFBNM,4.5,2
B00I5MJFOW,5.0,2
B000FQ5NYW,5.0,2
B00127X0JI,4.5,2
B000FQ4YQK,5.0,2
B004BCVBN8,5.0,2
B00I5QORAA,5.0,2
B000FQ2CBE,5.0,2
B000WNUEYW,5.0,2
B00GG1NYJ6,4.5,2
B00I5Q1I0C,5.0,2
B000WNVCU2,4.0,2
B00127OLMS,5.0,2
B000WO008G,4.0,2
B00127ITI0,4.5,2
B000WOG9DQ,4.0,2
B00BOJA6RS,4.5,2
B004BHJ8SS,4.0,2
B004BHLSFO,4.0,2
B00GG0N5L4,4.5,2
B004BHMFMY,5.0,2
B00FZDW06Y,5.0,2
B000WP8JMO,4.5,2
B00FZE0WVI,5.0,2
B004BIKXYU,4.5,2
B00FZCFC88,4.5,2
B004BIMMZS,5.0,2
B004BIPHQ4,5.0,2
B00FZEMH5C,4.5,2
B001235HX4,4.0,2
B001234BQ8,5.0,2
B001231E22,5.0,2
B00122Y7QI,5.0,2
B00BOJB8X4,4.5,2
B004BHGGWO,5.0,2
B000FP4A1A,5.0,2
B00125SIMY,5.0,2
B000WOU34M,4.5,2
B004BG95DM,4.5,2
B004BGDB50,5.0,2
B00FZ9QFM8,5.0,2
B00FZC9P0E,4.5,2
B000FP3FFC,4.5,2
B001250CFA,5.0,2
B000WOYWXK,4.5,2
B00I5WAQQ8,4.0,2
B004BGTZ2I,4.5,2
B00I5WEAW4,5.0,2
B00124CMLS,5.0,2
B00127X16U,4.5,2
B000FQ5VSK,4.0,2
B004B6AG5I,5.0,2
B0012879YE,5.0,2
B00BOJNQ5W,5.0,2
B00BOJNNKK,4.5,2
B004B7KEGI,5.0,2
B00BOJNE0Y,5.0,2
B00BOJN0A8,4.5,2
B001286S9Q,4.0,2
B001286R6U,5.0,2
B00BOJMK3G,5.0,2
B004B82EUQ,5.0,2
B000WNE3DA,4.5,2
B004B83WWU,5.0,2
B004B866OG,4.0,2
B004B8EA62,5.0,2
B000WNO3RG,5.0,2
B00BOJPKFG,5.0,2
B00128JEHY,4.5,2
B00BOJQO24,5.0,2
B004B3O8PA,5.0,2
B004B3XUJU,5.0,2
B000FQFSVA,5.0,2
B00BOJQGUE,5.0,2
B00128CTYO,5.0,2
B000FQFRLQ,5.0,2
B00128AR52,4.0,2
B00BOJO93A,4.0,2
B004B4B9ZQ,5.0,2
B00BOJP5UQ,5.0,2
B004B4JKXE,4.5,2
B004B4TMT6,4.0,2
B00FYX0OXQ,5.0,2
B001288WT0,4.5,2
B004B5D7IC,5.0,2
B001288EBQ,4.0,2
B00BOJL8F2,5.0,2
B001285UPO,5.0,2
B0012813UA,5.0,2
B00BOJGWHG,5.0,2
B004BC781C,4.5,2
B004BC9A4A,5.0,2
B00BOJGO2E,5.0,2
B00127Z866,4.5,2
B00BOJGKA0,5.0,2
B000FQ9J5G,5.0,2
B00127YMEA,5.0,2
B004BCABG6,5.0,2
B00127YHUE,5.0,2
B004BCE7PM,4.5,2
B004BCPORC,5.0,2
B004BCQ5G6,4.0,2
B004BBMD0O,5.0,2
B004BBANCO,5.0,2
B004BBAI38,4.0,2
B00FYZ64GA,5.0,2
B000FQ9J2E,4.5,2
B000FQ9DV6,5.0,2
B00BOJKT6Q,5.0,2
B000FQ9DSO,5.0,2
B00FYZ6ZKK,5.0,2
B00FYZ74IC,5.0,2
B004BARD3W,4.0,2
B00BOJJ1BU,5.0,2
B000FQ86S2,5.0,2
B004BAY7LS,4.5,2
B004BAYXPI,5.0,2
B000FQ6RRY,5.0,2
B000FKJLTG,4.5,2
B000FKJLSW,4.0,2
B004FT3I92,4.5,2
B004EU66UU,5.0,2
B004EVUA38,5.0,2
B004EVV730,5.0,2
B0010ZB436,5.0,2
B00G3LHWPG,4.0,2
B004EVZPJC,5.0,2
B00G3LOHP4,5.0,2
B00GEH8RVW,4.5,2
B00BLCTSM2,4.0,2
B000X2IQP6,5.0,2
B00BLAXEN8,5.0,2
B004EXVLIO,5.0,2
B004ETMO9I,4.5,2
B004ETKSVO,4.5,2
B0010ZIKBA,5.0,2
B004EMC6G6,5.0,2
B00G3KL60O,5.0,2
B004ENHALG,5.0,2
B00BLIH080,5.0,2
B00BLHBS66,4.5,2
B004ETKS0A,5.0,2
B0010ZIJXE,5.0,2
B004ERUA3C,5.0,2
B004ESUG1C,5.0,2
B004ESZH0W,5.0,2
B004ETD92O,5.0,2
B000FFQ4GE,4.0,2
B00G3OJT5Y,4.5,2
B000FECQPS,4.5,2
B0010WBDWG,4.5,2
B0010WRM80,5.0,2
B0010WR0BO,5.0,2
B004F4GQF0,5.0,2
B0010WNMUM,4.5,2
B0010WGBKU,5.0,2
B0010WD54K,4.0,2
B004F773Y0,4.5,2
B00BL3B5TU,5.0,2
B0010W8UO0,4.0,2
B004F82E20,4.5,2
B0010W8U1I,5.0,2
B004F849EG,4.0,2
B004F866FG,4.5,2
B0010W8E14,5.0,2
B0010W8CMU,5.0,2
B004F87K8S,4.5,2
B00BL59UL8,5.0,2
B004EZNKZ4,4.5,2
B004F05I30,5.0,2
B00BL8HBOI,5.0,2
B004F0MK4U,4.5,2
B000X2T330,5.0,2
B0010XKGTG,4.5,2
B004F0RA18,4.0,2
B000FERQM6,4.0,2
B004F1UAZK,4.0,2
B004F1DT30,5.0,2
B0010WY4KO,5.0,2
B004F1IA02,5.0,2
B004F1K8QG,5.0,2
B004F1LBMQ,4.0,2
B004F1M6KW,4.5,2
B004F1UAKA,5.0,2
B00110452C,5.0,2
B00BLJLYP4,4.0,2
B004EEX4YC,5.0,2
B00BLVSN0G,5.0,2
B000X1TW1O,4.5,2
B004EFPHFU,5.0,2
B0011224PK,4.5,2
B00BLV25KU,4.5,2
B00GERFVZ2,4.5,2
B004EEUWOW,4.0,2
B004EGYEVM,5.0,2
B00BLTNVDW,4.0,2
B004EGYV3S,5.0,2
B00BLTJYGU,5.0,2
B004EH0S5W,5.0,2
B004EHE6QY,5.0,2
B004EHI84U,5.0,2
B00111JRWY,4.5,2
B00G3HBZHG,5.0,2
B004EEV6C4,4.5,2
B00BLJM0IY,5.0,2
B000FGDISU,5.0,2
B004EBNGLG,4.5,2
B000FGJOB0,4.0,2
B00BLVUEJY,4.0,2
B004EC8V1K,4.5,2
B0011291CE,5.0,2
B004ED6UF8,4.5,2
B004EEL0BQ,4.5,2
B004EDH7A0,4.5,2
B000X1LRA8,4.5,2
B004EEAQ7A,5.0,2
B00G3DHM5E,5.0,2
B00G3DM9Y8,4.0,2
B004EHKLLS,5.0,2
B004EHKRAI,4.5,2
B004EHQ2KW,5.0,2
B00G3JIA3G,5.0,2
B004EHTSXK,5.0,2
B00G3K12NU,5.0,2
B004EHTY16,5.0,2
B00110IN3E,4.0,2
B00110HHIG,5.0,2
B00BLR727A,4.0,2
B00BLNSXSG,5.0,2
B00110F9SQ,4.0,2
B004EILYBI,4.5,2
B00110CG28,5.0,2
B004EJXDAC,5.0,2
B004EKHYDI,5.0,2
B004EKLCBI,4.0,2
B00G3J1I9E,4.0,2
B00110Q8R2,4.0,2
B004EHPZB4,5.0,2
B00BLPUFJE,5.0,2
B004EHM17K,5.0,2
B00BLQZ0NO,4.0,2
B004EHM9LS,4.5,2
B00BLQV29K,4.5,2
B001111XLC,4.5,2
B004EHMCAG,4.5,2
B004EHMWX8,5.0,2
B00110U72E,4.0,2
B004EHNHK0,5.0,2
B00110S3RU,4.0,2
B00BLQ0MNC,5.0,2
B00G3ITQGW,5.0,2
B00BLPXOLK,4.0,2
B004EHOQIM,4.0,2
B000FEEBKQ,4.5,2
B0010W80L8,5.0,2
B00BKMDQFS,4.5,2
B00BKKLG6G,5.0,2
B000FBLT9U,4.5,2
B0010O88ZY,5.0,2
B004FO5OYY,5.0,2
B000X7DEEE,5.0,2
B000FBL4OK,5.0,2
B000FBL4O0,4.5,2
B004FOD6A8,5.0,2
B00BKMHHN0,5.0,2
B000FBL0RG,5.0,2
B004FOK8EU,4.0,2
B000FBK5K4,5.0,2
B0010MGNLC,5.0,2
B0010MA3JA,5.0,2
B0010MA2M8,5.0,2
B0010LABIY,4.5,2
B0010L6ZYI,5.0,2
B004FN08XW,5.0,2
B004FMG6GG,5.0,2
B00G4LB6WA,4.5,2
B00I99P5VI,4.0,2
B0010S9IUE,5.0,2
B00G4EMAFE,5.0,2
B004FKH4C8,4.0,2
B000X4WCCW,5.0,2
B004FKQ2LM,4.5,2
B000FBT2G2,5.0,2
B00G4FUABY,5.0,2
B000X5VXIA,4.5,2
B00BKMW4AQ,5.0,2
B004FMDJXY,4.0,2
B0010OMFGM,5.0,2
B000X8VOQI,5.0,2
B004FPD1R0,4.5,2
B004F8B0Q6,5.0,2
B00G4R4KGI,4.5,2
B00BKCNC16,5.0,2
B00BKC0D18,5.0,2
B0010H8PX6,5.0,2
B00BKAZ0GS,5.0,2
B00BK9L0XQ,5.0,2
B00BK84ZWA,5.0,2
B004FRRMBY,4.5,2
B004FQPVL8,5.0,2
B004FS2TS4,4.5,2
B004FSMVZA,5.0,2
B000FA04QU,5.0,2
B0010H902G,5.0,2
B00BKCNSJ2,4.5,2
B0010L3B8Q,5.0,2
B004FQGM3E,5.0,2
B0010KYV4A,4.0,2
B0010KR07U,5.0,2
B0010KK4GE,5.0,2
B004FQEJIY,4.5,2
B004FQG3JW,4.5,2
B0010K3TQQ,4.5,2
B0010JXVV0,5.0,2
B000FAGMEI,5.0,2
B000X8YOD8,5.0,2
B0010J5G6I,5.0,2
B00BKDJDWC,5.0,2
B004FQK68Q,4.5,2
B0010HCY5G,4.5,2
B0010HB3BW,4.0,2
B00G4M84TW,5.0,2
B004FKCR5M,4.5,2
B0010SETQM,5.0,2
B000FDRNIY,4.0,2
B0010T0YY2,4.5,2
B0010SYWE6,5.0,2
B00BKUPF0E,5.0,2
B004FEDB3K,5.0,2
B004FEIE0U,5.0,2
B004FELFZ6,4.5,2
B004FCZU8G,4.5,2
B0010SXI3M,5.0,2
B000FDMX66,5.0,2
B004FF39HC,5.0,2
B004FF3G4I,4.5,2
B000FD98ZA,4.0,2
B0010SXGAC,5.0,2
B004FFJGBU,4.5,2
B00BKV4UXG,5.0,2
B004FCWHM8,4.0,2
B00BKOMANA,4.0,2
B004FAW6RG,5.0,2
B004F8BJ3U,5.0,2
B004F8EEIC,5.0,2
B00BKZQKKS,4.5,2
B00BKZQKI0,4.0,2
B0010V9HNO,4.5,2
B0010TMGVG,5.0,2
B0010TEWH2,5.0,2
B00I951D22,5.0,2
B0010TEWFO,4.0,2
B004FAWEBO,5.0,2
B00GEH6NQS,5.0,2
B0010TAN2U,5.0,2
B004FB217K,5.0,2
B004FBPSOI,5.0,2
B004FC69LS,4.5,2
B0010SXG48,4.0,2
B00BKTV7GG,4.5,2
B000FD98YQ,4.5,2
B004FK0VI2,4.0,2
B004FK15LE,4.5,2
B000FCGK84,5.0,2
B004FK2CZC,5.0,2
B004FK49GM,4.5,2
B00BKQ0V8O,4.0,2
B00BKP3QWS,4.5,2
B000FD98XC,5.0,2
B004FK5TWK,5.0,2
B004FK5X7G,4.5,2
B004FK5XWQ,5.0,2
B000X4UTFE,4.5,2
B004FK66U4,5.0,2
B004FK7R02,4.0,2
B004FK8TCW,4.0,2
B0010SIUSK,5.0,2
B00BKOR8E6,5.0,2
B0010SIODG,5.0,2
B0010SUFFQ,5.0,2
B000FCNUTQ,5.0,2
B004FG86VK,4.5,2
B00G4BX4PM,4.5,2
B000FD7EGA,5.0,2
B004FGCZ2G,4.0,2
B0010SWERS,4.5,2
B0010SWEIM,5.0,2
B00BKST7Z0,4.5,2
B004FH360U,4.5,2
B004FH9LIQ,4.5,2
B004FH9O56,5.0,2
B00G4DBR4A,5.0,2
B004FJH8U2,5.0,2
B0011291MO,4.0,2
B004EBK3LC,5.0,2
B004DBFW7S,5.0,2
B004DBG6NW,5.0,2
B004DBPTFI,5.0,2
B00117ZVA0,4.0,2
B000FKGJOG,4.5,2
B000WZIXRK,5.0,2
B004DBS8MY,4.5,2
B000FKGJ28,5.0,2
B000FKGJ0U,5.0,2
B000FKGILA,5.0,2
B000FKGIHO,5.0,2
B000FKGGLC,4.0,2
B000WZIZSC,4.0,2
B000FKGF3Q,4.0,2
B000FKEXFI,5.0,2
B000FKEUW4,5.0,2
B00117NZLC,4.5,2
B004DBBZEW,5.0,2
B001181QXU,4.5,2
B00G1P086Y,5.0,2
B004D9NO6G,5.0,2
B004D9RD7W,5.0,2
B004D9XDPI,4.5,2
B00BMTSD70,4.5,2
B00G1OID4E,4.5,2
B00G1OX6JQ,5.0,2
B00BMRH96I,4.0,2
B004DARI6C,5.0,2
B004DAT2MA,5.0,2
B000WZHEMA,5.0,2
B004DAV5NE,5.0,2
B00BMRZZ8M,5.0,2
B00GF6854G,5.0,2
B000WZKFS0,4.5,2
B00G1WMD6U,5.0,2
B00113UXSY,5.0,2
B00BMJJNOW,5.0,2
B00I84JNJE,5.0,2
B004DFS9X8,4.0,2
B004DGGCHC,5.0,2
B00115892Y,5.0,2
B00BMJT7Q6,4.5,2
B004DGOLD4,5.0,2
B00BMJ142Q,5.0,2
B00BMIY99W,5.0,2
B000FJNVMA,5.0,2
B000FJNSWI,4.5,2
B00G23OO3S,4.0,2
B0011409CI,5.0,2
B004DEJI9I,4.5,2
B000FKESPI,5.0,2
B0011706DW,4.5,2
B000FKEREU,4.5,2
B000FKER1S,4.0,2
B000FKD08Y,4.0,2
B004DCDTTU,4.5,2
B004DD0FG4,4.5,2
B000FK6F90,4.5,2
B004DDP3JS,5.0,2
B00G1WVKBY,5.0,2
B0011706EG,5.0,2
B00BML6848,4.5,2
B004DEFHIO,4.5,2
B000WZL0D4,5.0,2
B004DE1SA0,4.5,2
B00116SCH0,5.0,2
B00116JBXE,5.0,2
B001160LWE,5.0,2
B00G1XYE5W,4.0,2
B004D9LGJI,4.5,2
B00BMZJOV8,5.0,2
B000FKHNLY,5.0,2
B004D2QJK6,5.0,2
B00BN05HOA,5.0,2
B004D2RAS6,4.5,2
B0011DHVCA,4.0,2
B004D2RCBQ,5.0,2
B0011DHLX4,5.0,2
B004D2X0AS,4.5,2
B004D2X1JS,5.0,2
B0011DHW42,4.0,2
B004D2X1KC,4.5,2
B000FKHMJM,5.0,2
B000WY45S2,4.5,2
B0011DHG8Y,5.0,2
B000FKHMJ2,5.0,2
B0011DHEQS,4.5,2
B00BMXVZVC,5.0,2
B0011DHCU6,4.0,2
B004D2DQ9I,4.5,2
B000FKHO4A,5.0,2
B004D9HF0M,4.0,2
B004D1002U,5.0,2
B000FKHYCM,4.0,2
B00BN165UO,5.0,2
B0011DJBAK,5.0,2
B000FKHY4U,4.5,2
B000FKHY36,5.0,2
B000FKHY1S,4.5,2
B00I7CK23S,4.5,2
B000FKHOLS,4.5,2
B00I7DLZ1U,4.0,2
B000FKHXOG,5.0,2
B00G18VBYO,5.0,2
B000WXZE5Q,5.0,2
B0011DIYO4,5.0,2
B00GF7HHT4,5.0,2
B000FKHWGK,4.5,2
B00BMW51FO,4.0,2
B004D4UYM8,5.0,2
B004D8GTQY,4.5,2
B00BMUL96Q,4.0,2
B000FKGSUG,4.5,2
B00GF7H758,5.0,2
B000FKGSS8,5.0,2
B00G1ILD88,5.0,2
B000WYBWW4,5.0,2
B004D511EM,5.0,2
B004D8XYLM,5.0,2
B004D8XYPI,5.0,2
B00G1LT1PW,4.5,2
B00BMU63GW,5.0,2
B00BMU3EU0,5.0,2
B00G1MOZ2K,4.5,2
B000FKGSVK,5.0,2
B000FKGSXI,4.5,2
B00I7RN9VU,4.5,2
B004D6AR8M,5.0,2
B0011DFXJI,5.0,2
B004D51KKC,5.0,2
B000FKHLHA,4.5,2
B00G1AX43I,5.0,2
B004D53ZQE,4.5,2
B00I7IT9D6,5.0,2
B000WY5A9K,5.0,2
B000WY6KLM,4.5,2
B0011BOSTG,4.5,2
B00BMVSFLM,5.0,2
B000FKGT4Q,5.0,2
B004D5NN84,5.0,2
B004D61WWM,4.5,2
B004D66146,5.0,2
B0011ADLFY,5.0,2
B00BMI0GAS,4.0,2
B00G24VMKK,5.0,2
B00G3DCAOW,5.0,2
B00BM04IHI,4.0,2
B000X1B4TW,5.0,2
B000FH0RJ2,5.0,2
B00BM1VGOA,5.0,2
B004E2SVBA,5.0,2
B000FH0RGU,5.0,2
B004E2T25Y,5.0,2
B004E2XHIW,4.5,2
B004E2YE34,4.0,2
B004E3VGG6,4.5,2
B004E24GKK,4.0,2
B00112BTDI,4.5,2
B000FH0QVG,5.0,2
B00112BT6U,5.0,2
B004E50336,5.0,2
B004E55AWA,4.0,2
B004E58CFC,5.0,2
B004E5B73Q,4.0,2
B00BLZTGP8,5.0,2
B00G31H5Q2,5.0,2
B004E5F7AK,4.0,2
B000X15GJQ,4.5,2
B00BM3P1RQ,4.5,2
B004DWW96E,5.0,2
B00G2U7NR0,5.0,2
B00112DTWM,5.0,2
B000FH7YP2,5.0,2
B000X05MA0,5.0,2
B00BM6VS0W,4.5,2
B00G2VS73S,4.0,2
B00BM623QK,5.0,2
B004E0MMG2,4.5,2
B00BM5WQ0E,4.0,2
B004DZF8FU,4.0,2
B004DZS5BE,4.0,2
B00BM5IIJ2,4.0,2
B000X12SAQ,5.0,2
B004DZZRJW,5.0,2
B00112C9M8,5.0,2
B004E0B542,5.0,2
B004E5MCF8,5.0,2
B00I86NLPO,5.0,2
B000FGXBFK,4.5,2
B000FGXBGE,5.0,2
B004E79S8K,5.0,2
B00112AELQ,5.0,2
B004E7NZDY,5.0,2
B004E7OVDC,4.0,2
B00G34ZU52,4.0,2
B00GES81X0,4.5,2
B000FGXB6E,5.0,2
B00BLYSQ8M,5.0,2
B0011293P4,5.0,2
B004EB4EHG,4.0,2
B0011292WI,5.0,2
B004EBBVAY,5.0,2
B0011291TM,5.0,2
B00G33OUYK,4.5,2
B00G33FC10,5.0,2
B00112BSD4,4.5,2
B00112AIJ4,5.0,2
B000FGZ3EM,4.5,2
B00112BQNG,5.0,2
B00112B6PE,5.0,2
B00112AJXE,4.5,2
B004E62Z7W,5.0,2
B00112AJUM,5.0,2
B000FGZ360,5.0,2
B00112AHKO,5.0,2
B004E6M9VY,5.0,2
B004E64BI8,4.5,2
B00112AH0E,5.0,2
B004E65UW4,4.0,2
B000FGZ324,4.5,2
B004E67YLE,5.0,2
B00112AGJG,4.5,2
B000FGYUH8,5.0,2
B00112DUD0,5.0,2
B00112DUIA,5.0,2
B004DK61X8,4.0,2
B00113GE32,5.0,2
B000FIJM24,5.0,2
B000FIJ2WE,5.0,2
B00BMEQ75U,5.0,2
B00113GDQU,5.0,2
B004DKAUR6,5.0,2
B000WZPG7K,4.5,2
B000FIDOCI,4.5,2
B00113EZHE,5.0,2
B004DL5F5W,5.0,2
B00G2JM3E4,5.0,2
B00113EYRA,5.0,2
B00BMDZ8FG,5.0,2
B004DM2MO8,5.0,2
B00G2KEYZO,5.0,2
B00113GEG4,5.0,2
B00BMEZ9ZE,4.5,2
B00112DV9S,5.0,2
B00G2ESNIO,5.0,2
B00G29EBLW,5.0,2
B004DIW1HK,4.5,2
B00113LOJG,5.0,2
B00BMHCYUY,5.0,2
B004DIXWXC,4.0,2
B00BMH1KT0,5.0,2
B00113KB5E,5.0,2
B00BMGCOC8,4.0,2
B00I88YM0K,5.0,2
B004DJNEDE,5.0,2
B00G2G1FUU,4.0,2
B00113IF3O,5.0,2
B004DJY25S,4.5,2
B000FIZ9EY,4.5,2
B004DK2NP8,4.5,2
B000FISCSE,4.5,2
B00BMDNY16,4.5,2
B000WZT4L4,5.0,2
B004DQWDQG,5.0,2
B000FHC7VS,4.5,2
B004DQWNSE,5.0,2
B00112FL64,5.0,2
B00112DXB4,4.5,2
B004DQY77O,4.5,2
B00112DX8M,5.0,2
B004DRF5R4,5.0,2
B00BM8IN6W,5.0,2
B00BMDAJLY,5.0,2
B004DRS9V8,4.0,2
B004DSFPBO,4.5,2
B00BM8GRQA,5.0,2
B00BM8CH8W,5.0,2
B000FH9G30,5.0,2
B004DU0HFG,4.5,2
B00BM77GZM,5.0,2
B004DQC0U0,5.0,2
B004DMQ1OA,5.0,2
B000FI4S1E,5.0,2
B00BMCUSMK,5.0,2
B00BMCLCWU,4.0,2
B00G2NBZ2Q,5.0,2
B000WZREN4,5.0,2
B000FHEPYK,4.0,2
B004DPEJIM,5.0,2
B00112I2Q0,5.0,2
B00112HY7I,4.5,2
B004DPH5MY,5.0,2
B004DPHBWI,5.0,2
B00G2NNBBY,4.5,2
B00G2PI84M,5.0,2
B00G2PZHZK,5.0,2
B00C1LEUDE,5.0,2
B001UTBU4U,4.5,2
B003TISW82,4.5,2
B003VCN6YG,4.5,2
B00FM8CFLC,5.0,2
B000VSDSIC,5.0,2
B000I3M0GG,5.0,2
B00C3K8PP2,4.0,2
B003XU0VNA,5.0,2
B003XTS3E0,5.0,2
B000VEN430,5.0,2
B003VCWQ1K,5.0,2
B00FJIWNL2,5.0,2
B00FF03S40,4.0,2
B000H3GWX4,5.0,2
B0018AMFC2,5.0,2
B003Q61590,5.0,2
B00FM7LWC6,4.5,2
B000H8C7GU,5.0,2
B00FM7HAU4,5.0,2
B00GMOVDYU,4.5,2
B00FM77ZB8,4.0,2
B000H3GX2O,4.5,2
B003VCN038,5.0,2
B0017LQO0Q,5.0,2
B00FJIVB1A,5.0,2
B00CA9XGR8,4.0,2
B00FM9Q5EE,5.0,2
B0017LQP9G,5.0,2
B003XUOLYU,5.0,2
B00FJGJX4O,5.0,2
B000VSE3YK,5.0,2
B000H8C8I2,5.0,2
B000H3GR0M,5.0,2
B003VBLMLG,5.0,2
B000H3GRDY,4.5,2
B003XU5FV8,5.0,2
B003Q3G5KW,5.0,2
B003Q3GELW,4.0,2
B003VC6Z5S,5.0,2
B0018WY67C,5.0,2
B0018VYUCY,5.0,2
B00C6KTJAY,4.5,2
B0018V8908,4.0,2
B00HWQYH22,4.5,2
B003QA46T2,4.5,2
B00CA76Y7E,5.0,2
B0018SJ14E,4.5,2
B00C8BTND4,5.0,2
B00FM6E5OE,5.0,2
B00C8C7GU0,4.0,2
B00FM6B0DI,4.0,2
B003TI0DRU,4.5,2
B0016NWVPM,5.0,2
B000VS6NJI,4.0,2
B0017LA1QE,5.0,2
B000VKQR8I,4.5,2
B000VS645G,5.0,2
B003QAFXB2,5.0,2
B000VS0N1W,5.0,2
B0017LDC0G,5.0,2
B003QA23ME,5.0,2
B003Q9ZZZM,5.0,2
B003XS5JFC,4.5,2
B003XS8V8Y,4.5,2
B00FM6ZQVA,5.0,2
B00C3L50ZO,4.0,2
B003TIRIRI,4.5,2
B000VSBYYW,5.0,2
B0017LLLWW,5.0,2
B000VOLO14,5.0,2
B000VOLODC,5.0,2
B003Q8Z5NA,5.0,2
B0018SVJAI,5.0,2
B000VENXK4,4.5,2
B0018SOFDG,5.0,2
B00HYLEYDM,5.0,2
B000VKUO7I,4.5,2
B0018BWLGQ,5.0,2
B00C3GO032,5.0,2
B003TJE604,5.0,2
B003TJE5YG,5.0,2
B003XX43I6,5.0,2
B00C3GIHOK,5.0,2
B003V5ARYK,4.5,2
B003XX2LKS,4.0,2
B003PX8AVK,4.5,2
B003XX20U4,5.0,2
B0016LUMUA,5.0,2
B00C6P7G7C,4.5,2
B00C3GM70K,4.0,2
B000HLCKPA,4.0,2
B003PYAJ54,4.5,2
B0016LUTIK,4.5,2
B000VSFQLO,5.0,2
B0017LUYAW,4.5,2
B003PYFX2S,5.0,2
B00HUZSNKW,5.0,2
B00C3GMI8Q,4.5,2
B003XWYHP6,5.0,2
B000I4BZ7K,5.0,2
B003PZCO3I,5.0,2
B003TJE6NQ,4.5,2
B000H8IVTC,4.0,2
B000H8TM4K,5.0,2
B0016LEOAE,5.0,2
B003V53SAA,5.0,2
B003PW5456,4.5,2
B0016LFI8G,5.0,2
B00C6Q8F7Q,5.0,2
B00CAD1JC8,5.0,2
B000HLCI8E,5.0,2
B003TJEM76,5.0,2
B003XXKLAU,4.5,2
B000I4DUDM,5.0,2
B003XXHGGM,4.5,2
B000VDZGXM,5.0,2
B000HLCJ1K,4.5,2
B00FGQBPJS,5.0,2
B000H3GAHC,4.5,2
B0016LROU6,5.0,2
B003VAK0M4,4.5,2
B003PZHT10,5.0,2
B00C6NJ104,5.0,2
B000I4A65C,4.5,2
B003V8GCBY,4.5,2
B003V8H52O,5.0,2
B000VEDGUG,4.5,2
B003V8S05U,5.0,2
B0016M1P5A,5.0,2
B000H3GDJC,5.0,2
B000I48N52,5.0,2
B00C6N8FDI,5.0,2
B003TJ8PVU,5.0,2
B000H8C93G,4.0,2
B000H8C8K0,4.5,2
B0017LSU8K,5.0,2
B0018XW5J2,5.0,2
B00FMBBIU8,5.0,2
B003XUROPI,4.5,2
B00C6N36YG,4.5,2
B00FJFAGLO,4.0,2
B003XWGQHI,5.0,2
B003TJC1V0,5.0,2
B003V5KWWM,5.0,2
B0016LY0C6,5.0,2
B00FGQ9Z8Q,5.0,2
B003XWMH1C,5.0,2
B0017LUY98,5.0,2
B003PZNLZ8,5.0,2
B003TJC5BQ,4.5,2
B003XWM2GC,4.5,2
B00FMDUMS0,4.5,2
B000H3GBYO,5.0,2
B00C6ORUNI,5.0,2
B003V6GTLY,5.0,2
B0017LUXZI,5.0,2
B003XWIFCW,5.0,2
B0016LY6EI,5.0,2
B003V7EWXU,5.0,2
B000H8H78I,4.5,2
B003THY6TW,5.0,2
B003XQTQNA,5.0,2
B0018QZJUG,5.0,2
B003VECPEQ,5.0,2
B0018BV9AU,5.0,2
B00FGHS8YM,4.0,2
B00FM26HU8,5.0,2
B0017KG7S6,4.5,2
B0017KG7NQ,4.5,2
B000VKE5PU,5.0,2
B003XMNJO6,5.0,2
B0017KG7K4,4.5,2
B00CA65WUU,5.0,2
B0016Q4WBU,5.0,2
B00C8DCHDA,5.0,2
B003TFW8EE,4.5,2
B000HLF4MQ,5.0,2
B0017KG7BI,5.0,2
B003QL341W,5.0,2
B003VE32Q6,4.0,2
B003XMR4B0,5.0,2
B000VG3RSU,5.0,2
B000VG1ARU,4.0,2
B0016PZWOW,5.0,2
B003TGDMDE,4.5,2
B00C3VM6H4,4.0,2
B00FGI9SPO,4.5,2
B003TGAY6M,5.0,2
B0018RD72M,5.0,2
B00FF4AWIQ,4.5,2
B00FJU8X3C,5.0,2
B000HLF3TA,4.0,2
B0018BTE5W,5.0,2
B00FGIX4GI,4.0,2
B00FJV9OLG,4.5,2
B00FGFIIMQ,4.0,2
B003TFU0EO,4.0,2
B0016Q768Q,5.0,2
B00FJWN5RY,5.0,2
B003XKPIKQ,5.0,2
B0018QXQW4,5.0,2
B00C40LSUU,4.5,2
B000H85BRC,4.5,2
B003TFJOLE,5.0,2
B000H3I480,5.0,2
B000H7XQ4I,5.0,2
B0016VCDMU,4.5,2
B000I0U5LG,4.0,2
B00FGF1D3W,5.0,2
B00HVKBH2M,4.0,2
B000H3IHIM,5.0,2
B003QN1502,4.5,2
B000HLH2YO,4.0,2
B0018BWKFS,5.0,2
B003XKB0VW,5.0,2
B0018QVIH4,5.0,2
B0018BWLFW,4.5,2
B000VRKQZQ,4.0,2
B00C3WT680,4.0,2
B000I0ZI8G,4.0,2
B003XLGVLA,5.0,2
B00GMOTJSC,5.0,2
B0016Q77OO,5.0,2
B000H3I43A,5.0,2
B003TFQSCW,4.0,2
B003QLI9T4,5.0,2
B003TFPDMS,5.0,2
B003TFJU3G,5.0,2
B00GMOTGA8,5.0,2
B00C3WT3YW,4.5,2
B0016Q79HO,5.0,2
B00C685YX2,5.0,2
B0018QZCZ8,5.0,2
B000I0YJYU,5.0,2
B003XL33WA,5.0,2
B003VFWEWS,5.0,2
B00C3Y346I,4.5,2
B00FF5B37Y,5.0,2
B000H88PXO,5.0,2
B003VFY91W,5.0,2
B000H3I3S6,5.0,2
B0016PJSYM,4.5,2
B00C8D9JQI,5.0,2
B003VDEBQC,4.5,2
B003XQP6QG,5.0,2
B0018BKUNC,5.0,2
B003XQN8C0,5.0,2
B0017L4SWW,5.0,2
B00FM64G98,5.0,2
B003XQK404,5.0,2
B000I2P9KG,5.0,2
B0016P11Y2,4.5,2
B000I2MO9A,5.0,2
B00GMOV92G,5.0,2
B00C6CQMZC,5.0,2
B000I25WQM,5.0,2
B00C3NVX5S,4.5,2
B000VKQR7O,4.5,2
B003XPHDPO,5.0,2
B0018S5XXW,4.5,2
B00HWVQGDK,5.0,2
B000H3I0SY,5.0,2
B0018BKL68,5.0,2
B003XQST3I,5.0,2
B003THX986,4.5,2
B000VRYXT6,5.0,2
B00CA703DK,5.0,2
B00GLS4YF2,5.0,2
B003THW1TE,4.5,2
B000VEP9BU,5.0,2
B003QALAJ6,4.0,2
B0018BKC6W,5.0,2
B000VER68Y,4.0,2
B00HV490XG,5.0,2
B00FGJQN0Q,5.0,2
B003VDCJGQ,4.5,2
B003QBAI9S,5.0,2
B000VOMVLG,4.0,2
B000VESO5S,5.0,2
B0018BESI0,4.5,2
B00C3N1K7O,4.5,2
B00C3OBJUG,5.0,2
B003VDEJZA,4.5,2
B00C3Q60IU,5.0,2
B0016P87AS,5.0,2
B003TH2IYC,4.0,2
B000H3I3CC,5.0,2
B000H3I3GS,5.0,2
B000I20YW4,5.0,2
B003VDGNZY,4.0,2
B003QJ1YP2,5.0,2
B00GMOTTYG,5.0,2
B000VG0J7C,4.5,2
B0016PEOQY,5.0,2
B003XNBT60,4.5,2
B0017KJBZW,4.5,2
B003XNBS8Y,4.0,2
B0016PGXMC,4.0,2
B000H3I3HW,5.0,2
B003XN8PB2,5.0,2
B003XNM8KG,4.0,2
B00FGJF1Z4,5.0,2
B000VRXG8A,5.0,2
B0016P6RHI,5.0,2
B00C3OR8HO,5.0,2
B0018BQRGQ,5.0,2
B00GMOUTT0,4.5,2
B00FJPMNEM,4.5,2
B0018BT94S,5.0,2
B000I22LEI,5.0,2
B000I22LCK,5.0,2
B0016P7FOC,5.0,2
B0017KP8ZY,4.5,2
B003XNRM70,5.0,2
B00C3PQPEK,5.0,2
B0018BT9PW,5.0,2
B0018RJM6C,5.0,2
B000VKQJ22,4.5,2
B003V52L58,4.0,2
B003PVY6ME,5.0,2
B003UV0CZ4,4.0,2
B001945PBA,5.0,2
B000HLAHUU,4.5,2
B000HAYBIU,5.0,2
B00FJ64WUY,5.0,2
B003TMPDNK,5.0,2
B000I67M66,5.0,2
B00GM750FK,5.0,2
B003UT7D9O,5.0,2
B003YCBB9K,5.0,2
B000HAX1OA,5.0,2
B000H3D4P8,5.0,2
B003YCAOXO,5.0,2
B00FJ7GLH0,5.0,2
B00193UEWG,4.5,2
B003YC8G9S,5.0,2
B003PDRCBO,5.0,2
B000I66IT8,5.0,2
B001872RIC,4.5,2
B003UV0CUE,4.5,2
B000H3D3ZE,5.0,2
B00C88Y7RO,4.5,2
B001949CNW,4.0,2
B003PCQD8I,5.0,2
B000VTTCAE,4.0,2
B00194AXN0,5.0,2
B003TN77D8,5.0,2
B00FH3Z06Y,5.0,2
B003PCRXKU,5.0,2
B003YCG8EI,4.0,2
B00C77U5M2,5.0,2
B003YCF4WA,4.5,2
B003USZKHM,5.0,2
B000HAYBSK,4.0,2
B000VLHD4E,4.5,2
B003PD28YK,5.0,2
B0016J6T18,4.5,2
B00C88U6G0,5.0,2
B00FJ3Y950,5.0,2
B003TN1EL4,4.0,2
B00FJ4E1DO,4.5,2
B000I6C5QS,5.0,2
B000H3D86S,5.0,2
B00C75KXLW,4.0,2
B00192UQ4S,5.0,2
B00HUOXLFU,5.0,2
B003UVXEDG,5.0,2
B00FH1IVJE,5.0,2
B00GMOY270,5.0,2
B00192QCXW,5.0,2
B00C75KZPG,4.5,2
B000H3DAAC,5.0,2
B00HVMKJLA,5.0,2
B003YBKIY0,4.0,2
B00C899PNO,5.0,2
B00HWME8M0,4.0,2
B003YBIMUM,5.0,2
B0016JDM40,5.0,2
B00CAKAQKW,5.0,2
B0016JE4UG,5.0,2
B00C30HJGS,5.0,2
B003UW7PCG,4.5,2
B003UWUFLO,5.0,2
B000I62IUG,5.0,2
B00FJ9TVDY,5.0,2
B000H3D87M,5.0,2
B003TMNJSQ,5.0,2
B000VTRJSQ,4.5,2
B003UVNW60,5.0,2
B0018750A4,5.0,2
B003UVWZ7W,4.5,2
B001931ZFG,4.0,2
B000H3D9DK,5.0,2
B000VOL8CY,5.0,2
B003YBVQDC,5.0,2
B003PGAGC8,4.5,2
B00C75KZS8,4.0,2
B0017OLH32,5.0,2
B003YBRIP2,5.0,2
B00CAMCB8K,5.0,2
B0017PBBYG,5.0,2
B0017PBCJK,5.0,2
B00C2TSWLQ,5.0,2
B003YDWKSK,5.0,2
B003USE6NG,4.5,2
B003YDQQI0,5.0,2
B00195W6GG,5.0,2
B0016HG0T6,5.0,2
B003P73I9U,5.0,2
B003YDNP2A,4.0,2
B00C85IBII,5.0,2
B003TO74W6,4.0,2
B00C78OV8K,5.0,2
B003USEI2U,4.5,2
B003USG508,5.0,2
B003YD9XU8,5.0,2
B003YD9KEM,4.5,2
B00FH78VKM,5.0,2
B00C2TEV6G,4.0,2
B00185PVSW,4.0,2
B000I6H0JK,5.0,2
B003TOQ9PE,5.0,2
B00CAPLWDC,5.0,2
B003USDDUI,4.5,2
B00FMXQPTK,4.0,2
B003P6W6NU,5.0,2
B00C2TE2RY,5.0,2
B003TOJHBM,5.0,2
B000H3CP3K,4.5,2
B00C2TDNL0,4.5,2
B000HL18O4,5.0,2
B00FH7SVRK,5.0,2
B003P6XT1S,5.0,2
B00HYV27EA,5.0,2
B000H3CPAI,4.0,2
B003YE3W5O,4.0,2
B0017PSHN4,5.0,2
B000H3CPJO,5.0,2
B00194NITQ,4.5,2
B000H3CPOE,4.5,2
B000HLAEWG,5.0,2
B000VLIUMI,5.0,2
B00CAMCCKC,5.0,2
B00186I3GI,5.0,2
B003PBZZG0,4.0,2
B0016J4TD8,5.0,2
B003USJZYG,4.0,2
B00186LSWE,5.0,2
B003PC19YG,4.0,2
B003YCN6XO,4.0,2
B00HWMBH2Y,5.0,2
B003PC3JRG,5.0,2
B00HYU6E2M,4.0,2
B00194B68G,5.0,2
B003YCSLYI,5.0,2
B00GL67DBQ,5.0,2
B000HBIFNG,5.0,2
B000H3CPNA,4.0,2
B003YD0BKY,5.0,2
B00C2USOMW,5.0,2
B000HBIQZS,4.5,2
B000HLAEQ2,5.0,2
B003USI9VG,4.0,2
B000HB9TUO,5.0,2
B003USIJ48,5.0,2
B000I6F4ES,5.0,2
B003PAU08O,4.5,2
B00FJ2PXAG,4.0,2
B003YCYKYI,4.0,2
B00FMVWU96,4.5,2
B0016J2OZI,4.0,2
B000HB0052,5.0,2
B0016J2UDY,5.0,2
B000I6F4CA,5.0,2
B003YCW9FK,5.0,2
B000VTO04C,5.0,2
B003V2M836,5.0,2
B003V24UH8,4.0,2
B003PM80ES,5.0,2
B000H3EPS8,5.0,2
B000H3EPUQ,5.0,2
B00FMIBS0Q,4.5,2
B003PNQM24,5.0,2
B00190OW22,5.0,2
B000H96SPK,4.0,2
B00188MDE4,5.0,2
B0017M2C4M,5.0,2
B00C6WFDDE,5.0,2
B003Y53Y8I,5.0,2
B000HLCGF4,5.0,2
B000VOLKRC,5.0,2
B000I4YHFC,5.0,2
B000I4YAG8,5.0,2
B0017LZB7I,5.0,2
B00C38A9WG,5.0,2
B003Y608RW,5.0,2
B00188HMEK,5.0,2
B00FMIOJOS,4.0,2
B00HUX1R8Y,4.0,2
B000VSYAZM,5.0,2
B003V16DOW,5.0,2
B000H9RU7A,5.0,2
B003Y5LIHW,5.0,2
B000VDFK24,5.0,2
B003V1DMO6,4.0,2
B003V24H8A,5.0,2
B00C37O7NE,5.0,2
B0016KZ0VC,5.0,2
B0017M4JFM,5.0,2
B00FEQPPIC,4.0,2
B000I4X9D8,4.0,2
B000VKZP22,5.0,2
B003TMB6ZY,4.0,2
B00FEXCHD6,4.5,2
B003PQYR2I,4.0,2
B0017LXS9Q,5.0,2
B0018A36RK,5.0,2
B0018A3OAY,5.0,2
B0017LW9R8,5.0,2
B00CAHBLP4,5.0,2
B000I4O7RA,4.5,2
B000H3F7X0,5.0,2
B00FGR007K,4.0,2
B0016LACRS,4.5,2
B003V40QII,5.0,2
B000VDWKAY,4.5,2
B0016LBWU4,5.0,2
B003V4MYLA,4.0,2
B003PVOFI4,4.0,2
B00C3CDM58,5.0,2
B0017LXUJO,4.0,2
B003Y16EC0,5.0,2
B00189835G,5.0,2
B000H3F2US,4.5,2
B00C6WC0A8,5.0,2
B00190IY6C,4.5,2
B0016L5CBY,4.0,2
B000H3F3CA,4.5,2
B000I4VHO6,5.0,2
B000I4TXQ0,5.0,2
B003Y2XZIU,5.0,2
B003V2P32Y,4.0,2
B003Y17FEQ,4.5,2
B000VKYGV8,5.0,2
B003PP6PB0,5.0,2
B00C6V1D0C,5.0,2
B000H94KJQ,5.0,2
B00GMOWXAI,5.0,2
B00CAHRAHC,5.0,2
B003Y263ZM,5.0,2
B00FEWKQ6C,4.5,2
B000VOLJ6Y,4.5,2
B00C72TGNQ,4.0,2
B003PJOAVS,5.0,2
B000VOLIX8,5.0,2
B003TLY22E,5.0,2
B0017OHAXS,5.0,2
B00FEMXCS6,4.0,2
B003UYW4Q6,4.5,2
B00HUU6PD4,5.0,2
B003Y86DME,5.0,2
B003TLS0EK,5.0,2
B003Y86D1A,5.0,2
B003Y869FA,4.5,2
B003UYZ9HC,4.0,2
B00C32AD28,5.0,2
B003UYZ9M2,5.0,2
B0016JL8PK,5.0,2
B00C75KSW6,5.0,2
B0017OG19W,5.0,2
B00192MWEU,5.0,2
B00C89QLNG,4.0,2
B0017OB28W,5.0,2
B000H3EMKY,5.0,2
B000VOLF40,4.0,2
B003Y8L45A,5.0,2
B00192OHC0,5.0,2
B0016JHMQE,5.0,2
B00C75KXI0,5.0,2
B00C30POSI,5.0,2
B0016JFHNE,5.0,2
B003PGMN8S,4.0,2
B00C313TS4,4.5,2
B003TM6ZM8,5.0,2
B00HWMNZ6U,4.0,2
B000H3EMCM,4.5,2
B00C75KSYO,4.5,2
B003Y9O1D6,4.0,2
B003UYEJX2,5.0,2
B003PGWIAG,5.0,2
B003PH05HI,4.5,2
B003Y9MWFU,5.0,2
B0016JP1US,4.5,2
B00HUUGJ1C,5.0,2
B00FEQ9C1S,5.0,2
B00C33XEV4,4.0,2
B00FEPQBMC,4.5,2
B00192HX0S,5.0,2
B000I5K3PE,5.0,2
B003Y6F0J8,5.0,2
B003TJLNXW,5.0,2
B000VT54QK,5.0,2
B00C72W85Y,4.5,2
B003Y6DF7C,5.0,2
B003V0YTQM,5.0,2
B003V115T0,4.5,2
B00GLAFEIQ,4.5,2
B0016KVGS8,4.0,2
B00FMNP0L4,4.5,2
B000VL1Z0M,4.5,2
B0016KVLEM,5.0,2
B000H3EOHK,5.0,2
B00GMOXK7I,5.0,2
B000VSYCXM,4.5,2
B00192L16A,4.0,2
B00C3376L8,4.0,2
B00C33GPMY,5.0,2
B00GLAAW2Y,5.0,2
B003PIRFG6,4.5,2
B003Y7N6CU,4.5,2
B00FGXKMKE,4.0,2
B000HA2IYE,5.0,2
B00C73TEK0,4.5,2
B003Y6HTV0,5.0,2
B00C33H0CS,4.0,2
B0016KAROM,5.0,2
B0016KSM26,4.0,2
B00188AOJA,4.5,2
B00FEPKH7M,5.0,2
B003TDN94E,4.0,2
B0016WE3MM,5.0,2
B00FH7TQW4,4.0,2
B00C9G4YN2,5.0,2
B00GLOUJFA,4.0,2
B00FFL4WGC,5.0,2
B000VONB2Y,4.0,2
B00C9GI65E,5.0,2
B003RXPCAU,4.0,2
B000VP01G2,5.0,2
B000HP01UM,5.0,2
B000HP0206,5.0,2
B000H73MJW,5.0,2
B000HX2SZ0,4.5,2
B003VSMFHO,5.0,2
B003RYB0FK,4.5,2
B00FG2COBU,5.0,2
B000VOPQEK,5.0,2
B003STPWTE,5.0,2
B0017IC7QO,5.0,2
B000H73Q16,5.0,2
B0018NPFXU,5.0,2
B000HX4K92,5.0,2
B00HXXQ73G,4.0,2
B003RUL8I8,5.0,2
B003WQUORI,4.5,2
B000HX4J4S,5.0,2
B0018DJO0A,4.5,2
B00HVIT4L0,4.0,2
B003RWMS9Y,5.0,2
B00175X8I8,5.0,2
B00FKJC5KO,4.5,2
B0017IQWA6,4.5,2
B000HP01QG,5.0,2
B0017IL1BG,5.0,2
B0017IG4P4,5.0,2
B00C9HGGQO,4.0,2
B003WQLNGY,5.0,2
B00GLND4SK,5.0,2
B000HX2ST6,4.0,2
B0018NPUNU,4.0,2
B00FFL8LMI,5.0,2
B003VTPB88,4.0,2
B000HX0VK4,4.5,2
B000H702QS,4.5,2
B0018N3PBY,4.0,2
B003WM3W7Q,5.0,2
B00C8UNCDM,4.5,2
B003STI2TQ,5.0,2
B00176GTT2,4.5,2
B00C515BOM,5.0,2
B00C9ES44O,4.5,2
B00C9ES160,4.0,2
B000H706O6,5.0,2
B003S1Q4NU,5.0,2
B0017HIL7E,4.5,2
B00FFLBY9A,5.0,2
B00C517DMU,5.0,2
B003S14VLW,4.5,2
B003VTCZ46,5.0,2
B000VOPJ9C,5.0,2
B003STP5XW,5.0,2
B003WP1PMW,4.5,2
B003RYUFYW,5.0,2
B00176B8O8,4.5,2
B003RYZUI8,5.0,2
B003WP0PHS,5.0,2
B003WOW2FW,5.0,2
B000H6ZVQ0,4.5,2
B003RZIUBQ,5.0,2
B000H6ZVZG,5.0,2
B000HX2K6C,4.5,2
B003WOU4KC,5.0,2
B003WORRMU,5.0,2
B00176BI0C,4.5,2
B00176EY12,4.5,2
B003STK10E,5.0,2
B003VSVRGO,5.0,2
B000VPEAAU,5.0,2
B003SW533G,4.5,2
B00175E77Y,5.0,2
B0018NUUHG,5.0,2
B0018NU56C,5.0,2
B003VPSN8M,5.0,2
B003SYTLDM,5.0,2
B00FG62RV8,5.0,2
B000VPPMZ2,5.0,2
B00FL3B96A,5.0,2
B00C8R39QU,4.0,2
B003RQ9BSQ,5.0,2
B00FKGOBAY,5.0,2
B000HX6KCC,4.0,2
B00FG5Q7OC,5.0,2
B003VQ0I3O,5.0,2
B00C9KK82Y,5.0,2
B003VQ4S1W,5.0,2
B003WSVAWO,5.0,2
B00173TJUG,5.0,2
B003WSLS44,4.0,2
B0018NVCO6,4.5,2
B00FL3HB30,5.0,2
B00FG6RJ6G,5.0,2
B0017JR6M8,5.0,2
B00FL4IQAQ,5.0,2
B00GMCYF8I,5.0,2
B0018OOFSA,5.0,2
B00C5RMGFI,5.0,2
B00C9N6SBQ,4.0,2
B00172YCZ4,5.0,2
B00FFJ1IXE,5.0,2
B00C5RMG8A,4.0,2
B00C9N1CTE,4.5,2
B003SYTLPU,4.5,2
B000H6W2HQ,5.0,2
B00FL3IG5W,4.5,2
B000HOT95G,4.5,2
B003WSJDVE,4.0,2
B003RQYW3U,4.5,2
B00FFJOSQI,5.0,2
B003VQCQ16,5.0,2
B003WRNTDS,4.0,2
B0018DE6JO,5.0,2
B00C5RM5GI,5.0,2
B00C9IPYGQ,4.5,2
B000H6WDKM,5.0,2
B003WRNLVI,5.0,2
B003WRNHCG,5.0,2
B00C9I3R06,4.5,2
B003WRLYBC,4.5,2
B003VRAIPG,5.0,2
B0017JFOAE,5.0,2
B003WRHRSG,4.5,2
B00FFJGAE6,4.5,2
B003SWLED4,5.0,2
B003RSIZOU,5.0,2
B003RSJUBC,5.0,2
B0018NRJSO,5.0,2
B0018DE6AI,4.5,2
B000H73VK2,5.0,2
B00C5RM6BW,4.5,2
B00FFJ4W0U,5.0,2
B00C9KD2Y0,4.0,2
B00C8R4XWY,5.0,2
B003WSCPNC,5.0,2
B00C4VL034,5.0,2
B003WRRHPE,4.5,2
B003SWRPXM,5.0,2
B003VQEB78,5.0,2
B000HOXYQQ,5.0,2
B0018NS83Y,5.0,2
B00C4VN06Y,5.0,2
B0017JP0QW,5.0,2
B00FL31U8W,4.5,2
B003RSCIMU,5.0,2
B00C5RM7JS,5.0,2
B003WRP7TC,5.0,2
B0017JG3TU,5.0,2
B000HWQA4Q,4.5,2
B00GMM7GTI,5.0,2
B003WCWJ0C,5.0,2
B003WCRIJY,4.0,2
B00GMI4CMG,5.0,2
B000HTUB8U,4.5,2
B000VHWZUU,5.0,2
B00178ROU8,4.0,2
B000HTPBB2,4.5,2
B003WCMO7A,4.5,2
B003SQ1IH2,5.0,2
B003SGDMW6,4.5,2
B000H71Y4W,4.5,2
B000VOPE7O,5.0,2
B003SGLPX4,4.0,2
B003SP12T2,5.0,2
B000HRMF2C,5.0,2
B003WA0W94,5.0,2
B00FG0JYVK,5.0,2
B000HQ8QW6,5.0,2
B00178HOEE,5.0,2
B003SFF0FY,5.0,2
B003SQVHUA,5.0,2
B000VOP6PY,4.5,2
B00C8WC47A,5.0,2
B000HQXPNG,4.5,2
B003SQKZH6,5.0,2
B00C59NZTM,4.5,2
B003SFSRTU,5.0,2
B003WG723C,4.5,2
B003WEUTCU,5.0,2
B003SGSEB0,5.0,2
B00C517T4M,5.0,2
B0018L8BLU,5.0,2
B0018KB082,5.0,2
B003SKMO1M,4.5,2
B000H724SM,4.0,2
B00C8X5SBS,5.0,2
B000VOP9DI,5.0,2
B000H72BJ4,5.0,2
B001792A74,4.5,2
B00HVEFPSA,4.5,2
B0018K7AGS,4.5,2
B003W01PUO,5.0,2
B003W5KD66,4.0,2
B003W5IQX8,5.0,2
B00FKVWEYO,4.5,2
B00FKVY7P8,5.0,2
B003SJ904C,4.0,2
B003W3K796,5.0,2
B0018JGUIS,5.0,2
B00C5NGVM6,4.5,2
B00C5NFDHA,5.0,2
B00FKW2BHI,5.0,2
B000VOPCO4,4.0,2
B000VOP8SY,4.5,2
B003SIMQIK,5.0,2
B00178YQH2,4.0,2
B003VXTFCM,4.5,2
B003SH0Q2O,5.0,2
B003W950MY,4.0,2
B0018IYTFU,5.0,2
B003VYGGZK,5.0,2
B00FKW6UTI,5.0,2
B003W93EZY,4.5,2
B003SHZ3QI,5.0,2
B00C5QBZV0,4.5,2
B003SI0A5Q,5.0,2
B00FFWXT8S,5.0,2
B00C5GVHY0,4.5,2
B003SI18AC,4.5,2
B003W923PQ,5.0,2
B000H731BQ,5.0,2
B003VZQNQ6,4.5,2
B003SLKFUI,4.5,2
B003W8FN54,4.5,2
B00178Y7JO,5.0,2
B0018KGUR8,4.5,2
B000VOPF5A,5.0,2
B00178FNSS,4.0,2
B003VWYGJK,5.0,2
B000VHTX1E,5.0,2
B00C99O78G,5.0,2
B003S8Q0PA,5.0,2
B000HP4B4E,4.5,2
B00HXIAHFA,5.0,2
B0018E8P04,5.0,2
B00C530EZG,5.0,2
B003VVYGLO,5.0,2
B00FKQ43RA,4.5,2
B003S9IULQ,5.0,2
B00176TMVE,5.0,2
B0018EMZT6,5.0,2
B000VIMV1W,5.0,2
B00176TRJG,5.0,2
B0018MITSY,5.0,2
B003S9PS4I,5.0,2
B00FKQNKRO,4.5,2
B003SSRLYE,4.0,2
B0018MNU2Y,5.0,2
B003S84E1M,4.5,2
B00C9ER8F0,4.0,2
B003S5ZAE0,4.5,2
B00C51JMNI,5.0,2
B00C9EQU1S,5.0,2
B00FKOAPJ2,5.0,2
B0018MXEQ6,5.0,2
B00C9DY2NW,4.5,2
B00FFLHHAA,5.0,2
B003WL7TOE,4.0,2
B00FKPDTOE,5.0,2
B0018E0DRM,5.0,2
B00176JNTK,5.0,2
B003SSUG8C,5.0,2
B00FG2C2AS,5.0,2
B003SSUECA,5.0,2
B003S7EMM4,5.0,2
B0018MTMK8,5.0,2
B003SSTLJC,4.5,2
B003SACMBY,5.0,2
B003SALLNY,5.0,2
B00FG0SZOC,4.0,2
B000VOPFPU,5.0,2
B000VOP2NK,5.0,2
B0018HMNJ0,5.0,2
B003WHZY7C,4.5,2
B000HTWXA4,4.0,2
B003WHBM8M,5.0,2
B003SSNWBK,5.0,2
B003WH87I0,5.0,2
B00C55PQCA,5.0,2
B000VOP4BU,4.0,2
B0017GB730,5.0,2
B00C5RG94C,5.0,2
B00C57C180,4.0,2
B00HXNFEKI,5.0,2
B00FKSQIVW,5.0,2
B00FFQP69Y,4.5,2
B003SD7EG4,5.0,2
B0018MGIQ4,5.0,2
B0018ME3OI,5.0,2
B003WKUFEG,4.0,2
B00C552W36,4.5,2
B003WKMH7O,4.5,2
B00176XKBC,4.0,2
B00FG1D0TQ,5.0,2
B00HVB3U94,4.5,2
B0018GL8GK,5.0,2
B00FKZEC7W,5.0,2
B0017GXC7Y,5.0,2
B003SDDADA,5.0,2
B003VWL5QC,4.5,2
B00C93XJ9A,4.5,2
B003VWM4GW,4.0,2
B00FKZ39JY,5.0,2
B00172WCSI,4.0,2
B00172WCQK,5.0,2
B003RKVFZO,4.0,2
B00FLNFYPC,5.0,2
B003VKVYOM,5.0,2
B003QTZW3C,4.5,2
B003XDJKOS,5.0,2
B00C48Q7MG,5.0,2
B003XD9PWK,5.0,2
B00C8GC0MK,5.0,2
B000HLRPDW,4.5,2
B003QUSPMQ,5.0,2
B000H5MBD2,5.0,2
B0017K0IJ0,4.5,2
B0018QHUBM,4.5,2
B003XCPEQC,4.5,2
B003QXLFAW,5.0,2
B0018QHTRM,4.5,2
B000HZSEGK,5.0,2
B00GLH2EE6,5.0,2
B003QTWV36,5.0,2
B003XDN616,4.5,2
B003T4OIDY,5.0,2
B0017K4ATE,4.0,2
B000HLJTPE,4.0,2
B00C44EXNU,4.5,2
B000H46N64,4.5,2
B003QTNHCU,5.0,2
B000VGQUV6,4.0,2
B00C44KAD2,4.5,2
B001706SAS,5.0,2
B003XF77MI,5.0,2
B003XF7426,5.0,2
B003QTR4Q0,5.0,2
B00HX2HRS6,5.0,2
B000H4EI4S,5.0,2
B00GMAVXA8,4.5,2
B003QTUYXK,5.0,2
B003QTWSKC,5.0,2
B003T4OIQQ,5.0,2
B003VKX8CI,5.0,2
B00FFDZ8W2,4.5,2
B000H698YG,4.0,2
B0017JXFL4,5.0,2
B0018QEI3U,5.0,2
B003XA56R6,4.0,2
B000HLVL0K,5.0,2
B00FLKP0VI,4.0,2
B003XA0EMI,5.0,2
B003X9XL74,4.5,2
B0018BY2FO,5.0,2
B000H5RCL8,4.5,2
B00C62S0KM,4.5,2
B000VQUB7K,5.0,2
B0018QE7SQ,4.0,2
B00HVKAY5I,4.0,2
B000H68400,5.0,2
B00HX2P670,5.0,2
B000VQW8FI,4.5,2
B003R12O2G,5.0,2
B003XCEVD4,4.0,2
B000H7BC9E,4.5,2
B00170EEN6,4.5,2
B000HZRXE4,4.5,2
B00170F53E,4.5,2
B003R12GLU,4.0,2
B000HZQVRY,5.0,2
B00C4BLXJU,5.0,2
B003XALOBI,5.0,2
B00HX2KNMS,5.0,2
B00170HJHE,5.0,2
B00170KCMI,5.0,2
B003XAEZ6Y,4.5,2
B003R1ZA8G,4.5,2
B00C4B3QN6,4.5,2
B003QTNH7A,5.0,2
B003VJXUHW,4.0,2
B00FFAMYW2,4.5,2
B00CA4OZ00,4.0,2
B0017K9WU6,4.5,2
B000H3IOFS,5.0,2
B0018QPCGW,4.5,2
B00GMOJ8BK,5.0,2
B003TC2YNC,4.0,2
B003VIBBME,5.0,2
B00HYBFM9W,4.0,2
B0016WMATK,5.0,2
B0017K9WJW,5.0,2
B0018QMVXY,5.0,2
B00CA3BSVA,4.0,2
B0018QMSL4,5.0,2
B00FLVGDXQ,5.0,2
B0018BWP12,5.0,2
B000VKCXMC,5.0,2
B00GMOPXTQ,5.0,2
B003QOI5Q8,4.0,2
B003TDN8C2,4.5,2
B003XK7BVA,5.0,2
B00CA5KLFW,4.5,2
B003VHUK5Y,5.0,2
B003VHWX68,5.0,2
B00C8DLJ4I,5.0,2
B003QNFPSU,4.5,2
B003QNW5YC,4.5,2
B000VOMYI6,5.0,2
B0018BWOFY,4.5,2
B000H3IOFI,5.0,2
B00C40UJ0A,5.0,2
B0018BWLKM,5.0,2
B003TC9C8W,5.0,2
B00FJXXDK2,4.0,2
B0018BWNSC,5.0,2
B003XJK64A,5.0,2
B00C4131K4,5.0,2
B00C41E9QY,4.5,2
B00FJYYUEE,5.0,2
B000VRCSWU,4.5,2
B0018QJJ2A,4.5,2
B003VJVT84,5.0,2
B00C440RGC,4.0,2
B00CA28SVE,4.0,2
B0018QJHAE,5.0,2
B003XFVRVU,4.5,2
B0017K4OUE,5.0,2
B000HZZG70,4.5,2
B000VGOM0W,4.0,2
B000VRC226,5.0,2
B00HVKBDB2,5.0,2
B003T8XVRE,4.0,2
B003T8D4TE,4.5,2
B000H4387Q,5.0,2
B003T81LM6,5.0,2
B00GMOG2P0,5.0,2
B0016ZNTAG,5.0,2
B0017K7XM0,5.0,2
B0018BWP4O,4.0,2
B003XHT03A,4.0,2
B00C675A8W,5.0,2
B0016WYDZE,5.0,2
B00FLUDNP8,5.0,2
B00C674UZ6,4.0,2
B00C41T1BC,5.0,2
B0017K820W,5.0,2
B000H3M0ZS,5.0,2
B0018QJJY8,4.5,2
B003QSNXMA,5.0,2
B00HX1RDZY,4.5,2
B00HYB92WU,5.0,2
B00C4207LY,4.5,2
B000H3M12K,5.0,2
B003QSXNAM,4.5,2
B00FFBDZ2E,4.5,2
B00C663C92,5.0,2
B003TBFXZE,4.5,2
B000H76XAC,5.0,2
B00172UAVE,5.0,2
B00172LMES,5.0,2
B00C8OV0BY,5.0,2
B00C8P1LK8,4.0,2
B003VN1YM6,5.0,2
B000H74NRC,5.0,2
B003VN9X8S,4.0,2
B00C9R4YKO,4.5,2
B00C4SYBYW,4.5,2
B0018PFV9Q,4.0,2
B003X0AQ6M,5.0,2
B0017JT8YW,4.5,2
B000HYW6D8,5.0,2
B00HY5BN00,5.0,2
B00C9Q53GE,4.5,2
B003WYZ3VM,5.0,2
B00172LM84,4.0,2
B00C4TZXP2,5.0,2
B0017JT3VA,5.0,2
B003SZ6F62,4.0,2
B003RBS4YI,5.0,2
B00GLLDIP6,5.0,2
B003X2RIUC,4.5,2
B0017274MW,5.0,2
B0017JTK4A,4.5,2
B000HZA2KG,4.0,2
B00FG9F7R6,4.0,2
B003X1Y6P8,5.0,2
B00172AYEM,4.0,2
B0017JTCY8,5.0,2
B00C4QVG38,5.0,2
B00C9RYB1G,4.0,2
B00C4R2VFY,4.0,2
B003RC3OOC,4.5,2
B0018PU0YM,5.0,2
B0017JTC0C,4.0,2
B00FL8P5DS,5.0,2
B000VJZUXM,5.0,2
B003SZD3ZS,4.5,2
B00FL8L9OM,5.0,2
B000H74RUK,4.5,2
B003RDZHIW,5.0,2
B00C8PJ3AI,4.0,2
B003T18VPI,5.0,2
B00C8PJEFM,5.0,2
B003VP0Y6G,5.0,2
B0018CKABS,5.0,2
B0017JRJW0,5.0,2
B000VHE8XM,5.0,2
B000H6PJPS,4.0,2
B000H6QL32,5.0,2
B00172SX0O,5.0,2
B000HYSQGY,5.0,2
B003SYWY5E,4.5,2
B0018CMGEC,5.0,2
B0018OU33G,5.0,2
B003RK5K96,5.0,2
B000H740DY,5.0,2
B00HX9TZIO,5.0,2
B00C5TAO3C,5.0,2
B00FFJ1FCI,5.0,2
B00172SX22,5.0,2
B000VJNXKY,4.5,2
B000HY9YD8,5.0,2
B003RIE8YG,5.0,2
B0017JRJYI,4.0,2
B000HYUFP4,5.0,2
B00FG8FTZM,5.0,2
B0017JT2X4,5.0,2
B00172LMNO,4.5,2
B00FKD32JS,5.0,2
B0018P7CQG,4.0,2
B00FG8DYH2,4.5,2
B000VHCA64,5.0,2
B00C5UFIIW,5.0,2
B000HONRKE,5.0,2
B00C5TRWFU,5.0,2
B000HYUFHC,5.0,2
B00172NN4K,5.0,2
B003RIAGZQ,4.5,2
B00C4UKY0K,5.0,2
B0018CIUA6,5.0,2
B003WXV6D2,4.5,2
B00172P690,5.0,2
B000VON9BC,4.5,2
B003SZMIHW,5.0,2
B00171SOLI,4.0,2
B000VQFK4E,5.0,2
B003X5P4UU,5.0,2
B003R497SM,5.0,2
B003T0N7Y4,4.5,2
B003R64L4A,5.0,2
B0018QE49S,5.0,2
B003X5E13G,5.0,2
B003X5BWEM,5.0,2
B00C9UOHIK,4.5,2
B003R7JTHI,5.0,2
B003R7KMLK,5.0,2
B00C9UDC0E,5.0,2
B00FLI1YLK,5.0,2
B00C8JBP5U,5.0,2
B00FGA6TOA,5.0,2
B00GMN0J46,5.0,2
B00FK85PNY,4.5,2
B000VON4SA,4.0,2
B003R3YR9C,5.0,2
B00C4MU4NU,4.5,2
B0017JVGWY,5.0,2
B00171279I,5.0,2
B003R32E74,5.0,2
B0017JVFZM,5.0,2
B00HY8GQMC,5.0,2
B00FGAQTVI,4.0,2
B003X7ZV06,5.0,2
B0017145P2,5.0,2
B003X7TN28,5.0,2
B00HX5GUE0,4.5,2
B0017157FO,5.0,2
B000HLWG0O,5.0,2
B00FLKOYCE,4.0,2
B003X76O7U,5.0,2
B0018BYMEA,5.0,2
B00C9VSILG,5.0,2
B0017JVABG,4.5,2
B000VK530G,5.0,2
B003R8SZX6,5.0,2
B00C8KOASS,5.0,2
B00FFF48M6,4.0,2
B000H6DOY6,4.5,2
B0018QAUZA,5.0,2
B0018C0L6W,4.5,2
B003X4B162,5.0,2
B003X49E20,5.0,2
B003RBC9DK,4.0,2
B00C9T0R2Q,5.0,2
B00C4P11QG,5.0,2
B00HY6QZ34,4.5,2
B003X3TN0O,5.0,2
B000HM96ZG,4.5,2
B003SZOULO,4.5,2
B00FLBJCF2,4.5,2
B003RBNREK,4.5,2
B003RBHIZY,5.0,2
B003X4G5KE,4.5,2
B003R8USTU,5.0,2
B00FK8VHTA,4.0,2
B00HY7BTPC,4.5,2
B00171AHCW,5.0,2
B000VON57U,4.5,2
B000H6CAZA,4.5,2
B003X4IJ4Y,4.5,2
B00HX69H62,5.0,2
B003X4I8RM,5.0,2
B003X4I73M,4.5,2
B003R9ZC1S,5.0,2
B003X4I1RO,5.0,2
B003RA865G,5.0,2
B003VMW63I,5.0,2
B003SZWK3O,5.0,2
B0017JV138,5.0,2
B00CARN2CE,5.0,2
B00179EGFI,5.0,2
B003ORV9D8,4.0,2
B003ORKEF2,4.5,2
B00198BY98,4.5,2
B003Z7D958,5.0,2
B0016BBSQW,5.0,2
B000IAZ796,5.0,2
B003ORZFEC,5.0,2
B0017QSW2O,4.5,2
B000I6VZFU,4.0,2
B003YOV4UO,5.0,2
B00FNI30F6,5.0,2
B00FIIGVHA,5.0,2
B000HHPREK,5.0,2
B00FEIV38Q,4.5,2
B003Z6VB5Y,4.5,2
B00C1YO37O,4.0,2
B003Z6R52W,5.0,2
B003OQUFSY,5.0,2
B003O9WZRU,5.0,2
B00CB3MP2A,5.0,2
B000VOJBM8,5.0,2
B000H08YBU,4.5,2
B003YQ1M4U,4.0,2
B00HWGVC1G,5.0,2
B003OQUFUW,5.0,2
B0016BALQU,4.0,2
B000VOJC2W,4.5,2
B003OSHFV2,5.0,2
B003YOV3XW,5.0,2
B003UBNC2E,5.0,2
B00C7SI1D6,5.0,2
B003YNH5SK,4.0,2
B00C2HXKV0,4.0,2
B0019874WY,4.5,2
B000IB0FH4,5.0,2
B0017QSUAS,4.0,2
B0019CLBUQ,5.0,2
B003UBMCLQ,5.0,2
B0017QSPNK,5.0,2
B00C1XBC7E,4.5,2
B00CB3CW8M,5.0,2
B000VUUO5A,5.0,2
B00FEIV9N0,5.0,2
B000H30EOW,5.0,2
B00GLX539I,5.0,2
B0016BEJ54,4.0,2
B003O9OF1E,4.0,2
B003UM8VIS,5.0,2
B00C1Y7REU,5.0,2
B00C2GZN52,5.0,2
B000H30EME,5.0,2
B000GZZH34,5.0,2
B003YNJ0LK,4.5,2
B003O9OC4E,5.0,2
B000H30EMO,5.0,2
B0019CLANY,4.5,2
B003O9XLDM,5.0,2
B000GZBWQU,5.0,2
B0017QVEVA,5.0,2
B003OQGZFQ,5.0,2
B003UKT8FK,5.0,2
B00GMP3054,4.5,2
B003YSODEO,5.0,2
B00C2E6GAA,4.0,2
B00FNH39Q2,5.0,2
B003YSETIE,5.0,2
B003ULV7GC,4.0,2
B003ULZG0A,5.0,2
B000VUUQ12,5.0,2
B0017QWVQ2,4.5,2
B000VN6DUC,5.0,2
B0017TGLGA,5.0,2
B001824KDM,4.0,2
B000VNWBJO,5.0,2
B00CB4N8LQ,4.5,2
B00C7JWV18,4.5,2
B00FEIUXFA,5.0,2
B003YQ3QCQ,5.0,2
B003YQ5DPO,5.0,2
B003OB8BS0,4.5,2
B00C7NXT0G,5.0,2
B0017QT1YW,5.0,2
B003OAJCFW,5.0,2
B000VUVFJE,5.0,2
B0017QT1Y2,4.5,2
B00CBEFX5K,5.0,2
B0016B9NP0,5.0,2
B00HUEEQ5O,4.0,2
B003YQ3V30,5.0,2
B003OQUFSE,5.0,2
B003TXKSOI,5.0,2
B003YRWSO2,4.0,2
B003UM1O7I,4.5,2
B003OBG8LW,4.0,2
B003OQUFQQ,4.5,2
B00167BFAA,4.0,2
B00FNH48R6,5.0,2
B001670IOO,4.5,2
B00FIJI8GG,4.0,2
B00182G9J0,5.0,2
B003Z6MK0E,5.0,2
B00CBHUBU4,4.5,2
B00GM4VW4Q,4.5,2
B00C2K5100,5.0,2
B0017YWKGK,4.0,2
B00165PNLO,5.0,2
B003UNSOCK,5.0,2
B003OXWHVA,4.0,2
B003UNSSQC,4.5,2
B000H30FH8,5.0,2
B00C1U3IQK,5.0,2
B003OYADVA,5.0,2
B003YM81DY,4.0,2
B00196WN3G,5.0,2
B003YM9GTW,5.0,2
B00HWH09O6,5.0,2
B000VOJFJC,5.0,2
B00GM1LZ1Y,4.5,2
B00CB04NHI,5.0,2
B000HGYI3W,4.5,2
B003OXJ5WE,5.0,2
B00FHNSR6E,4.5,2
B003YMDA8A,4.0,2
B00HZAL6QA,5.0,2
B00166495E,4.0,2
B003O9HRPA,5.0,2
B003UAOA58,4.5,2
B00C2L2FD0,5.0,2
B00HUIMSFU,5.0,2
B0016BFFUM,4.5,2
B00C7CF1AI,4.5,2
B003O95JZ0,4.5,2
B003OYOQMM,5.0,2
B00CBJ3ZVY,4.5,2
B000GZBWX8,4.5,2
B00GKKY9Y2,5.0,2
B003U4SXGG,4.5,2
B003ZCBZGS,5.0,2
B00C1TWL50,4.5,2
B00196T8C0,5.0,2
B000H30FL4,4.5,2
B00164RQCY,4.0,2
B0019COXK6,5.0,2
B00C2NB7VY,5.0,2
B003YM2G12,5.0,2
B0016BJZN0,5.0,2
B003U4O9SM,5.0,2
B0016BLUDI,4.0,2
B00GKL2HKO,5.0,2
B00FNJUKHG,5.0,2
B000VO3Z9I,4.0,2
B000IB0FUG,5.0,2
B00FN4NLOA,5.0,2
B000HHNP7G,5.0,2
B003UA8G62,5.0,2
B000IB0FX8,5.0,2
B00C7OHMUS,5.0,2
B000HBWTNS,5.0,2
B003UBCG9Y,4.5,2
B00197VCU0,5.0,2
B000VUWNS6,5.0,2
B00FIY93SI,5.0,2
B003TUKPHQ,5.0,2
B0017QPIEE,5.0,2
B003YMR85G,5.0,2
B003Z9T4HS,5.0,2
B003U4K3KU,4.5,2
B003U4MFM4,5.0,2
B003U4K40Y,5.0,2
B00197T806,4.0,2
B00C7ODFOK,4.5,2
B003YMQQC2,4.5,2
B003YMSU5I,5.0,2
B00GKL571A,5.0,2
B00FIY8424,5.0,2
B003Z86CV0,5.0,2
B0016BFG1K,5.0,2
B003O9L2HY,5.0,2
B00GKLB782,5.0,2
B00CB38PZQ,5.0,2
B0017QSPFS,4.0,2
B003YMZ26S,5.0,2
B000IB0FIS,4.5,2
B00197VFOS,5.0,2
B00GLW9ID6,4.5,2
B003U4IWAS,4.5,2
B00HZ3PXV6,5.0,2
B000HKIXHK,5.0,2
B00197DLAY,5.0,2
B001668HNY,4.0,2
B003YMFZ0Q,5.0,2
B00CB1OJSU,5.0,2
B003TU447I,4.5,2
B000HC2OQO,4.5,2
B0017QNQRU,4.0,2
B003OX1OV4,4.5,2
B003UBGF1Y,5.0,2
B003UBDZRQ,5.0,2
B000GZGP80,5.0,2
B00HUDTA38,5.0,2
B00182P11C,5.0,2
B003YMKNA8,5.0,2
B0016BHJ9M,5.0,2
B003O9JKPU,5.0,2
B00166BH4U,4.5,2
B000VUUNXI,5.0,2
B000HCF2LS,4.5,2
B000HC91H4,4.5,2
B000HG4ZC6,5.0,2
B003Z3WRJ6,5.0,2
B003U37K66,5.0,2
B003OJS4W0,5.0,2
B00GKPD88K,5.0,2
B003UHD2M8,5.0,2
B0017RTQP0,5.0,2
B00HVVT17O,5.0,2
B003YVU0W0,5.0,2
B003YVKDWM,4.0,2
B000I9A43Q,5.0,2
B003Z3WIHC,5.0,2
B0017SSPQU,5.0,2
B00169BEWM,5.0,2
B00169BG3Y,5.0,2
B003OGNGY4,5.0,2
B00C7GQI8S,5.0,2
B003OJHQ5G,4.0,2
B00CBBBV5E,5.0,2
B00CB8H8EK,5.0,2
B00C25KNAI,5.0,2
B0018128XC,4.5,2
B003U36T0E,5.0,2
B000VOHRV0,5.0,2
B000H21Y7O,5.0,2
B003OL6S3A,4.0,2
B003OKSF32,5.0,2
B000VCXNOW,5.0,2
B00C2C07NO,5.0,2
B003Z4DSJS,5.0,2
B00FN827WI,4.5,2
B003U0M488,4.5,2
B003Z4HAU6,4.5,2
B003U0BBZK,5.0,2
B00169OIPC,5.0,2
B00180XKHG,4.5,2
B000HGJIR8,4.0,2
B00CBBNGLQ,5.0,2
B00168VTG4,5.0,2
B00169NCEK,5.0,2
B00198ZNP4,5.0,2
B003Z43F8M,5.0,2
B003OKBIYA,4.0,2
B001692KNY,4.0,2
B00198ZOJO,4.5,2
B00CBBD3TG,4.0,2
B000VCXRCK,4.0,2
B003Z3J7NA,5.0,2
B000VD1TKQ,5.0,2
B003OGPBYM,5.0,2
B003UH38YU,5.0,2
B00HVYLJ9O,5.0,2
B00169K1EE,5.0,2
B00FEC7ISQ,5.0,2
B0017S146I,5.0,2
B00FNFLHQ8,5.0,2
B00FIOVMYQ,5.0,2
B00HUGQR68,4.5,2
B003Z2DDQS,4.0,2
B000VOHQUW,5.0,2
B0017SAC0C,4.5,2
B00C260K2I,4.5,2
B00FEA1QW2,5.0,2
B00C7GR3SC,5.0,2
B00FEBGWTI,5.0,2
B000I88RG8,4.5,2
B003OHVXUM,5.0,2
B003UH1QUI,4.5,2
B00C26FRIK,4.0,2
B00181NK8E,5.0,2
B00169K02W,5.0,2
B003YYMU4I,5.0,2
B00FNGRYFU,4.0,2
B003UGEA6G,5.0,2
B0017SIMK4,5.0,2
B003Z38SBM,5.0,2
B00FHXDFUW,5.0,2
B003U1BAB4,5.0,2
B00C7GQIKG,5.0,2
B00CB8X5LK,4.5,2
B003YWNTVS,5.0,2
B003OJDHSQ,5.0,2
B00FIN641S,5.0,2
B00199C9NW,5.0,2
B000I949EG,5.0,2
B000VUUX7Y,5.0,2
B00FEC99CO,4.5,2
B00C7VVS60,4.0,2
B003U31IR8,5.0,2
B00C7W51ZS,5.0,2
B003OINY58,5.0,2
B000HHSTO0,5.0,2
B003U31SDW,4.5,2
B000HHV9GU,5.0,2
B00169KRRA,4.0,2
B00169M1KQ,5.0,2
B000H1WUD2,4.5,2
B003U33CYU,4.5,2
B000I8EKP0,5.0,2
B00FIT5KL2,4.0,2
B003UFM7C6,5.0,2
B003UCV3GK,4.5,2
B00GMP1XWQ,5.0,2
B00FHUA79M,4.5,2
B00C7IHQAA,5.0,2
B000VUUTA0,5.0,2
B003YURMWW,5.0,2
B003OD0LAO,4.0,2
B001683VQK,5.0,2
B003UEEHI4,4.5,2
B00CB5IZXG,5.0,2
B000HJ7JOO,4.5,2
B00198U49Y,4.0,2
B0019BIK92,5.0,2
B003ONNACA,5.0,2
B0016A74R0,5.0,2
B00GKPPFYU,5.0,2
B000I7Y204,4.0,2
B00CBDFTQY,4.5,2
B003UEKFDU,4.0,2
B00CBDFTVY,5.0,2
B0017T9FZY,5.0,2
B001685532,5.0,2
B000H0W4BQ,5.0,2
B003TYG9T0,4.0,2
B00GKR7KGY,4.0,2
B003OBZ51G,4.5,2
B003Z6HR7K,5.0,2
B00C2DNJLA,5.0,2
B003OOP4TG,4.0,2
B000HDM9WM,4.5,2
B00CB5FK3O,5.0,2
B0017TARWE,5.0,2
B00C7JTG70,5.0,2
B0017TECDO,4.5,2
B00GLXORW2,4.5,2
B00CB4RNTY,4.5,2
B0019CCVPA,5.0,2
B00C7XK1L6,5.0,2
B000VOJ9KW,5.0,2
B0017TBKAW,4.5,2
B000HGQPHO,4.5,2
B003Z6AC0Y,5.0,2
B001824J8S,4.0,2
B003Z6FPAQ,5.0,2
B003UIFHBG,5.0,2
B00C7JPF48,4.0,2
B00CB5IWLG,5.0,2
B000HE9S84,4.0,2
B003UI98UC,5.0,2
B003YUXNIO,4.0,2
B003U3IALK,5.0,2
B00C7VMPI0,4.0,2
B003UHZU2I,5.0,2
B00C2CGDBE,5.0,2
B00C7HFQX0,5.0,2
B00CBCDPRU,5.0,2
B00C2CI628,5.0,2
B00168N2LE,5.0,2
B003TZV160,4.5,2
B003OEWON0,5.0,2
B00CBCQHUC,5.0,2
B0019AAFUA,5.0,2
B003U3HUJ8,5.0,2
B000H0W2PY,5.0,2
B003UFLNKS,5.0,2
B00168NPVQ,5.0,2
B003UFKBYC,4.0,2
B003OLZXQ8,5.0,2
B003U0AGBU,4.0,2
B00CBC3EJ4,4.5,2
B003YUYJNM,4.5,2
B003YUXYBK,4.5,2
B003UFKBT2,5.0,2
B00FEHEPGO,5.0,2
B000VNIIEG,5.0,2
B00169ZBVC,5.0,2
B003UI5BQ2,4.5,2
B003YUVS04,5.0,2
B000I9SJRE,4.0,2
B00CBD0LUS,4.0,2
B00HUHUOHK,5.0,2
B00C7U894U,5.0,2
B000VCU0P2,5.0,2
B00C7DLUM0,4.0,2
B00CB6A7ZO,4.5,2
B000VD3XFK,5.0,2
B00CBD6G66,4.0,2
B00C7HS7OK,5.0,2
B000VUV7O2,4.0,2
B000HEUT14,5.0,2
B00180Q3MA,5.0,2
B00180NT54,5.0,2
B003YUXL0E,5.0,2
B003OMHG12,4.5,2
B00169ZIKQ,4.5,2
B00C7I23WQ,4.5,2
B000VUUX60,5.0,2
B00FIMQFFO,4.5,2
B003YUW27W,5.0,2
B00168JKKG,5.0,2
B000H2BGAY,5.0,2
B00HWG5XRA,5.0,2
B0016BNV4O,4.5,2
B003U2WPK8,4.5,2
B003TPVP4S,5.0,2
B0016CSB5C,5.0,2
B003O5APV2,4.0,2
B0017PWQ4U,5.0,2
B00CAVN7K2,5.0,2
B003ZI89UM,5.0,2
B00FN36954,4.5,2
B0016C8S8M,5.0,2
B003UROGOG,5.0,2
B000H30GIG,5.0,2
B001965VA8,4.5,2
B003P34KXC,5.0,2
B00C7BHGWA,5.0,2
B00FIZSA04,5.0,2
B003UQV54G,5.0,2
B000H30GGS,4.0,2
B003P5TIAA,4.5,2
B003P3DS2Q,4.0,2
B00C85DQOC,5.0,2
B003U51UC4,4.0,2
B003U9YA2W,4.0,2
B00FJ17H88,5.0,2
B0017QK7C2,4.0,2
B000HKTBS0,5.0,2
B000VOHCEC,5.0,2
B000VLVDEU,4.5,2
B00163Y4N4,4.0,2
B000HKVBA6,4.5,2
B003YK7HZ4,5.0,2
B003U86HY2,5.0,2
B00C1MN0WK,4.0,2
B003YID502,4.5,2
B000H3CND2,4.5,2
B0019692EY,5.0,2
B000VUT410,4.5,2
B000VDAE5C,5.0,2
B000VOJKU6,4.0,2
B003ZJA24W,4.0,2
B00C7OOY72,4.0,2
B00CBL2VPS,5.0,2
B003P2YVIW,5.0,2
B0016FV4FI,4.0,2
B003YKW5BK,5.0,2
B003ZJHBG4,4.5,2
B000VUWWZA,4.0,2
B003URNAR0,5.0,2
B00GL0PAN0,5.0,2
B003YIK0U0,5.0,2
B00HUCRTFK,4.5,2
B000VUQ0N0,5.0,2
B001965SHE,5.0,2
B0016408JW,4.5,2
B00185K4OI,5.0,2
B00CAUQT4Y,5.0,2
B003YKCYAC,5.0,2
B0017QDHPQ,5.0,2
B003ZHCS3W,5.0,2
B003YKCYHU,4.5,2
B000GZALUI,5.0,2
B003YKCZWY,4.5,2
B0017PWQ9U,4.5,2
B000HKRSYE,5.0,2
B003P65LD2,5.0,2
B003ZFWECO,5.0,2
B0017VW6DK,4.0,2
B000HBPZ0C,5.0,2
B003ZFRWQW,5.0,2
B003O5RKM4,5.0,2
B003UPEAQC,5.0,2
B00GKHMC6M,5.0,2
B000VOJOAC,5.0,2
B003P3KXTC,4.5,2
B00FI7L1EY,5.0,2
B003P3G67K,4.0,2
B00HZDVYFU,5.0,2
B00C1QV2AS,4.0,2
B003ZF7P1E,5.0,2
B003TS557I,4.0,2
B00CAWE3NG,5.0,2
B00FIZX4UK,5.0,2
B00C2RZYBO,4.5,2
B00HZ2RI9W,5.0,2
B003ZFL90C,5.0,2
B0016CJYDA,5.0,2
B0016G8F54,5.0,2
B000VUWSZ4,4.5,2
B003ZFHR8A,4.5,2
B000HHAOWK,4.5,2
B003P3KV3A,5.0,2
B00164C8G8,5.0,2
B003U9RB6Y,5.0,2
B003UPRR08,4.0,2
B003YJ0T7I,5.0,2
B001646UY4,5.0,2
B001968SU8,4.0,2
B001843LKS,5.0,2
B00196G5M6,4.5,2
B0017VNJNQ,5.0,2
B003UP7STI,5.0,2
B000HKTBK8,4.0,2
B00163QVO4,4.0,2
B00FN1M4AA,4.0,2
B0016CQQIG,4.5,2
B000I6K876,4.5,2
B003YIU6QS,4.5,2
B00C2RL1E8,4.5,2
B000VOHCZQ,5.0,2
B000HBN2KW,4.5,2
B00FEIW59C,5.0,2
B00GLS5ICU,5.0,2
B003U61NE8,4.0,2
B0017VRFV8,5.0,2
B00HZ2GUJQ,5.0,2
B00FIBAEQ6,5.0,2
B000VDAEPW,5.0,2
B0017XC9WG,5.0,2
B0016CCEFU,5.0,2
B000HBOQDO,5.0,2
B003TPQ3A4,5.0,2
B000VUPB80,5.0,2
B00C7AJBDS,4.0,2
B003ZI0JY6,5.0,2
B00GM5PFS4,5.0,2
B003U63WXS,4.5,2
B0016CBPYG,5.0,2
B003ZJ9HY8,4.5,2
B000VLZ882,5.0,2
B003TPWHUY,4.0,2
B00FN2LJVE,4.5,2
B0017WXZ2K,5.0,2
B003TQENAU,4.0,2
B003ZG8JE0,5.0,2
B00164O7A8,5.0,2
B000IBMI4W,4.0,2
B00HVO0V0W,5.0,2
B003YHLLEU,5.0,2
B003P0Z7EQ,4.5,2
B003TTB0U8,5.0,2
B000I6IFVW,5.0,2
B00C2OJTPE,5.0,2
B003ZDH7E6,5.0,2
B00196PHRA,5.0,2
B003U81422,5.0,2
B00C2OBSZI,5.0,2
B00HW8TUHM,5.0,2
B0016BVW72,5.0,2
B00HWB2M56,4.0,2
B000GZBVRK,5.0,2
B003ZH73IW,5.0,2
B003UR65KY,5.0,2
B0016H89OK,4.5,2
B003U6K32G,5.0,2
B000VOHE68,5.0,2
B003UO87TE,4.0,2
B000GZBWEM,5.0,2
B00C1TFTCC,4.0,2
B0016D54JC,5.0,2
B003UQYZHU,5.0,2
B0017Q3VDO,4.5,2
B0017QNOKE,5.0,2
B003YH3XFA,4.0,2
B000VM4PZI,5.0,2
B000HKTSY2,4.5,2
B003OYXENY,4.5,2
B00GMP33Z6,5.0,2
B00C1LUVLE,5.0,2
B003YHFSV2,5.0,2
B0016BOEY0,5.0,2
B00C79VD44,5.0,2
B0016BO7PQ,5.0,2
B000VOJOBQ,5.0,2
B00164R7DW,4.5,2
B003ZGT7PU,4.0,2
B00196S5FG,4.5,2
B000I6KTVG,4.0,2
B00GKHHIZ2,5.0,2
B00FMYVH8I,5.0,2
B000HKXUJ6,4.5,2
B00HUDR8Q4,5.0,2
B00163UQXQ,5.0,2
B003UA5EQW,4.5,2
B00C83FI1I,4.0,2
B003TT7NT0,5.0,2
B003ZH73VE,4.0,2
B00196P9P0,4.5,2
B00C84VPDW,5.0,2
B003P52B86,4.0,2
B00164GXR8,4.5,2
B0017QMURW,5.0,2
B003ZG41RO,5.0,2
B00FN1VACI,4.5,2
B003YHQT6K,4.0,2
B00C1S41HM,5.0,2
B003ZFXYVY,5.0,2
B003YJD5OM,5.0,2
B0017XYESI,5.0,2
B003YJCEMG,5.0,2
B000H3CO54,4.5,2
B0019694P6,5.0,2
B003YJ6RHE,5.0,2
B0017W00M8,4.5,2
B00163PO2O,4.5,2
B00GENQDUS,5.0,1
B00FZFBLAI,5.0,1
B00G3KC5AY,4.0,1
B00EFYMKFK,5.0,1
B00946SLMU,4.0,1
B00EBHENVA,5.0,1
B00F9MCILS,5.0,1
B009KSFKBM,5.0,1
B00FI0VZ7O,5.0,1
B008QN967G,5.0,1
B00EBSMTPG,5.0,1
B00KO75QI0,5.0,1
B00FZQOH9Y,5.0,1
B00FZP33BI,5.0,1
B009KRZWRK,5.0,1
B00GY5XWC8,5.0,1
B00KOJ8V3K,5.0,1
B009L7Y572,5.0,1
B00F6SJR4Q,5.0,1
B009L789B0,5.0,1
B00EAR4HRQ,5.0,1
B00G3K4GRO,4.0,1
B00G4DZ7FA,5.0,1
B00EBJUGUA,5.0,1
B00FZOUL28,5.0,1
B00EBJO9JE,5.0,1
B00GYDCNZC,5.0,1
B00946V6AY,5.0,1
B008QK2WWK,5.0,1
B008ROSM5G,5.0,1
B00KO4EDCI,5.0,1
B00G3J00A2,5.0,1
B00F96EY0C,5.0,1
B00G3KJF3O,4.0,1
B00GX0XX9Q,5.0,1
B00GX1H87S,5.0,1
B00939N3SA,5.0,1
B00KO07TKU,4.0,1
B009IMRGA8,5.0,1
B00GER8D5C,5.0,1
B008RPFK00,4.0,1
B009L71LD8,5.0,1
B00GYDUQS8,5.0,1
B00946RXZ6,5.0,1
B00FG8GZQY,5.0,1
B00GWUOVQG,5.0,1
B00F9NR7F4,5.0,1
B00K9O8D9M,5.0,1
B00FZRLQ9W,5.0,1
B00FZRD7VW,4.0,1
B00943KWPW,5.0,1
B00G3IW92A,5.0,1
B008RPFTZQ,5.0,1
B008QNC6W8,4.0,1
B009KRN5HY,5.0,1
B00GYDH75S,5.0,1
B00G3KGYP6,5.0,1
B00GMCY1EQ,5.0,1
B00906BKKE,5.0,1
B00FZGZ79I,5.0,1
B00GY5TJ48,5.0,1
B00F9NR6Q4,5.0,1
B00EBKN8DQ,5.0,1
B009KSEIY2,4.0,1
B00GWYCQQE,4.0,1
B00FG97WOC,5.0,1
B00F9MUJIC,5.0,1
B0090SWPTM,5.0,1
B00EFWULAS,4.0,1
B008RRFNNW,5.0,1
B00G4DQCUE,5.0,1
B009KSAJPY,5.0,1
B009KSMZMO,5.0,1
B00EGO1FHS,5.0,1
B00938XJX0,5.0,1
B009KSPPDA,5.0,1
B008QMWS36,5.0,1
B00943LN5U,5.0,1
B00F9M3MY0,5.0,1
B009KSDW9Y,5.0,1
B009IFQZMA,5.0,1
B008QKKIH6,5.0,1
B00EFY77ZS,5.0,1
B00KSEAMY2,4.0,1
B00K684H5U,5.0,1
B008QMW04S,5.0,1
B00FZPB58Q,5.0,1
B008QM5PIQ,5.0,1
B009KSEEPU,5.0,1
B00GELGSBO,5.0,1
B009KSE5MM,5.0,1
B00EBHSDN4,5.0,1
B00G3JT814,4.0,1
B00GY4OPCA,5.0,1
B009KSE0Q8,4.0,1
B00EBHVSTU,5.0,1
B00G3IKRRY,5.0,1
B00FZPDE58,4.0,1
B009KS81Y0,5.0,1
B009KSEK5Y,5.0,1
B00G3J1JMU,5.0,1
B00GMBQRB2,4.0,1
B00EBNPRKU,5.0,1
B00K9Q17GG,5.0,1
B00FZPQECI,5.0,1
B00F96EXM6,5.0,1
B00GWUIPVS,5.0,1
B00FI8I4XY,5.0,1
B00FZPV4F0,5.0,1
B00932FH9A,5.0,1
B008RRCWGI,5.0,1
B008RRDJPG,5.0,1
B00F9NKZ5I,5.0,1
B00FZF9VNC,5.0,1
B00GWYRYRA,5.0,1
B00EBNR5BE,5.0,1
B008QN8IJS,5.0,1
B00GMQ92QY,5.0,1
B009I4BHOW,5.0,1
B008QKSLUW,5.0,1
B00GYDGBHI,5.0,1
B00GMCWSWI,5.0,1
B00EBHRUIS,5.0,1
B00FG8CGSU,5.0,1
B008QME2T4,5.0,1
B00GMCIVCE,5.0,1
B00EBNPG4W,5.0,1
B00938QSV0,4.0,1
B008QMQXQY,5.0,1
B00GYDYWN8,5.0,1
B00FG87DF6,5.0,1
B00GYDQEU2,5.0,1
B00F962YMW,5.0,1
B00GEH65UC,5.0,1
B009IGDP90,5.0,1
B009KPS2AQ,5.0,1
B00EFW5X5Q,5.0,1
B00EBYAAS8,4.0,1
B00FGB5774,5.0,1
B00FZE23UG,4.0,1
B009KOBQOG,5.0,1
B00EAN85H8,5.0,1
B00GX1OLMI,5.0,1
B00EFRO7SA,4.0,1
B00932DHCY,5.0,1
B00F9144ZM,4.0,1
B009L94GNI,4.0,1
B00FGBMGNW,5.0,1
B009KOANU4,5.0,1
B00F6CQDG2,5.0,1
B00EBZADS4,5.0,1
B00FGBUAL2,5.0,1
B009KNPJT0,5.0,1
B00EBZAVXG,5.0,1
B009L98756,5.0,1
B00EBYPLTQ,5.0,1
B00GYEW5TU,5.0,1
B00FZV6BJS,5.0,1
B008RRL4AI,4.0,1
B00932CG2Q,5.0,1
B00F6XHCFC,5.0,1
B0090U1JO2,5.0,1
B00EAOFH9Q,5.0,1
B00FHZND7A,5.0,1
B009KODP6I,5.0,1
B009KODQ1W,5.0,1
B008PZUQE2,4.0,1
B00FFY00CY,5.0,1
B00G3DOP5Y,4.0,1
B00FZUUTRO,4.0,1
B008RRL21E,4.0,1
B00K69T8NU,5.0,1
B00F6WHYEM,5.0,1
B00GMPTCPG,5.0,1
B00F91D8NQ,4.0,1
B00F9Q0U5K,5.0,1
B00G4GBOV8,5.0,1
B009IMV98I,5.0,1
B00FZUT6VO,5.0,1
B00G3DN2Y4,5.0,1
B009IMVEO2,5.0,1
B009KOBQOQ,4.0,1
B00KOY8UKO,5.0,1
B009IMVFG4,5.0,1
B00EFSSFX2,5.0,1
B00FZUUJ9W,4.0,1
B00EFRX4E8,4.0,1
B00GWU0QSS,5.0,1
B00EAOPEEE,5.0,1
B00GX1LRX4,5.0,1
B00EBZB5UE,5.0,1
B00FZVX5EC,4.0,1
B009L93LB6,5.0,1
B008RMRTRK,5.0,1
B0093AW4UW,5.0,1
B00EFLIY2Q,5.0,1
B00949CO66,5.0,1
B008QRQI46,5.0,1
B0093ALBME,5.0,1
B00GEH5I2S,4.0,1
B009431JZ4,5.0,1
B00F8ZHZYG,5.0,1
B00GX278R2,4.0,1
B00EFQANE8,5.0,1
B00942YHOK,5.0,1
B00GMAZB56,5.0,1
B008RMNE4C,4.0,1
B00JQIBF4M,5.0,1
B008RRL6LU,5.0,1
B00K5ZW148,5.0,1
B00GM289BC,5.0,1
B0093B78JS,4.0,1
B00G4GEIPC,4.0,1
B00EBZMDG4,5.0,1
B00EBZDC82,5.0,1
B009KM9ST8,5.0,1
B00FHX6U9A,5.0,1
B00F9Q3FZM,5.0,1
B00JSEMT6C,5.0,1
B00KS5C082,4.0,1
B00EALJWVI,5.0,1
B00FGDQW1M,5.0,1
B00F6CPUSE,5.0,1
B00EGSFIXQ,4.0,1
B00JS7VO06,4.0,1
B008QQXIUO,5.0,1
B0093A8NKC,5.0,1
B00G3DDP3C,5.0,1
B00FGDU1PU,5.0,1
B00EBZDXM2,4.0,1
B00GWTX852,4.0,1
B00JPFF0CY,5.0,1
B00EBZDYTE,5.0,1
B00EBZDZOS,5.0,1
B00FZVXZ3I,4.0,1
B009IMVPXM,5.0,1
B00F6CCI0W,5.0,1
B00GWTVIUO,5.0,1
B00GEH5ID2,5.0,1
B00EBT7MEI,5.0,1
B008QOVMIG,5.0,1
B00GMQA8IA,5.0,1
B00KTYXZLI,5.0,1
B009IMT034,5.0,1
B00EBUXIMW,5.0,1
B00GFVZT6S,4.0,1
B00GMQA4FC,5.0,1
B00FZRSKB4,5.0,1
B00F92WZJS,5.0,1
B00G3EIME8,5.0,1
B00F9OPXPE,5.0,1
B008ROJU3E,5.0,1
B00F6WE3JG,5.0,1
B00F959FA2,5.0,1
B00FG0IB8C,5.0,1
B00KUIP2OQ,5.0,1
B00K97O6UE,5.0,1
B008QOVTRK,5.0,1
B00GWU4T9K,5.0,1
B00EBV5022,4.0,1
B00GY2N7I0,4.0,1
B008RO4FIY,5.0,1
B00G4EJLZQ,5.0,1
B00G3EHUKU,5.0,1
B00G4E7U8Q,5.0,1
B009IF51XE,5.0,1
B00943ADU6,5.0,1
B00FFZYLNC,5.0,1
B00EFW14EU,5.0,1
B00G3FBLM2,5.0,1
B008QO9ATE,5.0,1
B00EBUB8WE,4.0,1
B00939OP1Y,5.0,1
B009I2X1IY,4.0,1
B00939NM54,5.0,1
B008QNIC62,5.0,1
B008QNHVKU,5.0,1
B008QNMI2G,5.0,1
B00F6T0IOI,4.0,1
B00EBTGFAK,5.0,1
B009KRIVDW,5.0,1
B009KR6XP0,5.0,1
B00G3GR8XW,5.0,1
B009KQPF6O,5.0,1
B00EGS1QFU,5.0,1
B008ROMZJU,4.0,1
B00EAPR9H8,4.0,1
B009KQ8XOK,5.0,1
B009KQ7ALC,5.0,1
B009L87AOQ,5.0,1
B00932EUEI,5.0,1
B009L8EP6W,5.0,1
B00GERE8HY,5.0,1
B00GM2Y3OY,5.0,1
B00EFVZ8IO,5.0,1
B009I2OUHK,5.0,1
B008RNMJ6A,4.0,1
B00GMB3256,4.0,1
B009L91NR0,5.0,1
B00G3E7320,5.0,1
B009L8Z0NY,5.0,1
B00EBY29MS,5.0,1
B00FG9MWIS,5.0,1
B00GY2C1OG,4.0,1
B008QQALWM,4.0,1
B00GMPTL0M,5.0,1
B00GY2BVP6,4.0,1
B00943A5BS,5.0,1
B008PZZGO2,5.0,1
B009KOFGEW,5.0,1
B009IMUV8W,5.0,1
B009IMULIW,5.0,1
B00F6WF9PS,5.0,1
B00GERJ5KE,5.0,1
B009KONKMW,5.0,1
B00F91GLZ8,4.0,1
B00GEH5OW2,5.0,1
B009KP1F28,5.0,1
B00FIA8270,5.0,1
B009KPB3AC,5.0,1
B00EBWIMY4,5.0,1
B009L8QSP8,5.0,1
B00EAPN6IO,5.0,1
B008RNUPH0,5.0,1
B008Q01GL8,5.0,1
B00FG9K5QY,5.0,1
B00GN3VKRU,5.0,1
B008QPTCNM,5.0,1
B008RNZ0MA,5.0,1
B00GMEXMAI,5.0,1
B00EBVRKFC,4.0,1
B009I2P4N4,4.0,1
B00G3EESY6,5.0,1
B00GWU3O96,5.0,1
B00F92H1C4,4.0,1
B00EFVI804,5.0,1
B009IMU394,5.0,1
B009KPMC0M,4.0,1
B00932DZGM,5.0,1
B00JQDR6Z4,5.0,1
B00EGSC4BA,5.0,1
B00EAPN5WG,4.0,1
B00EFUPKCY,5.0,1
B009L4FWZO,5.0,1
B009L6UWUW,4.0,1
B00F6LAMY2,5.0,1
B009L5FD0C,5.0,1
B00EG7CR5O,5.0,1
B008RQQ1Q6,5.0,1
B00EG7EF3G,5.0,1
B00KSP5G8S,4.0,1
B00KT5YHV4,5.0,1
B0090R7WHS,5.0,1
B00EB3H4H4,5.0,1
B00905SDWI,5.0,1
B00G486C5O,4.0,1
B00F9H7Q8S,4.0,1
B00905SDYG,5.0,1
B00EB3H51E,5.0,1
B00EAXUCC4,5.0,1
B009KZTTP8,5.0,1
B008QEHR1M,4.0,1
B00EAW28WM,5.0,1
B00EB4C63A,5.0,1
B00JSCBVC2,5.0,1
B00936H4D8,5.0,1
B00FI7HGLG,5.0,1
B008RQ2KIE,5.0,1
B00936KP6G,5.0,1
B00EAXV69W,5.0,1
B00G3RT5WI,5.0,1
B00EB1D6U0,5.0,1
B00GYB0OB4,5.0,1
B00936CXQQ,4.0,1
B00G44CDWE,5.0,1
B00K9ILSZO,5.0,1
B00GMD0WR0,5.0,1
B00F9HESZC,4.0,1
B009L12UAW,4.0,1
B00EAY6GAK,5.0,1
B008QD94HI,4.0,1
B009L13HI6,5.0,1
B00JPKFXEE,5.0,1
B00EB1XALU,5.0,1
B00GWW6DSI,5.0,1
B00GEH8A50,5.0,1
B00JPRBGSO,5.0,1
B009L0Z2UI,5.0,1
B00G3S675U,5.0,1
B00EAY6272,5.0,1
B009331P2C,5.0,1
B00K9M964K,5.0,1
B00EGGYQNQ,5.0,1
B00GMCZMKS,5.0,1
B009L5DUXE,5.0,1
B008QDEJF0,5.0,1
B0090R5WU2,5.0,1
B00944X2JO,4.0,1
B009KZTT7Q,4.0,1
B0090QVT0A,5.0,1
B00G3OPOZI,5.0,1
B00FI7DXYK,5.0,1
B00GEH8B1S,5.0,1
B00EB65L0S,5.0,1
B00FI7E5B0,5.0,1
B00G3OYI32,5.0,1
B00EAUKCBI,5.0,1
B00GMPU78C,5.0,1
B009054AHU,5.0,1
B00FI7H7U6,4.0,1
B009KZP9Z2,5.0,1
B008RPV7R0,5.0,1
B00GY2172I,4.0,1
B00936TPDK,5.0,1
B00GM3G6ZW,5.0,1
B00GEH8E1A,4.0,1
B0090SPPJY,5.0,1
B009L61XVE,5.0,1
B00GWWWLXO,5.0,1
B00GEH8BTU,5.0,1
B009I55L84,5.0,1
B00FI54L3E,5.0,1
B00EG78HBC,5.0,1
B00G49QZXM,5.0,1
B009IA8L5E,5.0,1
B00G49FIO4,5.0,1
B00F9JHF5A,4.0,1
B00EAUQL40,5.0,1
B00FZMBQ56,5.0,1
B00GFZNER0,5.0,1
B00G3RHXOA,4.0,1
B00EB55GCW,5.0,1
B00K63W432,4.0,1
B009I58H76,4.0,1
B00FZM8HYY,5.0,1
B00EB54D76,5.0,1
B00F9JHE88,5.0,1
B00936OHL0,4.0,1
B00EB51HYI,5.0,1
B009I5F67K,4.0,1
B00EAVL0EA,5.0,1
B00EB5Q716,5.0,1
B00EB5NLWO,5.0,1
B008QF0JPM,4.0,1
B00KT60RF8,5.0,1
B00G3Q665S,4.0,1
B00FI7HG16,5.0,1
B009KZPCA4,5.0,1
B009KZPDJ4,4.0,1
B009KZPCN6,4.0,1
B00JPU8GJI,5.0,1
B00936OK08,5.0,1
B00GEH6FM0,5.0,1
B00EB13U88,5.0,1
B009KXU1S4,5.0,1
B00FG2C2Y4,5.0,1
B00G3U7XXS,5.0,1
B00945P6LK,5.0,1
B008QAOPDY,5.0,1
B00G3W387Q,5.0,1
B00F9JH5X2,5.0,1
B008QB6OCI,5.0,1
B00EAYT6BG,4.0,1
B009I6JJJK,5.0,1
B009I6SLYY,5.0,1
B00F9JH3B6,5.0,1
B00GG05NBY,5.0,1
B00JPOQ9AM,5.0,1
B00JPPKBVY,5.0,1
B00JSC3OB8,5.0,1
B00G425DQ4,5.0,1
B00FG2CA5U,5.0,1
B008QANS0K,5.0,1
B00GEH6J9E,5.0,1
B00EGGIP24,5.0,1
B00GYC51QG,5.0,1
B00EAZBRK8,5.0,1
B009L24TEG,5.0,1
B00EGE9O12,5.0,1
B00JPPKCHC,5.0,1
B00GEH6RM8,5.0,1
B009L3E8CI,5.0,1
B00JPOHTLK,5.0,1
B0090SCPG0,5.0,1
B009333C1O,5.0,1
B00GYBNJTI,5.0,1
B00933UQKO,5.0,1
B00EGERU6I,5.0,1
B00EGGILCI,5.0,1
B00EAZ73K6,5.0,1
B00G3Z6WNU,4.0,1
B00GN2KG4O,5.0,1
B009I6MTM4,5.0,1
B00GYC2YX4,5.0,1
B00GMPWIFC,4.0,1
B009L4CXGK,5.0,1
B00GMPWH3U,5.0,1
B0090SHWOA,5.0,1
B00FG2C8AC,5.0,1
B00G3Y5E4O,5.0,1
B009L47NTW,5.0,1
B0090SJAO0,5.0,1
B00F6IDI3M,5.0,1
B00G3XJLL2,5.0,1
B00GYBP3H4,5.0,1
B00G3ZIM88,4.0,1
B00EAYZ43U,5.0,1
B009L3UB92,5.0,1
B009I6ODLY,5.0,1
B009L4ISD2,4.0,1
B00G3XNFPA,5.0,1
B00GEH6ORQ,5.0,1
B0090SFJUO,5.0,1
B00GYCEOIC,4.0,1
B00EB02U26,4.0,1
B00GEH7FRY,5.0,1
B00EB0YBS2,5.0,1
B00EB0HBSE,4.0,1
B009I87S3M,5.0,1
B00EG8Y670,4.0,1
B009333HPA,5.0,1
B00GMPUG24,5.0,1
B00FG26ZPQ,4.0,1
B0093605N4,5.0,1
B00GWVKN9Y,5.0,1
B00G42UFOO,5.0,1
B008RQQ152,4.0,1
B00EB03MXM,5.0,1
B00905JL4M,5.0,1
B008QBOF9W,5.0,1
B00FG1ULXY,5.0,1
B008QBVBA8,5.0,1
B008QD1W1O,5.0,1
B00FG38TR2,5.0,1
B008RQJQHW,5.0,1
B009L14B4U,5.0,1
B00FI7J2AY,5.0,1
B009L57DJ6,5.0,1
B00EG7KVZM,5.0,1
B00FZM2MAY,4.0,1
B00F9JH91U,5.0,1
B0090RBI82,5.0,1
B00905SDTG,5.0,1
B00G42T5H2,5.0,1
B008RQLI2S,5.0,1
B009I7G6IG,5.0,1
B0093580VO,5.0,1
B00945DGVW,4.0,1
B009L24MAC,5.0,1
B00GYB8I3K,4.0,1
B008QAK0U6,5.0,1
B009I78AGM,5.0,1
B0090S2UL0,5.0,1
B00FI7K88O,5.0,1
B00FZLSJK2,5.0,1
B00GYB4550,4.0,1
B00GMD1QS4,5.0,1
B00F9JGP1U,5.0,1
B00FZJRUPE,5.0,1
B00FZM2I0S,5.0,1
B00GMD3NFS,4.0,1
B0090S0XBY,5.0,1
B008Q9H0W8,5.0,1
B00G4270DI,5.0,1
B009334808,4.0,1
B009L1VKYO,5.0,1
B0090QRTUO,5.0,1
B00EBHEESM,5.0,1
B00F6RHJ5G,4.0,1
B00GEHF19I,5.0,1
B00GY8WO5G,4.0,1
B00FZN7ZAA,5.0,1
B00GMQ5556,4.0,1
B00EG13X6W,5.0,1
B00EBGDSNA,5.0,1
B009L6714C,4.0,1
B009KTC4K6,5.0,1
B00JQ1CLOM,5.0,1
B00FZIZ0UC,4.0,1
B00GMQ3ZRQ,4.0,1
B00GMPTW7Y,5.0,1
B00GEIZ42Q,4.0,1
B00G3KL7JY,5.0,1
B00F9AWMVQ,5.0,1
B00EBGPLHG,5.0,1
B008QHSZ0G,5.0,1
B00EBGHZ2K,5.0,1
B00F9AWQWG,5.0,1
B00937RN2O,5.0,1
B00G4DC5DM,5.0,1
B00EGMXVZ4,5.0,1
B00EG04164,4.0,1
B009KTGWS6,5.0,1
B00F9BJOSO,5.0,1
B00EGJCUG8,5.0,1
B00GMPU3SQ,5.0,1
B00K9MPXVU,5.0,1
B00F9KFIDK,5.0,1
B00G3KSOJ0,4.0,1
B00G3KTCCS,4.0,1
B00EBE22HA,5.0,1
B00EBDX720,5.0,1
B008Q51MYE,5.0,1
B00GMQ2SWO,4.0,1
B00943RLPG,4.0,1
B00EBEIR42,5.0,1
B00EGMAG48,5.0,1
B008QGAWKI,4.0,1
B00EBFJX0S,5.0,1
B00EG1GXQE,5.0,1
B00G4D1RMM,5.0,1
B00FG0T0D2,5.0,1
B00F9BMMME,5.0,1
B00EARMDC2,5.0,1
B00GMCYG14,5.0,1
B00F6FOEHY,5.0,1
B00G4CRPSS,5.0,1
B008QG92J0,4.0,1
B00EBESJCC,5.0,1
B00G3KL3YS,5.0,1
B00FI172IE,5.0,1
B00F9ACH8O,5.0,1
B008QHTG6S,5.0,1
B00F98BPSO,5.0,1
B00932PYQQ,4.0,1
B009IF28RQ,5.0,1
B00EGNP44Y,5.0,1
B00EBH504O,5.0,1
B00F98YXTM,5.0,1
B00GFX8B3Y,5.0,1
B0090QMUVM,5.0,1
B00FZOEUM0,5.0,1
B009L6OXLG,5.0,1
B00EBGPYWS,5.0,1
B009KSRAJ2,5.0,1
B00G3KL12C,5.0,1
B00JQ4ELMY,5.0,1
B00G4DP5HK,5.0,1
B008QIAICI,5.0,1
B00K5NJF26,5.0,1
B00G3KKST4,5.0,1
B00EAR8NQ2,5.0,1
B00EFZRRNO,5.0,1
B00FG0SX9O,4.0,1
B00GWY8RBC,5.0,1
B00EFZSIEQ,5.0,1
B00943QAI0,5.0,1
B00946HQTY,4.0,1
B00946HPDG,5.0,1
B00932ZCOK,5.0,1
B00EFZTZSE,4.0,1
B00FZNUEWG,5.0,1
B008Q1K0AU,5.0,1
B00GG08AEG,5.0,1
B009L6ELQI,5.0,1
B00G3KL2T4,5.0,1
B008QHUAT0,5.0,1
B00GFYJWOA,4.0,1
B0090SV0ES,4.0,1
B00JQ1E9RY,5.0,1
B009I4DM4U,5.0,1
B008Q1TWY0,5.0,1
B00JQ1E52I,5.0,1
B00FG80FX8,4.0,1
B00EBGPSJM,5.0,1
B00FZNMX20,4.0,1
B009KSRO6G,5.0,1
B009KSZHJ2,5.0,1
B009L6ORLM,5.0,1
B00F99JZXA,5.0,1
B009KSZI3M,5.0,1
B00FG0SYLQ,5.0,1
B009KSZINC,5.0,1
B00937CCE8,5.0,1
B00F6PNKGK,5.0,1
B00GFZLXHS,5.0,1
B00936YYKO,5.0,1
B00FI20VSG,5.0,1
B00JPXRHRC,5.0,1
B009IDPPXW,5.0,1
B00EBAKD2A,5.0,1
B009KWKZB8,5.0,1
B009L650I6,5.0,1
B009IDAIK2,5.0,1
B00G4AGMHU,5.0,1
B009IC5YW0,5.0,1
B00936YQZW,4.0,1
B008QF4P6G,5.0,1
B00EARVQ5M,5.0,1
B00936Z8GS,5.0,1
B0090SQAL6,4.0,1
B00G3MI5JC,5.0,1
B00G3MNPQK,4.0,1
B00EBAQJWI,5.0,1
B00GEH8OTW,5.0,1
B00F9KE4MQ,5.0,1
B009I4JJMO,4.0,1
B00EASRIJY,4.0,1
B00G3N6WO6,4.0,1
B008RPMSNW,4.0,1
B00EG623IG,4.0,1
B00JPKBH94,5.0,1
B00GWUWQHM,5.0,1
B009KWLM7Y,5.0,1
B00936YOAE,5.0,1
B00F9JPAAM,4.0,1
B008QF0L1E,5.0,1
B00EG76G6U,4.0,1
B00GFZN9CK,5.0,1
B00FG4F5P0,5.0,1
B00G3ONFSQ,5.0,1
B00FG3IQJI,4.0,1
B00936YCFG,5.0,1
B00JPW6ZLM,4.0,1
B00GWXZTWS,5.0,1
B00JPVDWZ0,5.0,1
B00GM3N3I0,5.0,1
B00KTDODK6,5.0,1
B009L6430M,5.0,1
B00EB8B52Y,4.0,1
B00F9EU408,5.0,1
B00G3NNINO,5.0,1
B00GEH8MOO,5.0,1
B009KWQFOE,5.0,1
B00F6FPYQ4,5.0,1
B008RPQG3K,5.0,1
B009KXOB08,4.0,1
B00GMQ17FS,5.0,1
B00F6P47K8,5.0,1
B00F9FP97K,5.0,1
B008QF0LCS,4.0,1
B00944OGJE,5.0,1
B00G3LZ02I,5.0,1
B0090QQ518,5.0,1
B00GYD9WFQ,4.0,1
B00F9EDI9W,5.0,1
B009374Y4O,5.0,1
B008Q5L3N4,5.0,1
B009KWD1IW,5.0,1
B009KWD7KE,5.0,1
B00FI7QNGA,5.0,1
B00FG5YJRO,5.0,1
B009KWDNCQ,4.0,1
B00G4C6BXI,5.0,1
B00G3LD7XW,5.0,1
B00F9EE3PU,5.0,1
B00GM3NNL2,5.0,1
B00EBBTVJA,5.0,1
B00JPH683W,5.0,1
B00JPZVMO4,5.0,1
B00EG1SD6C,5.0,1
B00G3KVHFS,5.0,1
B00946E8KO,4.0,1
B00G3L7LE8,5.0,1
B00937C9QY,5.0,1
B009KVSF84,5.0,1
B00EBCCRE0,5.0,1
B009L664R2,4.0,1
B009IE1972,5.0,1
B00937BVV8,4.0,1
B008QG4PUG,4.0,1
B00GN21BAM,5.0,1
B00KTFAMZO,5.0,1
B00F6POQAO,5.0,1
B00KOW6CX8,5.0,1
B00FI7LB58,5.0,1
B009441GOC,5.0,1
B009373EE0,5.0,1
B00F9ERDZM,4.0,1
B00EG5Y3G2,5.0,1
B008QFCW9I,5.0,1
B009KWJ168,4.0,1
B00EGITUSA,5.0,1
B0093733NM,5.0,1
B009068MMI,5.0,1
B00EG42W9S,5.0,1
B00EARSMZ4,5.0,1
B00JPYE8N2,5.0,1
B00EBBQMTW,5.0,1
B008QG3SIQ,5.0,1
B009KWENF2,5.0,1
B00FI7LKBS,5.0,1
B009KWETFG,5.0,1
B00G3LEAWO,5.0,1
B009I4I46Q,4.0,1
B00K991OC0,5.0,1
B009374ESK,5.0,1
B00FG4GK1I,5.0,1
B009KWEVNG,5.0,1
B00GME6KQG,5.0,1
B00EBBCWYQ,5.0,1
B00FG6ROXY,5.0,1
B0093SLVXA,5.0,1
B00G3D616U,5.0,1
B00G1RMJOG,4.0,1
B00EDFWRI6,5.0,1
B00G1RIPG2,4.0,1
B0093NQRF2,5.0,1
B00EDFAPMQ,4.0,1
B00EDF8BJA,5.0,1
B009J1FHAY,5.0,1
B009JV0AGA,5.0,1
B00EDF70Y2,5.0,1
B009JV0CCW,5.0,1
B00G1RM1LC,5.0,1
B00G1RM20W,5.0,1
B00F7ICS3M,5.0,1
B00EDEOCTO,5.0,1
B0090ACB6C,5.0,1
B00JR4F2Y4,5.0,1
B008R92JR8,5.0,1
B00EDG2IC0,5.0,1
B00EDJ2ATS,5.0,1
B00EDIMNKU,5.0,1
B009J237GE,5.0,1
B009JUX8QK,5.0,1
B00EEK4XN2,5.0,1
B00EDIGERI,4.0,1
B00G0O3BNI,5.0,1
B008R9E7V4,4.0,1
B0090BJXEE,5.0,1
B008R999O4,5.0,1
B00KAHIUSC,5.0,1
B00GFHB6QO,5.0,1
B00FGRHS7A,5.0,1
B008R8WF3C,5.0,1
B0093NQQUI,5.0,1
B008R7LWYG,4.0,1
B009JVRGGM,5.0,1
B00F8KT45Y,4.0,1
B00G1SDCJ6,5.0,1
B00GM4XP1O,5.0,1
B00ED9CE08,5.0,1
B00ED8SK5M,4.0,1
B00ED8Q7DE,5.0,1
B0093WM6ZI,5.0,1
B00KAHQM1E,5.0,1
B008R79WK2,5.0,1
B008R79UPE,4.0,1
B009J0QQ1E,5.0,1
B00908VCPA,5.0,1
B00F8L3102,5.0,1
B00ED9YM76,4.0,1
B0093NQE0K,5.0,1
B00EEPJ8LE,4.0,1
B008RDYVWK,5.0,1
B00GMV0G82,5.0,1
B0093WA47A,4.0,1
B0093NQFP4,5.0,1
B008RDYRBA,5.0,1
B00EDEJZAA,5.0,1
B0093NQF4U,5.0,1
B009JVN0SA,5.0,1
B00F8KQ2AY,5.0,1
B0093WCNBA,5.0,1
B00EDE73M2,5.0,1
B0093WJMKU,5.0,1
B00F8KQ3HQ,5.0,1
B00EENR7W8,5.0,1
B009J1412O,5.0,1
B00EDD0UF0,5.0,1
B00GMZTHAG,4.0,1
B009JUUGKG,4.0,1
B00EEJROHA,5.0,1
B0093P3TAG,5.0,1
B00GX8Q0W0,5.0,1
B00EDMUK38,4.0,1
B00GX8NSWK,5.0,1
B009J620QS,5.0,1
B00EEIAVN0,5.0,1
B00FHNELR8,5.0,1
B00GXFT0RK,5.0,1
B00K5V0FKO,5.0,1
B00JRMD6KI,5.0,1
B00GMVIHAG,5.0,1
B00EDMAOYI,4.0,1
B00EEIAW84,5.0,1
B00FHNOMGI,5.0,1
B0090FZZ0G,5.0,1
B00G0TRLYI,5.0,1
B009JTS5CS,4.0,1
B00KQHG7V8,5.0,1
B00G1NE4MA,5.0,1
B00EEIAOMI,5.0,1
B008R9ORX2,5.0,1
B009J64VO2,5.0,1
B00EEI6IZU,5.0,1
B00KPZ0YU6,5.0,1
B00F8JQLP6,5.0,1
B009J63PJO,5.0,1
B00F8K8XHE,5.0,1
B00F8K9PGM,5.0,1
B00G0TZT5G,4.0,1
B00F7PUAX0,4.0,1
B00G1NAPZ0,5.0,1
B00F8KAQJW,5.0,1
B008RDQ8RQ,5.0,1
B00F8KB0RY,5.0,1
B00KQHG7UO,5.0,1
B00F8KDK04,5.0,1
B00EDMAOMK,5.0,1
B008RDR34S,4.0,1
B00GM7HM3I,5.0,1
B008RDST00,5.0,1
B00EEIJP2I,5.0,1
B00GFG83W0,5.0,1
B00EDK18X6,5.0,1
B0090FZZLK,5.0,1
B009JUQ0XS,5.0,1
B009JURO0Q,5.0,1
B008R9IZ5I,5.0,1
B0093NQT0K,5.0,1
B00EDJ38IU,4.0,1
B00GX8J2UC,5.0,1
B00FGWGKNI,4.0,1
B00GM5EVRA,5.0,1
B00F8KGIDK,5.0,1
B009J5ZBVU,5.0,1
B009J4QIKE,5.0,1
B00EDKOW0W,5.0,1
B00F8KJ3OQ,4.0,1
B00EDKBG7O,5.0,1
B009JTWYEI,5.0,1
B00EDK4UJU,5.0,1
B009JUPOW6,5.0,1
B00G1PBDN6,5.0,1
B009JTY87E,5.0,1
B008R9LW12,4.0,1
B00F8KL5KG,5.0,1
B00EDK2B0U,5.0,1
B0093NFDTS,5.0,1
B0090884II,5.0,1
B00G22NNBS,5.0,1
B00EESFVCG,4.0,1
B00ED3QVNU,5.0,1
B0093LPO0S,5.0,1
B00G0LIEV0,4.0,1
B00FHNSTU8,5.0,1
B00EESSAOM,5.0,1
B00EET2CWW,5.0,1
B00GXHWQD8,5.0,1
B009K0RISS,5.0,1
B00GXHXKA6,5.0,1
B00GXI52FG,5.0,1
B008R5NBDS,5.0,1
B0093Y119S,4.0,1
B00G21VDH0,4.0,1
B009JXRACA,5.0,1
B00JRRNE14,5.0,1
B00JRRO0BW,5.0,1
B0093M0UC4,5.0,1
B009IXY8D0,5.0,1
B0093LVGWS,5.0,1
B00JQX0E0I,5.0,1
B0093XINWW,5.0,1
B009JYQ25U,5.0,1
B00KQS08DU,5.0,1
B00ED3YIAI,5.0,1
B009IXU0NC,5.0,1
B00G21DQEI,5.0,1
B00908FO5O,5.0,1
B00G1WNK7Q,5.0,1
B00GX8C44I,5.0,1
B00JRRSE7S,5.0,1
B00FHQ52AK,5.0,1
B00ED39EQG,5.0,1
B00G0KHTDU,5.0,1
B00JQU4AY2,5.0,1
B00EETG8KE,5.0,1
B008R599MU,5.0,1
B00G23ONMA,5.0,1
B0093LGTNO,5.0,1
B00GXJP3CW,5.0,1
B00G0K79TE,5.0,1
B0090HA82Y,5.0,1
B00FGLTV58,5.0,1
B008RH7KB0,5.0,1
B00JQW4L58,5.0,1
B009K0RIYW,4.0,1
B00GF23FUE,4.0,1
B00KQS8Q9S,4.0,1
B00GM4KT5E,5.0,1
B00KQS93S6,5.0,1
B00KQTDLGK,5.0,1
B00GX8BYIK,5.0,1
B00GN0KXEE,5.0,1
B00EET4HO8,5.0,1
B00EET701A,5.0,1
B009K0RKI6,5.0,1
B00F7BXAYK,5.0,1
B008R5KGTK,5.0,1
B00ED3EIT4,5.0,1
B0093LK0R0,5.0,1
B00JQXT4D6,4.0,1
B00G1ZAV7A,5.0,1
B0093X5NU2,5.0,1
B00908FTJ0,5.0,1
B009IZBO5I,4.0,1
B00ED7TFN4,5.0,1
B009IZ7G32,5.0,1
B00ED7ADJO,5.0,1
B00G1WTR46,5.0,1
B0093WQYFG,4.0,1
B0090GWG5M,5.0,1
B00908V5BQ,5.0,1
B00F8L89OA,5.0,1
B008RF70Y4,5.0,1
B00G0O2GZW,5.0,1
B00GFI1EB0,5.0,1
B00GMZUBVA,5.0,1
B009IZ4YLE,5.0,1
B00G1XAK5U,5.0,1
B00ED7Z6UA,5.0,1
B009J04O8Q,5.0,1
B00JRR3HO8,5.0,1
B008RDZMU0,4.0,1
B00ED886CY,5.0,1
B00GF62R5Y,5.0,1
B008R79RWA,4.0,1
B008RDZK98,5.0,1
B009JVY4QM,5.0,1
B0093WPHXQ,5.0,1
B00EEQFE66,5.0,1
B00F8L3QB6,5.0,1
B00ED81NM4,5.0,1
B008R79JXM,5.0,1
B00KQHG8XA,5.0,1
B00FGQM92K,5.0,1
B00EAKE584,5.0,1
B008R79DP6,5.0,1
B008RE7ZI6,4.0,1
B00EER9PHY,5.0,1
B00JRRLFII,4.0,1
B009JXI9UM,5.0,1
B009JWKA3W,4.0,1
B00GF36G5O,4.0,1
B009JWL00E,5.0,1
B009JX2WUA,4.0,1
B00F8LX7OW,5.0,1
B00KQQJ040,5.0,1
B00KQQRI4E,5.0,1
B0093MM9DM,5.0,1
B00G1YCDM2,4.0,1
B009JXLUSA,4.0,1
B00ED4DXVC,5.0,1
B00F8LYQII,5.0,1
B00F8M0942,5.0,1
B00KPVG18Y,5.0,1
B00F8LREK0,4.0,1
B009JWBK9U,5.0,1
B00GF54PGE,5.0,1
B00GN0EMR8,4.0,1
B00GN0K34Y,5.0,1
B00GXH94YW,5.0,1
B00GXHBZW6,5.0,1
B00G0MFX9U,5.0,1
B0093WZJ20,4.0,1
B009IYSJLQ,5.0,1
B0090GWIM8,5.0,1
B00GF4EIFS,5.0,1
B00GX8EF9U,5.0,1
B008R6FYDM,5.0,1
B008R6FXA6,5.0,1
B00FHNSSTA,4.0,1
B00GMUY1N4,5.0,1
B00ED4YMQM,4.0,1
B00EEI5BVW,5.0,1
B00KPZ8RBE,5.0,1
B009J6VYKG,5.0,1
B00GFDZHM2,5.0,1
B00GXAVZ2S,5.0,1
B009JHDND6,4.0,1
B00EE9Y8YC,5.0,1
B00EEA5MSW,5.0,1
B008RATHW2,5.0,1
B0093QPC7S,5.0,1
B00FH432L8,4.0,1
B00F8EXV40,4.0,1
B00GMY9TIC,5.0,1
B0093UKEH2,5.0,1
B0093UDVLS,5.0,1
B009JHIS40,5.0,1
B009JHVO3M,5.0,1
B008RC4VHG,5.0,1
B00EE2FOK6,5.0,1
B00GMXYE1K,5.0,1
B00JRE14CI,5.0,1
B008RC5RO2,5.0,1
B009JHY95W,4.0,1
B00F83W0RU,4.0,1
B00EE2BILU,5.0,1
B009JHJ1OQ,5.0,1
B00FH44E7Y,5.0,1
B00JRE0N34,5.0,1
B008RBEWG2,4.0,1
B00EE8ZLEY,5.0,1
B0090E3III,5.0,1
B00GMXFK5E,5.0,1
B00GM7AB9U,5.0,1
B00EDZ7826,5.0,1
B00EDUS7PI,5.0,1
B00EEC8Z0W,5.0,1
B00K5SRAEG,4.0,1
B00JRJZQKE,5.0,1
B00EDUREDE,5.0,1
B00FH3QNJM,5.0,1
B00EDUFXGE,5.0,1
B00GFE1YUU,5.0,1
B008RALOFU,5.0,1
B00GFE3PXO,5.0,1
B00F8G5VDC,5.0,1
B00F8GIEVS,5.0,1
B00JRDEQNS,5.0,1
B00EECLACC,5.0,1
B00GX96AOM,5.0,1
B00JRDA28G,5.0,1
B00GX90TT4,4.0,1
B00KQ64AGI,5.0,1
B00EDWC00E,5.0,1
B00F8FVRGI,5.0,1
B0093QH4G0,5.0,1
B0093QIR8O,5.0,1
B0093QH4LA,5.0,1
B00EEB62AI,5.0,1
B00GXEB5ZG,5.0,1
B00F7UHSLC,5.0,1
B00EDXX3MW,5.0,1
B0090F0PLA,5.0,1
B00EEBULT6,5.0,1
B00GXF0HAY,5.0,1
B00EDX9J5W,5.0,1
B00EDX1C8Y,4.0,1
B009JOV5PM,5.0,1
B00K5SNL4O,4.0,1
B00EE2Q0XQ,5.0,1
B00G14KYH8,5.0,1
B0093SEJ20,5.0,1
B00EE3BM8S,5.0,1
B00GFDOZJ8,5.0,1
B00GXCE21M,5.0,1
B00EE34N1G,4.0,1
B00FH8D8A4,5.0,1
B00EE34IYS,5.0,1
B00F87238M,5.0,1
B008RC25O2,5.0,1
B00EE34IB6,5.0,1
B00JRGBH96,5.0,1
B008RC3NV6,5.0,1
B00GXB2940,5.0,1
B008RC3QRM,4.0,1
B0093SO0MY,4.0,1
B00EE6RG44,4.0,1
B00EE6SJ40,5.0,1
B00F894KV8,5.0,1
B00EE5L5K6,5.0,1
B0093SQH8Y,5.0,1
B009JKIUVI,5.0,1
B00EE3MB7O,4.0,1
B008RBT73U,4.0,1
B00G14UIME,5.0,1
B009JKJQ7U,5.0,1
B008RBSQL4,5.0,1
B00GFC0JPI,5.0,1
B00G157C18,5.0,1
B00KQ5RMVE,5.0,1
B0093SCNKK,4.0,1
B00FH7RXU6,5.0,1
B00G15KB48,4.0,1
B0093U66BK,5.0,1
B00GM6NS96,5.0,1
B00JRF7I2C,5.0,1
B00EE8JDJS,5.0,1
B00FH5YMOS,4.0,1
B00GXE78U2,4.0,1
B0090ECTL0,5.0,1
B00GM5WWLW,5.0,1
B0093TLEAO,5.0,1
B00EE2QNGA,5.0,1
B00FH49F82,5.0,1
B009JHY9OI,5.0,1
B0093UB2XC,5.0,1
B00FH45NR4,5.0,1
B008RBK5VS,5.0,1
B0093QR186,5.0,1
B009JNTSFC,5.0,1
B0093SAX20,5.0,1
B008RBQ0MG,5.0,1
B008RBPKOK,5.0,1
B0093SZJIS,5.0,1
B00G16C6EA,4.0,1
B00GFAPW6G,5.0,1
B00EE3416I,5.0,1
B0093S81MY,4.0,1
B0093RWFP4,5.0,1
B00EE7D0XO,5.0,1
B00KA4VT5Q,5.0,1
B00GFADSJY,5.0,1
B00EE8A56S,5.0,1
B00GM6W9JG,5.0,1
B00GMWETVG,5.0,1
B00EDPJWIE,5.0,1
B009J9K5PS,5.0,1
B00EDPBTOY,5.0,1
B0093PLBTC,5.0,1
B00GM77U7G,5.0,1
B00EDPBP1G,5.0,1
B00EDPBAIO,5.0,1
B009JR3XTU,5.0,1
B00GFEXYW6,5.0,1
B00GMVXA0S,5.0,1
B00GX8TP0Y,5.0,1
B00GFF01OE,4.0,1
B00G1IQHES,5.0,1
B00G1JTTJM,5.0,1
B00GXFPWZY,5.0,1
B00EDPB0NY,5.0,1
B00G1KEO1O,5.0,1
B009J9Q2VO,5.0,1
B009JR15GS,5.0,1
B00JRKI02Y,5.0,1
B009JPZ1QK,5.0,1
B0090CTUGO,5.0,1
B008R9R0VS,4.0,1
B00EDQACHS,5.0,1
B00F7QDST2,5.0,1
B00G0UL52G,5.0,1
B0093VPS0Y,5.0,1
B009JQ8OPE,5.0,1
B00FH1C6Q8,5.0,1
B00EDQ3PX6,5.0,1
B00EEGXHOW,5.0,1
B009JQ4VSI,5.0,1
B009JA4VPW,5.0,1
B00EDOURX4,5.0,1
B00EEI50A4,5.0,1
B00EDO8EUM,4.0,1
B00EDO51R6,5.0,1
B0093VTOD6,5.0,1
B00FHI332C,5.0,1
B00G1N7YQ8,4.0,1
B00EDNUC3U,4.0,1
B009JTDO7E,4.0,1
B00GMVW77A,5.0,1
B00GFFQ76U,4.0,1
B008R9QSJI,5.0,1
B00EDNSSLS,5.0,1
B00EDNMKPI,4.0,1
B008RDHGTK,5.0,1
B00GM799LQ,5.0,1
B009JTBSAO,5.0,1
B00FGYW70Q,5.0,1
B00G0U2BUG,5.0,1
B009JR7IBE,5.0,1
B00GM77VBQ,5.0,1
B009J98H94,5.0,1
B00GX8TC4S,5.0,1
B00KQHG7Q8,5.0,1
B00K5U5ED8,5.0,1
B00GMZLK60,5.0,1
B009J7PGNQ,5.0,1
B009J92FXS,4.0,1
B009J918XG,4.0,1
B00FHCP7EK,5.0,1
B009JRNQ2Y,4.0,1
B009JRPPH8,5.0,1
B009JSBBCA,4.0,1
B009J8H3JU,5.0,1
B009JT48UQ,4.0,1
B00EEGLLTA,4.0,1
B008RAKUUK,4.0,1
B009JPYZ8U,5.0,1
B0093Q6EUW,5.0,1
B00EDS1XW4,5.0,1
B00EDRZBSW,5.0,1
B009JERJKW,5.0,1
B00G1BTUO4,4.0,1
B00EEEB12O,5.0,1
B00GXFIG84,5.0,1
B00EDRGODS,5.0,1
B00FHCL2B2,5.0,1
B00EEEEO7S,5.0,1
B00EDR8DH8,5.0,1
B00GFEBR6Q,5.0,1
B008RCWX4O,5.0,1
B008RCX0CI,5.0,1
B00G1CSFD0,5.0,1
B00EDSAC1C,4.0,1
B00F8I59ZK,5.0,1
B00G19BU6M,5.0,1
B0093QC2R6,5.0,1
B00EDTQ7DI,5.0,1
B00EED2E0I,5.0,1
B00F8GRAYU,5.0,1
B00EDTGVBQ,5.0,1
B00EDTD06A,5.0,1
B008RAF5B4,5.0,1
B00GMWMN9G,4.0,1
B0090D80U0,5.0,1
B00JRCIG76,4.0,1
B009JOY6NA,5.0,1
B00EEE5W4W,5.0,1
B00EDSOQYG,5.0,1
B00EDSLY3C,4.0,1
B00EEEJLIU,4.0,1
B00F7S6JAU,5.0,1
B00EEEPGAC,5.0,1
B00KA8QZ8S,5.0,1
B00GFEDSN6,5.0,1
B00EEFCHMG,4.0,1
B00EEFRJHY,5.0,1
B00KQHG6MS,5.0,1
B008RAAWL2,5.0,1
B008RCY1DK,5.0,1
B008RAA5XC,4.0,1
B00GX8WARE,5.0,1
B008RA6X1U,5.0,1
B008R9Z3TE,5.0,1
B00GX8UBNO,5.0,1
B009JCCU9Y,4.0,1
B009JBW6G2,5.0,1
B00EDQDPLI,5.0,1
B008RCY1E4,5.0,1
B0093PNIEI,4.0,1
B00FH2DKDU,5.0,1
B00KQEHD46,5.0,1
B00G1CSH10,4.0,1
B00GMWKHRQ,5.0,1
B00G1D0J74,5.0,1
B00KQCYTIG,5.0,1
B00KQ1M98Y,5.0,1
B009JPLAQK,5.0,1
B00EDR4CDC,5.0,1
B009JPPZ2U,5.0,1
B00EDR3PT4,5.0,1
B00EEELK0M,5.0,1
B00KQGE9F0,5.0,1
B008RCXYS8,5.0,1
B00GXKECV4,5.0,1
B00EBZXGFG,5.0,1
B00FHVG8C6,4.0,1
B00ECELYGO,5.0,1
B008RLGF7G,4.0,1
B009K8L1VK,5.0,1
B0093CC6XK,5.0,1
B00K9XEKYA,5.0,1
B00G31H1KC,5.0,1
B008QY8C66,5.0,1
B00GX4WKXC,5.0,1
B008QY19VQ,5.0,1
B00ECE6OJ6,5.0,1
B0093C9AT8,5.0,1
B00ECE2BX4,5.0,1
B00K9WTTBU,4.0,1
B00EFBWYG8,5.0,1
B00FHUBCXM,4.0,1
B00FHUB4M6,4.0,1
B00ECEND90,4.0,1
B00G30JZQQ,5.0,1
B00JS1PQLA,5.0,1
B00FGEEW4U,5.0,1
B00GM4IZKU,4.0,1
B0093DG7CU,5.0,1
B00G30J0WA,5.0,1
B009084AZY,5.0,1
B00GX56H0I,5.0,1
B00GXYVPD8,5.0,1
B00FHUAILE,5.0,1
B0093CKFBA,5.0,1
B00GESL0C4,4.0,1
B008RLCU8Y,5.0,1
B009IROA5C,4.0,1
B00G32XUNS,4.0,1
B00ECDU5EW,5.0,1
B00JS6RMDA,5.0,1
B009IR4QG0,5.0,1
B009KB4N30,5.0,1
B00G32HM4G,5.0,1
B00F74YWYY,5.0,1
B009IQL01K,5.0,1
B00KP0VOKK,5.0,1
B00G32PODW,5.0,1
B00EFD42AC,5.0,1
B0093C0P1K,5.0,1
B009KB61FS,4.0,1
B009KB6BU8,5.0,1
B00F74QSWS,5.0,1
B00EFD69GC,5.0,1
B00GFUZJFU,5.0,1
B00GFD00YM,5.0,1
B009IR66NQ,5.0,1
B00G32BFM6,5.0,1
B009KA1ZIW,5.0,1
B00EFBXHBY,5.0,1
B0090ODSII,5.0,1
B009078SOE,5.0,1
B0090ONGDK,5.0,1
B00G32BCXS,5.0,1
B00JS2TSC2,4.0,1
B00FGEDHYQ,5.0,1
B00F8TFN00,4.0,1
B00JS4HFUM,5.0,1
B00JS6IGA8,5.0,1
B00G32G2LA,5.0,1
B009KAZPB0,5.0,1
B0093C6NPC,5.0,1
B00EFC0K36,5.0,1
B00G02KWRI,5.0,1
B00FGEGBB2,5.0,1
B00942AQ7C,5.0,1
B00FGEPY4M,5.0,1
B009084L9E,5.0,1
B00FGF6580,5.0,1
B009412WQG,4.0,1
B00K5XQDCG,5.0,1
B00GX63SWW,5.0,1
B00ECGU0XU,5.0,1
B00GFURYEY,5.0,1
B00G04CK8U,5.0,1
B00EFAL84S,5.0,1
B00ECGLS4U,5.0,1
B00F75FSNW,5.0,1
B009K74N0C,5.0,1
B00EFAN6VG,5.0,1
B00F8PTYMM,5.0,1
B00EFB33PO,5.0,1
B009K7FIEM,5.0,1
B00G04Q9GO,5.0,1
B00ECGZCW4,4.0,1
B00GFU8MYA,5.0,1
B00EF89FZE,5.0,1
B009K73BW8,5.0,1
B00EF8A5RQ,5.0,1
B009K74GIQ,5.0,1
B00F75QLJ2,5.0,1
B0093FENBK,5.0,1
B00G2UMTR4,4.0,1
B00GEST4W2,5.0,1
B0093FC1MS,5.0,1
B00JRW2U7S,5.0,1
B00ECI2TNM,4.0,1
B00GETFB50,5.0,1
B00ECHG164,5.0,1
B00EFABHC6,5.0,1
B00F759ZJ0,5.0,1
B008RKX40I,5.0,1
B0093ELJXG,5.0,1
B00GXW1LES,5.0,1
B00G2Y2E1Q,5.0,1
B00GXVSJU8,5.0,1
B00ECFXHA4,5.0,1
B00ECFVSTQ,4.0,1
B008RL94QU,5.0,1
B00EFBHNLY,5.0,1
B00JRXYO3U,4.0,1
B00G040BHC,4.0,1
B008QYGHRW,5.0,1
B00F7508FA,5.0,1
B008QYF85Y,4.0,1
B009K7UDEW,5.0,1
B00ECFYLEU,4.0,1
B00G2XR9JO,5.0,1
B008QZ0P4M,4.0,1
B008RL1AN0,5.0,1
B00F8PVYV6,5.0,1
B00G2XU5CW,5.0,1
B009K7I6MS,4.0,1
B00G2XY79O,5.0,1
B008QYTFXK,5.0,1
B00F8PW1AE,4.0,1
B00ECG0080,5.0,1
B00ECFYTEW,5.0,1
B009412XBK,5.0,1
B00KPEMQYE,4.0,1
B008QYRB1S,5.0,1
B009413076,5.0,1
B00EC9XP8O,4.0,1
B00EFD72PO,5.0,1
B009K183Q8,5.0,1
B00EC3TLVU,4.0,1
B00G36IDOU,5.0,1
B00KP0M6WU,5.0,1
B008QTKH82,5.0,1
B008QTJCMO,5.0,1
B00942NGTW,5.0,1
B00KS3QDFK,5.0,1
B00FZY4EGW,5.0,1
B009IPRX12,5.0,1
B00FZY1H9O,5.0,1
B008QSSTWO,5.0,1
B008QSPQ4S,4.0,1
B00G36LANQ,5.0,1
B00JQJMGT4,5.0,1
B00JQJLTP6,5.0,1
B00GERRMXQ,5.0,1
B00KRZVYMQ,5.0,1
B00F72M54K,5.0,1
B009KH5Q3K,5.0,1
B008QUU7MC,5.0,1
B00EFG37VY,4.0,1
B008RM62CS,5.0,1
B00EC5AND8,5.0,1
B00EC4WTUO,5.0,1
B008QUU5X8,5.0,1
B00KRWLDCA,5.0,1
B008QURSTC,5.0,1
B00GES1FFG,5.0,1
B008QUNVGG,5.0,1
B00F8WOSEY,5.0,1
B008QUGCHQ,5.0,1
B00JQJDD1E,5.0,1
B00EC28OAU,5.0,1
B00EC9XLGK,5.0,1
B00JQJBIFM,4.0,1
B00GY0YCGI,4.0,1
B00G3C1GRU,5.0,1
B00GY1NELG,5.0,1
B00G3CMR32,5.0,1
B00FZWU1R0,5.0,1
B00F6XNG1G,5.0,1
B00GX2U8BA,4.0,1
B009IO3Q4Q,5.0,1
B00GY1NIZ8,5.0,1
B00EC02WMS,5.0,1
B008RMMOR0,5.0,1
B008RM9ZTK,5.0,1
B009IOTQL8,4.0,1
B009IPFV2K,5.0,1
B00GERMBCI,5.0,1
B00GX34OCI,4.0,1
B009IPM0EM,5.0,1
B008RM99X2,5.0,1
B00GY0K9NS,5.0,1
B008RM9LRQ,5.0,1
B0093B9ZNU,4.0,1
B00EC1U8PU,4.0,1
B00GY0VA3Q,5.0,1
B009IPHLD2,4.0,1
B009KJAW0U,5.0,1
B00942X4CQ,5.0,1
B00GY0WCCE,4.0,1
B00KS4V6OW,5.0,1
B00EC0RKWU,5.0,1
B009IPHXO4,5.0,1
B00JQKJ97K,4.0,1
B00FHWS378,5.0,1
B00EFFUYD4,5.0,1
B0093BL8Y4,4.0,1
B008QX864A,5.0,1
B00EC9P820,5.0,1
B00GX3LP20,5.0,1
B00EFE30X6,5.0,1
B00JS7I7FQ,5.0,1
B00FGDV38Y,4.0,1
B00EC94I44,5.0,1
B00EC94GXC,5.0,1
B00F73UMVM,4.0,1
B00G004D98,5.0,1
B00EC6U4OK,4.0,1
B00FHVIK8G,5.0,1
B00JQLX89O,4.0,1
B00F8TX8LG,5.0,1
B0093BP1G0,5.0,1
B00GXZUD26,5.0,1
B00G32Y0J6,4.0,1
B00EFD8NVQ,5.0,1
B00EC9WVKM,5.0,1
B00K9V37P0,5.0,1
B009KBWHXS,5.0,1
B00G32YHIK,5.0,1
B00EC9P9PG,5.0,1
B00EFDZYWC,5.0,1
B00G00QJLI,5.0,1
B00GMAPRVO,5.0,1
B009KCM8E0,5.0,1
B009KCM9FI,5.0,1
B008RLSNKS,4.0,1
B008RLTIF2,4.0,1
B008QXNRWG,4.0,1
B00F8VCNAG,4.0,1
B00EC6LTTE,4.0,1
B008RLX3NK,5.0,1
B00K5YPKOC,5.0,1
B00F8VU128,4.0,1
B008RM5X0A,5.0,1
B00FZYHITC,5.0,1
B00F738YX0,5.0,1
B00GES6EL6,5.0,1
B00GX35FC6,5.0,1
B008RM61OW,5.0,1
B009KF74C8,5.0,1
B00K5ZVLVM,5.0,1
B00FHVIKXG,5.0,1
B00EC5ZG1C,5.0,1
B009KGUAZU,5.0,1
B008QWZ25W,5.0,1
B00F73ETS4,5.0,1
B0090PAAB0,5.0,1
B00JQLF054,5.0,1
B009KF0K5G,5.0,1
B008QWWDMW,5.0,1
B00EC6C132,4.0,1
B009IQ1SEE,4.0,1
B00EFEK2YQ,5.0,1
B009KF5IS0,5.0,1
B00K9R0J4G,5.0,1
B008RLYCFS,5.0,1
B00906OOQQ,5.0,1
B00GX6BGL2,5.0,1
B00FGG21MS,5.0,1
B009ITRKKW,5.0,1
B00FGK1IRS,5.0,1
B00F8MRH9C,5.0,1
B00GX86RR8,5.0,1
B00JQTR3WY,5.0,1
B009ITJQFO,5.0,1
B00FGJQS4M,5.0,1
B00G0JHBLQ,5.0,1
B009K2BC5G,5.0,1
B009K2BCS8,5.0,1
B00G0JFTBK,5.0,1
B009ITGGRA,5.0,1
B00GX85MKQ,5.0,1
B009K2BD8W,5.0,1
B008R2CBKA,5.0,1
B00GF1M2WM,5.0,1
B00G2GHSCY,5.0,1
B00JRRTMRY,5.0,1
B00JRRTUHG,4.0,1
B008R2XAGO,4.0,1
B00GFQJ2GG,5.0,1
B0093Y8W8G,5.0,1
B00ECUR6EW,5.0,1
B0093KRJES,5.0,1
B00ECUQXNC,5.0,1
B00EEYALKM,5.0,1
B00G2GRRXO,5.0,1
B00G0JR3I2,5.0,1
B009ITVRA6,4.0,1
B0090J0KEI,5.0,1
B00GFRPBIS,4.0,1
B00ECUR0KM,5.0,1
B008R2B33Q,5.0,1
B00F79WFR0,5.0,1
B00F8PTQMU,5.0,1
B00GX7YZWI,5.0,1
B00G2K22SK,5.0,1
B00ECNWDGK,4.0,1
B00GXN62XW,5.0,1
B00G0HJH9W,5.0,1
B009K2BFGM,5.0,1
B00KAI0F52,5.0,1
B009ISKBG8,4.0,1
B00K9YO68O,5.0,1
B00FHTF4ZA,4.0,1
B009K2BH60,5.0,1
B00F8O0Z58,5.0,1
B00ECQ3RYY,4.0,1
B009K2BENG,5.0,1
B00EEYE4O6,5.0,1
B00F8NVGHA,4.0,1
B0093J1RYW,5.0,1
B0093IY9W0,5.0,1
B00G2IJM1C,5.0,1
B00F8O0AH6,5.0,1
B009IT3VJQ,5.0,1
B008R2852S,5.0,1
B00F78U97E,5.0,1
B008RIA7K0,4.0,1
B00G2J21PU,5.0,1
B0090864RG,5.0,1
B009IU6QJC,4.0,1
B00F8MOSGM,5.0,1
B008R37VM2,5.0,1
B008RHRR68,5.0,1
B00GX8BIAO,5.0,1
B008R56N0G,5.0,1
B0093LCU1Y,5.0,1
B008R55FV4,5.0,1
B00G0K6ZX0,4.0,1
B00GX8AZ62,4.0,1
B009IUW1BO,4.0,1
B00G2ACEQ0,5.0,1
B00GXKH4D2,5.0,1
B00EEWFV3G,4.0,1
B008R45EDE,5.0,1
B0090HDXHG,5.0,1
B0090HE1Q8,5.0,1
B00EEWOEQQ,5.0,1
B00G2ASHAW,5.0,1
B00ECXTS2C,5.0,1
B008R56NNI,4.0,1
B0093Y6VQ6,4.0,1
B00EEWBRE8,5.0,1
B0093LG4SE,5.0,1
B00ED36O96,5.0,1
B009IWRIZ6,5.0,1
B00ED2VYIS,5.0,1
B00G249QFI,5.0,1
B00GMUP7IW,5.0,1
B00KQUDTUC,5.0,1
B00GFMK8Z4,5.0,1
B00G25ANW2,5.0,1
B00GXKH12Q,5.0,1
B00GMUJ0XK,5.0,1
B009IWQIE8,5.0,1
B009IWP5A6,4.0,1
B00G277242,5.0,1
B008RHJMO8,5.0,1
B00G28IH90,5.0,1
B00ED0BUGQ,5.0,1
B00JQU23QO,5.0,1
B0090HE3X4,5.0,1
B00ECX0DW6,5.0,1
B00G2AZX04,5.0,1
B008RIA3FO,4.0,1
B0093Y8GVY,5.0,1
B00G2F339M,5.0,1
B00F7AFLPC,5.0,1
B0090I55XA,5.0,1
B008R3QW2W,5.0,1
B00G2EEDOW,5.0,1
B008RIA41C,4.0,1
B00ECVWGAA,5.0,1
B009K2BA2G,5.0,1
B009K2BAD0,5.0,1
B00GXKU7VI,5.0,1
B00GXKU9S4,5.0,1
B00G2G6XAC,5.0,1
B00ECWWPJG,5.0,1
B009K2B9SQ,5.0,1
B00F8MIKAC,5.0,1
B00G2BAHZO,5.0,1
B009IULOL2,4.0,1
B009IULI8G,4.0,1
B0093L2ZIM,5.0,1
B008RI8IK6,5.0,1
B00JQTWOQ4,5.0,1
B009IUK19I,5.0,1
B008R44R7I,5.0,1
B0093Y7TGW,4.0,1
B00G0K55FE,5.0,1
B009K25PCM,5.0,1
B00GF213OO,5.0,1
B009K25WRA,5.0,1
B00F8MJ8Q2,5.0,1
B0093Y8E3O,5.0,1
B00GX8ARYM,5.0,1
B009ISCXV4,4.0,1
B009K6EO3E,5.0,1
B00JRUXLZK,5.0,1
B00JRV5BMA,5.0,1
B00GF0M4FS,5.0,1
B0093GVIP8,5.0,1
B009K6U7NU,5.0,1
B00EF5LUX2,5.0,1
B00ECJ8P5C,4.0,1
B00G05SLFK,4.0,1
B00GFU764M,5.0,1
B00GXSTL76,5.0,1
B00KR3YDPI,5.0,1
B00ECINWV0,5.0,1
B00F8P03TA,4.0,1
B00FHU3UE6,5.0,1
B00ECJJD08,5.0,1
B00GM4JJQE,5.0,1
B009K6GJ7I,5.0,1
B00EF1EGH8,4.0,1
B00GN1P604,5.0,1
B00GX6CK6W,5.0,1
B00ECKYW80,5.0,1
B00G062PLA,5.0,1
B00GF0Y8JS,5.0,1
B00K9Y1SOE,4.0,1
B008R1HTR6,5.0,1
B00EF42SN4,5.0,1
B00KR1RQXG,5.0,1
B00KR1ZOQM,4.0,1
B00F8OOBLC,5.0,1
B009K6SH14,5.0,1
B00JQOZCVI,5.0,1
B00GXR5UNG,4.0,1
B00KR6OF76,4.0,1
B00EF61LFS,5.0,1
B0093GEKJO,5.0,1
B00GXURRUW,5.0,1
B00JQO79UK,5.0,1
B009K703DS,5.0,1
B008R09A5G,5.0,1
B0093FXHHQ,5.0,1
B00GXVRSC8,5.0,1
B00FGHQ8H6,5.0,1
B00F8PHITS,5.0,1
B00EF7WD54,5.0,1
B00EF874U2,5.0,1
B00EF87UDS,5.0,1
B008RK59SS,5.0,1
B00GXVRSVE,4.0,1
B00FGHUPZM,5.0,1
B008R0H69S,5.0,1
B00F8P18Q2,5.0,1
B00EF6TVMI,5.0,1
B00G05OHK8,5.0,1
B00JRVFW8S,5.0,1
B008R1CRAK,4.0,1
B00EF6HLDY,4.0,1
B008RK0C1W,4.0,1
B00KR6QG78,4.0,1
B00GF0EOLA,5.0,1
B00F8P2VK4,5.0,1
B00G05IVU0,5.0,1
B00GXTWU8W,5.0,1
B00G2TVY94,5.0,1
B0090MVTRM,5.0,1
B00JRVOVCG,5.0,1
B008R1BAP8,5.0,1
B00KR9RQLU,5.0,1
B00GMT8Y4M,4.0,1
B00GXP6ENS,5.0,1
B00EF1EFW4,4.0,1
B00GFSAKJM,5.0,1
B00GF0YKYG,5.0,1
B0093IQY28,5.0,1
B00G2MOSF8,5.0,1
B00G0AL4IG,5.0,1
B00ECMP7H8,5.0,1
B00908535K,4.0,1
B00G0A7DLS,4.0,1
B00ECMJT3G,4.0,1
B009K4K6LA,5.0,1
B008R1QH92,5.0,1
B00K5SIU40,5.0,1
B00ECMJGKC,4.0,1
B00GF115S4,5.0,1
B00KQYMPL2,5.0,1
B00F75QMYG,5.0,1
B00ECMJCF6,4.0,1
B00KR157PA,4.0,1
B00KPJ6CP8,5.0,1
B00JQRHVRS,5.0,1
B00F78PUT6,4.0,1
B009085JCC,4.0,1
B009K2IXXK,5.0,1
B00JQRR6BE,4.0,1
B00GX7UO6O,4.0,1
B00ECMPIOU,5.0,1
B00ECMP9E4,5.0,1
B00G0C6W4U,4.0,1
B009K3XAZK,5.0,1
B009085ADA,5.0,1
B009K3ZLAC,5.0,1
B0090855W6,5.0,1
B0093IQWPW,5.0,1
B009K52Z0Y,5.0,1
B00JQQV4AE,5.0,1
B00G2T4F7W,5.0,1
B0093IMJDG,5.0,1
B00EF1E5N8,5.0,1
B00G2OJ8N8,5.0,1
B00F8OD960,5.0,1
B009K64XNA,4.0,1
B00EF1EFCE,5.0,1
B00JRTRATO,4.0,1
B009K6EFE2,5.0,1
B00F8OI9IS,5.0,1
B00G2NLUL2,5.0,1
B00EF19KNS,5.0,1
B00GF10VPM,5.0,1
B00F8O8LUY,5.0,1
B00F8O9Z9U,4.0,1
B009IS253A,5.0,1
B00EEZ7NL6,5.0,1
B00940AZ5W,5.0,1
B008R1QDB4,5.0,1
B00JQQMWKA,4.0,1
B00GX7SZB0,5.0,1
B00ECL6JC6,5.0,1
B00ECL6J2G,5.0,1
B00ECL6IMC,5.0,1
B008RJ6CXU,5.0,1
B00F8OCNEO,5.0,1
B00940JIX2,5.0,1
B00EXZDG0Y,5.0,1
B00E51J90W,4.0,1
B0091IH3SO,5.0,1
B00FCMAZUQ,5.0,1
B00E52FL6M,5.0,1
B00FCMB00A,5.0,1
B0091ZQQUS,5.0,1
B00E52ESV6,5.0,1
B00GACRJY2,4.0,1
B0091ZQ7BQ,5.0,1
B00GAF80QA,5.0,1
B00920B8NM,5.0,1
B008OK4V2Q,5.0,1
B008OK0OUO,4.0,1
B0091ZPPC8,5.0,1
B00E506ZZA,5.0,1
B0091ZPH1C,5.0,1
B00E4ZKQSI,5.0,1
B0091ZD8OK,4.0,1
B00GMOZXYQ,5.0,1
B00GACJJYA,4.0,1
B00E4Z09C6,5.0,1
B00FEIW826,5.0,1
B00E554OJY,5.0,1
B00GABI1A4,5.0,1
B00L79L8TA,5.0,1
B008OK8B8G,4.0,1
B00JLB3PZQ,4.0,1
B00GABI8AC,5.0,1
B00GMOZS46,5.0,1
B00H0JL6ES,4.0,1
B00FCIN54I,5.0,1
B008OK5418,5.0,1
B00FCK42EI,5.0,1
B008OK5ZXA,5.0,1
B0091I3LP8,5.0,1
B00FCKHZ8S,5.0,1
B00GAC15SS,5.0,1
B00GAC1CR2,5.0,1
B00FEIW5CY,5.0,1
B00E534OCI,5.0,1
B00FCMB00K,5.0,1
B00GAGI816,4.0,1
B008OJSFFQ,5.0,1
B00E4WIV06,5.0,1
B00GAMU9GW,5.0,1
B00GAN2NOM,5.0,1
B00GAN8ZEO,5.0,1
B00FEIVZMK,4.0,1
B00GMP6NEY,5.0,1
B00GMP03RM,5.0,1
B009O2YJKC,4.0,1
B009O4FC38,5.0,1
B009O50RBE,5.0,1
B00GDBAHH6,5.0,1
B00FCQHKR8,5.0,1
B00GANYQXS,5.0,1
B0091Z27EC,5.0,1
B009O2YFKG,4.0,1
B00E4Y9WIY,5.0,1
B00GAHI8BK,5.0,1
B00H0MEZG6,5.0,1
B00K7IOCY0,5.0,1
B009O0TRI8,5.0,1
B008OK0GT8,5.0,1
B00GDC1NCI,4.0,1
B00H0MKKUG,5.0,1
B00FCN02NK,4.0,1
B00GMP6SUI,5.0,1
B00GMP6S08,5.0,1
B00H0NIJIA,5.0,1
B00E4XJLU4,5.0,1
B00E4WXXTK,5.0,1
B00FCOCUZW,5.0,1
B00H0ODP92,5.0,1
B00H0P5QP2,5.0,1
B00GAICRYI,5.0,1
B00GAM50FC,5.0,1
B00L7IV9BS,5.0,1
B009O2UNTI,5.0,1
B008OJTU2S,4.0,1
B009O2Y8N0,4.0,1
B00GMP6R1I,5.0,1
B008OKFL52,4.0,1
B008OKJVT4,5.0,1
B00GAAJDRK,5.0,1
B00GMOZN8M,5.0,1
B009NYDOXY,5.0,1
B00GDDLW5U,5.0,1
B00H0G9FVM,5.0,1
B00H0H3JZO,5.0,1
B00JLKA92Y,5.0,1
B00L5HCC1W,4.0,1
B00921M8NU,5.0,1
B00GMOZ92W,5.0,1
B00GMOZB02,5.0,1
B009NYOIFW,5.0,1
B00GA59U6E,5.0,1
B0091HIZ96,5.0,1
B00GA67HPE,5.0,1
B00E57BCHY,5.0,1
B009NYU8FG,4.0,1
B00921M7B8,5.0,1
B00FCG7UQ4,5.0,1
B00E582RQ8,5.0,1
B00E584YIM,5.0,1
B00GA3QZ6Y,5.0,1
B00K8BVTBK,4.0,1
B00H0FCWJK,5.0,1
B00GA0BF0S,5.0,1
B00FCDI2QE,5.0,1
B00FEKZQQY,5.0,1
B00FEKEN90,4.0,1
B00GA2P9JY,5.0,1
B00FEJ8NNI,5.0,1
B00FCEPUI6,5.0,1
B00H0FD4V0,4.0,1
B00921MV9Q,5.0,1
B00E58BB3I,5.0,1
B009NY5O32,5.0,1
B00GA3RL4Y,5.0,1
B00H0FD4VU,5.0,1
B00E589IR4,5.0,1
B009221PN8,4.0,1
B00FCG3PFO,5.0,1
B00FEJ7NSE,5.0,1
B00H0H5BQE,5.0,1
B00GA77KYG,5.0,1
B00E56XMOG,5.0,1
B00920N5EW,5.0,1
B00L6ONNJY,5.0,1
B00K7HH2AC,5.0,1
B00FEIWALA,4.0,1
B00GDD7P8I,5.0,1
B009O057SM,5.0,1
B00GMOZQU2,5.0,1
B00GMP6XX0,5.0,1
B009O06APQ,4.0,1
B008OKZ4QI,5.0,1
B00GMP6TYS,5.0,1
B00GA9YUZG,4.0,1
B009O06UI8,5.0,1
B00GDD5D28,5.0,1
B008OKRC2W,5.0,1
B009O08HZ2,5.0,1
B00GMP6TCK,5.0,1
B00GAAGJB8,5.0,1
B00GA98ESA,5.0,1
B00GA96860,5.0,1
B00K7HCO1Y,5.0,1
B00JLDZ930,5.0,1
B00GDD9UJU,5.0,1
B00L5HZCPU,4.0,1
B00GA798H8,5.0,1
B00FCGI4MS,5.0,1
B00GA8043O,5.0,1
B00L5PF6JE,5.0,1
B00H0I1LXA,5.0,1
B00L67447Q,5.0,1
B00JLHOXBA,5.0,1
B00GA8GHSU,5.0,1
B00GA8ITOA,5.0,1
B009NZSMGC,5.0,1
B00920YXN4,4.0,1
B00JLGQUHG,5.0,1
B00GMP6Z88,5.0,1
B008OL3XTM,5.0,1
B00GDD7QNM,5.0,1
B00GA936TW,5.0,1
B009O5I27A,5.0,1
B00GA0201G,5.0,1
B00FEIVFFW,5.0,1
B008OI7F30,5.0,1
B0091XOTGS,5.0,1
B00GAVKST6,4.0,1
B009OIFTIW,5.0,1
B008OHY6Y2,5.0,1
B008OHW8YM,5.0,1
B0091IN0TK,5.0,1
B00E4MS31S,5.0,1
B0091INLZ8,5.0,1
B009OIFRW0,5.0,1
B009OIU0JK,4.0,1
B00GMP6ACY,5.0,1
B00H132CGY,5.0,1
B00JL28MKI,5.0,1
B00E4MQY6Y,5.0,1
B00E4MQW9S,5.0,1
B00E4MQRAM,5.0,1
B00E4MQOFU,5.0,1
B008OIAGZY,5.0,1
B009OIDYYI,5.0,1
B00FD3Y0OQ,4.0,1
B00H11WTMS,5.0,1
B00E4QOEVC,4.0,1
B00E4QMHAM,5.0,1
B00FD0YGB6,5.0,1
B00E4QITG8,5.0,1
B0091XPDU4,4.0,1
B009OG7P72,5.0,1
B00GATUV4A,5.0,1
B00GMP6DQC,5.0,1
B00E4Q150U,5.0,1
B00GAV4Z9K,5.0,1
B00FD3AFMW,5.0,1
B00GMP0E8U,5.0,1
B00E4PUBE2,5.0,1
B00E4PPS1I,5.0,1
B00E4PO5LW,5.0,1
B0091XP3KY,5.0,1
B00GMP0GVA,5.0,1
B00E4MQMXO,5.0,1
B00GMP6N0I,5.0,1
B00E4MNM50,5.0,1
B00FD7PGPE,5.0,1
B00E4MO2GI,4.0,1
B00E4MNP5C,5.0,1
B008OFX4P6,5.0,1
B00GMP65R4,5.0,1
B00JKT5EDA,5.0,1
B00JKT2RAS,4.0,1
B009OK519M,5.0,1
B00E4MO5YM,5.0,1
B00E4MNBNS,4.0,1
B00E4MMVA2,4.0,1
B00E4MMAO4,5.0,1
B00E4MLYZA,5.0,1
B008OFK3UK,5.0,1
B009OKD7IO,5.0,1
B00E4MLTM8,5.0,1
B00E4MLTBE,5.0,1
B00E4MLKUO,4.0,1
B0091WHYF2,4.0,1
B0091IRT60,5.0,1
B00E4MQI10,5.0,1
B00GMP0RSC,5.0,1
B008OHVZ3M,5.0,1
B00E4MQ6AS,5.0,1
B009OJ0BDE,5.0,1
B00LAAUX0Q,4.0,1
B00GMP696Q,5.0,1
B00H134PGO,5.0,1
B008OHVCCQ,4.0,1
B00GD8551W,5.0,1
B0091X7C4O,5.0,1
B00E4MPHTO,5.0,1
B00GMP119G,5.0,1
B00FEIVBT2,5.0,1
B00FD5RG68,5.0,1
B00E4MP1Y0,5.0,1
B00H138TX4,5.0,1
B00E4MOJKW,5.0,1
B008OGZP7K,5.0,1
B00E4QPBSW,5.0,1
B008OIUI4I,5.0,1
B008OIUR9Y,5.0,1
B009O92AL0,5.0,1
B00FCTDI6M,4.0,1
B00E4U4HCO,5.0,1
B00GAOSDU4,5.0,1
B00FCVZ0AW,5.0,1
B009O9T9ZK,5.0,1
B00E4TUN9G,5.0,1
B0091YI6XO,5.0,1
B00GAQNS2A,5.0,1
B009OACSLQ,5.0,1
B0091YFE2U,5.0,1
B00L7K474C,5.0,1
B00H0QZTYY,5.0,1
B00E4S1ZF8,5.0,1
B00FCWMBZI,5.0,1
B00GAR0DZY,4.0,1
B009OAMM7G,4.0,1
B008OITR2M,5.0,1
B0091YSMXI,5.0,1
B009O63PZI,5.0,1
B009O5IZ3G,4.0,1
B008OIZB7W,5.0,1
B00H0QCUQ4,5.0,1
B00E4VFD4O,5.0,1
B00FCQJHHE,5.0,1
B00GMP0CGE,5.0,1
B008OIZ69K,5.0,1
B008OIYN7G,5.0,1
B0091IJX14,5.0,1
B00E4UQ5KG,5.0,1
B00GAODZ3Y,5.0,1
B00GAOGQHQ,5.0,1
B008OIVXE2,5.0,1
B0091YST7W,5.0,1
B009O6TPNY,5.0,1
B00L7JP648,5.0,1
B00GAR5OYY,5.0,1
B00GAR6TY8,5.0,1
B00GAR73KC,5.0,1
B009OF0K1G,5.0,1
B00JL4UTPC,5.0,1
B0091XPTKI,5.0,1
B00JL49A1G,4.0,1
B00L8PVBD6,5.0,1
B00H0U3L7C,5.0,1
B00FCZBRDW,5.0,1
B00GAT8WSM,5.0,1
B0091IKY3K,5.0,1
B00JL3PZB6,5.0,1
B00FCZCM68,4.0,1
B00E4R28AU,5.0,1
B008OIDFDY,4.0,1
B00H0VMG2C,4.0,1
B00E4QRVQM,5.0,1
B00E4QRTNC,5.0,1
B009OFFT1M,5.0,1
B00FEIVHEG,5.0,1
B008OIM1JS,5.0,1
B00GD9DXII,5.0,1
B0091XPWO6,5.0,1
B009OAT15M,5.0,1
B00GARAMS2,5.0,1
B00L8OYGUC,5.0,1
B00E4RT90M,5.0,1
B009OB8KX0,5.0,1
B008OITILM,5.0,1
B00E4RL2X4,4.0,1
B00GMP6K2E,5.0,1
B009OC5XYS,5.0,1
B009OC689W,5.0,1
B00GDAAC9K,4.0,1
B009OC86JC,5.0,1
B008OIMSIC,5.0,1
B00GMP6J5C,5.0,1
B00E4R7ZSA,5.0,1
B00GAT0X5W,5.0,1
B00FCD50CI,5.0,1
B008OM7Z2M,5.0,1
B00GMP5UPM,5.0,1
B00FEPRJFU,5.0,1
B00E60NKRA,4.0,1
B00FEQDIS6,5.0,1
B00E5ZHU0Y,4.0,1
B00K7CSVKM,5.0,1
B009NOPVT4,5.0,1
B008OTKTZK,5.0,1
B00E5ZHNLA,5.0,1
B00L3HI5NS,5.0,1
B0091EUGQE,5.0,1
B0091EMVYY,5.0,1
B0091EZ0P6,4.0,1
B00GMP7PP0,5.0,1
B00JLWRJ1G,5.0,1
B00928L79E,4.0,1
B00JLWD43S,5.0,1
B00E5WZQGC,4.0,1
B008OTGIJQ,5.0,1
B00928NJOK,5.0,1
B00G9GUFZE,4.0,1
B00FEOKZQG,5.0,1
B009NNLJVY,4.0,1
B00928NO36,5.0,1
B00E657IKK,5.0,1
B00FBQS1YU,4.0,1
B00E64YACA,5.0,1
B009NNBLUI,5.0,1
B00E64UANS,5.0,1
B00FEQIOZS,5.0,1
B00G9GE3JS,4.0,1
B00G9GU4R8,5.0,1
B0091EL5XW,5.0,1
B00G9GKAA4,5.0,1
B009NO0OWS,5.0,1
B00FBQUEBI,5.0,1
B00GMOXGPE,5.0,1
B00E6458FS,5.0,1
B00E63SILA,4.0,1
B009NOBMX8,5.0,1
B008OTGHSS,5.0,1
B00GMP7O6U,5.0,1
B00FENLP1G,5.0,1
B00FENL412,5.0,1
B00FBWSWNY,5.0,1
B009NQR460,5.0,1
B00GDGYVG4,4.0,1
B00G9JZWRC,4.0,1
B008OSGIH4,5.0,1
B00FEN48D8,5.0,1
B008OS72PG,5.0,1
B00FBXJ11K,5.0,1
B00927HP00,5.0,1
B00GDGXSB8,5.0,1
B00FBYYI3K,4.0,1
B00E5SUM7Y,5.0,1
B00L3KPPRE,5.0,1
B00GMOXWOY,5.0,1
B00FC0POWM,5.0,1
B00G9L6R2E,5.0,1
B00E5T3HKC,5.0,1
B00FBTW7RY,4.0,1
B008OTGD1O,5.0,1
B00E5TXS8I,5.0,1
B00FBS4SUY,5.0,1
B00E5VUF00,5.0,1
B00H03ILYC,5.0,1
B00H03Q25W,5.0,1
B00GDH3X62,5.0,1
B00G9IGQZ0,5.0,1
B00G9II9C8,5.0,1
B00GDH3CJU,5.0,1
B00FBTOHNG,4.0,1
B00E5TEM7E,5.0,1
B0091F3FW0,5.0,1
B00927NQQ2,5.0,1
B008OTG9U4,5.0,1
B00G9JCB8A,5.0,1
B00E5T9VN4,4.0,1
B00FBTE1UU,5.0,1
B008OSU04Q,5.0,1
B00GMP80TK,4.0,1
B00L2X6DPU,5.0,1
B008OUYRAC,5.0,1
B00GMOWYNE,5.0,1
B00E6B0ZJ0,5.0,1
B009NKFPBC,5.0,1
B00L2OWNIK,5.0,1
B00GMOX1V8,5.0,1
B00FEVY20E,5.0,1
B00E6ABDSI,4.0,1
B00G9BLTTK,4.0,1
B00E69ZUGA,4.0,1
B00G9BL06M,5.0,1
B008OUYLQ2,4.0,1
B00FEUOWIM,5.0,1
B009NKP5EY,4.0,1
B00E692DM4,5.0,1
B00E68YO04,4.0,1
B008OUY8VU,5.0,1
B00GMP8BCQ,5.0,1
B00G9C039Q,5.0,1
B00E6BN07Y,5.0,1
B00G9B39I4,5.0,1
B00928PLKK,5.0,1
B00JM866YK,5.0,1
B00G99TBWO,5.0,1
B008OUYTHS,5.0,1
B00FEXP2ME,4.0,1
B00E6BN8HG,5.0,1
B00E6BN3CQ,5.0,1
B008OUYSXI,5.0,1
B00928YSEU,5.0,1
B00E6BN0U6,5.0,1
B00FBQOSFQ,5.0,1
B0091CFKNA,5.0,1
B009NKFKDA,5.0,1
B00E6BN1BO,5.0,1
B00GMOWEHU,5.0,1
B0091CISN4,5.0,1
B00G9B2QEW,5.0,1
B00JM5NESO,5.0,1
B00G9FC6UW,4.0,1
B00GMP86NU,4.0,1
B00E6783Y8,5.0,1
B00L31Z15E,5.0,1
B00G9EU740,5.0,1
B00G9EW5C2,5.0,1
B0091DDRI4,5.0,1
B00E66K3EM,5.0,1
B00JM1GPMK,5.0,1
B00JM1F92M,5.0,1
B00928VZN2,5.0,1
B00JM0P1LW,5.0,1
B00FEQKM8U,5.0,1
B00E65D2PA,5.0,1
B009NLUAPM,5.0,1
B00G9FQTZA,5.0,1
B00E65BK9A,5.0,1
B009NMFTJI,5.0,1
B008OTPZY0,5.0,1
B00E679HJS,5.0,1
B00E67D26M,5.0,1
B00E67JNQ0,4.0,1
B00GDH9BZY,5.0,1
B00E67VOAI,5.0,1
B0091CKA76,4.0,1
B00GDIE6GC,5.0,1
B00E67TIEC,5.0,1
B00FESK3SM,5.0,1
B00928SQFM,5.0,1
B00GZZZFWC,5.0,1
B00H00OFN6,5.0,1
B00JM4WY90,5.0,1
B00G9CO7XO,5.0,1
B0091D0L10,5.0,1
B009NLCMDU,5.0,1
B00E67Q08E,5.0,1
B00GDI1N9U,5.0,1
B00JM3R73E,5.0,1
B00G9CZKYE,5.0,1
B00E67MT7U,5.0,1
B00G9DK41M,5.0,1
B00GMP8874,5.0,1
B00FERIKTC,4.0,1
B00JM26NHQ,4.0,1
B00GDGM4VS,5.0,1
B00GMOY04K,5.0,1
B00GMP73DY,5.0,1
B00E5HN1DW,5.0,1
B00FELTSH6,5.0,1
B00GDF835U,5.0,1
B00G9W8F1E,5.0,1
B008OOYL90,5.0,1
B00G9W8P0A,4.0,1
B00E5I7GS2,5.0,1
B00JLNQBFK,5.0,1
B009NUYSNI,5.0,1
B00H0E28TA,5.0,1
B00G9XHLG8,5.0,1
B00E5FOZZM,4.0,1
B0091HBSJU,5.0,1
B008OOYHZI,5.0,1
B00FC6VM2W,5.0,1
B00E5EABCO,5.0,1
B00FC458R4,5.0,1
B00L4I4OXG,5.0,1
B00E5LC7GU,5.0,1
B00JLPABTU,5.0,1
B00E5M5KZE,4.0,1
B00E5M4O9W,5.0,1
B0091GKNYW,5.0,1
B009NULQ1K,4.0,1
B00FC3YR04,5.0,1
B0091GN416,5.0,1
B00JLNVL2I,5.0,1
B00K8GVM9Y,5.0,1
B008OOYR3K,5.0,1
B00E5K3SD2,4.0,1
B00924EEIE,5.0,1
B00925RVKQ,5.0,1
B00FC3Z91A,4.0,1
B00K8FFIRC,5.0,1
B00H0DBYDW,5.0,1
B00925694A,5.0,1
B009252R3C,5.0,1
B009NUOGGW,5.0,1
B00JLT0TU2,5.0,1
B009NWSRQ0,5.0,1
B0091HCZ9M,5.0,1
B00K7H57X6,5.0,1
B00GMOYUSG,5.0,1
B00L4OAFQK,5.0,1
B00E5ALTGA,4.0,1
B00G9XP04S,5.0,1
B00E59KXHM,5.0,1
B00G9Y1M6W,5.0,1
B00FELOTJI,5.0,1
B009NWMFVI,5.0,1
B009223ELY,5.0,1
B00E58ENCO,5.0,1
B00L4Q5ER8,5.0,1
B008ON5MOO,4.0,1
B00G9YK24K,5.0,1
B00G9YLFIC,5.0,1
B008OMTHQO,5.0,1
B009NX7R5G,5.0,1
B00FEL0YII,5.0,1
B008OMH6MG,5.0,1
B0091HCXYO,4.0,1
B00E5DQDYU,5.0,1
B00H0E34U2,5.0,1
B00E5E9JG8,4.0,1
B00K8F721C,5.0,1
B00FC9LNGO,5.0,1
B00923GQ68,5.0,1
B00E5DSZG4,5.0,1
B00E5DSYL0,5.0,1
B00GMOYFSG,5.0,1
B00L4KZR6M,5.0,1
B00FCAL3XQ,4.0,1
B009NWABAK,5.0,1
B00FCAUDCI,4.0,1
B00H0FC6HS,4.0,1
B00H0FCNMG,5.0,1
B00E5DQ03Y,5.0,1
B00GMP73MU,5.0,1
B00E5DKLD4,5.0,1
B00G9XOYQS,5.0,1
B008OO5CQ6,5.0,1
B00FCB07M8,5.0,1
B00FCBA74G,4.0,1
B00E5MOL8G,5.0,1
B00GMP7MR6,5.0,1
B00G9NNHVQ,5.0,1
B00E5Q3Q74,5.0,1
B009277V22,4.0,1
B00E5Q2BJS,5.0,1
B00E5Q16SK,5.0,1
B00G9NY8QO,4.0,1
B00G9O605K,4.0,1
B009NSXZXO,4.0,1
B00H07O37M,5.0,1
B00G9MY9QE,4.0,1
B008OQSKU4,5.0,1
B00G9O6QEK,5.0,1
B008OPT6I0,5.0,1
B009NSYYCU,5.0,1
B00G9PJE6G,5.0,1
B00926F2GK,5.0,1
B00GDG48Z8,5.0,1
B00H07VEP6,5.0,1
B00GDG2C56,5.0,1
B009NSKXHA,4.0,1
B009NUHWIQ,5.0,1
B009NQSMDE,5.0,1
B00E5RBJPE,5.0,1
B008ORXVEI,5.0,1
B00G9MKDYQ,4.0,1
B00927CBZ4,4.0,1
B009NQS6O4,5.0,1
B00FC0ZU3K,4.0,1
B00E5QOBY6,5.0,1
B00GMP7N20,5.0,1
B009NQTH5G,5.0,1
B009NRLSWU,4.0,1
B00927A2VE,5.0,1
B008ORR9PK,5.0,1
B009NQXP3G,5.0,1
B008ORKXDK,4.0,1
B009NQZU9I,5.0,1
B009NR154Q,5.0,1
B0091FNI68,5.0,1
B00E5Q8HSC,4.0,1
B009NRLP78,5.0,1
B00GMP7DQ6,5.0,1
B00H084PL0,5.0,1
B0091FTB9G,5.0,1
B00GMP7AHS,5.0,1
B00E5NJNWE,5.0,1
B00GMP7CLM,5.0,1
B008OOZ6EE,5.0,1
B009NUBRXC,5.0,1
B00H08JFIS,5.0,1
B008OOZ4MS,5.0,1
B00GMP7BLI,5.0,1
B009NUEIP6,5.0,1
B00E5N9OFK,5.0,1
B009NUFNBY,5.0,1
B008OPOFTU,4.0,1
B008OOZ1ZI,5.0,1
B00H09Z8GK,5.0,1
B00GMP79OM,5.0,1
B00FC3XAVQ,4.0,1
B00G9TI026,4.0,1
B00H0A5VP2,5.0,1
B009NUFVJI,5.0,1
B009NUGNT0,5.0,1
B00GMP79EW,4.0,1
B00GMOY5B8,5.0,1
B0091GGSN2,4.0,1
B00FC3776A,4.0,1
B00JLPMJ4K,5.0,1
B00K7ER87C,5.0,1
B008OPNIG6,5.0,1
B00G9QITZC,5.0,1
B00G9QY9L0,5.0,1
B00E5OR3VG,5.0,1
B008OPN97O,5.0,1
B0092679PW,5.0,1
B008OP4OMI,4.0,1
B0091FU72G,5.0,1
B00G9T068M,4.0,1
B00L3V2904,5.0,1
B00JLQU93W,5.0,1
B00FC24TX0,4.0,1
B00H08E0QA,5.0,1
B00G9TDML0,5.0,1
B00FEMNP9M,5.0,1
B009OKEXDW,5.0,1
B00EAKCRXE,5.0,1
B00FDVWD10,5.0,1
B0091M8EZ6,5.0,1
B0091QXQAK,5.0,1
B0091QXQ78,5.0,1
B00E365S90,5.0,1
B009P88PVY,4.0,1
B00H1RVPAO,4.0,1
B00GMP4HEW,5.0,1
B0091QS3WQ,5.0,1
B00FE91WI6,5.0,1
B0091QNXBW,5.0,1
B00FDX5ML6,4.0,1
B00LIFR8SS,5.0,1
B00FDY8NOS,5.0,1
B008O65JBM,4.0,1
B00GCBTIHC,4.0,1
B008O6595I,4.0,1
B00GC9EW3Y,5.0,1
B00GCCPRA8,5.0,1
B00GMP4KJE,5.0,1
B00GMP2TRE,5.0,1
B008O6GP1A,5.0,1
B0091LPYSC,5.0,1
B00GC5WX7K,5.0,1
B009P7IRTK,4.0,1
B00E390XHY,5.0,1
B0091QXU4C,5.0,1
B009P7JGRW,5.0,1
B0091LS7ZO,5.0,1
B00GC98J0Q,4.0,1
B0091QXTA2,5.0,1
B00E37VEEC,5.0,1
B009P7L5EO,5.0,1
B00LIF47O6,5.0,1
B00FE929XS,4.0,1
B00E34OCDK,5.0,1
B00K7O3VCS,5.0,1
B00E34CUVG,4.0,1
B0091M8FIC,5.0,1
B009P9TBV6,5.0,1
B0091QB66G,5.0,1
B00GCS7E9Y,5.0,1
B008O604GM,5.0,1
B008O5N9F6,5.0,1
B0091QK4UK,4.0,1
B008O5N3JS,4.0,1
B008O5MW90,4.0,1
B00H1TL6KQ,4.0,1
B00GCCXIXG,4.0,1
B00GMP4GTI,5.0,1
B0091MEGG2,5.0,1
B0091MF0AI,5.0,1
B00GMP4EXQ,5.0,1
B00GMP4DMS,5.0,1
B00E33ZN1Q,5.0,1
B00E34CWP0,5.0,1
B009P9DQNA,5.0,1
B009P8DRGW,5.0,1
B009P8DRSK,5.0,1
B00K7OVK1M,4.0,1
B00GCCSXUO,5.0,1
B009P8H8IK,5.0,1
B009P8NHZS,5.0,1
B008O64TBI,5.0,1
B00FDZJEWW,5.0,1
B00GCS9KJQ,5.0,1
B00FDZ3NLK,5.0,1
B00H1SBBD4,5.0,1
B0091QLNBO,5.0,1
B008O61G5A,5.0,1
B00FE91FHO,4.0,1
B0091M8F50,5.0,1
B00E3BHB9K,5.0,1
B00FE92ABY,5.0,1
B00FE92CRQ,5.0,1
B00E3FLB1K,5.0,1
B009P4Z83Q,5.0,1
B00E3GLC2W,5.0,1
B00E3GFRGE,5.0,1
B00FE959IU,5.0,1
B008O7E4LC,5.0,1
B00FDU1RFY,5.0,1
B00FE958HC,5.0,1
B00FDUV43Y,5.0,1
B00H1Q3EP4,5.0,1
B00GC1FMR2,4.0,1
B00H1Q3F44,4.0,1
B00GC2KEN8,5.0,1
B00GMP4PIA,5.0,1
B00GMP4OKY,5.0,1
B00FE94M0Q,5.0,1
B00E3FGB92,5.0,1
B00JK5IUI0,5.0,1
B00E3FEM1G,5.0,1
B00H1Q3IG4,5.0,1
B00E3ENU9M,5.0,1
B009P4MUJ6,5.0,1
B00H1R0EJM,5.0,1
B00GBYNBMI,5.0,1
B00E3KQZNY,5.0,1
B00LH81A0I,5.0,1
B008O85U5K,5.0,1
B00FE95JW6,5.0,1
B00FDT84OC,5.0,1
B008O7XK2Q,5.0,1
B00E3JX1X2,5.0,1
B00GCV8V2K,5.0,1
B009P42FIC,5.0,1
B00E3J0PFY,5.0,1
B009P42HJE,5.0,1
B00FE95GHO,5.0,1
B00E3HIQR0,5.0,1
B00FDTLVL0,5.0,1
B009P43TL4,5.0,1
B00E3GZUIY,5.0,1
B008O7X1Z2,4.0,1
B00E3EMGGA,5.0,1
B00E3EEQGS,5.0,1
B00FE942OW,4.0,1
B008O6J9W2,5.0,1
B00E3E5TJQ,5.0,1
B00E3DWBLG,5.0,1
B00E3DMVAM,4.0,1
B00JK300AS,4.0,1
B00GMP2MLC,4.0,1
B00GC598UK,5.0,1
B008O6RGYA,5.0,1
B009P7DO34,4.0,1
B00GC5CXSO,5.0,1
B008O6IO6E,5.0,1
B0091QY0XC,4.0,1
B00FDUVAYM,5.0,1
B008O6IN6U,5.0,1
B008O6H6E0,5.0,1
B00K7Q4C1K,5.0,1
B00H1QRA9U,5.0,1
B008O6GX12,5.0,1
B00GCSU0HC,5.0,1
B00E3BVRMC,5.0,1
B008O6GRXQ,5.0,1
B00GC4J2PC,5.0,1
B00E3E65BC,5.0,1
B00E3E6E68,5.0,1
B0091QXW3Q,5.0,1
B009P67EB8,5.0,1
B008O7CNZ6,5.0,1
B00GMP2LM2,5.0,1
B00E3EDDB2,5.0,1
B008O7C2Z2,5.0,1
B00GMP4OIQ,5.0,1
B009P6NCAK,5.0,1
B009P6SM5A,5.0,1
B00K7QNJ9G,4.0,1
B00FE93H1G,5.0,1
B00E3EC2C8,5.0,1
B00GC2L324,5.0,1
B00GMP4MYC,5.0,1
B00GC2X1YW,5.0,1
B0091KV5PY,5.0,1
B00GCT38KC,5.0,1
B00GC4IQSG,5.0,1
B00E3EAE9G,5.0,1
B00E3E8UT2,5.0,1
B00FE93FNQ,5.0,1
B00FDUVARO,5.0,1
B009PA5GOG,5.0,1
B0091MF53K,4.0,1
B00JJWJJVQ,4.0,1
B00H1ZN4O6,5.0,1
B00K7ORY0I,5.0,1
B00FE8H8XU,5.0,1
B009PJC2X0,4.0,1
B008O47ILI,5.0,1
B009PJHR4E,5.0,1
B00GMP38EC,5.0,1
B00E26VHA0,5.0,1
B0091OCD8I,5.0,1
B00E26S8ZM,5.0,1
B00E26O4BE,5.0,1
B00E26KZZS,5.0,1
B008O3IW5A,4.0,1
B008O2IAQM,4.0,1
B0091OCD2Y,5.0,1
B00FE8RTPM,5.0,1
B009PKG9T2,5.0,1
B008O2HGS0,5.0,1
B009PJ8DZG,4.0,1
B00FE7YGPO,5.0,1
B00GMP39HS,5.0,1
B00GCRVJNW,4.0,1
B00FE90HRI,5.0,1
B009PI3OB0,5.0,1
B00E284B2Y,5.0,1
B009PIFPAI,5.0,1
B009PIHD0I,5.0,1
B00FE6LG08,5.0,1
B00GCRK9LA,5.0,1
B008O4E7QM,4.0,1
B009PIPEAY,5.0,1
B00LMWUR9O,5.0,1
B00GMP3WAM,5.0,1
B009PIQO6C,4.0,1
B00FE6NOOE,4.0,1
B008O4DRG8,5.0,1
B00FE90FBG,5.0,1
B00GCROO84,5.0,1
B00E26XHOE,5.0,1
B009PKGTMO,5.0,1
B009PAEXCW,5.0,1
B00LPVG6V0,5.0,1
B00LP2YB8E,5.0,1
B00JJU9K5I,5.0,1
B00E256OOU,5.0,1
B009PLI9M6,5.0,1
B00GMP3UEA,5.0,1
B00GMP3SEW,5.0,1
B00E255U5O,5.0,1
B00GMP3O96,4.0,1
B00LOS7MEE,5.0,1
B00GCPYJZY,5.0,1
B00H20NMJM,5.0,1
B009PMAM2U,4.0,1
B009PMDF2O,5.0,1
B00GMP3G9Y,5.0,1
B00GMP3N1A,5.0,1
B009PL4FO2,4.0,1
B00LORWRJA,5.0,1
B0091NRCJE,5.0,1
B008O19RFQ,5.0,1
B00FE8RVF0,5.0,1
B0091NRKKU,5.0,1
B00GCICH1Y,5.0,1
B009PKJ5AM,5.0,1
B009PKKX9Y,4.0,1
B00E26DHUS,4.0,1
B0091NUELC,4.0,1
B00E26C8DA,5.0,1
B00GCKFM7S,5.0,1
B009PKXQKM,5.0,1
B009PL2OPO,4.0,1
B008O0KVSY,5.0,1
B008O0KK58,5.0,1
B00GMP3D42,4.0,1
B00E25ZQIU,4.0,1
B00JJUG6KU,5.0,1
B00GCOHBGE,5.0,1
B00FE8RVM8,5.0,1
B00GCOIOC4,5.0,1
B0091O2FFO,5.0,1
B00GCP6F92,5.0,1
B00JJXUKX6,5.0,1
B0091OELJC,5.0,1
B0091NPPLG,5.0,1
B009PE9NIC,5.0,1
B0091MK3Z0,5.0,1
B00GCEP8F0,5.0,1
B00E2WG0E2,4.0,1
B00GCF0OJE,5.0,1
B009PD4S42,5.0,1
B0091OXURQ,5.0,1
B008O5KUGW,5.0,1
B00FE917MW,5.0,1
B009PE1NX0,5.0,1
B0091MMI9O,5.0,1
B00H1XJ84I,5.0,1
B0091OVJLA,5.0,1
B009PEVMD6,5.0,1
B00FE2ZGDA,5.0,1
B0091N7ZU0,5.0,1
B00FE4CIOS,5.0,1
B00E2UXSHQ,5.0,1
B00GMP42S8,5.0,1
B008O5JQK8,5.0,1
B00GMP41AW,5.0,1
B00E2WXYW8,5.0,1
B00E2XWUWW,5.0,1
B008O4YM5I,5.0,1
B009PB07TO,5.0,1
B00E32QXTS,5.0,1
B00FE0I3Y6,5.0,1
B00GCDOEME,5.0,1
B00E30T77K,4.0,1
B009PAJ2PA,5.0,1
B00GCDT2LW,5.0,1
B0091PPCKS,5.0,1
B00GCEDFCS,5.0,1
B00FE0IVZW,5.0,1
B00FE1BXSS,5.0,1
B00GMP4AJ4,5.0,1
B008O5MPAG,5.0,1
B0091P1QJ4,5.0,1
B009PBS3FY,5.0,1
B008O5MGEQ,5.0,1
B00H1XGIYQ,5.0,1
B00FE2P0QS,4.0,1
B009PC9HL2,5.0,1
B00E2YHZIK,5.0,1
B00GCEM1Z0,5.0,1
B009PCLS5A,5.0,1
B00GMP385Q,5.0,1
B00H1Y59PO,5.0,1
B00E2QN2W6,5.0,1
B00GCGZ4XE,5.0,1
B00E2PZNNS,5.0,1
B00E2P409G,5.0,1
B00E2P3ZAG,4.0,1
B00E2P3P38,5.0,1
B00E2OU8IY,5.0,1
B0091OMC5M,5.0,1
B00GCS6AHG,4.0,1
B00E2NN4OU,4.0,1
B00E2N45AM,5.0,1
B009PHRRR8,5.0,1
B00E2MZWE6,5.0,1
B0091OG4X8,5.0,1
B00JJYFFV2,5.0,1
B00E2FATDW,5.0,1
B008O51GPQ,5.0,1
B0091NO7L0,5.0,1
B00GCGN7H4,5.0,1
B00FE90UHU,5.0,1
B0091NMJWE,4.0,1
B00LJPYR8G,5.0,1
B009PF2AJK,5.0,1
B00GMP3ZRM,5.0,1
B009PF4Z7A,4.0,1
B00LKNVKTQ,4.0,1
B00E2U2N2W,5.0,1
B008O5JB76,5.0,1
B009PF6D16,5.0,1
B009PF86CK,4.0,1
B00E2U19HW,5.0,1
B0091NB71I,4.0,1
B00GCS10DA,5.0,1
B00GCGAAJ2,5.0,1
B009PG0LX6,5.0,1
B00E2RYIYG,4.0,1
B00FE910F6,5.0,1
B00E2RSYYQ,5.0,1
B0091OO426,4.0,1
B00E3L1H3Q,5.0,1
B00FDA0VNS,4.0,1
B00GB813O2,4.0,1
B00GB849UM,4.0,1
B0091URX46,5.0,1
B009OP9D8M,5.0,1
B009OPA3XQ,4.0,1
B009OPCX8Y,5.0,1
B008OF4P4A,5.0,1
B00GD50XLC,4.0,1
B0091URQ16,5.0,1
B00FDMMLQQ,5.0,1
B00GB7YYTO,5.0,1
B009OQIW6A,5.0,1
B00GD46NYY,4.0,1
B009OQZ2XG,4.0,1
B008OE555Y,5.0,1
B009ORNY2G,5.0,1
B0091UUSKC,5.0,1
B00E4ALUWO,5.0,1
B0091UX1JM,5.0,1
B008OFB3UY,5.0,1
B0091UZ9S8,5.0,1
B008OFB3HW,5.0,1
B008OFB39K,5.0,1
B009OO5AD0,5.0,1
B00E4F2YW4,5.0,1
B00H15K7Z0,5.0,1
B008OFB2X2,4.0,1
B009OO5BAW,5.0,1
B00GD523Z6,5.0,1
B009OP4BDO,5.0,1
B00E4ELTIK,5.0,1
B009OOG5WA,4.0,1
B00JKOOQ8O,5.0,1
B00GB5HE3O,5.0,1
B008OF7QXM,5.0,1
B00FDM1OQE,5.0,1
B00FDMBJ50,4.0,1
B00FEI8SQ6,4.0,1
B0091JN2B0,5.0,1
B00GMP4ZF8,5.0,1
B009OS0ZZE,5.0,1
B00GBE5E3W,5.0,1
B0091U0SQQ,5.0,1
B009OS48XO,5.0,1
B00GBE7WQE,5.0,1
B00GBE89YS,5.0,1
B00GBE8VSM,5.0,1
B009OS0EPU,5.0,1
B008ODC5M6,4.0,1
B0091TI27Y,4.0,1
B00E42RSIC,5.0,1
B0091JMLO4,5.0,1
B0091THQ4E,5.0,1
B009OU02GO,5.0,1
B00FDNA96E,5.0,1
B00GBEED1G,5.0,1
B009ORZY3I,5.0,1
B00FEI14DK,5.0,1
B0091UBVB2,5.0,1
B00H19CEAC,5.0,1
B00E494P4U,5.0,1
B0091U64TQ,5.0,1
B00E475W9E,4.0,1
B00GD3QCCI,5.0,1
B009ORVT0U,5.0,1
B00GMP1U24,5.0,1
B00LBPGYZS,4.0,1
B00GMP1X1M,5.0,1
B009ORX534,4.0,1
B008ODO2MM,5.0,1
B008ODO20Y,5.0,1
B00GBC4I0E,4.0,1
B00H1ATFHQ,5.0,1
B00GD3IKQO,5.0,1
B008ODNXXG,5.0,1
B00E4FVTGG,5.0,1
B00E4MHKDA,5.0,1
B00K7JB2QU,5.0,1
B00GMP5LYW,5.0,1
B00E4MIQNI,4.0,1
B008OFC5WO,5.0,1
B00FEIV872,4.0,1
B009OM6PAY,5.0,1
B0091WAGHU,5.0,1
B00E4MHPW6,5.0,1
B009OLYPRA,5.0,1
B00GMP5L2E,4.0,1
B0091W9ZRM,5.0,1
B00GMP5HL4,5.0,1
B00GAXJO8K,5.0,1
B0091JETLW,5.0,1
B00FEIV3MW,4.0,1
B009OM7BBQ,5.0,1
B009OMC2ZG,5.0,1
B00K7J1MRE,5.0,1
B00E4MJ4M0,5.0,1
B009ONXOTI,5.0,1
B0091WF6OI,5.0,1
B008OFK1TI,5.0,1
B00E4MLDO2,5.0,1
B009OLNRLA,5.0,1
B008OFCA74,5.0,1
B00E4MLCZW,5.0,1
B00GMP158S,5.0,1
B00E4ML5AE,5.0,1
B00FEIV9PI,5.0,1
B00E4ML1V2,5.0,1
B00FEIV8AY,5.0,1
B00GD73LIM,5.0,1
B009OLPVSC,5.0,1
B00E4ML1EO,5.0,1
B00E4MKY56,5.0,1
B009OLSWO2,5.0,1
B009OLW1OE,5.0,1
B00E4MK744,5.0,1
B00GMP5PB6,5.0,1
B00E4MJVMI,5.0,1
B00E4MJP60,5.0,1
B00GAXTRFA,4.0,1
B00GMP5CUK,5.0,1
B00GMP5BM4,4.0,1
B00FDKHQ8G,5.0,1
B00GB2HYR8,5.0,1
B009ON06H6,5.0,1
B00E4I8IX0,5.0,1
B00FDK80L8,5.0,1
B008OFBHOQ,5.0,1
B00K87AQRM,5.0,1
B008OFB5DO,5.0,1
B008OFB552,5.0,1
B009ON3KHE,5.0,1
B00LADNSLE,5.0,1
B00H13YK32,5.0,1
B00JKOVHEA,4.0,1
B008OFB4Y4,5.0,1
B009ON7XUY,5.0,1
B00H13YMIK,5.0,1
B00GD59OZ8,5.0,1
B0091V2LCE,5.0,1
B009OMWATY,5.0,1
B008OFC31W,4.0,1
B00FDF48GY,5.0,1
B00E4KB7R2,5.0,1
B00GAXTT80,4.0,1
B0091VXEX4,5.0,1
B00K8B87CY,5.0,1
B00FDGBZUA,5.0,1
B00FDJ3W9Y,5.0,1
B00E4J566G,5.0,1
B00GAZZDOW,4.0,1
B0091JI83C,5.0,1
B009OMJS6W,5.0,1
B00GB01UFW,5.0,1
B0091VLGO8,4.0,1
B0091VG7VK,5.0,1
B00LAI1FYG,5.0,1
B00E4J0EJU,4.0,1
B00GB0RL46,5.0,1
B00GMP54CQ,5.0,1
B00GB0SLAO,5.0,1
B00E4IZC0W,5.0,1
B00FDNBIBY,5.0,1
B00E3MHKHM,5.0,1
B00H1M4LI2,5.0,1
B008OAW8QW,5.0,1
B00GCYMSLW,5.0,1
B00GBLUJT4,4.0,1
B0091K8EEY,4.0,1
B008OAW8IK,5.0,1
B00E3PBNLS,5.0,1
B0091SMAUK,5.0,1
B008OAWATW,5.0,1
B00GCYL5I4,5.0,1
B00FEC31U0,5.0,1
B00E3PBKHK,5.0,1
B00FDPGH9K,5.0,1
B00JKC2VKQ,5.0,1
B00E3PBCHI,5.0,1
B008OA9AYK,5.0,1
B0091SGFLK,5.0,1
B00E3QIJF0,4.0,1
B00LH28Q88,5.0,1
B00GBJJ3XE,5.0,1
B00GBJXC2W,5.0,1
B00GMP4XBO,5.0,1
B00E3V09YY,4.0,1
B00GMP2IZ2,5.0,1
B00E3UNK4G,5.0,1
B00E3UK51C,4.0,1
B00E3UH736,5.0,1
B009OZ1W5Y,5.0,1
B00LH25A32,5.0,1
B009P0HLLW,4.0,1
B00GCZ994A,5.0,1
B00E3QWK00,5.0,1
B0091SMBUY,4.0,1
B00E3UBT9O,4.0,1
B009P0I5L2,5.0,1
B008OAWEPM,5.0,1
B00FECM8JU,5.0,1
B008OAWECA,5.0,1
B00E3R6SKC,5.0,1
B009P0ILXO,5.0,1
B009P0IVKC,5.0,1
B009P0J4SA,5.0,1
B008O9V3O6,4.0,1
B00E3P9QY4,5.0,1
B00GD392LQ,4.0,1
B00FE97TWE,4.0,1
B00GBXIJL2,5.0,1
B00LH4LD1I,5.0,1
B00K7KC3US,5.0,1
B00GBYB8AA,5.0,1
B00GBYN9G6,5.0,1
B008O8GIY2,5.0,1
B00H1MOLXM,4.0,1
B00JK9J1J8,5.0,1
B00H1N4RXA,4.0,1
B00GCWSJ30,5.0,1
B00FDRUTE2,5.0,1
B00FDS6VJS,4.0,1
B00FE95M2S,4.0,1
B0091R3HEE,5.0,1
B009P2VHEM,5.0,1
B0091R3CHQ,5.0,1
B00GMP4QO8,5.0,1
B00GCVHOVY,5.0,1
B00LH50A0C,5.0,1
B00GMP4PXU,5.0,1
B009P241WW,5.0,1
B00E3P6782,5.0,1
B00E3P9IQU,5.0,1
B00GCWXNIG,4.0,1
B009P0LIDY,5.0,1
B00E3P9H0C,5.0,1
B00GBUNZ64,4.0,1
B00GMP2KWI,5.0,1
B00E3P8TMY,5.0,1
B00E3P7RV8,5.0,1
B00GBW9C1O,5.0,1
B00FDPQYTI,5.0,1
B00K7V7AWI,5.0,1
B00GBXERN6,5.0,1
B00E3P77J0,4.0,1
B009P10Q7C,5.0,1
B00GMP4UFI,5.0,1
B0091RAUVM,5.0,1
B00GBWSULC,5.0,1
B00FDQZCP4,5.0,1
B00GMP4TZE,5.0,1
B00JKC2UTS,5.0,1
B00GCWUYFQ,5.0,1
B00FDRSMH8,5.0,1
B00GBJ9E9C,5.0,1
B00JKI1J4O,5.0,1
B00E41T7P0,4.0,1
B009OUA9LC,4.0,1
B009OUCAVE,5.0,1
B008OBTUEO,5.0,1
B00GBEPMXO,5.0,1
B00FEHEQJA,4.0,1
B00LDW3F88,5.0,1
B00FDNM8EK,5.0,1
B009OUG6VO,5.0,1
B008OBTSQ4,5.0,1
B008OBTI28,5.0,1
B009OUGEXO,5.0,1
B00GMP20PU,5.0,1
B00FDNNIMG,5.0,1
B00E41P4Z2,5.0,1
B009OUO7EM,5.0,1
B00FDNNK74,5.0,1
B00FDNP5K4,5.0,1
B00E40YS46,5.0,1
B00E408CG6,5.0,1
B009OVJBR4,4.0,1
B00GD1GQTE,5.0,1
B009OW42UY,5.0,1
B00LDT13RQ,5.0,1
B00JKK61YK,5.0,1
B00GBEN7R2,5.0,1
B0091TGAW8,5.0,1
B00GBEI8FI,5.0,1
B009OU6NLW,5.0,1
B00GMP4YFY,5.0,1
B00GBELF58,5.0,1
B00H1BRDUG,5.0,1
B00H1BV8DY,5.0,1
B0091TCKJA,5.0,1
B00JKOMENI,5.0,1
B00GMP4XQ4,5.0,1
B00JKMNU3I,5.0,1
B00H1C9JD4,5.0,1
B0091TCCU2,5.0,1
B00JKL1W34,5.0,1
B0091TC38S,4.0,1
B00LDNHQN2,4.0,1
B00GMP1YA2,5.0,1
B00E400EK8,5.0,1
B00GBEYDDE,5.0,1
B00FECTKUK,5.0,1
B009OX551I,5.0,1
B00E3VBU42,5.0,1
B00H1J1JO4,5.0,1
B0091JNZ4O,5.0,1
B00GBHSIIW,4.0,1
B00GMP2BW2,5.0,1
B00H1J4K36,5.0,1
B00GMP4XN2,5.0,1
B00E3VBTPM,5.0,1
B00GBIMXLE,5.0,1
B00GBEYHNK,4.0,1
B00FDOYS9C,5.0,1
B00FDPBJUC,5.0,1
B0091T7W3E,4.0,1
B00GCZYP1W,5.0,1
B0091T33KA,4.0,1
B009OXC4EO,4.0,1
B00GCZP8OK,5.0,1
B00H1KORF6,5.0,1
B00LFW4WW4,5.0,1
B008OBFZTI,5.0,1
B008OBSZ2M,5.0,1
B009OX0S1U,4.0,1
B009OWYJ5W,5.0,1
B008OBSZR2,5.0,1
B008OBTGIO,5.0,1
B00FEHE2Z8,5.0,1
B00E3XG540,5.0,1
B00FDO1CQY,5.0,1
B009OWK3Q6,5.0,1
B00GBFRJQ6,5.0,1
B00E3W3GPC,5.0,1
B00FEFR900,5.0,1
B00K84BN9K,5.0,1
B0091TAZOC,4.0,1
B00E3VGMYA,5.0,1
B008OBT9D6,5.0,1
B00FDO9S6A,5.0,1
B0091TAWP4,5.0,1
B009OWTY6Q,5.0,1
B00H1FGFR4,5.0,1
B00K7JBWYC,5.0,1
B009NKEAI6,5.0,1
B0092TZGC2,5.0,1
B00GYSJYJU,5.0,1
B009LW3MEY,5.0,1
B00KX97O3E,4.0,1
B009LWTA3Q,5.0,1
B008PIW3GS,4.0,1
B00E9EDU0K,5.0,1
B009LXH0FK,5.0,1
B00GMPF3YA,5.0,1
B00E9E4PAE,5.0,1
B00E9DUIOC,5.0,1
B009LW1JTE,5.0,1
B00G6JZVIA,5.0,1
B00E9DQ83W,4.0,1
B00E9D9Y9C,5.0,1
B009LXP1G0,5.0,1
B0092TZCWG,4.0,1
B00E9CVC1Q,5.0,1
B00GYTHXWO,5.0,1
B00E9CAHOE,5.0,1
B00E9C9YFM,5.0,1
B00KX7K3TI,5.0,1
B00G6JZWAC,5.0,1
B00FA80ZRK,4.0,1
B008PJE12Q,4.0,1
B00GYS8U9K,5.0,1
B009LVPAVI,5.0,1
B00G6DIACK,5.0,1
B00E9FVDKI,5.0,1
B00E9FSR4I,5.0,1
B00E9F2GRC,5.0,1
B00GYSGKB0,5.0,1
B00FA8BBZA,5.0,1
B00E9EQD3G,5.0,1
B009LVVWTC,5.0,1
B00E9EMAFG,5.0,1
B00FFJ4RAA,5.0,1
B00FZCS1WC,5.0,1
B0090YQWH2,5.0,1
B00FA9W482,5.0,1
B00G6FCAXS,5.0,1
B00E9C9W1I,5.0,1
B00GMMKLRM,5.0,1
B00JOK84AK,5.0,1
B00E982066,5.0,1
B008PI87AY,4.0,1
B00E9AGPWO,4.0,1
B00JOLHK22,5.0,1
B00GYTW8BK,5.0,1
B008PI5Z9K,4.0,1
B00G6MWHRA,5.0,1
B00FFJ1IKW,5.0,1
B00E99JWQ6,4.0,1
B008PHTYU2,5.0,1
B00GMMQZ6I,5.0,1
B00FFJ1HE4,5.0,1
B008PHP2DK,5.0,1
B00FAFQTCI,5.0,1
B00K91OXDU,5.0,1
B008PHNLLK,5.0,1
B0092TLQNA,5.0,1
B00FAGDA4C,5.0,1
B00JOM1CUW,5.0,1
B00E9C9VKK,5.0,1
B00FAAYZME,5.0,1
B00E9C9V9G,5.0,1
B00FFJ4OX0,4.0,1
B009LYYBE2,4.0,1
B00JOP3BJY,5.0,1
B008PILLY8,5.0,1
B009LZ1MHA,5.0,1
B00E9C9T3Y,5.0,1
B00E9C9T2K,5.0,1
B00FACZE5O,5.0,1
B009M1BEDK,5.0,1
B00G6KFZN0,5.0,1
B009M19AZE,5.0,1
B00FAD8310,5.0,1
B009126F6G,4.0,1
B009M1A3IW,5.0,1
B00FADNRC0,5.0,1
B00E9C9RU4,4.0,1
B00GYTTZD4,5.0,1
B00E9AZAB6,5.0,1
B009LVMMYQ,5.0,1
B00G6C7TBO,5.0,1
B00G61FBB0,4.0,1
B00E9JFAH6,5.0,1
B009LQH6EC,5.0,1
B00GYP7QBG,5.0,1
B009LQH9XU,5.0,1
B009LQHSGI,5.0,1
B009LQHV4M,5.0,1
B00E9IUN1K,5.0,1
B00E9I9FPU,5.0,1
B008PLK542,4.0,1
B009LR2PME,5.0,1
B00E9HH1XE,5.0,1
B009LR4RCK,5.0,1
B0092URGDI,5.0,1
B00FA4UKVA,5.0,1
B00FA4KBDM,5.0,1
B009LPXRFA,5.0,1
B009LVGV5C,5.0,1
B008PMNVFG,5.0,1
B00E9NQT86,5.0,1
B00E9NQT36,5.0,1
B00FFKV3QU,5.0,1
B0092VX474,5.0,1
B00GYP0KP0,5.0,1
B00G5RMBXG,4.0,1
B00E9NQG70,5.0,1
B00KWSQ60I,5.0,1
B00FFKOQHS,5.0,1
B00JOSRM2I,5.0,1
B009LO8WJW,5.0,1
B00FA3QM5Y,5.0,1
B00E9N4VX6,5.0,1
B00E9M597Y,5.0,1
B009LPSSWM,5.0,1
B009LPW70Q,5.0,1
B00G5S6N5M,5.0,1
B0090XKLV6,5.0,1
B00FA53B5Q,5.0,1
B00E9GMBX0,5.0,1
B00K6LAAKI,5.0,1
B0090YNQQM,4.0,1
B00G67L4ZG,5.0,1
B009LU26UC,5.0,1
B00G67MAIQ,5.0,1
B00JORDONU,5.0,1
B0090YKYJO,5.0,1
B008PJUKFS,5.0,1
B00G67N9AY,5.0,1
B00G67P4CK,5.0,1
B0092ULVJS,5.0,1
B00JORB9GY,5.0,1
B00GYRQV5Q,5.0,1
B00G67UK2E,5.0,1
B008PJHXKI,5.0,1
B00GYS4C6A,5.0,1
B00FFJ4RZU,5.0,1
B00E9G0AZG,5.0,1
B0092U098W,4.0,1
B008PJE2GQ,5.0,1
B009LTCH2K,5.0,1
B0092U6KTY,5.0,1
B00GYR2KXS,5.0,1
B00GYR0E2C,5.0,1
B008PLH1N0,5.0,1
B00G63D2XC,5.0,1
B008PKLFWY,5.0,1
B00E9GMA7M,5.0,1
B00E9GEB5Q,5.0,1
B00E9GE8LS,5.0,1
B009LSGTPC,5.0,1
B00FFJ53KS,5.0,1
B00G651V24,5.0,1
B00G67BX52,5.0,1
B00G67IFL2,5.0,1
B00GEDKCN2,5.0,1
B008PK0VNS,5.0,1
B00G67J80O,5.0,1
B00JOGTGPQ,4.0,1
B00GYOWJU0,5.0,1
B00FAQVMAQ,5.0,1
B00E94AWRO,5.0,1
B00JOAGBC8,5.0,1
B009M7FYKS,5.0,1
B009M7HB40,5.0,1
B00GYUYIE4,5.0,1
B00FAQ9INO,5.0,1
B00GYUZ93S,5.0,1
B00GDZXJC2,5.0,1
B00E94AS5U,5.0,1
B0091397VK,5.0,1
B00G71UMYA,5.0,1
B00JO7334A,5.0,1
B00GYV21B0,5.0,1
B009M7JU3U,4.0,1
B00913A08E,4.0,1
B00E934ILG,5.0,1
B009M7RN8E,5.0,1
B00GMPDLXA,4.0,1
B00G6Z0ER2,5.0,1
B00GDZ5HRC,5.0,1
B009M754XA,5.0,1
B00GE1U7NE,5.0,1
B0092SC4TQ,5.0,1
B009138YW8,5.0,1
B00GE1FKY0,5.0,1
B00E94OOF0,5.0,1
B00G6X2TRC,5.0,1
B008PFG9F2,4.0,1
B00K8ZFIGS,5.0,1
B00FFHECPM,5.0,1
B00FAOHITW,5.0,1
B009M7744W,4.0,1
B009M79OVS,5.0,1
B00E94ON4C,5.0,1
B00FFHD1XG,5.0,1
B00GMPDMBG,5.0,1
B00G6YJW4Y,5.0,1
B00FAQ1Z3K,4.0,1
B00FFGU5F4,5.0,1
B00GDZFUGK,5.0,1
B008PHLNGU,5.0,1
B00E8X4GK0,5.0,1
B00FFEQDU2,5.0,1
B00E90BVUU,5.0,1
B00E8YI68M,5.0,1
B00E8XYIGM,5.0,1
B00GDZ5GV4,5.0,1
B00JNZ2B7S,5.0,1
B00913NEZ0,4.0,1
B008PEVSWW,5.0,1
B00GMPDI60,4.0,1
B00GMN0IN8,5.0,1
B00K8Z139O,5.0,1
B00E8X35UC,5.0,1
B00JNYTWN0,5.0,1
B00GMPDHPW,5.0,1
B00E8VYP4E,5.0,1
B00E8VC6HW,5.0,1
B00G7AJ7CE,4.0,1
B009MA29DK,5.0,1
B00FARAVX4,5.0,1
B00FARAXPA,5.0,1
B0092RAY3K,4.0,1
B00G77GC34,5.0,1
B00E92YFLU,5.0,1
B00E92HXVY,5.0,1
B008PF9ORW,5.0,1
B00FAR54UY,5.0,1
B00E92NKDY,5.0,1
B00GMPDJTG,5.0,1
B00FFFUVZO,5.0,1
B009M8GSD4,5.0,1
B0092RLSF8,5.0,1
B009M8HYUK,5.0,1
B00FFFMF6W,5.0,1
B00K8Z3126,4.0,1
B00GMPDIC4,4.0,1
B00G73O5DM,5.0,1
B0092RLQGE,5.0,1
B00FARAPY4,4.0,1
B00GMPDIV0,5.0,1
B00E91UQSM,5.0,1
B00FFF3P7A,5.0,1
B00GYV4VS6,5.0,1
B00E91G9M4,5.0,1
B00GMPDILK,4.0,1
B00E90U4DU,5.0,1
B008PFHAKU,5.0,1
B00JOB6TY2,5.0,1
B00GE3YQ5C,5.0,1
B008PGSS0A,5.0,1
B008PGLO4M,5.0,1
B0092T05RI,5.0,1
B00E97EIE4,5.0,1
B00E97C4Z4,5.0,1
B00E97B4F0,5.0,1
B008PGIAIK,4.0,1
B00G6R9LPQ,5.0,1
B00GYUA35M,5.0,1
B009M396HY,5.0,1
B0092SZPPG,4.0,1
B009M3WPKO,5.0,1
B008PGA12I,5.0,1
B009M4GLDU,5.0,1
B00E972KCG,5.0,1
B00E972CWO,5.0,1
B00FFIJ22E,5.0,1
B00FFIH7G2,5.0,1
B00E970046,5.0,1
B008PH78UK,5.0,1
B00GMPDXSS,5.0,1
B00G6OLGCU,5.0,1
B008PHHM9M,5.0,1
B009M2CBQS,5.0,1
B00G6OLHB0,5.0,1
B00FAGYV4K,5.0,1
B009M2PKF2,5.0,1
B009M2TNPU,5.0,1
B00G6P40NQ,5.0,1
B00GYTXHWE,5.0,1
B00GYU1Q9E,5.0,1
B00E97L69O,5.0,1
B0092TFVRM,5.0,1
B00JOEC5UG,4.0,1
B00G6R3ZBM,4.0,1
B00JOCPTCE,4.0,1
B009M393GI,5.0,1
B0092TAFFK,5.0,1
B00GE4BXF2,4.0,1
B00GYU1ITC,4.0,1
B00K6MHSV6,5.0,1
B00E96YJHG,4.0,1
B009M4W74C,5.0,1
B008PFHD6G,5.0,1
B00GYUR4Z4,5.0,1
B00E96HV08,5.0,1
B00FAIYWCY,5.0,1
B009M5IKG0,5.0,1
B00FFHTUV8,5.0,1
B00G6UMJP2,5.0,1
B00GYUREJA,5.0,1
B009136RE0,5.0,1
B00E95BW6S,5.0,1
B00E951NNA,5.0,1
B00GYUSYOE,5.0,1
B00E94ZKAI,5.0,1
B00GYUVQMQ,4.0,1
B00E94Z95E,5.0,1
B009M6BO6C,5.0,1
B00FFHKSQ4,5.0,1
B00GMPDYGO,4.0,1
B00FAI9UKI,5.0,1
B008PFHIQG,5.0,1
B00FAH9Q2G,5.0,1
B00GMPEGYS,5.0,1
B009M4W7JC,4.0,1
B009130JDU,5.0,1
B00FAI1W7C,5.0,1
B00E96X92W,5.0,1
B00G6RYCG4,5.0,1
B008PFNZVI,5.0,1
B00KXCCBZ2,5.0,1
B009M5A2AW,5.0,1
B008PFHZE6,5.0,1
B00E96WJ82,5.0,1
B00GYUGBDA,5.0,1
B009M5A81K,4.0,1
B009M5AIO2,5.0,1
B009M5CQGU,4.0,1
B00FAI7FHS,5.0,1
B009M5D9UW,5.0,1
B00E96V1JU,5.0,1
B00KWQVEGQ,4.0,1
B00E9NQU12,5.0,1
B00E6D6VI2,4.0,1
B009LH4DXI,5.0,1
B00K6CZ6VU,4.0,1
B00GYH0W7O,5.0,1
B0090UBLX6,5.0,1
B00F9RBJKY,5.0,1
B00G4SP64C,4.0,1
B008PU6BFU,5.0,1
B00F9RJ6EK,5.0,1
B0090UEN7W,5.0,1
B008PTVLZG,4.0,1
B009LH3LMM,5.0,1
B009LH4FT0,5.0,1
B009LH4QR6,4.0,1
B00G4U4DLW,5.0,1
B00F9RWC9G,5.0,1
B00G4UXL88,5.0,1
B00GMPQBOQ,5.0,1
B00KVFVORM,5.0,1
B00G4RVRC8,4.0,1
B009LENK1M,5.0,1
B008PUQ5YC,4.0,1
B00EA65J4C,5.0,1
B00GYGKMN4,5.0,1
B008PUN6DA,5.0,1
B00GMPR06Y,5.0,1
B00GYGKQTY,5.0,1
B00F9RBH74,5.0,1
B00G4R1LVA,5.0,1
B008PUL3XK,5.0,1
B00G4R4HV6,5.0,1
B009LEPG8C,5.0,1
B009LEPN1M,5.0,1
B0092ZZ44G,5.0,1
B008PUFMSM,5.0,1
B009LEPPOM,5.0,1
B009LH37MG,5.0,1
B0090U80BC,5.0,1
B00GYHIEDS,5.0,1
B009LKRYKE,5.0,1
B00EA5ADD0,5.0,1
B00G50RMPK,4.0,1
B008PSSVI2,5.0,1
B008PSSVCI,4.0,1
B00GYKTMTU,4.0,1
B008PSSSJO,5.0,1
B00G51EBOE,5.0,1
B0092ZKON2,5.0,1
B00F9SDXDO,5.0,1
B009LJKPLU,5.0,1
B008PSSSH6,5.0,1
B008PT44S2,5.0,1
B00G51OJEG,4.0,1
B00FFQ9P8C,5.0,1
B00GYKYHEK,4.0,1
B00F9SSQPE,5.0,1
B00GYLFM4S,4.0,1
B009LKOF1K,4.0,1
B00FFPZVJ0,4.0,1
B00JP1SCQY,4.0,1
B00G54L8V0,5.0,1
B008PT1RNC,4.0,1
B009LIO2YW,5.0,1
B00FFR3MH6,5.0,1
B00GYIWK64,5.0,1
B0090UK8VW,5.0,1
B00GYI8KFE,5.0,1
B00KVGEXRE,5.0,1
B00FFQZLO4,5.0,1
B0090UXZRQ,5.0,1
B009LI5BVU,5.0,1
B00GMKPTGW,4.0,1
B009LI6T8E,5.0,1
B009LI9T40,5.0,1
B009LIIOE6,5.0,1
B009LIF7LY,5.0,1
B00FFQS3NU,5.0,1
B00GMPO5CG,5.0,1
B00GYJJZL6,5.0,1
B00G50A3P6,4.0,1
B008PT5MCY,5.0,1
B0092ZLLX4,5.0,1
B00GYKHMS8,5.0,1
B008PUQH22,5.0,1
B00FFRR46G,5.0,1
B00GYGB5NK,5.0,1
B00EAHHG92,4.0,1
B009LAW0XK,5.0,1
B00931TTCM,5.0,1
B0090U3G2A,5.0,1
B00GEH4NP6,5.0,1
B009LB17O2,4.0,1
B00GMPSIUG,5.0,1
B00G4KOPB0,5.0,1
B00G4JN9TA,5.0,1
B00EAHE3JS,5.0,1
B00EAGYEUW,5.0,1
B00G4L0482,5.0,1
B00EAEBE20,4.0,1
B00EAE0H96,5.0,1
B00K6CNAS6,5.0,1
B008PX1TF4,5.0,1
B009LCV142,5.0,1
B00EAC7138,5.0,1
B00GMPSNB0,5.0,1
B00EAI48SI,5.0,1
B00FFUE5PQ,5.0,1
B00GMFVESO,5.0,1
B008PZJ1ZC,5.0,1
B00GYFLCJS,5.0,1
B00JPBPMUI,5.0,1
B00GEH5CYM,4.0,1
B00G4HRTTS,4.0,1
B009LACUPS,5.0,1
B00F9Q50XM,5.0,1
B00FFXZZ1G,5.0,1
B008PYLPQ6,4.0,1
B008PY23OY,5.0,1
B0090U3DTG,5.0,1
B009LAQ0VI,5.0,1
B00KV7CB9K,5.0,1
B00GEH5CPG,5.0,1
B00GEH58OQ,5.0,1
B00G4I8JNM,5.0,1
B008PY6C5A,5.0,1
B00G4IITAA,4.0,1
B00EAIAPZS,5.0,1
B00JPA5EJ8,5.0,1
B00GMG2SF6,5.0,1
B00GMPS9GO,5.0,1
B008PX003G,4.0,1
B0090U6THO,5.0,1
B00931M47O,5.0,1
B00G4M11U6,5.0,1
B008PVDFAI,5.0,1
B00FFV2QEC,5.0,1
B0090U6RK8,5.0,1
B00KV7LBBY,5.0,1
B00EA8CJ20,5.0,1
B00GMPRWTO,5.0,1
B00F9QSMOQ,5.0,1
B00EA7ZWVQ,5.0,1
B0090U7L2G,5.0,1
B008PWQQF8,4.0,1
B008PV4LJC,5.0,1
B00GMPRTA6,5.0,1
B009LEMAN6,4.0,1
B00G4NCB2C,4.0,1
B009LEMDE2,4.0,1
B008PUUW64,5.0,1
B00G4NTYU4,5.0,1
B00EA7UUOK,5.0,1
B00EA7MVO2,5.0,1
B008PUQJCA,4.0,1
B00K6CNCCK,5.0,1
B00EA9N07M,5.0,1
B008PVVJOC,5.0,1
B008PWQ0KO,4.0,1
B00EABY5TM,4.0,1
B00GMPS2IY,5.0,1
B00FFWNQKY,5.0,1
B009LDLHR2,5.0,1
B008PWPSYI,5.0,1
B00JP8HV8C,5.0,1
B00EABEGHI,5.0,1
B00EABDUW0,5.0,1
B00GMHN2HI,5.0,1
B00G4LGL5M,5.0,1
B00EAA3QZW,5.0,1
B00EAA3QMA,5.0,1
B00EA9Y3WI,5.0,1
B009LKRUNK,5.0,1
B009LL6SI2,5.0,1
B00KWPHOCA,5.0,1
B00E9R161W,4.0,1
B00E9RYIQ2,4.0,1
B009LNWWDU,5.0,1
B00GMPMVYK,5.0,1
B00E9RF5MI,5.0,1
B00E9RF1G8,5.0,1
B00GMPLS0I,5.0,1
B00E9RA262,5.0,1
B008PO6HXM,4.0,1
B00K6JAP8C,5.0,1
B00GYMI3ES,4.0,1
B0092X4AK2,4.0,1
B0092X23WY,5.0,1
B00E9QSUIK,5.0,1
B0092WTI5U,5.0,1
B00E9QSQJ8,4.0,1
B009LNWULE,5.0,1
B00KVP44DI,5.0,1
B009LNFORG,4.0,1
B00FFLAAGS,5.0,1
B00KVKVDUK,5.0,1
B0090WUNIS,5.0,1
B00G5KAHT8,5.0,1
B0092XCAHM,5.0,1
B00FA20OIQ,5.0,1
B00FFL8WY0,5.0,1
B0092XA9J8,5.0,1
B00GEECIIS,5.0,1
B00FFL68AU,5.0,1
B008PPT170,4.0,1
B00G5KFQFI,5.0,1
B009LNK8OA,5.0,1
B00FFL6QJ8,5.0,1
B00G5L4TGY,5.0,1
B009LNWPW8,5.0,1
B00GEE99OE,5.0,1
B0092X8MOM,5.0,1
B00G5LF5SA,5.0,1
B00E9QKZ56,5.0,1
B00FFPYI5I,5.0,1
B00E9NQXS2,5.0,1
B008PN4SIE,5.0,1
B00JOTT0VI,5.0,1
B00G5N23J2,5.0,1
B0092W5A7U,5.0,1
B00E9NQXZK,5.0,1
B00GEDO3BY,4.0,1
B00G5N596G,5.0,1
B00K6K52MU,5.0,1
B0092W1AQ0,5.0,1
B00FFL4KCI,5.0,1
B00G5NERS2,5.0,1
B00E9NRBU6,5.0,1
B00GMPIMIO,4.0,1
B00G5PWUIO,4.0,1
B00GMPIGB2,5.0,1
B00FA3QLIM,5.0,1
B00KWM61LI,4.0,1
B009LO021S,5.0,1
B00G5MWQKO,5.0,1
B0090XAYT0,4.0,1
B00E9QHSHO,5.0,1
B00G5LLLD8,5.0,1
B00E9QF4UC,5.0,1
B00GYMI88O,5.0,1
B00GYMIQPY,5.0,1
B00KW9G3K0,5.0,1
B00FA2JSV0,5.0,1
B00E9Q27BQ,5.0,1
B00GYMMASS,5.0,1
B00E9PQLVY,4.0,1
B00FA2O856,5.0,1
B00GMPKAMK,5.0,1
B00G5MV2WM,5.0,1
B009LNZP2K,4.0,1
B00G5MR8XE,5.0,1
B00G5MSEGO,4.0,1
B00GYMS33E,5.0,1
B00GYN4PDK,5.0,1
B00G5MUGYW,5.0,1
B009LNZR5A,5.0,1
B00FA3028W,5.0,1
B00K91YB3C,5.0,1
B0092XL6IQ,5.0,1
B00E9VCA2W,5.0,1
B00K6I8HY2,4.0,1
B009LLE1Z4,4.0,1
B00G591586,5.0,1
B00F9SWWOK,5.0,1
B00EA28ORA,5.0,1
B008PSBIUK,5.0,1
B0092ZKL76,5.0,1
B0092ZKKJ0,5.0,1
B00EA2IO20,4.0,1
B00EA1S7QE,5.0,1
B009LLMKFC,5.0,1
B009LLML6K,4.0,1
B00GEH4BU8,5.0,1
B00EA1PREE,4.0,1
B00EA15AGY,5.0,1
B009LLOW5I,5.0,1
B00G59XTQC,5.0,1
B00F9VTAD8,5.0,1
B00FFNY79M,5.0,1
B00FFPOPNS,5.0,1
B00FFLBCY2,5.0,1
B008PSECBC,5.0,1
B00GYLJDNE,4.0,1
B00GYLJXN4,5.0,1
B00GEH4MT8,5.0,1
B00GYLL1UC,5.0,1
B00K6GL6DS,5.0,1
B008PSE4EC,5.0,1
B009LLC70A,5.0,1
B00GEH4D4C,4.0,1
B008PSEBWW,5.0,1
B00JOYJY32,5.0,1
B008PSE51Y,5.0,1
B00JOW0MJ4,5.0,1
B009LLCDGI,5.0,1
B009LLCR8C,4.0,1
B00EA3GLT2,5.0,1
B00FFMACVK,5.0,1
B00F9WDDXU,5.0,1
B00FFLE32U,5.0,1
B009LM2O5C,5.0,1
B009LM2OVQ,5.0,1
B008PQ7VS0,5.0,1
B00E9W7YMM,5.0,1
B00E9W3FAM,4.0,1
B00KVK25PM,5.0,1
B00JOVJH96,4.0,1
B009LM851O,5.0,1
B009LM8BMW,5.0,1
B00FA0O6Z0,5.0,1
B00F9WZ3T2,4.0,1
B00E9VV0PU,5.0,1
B008PPXBJ4,5.0,1
B0092ZCZQG,4.0,1
B00K6J6RMK,5.0,1
B00FFLBU2Q,5.0,1
B009LMN0BE,5.0,1
B00E9VCH84,5.0,1
B00FA1M246,5.0,1
B00GYM5UVW,5.0,1
B00E9X80ME,4.0,1
B00GEFLHS4,5.0,1
B00GEFT1MI,5.0,1
B00GEH4BR6,4.0,1
B008PRV6Q2,5.0,1
B008PRSSC2,4.0,1
B0092ZJJ6A,5.0,1
B00E9ZKJNK,4.0,1
B00G5DCC2U,4.0,1
B00G5DONJA,5.0,1
B00GYLYYJW,4.0,1
B00GMLU3AS,5.0,1
B00E9ZG35I,5.0,1
B00GEH4AEK,4.0,1
B00GYLZ1GC,5.0,1
B00E9Z27EO,4.0,1
B00JOW0IDE,5.0,1
B00FFLICFE,5.0,1
B00F9X0HXI,5.0,1
B00E9Z1VV4,4.0,1
B00GEFWZPS,5.0,1
B00E9Z1R7M,4.0,1
B00K939KZO,5.0,1
B00GYW5TSG,5.0,1
B00E8V7H2Q,5.0,1
B009MA4G3Q,4.0,1
B00G8RC62O,5.0,1
B009N858PC,4.0,1
B009N8710C,5.0,1
B00FF1UDEC,4.0,1
B00G8RCDM2,5.0,1
B009N871DE,5.0,1
B00E766L5Q,5.0,1
B009N8C51W,5.0,1
B00FF1TWNA,5.0,1
B00E75VK8U,5.0,1
B009N8ZG2W,5.0,1
B00E75TINY,5.0,1
B00E75I1Y6,5.0,1
B00G8SP0PI,4.0,1
B00E756EP4,5.0,1
B009N92QL0,5.0,1
B00JMDUACO,5.0,1
B0092FH44E,4.0,1
B00E769P2M,5.0,1
B00FBHWL54,5.0,1
B00E77PVL0,4.0,1
B00G8R0LD0,5.0,1
B00JMEYEZW,5.0,1
B00E77YI7I,5.0,1
B00E77WX20,5.0,1
B00K6SA006,5.0,1
B0092H2AZ0,4.0,1
B00GMP8YEG,5.0,1
B009N6LFOM,5.0,1
B00K8MTZXI,5.0,1
B00916WXFE,5.0,1
B009N6RNO8,5.0,1
B00916WTG2,4.0,1
B008OYMOOY,4.0,1
B008OYD9IY,5.0,1
B008OYA18K,5.0,1
B00FBGDYCE,4.0,1
B00916WUZW,5.0,1
B00E749PKG,5.0,1
B00G8SPC5G,5.0,1
B00FBKYRIU,5.0,1
B009NAFAUI,5.0,1
B009NAH4RK,5.0,1
B009NAYYV4,4.0,1
B00L23ZZ72,4.0,1
B009NC296O,5.0,1
B00FBKGQ2K,4.0,1
B008OXMHV0,5.0,1
B00E702T1M,5.0,1
B00917IV72,5.0,1
B00GMP8VVM,5.0,1
B00FF0VFPE,5.0,1
B009NC6HRQ,5.0,1
B00E702FNY,5.0,1
B00917LBP6,5.0,1
B00G8XL71E,5.0,1
B00L1UHUCE,5.0,1
B009N99N84,5.0,1
B00E71NV72,5.0,1
B009N9DJ52,4.0,1
B00GDKKO5W,5.0,1
B00GMP8W4S,4.0,1
B009N9FBYE,5.0,1
B00FBHYP8A,5.0,1
B0092F44MO,5.0,1
B00G8T1ZFG,5.0,1
B008OXSCDW,5.0,1
B00FF11EUE,5.0,1
B009NA9T3C,5.0,1
B009NADBTK,5.0,1
B00L1UGOIA,5.0,1
B009NADK32,5.0,1
B00G8TYRVU,5.0,1
B009NADKBE,5.0,1
B0092ED5YI,5.0,1
B0092HPTHQ,5.0,1
B00FBFSOKC,4.0,1
B00L0YCBIY,5.0,1
B00GMOTOM8,5.0,1
B009N2BQIQ,5.0,1
B008P0TLS4,4.0,1
B00G8GY9V6,5.0,1
B00E7P3E1Q,5.0,1
B0092IC496,5.0,1
B00G8H25DO,4.0,1
B00E7O2ZRG,4.0,1
B00E7NKND0,5.0,1
B009N2DI8C,5.0,1
B008P1C1WG,5.0,1
B00G8HQDFU,5.0,1
B00GMP9B3Y,5.0,1
B00G8IQE8A,5.0,1
B00E7NC8NS,5.0,1
B00G8JSDV0,5.0,1
B00GZIIHR4,5.0,1
B00E7LPOOA,5.0,1
B00GZJ36F6,5.0,1
B00G8JYLFM,5.0,1
B00G8GIL0G,5.0,1
B00E7Q42FC,5.0,1
B009N61REA,5.0,1
B00G8EIOHI,5.0,1
B009N1GVK0,5.0,1
B009N1IRCK,5.0,1
B00GMOTNCE,5.0,1
B00E7VO6IU,5.0,1
B00E7VCW8G,5.0,1
B009N1LA06,5.0,1
B00GZFXMAE,5.0,1
B00L0S459S,5.0,1
B00FBFCLII,5.0,1
B00E7TMR4C,5.0,1
B0092IZ8BC,5.0,1
B00L0W7CNK,5.0,1
B008P4HUFG,5.0,1
B009N1OSWI,4.0,1
B00916DN94,5.0,1
B008P30IHO,5.0,1
B009N247ZU,5.0,1
B00E7SXQFW,5.0,1
B00G8FUHWW,5.0,1
B009N24Y08,5.0,1
B00GMP97LU,5.0,1
B00G8K04EI,5.0,1
B009N3NU8Y,5.0,1
B00G8NQ4OY,5.0,1
B00FF3CM0S,5.0,1
B009N4CB6K,5.0,1
B008OZZPIA,5.0,1
B00G8NRDEE,5.0,1
B00FF2TLJ4,4.0,1
B00E7B5260,4.0,1
B008OZWYTS,5.0,1
B00GDL00QO,5.0,1
B008OZTPA4,4.0,1
B00G8OHXAM,5.0,1
B00E7AT0CS,5.0,1
B00GDKZ0KG,5.0,1
B00E7A3G0A,5.0,1
B008OZI0XC,5.0,1
B00E78QUPA,5.0,1
B00E78KIZ8,5.0,1
B00FBFN826,5.0,1
B00FBFR1TC,4.0,1
B00K6RW33Y,5.0,1
B008P0C5UU,5.0,1
B009N3TD5I,5.0,1
B00G8KHCH0,5.0,1
B00G8LNNOK,5.0,1
B009N3UZ7I,5.0,1
B00FF3QA1K,5.0,1
B00GMP95QM,5.0,1
B00E7I4U2K,5.0,1
B00E7I3HEM,4.0,1
B00E7H7IHK,4.0,1
B00GMOUN5U,5.0,1
B00FF3P4PS,4.0,1
B009N3VI9M,5.0,1
B00916S6W8,4.0,1
B00K8N03W4,5.0,1
B008P0DLU8,5.0,1
B00GMOUP8U,5.0,1
B00E7GSTCY,5.0,1
B00GZKZ19E,5.0,1
B00G8Y1MNG,5.0,1
B0092DUQ64,5.0,1
B009MA4SB6,5.0,1
B00929W01C,5.0,1
B00GZYPOA6,5.0,1
B00E6M37IU,5.0,1
B00929U53M,5.0,1
B00E6M1S5O,4.0,1
B009NE3AM4,5.0,1
B00E6L53JC,5.0,1
B00E6KVBEE,5.0,1
B00929XODA,4.0,1
B00E6KV6X0,4.0,1
B008OUZAJE,5.0,1
B0091AHGIE,4.0,1
B00E6KTDIA,5.0,1
B00GDIQCDC,4.0,1
B008OUZ8W8,4.0,1
B009NG7JDS,5.0,1
B0091AA2U8,5.0,1
B00E6KSG8S,5.0,1
B009ND2EQ8,4.0,1
B009ND2EVS,5.0,1
B00G99SQES,5.0,1
B00E6P60IQ,5.0,1
B00E6O6T2O,5.0,1
B00E6O0U24,5.0,1
B00K8JY1R6,5.0,1
B00JM8Z8EY,4.0,1
B00E6NLZM4,5.0,1
B009ND2FAS,4.0,1
B00E6NE4YU,5.0,1
B009ND7SN2,5.0,1
B00E6MTNX8,4.0,1
B00E6MWP9M,5.0,1
B00GMP8HUC,5.0,1
B00K72N2GK,5.0,1
B00JM8Z2M2,4.0,1
B00E6MUAEO,5.0,1
B00GZYN03E,5.0,1
B009NDBBU8,5.0,1
B0092A1J0Y,5.0,1
B009NG8TJQ,5.0,1
B008OUZ6WA,4.0,1
B00E6YZ9A2,4.0,1
B00G99T5YI,4.0,1
B00E6F3HWI,5.0,1
B00E6EZ8K8,5.0,1
B009NIA8AC,5.0,1
B008OUYZ4U,5.0,1
B00E6EW144,4.0,1
B00GMP8CNE,5.0,1
B00E6EVCEY,5.0,1
B009NIWYAY,5.0,1
B00E6EPH1S,5.0,1
B00E6EPCTK,5.0,1
B00G99T60Q,5.0,1
B009NJ9VIG,5.0,1
B00E6DRRRG,5.0,1
B00E6D6VJQ,5.0,1
B00FEXVKPW,5.0,1
B00FBQL8HC,5.0,1
B00929S1IS,5.0,1
B00E6F5NT8,5.0,1
B00E6KESBM,4.0,1
B00E6JMVVC,4.0,1
B00GZZAACM,5.0,1
B00FBQ9I2E,5.0,1
B00FBQCAYW,5.0,1
B00GMP8GP8,5.0,1
B00K7A6QX8,5.0,1
B00FBQEM8Y,5.0,1
B00E6KEBOQ,5.0,1
B009NGCMBM,5.0,1
B009NGD7KW,5.0,1
B008OUZ2I8,4.0,1
B00L2JQ6HO,5.0,1
B00E6ILV5U,5.0,1
B00GMOVXKO,5.0,1
B00FBQHC2C,5.0,1
B00FBQIKTG,5.0,1
B00E6H18JA,5.0,1
B00E6G6KIK,5.0,1
B00E6FQ7WU,4.0,1
B009NH8PA8,5.0,1
B0092BVFSE,5.0,1
B008OWJG38,4.0,1
B009ND1ZS6,5.0,1
B0092DUNQW,4.0,1
B009ND1ZY0,5.0,1
B00E6U25RG,5.0,1
B00E6TCMM0,5.0,1
B009ND204O,5.0,1
B008OWD382,5.0,1
B00L2IO8OS,5.0,1
B00G97PVAC,5.0,1
B00E6SUPZ2,5.0,1
B009ND20IK,5.0,1
B00E6SKU5C,5.0,1
B00GMOVNZY,5.0,1
B00E6RZNPK,5.0,1
B009ND20QW,4.0,1
B0092DUN4Y,5.0,1
B00G99L73U,5.0,1
B00GMP8QU8,5.0,1
B00E6POV4Q,5.0,1
B009ND1XRO,5.0,1
B009ND1UUE,5.0,1
B00G8ZN6DY,4.0,1
B0092DUOXO,5.0,1
B00E6XNQGM,5.0,1
B00E6WT22A,5.0,1
B00G906NZ6,4.0,1
B00917Q840,5.0,1
B009ND1XO2,5.0,1
B00GZPXS9O,5.0,1
B00G96XZLU,5.0,1
B009184ZGW,5.0,1
B00G90SN0O,4.0,1
B00FBLNR2G,5.0,1
B00GMP8VBW,5.0,1
B00G95FDOS,5.0,1
B00GMP8R7A,4.0,1
B009ND21A2,5.0,1
B009ND21OS,5.0,1
B0092DI9BI,5.0,1
B009ND2D5K,5.0,1
B008OVK6KQ,5.0,1
B009ND292M,4.0,1
B00GMP8I88,5.0,1
B009ND297W,4.0,1
B00G99SDBE,4.0,1
B00L2J4ZP4,5.0,1
B009ND29CW,5.0,1
B00919H5TK,5.0,1
B009ND2BHA,5.0,1
B009ND2D14,4.0,1
B00E6QBRNI,5.0,1
B009ND22C4,4.0,1
B00G99SHJW,5.0,1
B00E6PW7EC,5.0,1
B00919INA0,4.0,1
B00JM99HS6,5.0,1
B00FBNI4QI,5.0,1
B00E6PSUG6,5.0,1
B00GZUI1WI,5.0,1
B00G99SNLY,5.0,1
B009ND2DPK,5.0,1
B00E6QHRZA,5.0,1
B00919FYRA,5.0,1
B009ND28M8,5.0,1
B009ND24QI,5.0,1
B009ND257G,4.0,1
B00E6RTDWO,5.0,1
B00GDJOHQA,5.0,1
B009ND2792,4.0,1
B00E6RT004,5.0,1
B0092DI5JO,5.0,1
B009ND27PG,5.0,1
B00G99S3SM,5.0,1
B00E6QISWQ,4.0,1
B00FBMFFSO,5.0,1
B00JMDGSKW,5.0,1
B00G99SCKG,5.0,1
B0092DHZ6S,5.0,1
B0092DHJCS,5.0,1
B009ND28GY,5.0,1
B00918CUM8,4.0,1
B00GDJNQZS,5.0,1
B00GMOVRN2,5.0,1
B00K70U4TU,5.0,1
B008OVW2PS,4.0,1
B00E7XUNLW,5.0,1
B009N1GTFW,5.0,1
B009N146L6,5.0,1
B00FFCBZ8Y,5.0,1
B00G7SH4M6,5.0,1
B009MMTFOO,5.0,1
B008PDM8WM,5.0,1
B00FFBUXPQ,5.0,1
B00G7SJR9E,5.0,1
B00E8JPPWW,5.0,1
B009MM9FD0,4.0,1
B00E8JJH08,5.0,1
B00E8JEVXQ,5.0,1
B00E8IZOB0,5.0,1
B009MO8I2M,4.0,1
B00E8IMEYU,5.0,1
B009MOE7HC,4.0,1
B00FFBSYMA,5.0,1
B008PDHBTW,5.0,1
B008PDFRS4,5.0,1
B00E8JWNZ4,5.0,1
B008PDNTQ6,5.0,1
B00FAX0UKM,5.0,1
B009MJ6HKM,5.0,1
B00JNIZJFQ,4.0,1
B00G7RLXTW,5.0,1
B00JNH8Z6W,5.0,1
B00G7RMNJ6,5.0,1
B00E8LTSIC,5.0,1
B00E8LNYMS,4.0,1
B00JNDGPCM,5.0,1
B00JND83E0,5.0,1
B00GZ276QI,5.0,1
B0092OG9AU,5.0,1
B00GDVRNSW,5.0,1
B0092ODK1Q,4.0,1
B00E8K1E1M,4.0,1
B0092NYPS4,5.0,1
B00FFCNHIU,5.0,1
B008PDQDY6,5.0,1
B009150FO6,5.0,1
B00E8KDKVE,5.0,1
B00FFCLAK2,5.0,1
B009MJCKDA,4.0,1
B00E8K5CAG,5.0,1
B008PDOYEM,4.0,1
B008PDC4IK,4.0,1
B009N0P6I4,5.0,1
B00E8CWNKQ,5.0,1
B009MQF1HA,5.0,1
B00G7TQOOO,5.0,1
B009MQN04G,5.0,1
B009MQNKY6,5.0,1
B00E8F5E0Y,5.0,1
B00GDTBLTQ,5.0,1
B009MQORRU,4.0,1
B009MQP1XY,5.0,1
B00E8CWHES,5.0,1
B00KYWMYEE,5.0,1
B009MQU3XC,5.0,1
B00FFAYTPM,5.0,1
B00FFAPY06,5.0,1
B009154R6S,4.0,1
B00GDT1F9C,5.0,1
B009MR17O0,5.0,1
B00E8CWFDG,4.0,1
B008PCGHOS,4.0,1
B008PDC0KW,5.0,1
B00GZ76SQ2,5.0,1
B00G7T198K,5.0,1
B009MOH0PS,5.0,1
B00G7TKAHG,5.0,1
B00G7TM0YW,5.0,1
B00FAXW9WE,5.0,1
B00E8HXEXQ,5.0,1
B009MP3XHQ,5.0,1
B008PD7A8Y,4.0,1
B00E8HC2PC,4.0,1
B00E8FSYGA,5.0,1
B00KYJPJ08,4.0,1
B00GZ77OPG,5.0,1
B00KYVGEH8,5.0,1
B008PD3BG4,5.0,1
B00G7TOTBE,5.0,1
B00G7TPEAE,5.0,1
B009MP9N34,5.0,1
B00G7PCEK6,4.0,1
B00GDY5ZC0,5.0,1
B00E8OU44G,5.0,1
B00E8OUBCQ,5.0,1
B00E8OUA1S,5.0,1
B00KY3YFLI,5.0,1
B00GYZXA8O,4.0,1
B009MBJ7IO,5.0,1
B009MBQB6U,5.0,1
B00GYZO8IA,5.0,1
B0092Q3QRM,5.0,1
B009MCDRS4,5.0,1
B00GZ09RYO,5.0,1
B00E8OU3AG,5.0,1
B009MD5K1K,5.0,1
B00GDZ4IXG,5.0,1
B0092Q1XIQ,5.0,1
B009MEBBLC,4.0,1
B00914AWF4,5.0,1
B0092Q3UE6,5.0,1
B00JNKBUO8,5.0,1
B00E8R6VJA,5.0,1
B00KXNYG9K,5.0,1
B00913TRWE,5.0,1
B00GYWRC1S,5.0,1
B00JNXSU7K,4.0,1
B00E8T1KVC,5.0,1
B00G7GHJNW,5.0,1
B00E8OUF8G,5.0,1
B00GMN0JP0,5.0,1
B0092Q8MWG,4.0,1
B00E8OVFAI,5.0,1
B009MAIBYG,4.0,1
B0091489PE,4.0,1
B00E8OULXK,5.0,1
B00E8OUJBO,5.0,1
B00G7IC3PE,5.0,1
B00FATBYGA,5.0,1
B00GYX6WDQ,5.0,1
B008PE9PE0,5.0,1
B0092Q0UDA,5.0,1
B00914EBD8,5.0,1
B00FAUXA6G,4.0,1
B009MH1SVW,5.0,1
B00GMO7GW8,5.0,1
B00GZ1IH44,4.0,1
B0092OTPU6,5.0,1
B00E8NEFQA,5.0,1
B00E8NBLPS,5.0,1
B00FAV3FS8,5.0,1
B0092OK9PG,5.0,1
B00FFE79FK,5.0,1
B00914S3GO,5.0,1
B00E8MW1DU,5.0,1
B00GMPD8N8,5.0,1
B00E8LYFDA,5.0,1
B00JNLUGVA,4.0,1
B00E8LWLTK,5.0,1
B00E8LVRKY,4.0,1
B00E8NFCMG,4.0,1
B00FAUSCC8,5.0,1
B00914GFJ6,5.0,1
B00E8OTWKS,5.0,1
B00G7LR6BC,5.0,1
B009MGLVA6,4.0,1
B00FAUQVIA,5.0,1
B00E8OTQGI,5.0,1
B00914FJG6,5.0,1
B00JNSB0WW,5.0,1
B00E8OTPEG,5.0,1
B00E8OTLVS,5.0,1
B00JNS8P7K,4.0,1
B00JNRTNGS,4.0,1
B00GMPD98M,4.0,1
B00E8NK0J6,4.0,1
B00GZ0QEWM,5.0,1
B00GZ18V2M,5.0,1
B00FAUS1HY,5.0,1
B0092PTMP8,5.0,1
B00G7MD606,4.0,1
B008P757AI,5.0,1
B00K8N67RE,4.0,1
B008P7HQ2K,5.0,1
B00FBBIXA2,5.0,1
B00E82YLMY,5.0,1
B008P75EJW,4.0,1
B00E82QVCW,4.0,1
B00GZC2JDI,5.0,1
B00JMO2H6K,4.0,1
B00G7VO5DO,5.0,1
B00FBBJGMG,5.0,1
B00GZC2JTC,4.0,1
B00GZC3KTU,5.0,1
B00G7YJWA2,5.0,1
B00916DIJY,5.0,1
B00FBBK03A,5.0,1
B00FF4Z1HI,5.0,1
B008P8CFEI,5.0,1
B00G7VMUR2,5.0,1
B008P90JIQ,4.0,1
B008P9KY2C,5.0,1
B00G7U8XRO,5.0,1
B00915V284,4.0,1
B00L0K7IXG,5.0,1
B00GDPF0OW,5.0,1
B00E8369WS,5.0,1
B00G7UCISE,5.0,1
B00FF6WU3E,5.0,1
B00GDPC4W8,4.0,1
B0092KB0IU,5.0,1
B00GZC23VG,5.0,1
B0092K1HJ2,4.0,1
B00GMP9G3Y,5.0,1
B00E831WJI,5.0,1
B00FBBI2Q2,5.0,1
B009MXZD3U,5.0,1
B00JMOTA7Y,4.0,1
B00GZC27ZS,5.0,1
B008P8YLC2,5.0,1
B0092K94O2,5.0,1
B009MXZU7O,5.0,1
B00K6Q77CC,5.0,1
B008P8K5N6,5.0,1
B00E81CF8M,5.0,1
B008P6AILC,5.0,1
B00E7Z64Y0,5.0,1
B009MYTY0C,4.0,1
B008P5DATA,4.0,1
B009MYZ3F2,5.0,1
B00E7ZHEOE,5.0,1
B0092JSUKW,5.0,1
B009MZ4DSY,5.0,1
B00G87I7DG,5.0,1
B00GMOTKQI,5.0,1
B00E7Z39QQ,5.0,1
B00G7YMFRY,5.0,1
B008P53TJ6,4.0,1
B00JMJKBLI,5.0,1
B009N0O5PO,5.0,1
B00E7YXUFC,5.0,1
B00G887VHI,5.0,1
B00FBDXOC2,4.0,1
B0092JSNMC,5.0,1
B00E7YIPQ6,5.0,1
B008P5OECC,5.0,1
B009MYT39Y,4.0,1
B00L0RT0XA,5.0,1
B00E80ICHG,5.0,1
B00FBCX47I,5.0,1
B00GZC7D8O,5.0,1
B00FBD0V1Y,4.0,1
B00GDL2AHQ,5.0,1
B00L0R8522,5.0,1
B00GZCCLAY,5.0,1
B00FBDUTYS,5.0,1
B0092JW7WO,5.0,1
B00L0RS5TK,5.0,1
B00JMKBWJ2,4.0,1
B00GMP9E18,5.0,1
B00E7ZSITY,5.0,1
B009MYO1MS,5.0,1
B00JMK92QW,4.0,1
B009MYRO2C,4.0,1
B009MV3ZGY,5.0,1
B00G7TRJGG,5.0,1
B00G7TY2WK,5.0,1
B008PB9OOY,5.0,1
B00GZ9EH8G,5.0,1
B00E8BTN5U,5.0,1
B00FB34U1G,5.0,1
B00915D674,5.0,1
B00E8BGPI8,5.0,1
B00GMOJB2G,5.0,1
B00E8AKXRS,5.0,1
B00E89VLNE,5.0,1
B00E880DBG,4.0,1
B00915G3R4,5.0,1
B00E87THCI,4.0,1
B00FB7RONS,4.0,1
B00915L8NS,4.0,1
B00KZKOB8C,4.0,1
B00FB2WUUU,5.0,1
B00JMYRR10,5.0,1
B00G7U85XG,5.0,1
B00FB1UCOC,4.0,1
B00E8CW77K,5.0,1
B00E8CVUGE,5.0,1
B009156RJS,5.0,1
B00GMPCZPA,5.0,1
B00G7TRWWC,4.0,1
B008PBV2LW,5.0,1
B009MRE0XU,4.0,1
B00KZ1HYO4,5.0,1
B00GDSNGO0,5.0,1
B00GZ8TQ1A,4.0,1
B009MROGUC,5.0,1
B008PBV0C8,5.0,1
B00GDSLYEE,5.0,1
B00GZ8EG8S,5.0,1
B008PBUK4W,5.0,1
B00E8CI3T6,4.0,1
B008PBK37G,5.0,1
B00G7TSE6K,5.0,1
B009MRUVGK,5.0,1
B00K8O3JRY,5.0,1
B00915SAAM,5.0,1
B009MTLW8Y,5.0,1
B00FB9K23A,5.0,1
B009MTOIJ4,5.0,1
B00GZA2J2Q,5.0,1
B00E83UOJ2,5.0,1
B00E83NYA8,5.0,1
B00L0GJOMS,5.0,1
B009MTY7NQ,5.0,1
B00E83LZ8G,5.0,1
B009MU3G28,5.0,1
B00E870812,5.0,1
B009MU3VU0,5.0,1
B00FF847WO,4.0,1
B00JMPE9ME,4.0,1
B00E83HF58,4.0,1
B00G7U2R2G,5.0,1
B00GZAVQSE,5.0,1
B00G7U4H10,4.0,1
B00GZBADUK,5.0,1
B00E836Q2Q,4.0,1
B009MTEVVE,5.0,1
B009MTEU38,4.0,1
B00JMRLH1I,5.0,1
B00G7TZNMS,5.0,1
B0092KOD2A,5.0,1
B00915QLK8,4.0,1
B008PAN4K0,5.0,1
B00FB8ETEE,5.0,1
B00G7TY3FG,4.0,1
B00GMOQCA0,5.0,1
B00L0088YE,5.0,1
B00E84KI7E,5.0,1
B00GMPA42Q,5.0,1
B00GMP9KXA,5.0,1
B00JMVAWVK,5.0,1
B00JMSMNKQ,5.0,1
B00GMOT400,5.0,1
B00GZ9G3EW,4.0,1
B00FF9HKU4,5.0,1
B00E84B63O,5.0,1
B00FF8D4ZK,5.0,1
B00E8490ZK,4.0,1
B00JMRS0E0,5.0,1
B00E844XA2,5.0,1
B00949XCLW,4.0,1
B00JT6DYW2,4.0,1
B00EGSUY8K,5.0,1
B00JYL2PQ8,5.0,1
B00ET45CWY,5.0,1
B009B54QQO,5.0,1
B00ET41UIO,4.0,1
B00FR9QWA6,5.0,1
B00K3A01WE,4.0,1
B009B54RM2,5.0,1
B009B54SP8,5.0,1
B009B54UDI,4.0,1
B00ET3VHME,5.0,1
B008VFPJRU,5.0,1
B00ET1RL44,5.0,1
B0096UBKFY,5.0,1
B00KC7C4FK,5.0,1
B009B54V1Y,5.0,1
B00GT185WO,5.0,1
B009B554ZG,5.0,1
B008VFO50W,5.0,1
B008VFMYRS,5.0,1
B00FRC02X6,5.0,1
B008VFTC0K,5.0,1
B00FR7ZJXO,5.0,1
B00GT0MF6M,5.0,1
B00FM7OD0O,5.0,1
B00FM7LXOS,5.0,1
B00ET66FC8,5.0,1
B00GOPXNUE,5.0,1
B008VFWNJ2,5.0,1
B00KGNWX5G,5.0,1
B009B2PMZG,5.0,1
B00GIUIYZE,5.0,1
B00K39NNX4,5.0,1
B009B2TDPG,5.0,1
B00F0IZ90S,5.0,1
B009B3BYVQ,4.0,1
B0096UYCNQ,5.0,1
B00GT0U6FY,5.0,1
B00JYW4GEG,5.0,1
B00JYQVZZK,4.0,1
B00JYQOXG8,4.0,1
B009B3TQ98,5.0,1
B00FRCAB5K,5.0,1
B00FM6OF3A,5.0,1
B00GISO2TS,5.0,1
B008YC8AYE,4.0,1
B00ESYFSVU,5.0,1
B0096U4LP0,5.0,1
B009B6TZX2,5.0,1
B00GLCTQYM,5.0,1
B009B6U18A,5.0,1
B008VF187U,5.0,1
B00GLCZA6U,5.0,1
B009B7AYLS,4.0,1
B00KGOXZP2,5.0,1
B00GIQXODA,5.0,1
B00JYJMSE4,5.0,1
B00FRD1H5C,5.0,1
B00GT1Y1F4,5.0,1
B00FRD84XU,5.0,1
B00FRD8746,5.0,1
B00KGP1472,5.0,1
B00F0QEFLO,5.0,1
B008VEJI00,4.0,1
B00FM64UBC,5.0,1
B009B5CXBE,4.0,1
B00GT1VYGI,5.0,1
B008YAXXHK,5.0,1
B00GT18S76,5.0,1
B00F0NB8SU,5.0,1
B00FRCCYMS,5.0,1
B00F0NC708,5.0,1
B00GT1WAFW,5.0,1
B009B6AV8A,5.0,1
B00F0NE2ZQ,5.0,1
B00ET04EI6,5.0,1
B00GT1XUEW,5.0,1
B00FRCNZNA,4.0,1
B00ET04EBI,5.0,1
B0096U5XC0,5.0,1
B00GIRP8Y2,5.0,1
B00ESZU030,5.0,1
B009B2PLCA,4.0,1
B00FM7Z5OM,5.0,1
B008VEBVD2,5.0,1
B00F0ILF92,4.0,1
B00KGNHRNE,5.0,1
B00KGNL690,5.0,1
B00FMBB3EY,5.0,1
B00ETBWI4C,5.0,1
B00FQW9MY2,5.0,1
B00KGNMHBG,5.0,1
B009AZ8M7Y,4.0,1
B00GIWXJX4,5.0,1
B00FQWBC68,5.0,1
B0096V2CTQ,5.0,1
B008VGYLLO,4.0,1
B00KGNNC06,5.0,1
B009AZHZTK,4.0,1
B00FQZXZ38,4.0,1
B00ETB7CXO,5.0,1
B00ETAWXPW,5.0,1
B00ETA792O,5.0,1
B009AZKDNA,5.0,1
B00FQVZQR0,5.0,1
B0096V4R2G,5.0,1
B00ETCX2FA,5.0,1
B00KGM96NY,4.0,1
B00FMCS2II,5.0,1
B00FQSF3IK,4.0,1
B00FQSFB5K,5.0,1
B009AYV2PE,5.0,1
B00FMBZ68S,4.0,1
B009AYV6SC,5.0,1
B00FQVQHMI,5.0,1
B00FQT25IA,5.0,1
B00GSZVPCS,5.0,1
B00FMBRSZW,5.0,1
B00FQTA4RE,4.0,1
B008Y9Q54O,5.0,1
B00F09ETKI,5.0,1
B00GSZZLVO,5.0,1
B00GOWUAGC,5.0,1
B00GT03CPK,5.0,1
B00F0DGW22,5.0,1
B00GT0L996,5.0,1
B0096V1ZOE,5.0,1
B008VG1R98,5.0,1
B008VG0EUG,5.0,1
B009B0PQWM,4.0,1
B0096UZMG2,5.0,1
B00FR2N8DW,4.0,1
B009B0VVBW,5.0,1
B00GIW2RFK,5.0,1
B00F0DX5XG,5.0,1
B00ET7SH64,4.0,1
B009B1JECO,5.0,1
B00F0F41RS,4.0,1
B0096UZBE0,4.0,1
B0096UZAZ0,5.0,1
B00ET7IL88,5.0,1
B00F0HVADO,5.0,1
B009B1WEQM,5.0,1
B00GIV0HRG,5.0,1
B00GIUL79O,5.0,1
B00F0DXIB0,5.0,1
B00ET9KORW,4.0,1
B008YAOIQU,4.0,1
B008VGPVJ0,5.0,1
B009B05E9W,5.0,1
B008VGNX18,5.0,1
B00ET9GPWU,5.0,1
B008VGL6I0,5.0,1
B00F0DVEQQ,5.0,1
B008VGKE1A,5.0,1
B009B0EFZQ,4.0,1
B00GT0CZBM,5.0,1
B00KGNOJK8,5.0,1
B00GLCN7YM,5.0,1
B00GT09NX0,5.0,1
B00JYW4IEY,5.0,1
B00KGNPOUW,5.0,1
B00ET8P1YY,5.0,1
B00GT0C3H8,5.0,1
B00GOWH04C,5.0,1
B00GT29QCG,4.0,1
B00FQS83S2,5.0,1
B00ESLK728,5.0,1
B009BEMNQA,5.0,1
B009BF8YZS,5.0,1
B009BFBWV6,4.0,1
B00FM5PN14,5.0,1
B00FREVND2,5.0,1
B00FREVYU4,5.0,1
B00GLFBGSS,5.0,1
B00GONLNUS,5.0,1
B00F0W7APQ,5.0,1
B0096TEASY,4.0,1
B009BFCM9W,4.0,1
B00FREXXJE,5.0,1
B00GLFBXVI,5.0,1
B00ESKEB0S,5.0,1
B00GT768MW,5.0,1
B00GONLREU,5.0,1
B00FRET0ZU,5.0,1
B00FRESNT4,4.0,1
B00JY2UAVE,5.0,1
B00ESPZ05I,5.0,1
B00GT3ZB3S,5.0,1
B00ESPRY6Q,5.0,1
B00FREQ92M,5.0,1
B00ESMY9UI,5.0,1
B00FRESR5Y,5.0,1
B00KGSZWKO,5.0,1
B00JY2U9T2,5.0,1
B009BDW6UO,5.0,1
B0096TUIQM,5.0,1
B00GT4QY9C,5.0,1
B008V9JFMQ,5.0,1
B009BE0IN0,5.0,1
B00GT6IC5E,5.0,1
B00F0W7ZHE,4.0,1
B00F0WDYEC,5.0,1
B00GTA9CJA,5.0,1
B009BI4V2U,4.0,1
B00KH6EMZ6,5.0,1
B008YFUE2C,5.0,1
B00F0YWJ32,5.0,1
B0096SKO5I,5.0,1
B00GTA8ZIO,5.0,1
B00ESI32MI,5.0,1
B00FM1ZJFS,5.0,1
B00JY2U758,5.0,1
B00GTAAGQS,5.0,1
B00FM1JFRQ,5.0,1
B00ESH9SMC,5.0,1
B009BKYAVA,5.0,1
B00GTAB2W0,5.0,1
B0096SGFXS,5.0,1
B00FRFFWZ6,5.0,1
B009BHRYXY,5.0,1
B00ESJLD00,5.0,1
B009BFCTDQ,5.0,1
B00KGX80C6,5.0,1
B00FREYI1Q,5.0,1
B0096T02MW,5.0,1
B00GLFDKA0,5.0,1
B00ESJRVCE,4.0,1
B00F0X8BY4,5.0,1
B009BFF50U,5.0,1
B009BFHZ4Y,5.0,1
B00FREZO78,5.0,1
B00GTA5CRQ,5.0,1
B00FM5F828,5.0,1
B00GTA1FI6,5.0,1
B00GTA2EVS,5.0,1
B00KH3AZD2,5.0,1
B00FRF0VM0,5.0,1
B008YEW7EQ,5.0,1
B00GTA4BOQ,5.0,1
B00FRF5CYC,5.0,1
B00FRFBW8M,5.0,1
B00KH5UN3M,5.0,1
B00FREMSOU,5.0,1
B00FM64BQ6,5.0,1
B00FRD8KNE,4.0,1
B00ESQ0YG2,5.0,1
B00F0RZ508,5.0,1
B00ESYE384,5.0,1
B008VDWR36,4.0,1
B00GT2NSIE,5.0,1
B00FM64H3I,5.0,1
B008VDSBTK,4.0,1
B00GT2NUMS,5.0,1
B0096U2NYQ,4.0,1
B009B8A7CI,5.0,1
B00FM64FB2,5.0,1
B00ESXZHLC,5.0,1
B009B8QZJ2,4.0,1
B009B8URCS,5.0,1
B009B8VGHI,4.0,1
B00GIM1JTU,5.0,1
B00ESXZGWC,5.0,1
B009B8WSPC,5.0,1
B00FM64EU4,5.0,1
B008YCVXMK,5.0,1
B0096U3368,5.0,1
B00GOPNP5C,4.0,1
B008VE8LO4,5.0,1
B008VE8CRU,4.0,1
B00JY6R55O,5.0,1
B00JY47SEO,5.0,1
B00FRDPMO4,5.0,1
B00ESYFFDQ,5.0,1
B008YCRNI8,4.0,1
B00FM64JHC,5.0,1
B00JY4555S,5.0,1
B00GOOXQWA,5.0,1
B00F0RKJCW,5.0,1
B00FM64HJW,5.0,1
B00FM64ECC,5.0,1
B00FM64DCS,5.0,1
B00GLEEWQW,5.0,1
B00FM64CPG,5.0,1
B009BBP8I8,5.0,1
B009BCJZRC,5.0,1
B00ESS1TVE,5.0,1
B008VCRMBE,5.0,1
B00GIFR6Y4,5.0,1
B00ESQU5KC,5.0,1
B008VC8128,5.0,1
B00ESQKPI4,5.0,1
B00GT3UX9U,5.0,1
B00FRDPRW6,4.0,1
B00K3DI0CO,5.0,1
B00ESQ3PEA,4.0,1
B008VB0WKS,4.0,1
B00JY3HGHE,5.0,1
B0096TVNS4,4.0,1
B00GT3INMY,5.0,1
B00F0SLO4I,5.0,1
B00F0SGC2M,5.0,1
B00GT2OCXE,4.0,1
B00FRDPOS8,4.0,1
B00GLEE6K4,5.0,1
B00F0SGFKQ,5.0,1
B00FM64DOG,5.0,1
B00ESXIZ48,5.0,1
B009B8Z2XW,5.0,1
B00ESWX2TM,5.0,1
B009BBAL4E,5.0,1
B009B9XGQ6,5.0,1
B008VCY0HI,5.0,1
B009BAJTHA,5.0,1
B00ESV8XC4,5.0,1
B0096TX1I4,5.0,1
B00GIKXJR2,5.0,1
B009BB5YNW,5.0,1
B00GIKUV3M,5.0,1
B009AYU5NO,5.0,1
B00ETHIAPM,5.0,1
B0096SFHBE,5.0,1
B00FQ8OPUW,5.0,1
B00GLAGGQA,5.0,1
B009AQW51M,5.0,1
B00KCBVYNY,5.0,1
B009AQW7RY,5.0,1
B009723496,5.0,1
B009AQWF4Y,5.0,1
B00FQEMDSC,5.0,1
B00K30SSNI,5.0,1
B00EUGKLFY,4.0,1
B00GJ1PYZ0,5.0,1
B00FQENVXS,5.0,1
B00971UO3G,5.0,1
B00KCBPF7K,5.0,1
B00FML184Y,5.0,1
B00K32L8TM,5.0,1
B009AQXWMS,5.0,1
B00FMIFTW4,5.0,1
B00FMIBZ22,5.0,1
B00JZIFH06,5.0,1
B00JZHIAH4,5.0,1
B00EUGCVTI,4.0,1
B008VSAXXM,5.0,1
B00EUHGBFC,5.0,1
B00EZWCHR8,5.0,1
B00GSKMMIO,5.0,1
B00EUICS6W,4.0,1
B00FQ8ORX2,5.0,1
B00EZVIRXW,4.0,1
B008VT3K3G,5.0,1
B00EUHYS7A,5.0,1
B008VT0BG0,5.0,1
B008VSYW5M,5.0,1
B00KGDDOFE,4.0,1
B00EZVNZDE,5.0,1
B00FQAXBE6,5.0,1
B00EUHSS8U,5.0,1
B00EUHIILW,5.0,1
B00EZW7S4A,5.0,1
B00FQCMT9M,5.0,1
B008VSHBS2,5.0,1
B008VSFWTM,5.0,1
B00KGDMMOS,5.0,1
B00JZH5CT8,5.0,1
B00FQEQFUY,5.0,1
B00KCAT4BE,5.0,1
B00JZF1VYK,5.0,1
B00EZWEFZA,4.0,1
B00GJ1EV5E,5.0,1
B00EUF1L22,5.0,1
B00JZD4QD0,5.0,1
B00EZWKE5U,5.0,1
B00FMIBRLG,4.0,1
B009AUN2E2,5.0,1
B00GLAS7YO,5.0,1
B00FMIBSO2,5.0,1
B00EUEZ9LM,5.0,1
B00EZWOMGC,5.0,1
B009AUOEW6,4.0,1
B009AURM20,4.0,1
B009AURW2A,5.0,1
B00K35VYMU,5.0,1
B00GJ1DLL4,5.0,1
B00JZCXKUQ,5.0,1
B00K36B05K,4.0,1
B00GSL7WTC,5.0,1
B00971QBIS,5.0,1
B008VRXTTS,4.0,1
B00EUG8JQW,4.0,1
B00EZWCRI2,5.0,1
B009AT8GXU,5.0,1
B00EUG3X7W,5.0,1
B00FQF5VH6,4.0,1
B00FQF9NOI,5.0,1
B00EZWD39O,5.0,1
B00EZWD8WQ,5.0,1
B00FQGN7B2,5.0,1
B00EZWDHOA,4.0,1
B00FQGXIZM,5.0,1
B00EUG0KG4,5.0,1
B00GSKRXQK,4.0,1
B00EZWE9YW,5.0,1
B00FMNYTMA,4.0,1
B00FQ8OO6C,5.0,1
B00GJ1DGM8,5.0,1
B00FQ8ONUE,5.0,1
B008Y6VZ74,5.0,1
B009747FUS,4.0,1
B009AKC98M,4.0,1
B009AKGRJO,5.0,1
B008VTZ0UW,5.0,1
B00EZSTEB4,5.0,1
B009AKH3I8,5.0,1
B008Y70B9Q,5.0,1
B008VTVSL2,5.0,1
B009AKHME8,5.0,1
B009AKOK02,5.0,1
B009AKQ0SM,5.0,1
B008VTMQIG,5.0,1
B009AKQ1O0,5.0,1
B009740HY4,5.0,1
B00EZSUKE4,5.0,1
B00FQ8NN3C,5.0,1
B00FQ8NUGM,4.0,1
B009AL9XTY,5.0,1
B00GL93TLQ,5.0,1
B009AJU7GO,4.0,1
B009AJU1M4,5.0,1
B009AITOJQ,5.0,1
B008Y62XFW,5.0,1
B00EZRADVU,5.0,1
B009AITSNS,5.0,1
B00GJ2DZAU,5.0,1
B00975A5MM,5.0,1
B008Y68JIC,5.0,1
B00EZROVW2,5.0,1
B00EUM6CQ0,5.0,1
B00FQ86RIA,4.0,1
B009AJ5WXW,5.0,1
B009AJ90QW,5.0,1
B00EZRQ9R2,5.0,1
B00GSDI0NC,5.0,1
B00EUL6JGE,5.0,1
B00EZS3Y5G,5.0,1
B009AJHEKG,5.0,1
B0097579EY,4.0,1
B00EZSBRFA,4.0,1
B009AJSJIM,5.0,1
B00FQ8NYS6,5.0,1
B00KG4MV3O,5.0,1
B00FMREPN4,4.0,1
B00JZKEGWY,5.0,1
B00GJ286E0,5.0,1
B00GSIUED6,5.0,1
B00GSIV3LS,5.0,1
B00GSIV4JE,5.0,1
B009AOCK2S,5.0,1
B00K3022LM,4.0,1
B009AOE7QA,4.0,1
B00EUJK1NS,5.0,1
B00EUJ87CK,5.0,1
B00GJ23H5S,5.0,1
B00K3060GA,5.0,1
B009AOSTEG,4.0,1
B00973FPQK,5.0,1
B00972H2QC,5.0,1
B00GSI1O4E,4.0,1
B00FQ8NZHG,5.0,1
B008Y90DAG,5.0,1
B00GSG7PTO,5.0,1
B00EZT659M,5.0,1
B00K2UDS02,5.0,1
B00GSGBZMC,5.0,1
B00GSGLTR8,5.0,1
B00GSHAL9Y,4.0,1
B00FQ8O2QY,5.0,1
B00GL9MBG0,5.0,1
B009AMJNDE,5.0,1
B00JZKRQOE,5.0,1
B00GLAA18Y,5.0,1
B00FQ8OB6A,5.0,1
B009AMO6IQ,4.0,1
B00EZUP7XG,5.0,1
B008VINJWE,5.0,1
B00JZ5EWR8,5.0,1
B00F03MVB8,5.0,1
B00F05Q0DG,5.0,1
B009AYAJEY,4.0,1
B00GJ071F2,5.0,1
B009AYAVTW,5.0,1
B009AYAXM2,5.0,1
B00GSTRTAG,4.0,1
B00FMDWGUW,5.0,1
B00GSUCEJ6,5.0,1
B00GSV9P3I,5.0,1
B009AYB4RA,5.0,1
B00KGGADZ0,5.0,1
B00GJ03EFI,5.0,1
B00GSVEM0Y,5.0,1
B00GSVMRW4,5.0,1
B008VIHDFI,4.0,1
B008VIHCD6,5.0,1
B009AY9O9U,4.0,1
B00KGF6PV2,5.0,1
B00FQQRRS6,5.0,1
B009AXYWSY,5.0,1
B0096XL9K2,5.0,1
B008VJHPUK,5.0,1
B0096XGKDI,5.0,1
B00EU7I39O,5.0,1
B009AY2XQG,5.0,1
B00GOYNT86,5.0,1
B00FMIBLDA,5.0,1
B009AY9KGW,5.0,1
B00GLB7S1G,4.0,1
B00EU7I1Y6,5.0,1
B00JZ5F1DC,5.0,1
B00FMFQ9MQ,5.0,1
B0096XC36Q,5.0,1
B009AY8KGS,5.0,1
B0096X3432,5.0,1
B008VJFXWC,5.0,1
B008VJ95SK,4.0,1
B009AY9B7K,5.0,1
B008VIFRM4,5.0,1
B00GSWVNNC,5.0,1
B00ETJRF1A,5.0,1
B009AYEUJY,5.0,1
B00GIXOHHA,4.0,1
B00ETKE4ZO,5.0,1
B00ETK7L3Q,5.0,1
B00F08OL34,5.0,1
B009AYEVFM,5.0,1
B00GSZFY70,5.0,1
B00KGLEB9O,4.0,1
B00GIX846A,5.0,1
B00K37A3S4,5.0,1
B00GSXV3RW,5.0,1
B00JZ3QCOG,4.0,1
B00ETJ734Y,5.0,1
B00K388SNK,5.0,1
B00ETHVZEK,5.0,1
B00FQS6SAW,5.0,1
B00FMDJ114,5.0,1
B009AYFLYC,5.0,1
B009AYFUUM,4.0,1
B009AYOCH4,5.0,1
B0096V4RNK,5.0,1
B009AYESOQ,4.0,1
B009AYCYY2,5.0,1
B00FQR5U1Q,5.0,1
B00GIZI25Q,5.0,1
B00GSXUCFQ,4.0,1
B009AYC5RI,5.0,1
B00F06TB1S,5.0,1
B00FQR9HS8,5.0,1
B008VI8WGM,5.0,1
B00ETOSW0S,5.0,1
B00GIYMH4E,5.0,1
B009AYE37S,5.0,1
B009AYEIE6,5.0,1
B00FQRT4X6,4.0,1
B0096WU6HK,5.0,1
B0096WF45O,5.0,1
B00JZ4UM64,4.0,1
B00ETNR80Y,5.0,1
B00GSXUMOC,4.0,1
B00GSTH3LG,5.0,1
B009AVMQOI,5.0,1
B00K36HJGO,5.0,1
B008VM7372,4.0,1
B00FMIBPDG,5.0,1
B00EZWSXM6,5.0,1
B00EZWT7P8,5.0,1
B00GJ107E8,5.0,1
B00EZWT95G,5.0,1
B00FQMG5ZQ,4.0,1
B00EUBZWLM,5.0,1
B00GSORBRM,5.0,1
B00EZX7U7E,5.0,1
B00EZXHUCY,5.0,1
B00EZYWRB2,5.0,1
B00GSP3XAK,5.0,1
B0096YQJ92,5.0,1
B008VLQKT0,5.0,1
B00FMIBO78,5.0,1
B0096YQ7JY,5.0,1
B0096YQ5S2,5.0,1
B008VL5XIE,5.0,1
B00FQM38UQ,5.0,1
B00GSOP0FC,5.0,1
B00GSOLC5Y,5.0,1
B00EZWRWS2,5.0,1
B00FQIMAE0,5.0,1
B0096ZS3OA,4.0,1
B00GOZSYUS,4.0,1
B00EUDP6HK,4.0,1
B008VO9TOA,4.0,1
B00GOZILXI,5.0,1
B00EUCJC94,4.0,1
B00GSNKZKS,5.0,1
B00FQIQVPY,5.0,1
B00GSNUOJK,5.0,1
B0096Z2BVQ,5.0,1
B00EZWSFII,5.0,1
B00GSO7QHW,5.0,1
B00EZWSGN2,4.0,1
B00EZZSGDY,5.0,1
B009AWNM7C,5.0,1
B00GSRW1OM,4.0,1
B00GOZ5Y4M,4.0,1
B008VKBQ18,5.0,1
B009AXFWLA,5.0,1
B00F01K03G,5.0,1
B00EU83OVK,5.0,1
B00K374YV6,5.0,1
B00F01O96A,5.0,1
B00F01Q7MY,5.0,1
B00GOZ849O,5.0,1
B00F021U8O,5.0,1
B00F029QU8,5.0,1
B0096XW2Q2,5.0,1
B0096XLYWK,5.0,1
B00GLAT9JQ,5.0,1
B009AXWX80,5.0,1
B00EU7UP2W,5.0,1
B009AWV404,4.0,1
B00FMIBNF6,5.0,1
B0096YOLAG,5.0,1
B0096YNQ7U,5.0,1
B00EUAFA7Y,4.0,1
B008VKXUQC,4.0,1
B009AWOGCW,5.0,1
B009AWON0W,5.0,1
B00FQMSQQ2,5.0,1
B009AWPMVQ,5.0,1
B00EUAD3RS,4.0,1
B00KC7NJU4,5.0,1
B008VKFUNI,5.0,1
B00F00834K,5.0,1
B00EU933MO,4.0,1
B009AWQ9LS,5.0,1
B00EU91Y4S,5.0,1
B009AWTHAI,5.0,1
B009AWTPE6,5.0,1
B00FMIBN9C,5.0,1
B00EU8SYBU,5.0,1
B00GJ0LK72,5.0,1
B00K3DK3DS,5.0,1
B00GL7E0W0,5.0,1
B00KBYI1WE,5.0,1
B008YJC87M,4.0,1
B00FL9ECRW,5.0,1
B00KBXIC7Y,5.0,1
B00GI23PXI,5.0,1
B00EQ81YAW,5.0,1
B009CKS9CA,5.0,1
B00GOFL03Q,5.0,1
B0096C7IYE,5.0,1
B009CMDT6O,5.0,1
B00GTEYEJ4,5.0,1
B008UTQ40I,5.0,1
B008UTQ3UO,4.0,1
B00GOEPCBS,5.0,1
B00F2FCYIE,4.0,1
B00EQ5VDB0,5.0,1
B00EQ5U5HS,5.0,1
B00EQ5TPTW,5.0,1
B009CP9QVI,5.0,1
B009CPDPMY,5.0,1
B008UTQ7AA,5.0,1
B00FS3FUP4,5.0,1
B00F2DPVV8,5.0,1
B00EQAZ6IQ,5.0,1
B00FLBWGB4,5.0,1
B00EQBMNUY,4.0,1
B00EQBCHZK,5.0,1
B00EQB9V2C,4.0,1
B00F2AV8TU,5.0,1
B00F2B9WOC,5.0,1
B00GI2477Q,4.0,1
B009CK9C5S,5.0,1
B00EQAGMAM,5.0,1
B00GI23Z88,5.0,1
B009CILW76,5.0,1
B00F2CRZFE,5.0,1
B00EQA6KDQ,5.0,1
B00EQ8Q3ZS,5.0,1
B00EQ8MTEW,5.0,1
B009CK909Q,5.0,1
B00EQ5T1XM,5.0,1
B00GI1M6ZM,5.0,1
B00EQ56B8K,5.0,1
B0096C5K9O,5.0,1
B00EQ561LW,5.0,1
B00GTF50BE,5.0,1
B00GTF8IL8,4.0,1
B00GTFCORC,5.0,1
B00GTFUKBE,5.0,1
B009CUC7V4,4.0,1
B009CUELKE,5.0,1
B00F2GZVOW,5.0,1
B00FL7DN88,5.0,1
B00F2H303K,5.0,1
B00EQ55DQG,5.0,1
B00EQ557LW,5.0,1
B00F2H306W,4.0,1
B00FS3G0DK,5.0,1
B00F2H3RSS,5.0,1
B00F2H3UVC,5.0,1
B0096C1SIQ,5.0,1
B008YKBWKA,5.0,1
B00KBQZAKI,4.0,1
B00FL8AZGU,5.0,1
B00EQ5R62A,5.0,1
B009CPDQ1O,5.0,1
B009CPDZX8,5.0,1
B008UTQ1YM,5.0,1
B009CPQIWS,5.0,1
B00GI21TZE,5.0,1
B00KIRR02G,5.0,1
B009CQ6GYM,5.0,1
B00KBU4KU0,5.0,1
B00F2GMEGK,4.0,1
B009CQVA4S,5.0,1
B00KBR7W9Y,5.0,1
B00EQ5MHW4,5.0,1
B00EQ5IOZI,4.0,1
B00EQ5HT18,4.0,1
B00FL7J8GO,5.0,1
B00FL7HIJI,5.0,1
B0096C69NK,5.0,1
B009CIL9Y2,5.0,1
B009CIIH92,5.0,1
B00F21YTJ0,5.0,1
B008UTQJIA,5.0,1
B00FS0X2E8,5.0,1
B00F22JSKO,5.0,1
B00EQF3O30,5.0,1
B00GLKP7A6,4.0,1
B00EQES7FG,5.0,1
B00F24AVSA,5.0,1
B00EQDRXZM,5.0,1
B00EQDHYBK,5.0,1
B0096D7JX8,5.0,1
B00FS190NO,5.0,1
B009CFOQG8,5.0,1
B00GI30UAS,4.0,1
B00GOFYOGG,5.0,1
B00F24JMTY,5.0,1
B00KI36XVO,5.0,1
B00FS0W9D8,5.0,1
B008UTQMYQ,5.0,1
B0096DJIMS,5.0,1
B00F20FDY6,5.0,1
B00F202F6U,5.0,1
B00F2044YG,5.0,1
B00FLKOY6U,4.0,1
B00FLKOQNQ,5.0,1
B00EQFMFBC,5.0,1
B00FRYXC0Y,5.0,1
B00GOG270A,5.0,1
B008YII476,5.0,1
B00GI3GYKI,5.0,1
B00GI389ZQ,5.0,1
B0096DKSGS,5.0,1
B00EQFKTT2,5.0,1
B00FS0H3GQ,5.0,1
B00JXDNGBA,4.0,1
B0096DJZH6,5.0,1
B0096D6X6C,5.0,1
B00F262J0Q,5.0,1
B00EQDGP5Q,5.0,1
B00GOFPLSG,5.0,1
B00JX9JEM4,4.0,1
B008YJ29Y4,5.0,1
B008UTQ9HG,5.0,1
B00KI3DUFG,5.0,1
B008YJ3A6U,5.0,1
B00FS1OT76,4.0,1
B00EQCJ6TO,4.0,1
B00EQCHW7W,5.0,1
B009CIH59U,4.0,1
B009CIHX74,5.0,1
B00FS1OTEO,5.0,1
B00EQC00AI,5.0,1
B008YJ9O4C,5.0,1
B00FS1VE6U,5.0,1
B009CGVMZK,5.0,1
B009CG1VR4,5.0,1
B00GOFWZV2,5.0,1
B00KI372E6,4.0,1
B009CG5710,4.0,1
B00F26NTVE,5.0,1
B008UTQARK,5.0,1
B00GI2S29A,5.0,1
B0096COX74,5.0,1
B00KI38FHE,5.0,1
B0096CLKW0,4.0,1
B00EQD95K8,5.0,1
B00F28U6V8,5.0,1
B009CGJCF2,5.0,1
B00F2A4MDY,5.0,1
B00GI2P20C,5.0,1
B008UTQA0M,4.0,1
B008YIPAWS,5.0,1
B0096CBLCO,5.0,1
B00EQD7R5I,5.0,1
B00EQD7QTA,5.0,1
B00EQ53T76,5.0,1
B00F2H874M,5.0,1
B00FRWPJZM,4.0,1
B008UOYXQU,5.0,1
B008UOYX8S,5.0,1
B00FS6T16A,5.0,1
B00GI0PVNW,5.0,1
B00FS6T4O4,4.0,1
B008YLQG0A,5.0,1
B008UOYULI,4.0,1
B00FS6TJJY,5.0,1
B00JWZJNSO,5.0,1
B00FS6U5JM,5.0,1
B009D3S6UQ,5.0,1
B00F2Q0GY2,4.0,1
B00FS6WJ6O,5.0,1
B00F2Q0JXU,4.0,1
B00EQ245L8,4.0,1
B00FL3DMKQ,5.0,1
B00EQ4K40W,5.0,1
B00FS6SXZA,4.0,1
B00FL3JJWQ,5.0,1
B00GI0W4QE,5.0,1
B00FL3Y1K6,5.0,1
B00EQ4TY8K,5.0,1
B009D1GTFC,4.0,1
B00968O5BC,5.0,1
B00EQ4S91S,5.0,1
B00GI0TZM0,5.0,1
B008YLODIW,5.0,1
B00FL3TZMK,5.0,1
B00FS6RYIC,5.0,1
B009D34GRS,5.0,1
B00FS6RZTA,5.0,1
B00FS6S06C,5.0,1
B00EQ4S42C,5.0,1
B00EQ4S1WU,4.0,1
B009D1JMZ6,5.0,1
B008UOZ3F0,5.0,1
B00GI0TOVM,4.0,1
B00GI0T9GC,5.0,1
B00GI0Q39I,5.0,1
B008UOYQWG,4.0,1
B00GTLHZXO,5.0,1
B00F2RAJN4,5.0,1
B008YLVCTA,5.0,1
B00EPZUZ6K,5.0,1
B00967QG60,5.0,1
B00FS9B67Y,4.0,1
B008ULZFA6,5.0,1
B00GI0MVPI,5.0,1
B008YM599I,5.0,1
B00966E0IC,5.0,1
B00EPYW2GC,5.0,1
B00FS7UY8S,5.0,1
B009D4XE1G,5.0,1
B008ULDYKE,5.0,1
B009D4XEL6,4.0,1
B008YM5INK,5.0,1
B008UL2MJI,5.0,1
B00EPY656U,5.0,1
B009D54BBC,4.0,1
B00EPXEVI0,4.0,1
B00FS89BA4,5.0,1
B008UOP0US,5.0,1
B00GTLIC5E,5.0,1
B00EQ1YE7Y,4.0,1
B00F2Q87J8,5.0,1
B00F2QBMOA,5.0,1
B00GTLJ7BC,5.0,1
B00FL3C5CW,5.0,1
B008UOYQ0S,4.0,1
B00GI0P72M,5.0,1
B00F2QLBXC,5.0,1
B00FL3ACH2,5.0,1
B00967QH7I,5.0,1
B00GI0NVLG,5.0,1
B00GODJFJO,5.0,1
B00FS6XIBO,5.0,1
B00FS7TDGW,4.0,1
B008UOSP6E,5.0,1
B00EQ1BRII,5.0,1
B009D151HY,5.0,1
B00F2H8LLG,5.0,1
B008YLM6MM,5.0,1
B00JX22UD6,5.0,1
B00FL6DW1W,5.0,1
B00FL67FNI,5.0,1
B00FL63BJK,4.0,1
B00GOEOD4U,5.0,1
B00EQ506CM,5.0,1
B009CZXK9C,5.0,1
B009D02FKQ,4.0,1
B00GTGS8V2,5.0,1
B009D032S0,5.0,1
B00GI18Z7U,5.0,1
B00FS5RAJ6,5.0,1
B00F2HY5AW,4.0,1
B00GTH5QMA,5.0,1
B00FS5V8R6,5.0,1
B00KBQX4T2,5.0,1
B00KITWKLU,5.0,1
B008YKQGEC,5.0,1
B00GI147G8,5.0,1
B00FL5ZMDY,5.0,1
B00GODVYEI,5.0,1
B009CYIVC4,5.0,1
B00EQ50M5I,5.0,1
B008YKCJIE,5.0,1
B00FL7CCS0,5.0,1
B00EQ52MRE,4.0,1
B008UTPY2C,4.0,1
B008UTPXNC,5.0,1
B00EQ52IQY,5.0,1
B008UT85DW,5.0,1
B008YKCFSI,4.0,1
B008YKH5LA,5.0,1
B009CY02DA,5.0,1
B00GTGKXU6,5.0,1
B009CY14Y6,5.0,1
B00EQ50P50,5.0,1
B00FL6UORM,5.0,1
B00F2J4USW,4.0,1
B00F2JDGZ0,5.0,1
B009D05FK8,5.0,1
B00F2O6PD0,5.0,1
B00969M9ZA,5.0,1
B00FL5LC6U,4.0,1
B009D0PX7I,5.0,1
B009D0QSDG,5.0,1
B00F2KZ1PC,5.0,1
B00F2L5G8I,5.0,1
B00EQ4WV6C,5.0,1
B009D0PWC4,5.0,1
B009D0QT08,5.0,1
B00GTKU9I8,5.0,1
B009D0R1W8,4.0,1
B009D14L6Q,5.0,1
B00EQ4WV4Y,5.0,1
B009D14N8C,5.0,1
B008YLM44W,5.0,1
B00EQ4VIE8,5.0,1
B00GI0Z02O,5.0,1
B00969MVHQ,5.0,1
B00F2K6O4E,5.0,1
B00FS5XUP4,5.0,1
B008UQEGWE,5.0,1
B00EQ4ZZFQ,5.0,1
B008URN2XW,5.0,1
B009D085C8,5.0,1
B009D0ATNQ,5.0,1
B008UQFMAE,5.0,1
B00GTJMVB2,5.0,1
B008YLB74K,5.0,1
B00GTJQ9PQ,5.0,1
B00F2JK90A,5.0,1
B00KBPRPU2,5.0,1
B009D0DNSY,5.0,1
B009D0PSW8,5.0,1
B00GODJOWC,5.0,1
B00GTJS4NG,5.0,1
B00FS6JWRI,5.0,1
B00EQ4ZR6S,5.0,1
B00EQ4ZHCW,5.0,1
B00EQ4ZH5E,5.0,1
B009D0JEVO,5.0,1
B009D0LRWI,5.0,1
B00EQ4ZEIY,5.0,1
B009D0OIOW,5.0,1
B0096DRRPS,5.0,1
B009BKYC5E,4.0,1
B008YG7QAY,5.0,1
B00GOM1XEU,5.0,1
B00FLW43CI,5.0,1
B00FLVR3Z8,4.0,1
B00GIBCDBE,4.0,1
B00GIABCOE,5.0,1
B00GIA8R6K,4.0,1
B00ES5Z12A,5.0,1
B00GTAHJ4U,4.0,1
B0096MVD5O,5.0,1
B009BTJ6HE,4.0,1
B00F1ATKGY,5.0,1
B008UZVXA8,5.0,1
B008UZVFBA,4.0,1
B00ES4YIS4,5.0,1
B009BTKOO8,5.0,1
B00GOLTVY0,5.0,1
B008UZUUXO,5.0,1
B00KC3M6YI,5.0,1
B00GTAR7RE,5.0,1
B008YGD2BQ,5.0,1
B00GOM1XF4,4.0,1
B00JXYLQP2,4.0,1
B009BTFGPA,5.0,1
B00GICBMXI,5.0,1
B00F1ATH8U,5.0,1
B008YGB5LK,5.0,1
B0096NCDNE,5.0,1
B00K3DNE16,5.0,1
B008V1I5GG,5.0,1
B00JXZEEWI,5.0,1
B009BTBENI,5.0,1
B00FLW5PLG,5.0,1
B00GTAGYB4,5.0,1
B00ESAI2R6,5.0,1
B009BT6S6Q,5.0,1
B0096N8QMG,5.0,1
B00KHJVKG2,5.0,1
B00ES8E9BQ,5.0,1
B00FRI19NM,5.0,1
B00ES8BEKU,4.0,1
B00FRI3CNM,5.0,1
B009BTN198,5.0,1
B00ERYKD7A,4.0,1
B00GOKZOM4,5.0,1
B00KHVAOAS,5.0,1
B0096M8U4G,5.0,1
B00FRL88VU,5.0,1
B008YGD6EO,5.0,1
B00ERWXTWS,5.0,1
B009BV84IY,5.0,1
B00FLUDMP4,5.0,1
B009BYHMXY,4.0,1
B00ERZ9ZNC,4.0,1
B00GOKVC6G,4.0,1
B00KHVGXB2,5.0,1
B00ERQCBSM,5.0,1
B008UZEMLU,5.0,1
B00JXWCNCY,5.0,1
B008UZEM0G,5.0,1
B00EROQBIK,5.0,1
B00F1E7KE4,5.0,1
B00EROO0EC,5.0,1
B00GIA4YYO,5.0,1
B00ES0QIUY,4.0,1
B00GIA69S8,5.0,1
B00FRIZNG6,4.0,1
B00GTARR10,5.0,1
B0096MPZQ2,4.0,1
B00KC3CM6U,5.0,1
B00FRKLP52,5.0,1
B008YGD5VS,5.0,1
B00FRKMTRA,5.0,1
B00KHUYL7Q,5.0,1
B00GTASET4,5.0,1
B00F1D3SEQ,5.0,1
B00ES2EFHA,5.0,1
B009BUUJHE,5.0,1
B00ES28SKK,5.0,1
B00GTATTIE,5.0,1
B00GOLRRM8,5.0,1
B009BV1XH8,5.0,1
B00GTAZMX0,5.0,1
B00ES1F3VI,5.0,1
B008V1S6D8,5.0,1
B00KC361LM,5.0,1
B008V20RU2,5.0,1
B009BNE6XY,4.0,1
B00FRFIW8U,5.0,1
B009BNE7KG,5.0,1
B00F148JUI,5.0,1
B00GIEK80O,5.0,1
B00FLZ4VGS,5.0,1
B00JY0PC0U,4.0,1
B00FLZ3W7M,5.0,1
B00GTABG1W,5.0,1
B00FLZ3VVE,4.0,1
B0096RKC4W,5.0,1
B00GTABVTE,5.0,1
B00FRGFDG8,5.0,1
B0096QZLJY,4.0,1
B00K3DLBOI,5.0,1
B00FRGI2E8,5.0,1
B008V54K2K,5.0,1
B0096QZ1CQ,4.0,1
B00ESG3AWC,5.0,1
B0096QYIQQ,4.0,1
B00ESG38O2,5.0,1
B00ESGEDKK,5.0,1
B00F138GCK,5.0,1
B009BNE64I,5.0,1
B00FM0L2L4,4.0,1
B008YFVS8Q,5.0,1
B00GIF4S0Y,5.0,1
B00GIF3TT0,4.0,1
B00K3DKRQQ,5.0,1
B009BKYHEA,5.0,1
B009BMERM0,4.0,1
B00FM0KNN2,5.0,1
B009BMFU6M,4.0,1
B00KHHL21W,5.0,1
B00KHI3EKS,5.0,1
B00FLZLYOA,5.0,1
B0096SBVH8,5.0,1
B009BMFWBK,5.0,1
B00F113PHS,5.0,1
B00FLZBOB8,5.0,1
B009BMI1F4,5.0,1
B0096RVXKO,5.0,1
B009BMIC2Q,5.0,1
B00GTABAO0,5.0,1
B00KC3RYW2,5.0,1
B00ESG37LG,5.0,1
B00FLWLGGO,5.0,1
B0096PR9RC,4.0,1
B009BQMZHU,5.0,1
B00F1ATE8I,5.0,1
B00GOM7RH2,5.0,1
B00GOM5F2Q,4.0,1
B00ESE174W,5.0,1
B009BQRH28,5.0,1
B00F1ATEAG,5.0,1
B009BQVC2O,5.0,1
B00K3DMVMO,5.0,1
B00GTACMOW,5.0,1
B0096PTF9C,5.0,1
B00GTADBL0,5.0,1
B00ESCTJBW,5.0,1
B00ESBTGMU,5.0,1
B00GOM1YMG,5.0,1
B009BRB8OA,4.0,1
B00ESBPUIE,5.0,1
B00JXZN4CO,4.0,1
B00GTACLKM,5.0,1
B00ESEC8TA,5.0,1
B00F17K1V0,5.0,1
B008V4C8C0,5.0,1
B008V495QC,5.0,1
B009BOSYZE,5.0,1
B009BPE664,5.0,1
B00F17M78A,4.0,1
B00ESFQ71E,5.0,1
B00F1ASOFM,5.0,1
B00ESFBG7E,5.0,1
B00GOMDXR0,5.0,1
B00GOMUA4O,5.0,1
B00GTAC80A,5.0,1
B00ESEON84,5.0,1
B008V47DV6,4.0,1
B00FRHOXJK,5.0,1
B00K3DM41M,5.0,1
B0096PXE8K,4.0,1
B00FRHWNHE,5.0,1
B00JY0P5TI,4.0,1
B009BZSYI0,5.0,1
B00GTBJ3G6,5.0,1
B00FRVAEHQ,4.0,1
B008YGTE6I,5.0,1
B00JXLR4C4,5.0,1
B00KHYWU02,4.0,1
B00KC0BZJI,5.0,1
B00EQVJS84,4.0,1
B008UVNAOY,5.0,1
B009C99OIY,5.0,1
B0096EB4I8,5.0,1
B00F1TB752,5.0,1
B008UVCFLI,5.0,1
B009C9ABHM,5.0,1
B00EQUSDDG,5.0,1
B00F1U2S3G,5.0,1
B00F1U2UNO,5.0,1
B00F1WN32O,5.0,1
B00GI79YFG,5.0,1
B0096E2NFQ,5.0,1
B00EQTTE1C,5.0,1
B00JXK2XG2,5.0,1
B00GLHZHA4,5.0,1
B00GOHCRYU,5.0,1
B00FRRT7ZA,5.0,1
B00F1RFPA2,4.0,1
B008UWVVTO,5.0,1
B00KC2I2X8,5.0,1
B00JXO85TC,5.0,1
B0096EM7OS,5.0,1
B008UWT2KO,5.0,1
B00JXN43X0,5.0,1
B00F1RFP0W,4.0,1
B00JXN167G,5.0,1
B00KC23JLS,5.0,1
B0096EJC6Y,5.0,1
B00FRRPE4I,5.0,1
B00GOI6MAE,5.0,1
B0096EFHE0,4.0,1
B00FLKP3JM,5.0,1
B00FRRK9WK,5.0,1
B00K3E33C0,5.0,1
B00JXMAK0Q,5.0,1
B008UV5JES,4.0,1
B008YH6OO2,5.0,1
B00FRS0TC4,5.0,1
B00GLJVUJ4,4.0,1
B009CCB68C,4.0,1
B009CCBL0K,5.0,1
B008UUITIM,5.0,1
B00FRT3QCS,5.0,1
B00FRTBO4U,5.0,1
B00EQFP730,5.0,1
B0096DSPAE,5.0,1
B008YI6LXK,5.0,1
B009CD65QO,4.0,1
B009CDAH0Y,4.0,1
B00KBZ0SCO,5.0,1
B00FRTCZCU,4.0,1
B00FRUAHKQ,5.0,1
B00EQFNSWM,5.0,1
B008UU4VKW,5.0,1
B009CE4HWM,5.0,1
B009CEAWEY,5.0,1
B00FRUD0MI,5.0,1
B00FRUV0N4,5.0,1
B00F2003N2,5.0,1
B00FRSPIE8,5.0,1
B00F1Y8KSY,5.0,1
B00FRS12AM,5.0,1
B00EQQOWWQ,5.0,1
B00FRS8NEU,5.0,1
B00EQQI8FI,5.0,1
B00EQOQAUA,5.0,1
B00JXK2UGA,5.0,1
B00GOGWR6E,4.0,1
B00EQMHDBC,5.0,1
B00EQM5ZVC,5.0,1
B00EQGUEU0,5.0,1
B009CAL12U,5.0,1
B00EQLSX08,5.0,1
B008YH7JQ4,5.0,1
B00F1YNITU,5.0,1
B008UUMDP2,5.0,1
B009CBJ9MI,5.0,1
B00EQIOOS6,5.0,1
B00F1ZK9DW,4.0,1
B00EQHWKF6,5.0,1
B00GI79YL0,5.0,1
B00F1JFHBC,5.0,1
B00ERF811O,5.0,1
B0096LWQH4,4.0,1
B00F1JQFEU,5.0,1
B00F1KH08Y,5.0,1
B008UYP4IQ,5.0,1
B00GIA2TC8,5.0,1
B00GIA2CAC,4.0,1
B0096L1YNG,5.0,1
B0096KBYD2,5.0,1
B00F1KKO96,5.0,1
B0096JVPNW,5.0,1
B009C5Z6TO,5.0,1
B009C6G020,4.0,1
B00FRMW04A,5.0,1
B009C6G2SW,5.0,1
B00FROK1EE,5.0,1
B00GOJ9L7O,4.0,1
B00KC32NQ4,5.0,1
B00JXS6VXA,5.0,1
B00FLQYJBO,4.0,1
B0096M810E,5.0,1
B00F1GG48A,5.0,1
B009BZZH76,4.0,1
B00FLUCTU8,5.0,1
B009C0GFX0,5.0,1
B00ERIOFZ2,5.0,1
B009C2QDF8,4.0,1
B00ERGKL70,5.0,1
B00FRLP8TA,4.0,1
B00F1HO0L2,5.0,1
B009C3HM8O,5.0,1
B00GOJJKWU,5.0,1
B00ERG3BQS,5.0,1
B009C3VIGG,5.0,1
B00FRLI1QM,5.0,1
B00FRLKGLA,5.0,1
B00F1HU1K6,5.0,1
B00GTBZ99Q,5.0,1
B00GOJHE8W,5.0,1
B008UZ4GO8,5.0,1
B009C6G5XY,5.0,1
B008UY8VRW,5.0,1
B00KHY5AI6,4.0,1
B008UX1KE4,5.0,1
B00GI8D1W2,5.0,1
B00FRPFN14,5.0,1
B00F1ORW38,5.0,1
B00FRPGCQY,5.0,1
B00ER8VLNQ,5.0,1
B00F1OS5NY,5.0,1
B00ER8PMQI,5.0,1
B009C7IR48,5.0,1
B00FRPQ91M,5.0,1
B00F1QE8KQ,5.0,1
B00F1QTPQ8,5.0,1
B009C7R2BC,5.0,1
B008YGDB1W,5.0,1
B00FLOQVZ8,5.0,1
B00ER7ZY6C,4.0,1
B008YGDB80,5.0,1
B00EQZ71F2,4.0,1
B00GLGQ5P6,4.0,1
B008UWYYMA,5.0,1
B00F1MOE40,4.0,1
B00ERC04K8,5.0,1
B00ERBW11E,5.0,1
B00FROUDUQ,5.0,1
B00FROXH8Q,5.0,1
B00FLQYG6C,4.0,1
B00ERBDVXQ,5.0,1
B009C6G6Z6,4.0,1
B00KC2O44E,5.0,1
B008UXXMY0,5.0,1
B00FRP03JG,5.0,1
B008UXRPKW,5.0,1
B00GLGK2YQ,5.0,1
B008YGD8YW,5.0,1
B00FRPDJNI,5.0,1
B00ERB80U0,5.0,1
B00FRPEG5S,5.0,1
B0096HXXZM,5.0,1
B00FLQNGYU,5.0,1
B00ERADHZE,5.0,1
B00GTBZNQA,5.0,1
B00FLQL6S8,5.0,1
B00ER922SI,5.0,1
B00975BC5G,4.0,1
B009909F4Y,5.0,1
B00K10JQI6,5.0,1
B0099189P4,5.0,1
B00FOGY6NM,5.0,1
B00991F3DK,5.0,1
B00FNFKO4O,5.0,1
B008XVKJOK,4.0,1
B008X5078Y,5.0,1
B00EXF2ULK,5.0,1
B00FOGY73Q,5.0,1
B008X4FZKU,4.0,1
B00FOGY8US,4.0,1
B00991SNVY,5.0,1
B00GQTE0LY,5.0,1
B00K0YKCJ0,5.0,1
B00FOGY9EI,5.0,1
B008XVY2CA,5.0,1
B0097TUQY0,5.0,1
B00FOGY5EC,5.0,1
B00EYG6YNS,5.0,1
B00EXJIFTW,5.0,1
B00FOGXYQW,5.0,1
B00K24ZBB2,5.0,1
B00FOGXYZ8,5.0,1
B00KDY9QRG,5.0,1
B00K2501KM,4.0,1
B00FOGXZ7K,5.0,1
B00FOGXZRU,5.0,1
B00FOGY0L0,5.0,1
B00FOGY0YC,5.0,1
B00990BWKO,5.0,1
B00EXHLGLS,5.0,1
B00FOGY2XG,5.0,1
B00FNFZI6S,5.0,1
B008X5I56A,5.0,1
B00KDZEBMU,5.0,1
B00FOGYA56,5.0,1
B00FOGYB3C,4.0,1
B00FOGYCIQ,5.0,1
B008XWWKRS,5.0,1
B00FOGYEVQ,5.0,1
B00FOGYFKQ,5.0,1
B00FOGYGZK,4.0,1
B00FN9P346,4.0,1
B008X3PEBG,5.0,1
B00FOGYKY2,4.0,1
B00993CHKA,5.0,1
B0097S9EWG,5.0,1
B008XWVM9K,4.0,1
B00EX6FYG2,5.0,1
B00EX5G2QO,5.0,1
B00EX5ELCG,4.0,1
B00993PL9O,4.0,1
B00993PMHA,5.0,1
B0097RPBBA,5.0,1
B00FN9OY4G,5.0,1
B00FOGYR18,5.0,1
B00FOGYS44,4.0,1
B0097SC2BQ,5.0,1
B00EYG72CU,4.0,1
B009935CYI,5.0,1
B00GJWN99W,5.0,1
B00EXDNJ44,4.0,1
B00EXD5JQ0,5.0,1
B00GP3VEY2,5.0,1
B00EXBROYM,5.0,1
B0097TFEOM,4.0,1
B0097SQ2RG,5.0,1
B00GP3RD1K,5.0,1
B008X3PF9C,5.0,1
B00KE5G5MI,5.0,1
B00GJVXJES,5.0,1
B00FOGYCNQ,5.0,1
B0097SI594,5.0,1
B00993AEW8,5.0,1
B0097SEQH4,5.0,1
B00EYDVN32,4.0,1
B00GJXT7CO,5.0,1
B00GP3J2ZU,5.0,1
B0098XVMJI,5.0,1
B0097U3SKI,5.0,1
B00FOGXEVW,5.0,1
B00FOGXFR0,5.0,1
B00FNGS72Y,5.0,1
B00GJYO1DS,5.0,1
B00FOGXGUG,5.0,1
B00KDL2YXM,5.0,1
B00EXJUXIS,5.0,1
B00EYCBZOU,5.0,1
B00FOGXI5O,5.0,1
B00KDLT17O,5.0,1
B00K245L4E,4.0,1
B00FOGXKGQ,5.0,1
B00EYCC1MU,5.0,1
B00KDLZTYS,5.0,1
B00EXJNGRI,4.0,1
B00GQPDMPS,5.0,1
B0098XVHUW,4.0,1
B00EXMQZ96,5.0,1
B0098X0OS8,5.0,1
B00EXOKWS4,5.0,1
B00GPB7ZPG,5.0,1
B0098X0ROY,5.0,1
B00FOGXD72,5.0,1
B0097UPFRC,5.0,1
B008X7D4CS,5.0,1
B008X7D1BW,5.0,1
B008X7CW4O,5.0,1
B0097UP978,5.0,1
B00FOGXEBC,5.0,1
B00EXKTO1O,5.0,1
B008X7C53M,5.0,1
B00GP6R27M,5.0,1
B008X7AZ6G,5.0,1
B00GP6AL9I,5.0,1
B00GQO5ZPO,4.0,1
B008X794MW,5.0,1
B008X78R0M,5.0,1
B00GQQAHGY,4.0,1
B00FOGXMR8,5.0,1
B00GJYHE3C,5.0,1
B008XUKSBU,4.0,1
B0097U3PE2,5.0,1
B00GJYDMGU,5.0,1
B008X6C0HY,5.0,1
B00FOGXVJW,5.0,1
B00GQS6F72,4.0,1
B00EXJLMYC,5.0,1
B00GQSAURI,5.0,1
B00GP4BUM2,5.0,1
B00EYCTFSI,5.0,1
B00FOGXVUG,4.0,1
B00KCVRDOI,5.0,1
B00EYDK5QS,5.0,1
B00FOGXW8C,5.0,1
B00FOGXWEG,5.0,1
B00GQSTGTG,5.0,1
B00FOGXXSQ,5.0,1
B00EYDK6VW,5.0,1
B00EXJJM94,5.0,1
B00FOGXY3U,5.0,1
B00GJYFGMS,5.0,1
B00FOGXSAE,5.0,1
B00EXJMGD8,5.0,1
B00GQQR2DU,5.0,1
B00K14C6FC,5.0,1
B00FOGXMTG,5.0,1
B00GP5N7RW,5.0,1
B0098ZISVQ,4.0,1
B00FOGXPRK,5.0,1
B00FOGXQUQ,5.0,1
B008X6L7YQ,5.0,1
B00GKPF1NK,5.0,1
B00K24JG4U,5.0,1
B00FOGXUCU,4.0,1
B00GQS6AO0,4.0,1
B00FOGXUWK,5.0,1
B00GQRCU86,5.0,1
B00GQRQSTI,5.0,1
B00EYCH7EM,5.0,1
B00FOGXV5Q,5.0,1
B00FOGXV9W,4.0,1
B00GQS6A0Y,4.0,1
B00FOGYTS4,5.0,1
B00FOGYV8M,5.0,1
B00FOGXCV4,5.0,1
B00EWN91K6,4.0,1
B00FOGZHU8,5.0,1
B00FOGZHUS,5.0,1
B00EWGXFXW,5.0,1
B00GJUR7B0,4.0,1
B0097OVDOW,5.0,1
B00EWGWD8A,5.0,1
B00K272PMM,5.0,1
B008X0KNXI,4.0,1
B00EWDSURQ,5.0,1
B00GKQY9RI,5.0,1
B00EWDNCMO,5.0,1
B0097OUQKE,5.0,1
B00EYOO18K,4.0,1
B009993HGC,5.0,1
B00EWDJBME,5.0,1
B00EWDBHLC,5.0,1
B00FOGZIHK,5.0,1
B00GJTX8UK,5.0,1
B00EWD8AJY,5.0,1
B00GR3A7RA,5.0,1
B00GJTU1Q4,4.0,1
B00FOGZIHU,5.0,1
B00KCU0ZHQ,5.0,1
B00EYNW6H4,5.0,1
B00998NRCM,5.0,1
B00EWH210E,4.0,1
B00998H7YQ,5.0,1
B00FOGZFR8,5.0,1
B008X0OFW8,5.0,1
B00EWLCLWI,5.0,1
B00GJVQT04,5.0,1
B00KCU1B42,4.0,1
B00K0T6ZMI,5.0,1
B00998FHTI,4.0,1
B0097OYC5O,5.0,1
B00GR1YDVS,5.0,1
B00EWH2IRA,4.0,1
B00EYN7CD2,5.0,1
B00GR2Y7AY,5.0,1
B00GR349HO,5.0,1
B00FN68P6W,5.0,1
B00GJVK1GM,4.0,1
B00EWJUKGE,4.0,1
B00K26C96K,5.0,1
B00EWIZ3EE,4.0,1
B00GJQOFI2,5.0,1
B00FOH0F4K,5.0,1
B00FOH03ME,5.0,1
B0099AKS86,5.0,1
B0097MWGUO,5.0,1
B00K0R8NWK,5.0,1
B00FOH07SE,5.0,1
B0099BGUBE,5.0,1
B00FOH0BB2,5.0,1
B0097MMLYK,5.0,1
B00EYPDZ3G,5.0,1
B00EYQ9PTI,5.0,1
B0097LIHCG,5.0,1
B00FOIR1XC,5.0,1
B00EW9EXQC,5.0,1
B00FOIR3P8,5.0,1
B00EYQT58O,5.0,1
B00EW9F1KY,4.0,1
B00FN5Y1HK,5.0,1
B008X0F3H4,5.0,1
B00999F67K,5.0,1
B00FOGZJHE,5.0,1
B00FOGZK4Q,5.0,1
B00FN67YFK,5.0,1
B00FOGZKEG,5.0,1
B00EYOO8VK,5.0,1
B00999JURW,5.0,1
B00GJQN7Q8,5.0,1
B00EW9XKC0,5.0,1
B00FOGZO1K,5.0,1
B00EYOOAVI,5.0,1
B00999K7VK,5.0,1
B008WYGJ7O,5.0,1
B00FN65UVK,5.0,1
B00FN61ZB4,5.0,1
B00EYOOD7Y,4.0,1
B00EW9RRVA,5.0,1
B00K0RW4Q6,5.0,1
B008WYFGIC,5.0,1
B00EWMG55Q,5.0,1
B00EWNCFUE,5.0,1
B00EYIBSEQ,5.0,1
B00FOGZFK0,5.0,1
B00FN8LAYY,5.0,1
B0097QFRQA,5.0,1
B00FOGZ51E,4.0,1
B00GQVZB0Q,5.0,1
B00FOGZ5E6,5.0,1
B00FOGZ5GY,5.0,1
B00FOGZ5SM,4.0,1
B00FOGZ6CM,5.0,1
B009957VOA,4.0,1
B00GP3A2YU,5.0,1
B0097PKS7O,4.0,1
B00GR0E00S,5.0,1
B00995K7RS,5.0,1
B00GJVVR5G,5.0,1
B008X212ZE,4.0,1
B00995YT2C,5.0,1
B0097PH3ZY,5.0,1
B00FOGZ6KY,5.0,1
B00EWSC1XU,5.0,1
B00FOGZ76C,5.0,1
B00FOGZ4V0,5.0,1
B008X2PXYA,5.0,1
B00FN930B4,5.0,1
B00EWX42R8,4.0,1
B008XWXLH6,4.0,1
B00FOGYXA8,5.0,1
B00EX27KJA,5.0,1
B00EWYJN0S,5.0,1
B008X3LJ10,4.0,1
B00EWXBFV4,4.0,1
B00FN9OPY0,4.0,1
B00FOGZ2XK,5.0,1
B00EYIQ2Z6,5.0,1
B00993T7A8,4.0,1
B00EWWLM18,5.0,1
B00EWUILGY,5.0,1
B00FN9OKB8,5.0,1
B00EWTQQ7G,5.0,1
B008XWXS1A,5.0,1
B00EWTPRC6,5.0,1
B00EWT5474,5.0,1
B00GQV7VMM,4.0,1
B00FOGZ4TC,4.0,1
B00EYLE7E6,5.0,1
B00EWQALX4,5.0,1
B00EYLP0SS,5.0,1
B0097OZ65Y,5.0,1
B00K0TEF8E,5.0,1
B00FOGZCT4,5.0,1
B00KCV45P8,5.0,1
B00FOGZDAW,5.0,1
B00EWNOK98,5.0,1
B0097OZH58,5.0,1
B00FOGZDCA,5.0,1
B00K0T75KY,5.0,1
B0097P16AM,5.0,1
B00EWNOK4S,5.0,1
B00K0T73ZQ,4.0,1
B00GJVRY9Y,5.0,1
B00GP3A27C,4.0,1
B0097OYK5G,5.0,1
B00EWNOJS0,5.0,1
B00K0T72IE,5.0,1
B00FOGZC58,5.0,1
B00EYLTHEG,5.0,1
B00996MF7M,4.0,1
B00EWQ7IHQ,5.0,1
B00EWPSKAQ,5.0,1
B00EWOUPLE,5.0,1
B00FOGZ9JC,5.0,1
B00EWOQCV6,5.0,1
B008X1KBT8,4.0,1
B00FN7MJDG,5.0,1
B008X1HV1O,5.0,1
B00EWO96IM,5.0,1
B008X15G3E,5.0,1
B00FOGZAFA,5.0,1
B0097P4MBW,5.0,1
B00EWO7YEK,5.0,1
B00KEBAJL0,5.0,1
B00EWNR83I,5.0,1
B008X103QE,4.0,1
B008X7LKD8,5.0,1
B00FOGXCD2,5.0,1
B00GKHIKS6,4.0,1
B00GK9JI5S,5.0,1
B00EXUJV8U,5.0,1
B00FO04GTC,4.0,1
B00FO05556,5.0,1
B00FO2101M,5.0,1
B00FO5OIEK,4.0,1
B00GPI0Y48,5.0,1
B009847QOC,5.0,1
B00FNLLGFY,5.0,1
B00EY6UTQG,5.0,1
B00FO5UQKK,5.0,1
B008XHZ66U,5.0,1
B008XHWY6K,5.0,1
B0098M9JO4,5.0,1
B00GPGW1NM,5.0,1
B00GPSHKSQ,5.0,1
B0098MWO0A,5.0,1
B00GPQL6HY,5.0,1
B008XMXNQA,5.0,1
B008XJBB9O,5.0,1
B008XMPZFW,5.0,1
B00GPIQL18,5.0,1
B00985TJE6,5.0,1
B00EXV0YBW,5.0,1
B008XKBCJC,5.0,1
B00GKA4K0A,4.0,1
B00EY6RSXS,5.0,1
B00FNWU9V0,5.0,1
B008XKA4SC,5.0,1
B00GPP5HVQ,5.0,1
B00EY6UF06,5.0,1
B00FO02D38,5.0,1
B008XK4VOA,5.0,1
B0098596T4,5.0,1
B008XMW44W,5.0,1
B00984TFFK,5.0,1
B00GKHNTH8,5.0,1
B008XJK0XM,5.0,1
B00FO01LFO,5.0,1
B00FNKTETA,5.0,1
B00GK7QZ7O,5.0,1
B00980OJHI,4.0,1
B00GK7LRAE,5.0,1
B00GK7LQ6Y,5.0,1
B00EXRZFR4,5.0,1
B00FO9EAK8,5.0,1
B00FO9Z7FK,4.0,1
B009815WNC,5.0,1
B0098OSJCU,4.0,1
B0098P7WJU,5.0,1
B00EXRI87S,4.0,1
B00EXR67AI,5.0,1
B00FOAGRIA,4.0,1
B00EXS7YNQ,4.0,1
B00EXQXEFK,5.0,1
B00EXQSHWA,5.0,1
B00980L9SK,5.0,1
B00GK6RV6O,5.0,1
B008XNPG28,5.0,1
B00GK6K7UQ,5.0,1
B00FNJLK16,5.0,1
B00FOANK58,4.0,1
B0098PT6N0,5.0,1
B00EXS75GW,5.0,1
B00GPSWHX4,4.0,1
B0098N6V0I,5.0,1
B00GPEJ51K,4.0,1
B00FNKHIIO,5.0,1
B00GK7QT7A,5.0,1
B00FO7L6RU,4.0,1
B0098N94S4,5.0,1
B00GPGJZ4K,5.0,1
B008XN0CG8,5.0,1
B00EXUD7Q2,5.0,1
B00GK7M47O,5.0,1
B00GK7M0UK,5.0,1
B00FO83Y1K,5.0,1
B00EXU9WXY,4.0,1
B00EXTYS70,5.0,1
B00EXT3O1G,4.0,1
B00EXSA2GM,5.0,1
B00GPE6LWG,5.0,1
B00983LHWA,5.0,1
B00GK7LTSE,5.0,1
B0098OO9XI,5.0,1
B0098JS4A2,5.0,1
B00EXQ1WM2,5.0,1
B00FNWRIRS,5.0,1
B00K1KHWNM,5.0,1
B00EXW7HUC,5.0,1
B0098ASHOO,5.0,1
B00GKH9N82,4.0,1
B00FNV16HW,5.0,1
B00GPMZI2W,4.0,1
B008XLGNUO,5.0,1
B00987P7X6,4.0,1
B008XM5FKM,4.0,1
B00FNV8AQC,4.0,1
B00987P7WC,5.0,1
B00EY0O31E,5.0,1
B0098BXI56,5.0,1
B0098CWVY4,5.0,1
B0098D8SKY,5.0,1
B0098DNTOY,4.0,1
B0098E4VRC,5.0,1
B0098E7DQ8,5.0,1
B0098F2Q5K,5.0,1
B00EXW700Y,5.0,1
B0098FK3CI,5.0,1
B00GKH9PO4,5.0,1
B00FNU8XBK,5.0,1
B00FNTV2B4,4.0,1
B008XLVC2S,5.0,1
B00EXY353I,5.0,1
B00988HWQ0,5.0,1
B00EXY1Z8U,4.0,1
B009892UK2,5.0,1
B009895GBM,5.0,1
B00GKHC870,5.0,1
B008XM0IO0,5.0,1
B00FNS62KG,5.0,1
B00GKHE0H6,5.0,1
B00987PZS8,5.0,1
B00FNS8PI8,4.0,1
B00FNR45G0,5.0,1
B00FNQVTY2,5.0,1
B00989M1CE,5.0,1
B00987SAGM,5.0,1
B00GPMYGY8,4.0,1
B00KCWRI6U,5.0,1
B00GPJOOAM,4.0,1
B00EXW62CQ,5.0,1
B00EXW5ZQU,5.0,1
B00986QHOU,5.0,1
B008XMIVXU,4.0,1
B00986QL0K,5.0,1
B00EXW39U4,5.0,1
B00986QK9W,4.0,1
B0098HX07G,5.0,1
B0098I315Q,4.0,1
B00986QIZI,5.0,1
B00986QI3U,5.0,1
B00EXW38WI,5.0,1
B00FNVXC42,5.0,1
B0098JLSIW,5.0,1
B00EY2ZZHI,5.0,1
B00GPJ7CAQ,4.0,1
B00EXW1RMQ,5.0,1
B00GKDAVAA,5.0,1
B00GKCN9SC,5.0,1
B00GKC9JT0,5.0,1
B00KCX7OVS,5.0,1
B008XKC5FW,5.0,1
B00986QHDQ,5.0,1
B00FNON4DI,5.0,1
B00EY550TI,5.0,1
B008XKVIA0,5.0,1
B00FNVOC5K,4.0,1
B008XLDJNI,5.0,1
B009870IOO,5.0,1
B0098G5124,5.0,1
B00EXW5X8U,5.0,1
B008XLDJCY,5.0,1
B00EXW52UE,5.0,1
B00GKHE84G,4.0,1
B008XLDIOI,5.0,1
B008XLCY02,5.0,1
B00EY1EW3M,5.0,1
B008XL7KF6,5.0,1
B008XL521A,5.0,1
B00GKHFXTK,5.0,1
B00EXW3ZOY,5.0,1
B0098GO0Y4,5.0,1
B00EXQ1ONO,5.0,1
B00FOGXBZQ,5.0,1
B008XCFLU6,5.0,1
B0098SIFDO,5.0,1
B00FOGX1OM,5.0,1
B00K19CYVI,5.0,1
B00FOGX25A,5.0,1
B0097VERVG,5.0,1
B00GKO9704,5.0,1
B00GKP8NN0,5.0,1
B00K19CY9A,5.0,1
B00K1WRPBO,4.0,1
B008XB75FQ,5.0,1
B00GJZQB26,5.0,1
B008XPOVD6,5.0,1
B00FOGX3HC,5.0,1
B008XQO7WA,5.0,1
B0098T9BA4,5.0,1
B00FOGX3PO,5.0,1
B00GKPBIYG,5.0,1
B00GQIEWU4,5.0,1
B00FOGX3QI,5.0,1
B008XBD56O,4.0,1
B00GK3R4U0,5.0,1
B008XCE198,5.0,1
B00GQ3J68M,5.0,1
B00GK4SGLU,5.0,1
B00GK4IGJ2,5.0,1
B00GKLZN32,4.0,1
B0097W86SU,5.0,1
B008XC51VU,5.0,1
B00GQCUF92,5.0,1
B0098S2NA0,5.0,1
B00GPBI9LK,5.0,1
B0098SIDY0,5.0,1
B008XOZMK8,5.0,1
B00FOGWXWI,5.0,1
B00FOGWZZ8,5.0,1
B00FOGX0XE,5.0,1
B00GK3LE9W,5.0,1
B00FNGYI36,5.0,1
B00GQGAHIW,5.0,1
B00FOGX16K,5.0,1
B00FOGX1HE,5.0,1
B00GKNC8LA,5.0,1
B0097VKT2C,5.0,1
B00FOGX3Z4,5.0,1
B00K18NS9G,5.0,1
B00GQK2Q9Q,5.0,1
B00GQNOJB6,5.0,1
B00EXPVQEC,5.0,1
B008X9BYP0,5.0,1
B00FOGX94O,5.0,1
B00EXPUS9G,5.0,1
B00EXPTAHM,5.0,1
B0098W51FA,5.0,1
B0098WDZB2,5.0,1
B00FOGXA2A,5.0,1
B00EXPSUG4,5.0,1
B00FOGX6VU,5.0,1
B00EXPSOYW,5.0,1
B0097UPP7W,5.0,1
B00EXPSDBQ,5.0,1
B008X8MTDW,5.0,1
B00FOGXAC0,5.0,1
B00FOGXAPC,4.0,1
B00GPB80B4,5.0,1
B00KDIM5TI,4.0,1
B00GPB8S0W,5.0,1
B008XAPEIW,5.0,1
B00K17I57C,4.0,1
B008XAN4LQ,4.0,1
B00GQMA74A,5.0,1
B00GPB8YGU,5.0,1
B008XQS2CG,5.0,1
B00K17WSYI,4.0,1
B00GQMSB2K,5.0,1
B00EXPXRFI,5.0,1
B0098VBNA8,5.0,1
B00EXPVZHK,5.0,1
B00EXPXM9Y,5.0,1
B00FNGS9Y0,5.0,1
B00K167JMK,5.0,1
B00EXPXAOQ,5.0,1
B008XRIX6U,5.0,1
B00GQND692,5.0,1
B00GQNIFKW,5.0,1
B0098W1HK8,4.0,1
B008XOPEI8,4.0,1
B00FOGWT9A,5.0,1
B0098S0CO4,5.0,1
B008XGSIJS,5.0,1
B00GPCD00E,5.0,1
B00GPWHS70,5.0,1
B00FOC37OU,5.0,1
B0098QMRGC,5.0,1
B00FOCOXZW,5.0,1
B00GPWOT86,5.0,1
B00GPWXBX0,5.0,1
B00GK5ZE8W,5.0,1
B00KD2HCUQ,5.0,1
B00K1F3KJM,4.0,1
B008XFKF90,5.0,1
B00GK5WP2A,5.0,1
B008XFEULO,5.0,1
B008XFD31M,5.0,1
B00FNJ017K,5.0,1
B00KD3GSQ4,5.0,1
B008XFBCKQ,5.0,1
B00FNIZAWW,4.0,1
B00FNIX8OY,5.0,1
B00GPWDV0S,5.0,1
B00GPW0944,5.0,1
B00GPUNUAQ,5.0,1
B00EY8E9OC,4.0,1
B00GK6IFGO,4.0,1
B00KCWDSW8,5.0,1
B00FNJBT6W,5.0,1
B00EXPZSKA,5.0,1
B00FNJBOHQ,5.0,1
B0098QGGBO,4.0,1
B0098QIQ8A,5.0,1
B008XHCKJG,4.0,1
B00GPU2RIM,5.0,1
B00FNJBADE,5.0,1
B008XHCMZI,4.0,1
B00GK61YUS,5.0,1
B00GPUAHZC,5.0,1
B00FNJA4S6,4.0,1
B00K1SJS4A,4.0,1
B00FNJ9KB8,5.0,1
B00GK60IHI,5.0,1
B00FNJ8F0U,4.0,1
B00GKL9R52,5.0,1
B00GPBO180,5.0,1
B008XOKQYK,5.0,1
B00FOGWS5A,5.0,1
B008XCYIJG,5.0,1
B008XCYCAQ,5.0,1
B008XCW2RG,5.0,1
B00K1WDQBW,5.0,1
B0098RB8TI,5.0,1
B0097W8RCU,5.0,1
B008XOC9RW,5.0,1
B00KD9T8EC,4.0,1
B00FOGWQLG,5.0,1
B00GQ18YYG,5.0,1
B008XCNB5S,5.0,1
B00GQ1WGFO,5.0,1
B00FOGWT04,5.0,1
B008XCHOWO,5.0,1
B0098RFOOS,5.0,1
B00FNGZ70Y,5.0,1
B0098RIMGK,5.0,1
B00EXPY7NY,5.0,1
B00FOGWRNI,4.0,1
B0098QVTYS,5.0,1
B0097WU7SW,5.0,1
B00KD61P82,5.0,1
B008XO8MNM,5.0,1
B00FODR0P6,5.0,1
B008XE2WNI,4.0,1
B00KD7L2S4,5.0,1
B00K1V33YI,5.0,1
B00FOFXHWO,5.0,1
B00GK5QTPY,5.0,1
B00FOFZUX8,5.0,1
B00GK5BS0A,5.0,1
B008XOAJNI,5.0,1
B00FNHQS1K,5.0,1
B0097WHACI,4.0,1
B00GPYPP9G,4.0,1
B00GPBMDL2,5.0,1
B00GPYX1R4,4.0,1
B00EY8QQQG,5.0,1
B00FOGSYDK,5.0,1
B008XDHIPG,5.0,1
B00EXPZJP4,5.0,1
B00EW96U0E,5.0,1
B009AISVEA,4.0,1
B00GS87C9K,5.0,1
B00K04R3BK,5.0,1
B008VZJE44,4.0,1
B00K012LLA,5.0,1
B00GJ7KCH4,5.0,1
B00GJ6HYJ4,5.0,1
B00JZZU9HK,5.0,1
B00GJ5UA1O,5.0,1
B00EV7H16E,5.0,1
B008VYYP3K,5.0,1
B00GJ5BSLU,5.0,1
B008Y3K2BW,4.0,1
B00GS8GING,5.0,1
B00FPLGBBG,4.0,1
B009A3SY8S,5.0,1
B009A3T35G,5.0,1
B00EV7CZGU,5.0,1
B00FPMIHJY,5.0,1
B00GS83500,5.0,1
B008VZN7FG,4.0,1
B00FMYTPDW,5.0,1
B00FPKX29Q,5.0,1
B00EV8FYKS,5.0,1
B00K06313M,5.0,1
B009A3M6KA,5.0,1
B00FMZOPMW,5.0,1
B00GJ7WRH2,5.0,1
B009A3SLPE,5.0,1
B00FPKXNFY,5.0,1
B00GJ7T6Y4,5.0,1
B008W0Y8VC,5.0,1
B009A3SMXA,5.0,1
B00GP2BEHA,4.0,1
B00FMYHWZA,5.0,1
B008Y3JU10,5.0,1
B009A3SM9E,5.0,1
B00EZICVA0,5.0,1
B008W0FPO6,4.0,1
B00EV7I1VS,5.0,1
B00FPL9VCC,5.0,1
B009A4N1GW,5.0,1
B00FPO003S,5.0,1
B00FMWW93C,4.0,1
B00EZL8AL6,5.0,1
B009A7304M,5.0,1
B00FMW5L3M,5.0,1
B009A745LE,5.0,1
B00FMW1YN8,5.0,1
B00FPOJGMO,5.0,1
B009A88T2E,5.0,1
B00FPOLXO8,5.0,1
B00FPOQHLM,5.0,1
B008VX3OYW,5.0,1
B009A8D6PY,5.0,1
B009A8DQMW,5.0,1
B009A8F18O,4.0,1
B009A8G79G,5.0,1
B00EZKBAZU,5.0,1
B009A4YRK6,5.0,1
B00JZYT5PI,5.0,1
B009A57LHG,5.0,1
B009A58WJW,5.0,1
B00979RBZM,4.0,1
B00FPMMO52,4.0,1
B00EV65MD4,5.0,1
B009A5B97O,5.0,1
B009A66JNW,4.0,1
B00EZJNDVA,4.0,1
B00JZYJVIE,4.0,1
B00FPMPUJO,5.0,1
B00JZY7S0M,5.0,1
B00GS8U7WE,5.0,1
B00GS8YK54,5.0,1
B00GL4YWKS,5.0,1
B00FPNSZD6,5.0,1
B00GL51CBO,5.0,1
B00GS7YYZ6,5.0,1
B00EZI99KA,5.0,1
B00JZX4RCU,5.0,1
B00FPKX1K6,5.0,1
B00EVBYBK4,4.0,1
B0097C8NAG,5.0,1
B00GL1YULM,5.0,1
B00GJAMSG4,5.0,1
B00GL1YUNK,5.0,1
B0097C7JSI,4.0,1
B00EVBO9EW,5.0,1
B00EVBJZX2,4.0,1
B00GJACL9S,5.0,1
B00EVBHX1I,5.0,1
B00FPIWUNM,5.0,1
B008Y2SRL0,5.0,1
B00EVB5478,5.0,1
B00GJA2DCI,4.0,1
B00GL1YUQW,4.0,1
B00EZCL3PU,5.0,1
B00FPIWV8Q,4.0,1
B00FN0NLL2,5.0,1
B009A0VP96,5.0,1
B009A0VS1Q,5.0,1
B0097C2YZG,5.0,1
B0097C08D6,5.0,1
B009A0VLHW,4.0,1
B00KFBOJL0,4.0,1
B00EVCPH38,5.0,1
B00FN2LKKE,5.0,1
B008W6TKB4,4.0,1
B00EZB5YII,5.0,1
B008W5W1TI,5.0,1
B0097CR5PK,5.0,1
B008W5UUAA,5.0,1
B00EZB8HD2,5.0,1
B00EZBZ0HS,5.0,1
B00GJANQW4,5.0,1
B00GKZXQP0,5.0,1
B008W4F47U,5.0,1
B00GJAOKCY,4.0,1
B00FN2JSBW,5.0,1
B00K08DUJ0,5.0,1
B00FPHWLCI,4.0,1
B00GJAO47U,5.0,1
B00EZC8ZTC,4.0,1
B00EZD0RD8,5.0,1
B00GL2CN7Y,5.0,1
B00FPIXNOW,5.0,1
B00EV8G4YI,5.0,1
B0097ATVJ0,5.0,1
B00FPJ0X62,5.0,1
B00EZDQGLU,5.0,1
B00FN07CQC,5.0,1
B009A33S0W,5.0,1
B00GJ8GVZ0,5.0,1
B00EZF0YWK,5.0,1
B00EZF4Z6G,5.0,1
B00GJ8BOXY,5.0,1
B00GS7HJTO,5.0,1
B008W2FX4G,4.0,1
B009A349EQ,5.0,1
B00GP2BHYU,5.0,1
B00EZDNKA0,4.0,1
B0097B3WJE,4.0,1
B00FPIX6BM,4.0,1
B00EV8GJ2K,4.0,1
B00K06HM64,5.0,1
B00EZDHRL8,5.0,1
B00GJ9X5VM,5.0,1
B00EVB35XS,4.0,1
B00GL2ZTWU,5.0,1
B00GS5WPO0,5.0,1
B00FN09PXK,5.0,1
B00GS6Y9UM,5.0,1
B00GJ9WZP4,5.0,1
B00KCKD2NA,4.0,1
B00EZDKTP4,4.0,1
B00EV8GCRM,5.0,1
B0097B8AD2,5.0,1
B00GJ9P18W,4.0,1
B00EZDL098,5.0,1
B0097D6U1O,5.0,1
B009AG1C6G,4.0,1
B008Y5AE0E,5.0,1
B008VV4RSG,5.0,1
B009AG94R0,5.0,1
B00GJ2EK18,5.0,1
B008VV4MVS,5.0,1
B00FQ0GN5K,4.0,1
B009AG9XDK,5.0,1
B00FQ0GU3K,4.0,1
B00EZMI0NI,5.0,1
B009789JHQ,5.0,1
B00EZMI2B8,5.0,1
B00EUUCFRM,5.0,1
B009AGEJO8,5.0,1
B00KFW2ZBA,5.0,1
B00EUU9L9M,4.0,1
B009AGH5JY,5.0,1
B009AGH9MW,5.0,1
B00EUTS0W2,5.0,1
B009AGJD0S,5.0,1
B009783UOY,4.0,1
B00EUTH2KS,5.0,1
B00FQ0HXFO,5.0,1
B00EUT7D5M,5.0,1
B00EUUPIBM,5.0,1
B00EUUQZXM,5.0,1
B00EUVMD96,4.0,1
B00GJ2IR44,5.0,1
B009AG1D3S,4.0,1
B008Y549RS,5.0,1
B008VVGNH4,5.0,1
B009AG1F6I,5.0,1
B008VVFCP8,5.0,1
B00KFUB842,5.0,1
B00EUVOPU6,5.0,1
B009AG1IVK,5.0,1
B00GP1H1V4,4.0,1
B009AG6WHA,5.0,1
B00KFVX2EU,5.0,1
B00EUVLB76,4.0,1
B00EUVK6OU,4.0,1
B00FPZRNYQ,5.0,1
B009AG5TYM,5.0,1
B009791LIA,5.0,1
B00EZMOPMI,4.0,1
B009AGPRZI,4.0,1
B00EZQPTH4,5.0,1
B00FQ1I17M,5.0,1
B009AHBNIW,5.0,1
B00FQ20EX0,5.0,1
B009AHC7VY,5.0,1
B009AHCEOY,5.0,1
B009AHGLT8,5.0,1
B009AHOIAW,4.0,1
B009AHSIRG,5.0,1
B00KCD3UK2,4.0,1
B00KFWI5A0,5.0,1
B00EUS6R82,5.0,1
B00976FYTA,5.0,1
B009AI9EZK,5.0,1
B00EURH36I,5.0,1
B00EUPTU3O,5.0,1
B00GSCUC20,5.0,1
B008VUOHN2,5.0,1
B00EZQNPDO,4.0,1
B00FQ1H81M,5.0,1
B009AGRP76,5.0,1
B00FQ0UEGO,5.0,1
B00KCDXDJK,5.0,1
B00FQ0TKD2,5.0,1
B00EUT2PGE,5.0,1
B00K2SM42C,5.0,1
B008VV2JTK,5.0,1
B009AGURKI,5.0,1
B00GSCIHCW,4.0,1
B00GSCJSDY,5.0,1
B00EZQG5GS,5.0,1
B00GJ2DZUU,5.0,1
B00FMRWK1I,5.0,1
B008VV0AEQ,5.0,1
B009AGX5C0,5.0,1
B009AGYYOI,5.0,1
B00FQ17FGA,4.0,1
B00JZNGQXS,5.0,1
B008VUZUNS,5.0,1
B008VUY1AG,5.0,1
B00JZKWO14,5.0,1
B00EUSBWOQ,4.0,1
B00GP1O1QW,5.0,1
B009A8INCU,4.0,1
B009AG1BIU,5.0,1
B00EV2NFE6,5.0,1
B00GJ3JMM4,4.0,1
B00FPRE2WU,4.0,1
B008VWW1YM,5.0,1
B00EZLBAGS,5.0,1
B00GJ39KNA,5.0,1
B009ACAQIA,5.0,1
B00EV1LN8W,5.0,1
B00EV1LA9Y,5.0,1
B008VWVQY8,5.0,1
B00EZLEM3Q,5.0,1
B00K2KXMHG,5.0,1
B00GSAF3HQ,4.0,1
B00FMVS3BU,5.0,1
B009ACJD2K,5.0,1
B00JZRJPF0,4.0,1
B00FMVS2C0,4.0,1
B00KCEZGW6,4.0,1
B00EV1L3PK,4.0,1
B00EV1BOPO,5.0,1
B008VWGJ54,5.0,1
B008VWXOPC,5.0,1
B00FMVU9CQ,5.0,1
B00JZTX3II,5.0,1
B009A8IQTK,5.0,1
B009A8MAZG,5.0,1
B009A8N1MC,5.0,1
B00EV4JKWK,5.0,1
B00EV49OGC,5.0,1
B009A8O0ZO,5.0,1
B00EV3VR2M,5.0,1
B00EV3U2MI,5.0,1
B009A8ZDR8,4.0,1
B00EV3L40C,5.0,1
B009ABW4IQ,5.0,1
B00FPP9ER0,5.0,1
B00EV3I4HS,5.0,1
B00EV3FZBQ,4.0,1
B008Y45XOC,5.0,1
B00FPPP2TY,5.0,1
B00EV2Y5W2,5.0,1
B00KFQ2YQC,5.0,1
B00FPPT0OC,5.0,1
B00EV0TB9G,5.0,1
B008VWANLK,5.0,1
B009AD682W,4.0,1
B00FPWFRU6,5.0,1
B00FMVRWNU,5.0,1
B00KFTI8FK,5.0,1
B00FMVRGCW,5.0,1
B00GJ2YPSG,5.0,1
B009AEMDSO,5.0,1
B00FMVOQZW,5.0,1
B009AEQM7M,5.0,1
B009AEVHVI,5.0,1
B00EUYGDE4,5.0,1
B00FPXFTG2,4.0,1
B00FPWBM5U,5.0,1
B00JZO2KBO,5.0,1
B00EZLOIC6,5.0,1
B00EUXOY6Y,4.0,1
B00FMVOMPQ,5.0,1
B009AFI6DO,5.0,1
B0097928UU,5.0,1
B009AG05AK,5.0,1
B00EUW4802,4.0,1
B008VVRK5I,4.0,1
B00EZLHQUC,5.0,1
B009AE4VA2,5.0,1
B008VW9NT8,5.0,1
B008VVZP3W,5.0,1
B00EZLIXAY,5.0,1
B00EV00TEM,5.0,1
B008Y4NJLG,5.0,1
B009ADXMAS,5.0,1
B00GSB4Y52,5.0,1
B00EUZUAUG,5.0,1
B00KFSXUAO,4.0,1
B009AEE18Y,5.0,1
B00EZLK2BW,4.0,1
B009AEF5C0,5.0,1
B00EUZAXBM,5.0,1
B00EZAV2NU,5.0,1
B00K08FNDG,5.0,1
B00EYQUF7E,5.0,1
B008WMNSG6,5.0,1
B00EVZH62K,5.0,1
B00FOQW846,5.0,1
B00GRI2048,4.0,1
B00GRI34FW,5.0,1
B00EYYPF2G,5.0,1
B00GRI73FY,4.0,1
B00GKTV1YO,5.0,1
B008WIDVTO,5.0,1
B00GJFSM28,5.0,1
B008WIC18Q,5.0,1
B008Y0GO8K,5.0,1
B008WIBZVU,5.0,1
B00GRI7BFG,5.0,1
B00EYZ4J6I,4.0,1
B008WIBY0C,5.0,1
B00GRIX1E6,4.0,1
B00KEKS0TO,5.0,1
B00EVXYR9W,4.0,1
B0097H8F8G,5.0,1
B00FOQ13QK,5.0,1
B00EVZUEW4,4.0,1
B008WJ7DQ0,5.0,1
B0099L2MDO,5.0,1
B00GRI0DPQ,5.0,1
B00FOLORI6,5.0,1
B008WMMZVK,4.0,1
B00GRI0KHC,5.0,1
B00GRI0NME,4.0,1
B00KCRSR4C,5.0,1
B008WME3S8,4.0,1
B00EYY2VTG,4.0,1
B008WM6JS0,5.0,1
B00FOMHNGS,5.0,1
B008WLXH36,5.0,1
B00GKTUSB6,5.0,1
B008WLS61Y,5.0,1
B00EYXMALG,5.0,1
B0097I43IG,5.0,1
B00EW0ZXEC,4.0,1
B00EW0ZHM0,5.0,1
B0099L45GQ,4.0,1
B00EW0BZPI,5.0,1
B008WIBX4E,5.0,1
B00FOR4C4E,5.0,1
B00GRKUQ60,5.0,1
B00FORWTWG,5.0,1
B00EYZY6HK,5.0,1
B008Y0O9BE,5.0,1
B00EZ0ADOO,5.0,1
B00EZ0AL28,5.0,1
B00EZ0AMB8,5.0,1
B008WH6AM0,4.0,1
B008Y0Z4ZE,5.0,1
B008Y11DIA,5.0,1
B008WH5WTW,5.0,1
B00EZ0ARYA,4.0,1
B00EZ158NO,4.0,1
B00FN4QXUO,5.0,1
B00FN4QV5G,5.0,1
B0097G885W,5.0,1
B00FORWXEU,4.0,1
B00FOS9E50,5.0,1
B00GJDID6U,5.0,1
B008WGVMRY,5.0,1
B008WGRAPM,5.0,1
B00EVW3654,4.0,1
B00K0LUGKI,5.0,1
B0099LCP7M,4.0,1
B00FOR61FW,5.0,1
B00KEOO6HK,5.0,1
B00EVWSKSW,5.0,1
B0097H0LY2,5.0,1
B00FOR6VG6,4.0,1
B00EYZU6KQ,5.0,1
B00K0LUFIQ,5.0,1
B00GJE1EDI,5.0,1
B00GJDIHOI,5.0,1
B00EVWCTAW,4.0,1
B00K0LI3TE,5.0,1
B00GP300GA,5.0,1
B00K0JE93U,4.0,1
B00K2BYVPM,5.0,1
B00FN4R5UG,5.0,1
B0097G8Q72,5.0,1
B00EVW52QK,4.0,1
B00KCOQP8K,5.0,1
B00EYZY5XU,5.0,1
B00K2AXBT0,5.0,1
B00EYXGKBW,5.0,1
B00GKTVCES,5.0,1
B00EYS2WGE,5.0,1
B00GP358SA,5.0,1
B00K0QV1QQ,5.0,1
B00EW5O0FA,5.0,1
B0097K1H2O,5.0,1
B00EW5LTOU,5.0,1
B008XWYEUE,4.0,1
B0099FPAGQ,4.0,1
B00EW5LIZ0,5.0,1
B00GJMWMRC,5.0,1
B008WS4ZAI,5.0,1
B00GJMWL96,5.0,1
B0099G0UWO,5.0,1
B00EW5K946,5.0,1
B00K0QQUBM,4.0,1
B00K0QBGRU,4.0,1
B00K0Q5GB2,5.0,1
B00EYSVQS4,5.0,1
B00GR94O4Q,5.0,1
B00K27HQPS,5.0,1
B00GKTQJBY,5.0,1
B00EYR46YG,5.0,1
B00EW7FPS4,5.0,1
B00FOJ0P9S,4.0,1
B00GJO9QZQ,5.0,1
B0099DBN0U,4.0,1
B00GR7T1T6,5.0,1
B00EW8XEDG,4.0,1
B00EW7OLLG,5.0,1
B00FOKBQBS,5.0,1
B00GR81J4K,4.0,1
B00GJNH9SI,5.0,1
B00FOKOSCM,5.0,1
B00GKTQ9VO,5.0,1
B00EW73WWK,5.0,1
B008WVWU3O,5.0,1
B008WVPF54,5.0,1
B008WVJ9EM,5.0,1
B0097K1WE2,5.0,1
B0099DDKUG,4.0,1
B00GKT5HT4,4.0,1
B008WSDB3A,5.0,1
B00EW65TMC,5.0,1
B00EW5JSWA,5.0,1
B00EW5JMS0,5.0,1
B00K0NRMHG,5.0,1
B00GRFEYIG,5.0,1
B008XZM17Y,4.0,1
B0099I278W,5.0,1
B008WNYGDE,5.0,1
B00FOLLO0K,5.0,1
B00GREDWE4,4.0,1
B0099IAOTQ,5.0,1
B00FOLLTZK,4.0,1
B008XZXYMA,5.0,1
B0097JDTEE,5.0,1
B00GRDJDWA,5.0,1
B0099IC854,5.0,1
B00FOLN8LI,4.0,1
B00EYVRY0U,5.0,1
B0099IFGH6,5.0,1
B00EYW1KDG,5.0,1
B0099IG0HG,5.0,1
B00KEIDCHQ,5.0,1
B00K0N4ZUI,5.0,1
B0097J4Q78,5.0,1
B008WP06UE,5.0,1
B00GJK3VBK,4.0,1
B00EW5ALXA,5.0,1
B00EW4PQRM,5.0,1
B00EW54E1K,5.0,1
B00K28H1F2,4.0,1
B008XWYGJI,5.0,1
B0097JUJYM,4.0,1
B00GRACNW0,5.0,1
B008WRKJ0O,4.0,1
B00GJKIMEQ,5.0,1
B00FN5AUVQ,5.0,1
B00GRAPQ0G,5.0,1
B0099GFPN8,5.0,1
B008XZLFCG,5.0,1
B0099GJXKY,5.0,1
B00GP30D7Q,5.0,1
B0099HMOOK,5.0,1
B0097JKM8U,5.0,1
B00EW4L2YS,5.0,1
B00GKTSKLG,5.0,1
B008WP8S9U,5.0,1
B00EW4KRM6,5.0,1
B00FN34NJI,5.0,1
B00EZ7M97Q,5.0,1
B00GJB3Y3O,5.0,1
B0099WC8SC,5.0,1
B0099WZOTW,5.0,1
B0097FIR2M,5.0,1
B00EZ89FFY,5.0,1
B00FP9XCW4,5.0,1
B00EVMVA0M,5.0,1
B00K09TZ3E,5.0,1
B008Y26GIQ,4.0,1
B00EVMMYDY,4.0,1
B008WAM7DS,5.0,1
B00EZ9GKT2,5.0,1
B008WAFXKM,5.0,1
B00GRXZTJG,5.0,1
B0099X6URG,5.0,1
B008Y2CQ6W,5.0,1
B0099XBU3U,5.0,1
B00EZ9S1IU,4.0,1
B00GKZPB9Y,5.0,1
B00GRUJVU2,5.0,1
B00GRS2NTU,5.0,1
B0099USAMW,5.0,1
B00FN3GF6M,5.0,1
B008Y21PVE,5.0,1
B00FN3GA58,5.0,1
B008WCORLQ,4.0,1
B00EZ7XX5I,4.0,1
B00GP2IHUC,5.0,1
B00K0A6JGY,5.0,1
B008Y24Z4I,5.0,1
B00EZ83ZNW,5.0,1
B0099UZYQM,5.0,1
B008Y226GC,4.0,1
B00GKUKNWE,5.0,1
B008WBWKKM,5.0,1
B00GRSRKZC,4.0,1
B00GRSVOYU,5.0,1
B00K0932GA,5.0,1
B0097EPAXC,5.0,1
B0097DTJ5I,5.0,1
B008Y2H126,5.0,1
B00GS305HG,5.0,1
B00EVERVR6,4.0,1
B00EZAEI4K,5.0,1
B00GJAONJ4,5.0,1
B0097DZZ9C,5.0,1
B00EVDHC30,5.0,1
B00FPEU4FW,5.0,1
B0097DLJUQ,4.0,1
B00FPF2WDI,4.0,1
B0097DKMQI,5.0,1
B00FPFOQC8,5.0,1
B008W916D6,5.0,1
B00GS3VZSO,5.0,1
B00FPG217O,5.0,1
B00GS3WLOQ,4.0,1
B008Y2K4D4,5.0,1
B00EVFGRVQ,4.0,1
B00FPDL7AE,5.0,1
B00EVL9UTG,4.0,1
B00K2FAM4W,5.0,1
B00GS0HPSG,5.0,1
B00GS19V64,5.0,1
B00KF4LATG,5.0,1
B0099XRBFG,4.0,1
B00FPCRZ88,5.0,1
B00EVHVPSY,5.0,1
B0099YJWN4,5.0,1
B00EVIQHJU,5.0,1
B008Y2GJ88,5.0,1
B008W9TV5Q,4.0,1
B00GS220PW,5.0,1
B00FPDJ5D0,5.0,1
B00EVHXCMG,5.0,1
B00FP1SKXI,5.0,1
B00GROT9IC,5.0,1
B0099RO2DQ,5.0,1
B008WGG7JC,5.0,1
B00FN4QMRS,5.0,1
B0099S2HGY,5.0,1
B00EVV0F6S,4.0,1
B00EVUX3OA,4.0,1
B00GKTVN7O,5.0,1
B00KEVA5WS,5.0,1
B0099S9M94,5.0,1
B00EVUTHEK,4.0,1
B00GKTZ4JC,5.0,1
B00FOV0HKI,5.0,1
B0097G5MEW,5.0,1
B00EZ3TGVM,5.0,1
B00EVUPZ3W,5.0,1
B00FOVRMH4,5.0,1
B0099SFMAW,5.0,1
B0099SG5MG,5.0,1
B0097G53HI,4.0,1
B00EVV9K28,5.0,1
B008WGJW6M,5.0,1
B00FN4QS40,5.0,1
B00FOUHSLU,5.0,1
B00K2CZLL4,5.0,1
B00GRMH72Y,5.0,1
B008WGOZ50,5.0,1
B008WGNOUW,5.0,1
B00FN4QUFC,5.0,1
B0099NYVZO,5.0,1
B0099O0IT6,5.0,1
B00FOU6UHI,5.0,1
B00EZ2GRBK,5.0,1
B00EZ2L6U2,5.0,1
B0099O2N2G,5.0,1
B00GRMULWC,4.0,1
B00EZ3CE52,5.0,1
B00GRMVDJW,4.0,1
B0099P46O8,5.0,1
B00GRN0XSI,5.0,1
B0099QFX9Y,5.0,1
B0099QUTJ8,5.0,1
B00EVVAWO8,4.0,1
B00GRP4J5Y,5.0,1
B008WFQ1IU,5.0,1
B008WE20AO,5.0,1
B00EZ5Y58O,5.0,1
B00GKUDAVU,5.0,1
B00EZ6GBP8,5.0,1
B00FN3GH1K,5.0,1
B00FP13PHY,5.0,1
B00FP1M1GA,5.0,1
B0099U50IE,5.0,1
B00EVQUT0K,4.0,1
B0097FYIZ2,5.0,1
B00K0DAPW0,5.0,1
B00EVQQ3UU,5.0,1
B00EVQKY50,4.0,1
B00EZ6KDA2,5.0,1
B00K0CCVG4,4.0,1
B00GP2IOP0,5.0,1
B0099UM01Y,5.0,1
B008WD5PTI,4.0,1
B00EZ5U63C,5.0,1
B00EZ5KT9I,5.0,1
B008Y1Z85O,5.0,1
B00EZ4A016,5.0,1
B00FOXVKGQ,5.0,1
B00FOYF5XO,5.0,1
B00GRP5TB2,4.0,1
B00EZ4CYWY,5.0,1
B00EZ4EFWQ,5.0,1
B00FOZT68S,5.0,1
B00K2E8PCE,4.0,1
B0097G29A2,5.0,1
B00EZ4GWYU,5.0,1
B00EVSME4C,4.0,1
B00EVQWTBC,5.0,1
B0097G2VG4,5.0,1
B00EZ521AI,5.0,1
B008WEZIVC,5.0,1
B009D5WE98,5.0,1
B00EPWBGQ6,5.0,1
B00EKIS8CA,5.0,1
B00GVIUCKS,5.0,1
B00EKIF9UY,5.0,1
B00GGO7B1K,5.0,1
B00EKIAI1O,5.0,1
B00FX82UHK,5.0,1
B009GFF8KM,5.0,1
B00EKI953Q,5.0,1
B00EKHE654,5.0,1
B00EKH7IQS,5.0,1
B00FX8QR4C,5.0,1
B00JU3KALM,5.0,1
B00EKH0FEA,5.0,1
B00FJ5RQK8,4.0,1
B00EKGFTK6,5.0,1
B00EKF6PNW,5.0,1
B009GFVHBG,5.0,1
B009GFVJ46,5.0,1
B009GG0D2E,4.0,1
B009GG0FUE,4.0,1
B009GGR9N0,5.0,1
B00JU41QAU,5.0,1
B00F4R0AQI,5.0,1
B00FJAHEPK,5.0,1
B00GVIU5SC,5.0,1
B00EKIPGJI,4.0,1
B00EKIPFR6,5.0,1
B008SCLVNW,4.0,1
B00JU4HTCO,5.0,1
B0094Q5QQO,5.0,1
B00GLS5B5O,5.0,1
B00GVIU65O,5.0,1
B00EKIJJNC,4.0,1
B00EKIJ5UY,5.0,1
B008ZI4H80,5.0,1
B00F4R07M0,4.0,1
B009GF51PE,4.0,1
B00GGO78NQ,5.0,1
B00GVIUCXK,5.0,1
B0094OMIZI,5.0,1
B00FXBY0JS,5.0,1
B00GVKI0SM,5.0,1
B009GIS8YW,5.0,1
B00JTZ6H86,5.0,1
B00GVKK0W6,5.0,1
B00GVKLU7K,5.0,1
B00EK6A6IG,5.0,1
B009GJ105U,5.0,1
B008SBJDF6,5.0,1
B00EK6379G,5.0,1
B008ZIW11K,5.0,1
B00EK5Y124,4.0,1
B00KB5SXJY,4.0,1
B00GVKSUXW,5.0,1
B00GVKAD00,5.0,1
B00FXAOKC6,5.0,1
B00JU3BJ9Y,5.0,1
B00EKE9WHY,5.0,1
B00F4T1LHI,5.0,1
B008SC8UMM,5.0,1
B00JU1VPEK,5.0,1
B009GHR35I,5.0,1
B00GGO743K,5.0,1
B009GI4KY4,5.0,1
B00FXAACFK,5.0,1
B00KB8207W,5.0,1
B008SC7DFC,5.0,1
B009GIHLTK,5.0,1
B00EK9LCAO,5.0,1
B00FXACS70,5.0,1
B00F4TNPZO,4.0,1
B008SC6XNU,5.0,1
B009GIMZPK,5.0,1
B009GINCX4,5.0,1
B00FX7MH24,5.0,1
B009GJDLYS,5.0,1
B00EKJ1ZEC,4.0,1
B00GGP0YC2,5.0,1
B00F4KYZTI,5.0,1
B00EKS77PE,4.0,1
B008SET9RU,4.0,1
B0094RTKQK,5.0,1
B008ZGTDFY,5.0,1
B009G9NWKQ,5.0,1
B00EKRZV9O,5.0,1
B009GA2VN4,5.0,1
B00EKRVIM8,5.0,1
B00FX3FS3S,5.0,1
B00EKRPJOG,5.0,1
B00EKROKGY,4.0,1
B00EKRKMBQ,5.0,1
B00EKRHNJK,5.0,1
B008SEHWL0,5.0,1
B00F4LYRWM,5.0,1
B009GASXAE,4.0,1
B00GVG1CIQ,5.0,1
B00F4M6VNE,5.0,1
B00FX44GXK,5.0,1
B00F4M71A6,4.0,1
B00FX481A4,5.0,1
B00GGP3F8W,5.0,1
B009G8GBYQ,5.0,1
B00GGP687C,5.0,1
B00EKT7X8Y,4.0,1
B00FX2QC52,5.0,1
B009G7QDZY,5.0,1
B00GVE0S3S,5.0,1
B00GVE7JOE,5.0,1
B00EKTFOVW,5.0,1
B009G7ZAR6,5.0,1
B00KLJQOG4,5.0,1
B00JU9HVHW,5.0,1
B00FX2SXB8,5.0,1
B00EKSFPZS,5.0,1
B008SF2F2A,5.0,1
B00EKT6N94,5.0,1
B00GVEPWQQ,5.0,1
B009G87BM2,4.0,1
B00EKT2QT0,5.0,1
B00F4KUTSO,5.0,1
B008SEX82C,5.0,1
B009G8A62Y,5.0,1
B008ZHNJHG,5.0,1
B00GVG6D4Y,5.0,1
B00F4M8NRG,5.0,1
B00GGO9B7C,4.0,1
B00EKPWB9O,5.0,1
B00F4OLC9U,5.0,1
B00FX71KUO,5.0,1
B00FX77486,5.0,1
B008SCUVLA,4.0,1
B00EKNAKS0,4.0,1
B009GES9AE,5.0,1
B00GNHBWEM,4.0,1
B00F4PCD9W,5.0,1
B008SCUT7Q,4.0,1
B00GLS592E,5.0,1
B008SCURPK,5.0,1
B008SCUP0C,4.0,1
B00F4Q04JM,5.0,1
B00EKK0VUU,5.0,1
B00GNH9WNK,5.0,1
B00GVIQYZ0,5.0,1
B00EKJ2V0O,5.0,1
B008SDCTAA,5.0,1
B00EKR51US,5.0,1
B00FX6M4IM,4.0,1
B00KLK1NEG,5.0,1
B00FX65BKA,5.0,1
B00F4MABIK,5.0,1
B00FX65MVS,5.0,1
B008SEC68Y,4.0,1
B009GCQRA0,5.0,1
B00F4NRKBA,5.0,1
B00EKQGJP0,4.0,1
B0094RT99S,5.0,1
B00EKQFGEU,5.0,1
B009GD1QTQ,5.0,1
B00F4OGBDC,5.0,1
B00GVHHAU4,4.0,1
B00EK5FITY,5.0,1
B00EKTN9N2,5.0,1
B008ZPERAQ,5.0,1
B0094MJ9RK,5.0,1
B009GMZR2E,5.0,1
B00JTSY02S,4.0,1
B00GW1JA2U,5.0,1
B00GGL679U,4.0,1
B009GN048A,5.0,1
B00F501KD6,5.0,1
B00FXJFEB8,4.0,1
B00GW1LY7O,5.0,1
B00JTSNKDS,5.0,1
B00FJ154ZQ,4.0,1
B009GN0U5W,5.0,1
B009GN16GE,5.0,1
B00FXJFGZ2,5.0,1
B00EJQADRQ,5.0,1
B00GNGFBO0,5.0,1
B009GMX52I,5.0,1
B0094O1304,5.0,1
B00GGLMN20,4.0,1
B00KLLU5ZI,5.0,1
B009GM5U44,5.0,1
B00EJVT00M,5.0,1
B00GNH60OE,4.0,1
B00EJVJAXO,5.0,1
B008S8TXVS,5.0,1
B009GMHW40,5.0,1
B00EJUQTNE,5.0,1
B008ZOJC84,4.0,1
B00GW0WAHS,5.0,1
B00EJU1NS0,5.0,1
B00KLNHSGK,5.0,1
B00FXJB0AC,4.0,1
B00F4ZST72,5.0,1
B00FXJBCAK,5.0,1
B00FXJDBTU,5.0,1
B0094N4J2Y,5.0,1
B00KLSE88Q,5.0,1
B009GMLHVE,4.0,1
B00GW1Q4PQ,5.0,1
B00K5BAA6S,5.0,1
B00FJ0D90Y,5.0,1
B009GO7GE4,5.0,1
B00EJNQQLG,5.0,1
B0094KU7RI,5.0,1
B00FXL513W,5.0,1
B008S6PX78,5.0,1
B008ZPXK68,5.0,1
B009GOGI34,5.0,1
B009GP6AB8,5.0,1
B00F51U4H8,5.0,1
B00EJNFUS6,5.0,1
B00GGK9W1Q,4.0,1
B00EJNAW52,5.0,1
B00FXLDL02,5.0,1
B008S6ONAG,5.0,1
B00FXLW84M,5.0,1
B00F51UGXU,5.0,1
B00K5DVETS,4.0,1
B00F52F4UO,5.0,1
B009GPKQBI,5.0,1
B00FXMNZ52,5.0,1
B00GGK86V8,5.0,1
B00GGKWBQE,4.0,1
B009GN38FQ,4.0,1
B00GNG9614,5.0,1
B00EJPSE82,4.0,1
B009GNHT60,5.0,1
B00FXJKN6Y,5.0,1
B00GW3XHU4,4.0,1
B00EJPKC5K,5.0,1
B00KLZ6T7M,5.0,1
B00F510Y2S,5.0,1
B00GW482DA,4.0,1
B0094KUIU4,5.0,1
B009GNP1FQ,5.0,1
B00EJPB6XC,4.0,1
B009GNQW36,5.0,1
B00K5C6CW8,4.0,1
B00JTS7P48,5.0,1
B009GNQX5S,4.0,1
B00FXJN2D0,5.0,1
B00EJVXE1I,5.0,1
B009GLWIBI,4.0,1
B009GJPYYI,5.0,1
B008S8UCWC,4.0,1
B00JTXYSY8,5.0,1
B00GGNPIZC,5.0,1
B00JTUY5SA,4.0,1
B009GL8PAQ,5.0,1
B00GVM3Q0C,5.0,1
B00FXH57T4,5.0,1
B00JTUDS38,5.0,1
B00GGMWMPM,5.0,1
B00FJ2DV3W,5.0,1
B00KLLGJZI,5.0,1
B00FJ27L10,5.0,1
B00GGMMWKC,5.0,1
B00GGMAXPS,5.0,1
B009GL92CQ,5.0,1
B00GNH6QZM,5.0,1
B008SAXA3I,5.0,1
B0094O6BM4,5.0,1
B00GVM3Z9E,5.0,1
B00FXFBJES,5.0,1
B008SB9X24,5.0,1
B008ZJUZH6,5.0,1
B00EK3V64C,5.0,1
B00FXEKQF2,4.0,1
B009GKOJ48,5.0,1
B00EK1PI6G,5.0,1
B00EK0Q98S,5.0,1
B00GVLBAW4,5.0,1
B00F4TWO8I,5.0,1
B00F4TWWUI,5.0,1
B00FXEP9OK,5.0,1
B008SBF4DG,5.0,1
B00EK0HDAQ,5.0,1
B008SBD07S,5.0,1
B009GKSONU,5.0,1
B00EK0H5EK,5.0,1
B0094OFHCE,5.0,1
B00EK0CGLC,4.0,1
B008ZK4SAA,5.0,1
B009GKU0R8,5.0,1
B00F4VYNP8,5.0,1
B00FXIEU96,5.0,1
B00FXIRLJ2,4.0,1
B00EJW64QO,5.0,1
B00EJW5U3C,5.0,1
B0094O2O7U,4.0,1
B0094O28KS,5.0,1
B00GVMI63Y,5.0,1
B008S8UJEI,5.0,1
B009GLPS7E,5.0,1
B008ZM7HEW,5.0,1
B00F4YBHC2,4.0,1
B009GLTVYK,5.0,1
B00FXIUKZO,5.0,1
B008S8UG2S,5.0,1
B009GLV7NI,5.0,1
B00GNH67I8,5.0,1
B00FXJ7YRK,5.0,1
B00FXI68UK,5.0,1
B00FXH72SI,5.0,1
B008ZLQ8YS,5.0,1
B009GLLQL6,5.0,1
B0094O5VQQ,4.0,1
B00F4WPB9E,5.0,1
B00KB4V2AW,5.0,1
B00FJ1MERC,5.0,1
B00GVM4PDO,5.0,1
B00FJ1ME9U,5.0,1
B00EJWXVQ0,4.0,1
B00EJWVKV8,5.0,1
B00JTTWEN4,5.0,1
B00FXHRDC8,5.0,1
B00FJ1FS0W,5.0,1
B00JTTKFKS,5.0,1
B00FXHUSPC,4.0,1
B009GLPJWS,5.0,1
B008SA9J6A,5.0,1
B00F4WPG4Y,5.0,1
B008S9URGC,5.0,1
B009GLPLHQ,5.0,1
B00F4WPI0Q,5.0,1
B008ZGIR7E,5.0,1
B00GW51XFS,5.0,1
B009FRO500,5.0,1
B009FRPRLQ,5.0,1
B0094Z4V3O,5.0,1
B00FJMCE1C,5.0,1
B00GUXIZGW,5.0,1
B00FWM5OHA,5.0,1
B00GUXPZRO,5.0,1
B008STUD3Y,4.0,1
B00GUYOLQ4,5.0,1
B00GUZ1KCG,5.0,1
B00FWM6N4I,5.0,1
B00GUZPB6W,5.0,1
B00GH0FGUG,5.0,1
B00ELSQKBU,5.0,1
B008ZAG3BW,5.0,1
B009FRXDXK,4.0,1
B00JUFS46I,5.0,1
B009FS79OI,4.0,1
B00GV01Z3E,5.0,1
B00FJMG2VK,4.0,1
B009FRMXBI,5.0,1
B00FWM1YX8,5.0,1
B009FQ9K0G,5.0,1
B00FWL9EIQ,5.0,1
B009FP69W4,5.0,1
B008SU79Y4,5.0,1
B00ELUZF78,4.0,1
B00952RZ48,5.0,1
B00ELTW0WC,5.0,1
B00FJOE238,5.0,1
B00GNJ3BM6,5.0,1
B00F47ZS3S,5.0,1
B009FRL28I,5.0,1
B009FQAEBK,5.0,1
B00ELTFXBM,5.0,1
B00F480VU2,5.0,1
B00FWLYKHQ,5.0,1
B009FR4NFW,5.0,1
B00JUH533I,4.0,1
B00FWM17P8,5.0,1
B008STWW88,5.0,1
B00FJMZSP6,5.0,1
B009FR88AI,5.0,1
B008Z9VBKG,5.0,1
B00ELRG20K,5.0,1
B009FTOU94,5.0,1
B0094Z4TWW,5.0,1
B009FWSZSI,5.0,1
B00ELOL5WS,5.0,1
B00GGZTVIK,5.0,1
B008SSFVYG,5.0,1
B00ELOHPW2,5.0,1
B00F4A24OQ,5.0,1
B00K4TESEG,5.0,1
B00FJI2O98,5.0,1
B00F4AF2Q8,5.0,1
B00ELO41EW,5.0,1
B00ELN0Q4C,5.0,1
B00ELLYR8U,5.0,1
B00FWQKM8C,5.0,1
B009FX7SD0,5.0,1
B009FYFEEE,5.0,1
B00GGZGTQW,5.0,1
B00ELLOX2U,4.0,1
B009FVL5GI,5.0,1
B00FWO8WRM,5.0,1
B00ELQYU64,5.0,1
B00F48FYC2,5.0,1
B00ELQYGVS,5.0,1
B00FWMZSJ4,5.0,1
B00FJKMGA8,5.0,1
B00GNIUSBO,4.0,1
B009FUQ500,5.0,1
B009FUYPTS,5.0,1
B00F48HZE2,4.0,1
B00GV10O3A,4.0,1
B00F49CV86,5.0,1
B00ELQCXPO,5.0,1
B00F49QD4Y,5.0,1
B00GGZUGE8,5.0,1
B009FP39MM,5.0,1
B00ELV1J68,5.0,1
B00KL86KPU,5.0,1
B00ELV1OXG,5.0,1
B00EMCGB4Q,5.0,1
B00F45TB38,4.0,1
B00EMBMPFG,5.0,1
B00GUREEPE,4.0,1
B00JUL4G4G,5.0,1
B00F45TS1I,5.0,1
B00F45U5ZQ,4.0,1
B00F45UB3M,4.0,1
B00GURKLE2,5.0,1
B00GH1914W,5.0,1
B00F45XCR4,5.0,1
B00GURM4ME,5.0,1
B00EM8F4N4,4.0,1
B009FN54F4,5.0,1
B009FN583M,5.0,1
B00955DSTG,5.0,1
B00FWFXJ5G,5.0,1
B00EM72PV4,5.0,1
B00GNK1LUO,4.0,1
B008SXCIUQ,5.0,1
B00F45RHAW,5.0,1
B008Z88IFS,5.0,1
B00GNK2WSE,4.0,1
B009FLBE7I,5.0,1
B00F45ROU0,5.0,1
B008SX6UL4,5.0,1
B00GH191O2,5.0,1
B00957WHH8,5.0,1
B00GUPTNWA,5.0,1
B00EMGLCAA,5.0,1
B00F45RUUO,4.0,1
B00FWFPXGE,5.0,1
B009578HB8,5.0,1
B00FWFV4Q2,5.0,1
B00EM72KIM,4.0,1
B008SWG524,5.0,1
B008Z8VNFK,5.0,1
B009FO5W1Y,5.0,1
B009FO5YEY,5.0,1
B00954G8N0,5.0,1
B00EM0BTTU,5.0,1
B00ELYM32E,4.0,1
B009FOEJ1S,5.0,1
B00GUU1KQM,5.0,1
B00F46VDDS,5.0,1
B00FJPDPPS,5.0,1
B00FWL0NM2,5.0,1
B008SV2E8E,5.0,1
B00FWL2L7C,5.0,1
B00ELX4Z4E,5.0,1
B008SV2E52,5.0,1
B008SV2DSU,5.0,1
B008Z9593G,5.0,1
B009FOMGNQ,5.0,1
B00ELX35JU,5.0,1
B00EM14OIC,5.0,1
B00GNJBHPO,5.0,1
B00JUIAJRW,5.0,1
B008SWBRI6,5.0,1
B00FWFYVWG,5.0,1
B00FWFZRVU,5.0,1
B00GUS6WE4,5.0,1
B00JUHVPJE,5.0,1
B009FNSM8U,4.0,1
B008Z90IT6,5.0,1
B009FNXR94,5.0,1
B00GUS926O,5.0,1
B00F46ON8U,5.0,1
B00EM4S8Z4,5.0,1
B00FWJOGFE,5.0,1
B00F46OZOM,5.0,1
B00EM37ZIQ,5.0,1
B00GH0MLPO,4.0,1
B00GUTD1HO,5.0,1
B00EM36TJW,5.0,1
B00JUFHUHM,5.0,1
B00FWRBUHS,5.0,1
B00FJEKNF4,5.0,1
B00F4F8S1Y,5.0,1
B008SIMQG2,5.0,1
B00FWX1X56,5.0,1
B00FWX4TX4,5.0,1
B008ZFEFL2,5.0,1
B00GV948MU,5.0,1
B00KLEHIBE,5.0,1
B00FWXBLHG,5.0,1
B00EL15CK2,5.0,1
B008ZFFBF6,5.0,1
B00FWXKNAM,4.0,1
B00GNIG3DG,5.0,1
B00EL11R4W,5.0,1
B00F4FADSK,5.0,1
B00KLF609E,5.0,1
B00EL0ZP6Y,5.0,1
B00EL0TNSU,5.0,1
B00GVASVX6,5.0,1
B009G4P9AC,5.0,1
B008ZFDC6G,4.0,1
B00GV8XRFK,5.0,1
B00FJEJX4G,5.0,1
B008ZEC3UI,5.0,1
B008ZESQPY,5.0,1
B008SKV9OK,5.0,1
B009G32TPQ,5.0,1
B00F4EMBBS,5.0,1
B00FWVHY5Q,5.0,1
B00FWVHYOM,5.0,1
B008SKIDK8,5.0,1
B00FWW92BO,5.0,1
B00FJEJJYA,5.0,1
B008SK80A6,5.0,1
B00K586YWU,5.0,1
B008SK69NQ,5.0,1
B00FWVIXVK,5.0,1
B00GNIHTNE,5.0,1
B00GV8ZM4E,5.0,1
B00FJEJJHM,5.0,1
B008ZFB8JY,5.0,1
B008SIJ1LK,5.0,1
B0094WDOCQ,5.0,1
B00JUC6BHU,5.0,1
B00EKU2Q6W,5.0,1
B009G6OHWG,4.0,1
B00F4J7UG4,5.0,1
B00GGPK5EY,5.0,1
B00EKU27WU,5.0,1
B00EKTYVQG,4.0,1
B008SGKMQU,4.0,1
B0094VENLI,5.0,1
B00EKTWH12,5.0,1
B0094V5MCC,5.0,1
B009G7207E,5.0,1
B009G729U2,5.0,1
B008ZFIU9A,5.0,1
B00F4KA14G,5.0,1
B0094UCHSA,5.0,1
B009G7CGVE,5.0,1
B00GNHGLTI,5.0,1
B00EKTQ9YS,5.0,1
B009G7I15O,4.0,1
B00F4KNODG,5.0,1
B008SGRCCM,5.0,1
B00GLS555U,4.0,1
B00F4IKZ4E,5.0,1
B00FWZSDV6,5.0,1
B008SI5V32,5.0,1
B008SHP5VQ,5.0,1
B00F4HIT4S,5.0,1
B00FJCQ7S8,5.0,1
B00F4IGAQQ,5.0,1
B00FJCGSS2,5.0,1
B00FX15GE6,5.0,1
B00F4IM6VO,5.0,1
B00EKW4JGA,4.0,1
B00EKZFHGI,5.0,1
B009G5HEEA,5.0,1
B00KLIUWVS,5.0,1
B00EKZ4G4C,5.0,1
B00F4ISKTQ,5.0,1
B00EKZ3T3Q,5.0,1
B008SHAXRW,5.0,1
B00EKYA7Q4,5.0,1
B00GGPKJBS,5.0,1
B008SGV9JO,5.0,1
B0094WST1W,5.0,1
B008SL52NS,4.0,1
B00GV277DE,5.0,1
B00KLE436W,5.0,1
B008SO0DD4,5.0,1
B008SO00TQ,5.0,1
B00ELJQF0A,5.0,1
B00ELJPCR2,5.0,1
B00ELJPA5Q,5.0,1
B008SNK40W,5.0,1
B00ELJDC6K,4.0,1
B00ELJDAXA,5.0,1
B008SNG3LQ,5.0,1
B00ELISQK8,4.0,1
B00GV2TX0E,4.0,1
B00FWRUWWW,5.0,1
B00GGXR0J4,5.0,1
B00F4CASAQ,5.0,1
B008SMNA9U,4.0,1
B008ZDB7K6,5.0,1
B00GGUTW2K,5.0,1
B00ELE1U7I,5.0,1
B00ELDO6VQ,5.0,1
B00F4BW6KC,5.0,1
B00ELLOPI2,4.0,1
B00GGZ2SPI,5.0,1
B00GGY7P2A,5.0,1
B00F4AUKHE,5.0,1
B00ELLORW6,5.0,1
B00FWRTTUS,4.0,1
B00ELLOPT6,5.0,1
B00FWRU236,5.0,1
B008SP0U2C,5.0,1
B008SONPB6,5.0,1
B00ELJQV36,5.0,1
B00KLC3VMG,5.0,1
B00ELLLEVS,5.0,1
B00ELKIMA0,4.0,1
B00F4BVJZU,5.0,1
B008SO9394,5.0,1
B00GNIIYX8,5.0,1
B00FJGDR3C,5.0,1
B00ELJRMZM,5.0,1
B008ZDQS6O,5.0,1
B00K54AL3M,5.0,1
B00ELDHO7O,5.0,1
B009G11UL2,5.0,1
B0094XC4V2,5.0,1
B0094X7XF4,5.0,1
B00JUE0JMQ,5.0,1
B00FJF4SE0,5.0,1
B00EL3KPKM,5.0,1
B00K575CWE,5.0,1
B00F4DRGMI,5.0,1
B00EL3I8GU,5.0,1
B009G138YO,4.0,1
B008SLBZWA,4.0,1
B00FWV0MAK,5.0,1
B00FJF2W7A,5.0,1
B00FJEL7X6,5.0,1
B009G1MQ6K,5.0,1
B009G1Q8NC,5.0,1
B00K57XGH2,5.0,1
B00EL285C8,4.0,1
B0094X4E9M,4.0,1
B00KB8TRU0,5.0,1
B008SL6BP6,4.0,1
B00FWV0P7U,5.0,1
B00ELD4GGG,5.0,1
B00FWRYZTS,5.0,1
B00ELD13VM,5.0,1
B00FWRVL9U,5.0,1
B00ELC236W,5.0,1
B008ZDQSEQ,5.0,1
B008SM3VJE,5.0,1
B00FWRXSNW,5.0,1
B008ZDQSHS,5.0,1
B008SM31YO,5.0,1
B009G0ZKD2,5.0,1
B00F4CMHF0,5.0,1
B008SM2564,5.0,1
B00F4CFEXC,5.0,1
B00GGTRZWU,5.0,1
B00EL6X718,5.0,1
B008ZDWAXE,5.0,1
B00JUF2YMI,5.0,1
B008SLR0X8,5.0,1
B009G10BEY,5.0,1
B00F547OFU,5.0,1
B008RURDVO,5.0,1
B00EHUW9U8,4.0,1
B00F61YB9E,5.0,1
B00EHUP17Q,5.0,1
B009HOX9XA,5.0,1
B008RUHKZI,4.0,1
B00FYY9X5U,4.0,1
B00EHSM8T2,4.0,1
B00GWG20MM,5.0,1
B0094DXDVW,5.0,1
B009HOY0CY,5.0,1
B00EHRNL7G,5.0,1
B0094DJA5U,5.0,1
B00FYYMK0A,5.0,1
B00FYYN3L0,4.0,1
B00JSWK30I,5.0,1
B00F62I2YS,5.0,1
B00F62V00Q,5.0,1
B00K5L5F90,5.0,1
B00EHRLE20,5.0,1
B008RUAF2I,4.0,1
B00GM0MYBK,5.0,1
B009HNLBK4,5.0,1
B00GWG0GVE,5.0,1
B00EHWYPQW,5.0,1
B00FYX02AG,4.0,1
B00EI37E2C,5.0,1
B008RUOMAE,5.0,1
B00EHYXNN6,4.0,1
B009HLUNJG,5.0,1
B00901RSO6,5.0,1
B00EHX6GQS,5.0,1
B00FYX3XD4,5.0,1
B009HLUZDU,5.0,1
B009HLVG3I,5.0,1
B0094EEW8O,4.0,1
B009HNJ5TI,5.0,1
B00JSXPXVG,5.0,1
B0094EELN0,5.0,1
B00JSWM9TQ,5.0,1
B008RUKMEE,5.0,1
B00GG82F0S,5.0,1
B008RUIM0K,5.0,1
B00EHVRB3C,4.0,1
B00FYXRF4M,5.0,1
B00GNAMHY8,5.0,1
B009HPGOZ4,5.0,1
B00EHRIWAC,5.0,1
B009HRMHWQ,5.0,1
B00EHRJPZI,5.0,1
B00FIKHULY,5.0,1
B00EHRJFYY,5.0,1
B008RTZO5M,5.0,1
B00GNAA4QQ,4.0,1
B00EHRJ0VW,4.0,1
B00FIJKQZC,5.0,1
B00GWGO9L2,5.0,1
B008RU189C,5.0,1
B00FYZ7NTW,4.0,1
B009HRMTYC,5.0,1
B00EHRIK2M,5.0,1
B00FIJF9BI,5.0,1
B009HRNIWO,5.0,1
B00KN6A9SE,5.0,1
B00FYZCLA8,5.0,1
B00FYZGU14,4.0,1
B00GG7C0GS,5.0,1
B00FYZGZAK,4.0,1
B00FYZ6IXE,5.0,1
B008RU45UQ,5.0,1
B00F632EJ6,5.0,1
B00JSWBYM4,5.0,1
B00EHRKYXK,4.0,1
B00EHRKLWY,5.0,1
B009HPS592,5.0,1
B00EHRKK9I,5.0,1
B00GWG48NQ,5.0,1
B008RU7NBO,5.0,1
B008RU5OTC,4.0,1
B009HQYE0K,5.0,1
B008RU56C2,5.0,1
B00EHRKBS8,5.0,1
B00EHRJU6C,5.0,1
B00EHRK9EE,5.0,1
B00EHRK8E0,5.0,1
B00FYZ5X2Q,5.0,1
B00F63FCX6,4.0,1
B00GG7KAP6,5.0,1
B00EHRJZJO,5.0,1
B00F63HUFY,5.0,1
B00GWGFCX6,4.0,1
B00F61UF58,5.0,1
B00FYWXY5M,5.0,1
B00EHQX51O,5.0,1
B008RUREBS,5.0,1
B00JSYAHKC,5.0,1
B0094FZYAS,5.0,1
B0094FZ0UC,5.0,1
B00F5TSDW8,4.0,1
B009HJRS6E,5.0,1
B00FIOTZJK,4.0,1
B00FYOUQJ2,5.0,1
B00EI4P4KA,5.0,1
B00EI4OC62,5.0,1
B00EI3ZL6S,4.0,1
B00JSXYQ5K,5.0,1
B00900PNK8,5.0,1
B00F5U2SDM,5.0,1
B008RUW0OY,5.0,1
B00F5UG4FU,5.0,1
B00F5UV1J4,5.0,1
B00EI3YS8U,5.0,1
B00EI3XKR0,5.0,1
B00EI3OOR0,5.0,1
B009HJBO50,5.0,1
B00K5KOWOU,5.0,1
B00GNBT9NY,5.0,1
B0094GA25O,5.0,1
B00F5Q6AKI,5.0,1
B00FYL01CW,5.0,1
B00F5QIOHU,4.0,1
B008RWCWBI,5.0,1
B009HEZ30C,5.0,1
B0094GA0YW,5.0,1
B00KMZIMUI,5.0,1
B00EI5HB14,5.0,1
B00FIOXXG6,4.0,1
B00F5QOYQU,5.0,1
B00KMZMCA4,5.0,1
B00KN17H0M,5.0,1
B009HGX9HE,5.0,1
B009HIFI2Q,4.0,1
B009HIGBNG,5.0,1
B00F5QQSKK,5.0,1
B00FYM39XY,5.0,1
B00EI4QWTW,4.0,1
B00KN1IFSU,5.0,1
B00F5VU8XS,4.0,1
B00FYTW4VK,5.0,1
B009HKQXSW,5.0,1
B00EI3JPSS,5.0,1
B00FYUCFTA,5.0,1
B00FIN1SSC,5.0,1
B00EI3JKC4,4.0,1
B00FYVJ8FI,5.0,1
B00EI3JAW4,4.0,1
B00FYVOT16,5.0,1
B00FIOBIJK,5.0,1
B00FYW3RY0,5.0,1
B00EI3JAI8,5.0,1
B00FIMV68U,5.0,1
B008RUTEGG,5.0,1
B00EI3CUIA,5.0,1
B00FIMTIYO,5.0,1
B00K5L5EGO,5.0,1
B009HLUK7G,5.0,1
B008RUTU38,5.0,1
B00FYTF1EW,4.0,1
B0094EIDES,5.0,1
B0094EJR52,5.0,1
B008RUVZCM,5.0,1
B00FYPYWRI,4.0,1
B00JSXXOOE,5.0,1
B00EI3LCNY,5.0,1
B008RUUY3S,5.0,1
B00EI3KNAC,4.0,1
B00FYRTAK0,5.0,1
B00EI3JXM6,5.0,1
B00K5L50V8,5.0,1
B00EI3K9TC,5.0,1
B00KAVZBGM,5.0,1
B008RUU8OS,5.0,1
B008RUU6PY,5.0,1
B00GNBAZCS,5.0,1
B00EI3JYKC,5.0,1
B00FYTDV4O,5.0,1
B00GG5XD5W,5.0,1
B00FIJBV6A,5.0,1
B00F5PZ65O,5.0,1
B00GWP2WVM,5.0,1
B00F64NIKE,5.0,1
B00F65HADO,5.0,1
B00GWRS5RU,5.0,1
B00GN76Q2U,5.0,1
B00EHAHVW4,5.0,1
B009I0BJIU,4.0,1
B0094AJONG,5.0,1
B00EHAAM7U,5.0,1
B008RRLFO8,5.0,1
B00GN68YG2,5.0,1
B009I0KP5S,4.0,1
B00F65NBKK,5.0,1
B008RRLEGM,5.0,1
B00JSJRKM0,5.0,1
B00F65WHNW,5.0,1
B00K5ND4GY,4.0,1
B00GWSD560,5.0,1
B00EH5J8OS,4.0,1
B00GWSG0PI,5.0,1
B00FZ7T80G,4.0,1
B00FIAZGIS,5.0,1
B00JSJTWSA,5.0,1
B00EHHJ69S,5.0,1
B0094BGZ3W,5.0,1
B00F644RG8,5.0,1
B00FICIE1M,5.0,1
B00F64A852,4.0,1
B00EHE73PU,5.0,1
B009HWTO5Y,5.0,1
B009HX0S30,5.0,1
B00GG10AS4,5.0,1
B00FZ7IHGC,5.0,1
B009HX7APY,5.0,1
B00EHDUCU4,5.0,1
B00EHDHFTA,5.0,1
B00GWRG1AI,5.0,1
B00EHDA1NW,4.0,1
B0094ATM56,5.0,1
B00EHCD9N2,5.0,1
B0094AJOUE,4.0,1
B00K5NDCT8,4.0,1
B00FZ8OZD0,5.0,1
B00GG0VUQG,5.0,1
B00FZC1YF8,4.0,1
B00JSFTT78,5.0,1
B009I0TJ28,5.0,1
B008RRL8QS,5.0,1
B009I129HO,5.0,1
B00904PLGA,5.0,1
B00EGWTBLC,5.0,1
B00GWTEIJC,5.0,1
B00KNTYRX4,5.0,1
B00F6822FW,4.0,1
B009I12L22,5.0,1
B00JSEVXLY,5.0,1
B009I1GL9G,4.0,1
B00EGSYJTA,5.0,1
B00904RJLK,4.0,1
B00GWTNEKQ,5.0,1
B00KAOLF5U,5.0,1
B009I1QXFI,5.0,1
B009I1U7OQ,5.0,1
B00EGWTUEK,5.0,1
B00JSIPQVI,5.0,1
B00949ZDZ0,4.0,1
B00EH0RNBI,5.0,1
B00GWSGEJK,4.0,1
B00F661MJ6,5.0,1
B008RRLBTW,5.0,1
B00F665NDW,5.0,1
B008RRLB1U,5.0,1
B00EH3LE9M,5.0,1
B00EH26DQM,5.0,1
B00JSIQ40U,5.0,1
B00FIAQHBI,5.0,1
B008RRLAQ6,5.0,1
B00GN550BU,5.0,1
B00GN4Z5J8,5.0,1
B00EGY8IQ4,5.0,1
B00GM27B2U,5.0,1
B00F67DC2A,4.0,1
B00F67I2VG,4.0,1
B008RRLAH0,5.0,1
B00EGY4Y2G,5.0,1
B00GWQZI08,5.0,1
B00KNIUXVU,5.0,1
B00JSK14LW,4.0,1
B00F63VFNW,5.0,1
B00KATX666,5.0,1
B00EHMXUZ4,5.0,1
B00FZ136HS,4.0,1
B0094DDXK8,5.0,1
B00902CFM0,4.0,1
B009HT2SBE,5.0,1
B00902CH3C,5.0,1
B00EHMU37W,5.0,1
B0094DCCQE,4.0,1
B009HTJIZ8,5.0,1
B00EHMRS5C,4.0,1
B00JST4HO4,5.0,1
B00FZ19Y5G,5.0,1
B0094D2AYS,5.0,1
B00EHMRCTY,5.0,1
B009HU5E0K,5.0,1
B00JSQYLMU,5.0,1
B00EHMPO4O,5.0,1
B00FZ0XMRI,5.0,1
B00FZ08YU8,5.0,1
B00EHN1PKU,5.0,1
B00JSVHZN2,5.0,1
B00FYZI5US,5.0,1
B00FIIKRRU,5.0,1
B00JSTRYNU,5.0,1
B00GWIEN7A,5.0,1
B00GG5T8RO,4.0,1
B009HSE200,4.0,1
B00FYZKZO2,5.0,1
B00F63U2TU,5.0,1
B00GWJBUUM,5.0,1
B00EHOH3MI,5.0,1
B008RTPMG8,5.0,1
B00FYZQD16,5.0,1
B00FZ07IB4,5.0,1
B00FZ19ZHI,5.0,1
B009HUVBOS,5.0,1
B0094BPEAM,5.0,1
B00KATRNSI,5.0,1
B00KNCZXFM,5.0,1
B00FZ40RG8,5.0,1
B00F644L32,5.0,1
B0094BP8W6,5.0,1
B00902NI6M,5.0,1
B009HUQN7S,5.0,1
B00F644LTQ,5.0,1
B00GWO37VW,5.0,1
B009HV1BQU,5.0,1
B00EHJLCO8,5.0,1
B00EHJ8LNI,5.0,1
B00KNFNG5I,5.0,1
B00KNH9EG6,5.0,1
B0094BJTVM,5.0,1
B009HVGFL6,5.0,1
B00EHISAIA,5.0,1
B00EHK2372,5.0,1
B00GM1BMZI,5.0,1
B009HUCVVU,5.0,1
B0094CCBXE,5.0,1
B00FIHHDAK,5.0,1
B00EHL6HRS,5.0,1
B00F63YA8Y,5.0,1
B00GWLDDGE,5.0,1
B00K5N32O8,5.0,1
B00EHK6X4G,5.0,1
B00F642ICS,5.0,1
B00EHKRSJ0,5.0,1
B00FIHH6FM,5.0,1
B00FZ2V8U4,5.0,1
B00FZ2VAFC,5.0,1
B008RSB70O,5.0,1
B00FZ3BXB2,4.0,1
B00JSP97AW,5.0,1
B00JSP7RIG,5.0,1
B00FIPM55A,5.0,1
B00GWF47BU,5.0,1
B00JTS1K9O,5.0,1
B00EJD9XR0,5.0,1
B00GGHADFI,5.0,1
B00KM8B5DQ,4.0,1
B00FXUU5H0,5.0,1
B00EJD8C8Q,5.0,1
B00FIY4L6M,5.0,1
B00JTLDPFS,5.0,1
B00JTKF30E,5.0,1
B009GYZKK6,5.0,1
B00GLWMOT6,5.0,1
B00F5BOENS,5.0,1
B00F5BQXHI,4.0,1
B00EJD70GQ,5.0,1
B00GW8XMWW,5.0,1
B0094IV7KQ,5.0,1
B00EJD6SMS,5.0,1
B00F5CEGVW,5.0,1
B009GZ1A4K,4.0,1
B00GW8XOW0,4.0,1
B00GGHF65U,5.0,1
B00EJDAA1S,5.0,1
B008ZSBH1A,5.0,1
B00GW8O5Q4,5.0,1
B008ZSBGBG,5.0,1
B00GGHVVCM,5.0,1
B00EJDCD4U,5.0,1
B00F5BN0JC,5.0,1
B00FIZGM5O,5.0,1
B00JTM0280,5.0,1
B00K5EAQLY,4.0,1
B00EJDBVJI,5.0,1
B00KM85BM2,5.0,1
B00EJDBMIS,5.0,1
B00JTLORRS,5.0,1
B0094IZGM6,5.0,1
B008S2WDDO,5.0,1
B00FIZGLPU,5.0,1
B00GGHNADK,5.0,1
B00GGHGOOM,5.0,1
B00FIZGLOG,5.0,1
B008S2INTM,5.0,1
B00GLUV4TY,4.0,1
B00EJDABUS,5.0,1
B00EJD6IRI,5.0,1
B008ZUFUUW,5.0,1
B009H15968,5.0,1
B00GWBL2TE,5.0,1
B00GGGZEJY,4.0,1
B008S1CHNG,5.0,1
B00GGGYN50,5.0,1
B00EJ81U1C,5.0,1
B00FXWA0UU,5.0,1
B008S1BBGK,5.0,1
B00F5DFQLU,5.0,1
B0094IMJGC,5.0,1
B00EJ8145O,5.0,1
B008S1ANZ0,5.0,1
B00EJ78FFW,5.0,1
B00EJ684OU,5.0,1
B008S1A72E,5.0,1
B00F5GM9S0,5.0,1
B00FXWCCWY,5.0,1
B00EJ3M1GA,5.0,1
B008ZVJLYC,4.0,1
B00F5CUL8O,5.0,1
B00F5CRKAQ,5.0,1
B008ZT6MA0,4.0,1
B0094IPHUM,5.0,1
B00EJD5BKI,5.0,1
B00JTJSHOE,5.0,1
B0094IR1OM,4.0,1
B0094IQX00,5.0,1
B00GGH0HNG,5.0,1
B00GWAZTVM,4.0,1
B00JTHW74W,5.0,1
B00EJD55J0,5.0,1
B0094IQPDK,5.0,1
B008ZTYVWQ,5.0,1
B00GWB2E2I,5.0,1
B00KB3AELQ,5.0,1
B00FIXWQO2,5.0,1
B00EJD3N3K,5.0,1
B00GWB1Z00,5.0,1
B00EJD2PE8,5.0,1
B00EJDD94S,4.0,1
B009GXUWX2,4.0,1
B009H48HUK,5.0,1
B00EJDECXA,4.0,1
B008S6FI28,5.0,1
B009GS28AW,5.0,1
B00GW5WXFW,5.0,1
B00GNG6YKK,5.0,1
B00EJJ9IO2,5.0,1
B00GNG5WG2,5.0,1
B00KB3VOPQ,5.0,1
B009GSCOCO,5.0,1
B008S5ZOHS,4.0,1
B009GSCXSY,5.0,1
B009GSFNHC,5.0,1
B00FXOPP80,5.0,1
B0094JKVOI,4.0,1
B00FIZGMU4,5.0,1
B009GSG5VK,5.0,1
B008S5L3BO,5.0,1
B008S5CV06,5.0,1
B00GW5ZAX4,5.0,1
B00GNFS4T0,4.0,1
B00GW618AC,5.0,1
B00F56ZDJM,5.0,1
B008S4XRDC,5.0,1
B0094JEOIM,5.0,1
B00JTNO898,5.0,1
B00KM7RZUO,5.0,1
B00GGI88CW,5.0,1
B00EJMORHW,4.0,1
B00EJMOAYM,5.0,1
B00FXMU51O,5.0,1
B009GPPYMY,5.0,1
B00F548SC8,5.0,1
B00FXOGIRW,5.0,1
B00FXOPOFE,4.0,1
B00EJMHSH8,5.0,1
B00GW5TV02,5.0,1
B00EJLV8T8,4.0,1
B00JTR02ZS,5.0,1
B00F54MIGA,4.0,1
B008S6HPEC,5.0,1
B00F55300W,5.0,1
B00F587LAO,5.0,1
B008S4S9RQ,5.0,1
B008ZRIKFC,5.0,1
B008ZRX06Q,5.0,1
B00JTMV6U8,5.0,1
B00EJDHWY6,5.0,1
B008S41XEM,5.0,1
B00EJDHSUE,4.0,1
B00F59JJGM,5.0,1
B008S3OK0W,4.0,1
B00EJDHH7I,5.0,1
B00EJDHDAY,5.0,1
B008ZSBB0M,5.0,1
B00F5BC4G2,5.0,1
B00GW7Q2SE,5.0,1
B008ZSBFS0,5.0,1
B009GXBT7U,4.0,1
B00F5BH94Y,4.0,1
B00EJDIQZU,5.0,1
B00GW6RD6A,5.0,1
B00FXRFBN6,5.0,1
B00EJEZA12,4.0,1
B009GU57JO,5.0,1
B0094JEKR2,5.0,1
B009GUF7EO,5.0,1
B0094J6SU4,5.0,1
B009GUMI8W,4.0,1
B008ZRKQ2M,5.0,1
B0094J5V34,5.0,1
B00K5DZ3KO,5.0,1
B00EJDJCQC,5.0,1
B00FXRN7QE,5.0,1
B00KM7S814,5.0,1
B00F58XX8I,5.0,1
B008S4GWFW,5.0,1
B00F592EQO,5.0,1
B008S4G5V8,5.0,1
B009GW2MMM,5.0,1
B00EJDLPK8,5.0,1
B00FXRWD8M,5.0,1
B008RZ9E2A,5.0,1
B00FITW0KG,4.0,1
B00EIIIRI2,5.0,1
B00FY8Q5FC,5.0,1
B009HB4I8I,5.0,1
B009HB7XWQ,5.0,1
B00GGBYILY,5.0,1
B00FITH48O,4.0,1
B00K5K4IJ4,4.0,1
B00FY8Q9SU,5.0,1
B00FY8QE3A,5.0,1
B00EIH18ZM,4.0,1
B00FY8WYUC,5.0,1
B00EIGY814,4.0,1
B00FITEGP8,4.0,1
B00F5LUDF6,5.0,1
B00EIGUVBA,5.0,1
B009H9HUU8,4.0,1
B00KMVFKU2,5.0,1
B0094H5RRG,5.0,1
B00F5KDOD0,4.0,1
B00GNCIQBY,5.0,1
B00GGDT84Y,5.0,1
B00FY7MMKK,5.0,1
B00GWDM8YK,5.0,1
B00JT3HO8A,5.0,1
B008RZ4GC8,5.0,1
B008RYZ7EU,5.0,1
B00JT0HANW,5.0,1
B00GLXS3BS,5.0,1
B00JSZWND0,5.0,1
B00GGD5M30,5.0,1
B00GGCWNGK,5.0,1
B00EIIT8LM,5.0,1
B00EIIR080,5.0,1
B00EIGRW3K,5.0,1
B008ZZIMQQ,5.0,1
B009HD3JHC,5.0,1
B00EI5J248,5.0,1
B00F5OZF10,4.0,1
B00FYHTT92,5.0,1
B00KMZHBOQ,5.0,1
B009HEF98I,5.0,1
B00FYI9BOO,5.0,1
B00JSYI2BI,5.0,1
B0094GHJI2,4.0,1
B00F5PK0LE,5.0,1
B00GWERGSW,5.0,1
B00FYJX1O4,5.0,1
B00FIPM9O2,4.0,1
B009HELZ5Y,5.0,1
B00KMZHX62,4.0,1
B00GWF3PQS,4.0,1
B008RX06DS,5.0,1
B00EI5HIB2,5.0,1
B00F5PU0O6,4.0,1
B009HC63TE,5.0,1
B009HBOIEW,5.0,1
B008ZZWF28,5.0,1
B00EIF7NH6,5.0,1
B00EID13Y2,5.0,1
B00FYCYTPG,5.0,1
B00EICWB26,5.0,1
B00FIT1T6C,5.0,1
B00FISZQ8A,4.0,1
B00JSYPUWW,5.0,1
B00FIRQDGU,4.0,1
B00GGBCU6Y,4.0,1
B008RYSRZ6,5.0,1
B00GGBBECU,5.0,1
B009HBZHL0,4.0,1
B00F5OVE1A,5.0,1
B00FYH9ZL4,5.0,1
B00EI90Z0Y,5.0,1
B008RYQ38E,5.0,1
B00JSYM4OY,5.0,1
B00EI8FOZG,4.0,1
B00FY6Y24A,5.0,1
B00FY6TKRY,4.0,1
B008ZVXINC,4.0,1
B008RZCUBW,5.0,1
B008S0G4Y0,5.0,1
B00FY0UJXE,5.0,1
B008S0FDF6,5.0,1
B00JT4C1IW,4.0,1
B00GGGDJSM,5.0,1
B00EJ1OMZ0,5.0,1
B0094IKUHW,5.0,1
B00K5J6WOY,4.0,1
B00EJ0JRZQ,5.0,1
B00F5HW4ZC,5.0,1
B008S0F0P4,5.0,1
B00GWCVZYU,5.0,1
B00KMI12K2,5.0,1
B008S0EUXW,5.0,1
B00EIZTQ8U,5.0,1
B00GWCXGFQ,5.0,1
B00EIYZHBG,5.0,1
B00KMTU7SY,5.0,1
B00FIWB9C8,5.0,1
B00FY153N4,5.0,1
B008S0E47O,5.0,1
B00FIWAZPU,5.0,1
B00EJ2N6RO,5.0,1
B008S0IKD8,5.0,1
B00GWBZH3Q,5.0,1
B00JT9BI4K,5.0,1
B00FIXPM2A,5.0,1
B00EJ3DESE,5.0,1
B00FIXM2IW,4.0,1
B00FXWUZNM,5.0,1
B00EJ3D074,5.0,1
B00FIXK66W,5.0,1
B00F5H12OG,5.0,1
B00GGGM8BG,5.0,1
B00FXYDZQY,5.0,1
B00JT6H5EA,5.0,1
B00GLXN9SU,5.0,1
B00988E10U,5.0,1
B008S0KSY2,5.0,1
B008S0INEY,4.0,1
B00FIWG1NA,5.0,1
B008S0D4PM,5.0,1
B0094H5S5C,5.0,1
B00JT3RS1S,5.0,1
B00FY5FV7S,4.0,1
B00FIV7XGK,5.0,1
B008RZQ37O,5.0,1
B0094H9O1G,5.0,1
B00EIQESM8,5.0,1
B00FY5QUT6,5.0,1
B008ZYBX7W,5.0,1
B009H7MJT2,5.0,1
B00EIOM4IU,5.0,1
B00FY4VICQ,5.0,1
B00EIND90S,5.0,1
B009H7QGG4,5.0,1
B00EIMN9AO,5.0,1
B008RZDI9A,4.0,1
B00FY6KG2M,5.0,1
B008RZD688,5.0,1
B009H8IU1M,4.0,1
B00EIQRH6C,5.0,1
B009H5HGUQ,4.0,1
B00GWCXL4M,5.0,1
B00GND1F7K,5.0,1
B00FY37AOC,5.0,1
B00EIWW39W,4.0,1
B0094IBF26,5.0,1
B008S04RHQ,5.0,1
B00EIWCHRK,5.0,1
B008S047XA,5.0,1
B00GGG25BY,4.0,1
B00FIWAZ3C,5.0,1
B00GGFTA8Q,5.0,1
B00FIW1KZ4,5.0,1
B00GGFHLLE,5.0,1
B009H6ZKB2,5.0,1
B00GNCW1XI,5.0,1
B009H74IXC,5.0,1
B009H7EZ5S,5.0,1
B009H7IOSW,5.0,1
B00EMJ4466,5.0,1
B00JUUPIHQ,5.0,1
B00FU2DFHI,5.0,1
B00GTZG2VG,5.0,1
B00FU2DIS4,5.0,1
B00FU2F9RW,4.0,1
B009DQKLQK,4.0,1
B00GTZOOCK,5.0,1
B00GO6SB2I,4.0,1
B00FU2FW2O,4.0,1
B00EOXEPRI,5.0,1
B00FU2JDRY,5.0,1
B00EOWKTH4,5.0,1
B00F3AAYUI,4.0,1
B00EOWKQL8,5.0,1
B008U53GYO,4.0,1
B008U4WRP4,5.0,1
B00FU4CJFA,5.0,1
B00EOWD6M4,5.0,1
B00EOWA2CQ,5.0,1
B00FU2BE6W,5.0,1
B009DP7SYE,4.0,1
B009613ERU,5.0,1
B009DPLSUY,5.0,1
B00EOZA48K,5.0,1
B00EOZ4D6O,5.0,1
B00EOYWW68,5.0,1
B00F39R7MW,5.0,1
B00FKW7HHW,5.0,1
B00FU2ASFK,5.0,1
B00FU2BI72,5.0,1
B00FU2D7AS,4.0,1
B00JVXZV9C,4.0,1
B00FU2BOC6,5.0,1
B00KJO5PWA,5.0,1
B00FU2CJYI,5.0,1
B00EOY9L6W,5.0,1
B008U5QIEE,4.0,1
B00GTYIYX6,5.0,1
B00FU2CV96,5.0,1
B00EOVOB92,5.0,1
B00F3ABAVK,5.0,1
B00FU4D5TE,5.0,1
B00FU59BJG,4.0,1
B00FKW4O82,5.0,1
B00FKW34DS,5.0,1
B00GU0IVSM,5.0,1
B00FKW2LP0,5.0,1
B00GU0OYK6,5.0,1
B00FU59ULU,5.0,1
B00FU4IMZG,4.0,1
B00F3C0WHQ,4.0,1
B00GU10G4I,4.0,1
B00FKW008K,5.0,1
B00EOUJV3Y,4.0,1
B00GU13K32,5.0,1
B00GU18EC4,5.0,1
B00K3YFW9M,4.0,1
B00GLOKCV6,5.0,1
B00FKW5OUY,5.0,1
B008YS7TD6,5.0,1
B00F3AG6ZU,5.0,1
B00FU4DJ2W,5.0,1
B00FU4F0QK,5.0,1
B00FU4F2EU,5.0,1
B008U48LIQ,4.0,1
B009DROGS8,5.0,1
B00EOVO8RC,5.0,1
B00EOVNZDA,5.0,1
B00JVWI4KQ,4.0,1
B00960PT8I,5.0,1
B00FU4F87Q,5.0,1
B008U3ZVLM,5.0,1
B009DSM80K,5.0,1
B008U3ZDEW,5.0,1
B009DSU2BM,5.0,1
B00FKW5XQY,5.0,1
B00F3BNNF0,5.0,1
B008U5QOPM,5.0,1
B00GTYBB72,5.0,1
B00F3CVTK0,5.0,1
B009613JEI,5.0,1
B009DKLG5Q,4.0,1
B00961R2RI,5.0,1
B008U5SA9K,4.0,1
B009DKWAQA,5.0,1
B008U5S9WS,5.0,1
B00FKZ09X8,5.0,1
B00KBKW7DW,5.0,1
B00FKYYNOA,5.0,1
B00FU06X5G,4.0,1
B00961HC9G,5.0,1
B00GO78T3S,4.0,1
B00FU0WAIU,4.0,1
B009DLDG9Y,5.0,1
B009DLXBW6,5.0,1
B00EP5FJRU,5.0,1
B00JVZ1K0O,5.0,1
B00EP5JSTA,5.0,1
B008YQNDEW,4.0,1
B00FTKFUCO,4.0,1
B00JVZGNAG,5.0,1
B00FTOF8RC,5.0,1
B00FTOI586,5.0,1
B00GO7S2R6,4.0,1
B009DKJWUC,4.0,1
B00GTX7GV8,5.0,1
B00FTP8JHM,5.0,1
B00EP5J1OC,4.0,1
B00FKZ0B0O,5.0,1
B00FTTJ5IA,5.0,1
B00961WGS8,4.0,1
B008YQO206,5.0,1
B00K3O1XLI,5.0,1
B00FTULBTK,5.0,1
B00JVZDE9Y,4.0,1
B00FTUMBA8,5.0,1
B00FKYY8VS,5.0,1
B009DM6NM0,5.0,1
B009DMDBTI,5.0,1
B00FU25G6G,5.0,1
B009DNTO34,5.0,1
B008U5RIXY,5.0,1
B00F39L660,5.0,1
B009DNVTAK,5.0,1
B009DNWJ2W,5.0,1
B00EOZZ1SS,5.0,1
B009DOUIEM,4.0,1
B009DOUSUG,5.0,1
B009DOYSDO,4.0,1
B00FKY6VNQ,5.0,1
B009DP1ELC,5.0,1
B008U5RCEY,4.0,1
B00FU27PC4,5.0,1
B008U5R03M,5.0,1
B00F39JYZ0,5.0,1
B00F39F7WO,5.0,1
B009618UAQ,5.0,1
B009DN0MMG,5.0,1
B00JVY7JFA,5.0,1
B00GHYD3N4,5.0,1
B00FKYQ104,5.0,1
B009DNCF6W,5.0,1
B00EP38OME,4.0,1
B00EP2QFJY,4.0,1
B009DNQQ94,5.0,1
B009DNH580,5.0,1
B00FU23FDW,4.0,1
B00JVY4AV6,5.0,1
B00EP12AJE,5.0,1
B00FU23J0G,5.0,1
B009DNNJ4Y,5.0,1
B009DNOERA,5.0,1
B00GU1FL1Q,5.0,1
B00FU5HHVA,5.0,1
B008TYMVRO,5.0,1
B00FU5IQVU,5.0,1
B00FU5JGXC,5.0,1
B0095Z0Q9G,5.0,1
B009ECDA8E,4.0,1
B009ECL2NY,5.0,1
B00EOP2NAM,5.0,1
B00FU5JIS0,5.0,1
B00F3FEGE8,5.0,1
B008YW87X8,5.0,1
B00F3FEI0A,5.0,1
B0095YLV1Y,5.0,1
B00F3FF278,4.0,1
B00EOP1N62,5.0,1
B00FKRGUM0,5.0,1
B00FU5JUI8,5.0,1
B008TYLAP8,5.0,1
B00EOP0XJA,5.0,1
B00EOOZFI0,5.0,1
B009ECTWHM,4.0,1
B00F3FE0OO,4.0,1
B0095ZB2DA,5.0,1
B00EOP3MY8,4.0,1
B009E98XYI,5.0,1
B0095ZFB8C,5.0,1
B008YW83LO,5.0,1
B00GU1FUDK,4.0,1
B0095ZEX22,5.0,1
B009E9HAIS,5.0,1
B00FU5G7I4,5.0,1
B009EA3428,5.0,1
B009EBBS0M,5.0,1
B009EC7AT4,5.0,1
B009EBJK9S,4.0,1
B008TYPBQW,5.0,1
B00FU5GAOA,5.0,1
B00GLOMKKM,5.0,1
B0095ZD7UQ,5.0,1
B00GU1HDD0,5.0,1
B009EC4UB0,5.0,1
B00FU5H1Z2,5.0,1
B00F3FFNYA,5.0,1
B00FU5LB94,5.0,1
B00F3FH5LO,5.0,1
B008YW8AXU,5.0,1
B00FU6LBBQ,5.0,1
B00K4APBC8,5.0,1
B0095WEDV6,5.0,1
B00EOOUO68,5.0,1
B0095VVNLA,5.0,1
B00GHWWPLM,5.0,1
B00EOOTWDY,5.0,1
B0095WM99O,4.0,1
B00EONRZ7K,4.0,1
B008YWPV1E,5.0,1
B009EDSFQU,4.0,1
B008TYJ03W,5.0,1
B00EON1346,4.0,1
B008TYJOGU,5.0,1
B00EOOUREC,5.0,1
B00EOOYLZS,5.0,1
B00FKQKX60,5.0,1
B00F3FG51A,5.0,1
B008TYKDHO,4.0,1
B009ECZEPG,4.0,1
B009ED20XO,5.0,1
B00FU5LUEA,5.0,1
B0095YCJG0,5.0,1
B00EOOXYC4,5.0,1
B008TYKCXY,5.0,1
B00K47AUOK,4.0,1
B009ED7XQS,5.0,1
B00K41NIMC,5.0,1
B009EDAQOO,4.0,1
B00EOOXQH2,5.0,1
B00GU1S74O,5.0,1
B00EOOXCHQ,5.0,1
B009EDEZP0,4.0,1
B00EOOX8VG,5.0,1
B00EOOWDDK,5.0,1
B00EOP5BJ2,5.0,1
B00960EMQS,5.0,1
B00F3F0B5Q,4.0,1
B00EORDWCS,4.0,1
B00GO6Q170,5.0,1
B009DX4056,5.0,1
B009DZKCI8,4.0,1
B009DZKFRG,5.0,1
B00GU1FR24,4.0,1
B00K400H2C,4.0,1
B00KJSCCPE,5.0,1
B00FU5BWTI,5.0,1
B00EOR95RE,5.0,1
B00KJWO5M8,5.0,1
B008U1A83U,4.0,1
B00EOQVMTY,5.0,1
B00GO5QL3A,5.0,1
B009DZKPQW,5.0,1
B009DZKUVC,5.0,1
B00GLOLQKC,5.0,1
B009DZLCE6,4.0,1
B00KJS925M,4.0,1
B00EORFHVW,5.0,1
B00EOSE4J2,5.0,1
B008YS8JOE,4.0,1
B00FU5A6YU,5.0,1
B00FU5AMJO,5.0,1
B00EOSM0SE,5.0,1
B0095ZZBLO,5.0,1
B00GU1FQ1G,5.0,1
B008YS921I,5.0,1
B0095ZZ9HA,5.0,1
B00EOSBLTS,5.0,1
B00FU5AZUA,5.0,1
B00KJS8406,5.0,1
B00FU5B3NS,5.0,1
B00FU5B7C0,5.0,1
B008U2DHYG,5.0,1
B00GHXH0VQ,4.0,1
B008YSRW6K,5.0,1
B00F3D1SZK,5.0,1
B00F3DMPSE,4.0,1
B00FKSWNSY,5.0,1
B00F3DVJNG,5.0,1
B008TZBRCS,5.0,1
B009E6TNFE,4.0,1
B00GU1FS96,5.0,1
B009E6Y1LA,5.0,1
B009E7RFQW,5.0,1
B00GLOLZMG,5.0,1
B008YV9MHE,5.0,1
B0095ZQNLG,5.0,1
B00F3E0O5O,4.0,1
B00FU5E36W,5.0,1
B008TZ6WNC,4.0,1
B009E7Z9HE,5.0,1
B008TYQWZQ,5.0,1
B00F3ES6HC,5.0,1
B009E8Q7HY,4.0,1
B00EOP7V0Y,5.0,1
B00FU5FSEI,5.0,1
B009DZQJO4,4.0,1
B00FU5CYE0,5.0,1
B009DZW4U2,5.0,1
B00EOQBHPS,5.0,1
B009DZXZ7S,5.0,1
B00EOQ9STA,5.0,1
B009E1QT6A,5.0,1
B009E1UCW2,5.0,1
B00EOQ70MC,5.0,1
B009E25WIK,5.0,1
B00EOQ6SUW,5.0,1
B00EOQ63VG,5.0,1
B009E6NVT8,5.0,1
B009E5EPQC,4.0,1
B00EOQ5BTQ,5.0,1
B008YUM1ZA,5.0,1
B00FU5DPCK,5.0,1
B009E5G420,5.0,1
B00FU5DUMA,5.0,1
B008YUW4DY,5.0,1
B00EOP9DSM,5.0,1
B00FU5DVJ2,5.0,1
B009E60N6M,4.0,1
B009E6APDS,4.0,1
B00GI02QXK,4.0,1
B00FJQM5KS,4.0,1
B00GTRK1WU,4.0,1
B00963YHWO,5.0,1
B00EPLDCKA,4.0,1
B00EPKZ3OE,5.0,1
B00FSBOTGW,5.0,1
B00EPKTNRM,5.0,1
B00EPKT2L4,5.0,1
B00EPKCPQI,5.0,1
B00JWTJSE4,5.0,1
B00FSBPCBS,5.0,1
B009DCV0RI,5.0,1
B00FL28P3Q,5.0,1
B00EPK9V3S,5.0,1
B009DCVN1Q,5.0,1
B00GOB0VZS,5.0,1
B00EPK7R98,5.0,1
B00EPJYLPM,5.0,1
B00EPJVL0K,5.0,1
B008UFBOFC,5.0,1
B00FSBQMEO,5.0,1
B00FSBR7M0,5.0,1
B00GOB7ZRA,5.0,1
B00GOBGFD0,5.0,1
B008UG5V96,4.0,1
B008UG60XW,5.0,1
B00EPN271S,5.0,1
B00964O1P6,5.0,1
B008UG5VUK,4.0,1
B00EPMOFLY,5.0,1
B00EPMFDDS,5.0,1
B00JWUCTRQ,5.0,1
B00FSBNYKO,5.0,1
B009DCTREG,5.0,1
B00964IVL6,5.0,1
B00EPMBJ86,5.0,1
B00F2VZ5N4,5.0,1
B00FSBO4PS,5.0,1
B00GLNCD7I,5.0,1
B00GI0FOJI,5.0,1
B00FSBOL4W,5.0,1
B009DCW4DM,5.0,1
B00GTRQDPE,5.0,1
B00GTT93AE,5.0,1
B008UEPXPA,5.0,1
B00EPG7TVS,5.0,1
B008UEPGE8,5.0,1
B00EPG3SFO,5.0,1
B00FSFMUVY,5.0,1
B00GI0C0KY,5.0,1
B00EPG2QJI,5.0,1
B00963Y35A,5.0,1
B00JWM7N1Q,5.0,1
B00FSGIZS0,5.0,1
B00GI0CGNA,5.0,1
B00JWLJW3E,4.0,1
B00GOAUAPK,5.0,1
B00FSJUM06,5.0,1
B00F2WT8AE,5.0,1
B00FSK1JSY,5.0,1
B00F2XA9TC,5.0,1
B00GI0AOUC,5.0,1
B00GTUGJ6O,5.0,1
B00FSF19SY,5.0,1
B00JWR46RA,4.0,1
B00FSBR90U,5.0,1
B00F2W5FV0,5.0,1
B00EPJGG9Q,5.0,1
B00KJ1G61W,5.0,1
B00FL24DE6,5.0,1
B00FSBWBUS,5.0,1
B00FSBWDR4,5.0,1
B009DCX576,5.0,1
B00FL22X9S,5.0,1
B00JWOD0Q6,5.0,1
B008YPEMGG,5.0,1
B008UESBI6,5.0,1
B008UF2BB8,4.0,1
B00EPGSPES,5.0,1
B009DCXC7Y,5.0,1
B00EPGIWXW,5.0,1
B009DCXPYY,4.0,1
B00FSDKE1O,4.0,1
B009DCXQWK,5.0,1
B00GTV7E12,5.0,1
B00EPS18PY,4.0,1
B00EPRWHO6,5.0,1
B008UJ0QU2,5.0,1
B00GI0J5IY,5.0,1
B009D7Z5CY,4.0,1
B00GTNZDPE,4.0,1
B008UIP55E,5.0,1
B008UIINIU,5.0,1
B00GI0IXYQ,5.0,1
B00K3ISCLS,5.0,1
B00EPQTTGQ,5.0,1
B00EPQQKUO,5.0,1
B00F2RR3Z6,5.0,1
B00FSBI27E,5.0,1
B00GTNZR9G,4.0,1
B00EPQBOP0,4.0,1
B00EPQ6V2G,5.0,1
B00GI0IJPO,5.0,1
B009D89RV8,5.0,1
B00FSBIZW6,4.0,1
B00EPQ6J28,5.0,1
B00JWZ64TU,5.0,1
B008UJ1S22,5.0,1
B00GI0KYZC,5.0,1
B009D6FP4S,5.0,1
B00FSAF9W6,5.0,1
B00GI0L39S,5.0,1
B00FL33UR6,5.0,1
B00EPVCF12,5.0,1
B00GTNZAZW,5.0,1
B00EPV4ZU6,5.0,1
B00F2RF53I,5.0,1
B008YNAIV6,5.0,1
B00GI0K9ZC,5.0,1
B00EPU8ZVW,5.0,1
B00FSBG9VA,5.0,1
B00EPTRYE2,4.0,1
B00EPT7FN2,4.0,1
B00GTNZBGK,5.0,1
B008UJDN16,5.0,1
B00FL31ODI,5.0,1
B00FSBHJS2,5.0,1
B00GTNZDBS,4.0,1
B00EPQ0YHO,5.0,1
B009D89UXI,5.0,1
B009D8B0JK,5.0,1
B00EPOIZJ0,5.0,1
B009D8ZVYA,5.0,1
B008YO10Q2,5.0,1
B00F2RUKEW,4.0,1
B00EPOKSJK,5.0,1
B009D9DA9M,5.0,1
B00JWXQA9G,5.0,1
B00EPOJZK8,5.0,1
B00JWVC4WA,5.0,1
B00GTO0LKA,5.0,1
B00GTO0R5Y,4.0,1
B00EPO4HEC,5.0,1
B00EPO4CCE,5.0,1
B00KIZNG12,4.0,1
B00FL2DKWW,4.0,1
B00JWUKS10,5.0,1
B00FL2AV6A,5.0,1
B00FSBNCR4,5.0,1
B009D9P0Z4,5.0,1
B00GTO09HA,5.0,1
B00FSBMS1K,4.0,1
B008YNMQZW,5.0,1
B00GI0IA7Q,5.0,1
B008UG6DQQ,5.0,1
B00FL2L952,5.0,1
B00FSBJAPC,5.0,1
B00FL2F41M,5.0,1
B00F2RUBTQ,5.0,1
B008UG6AXW,4.0,1
B00GTNZW0K,5.0,1
B00GTNZZ0M,5.0,1
B00GTO01I2,4.0,1
B00KBOW2RO,5.0,1
B00EPP3DZU,5.0,1
B00GI0HH1Q,4.0,1
B00GTO03MG,4.0,1
B00FSBKHS6,5.0,1
B009D8LUJU,5.0,1
B00GI0H2KW,5.0,1
B00GTO0740,4.0,1
B009D8UDZC,5.0,1
B00FSBMJHI,5.0,1
B008UG673A,4.0,1
B009DEFNLU,5.0,1
B00GTV8M3Q,5.0,1
B009DKCXH6,5.0,1
B00F35YJG8,5.0,1
B009DHAPQU,5.0,1
B009DHATRA,4.0,1
B00GI05DPI,5.0,1
B009DHAVFA,5.0,1
B008UB84CM,5.0,1
B00EP7MC78,5.0,1
B009DHB0W8,4.0,1
B009DHB1EU,5.0,1
B00EP7L8NC,5.0,1
B00961YXLQ,4.0,1
B00EP7KPJA,5.0,1
B009DHB9H4,5.0,1
B009DHBBG8,5.0,1
B009DHBBO0,5.0,1
B009DHBCB2,5.0,1
B00EP7KKVS,5.0,1
B00EP7JJWO,5.0,1
B00JW1NIJ8,4.0,1
B00F36A9KC,4.0,1
B00GI06NUW,5.0,1
B00GTW8UJ6,5.0,1
B00GTW52JM,5.0,1
B00GOA4J84,5.0,1
B00EP7UF4U,5.0,1
B009DHAA6U,4.0,1
B009DHAAUG,5.0,1
B00JW1ZLE8,5.0,1
B00GLO7D5Y,5.0,1
B00EP7RT8U,5.0,1
B00EP7RQFG,5.0,1
B00F360IDK,5.0,1
B00EP7OMFS,5.0,1
B008UBAH1I,5.0,1
B0096236NQ,5.0,1
B00F369QTW,5.0,1
B00EP7Q83C,5.0,1
B009DHAEZM,4.0,1
B009DHAMXQ,5.0,1
B00FT9XA7M,5.0,1
B008UBAEY8,5.0,1
B008UB8HZG,5.0,1
B00EP7PXJM,5.0,1
B009DHBFT6,5.0,1
B00EP7IBC8,5.0,1
B009DHBLYU,5.0,1
B00JVZIYRQ,5.0,1
B00GO8UMMI,4.0,1
B009DI966E,5.0,1
B00KJK2IF6,4.0,1
B009DJ6U4O,5.0,1
B00EP68CJG,5.0,1
B009DJC9NA,5.0,1
B00961YOT2,5.0,1
B008UAF1YM,4.0,1
B00FTJTVUM,5.0,1
B00JVZIAI4,5.0,1
B00961YO10,5.0,1
B00GTX5PDE,5.0,1
B009DJUF3G,5.0,1
B00EP62T9A,5.0,1
B00961YLCW,4.0,1
B009DJY5NC,5.0,1
B009DK141M,5.0,1
B00FTGKTL0,5.0,1
B008UAQOZ2,5.0,1
B00961YU6Y,5.0,1
B008UAPFV6,5.0,1
B00EP6Z8ZW,5.0,1
B00EP6SHVY,5.0,1
B009DHBNUW,5.0,1
B00FKZXY80,5.0,1
B009DHBOFG,5.0,1
B00FKZEELG,5.0,1
B009DHGCUS,5.0,1
B008UAKM7S,5.0,1
B00GI03F08,5.0,1
B00FTD3SSO,5.0,1
B00GLOAH98,5.0,1
B009DI15UO,5.0,1
B009DI2LM0,5.0,1
B00EP6B8S8,5.0,1
B009629VUS,5.0,1
B009DHA9CA,5.0,1
B009DFWNN0,5.0,1
B00FSTK512,5.0,1
B00GTVPVFS,5.0,1
B00EPBANHU,5.0,1
B009DFYRNE,4.0,1
B00963X7MU,5.0,1
B00F31M96Y,5.0,1
B00EPB66WG,5.0,1
B00FSUL790,5.0,1
B008UDHVBK,5.0,1
B00JW8QOWY,4.0,1
B00JW8Q73U,5.0,1
B00EPB1LOY,5.0,1
B009DG9POE,5.0,1
B009DG9R0Q,5.0,1
B009DG9XAK,5.0,1
B009DG9YFE,4.0,1
B00EPAKSEE,5.0,1
B009DGC834,5.0,1
B00JWIPQQE,4.0,1
B00GTVPV94,5.0,1
B00GLNP6G8,5.0,1
B009DF7QY6,5.0,1
B00GTVJ7OO,5.0,1
B00GI0AAQA,5.0,1
B00FSOSPLY,5.0,1
B00EPEJ1BQ,5.0,1
B00963XH2A,5.0,1
B00963XCR0,5.0,1
B00963X8KG,5.0,1
B00KJC9BXQ,5.0,1
B008YQ3DO2,5.0,1
B00JWJAAYG,5.0,1
B00FSOTHKM,5.0,1
B00JWJ9OKC,5.0,1
B00EPECWSK,5.0,1
B00GI08ST6,5.0,1
B00963X824,4.0,1
B00FL2052A,5.0,1
B00EPE71B8,5.0,1
B00FSOTG3A,5.0,1
B00FSXFXJW,5.0,1
B00KJG8GGK,5.0,1
B00FL0R8S6,5.0,1
B00GI074GE,5.0,1
B00FT8RXXK,5.0,1
B009DHA2DQ,5.0,1
B009DHA45M,5.0,1
B00EP866YM,5.0,1
B00EP83RD0,5.0,1
B00F331FVC,5.0,1
B008UCC7RE,5.0,1
B00FT8UBOS,5.0,1
B008UBVFRI,4.0,1
B00FL0EHMG,4.0,1
B00F32ZHXK,5.0,1
B00962D1EK,5.0,1
B00EP8397O,5.0,1
B00GLNYQI2,4.0,1
B009DHA4FC,5.0,1
B00962CZQ0,5.0,1
B00GLO6OCW,5.0,1
B00JW4FCUS,5.0,1
B00EP81DYU,5.0,1
B009DHA59C,5.0,1
B00FT5V71C,5.0,1
B00KJH43JI,5.0,1
B00FT48JHI,5.0,1
B00F32ALZO,5.0,1
B008YQ6H5O,5.0,1
B009DH9020,4.0,1
B00FSZPK2U,5.0,1
B00962DFPK,4.0,1
B00GI074R8,5.0,1
B00JW770MI,5.0,1
B00FL1Y522,5.0,1
B00EP8DCBC,5.0,1
B009DH96GK,5.0,1
B008UCZDT8,5.0,1
B00GTW4S3S,5.0,1
B008UD02D4,4.0,1
B00EP8CUVK,5.0,1
B00FL15MWE,5.0,1
B00EP89TDM,5.0,1
B009DH9IBI,5.0,1
B00FL0SNNU,5.0,1
B009DH9N4U,5.0,1
B008UCZOZQ,5.0,1
B008UCZIHK,5.0,1
B00FU6M4VW,5.0,1
B0095VI7UU,5.0,1
B008Z5J8T6,5.0,1
B008TEBYCC,5.0,1
B009F72SK4,5.0,1
B00GNSZU80,5.0,1
B00FVJDTNA,5.0,1
B00GH4TKUO,5.0,1
B00F3VF55Q,5.0,1
B00GUOGOLE,5.0,1
B00FVPY21C,5.0,1
B008TDBROI,4.0,1
B00JVAGLEY,5.0,1
B008Z623Y2,5.0,1
B00FK3J2VA,5.0,1
B009F7LGBQ,5.0,1
B00GUOQQ5S,5.0,1
B00ENC6Z3W,5.0,1
B00ENA6MSC,4.0,1
B0095G8PYI,5.0,1
B00FVJCCQU,5.0,1
B00GH4X6O0,5.0,1
B008THP4Z2,4.0,1
B009F2CLME,5.0,1
B009F2JTVK,4.0,1
B00FVJ0UDC,5.0,1
B009F3C29U,5.0,1
B00FVJ13UQ,4.0,1
B008TJ5SJM,5.0,1
B00FVJ36LU,5.0,1
B00FVJ56NG,4.0,1
B00F3V785G,5.0,1
B00GLP81PY,5.0,1
B009F6U5V4,5.0,1
B00GH4YBC6,5.0,1
B00FK4KIR6,5.0,1
B008Z61EMY,4.0,1
B009F71COM,5.0,1
B00ENFIC44,5.0,1
B008TDAQ22,5.0,1
B00EN57IZI,5.0,1
B00GLPAGDY,5.0,1
B00EN57O0M,5.0,1
B00EN57MQ8,5.0,1
B00FVSO9D0,5.0,1
B00FVSVBJU,4.0,1
B00EN57MH2,5.0,1
B0095F1HLW,4.0,1
B00GH4PDHI,5.0,1
B009FATAFW,5.0,1
B00EN57IBC,5.0,1
B008TAL26O,5.0,1
B00GNP15Q4,4.0,1
B00EN57FDS,5.0,1
B00EN57A74,5.0,1
B008Z65GU0,4.0,1
B009FBR0NA,5.0,1
B00FVUJ3QG,5.0,1
B00EN6BR7W,5.0,1
B008TD8ZTI,5.0,1
B008TD8X1S,5.0,1
B00FVRKW8C,5.0,1
B00ENA399W,5.0,1
B008TCJSEU,4.0,1
B00GNQJQQY,4.0,1
B008TC2Y7S,4.0,1
B00ENA2T4S,5.0,1
B00GUP4B4A,5.0,1
B00EN9CQEM,5.0,1
B00EN8VAMW,4.0,1
B009F970SW,5.0,1
B00FVRUWBO,5.0,1
B00GH4PN14,5.0,1
B0095FJ5ZW,5.0,1
B00EN7MHTI,4.0,1
B0095F316G,5.0,1
B009FA3HGU,4.0,1
B00EN6VROA,5.0,1
B00EN6TO18,5.0,1
B00GNPM32E,5.0,1
B00ENHZ6PK,4.0,1
B00FVHH2H6,5.0,1
B00JV8FM2I,4.0,1
B0095H372C,5.0,1
B00KBB6DPE,5.0,1
B00GUL0FDA,5.0,1
B00ENOMLIS,5.0,1
B009EZD5D6,5.0,1
B009EZD6KI,5.0,1
B00FV9PK0U,5.0,1
B009EZDDQA,5.0,1
B00GLP7D2G,5.0,1
B00GULAO2C,4.0,1
B009EZWUT6,4.0,1
B0095IT6FI,5.0,1
B00GLP7IQ2,5.0,1
B0095IPMSI,5.0,1
B00GULQG9C,5.0,1
B00KKBTG9A,5.0,1
B00FK8N7PW,5.0,1
B00FK8K7U0,5.0,1
B009EZ0ET4,5.0,1
B00GNTQ98E,5.0,1
B00FV9EAII,5.0,1
B00ENQ6ZEC,5.0,1
B00FKAU474,5.0,1
B00F3SP8NS,5.0,1
B00FV5JDZC,5.0,1
B00ENPNLNQ,5.0,1
B00FV5O8VG,5.0,1
B00GUJHKOY,5.0,1
B00JVFB32Y,5.0,1
B008TNCARG,5.0,1
B00FKAQASQ,5.0,1
B0095JC85M,5.0,1
B00K4GA5YQ,5.0,1
B00GUKNEJ8,4.0,1
B00FKABD8I,5.0,1
B009EY6G7Y,5.0,1
B00GH6X012,5.0,1
B009EYLSTK,5.0,1
B00GNVRMZQ,5.0,1
B009F0AWNQ,5.0,1
B0095INSO8,5.0,1
B00GNT5ZCK,5.0,1
B00GUNLZWI,5.0,1
B00FK5OYH0,5.0,1
B009F18HIW,5.0,1
B00GUMZIRC,5.0,1
B00FK5KFVE,4.0,1
B009F1JHI6,4.0,1
B008Z4X34S,5.0,1
B009F1KUL4,5.0,1
B00ENKZ3TQ,5.0,1
B00GH56NO4,5.0,1
B00FVGYEGY,5.0,1
B00F3UNP7W,5.0,1
B00ENKBPAW,5.0,1
B00FVGYZ7M,5.0,1
B00GLP7S58,5.0,1
B00F3UP2K0,5.0,1
B00FVH8IAQ,5.0,1
B009F133WW,5.0,1
B00GNT5YRG,5.0,1
B00JVDVGQ4,4.0,1
B009F0E0AC,5.0,1
B00JVE7BQ2,5.0,1
B00ENMYCL4,5.0,1
B00GNT5XUE,4.0,1
B00F3U7K5U,5.0,1
B00F3U7P1E,5.0,1
B00GH5IKUO,5.0,1
B009F0Z876,5.0,1
B008Z40Y7W,5.0,1
B009F0ZFYM,5.0,1
B00FVCRRJ4,5.0,1
B00ENMH11M,5.0,1
B00FVEMUGC,5.0,1
B00GULVFWU,5.0,1
B00FVFWOZS,4.0,1
B00ENMEFHK,5.0,1
B009F11IE2,5.0,1
B00EN4FHWK,4.0,1
B00GH4CIEY,5.0,1
B00GH390W8,5.0,1
B00EMPFC8O,5.0,1
B008SYVBS0,5.0,1
B00GNLPDDO,5.0,1
B00EMMZ6H4,5.0,1
B00EMMVCG8,4.0,1
B00FJVS5RK,4.0,1
B00FJVRJ9U,4.0,1
B00JV283NE,5.0,1
B00K4N1L88,4.0,1
B00GUP5VMG,4.0,1
B00GUP65QM,5.0,1
B00FW5KDNW,5.0,1
B0095B9LFK,5.0,1
B00FJVPK1E,5.0,1
B00FW5UZZ8,5.0,1
B00FW6E0TY,5.0,1
B00FW6WAS2,5.0,1
B00FW6YHY2,5.0,1
B00K4OBEZM,5.0,1
B00FW71UD2,5.0,1
B00FW73472,5.0,1
B00FW59ECS,5.0,1
B0095BHUP8,5.0,1
B00FW4TMMQ,5.0,1
B00JV38W84,5.0,1
B00EMSMVOE,5.0,1
B00FW2ILH0,5.0,1
B00EMRIWAC,5.0,1
B00F42MNZE,5.0,1
B009FKGBFY,5.0,1
B009FKGDQ6,5.0,1
B00K4MM1EW,4.0,1
B009FKGEJM,5.0,1
B009FKGVPY,5.0,1
B00EMRCLRM,5.0,1
B00EMQRIKI,5.0,1
B0095BKGU4,5.0,1
B00EMQJHX4,5.0,1
B00EMQGJ6M,5.0,1
B00FW48XJ4,4.0,1
B008SYW83C,5.0,1
B00FW49P8C,4.0,1
B00EMLBUXE,5.0,1
B00FW79JVM,5.0,1
B00JUZR28E,4.0,1
B008Z80C3Y,5.0,1
B009FL6KU4,5.0,1
B00GUP672O,5.0,1
B00GNL73X2,5.0,1
B00958OQHQ,5.0,1
B00F45E1WO,5.0,1
B00GUPCBXS,4.0,1
B00958EAPO,5.0,1
B00FWCFH40,4.0,1
B00FJT500C,5.0,1
B00GUP66V6,5.0,1
B00EMJMEFY,4.0,1
B00958CX9E,5.0,1
B008SXIIMI,5.0,1
B00FWFLC0U,4.0,1
B00EMJH1OI,4.0,1
B009FLBD1A,4.0,1
B00GH1F0OW,4.0,1
B00GNLNLRE,5.0,1
B0095B3RH8,5.0,1
B00EMKA41E,5.0,1
B00JV1KDGK,5.0,1
B00JV0BEH8,4.0,1
B00F449VQQ,4.0,1
B0095AMGA8,4.0,1
B00EMKQ4QS,5.0,1
B00EMKOZBY,5.0,1
B00EMKA540,5.0,1
B00GH1MLOE,5.0,1
B00F44D0XQ,5.0,1
B00F44Q90C,5.0,1
B00FWB7F1O,5.0,1
B00EMK161Q,5.0,1
B009FKT1WE,5.0,1
B00F451IX4,5.0,1
B008SY9T16,5.0,1
B009FKU3YO,5.0,1
B009FL5YH4,5.0,1
B00FVV0HMO,4.0,1
B009FERR5S,5.0,1
B00FJZLZ2S,5.0,1
B00FJZ1N8O,5.0,1
B00EN35OGU,5.0,1
B00EN2WJDW,5.0,1
B00F3XUYYQ,4.0,1
B009FFQU9G,5.0,1
B008Z6AG0A,5.0,1
B00FVXOK48,5.0,1
B009FFV85C,4.0,1
B009FG3DDG,5.0,1
B00FJYQ4FW,5.0,1
B0095END56,5.0,1
B00FVYCO0E,4.0,1
B00EN231IO,4.0,1
B00EN23152,4.0,1
B00JV3TZQC,5.0,1
B00FVYIGRO,5.0,1
B00EN22ZCW,5.0,1
B009FGHN2S,5.0,1
B00FVWTBTI,4.0,1
B009FEOZB2,4.0,1
B00F3VFRO0,4.0,1
B00GNOM7J4,5.0,1
B00GNOGVX2,4.0,1
B00FK1LG9S,5.0,1
B00EN45GJ4,5.0,1
B00GH45EAE,5.0,1
B00EN42S18,4.0,1
B009FCVEB8,5.0,1
B008T965DU,4.0,1
B009FDURTC,4.0,1
B00EN3SA6G,5.0,1
B00FVWT69S,4.0,1
B00F3WX69C,5.0,1
B00FVVW9BG,4.0,1
B00FK0P1DG,5.0,1
B00KKRLGQU,4.0,1
B008T5EXEM,5.0,1
B009FEMUXW,4.0,1
B00EN3QT8M,5.0,1
B00KKSU4Z8,5.0,1
B00KKTTSU4,5.0,1
B00EMSN3GY,5.0,1
B00F3YU9OK,5.0,1
B0095CYEG0,4.0,1
B00EMSNBWU,5.0,1
B00EMSNAJO,5.0,1
B008T03RBW,4.0,1
B00FW1LPRY,5.0,1
B00F40AM3Q,4.0,1
B00EMSN6F2,5.0,1
B00EMSNC4C,5.0,1
B00EMSN27O,5.0,1
B00GUP5T6Y,5.0,1
B008T00YFE,5.0,1
B00EMSMYHS,5.0,1
B00K4L22SS,5.0,1
B00EMSMYBE,5.0,1
B00F421Q3Y,5.0,1
B008SZW16U,4.0,1
B00EMSMWJS,5.0,1
B00EMSMW2U,4.0,1
B00GNM0LXK,5.0,1
B00FJWXUGK,4.0,1
B00FVZ68H8,5.0,1
B00FVZ7KJ8,5.0,1
B00FVZA9PA,5.0,1
B00FVZBIS2,5.0,1
B00EMZR0RK,5.0,1
B0095DBM32,5.0,1
B00FW0ZS96,5.0,1
B0095D341K,4.0,1
B0095D2Q32,5.0,1
B00GNM0DU6,5.0,1
B00FW165KG,5.0,1
B00FJWV5EY,5.0,1
B0095D0WJC,5.0,1
B009FH96H2,5.0,1
B009FHE4XI,4.0,1
B00GLPAQXY,5.0,1
B00EMYDXEU,5.0,1
B008T1NQL2,5.0,1
B009FI6BH4,5.0,1
B00ENR4I86,5.0,1
B00JVFB50E,5.0,1
B00FKAZWMG,5.0,1
B00GHT687M,5.0,1
B008Z0TC0Q,5.0,1
B00F3KB4WK,5.0,1
B00GHQB51Y,5.0,1
B00GHPGXDK,5.0,1
B00F3KB6BO,5.0,1
B00GHOLNLS,4.0,1
B00GU57994,5.0,1
B0095R4W94,5.0,1
B00EOBVM8K,5.0,1
B008Z0Y1DO,5.0,1
B0095R4CJ4,5.0,1
B00EOBLXF2,4.0,1
B00EOB76VC,5.0,1
B00JVUZFVO,5.0,1
B009ENZDTM,5.0,1
B00GHMB16M,5.0,1
B009ENZGX0,4.0,1
B008TUD672,4.0,1
B008TV9GM0,5.0,1
B00EODVRRO,4.0,1
B00FU6YRPI,5.0,1
B008TVOMP6,4.0,1
B0095R6U9E,5.0,1
B00EOEXW0I,4.0,1
B00GU4SH6Y,5.0,1
B0095R6T5O,5.0,1
B00EOEWJWU,5.0,1
B00GHT118I,5.0,1
B008Z04DEG,5.0,1
B00FKKV42I,5.0,1
B00F3K8XZG,5.0,1
B00FU7033C,5.0,1
B0095R6QHA,5.0,1
B00FKIUGKG,5.0,1
B008TV9NXW,5.0,1
B00EOE5QOS,5.0,1
B00EODZYAK,5.0,1
B009ELOCD2,5.0,1
B008TTO000,4.0,1
B00F3L5T2U,5.0,1
B008TTDOJ8,4.0,1
B00GLOWS2C,5.0,1
B00GHHRHXI,4.0,1
B0095QFGOA,5.0,1
B00F3KURH8,5.0,1
B008TTAAJU,5.0,1
B00EO9B5B6,4.0,1
B00EO9A6PM,5.0,1
B00FKH9MSY,5.0,1
B0095P8KI0,5.0,1
B0095OTJM2,5.0,1
B0095OL3QW,4.0,1
B00F3LMDP6,5.0,1
B0095OC3T8,4.0,1
B00FU7BP2U,5.0,1
B00GU5RK0C,4.0,1
B00EO96Y1C,5.0,1
B0095O5JBC,5.0,1
B00F3LT7A0,5.0,1
B00F3M1C7A,4.0,1
B00GNZGQF4,4.0,1
B009EPJL5W,5.0,1
B0095QKQ40,5.0,1
B00JVTYNRC,5.0,1
B00JVUBY0A,5.0,1
B00EOASM3O,5.0,1
B008TTMFWU,5.0,1
B00EOARSHK,4.0,1
B009EO77ZO,5.0,1
B00F3KRVJU,5.0,1
B008TTHVHE,5.0,1
B008Z16UO6,5.0,1
B00GHI8KHE,4.0,1
B00EOAHU7I,5.0,1
B00GHJOM2U,5.0,1
B00GHJOL3A,5.0,1
B008TTEGZO,5.0,1
B009EO9TK0,4.0,1
B00GO14S20,5.0,1
B00FU6YQ1S,5.0,1
B008Z3VT7C,5.0,1
B009EGKEES,5.0,1
B00FU6Q5SK,5.0,1
B009EGL384,4.0,1
B00EOKGNOY,5.0,1
B00GU3T5E8,5.0,1
B00GHUHNHU,4.0,1
B00EOJJVZ8,5.0,1
B00EOJD1PE,5.0,1
B008YYGLUM,5.0,1
B00KJWOIFW,5.0,1
B00EOJ1ZYS,5.0,1
B00FU6QM4M,5.0,1
B009EH1NI8,5.0,1
B00GLOPHZW,5.0,1
B008YYYP46,4.0,1
B009EH6U04,5.0,1
B00KJXUGHA,5.0,1
B00GU3WXZQ,5.0,1
B00KJXV5CA,5.0,1
B0095UFAJW,5.0,1
B0095V4K6K,4.0,1
B009EGF2QI,5.0,1
B009EFYV70,5.0,1
B00FKPIE12,4.0,1
B00FKPTU92,5.0,1
B00FKPK07I,5.0,1
B00EOMBV7G,5.0,1
B00EOM2E4A,5.0,1
B00EOL5PME,5.0,1
B00F3HDIBI,5.0,1
B00F3HFMVC,5.0,1
B00FKORN2Y,4.0,1
B00FU6N074,5.0,1
B0095V8TXU,5.0,1
B00FU6N4ES,4.0,1
B00GU3RJYG,4.0,1
B00FU6NIPS,5.0,1
B009EFDA4K,5.0,1
B00FU6PFDG,5.0,1
B00EOJ0LMU,5.0,1
B00EOJ0KS0,5.0,1
B00F3HTQQY,4.0,1
B009EKMGDQ,5.0,1
B00FU6U47S,5.0,1
B00FKMKCU6,5.0,1
B00EOGQNCU,5.0,1
B00EOGKVTQ,4.0,1
B00EOGAOJI,5.0,1
B009EJOFGI,5.0,1
B00F3J3X4S,5.0,1
B00FU6UG0S,4.0,1
B0095RHBWE,5.0,1
B00GLOTLBI,5.0,1
B00FU6VQDO,5.0,1
B009EL1CZI,5.0,1
B00FU6XEPM,5.0,1
B00FU6XI1M,4.0,1
B00EOFWGV8,5.0,1
B00FU6XI76,5.0,1
B00FKM3D48,5.0,1
B00EOHDPXO,5.0,1
B0095SERK2,4.0,1
B00EOIBLIE,5.0,1
B00FU6RY0S,5.0,1
B0095SDJME,4.0,1
B00GLOPSVA,5.0,1
B00EOHUIMA,5.0,1
B0095SA13O,5.0,1
B00F3I2DZY,4.0,1
B00FU6SFQ0,5.0,1
B00EOHP1KO,5.0,1
B00GO52V20,5.0,1
B00GLOQSMI,5.0,1
B00FU6TOO2,5.0,1
B009EITG36,5.0,1
B00FU6U3Z6,5.0,1
B00EOHP1N6,5.0,1
B009EJDNES,5.0,1
B00F3IEYFG,5.0,1
B00EO9004O,5.0,1
B009EPLXL2,4.0,1
B00F3M1DVK,4.0,1
B008Z19MN2,5.0,1
B00F3NSPUQ,5.0,1
B009ESL1XY,5.0,1
B00FUUCYFE,5.0,1
B00F3O0YY0,5.0,1
B00GNXKLM0,5.0,1
B00GUEUWTY,5.0,1
B00GUEZ8GG,5.0,1
B00GUFL526,5.0,1
B009ET3Y9C,5.0,1
B00FUV1JQ8,5.0,1
B009ETGFBQ,5.0,1
B009ETGJYO,5.0,1
B009ETGPB6,5.0,1
B00FUXLXKS,5.0,1
B00F3P0GYM,5.0,1
B0095JOYJ0,4.0,1
B00ENTUPE0,5.0,1
B00JVHHYRK,4.0,1
B00FUTQSWK,5.0,1
B00GNXZ0I0,5.0,1
B00GLP2P9W,5.0,1
B00FUQG7U6,5.0,1
B0095KK1HS,5.0,1
B0095KAIYY,4.0,1
B00FUQT92Y,5.0,1
B00GNXVV92,5.0,1
B00ENZ3JG0,4.0,1
B00K4FETJ4,4.0,1
B00FUTYHZK,5.0,1
B00ENYV4G8,5.0,1
B00ENYS1LE,5.0,1
B009ES5ONM,5.0,1
B009ES5OPK,5.0,1
B009ES5OR8,5.0,1
B00KBCYPBM,5.0,1
B00ENY93P2,5.0,1
B0095JWOSI,5.0,1
B00JVHOYNC,5.0,1
B00F3P4KK8,5.0,1
B009EUZYP8,5.0,1
B009EV0J7A,4.0,1
B00ENSUY5G,5.0,1
B00GLP5UC6,5.0,1
B00FKBUUJA,5.0,1
B0095JK9NK,5.0,1
B00KBCYHMO,5.0,1
B00ENTBNR8,5.0,1
B00F3RW1S4,5.0,1
B00GUIDHBA,5.0,1
B00GUIKG64,5.0,1
B00ENSL67G,5.0,1
B008Z3SS30,5.0,1
B00ENSKKYQ,5.0,1
B00ENSAI7A,4.0,1
B00F3S6PGC,5.0,1
B009EXM6Q0,5.0,1
B00FKBCQAG,5.0,1
B00JVFCXX2,5.0,1
B00ENRI4LI,5.0,1
B00FV31JMY,5.0,1
B0095JL0SI,5.0,1
B00GLP54KO,4.0,1
B00F3P68A8,5.0,1
B00FV092FI,4.0,1
B008TO2COQ,4.0,1
B00FKCGI1I,5.0,1
B009EVEJWG,5.0,1
B009EVKDQC,5.0,1
B00GUG7IYY,5.0,1
B00KK8LLGY,5.0,1
B00FV0SNLM,5.0,1
B00GHA1L3C,5.0,1
B008TO17WY,5.0,1
B00FV12I1W,4.0,1
B0095JNJLY,5.0,1
B00ENTJEQU,4.0,1
B00FV1FVNO,5.0,1
B00FKBWH46,4.0,1
B00ENTFZNQ,5.0,1
B00ENTFQOE,5.0,1
B009EWYUN8,4.0,1
B00ENZMBNW,5.0,1
B00JVJG5RS,5.0,1
B00GUDADZ8,5.0,1
B008TSGN42,5.0,1
B00FKFFV0Y,5.0,1
B00EO7FEV0,5.0,1
B00FUAG3TW,5.0,1
B00EO77DJG,4.0,1
B009ERGM98,5.0,1
B00FUAJBZU,5.0,1
B00EO6KSCQ,5.0,1
B008TSLCN4,5.0,1
B008TSJ7PY,5.0,1
B00F3M1NL0,5.0,1
B00FKFBRES,5.0,1
B00EO6KSC6,5.0,1
B00FUAZLMC,5.0,1
B00EO6JFU2,5.0,1
B009ERIZUM,5.0,1
B008Z2KY74,4.0,1
B00FUBMPVQ,5.0,1
B00EO6CGLC,4.0,1
B008Z2N0BQ,5.0,1
B0095MHGII,5.0,1
B00GU9BH70,4.0,1
B008Z2BN6U,5.0,1
B00GU5RKVG,5.0,1
B0095MYSU2,5.0,1
B0095MUDM4,5.0,1
B00FU8BC54,4.0,1
B00GU5X9F2,4.0,1
B00FKGXL28,5.0,1
B00GHF3X7O,5.0,1
B008Z1F9RU,5.0,1
B00JVM3QOU,5.0,1
B00GHDQQEI,5.0,1
B00FU9VIZM,5.0,1
B00EO8RK5M,5.0,1
B00EO8MOQM,5.0,1
B00FKGF5TU,5.0,1
B00FU9DEXG,5.0,1
B008Z2BCXO,5.0,1
B0095MR62E,4.0,1
B00EO8CLV0,5.0,1
B00FU9HOQY,5.0,1
B0095MMMWS,5.0,1
B00EO5BSNA,4.0,1
B00EO4U5ZI,5.0,1
B00GLP1Q7Y,5.0,1
B00EO1PQR8,5.0,1
B008Z2N7A0,5.0,1
B00EO2JNSA,5.0,1
B00EO2G0I6,5.0,1
B00FUMLE9E,5.0,1
B0095LMK0S,5.0,1
B00GNY8ME8,4.0,1
B00EO25N66,5.0,1
B00FUMQE1W,5.0,1
B00F3MA8BG,5.0,1
B00KBEF06E,5.0,1
B00F3M48FI,5.0,1
B008TOZGVM,4.0,1
B00FUMTD3I,4.0,1
B00FKE5MF4,5.0,1
B00F3N3W2C,4.0,1
B00EO047HO,5.0,1
B008TOL9U4,5.0,1
B008TOKCPC,5.0,1
B008Z2XDKY,5.0,1
B0095LNDHM,5.0,1
B00EO2KR44,5.0,1
B00GUBY2AC,5.0,1
B00EO4P4HW,5.0,1
B00F3M1SRY,4.0,1
B00K4EZ7OG,5.0,1
B00FUL28TK,4.0,1
B00FULC656,4.0,1
B00F3M3VZ6,5.0,1
B00EO4E7Q6,5.0,1
B008TR6ZMS,5.0,1
B008Z2N0UW,5.0,1
B008Z2N6D8,5.0,1
B00FUMEDG0,5.0,1
B00FUMKTJ0,5.0,1
B00FUMLB42,5.0,1
B0095M06T4,5.0,1
B009ERVWPM,5.0,1
B00EPFO3IQ,5.0,1
B00DF36UG2,5.0,1
B00H227K16,4.0,1
B00AVXON3Q,5.0,1
B00HWG7VJ8,5.0,1
B00C7D4WBQ,5.0,1
B00C7D4XPG,5.0,1
B00C7D585U,5.0,1
B00C7D58G4,5.0,1
B00AVXTHA0,5.0,1
B00AVXTH9G,5.0,1
B00C7D7JWK,5.0,1
B00AVXTI3Q,4.0,1
B00INTBI9W,5.0,1
B00AVXOMQO,5.0,1
B00C7D8TAQ,5.0,1
B00HWG3G2E,5.0,1
B00AVXOLDS,5.0,1
B00HWG2IS2,5.0,1
B00AVXOK5M,4.0,1
B00HWG1O6Y,5.0,1
B00C7D2BC8,5.0,1
B00AVXOIVI,5.0,1
B00AVXTQJ2,5.0,1
B00AVYBNYM,4.0,1
B00C7CWSJ0,5.0,1
B00AVXTMU0,5.0,1
B00C7D15JI,4.0,1
B00AVXTMFK,4.0,1
B00AVXTLOC,5.0,1
B00AVXTLD8,5.0,1
B00AVXTJ44,5.0,1
B00INRMV9K,5.0,1
B00AVXOJIA,4.0,1
B00AVXOICM,5.0,1
B00C7HNWL8,5.0,1
B00HWFO3KY,5.0,1
B00C7H5GSA,5.0,1
B00HWFM20W,5.0,1
B00C7HBLJ8,5.0,1
B00INY6JFK,5.0,1
B00AVWT0VW,5.0,1
B00HWFLAHI,5.0,1
B00C7I3IS4,5.0,1
B00HWFOS72,4.0,1
B00C7I98SS,5.0,1
B00C7IU04O,5.0,1
B00C7JGA9C,5.0,1
B00C7JRUB4,4.0,1
B00HWFAZN8,4.0,1
B00C7JW7EY,4.0,1
B00C7JWUB4,5.0,1
B00AVXH04K,5.0,1
B00C7GR44K,5.0,1
B00HWG0SI4,5.0,1
B00C7GQGM6,4.0,1
B00C7DW8KS,5.0,1
B00AVXOIBS,4.0,1
B00C7F2VXU,5.0,1
B00HWFQ2KS,4.0,1
B00AVXOHL4,5.0,1
B00C7GF6KO,5.0,1
B00C7GR3FA,5.0,1
B00INV17V4,5.0,1
B00INV7K6U,5.0,1
B00AVXOHIC,5.0,1
B00AVXN2RO,5.0,1
B00AVYD42G,5.0,1
B00C7CWD4K,5.0,1
B00AVYHOQ8,5.0,1
B00C795AVQ,5.0,1
B00C79LCKY,5.0,1
B00C7A0XG2,4.0,1
B00C7A7H9S,5.0,1
B00C7AM99G,5.0,1
B00C7AMT82,5.0,1
B00AW0R600,5.0,1
B00C7AN8S2,5.0,1
B00C7ANI1O,5.0,1
B00C7ANSLE,5.0,1
B00AVZQ4GS,4.0,1
B00C794LWA,5.0,1
B00C791BMS,5.0,1
B00AW1HA0A,5.0,1
B00C77IDNK,4.0,1
B00C77JP0A,5.0,1
B00C77RVIS,4.0,1
B00C77UBNA,4.0,1
B00AW2623U,5.0,1
B00C77WY44,5.0,1
B00AW1SWGG,5.0,1
B00AW1C7BC,5.0,1
B00AW0S244,5.0,1
B00HWLWUDU,5.0,1
B00AW1C0HI,5.0,1
B00C78BMX2,5.0,1
B00AW12Q40,5.0,1
B00C78UQ84,5.0,1
B00C78XU4Q,5.0,1
B00AVZOEX8,4.0,1
B00AVZMRG4,5.0,1
B00AVYIGCY,4.0,1
B00AVYIO4E,5.0,1
B00C7CFSQA,5.0,1
B00AVYIKCA,4.0,1
B00AVYIIW2,5.0,1
B00AVYIIJK,5.0,1
B00AVYIHKA,5.0,1
B00C7CL60M,5.0,1
B00C7AOE44,5.0,1
B00C7CM3P4,5.0,1
B00C7CQ5BC,5.0,1
B00AVYIF98,5.0,1
B00HWGX3W2,5.0,1
B00C7CS30I,5.0,1
B00AVYIETY,5.0,1
B00HWGX3OU,4.0,1
B00HWH1Y18,5.0,1
B00AVYISF4,5.0,1
B00HWH2V5Q,5.0,1
B00HWIST88,5.0,1
B00HWHWMM8,4.0,1
B00INP8IVW,5.0,1
B00AVYWO18,5.0,1
B00C7BPSZW,5.0,1
B00AVYWM3I,5.0,1
B00HWHL3FU,4.0,1
B00C7BZSWU,5.0,1
B00C7C79ZS,4.0,1
B00C7CBLN4,5.0,1
B00C7L3XCM,5.0,1
B00C77DCBI,5.0,1
B00IO6E5J4,4.0,1
B00AVOXB9M,5.0,1
B00HVX37RW,5.0,1
B00IO54QN0,5.0,1
B00AVOPOOC,5.0,1
B00AVON12O,5.0,1
B00IO5DXPW,5.0,1
B00IO5YCQG,5.0,1
B00C7WP8XI,5.0,1
B00C7W7BKQ,5.0,1
B00C7WVGCK,5.0,1
B00AVNQUXC,5.0,1
B00C7X0VF2,5.0,1
B00C7X3MF8,5.0,1
B00AVMX018,4.0,1
B00AVPCXZE,5.0,1
B00C7W5UFO,5.0,1
B00HVUZG38,5.0,1
B00C7T30TA,4.0,1
B00C7T6BTQ,5.0,1
B00C7UUBR8,5.0,1
B00IO4I8WG,5.0,1
B00HVZBAFG,5.0,1
B00C7VL9X2,5.0,1
B00C7VM6Y8,5.0,1
B00HVX9Q5E,5.0,1
B00IO50XBY,5.0,1
B00C7VMSOG,5.0,1
B00AVPSUQA,5.0,1
B00C7VOHRW,5.0,1
B00C7VQHA2,5.0,1
B00C7VU8B6,5.0,1
B00AVM017Y,5.0,1
B00AV87U22,5.0,1
B00C7ZAPY2,5.0,1
B00C7ZMRSY,5.0,1
B00AV93Q5G,5.0,1
B00AV8QNE8,5.0,1
B00C804V9G,5.0,1
B00C80EULU,5.0,1
B00C80ZAOQ,5.0,1
B00HVR4OFC,5.0,1
B00IO7N8XW,5.0,1
B00C815URC,5.0,1
B00AV4I5ES,5.0,1
B00AV3ZJ5C,5.0,1
B00C819LE0,4.0,1
B00IO814GY,5.0,1
B00C81C1I8,4.0,1
B00C81CPAC,5.0,1
B00IO7FPZ6,5.0,1
B00HVR569K,5.0,1
B00AVLZI4Q,5.0,1
B00C7YJM3S,5.0,1
B00C7XN4BA,5.0,1
B00AVLGDCM,5.0,1
B00HVSPI74,4.0,1
B00C7XNUPA,5.0,1
B00C7Y566U,5.0,1
B00AVL4LJO,5.0,1
B00AVHZI3G,5.0,1
B00HVR9FOW,5.0,1
B00C7YX9LO,5.0,1
B00C7YL55Q,5.0,1
B00C7YLNU8,5.0,1
B00C7YS126,5.0,1
B00AVBIVO0,5.0,1
B00AVBGXL8,5.0,1
B00AVBA0QC,5.0,1
B00AVB6Q0G,5.0,1
B00HW0ELW4,5.0,1
B00HW0IXXM,5.0,1
B00AVQC7MM,5.0,1
B00AVUEA2S,5.0,1
B00HWB03PW,5.0,1
B00IO2OREG,5.0,1
B00AVUF1SK,5.0,1
B00C7OJFO4,5.0,1
B00AVUEABY,5.0,1
B00AVUEA1O,5.0,1
B00IO2PD2G,5.0,1
B00C7OKC8W,4.0,1
B00C7OKI0O,5.0,1
B00C7OKN0O,4.0,1
B00C7OKOOO,5.0,1
B00AVUDUQK,5.0,1
B00C7OLLOQ,5.0,1
B00C7OIKF4,5.0,1
B00AVUF48M,5.0,1
B00AVQG3OK,5.0,1
B00C7OCM4Y,5.0,1
B00AVUFGQM,5.0,1
B00IO0PTP4,4.0,1
B00IO0PX5U,5.0,1
B00C7OCCIU,5.0,1
B00C7ODK7M,5.0,1
B00IO1NA9A,5.0,1
B00IO1W23K,5.0,1
B00C7OFEAS,5.0,1
B00HWBL0KE,4.0,1
B00HW89A1S,4.0,1
B00C7ONBJE,5.0,1
B00HW7KNP6,5.0,1
B00C7QC030,5.0,1
B00HW1I0PW,5.0,1
B00C7SAM1K,5.0,1
B00C7SE35Q,4.0,1
B00HW0V8NO,5.0,1
B00AVS1CAI,5.0,1
B00AVS1C1M,5.0,1
B00C7ONF9A,5.0,1
B00IO47JTO,5.0,1
B00C7SLCW8,5.0,1
B00C7T0IQS,5.0,1
B00HW0QFG4,5.0,1
B00IO47M78,5.0,1
B00AVRPM4G,5.0,1
B00HW0NT7M,5.0,1
B00C7QBW7K,4.0,1
B00AVSQVI6,5.0,1
B00C7Q7VQQ,5.0,1
B00C7Q2CTM,5.0,1
B00C7ONKMM,5.0,1
B00IO379AO,5.0,1
B00AVTLXIS,4.0,1
B00C7OOAI0,5.0,1
B00C7OONP0,5.0,1
B00HW6ERXQ,5.0,1
B00AVTLGIK,5.0,1
B00C7P32YC,5.0,1
B00C7PNNL4,5.0,1
B00HW6A1BS,5.0,1
B00HW59JMG,5.0,1
B00C7PNR7O,5.0,1
B00C7PTLAG,5.0,1
B00C77ETFG,5.0,1
B00C76TRZE,5.0,1
B00C81JNA2,5.0,1
B00IN8GSZC,5.0,1
B00C5RXK9E,4.0,1
B00AWRB69K,5.0,1
B00C5T7296,5.0,1
B00HX9PE8E,5.0,1
B00C5TO2Y4,5.0,1
B00AWRB96A,5.0,1
B00C5UIDUW,5.0,1
B00C5V3VX0,5.0,1
B00C5V4JBI,5.0,1
B00C5RXI78,5.0,1
B00IN7VG78,4.0,1
B00C5VNE4Q,5.0,1
B00IN7IYLE,4.0,1
B00C5RM6HG,5.0,1
B00C5RM824,5.0,1
B00C5RM9Y6,4.0,1
B00C5RMB3A,5.0,1
B00HXB9ZE6,5.0,1
B00AWS1RUC,5.0,1
B00C5RMBDA,5.0,1
B00C5RMBTO,5.0,1
B00IN7VETS,5.0,1
B00C5RMDEC,5.0,1
B00AWRYC82,5.0,1
B00C5RMFHM,5.0,1
B00INAHWV4,5.0,1
B00C5VY9UY,5.0,1
B00AWNAT56,5.0,1
B00C605N3G,4.0,1
B00AWNT7IQ,5.0,1
B00HX5Q48W,5.0,1
B00AWNQZ2M,5.0,1
B00HX4PE7U,5.0,1
B00HX4NV16,5.0,1
B00HX3BDJO,5.0,1
B00HX2TNCY,5.0,1
B00INB3I5C,5.0,1
B00HX2PYLI,5.0,1
B00C609GIY,5.0,1
B00C609M92,5.0,1
B00C6230PW,5.0,1
B00AWND5M0,4.0,1
B00AWNB194,4.0,1
B00C62TMTK,4.0,1
B00INATLU4,5.0,1
B00C5VZVUG,5.0,1
B00AWQT6B6,5.0,1
B00C5W9XMC,5.0,1
B00AWQQOWK,5.0,1
B00AWQNJLO,5.0,1
B00AWQIR0M,5.0,1
B00INAHZHK,5.0,1
B00HX814HU,5.0,1
B00AWQFZ1Q,5.0,1
B00HX6VTRC,5.0,1
B00C5ZTS60,5.0,1
B00C5WXZ58,5.0,1
B00C5WZHHW,5.0,1
B00AWQ2N5W,5.0,1
B00INARZI4,5.0,1
B00HX6SON4,5.0,1
B00AWPXPBY,5.0,1
B00C5RM4C8,5.0,1
B00AWSM4S6,5.0,1
B00HXB9ZHS,5.0,1
B00HXJ2IME,5.0,1
B00AWZGXEK,5.0,1
B00C5RGDGG,4.0,1
B00AWZ1XW2,5.0,1
B00C5RGYZG,4.0,1
B00C5RH2RK,5.0,1
B00C5RFV8C,5.0,1
B00C5RHD60,5.0,1
B00AWY2XCW,5.0,1
B00C5RHDVK,5.0,1
B00C5RHEPK,5.0,1
B00AWZP2I8,5.0,1
B00C5PJKUY,5.0,1
B00C5O004U,5.0,1
B00AX15FCY,4.0,1
B00C5OW7XW,5.0,1
B00IN6QLRO,5.0,1
B00C5P4P18,5.0,1
B00IN6QQC4,5.0,1
B00C5PPJOU,4.0,1
B00C5RFQDM,5.0,1
B00HXJFDYY,5.0,1
B00AX0F066,5.0,1
B00C5R0A7O,5.0,1
B00AX01740,4.0,1
B00C5RANPI,4.0,1
B00IN6TO0U,5.0,1
B00C5RHLQ2,5.0,1
B00C5RHN7O,5.0,1
B00AWXAJBU,5.0,1
B00AWUHM86,5.0,1
B00C5RJTE4,5.0,1
B00HXETQJ2,5.0,1
B00AWVJUQM,5.0,1
B00AWV88M4,5.0,1
B00AWUI6XQ,5.0,1
B00C5RJW0K,5.0,1
B00HXDO8D2,5.0,1
B00C5RJXMC,5.0,1
B00C5RHQY4,4.0,1
B00AWUE7CK,5.0,1
B00AWUD4V0,4.0,1
B00AWUBC0A,5.0,1
B00HXBWEFS,5.0,1
B00C5RM3OM,5.0,1
B00AWT0HAW,5.0,1
B00C5RM3UQ,5.0,1
B00AWSWTT0,4.0,1
B00AWVM5T6,4.0,1
B00HXHPRXS,5.0,1
B00C5RJES0,5.0,1
B00AWW23YM,5.0,1
B00HXI98PA,5.0,1
B00C5RI3E6,5.0,1
B00C5RI56W,5.0,1
B00C5RI5GW,5.0,1
B00IN6YBEE,5.0,1
B00C5RIK30,4.0,1
B00C5RIL5W,5.0,1
B00C5RINXW,4.0,1
B00HXI086S,5.0,1
B00C5RIQT8,5.0,1
B00C5RJ44E,5.0,1
B00C5RJE3U,5.0,1
B00AWNAZ00,4.0,1
B00AWMVF2I,5.0,1
B00C76SLWO,5.0,1
B00C6R0OXS,5.0,1
B00AWCLP1O,5.0,1
B00C6PNKXQ,5.0,1
B00HWONUC2,5.0,1
B00HWOILPI,5.0,1
B00AWBXP18,5.0,1
B00AWBP1NI,5.0,1
B00HWO8S2E,5.0,1
B00C6QJMNC,5.0,1
B00AWB684O,5.0,1
B00C6P6ZU6,4.0,1
B00AWAT0YU,5.0,1
B00C6R1SC4,5.0,1
B00C6R5AQY,5.0,1
B00AWAREXO,5.0,1
B00AW9BYOK,5.0,1
B00C6SHBUG,5.0,1
B00C6PG358,5.0,1
B00C6P1AVK,5.0,1
B00HWNX5DM,5.0,1
B00ING630Y,5.0,1
B00C6L7X8S,5.0,1
B00HWQIYDK,4.0,1
B00AWDN4DA,4.0,1
B00AWDLXSS,5.0,1
B00C6M46ZK,5.0,1
B00AWDJEH0,5.0,1
B00INGJY0U,5.0,1
B00HWPCVC6,5.0,1
B00HWQIXDG,5.0,1
B00HWQIWM8,5.0,1
B00C6NZBDK,5.0,1
B00C6OGHFK,5.0,1
B00C6OIC44,5.0,1
B00C6OYXNS,5.0,1
B00C6OZDKU,5.0,1
B00C6P0L8I,5.0,1
B00HWO2J9C,5.0,1
B00C6WBM84,5.0,1
B00AWMVCLC,5.0,1
B00AW53T6A,5.0,1
B00C75G65O,4.0,1
B00C75KSVW,5.0,1
B00AW53RSA,5.0,1
B00INJPLI6,5.0,1
B00HWMTYQU,4.0,1
B00C75KWTU,5.0,1
B00AW4YUOG,5.0,1
B00C75KZQA,4.0,1
B00C74QFTC,5.0,1
B00INK5HX4,5.0,1
B00AW4E3GQ,5.0,1
B00AW499JM,4.0,1
B00AW3ZY3S,5.0,1
B00C75L172,5.0,1
B00C74QGJQ,5.0,1
B00C6XBYHC,5.0,1
B00C6WBYBO,5.0,1
B00C6WC1IO,5.0,1
B00AW8E41G,4.0,1
B00AW89OAC,5.0,1
B00C6WF83E,5.0,1
B00AW7KJ1Q,4.0,1
B00AW53V2M,4.0,1
B00HWNWO7U,5.0,1
B00AW7EJ6M,4.0,1
B00C72SJ4S,5.0,1
B00C737D4Y,4.0,1
B00C6I4T8I,5.0,1
B00HWQYDVM,5.0,1
B00C6HD8UY,5.0,1
B00AWKC1UU,5.0,1
B00AWKK94A,5.0,1
B00AWKIYNS,5.0,1
B00C675YH4,5.0,1
B00AWKGUZC,5.0,1
B00C677RHY,4.0,1
B00C6783G8,5.0,1
B00C678E8K,5.0,1
B00HX1PGTY,5.0,1
B00C678MN2,5.0,1
B00C67ABCW,5.0,1
B00INBUZXK,5.0,1
B00INC483C,5.0,1
B00C67SE8K,4.0,1
B00C68A1H6,5.0,1
B00C675R30,5.0,1
B00C675NJ8,5.0,1
B00C6GB39S,5.0,1
B00HX2JGDU,5.0,1
B00C64H3XU,4.0,1
B00C64HQUA,5.0,1
B00AWM96RE,5.0,1
B00AWLYJ22,5.0,1
B00HX213GI,5.0,1
B00AWLXFOK,4.0,1
B00C662SIS,4.0,1
B00C675IX4,5.0,1
B00INBJGSA,5.0,1
B00C663AKS,4.0,1
B00C673ZJ8,5.0,1
B00C674TNY,5.0,1
B00C6758AC,4.0,1
B00AWJMVAG,5.0,1
B00HWZOMG4,5.0,1
B00HWYVC9A,5.0,1
B00INCS38I,5.0,1
B00AWFVUNY,5.0,1
B00C6CYW18,5.0,1
B00AWFOWJS,5.0,1
B00C6EOO5K,5.0,1
B00C68YFNC,5.0,1
B00C6ER3MG,4.0,1
B00AWFLKIY,5.0,1
B00AWFLIV8,5.0,1
B00AWFCDYY,5.0,1
B00AWF1TK8,4.0,1
B00HWR83BW,5.0,1
B00AWG12HM,5.0,1
B00AWG14NO,4.0,1
B00AWH20E0,4.0,1
B00C69GG9M,4.0,1
B00C69MKFG,4.0,1
B00C6AC3XY,5.0,1
B00C6AE7W4,5.0,1
B00AWILX60,5.0,1
B00C6AJXWI,4.0,1
B00C6AOV34,5.0,1
B00C6B5VQ4,5.0,1
B00C6BCRJ8,5.0,1
B00HWYPXS6,5.0,1
B00C6BPZYW,5.0,1
B00AWHE1QA,5.0,1
B00HVQ6K9Q,5.0,1
B00AV3YMI2,5.0,1
B00C5NKRZI,5.0,1
B00C9QUYCM,5.0,1
B00ATRX0RY,5.0,1
B00ATRMI1I,5.0,1
B00ATRMGYW,5.0,1
B00C9QBZ2A,4.0,1
B00ATREEK6,5.0,1
B00HV9N758,4.0,1
B00C9R5J0S,5.0,1
B00HV9MMAY,5.0,1
B00C9SA5BK,5.0,1
B00HV9JYV4,5.0,1
B00C9SJNIQ,4.0,1
B00HV9S5HS,5.0,1
B00ATR8WRW,5.0,1
B00ATT6WDQ,5.0,1
B00ATTG7YA,5.0,1
B00ATTFOEE,5.0,1
B00ATTDL3K,5.0,1
B00C9N8882,5.0,1
B00HVA1132,5.0,1
B00C9O4KLK,4.0,1
B00ATT5PB6,5.0,1
B00C9OH5LM,4.0,1
B00ATT1F1K,5.0,1
B00C9P6HDI,5.0,1
B00C9PHGC4,4.0,1
B00HV9SZ5K,4.0,1
B00ATSXTZG,5.0,1
B00C9SRP54,4.0,1
B00C9T0OOM,5.0,1
B00C9ZP1VC,5.0,1
B00HV98YVU,5.0,1
B00ATPM82E,5.0,1
B00ATPG56E,5.0,1
B00HV97VA0,4.0,1
B00ATP0Y34,5.0,1
B00HV93G04,5.0,1
B00ATNCOSO,5.0,1
B00C9ZXUB0,5.0,1
B00CA05DGY,5.0,1
B00HV8ZHEI,5.0,1
B00HV8Z0V8,5.0,1
B00HV8XTRK,5.0,1
B00HV9FDAU,5.0,1
B00C9W5D22,5.0,1
B00HV9GNTK,5.0,1
B00C9T4K10,4.0,1
B00IOWYKP2,5.0,1
B00ATR8WI6,5.0,1
B00C9TJTPC,5.0,1
B00ATR82H2,5.0,1
B00C9TNCNC,5.0,1
B00ATPV4MO,5.0,1
B00C9UBCT2,5.0,1
B00ATQHM9C,5.0,1
B00ATQFXRK,5.0,1
B00IOY1MGU,5.0,1
B00ATQADBG,4.0,1
B00ATQ3Y2Q,5.0,1
B00C9V1O2Q,5.0,1
B00C9LPKEE,5.0,1
B00HVB09P2,4.0,1
B00C955WR0,4.0,1
B00ATWKE3C,5.0,1
B00ATWK1PI,5.0,1
B00ATWJ7P8,5.0,1
B00C96O7KW,5.0,1
B00C97G7WC,5.0,1
B00C9B7OXY,5.0,1
B00C9C3WJS,5.0,1
B00IOW4V7O,5.0,1
B00C9ENX0Y,5.0,1
B00HVAXM98,5.0,1
B00ATWL8GY,5.0,1
B00C94UIU2,5.0,1
B00ATTGF92,5.0,1
B00C93CL7Q,5.0,1
B00ATZAOX4,5.0,1
B00ATZAO0C,5.0,1
B00C92OJIG,4.0,1
B00ATZANZI,5.0,1
B00C92RGVI,4.0,1
B00C92XXN8,5.0,1
B00ATXSO8S,4.0,1
B00C94L4BO,5.0,1
B00C93K920,5.0,1
B00HVCLL8K,5.0,1
B00HVCI2WI,5.0,1
B00C93VYGU,4.0,1
B00C94EI8K,5.0,1
B00C9ERDCI,5.0,1
B00ATTONSC,4.0,1
B00HVAMCO4,5.0,1
B00C9HRWA8,5.0,1
B00ATULURS,5.0,1
B00ATUCV76,5.0,1
B00C9IOQ7E,5.0,1
B00C9JX3U4,5.0,1
B00IOW6S98,5.0,1
B00IOWGJZQ,5.0,1
B00C9K83TO,5.0,1
B00HVAM0YQ,5.0,1
B00ATTLQO6,4.0,1
B00C9L4YSM,4.0,1
B00ATUW72U,5.0,1
B00C9HGML8,5.0,1
B00IOWGJAQ,5.0,1
B00C9ESEBW,4.0,1
B00HVAWG0O,5.0,1
B00HVAVLUU,5.0,1
B00ATWDPAG,5.0,1
B00HVAT44U,5.0,1
B00IOWGH26,5.0,1
B00C9F1VHK,5.0,1
B00C9G3DMU,5.0,1
B00C9H5Y6C,5.0,1
B00ATVJ2J0,5.0,1
B00ATMG44K,4.0,1
B00CA0CBLO,4.0,1
B00ATZAQE6,4.0,1
B00HV0L3X0,5.0,1
B00HV1AH4U,5.0,1
B00ATEGK7Y,5.0,1
B00ATE2PVO,4.0,1
B00CAA1JGC,5.0,1
B00CAA4DVK,5.0,1
B00CAA69KI,5.0,1
B00HV0F6QU,5.0,1
B00HV2J0BU,5.0,1
B00CAAKDLO,5.0,1
B00CAAMHCW,4.0,1
B00CAAOANQ,4.0,1
B00HV043JG,5.0,1
B00IP7K820,5.0,1
B00CABK3TU,5.0,1
B00HV2B7IE,4.0,1
B00ATEPPKW,5.0,1
B00CAD54LK,5.0,1
B00HV3REHG,4.0,1
B00CA7C54U,5.0,1
B00CA7GGW2,5.0,1
B00CA7O9LW,5.0,1
B00ATFGHQW,5.0,1
B00CA8OOT8,5.0,1
B00CA8QTQE,5.0,1
B00IP4BHZU,4.0,1
B00IP6CAA4,5.0,1
B00HV3ON0W,4.0,1
B00CA91PLM,5.0,1
B00ATF4AZW,5.0,1
B00CA98U6U,4.0,1
B00CA9ENS4,4.0,1
B00HV3O5E6,5.0,1
B00HV2Q0A4,5.0,1
B00CABPO8U,5.0,1
B00CA0F6O8,5.0,1
B00CAJFKAY,5.0,1
B00CAJFLGM,5.0,1
B00CAJFOQE,5.0,1
B00CAJG9A4,5.0,1
B00CAJGAQ2,5.0,1
B00HUWZD1W,5.0,1
B00CAJETRE,5.0,1
B00CAKA16Q,5.0,1
B00IP9BW3W,5.0,1
B00ATARTBY,5.0,1
B00HUV57Y6,4.0,1
B00CAJF3EW,5.0,1
B00ATCMVZ6,5.0,1
B00CAEMYAS,5.0,1
B00CAENNZS,4.0,1
B00IP8MK70,5.0,1
B00ATDCXR6,4.0,1
B00CAHBLSQ,5.0,1
B00CAHBPHS,5.0,1
B00CAHCDHO,5.0,1
B00HUY4YS8,5.0,1
B00CAI6RHA,4.0,1
B00CAIGU3Q,5.0,1
B00CAJ8Q96,5.0,1
B00CAJERA8,5.0,1
B00CAJESN4,5.0,1
B00IP8UMOI,5.0,1
B00ATD1PYS,5.0,1
B00ATCZT0U,5.0,1
B00CA74N04,5.0,1
B00ATFIYQS,5.0,1
B00CA71SVQ,5.0,1
B00ATJ4TA4,5.0,1
B00ATJ34SW,5.0,1
B00HV8TMMG,5.0,1
B00ATIZEMM,5.0,1
B00ATIVYEO,4.0,1
B00ATI8XP2,5.0,1
B00CA5N096,5.0,1
B00ATHKJ8M,5.0,1
B00ATJDW34,5.0,1
B00CA5NH1W,5.0,1
B00HV8K4XW,4.0,1
B00HV8K086,5.0,1
B00CA5RLI2,5.0,1
B00ATHKFT0,5.0,1
B00IP10DM6,5.0,1
B00CA5RLK0,5.0,1
B00CA5HOC0,5.0,1
B00CA71PXW,4.0,1
B00ATKQ208,5.0,1
B00CA0Y05E,5.0,1
B00CA1ME2E,5.0,1
B00CA1VOSO,5.0,1
B00CA1YJEU,5.0,1
B00CA2ARGI,5.0,1
B00CA2ZXNU,5.0,1
B00ATKT4W6,4.0,1
B00ATKR2NO,5.0,1
B00CA341DC,5.0,1
B00CA5HHZO,5.0,1
B00ATKHKHW,5.0,1
B00CA3AUHI,5.0,1
B00ATJUS36,5.0,1
B00CA3NL5G,5.0,1
B00IP0G4AM,5.0,1
B00ATJMY42,5.0,1
B00HV7YET8,5.0,1
B00ATHFC2U,5.0,1
B00CA701LE,5.0,1
B00IP1YOIU,5.0,1
B00CA6YBP2,5.0,1
B00CA6Z56G,5.0,1
B00HV4DPGE,4.0,1
B00CA701I2,4.0,1
B00HV4BQA6,5.0,1
B00ATGAULE,5.0,1
B00ATFXMLK,5.0,1
B00ATH9QQ8,5.0,1
B00CA702OA,5.0,1
B00CA7037G,5.0,1
B00HV4AYRM,5.0,1
B00HV488YI,5.0,1
B00ATFOWG4,4.0,1
B00ATFOW1O,5.0,1
B00ATFOPV6,5.0,1
B00ATGWNPA,5.0,1
B00ATGYBEQ,4.0,1
B00IP1TXOK,5.0,1
B00CA6Y9UE,5.0,1
B00CA5XYNS,4.0,1
B00ATH9P6Y,5.0,1
B00CA6A8D6,5.0,1
B00IP1M252,5.0,1
B00HV686OS,5.0,1
B00ATH9J3I,5.0,1
B00HV684WC,5.0,1
B00CA6M15O,5.0,1
B00HV5U9GC,4.0,1
B00CA6NQO4,5.0,1
B00HV4DU7S,5.0,1
B00ATH9GMM,5.0,1
B00ATZAPOC,5.0,1
B00HVDHR5U,5.0,1
B00C82YMWK,5.0,1
B00C8AL7A2,5.0,1
B00C8AHN5K,5.0,1
B00AUKZWY4,5.0,1
B00HVKY23S,4.0,1
B00HVKP7HS,5.0,1
B00AUKUIY8,5.0,1
B00C8AIVWO,5.0,1
B00AUKRUEO,5.0,1
B00C8AQF2M,4.0,1
B00AUKPZUK,5.0,1
B00AUKM8AU,5.0,1
B00AUKHN5A,5.0,1
B00C8B0OSC,5.0,1
B00C8CHCCC,5.0,1
B00C8D1S44,4.0,1
B00C8A03F2,5.0,1
B00AUNKEU8,5.0,1
B00IOEL4G8,5.0,1
B00AUNDK40,4.0,1
B00C8A0GMC,5.0,1
B00IOEVQXO,5.0,1
B00AUN8E0U,5.0,1
B00AUMU8QY,5.0,1
B00AUMJK90,5.0,1
B00AUMBIRM,5.0,1
B00HVL7A6I,5.0,1
B00C8A1932,5.0,1
B00C8A1BF8,5.0,1
B00IOEVQZC,5.0,1
B00AUK0OBA,5.0,1
B00AUEECS2,5.0,1
B00C8DC3U2,5.0,1
B00C8DADO0,5.0,1
B00C8DB13C,5.0,1
B00AUG7K20,5.0,1
B00C8DBHJU,4.0,1
B00C8DBY3O,5.0,1
B00AUHNQP4,4.0,1
B00C8DEGSY,5.0,1
B00IOH4I1S,4.0,1
B00AUFAM12,5.0,1
B00AUEKABU,5.0,1
B00C8DF7LE,5.0,1
B00C8DFJC6,4.0,1
B00AUEJ8Z4,5.0,1
B00C8D36EO,5.0,1
B00AUISR0M,5.0,1
B00C8D3RBG,5.0,1
B00AUJO0RA,5.0,1
B00C8D3UXG,5.0,1
B00C8D5QW4,5.0,1
B00AUISBSU,5.0,1
B00C8D91FW,4.0,1
B00AUIRWJY,5.0,1
B00C8D8WDY,5.0,1
B00IOF0WUG,5.0,1
B00AUIJVXY,5.0,1
B00AUIAD68,5.0,1
B00AUHXU32,4.0,1
B00HVLDSFU,5.0,1
B00AV1I8KW,5.0,1
B00HVOLF1Q,5.0,1
B00C85GQE4,4.0,1
B00AV26FS8,5.0,1
B00C85HJKY,5.0,1
B00C85HKCG,4.0,1
B00IOA52QK,5.0,1
B00C85HTAE,5.0,1
B00C85IC1Y,5.0,1
B00C85GK4K,5.0,1
B00AV0LYRW,5.0,1
B00AV0DRAY,5.0,1
B00AUZQHYS,5.0,1
B00AUZCP8U,5.0,1
B00IOAYPPE,5.0,1
B00HVOVHKK,5.0,1
B00C85FQSQ,5.0,1
B00HVLLIBQ,4.0,1
B00AV3V9U6,4.0,1
B00C8324MY,5.0,1
B00AV2FBEM,5.0,1
B00IO8K096,4.0,1
B00C84O1F6,5.0,1
B00C85EXVC,5.0,1
B00HVPTRMY,4.0,1
B00AV2CE8I,5.0,1
B00C84OWTQ,4.0,1
B00HVPT29M,5.0,1
B00C87B0EI,5.0,1
B00HVNLSXC,5.0,1
B00AURLQ0Q,5.0,1
B00AUUAWEO,4.0,1
B00AUTMWNE,4.0,1
B00AURTMZC,5.0,1
B00IOC42B4,5.0,1
B00AURSFOQ,5.0,1
B00C89X8NM,5.0,1
B00IOC4T1C,5.0,1
B00C88BU1A,5.0,1
B00IOC799Q,5.0,1
B00C89XKQW,5.0,1
B00C89Y91C,4.0,1
B00C89Z0EC,5.0,1
B00AUP19JG,4.0,1
B00C89Z0P6,5.0,1
B00AUUKOIS,5.0,1
B00C89C1W6,5.0,1
B00IOC2N4W,4.0,1
B00C8915NC,5.0,1
B00C88KZ48,5.0,1
B00AUYNA1W,5.0,1
B00C88RLZY,5.0,1
B00C88RM8A,4.0,1
B00AUXFJ4E,5.0,1
B00AUWKU94,5.0,1
B00C88Y6QG,4.0,1
B00C88Y8EG,5.0,1
B00AUVOST8,5.0,1
B00C88Y9R2,5.0,1
B00HVMR5J4,5.0,1
B00C88ZV2Y,5.0,1
B00IOBTM4W,4.0,1
B00C8DFN86,5.0,1
B00ATZJK6G,5.0,1
B00AU5LF4K,5.0,1
B00AU6OP5A,5.0,1
B00AU6OKG4,5.0,1
B00C8VMZP2,4.0,1
B00C8VQNU0,5.0,1
B00C8VR91W,5.0,1
B00AU5V0U4,5.0,1
B00AU5EDJ4,5.0,1
B00C8VHJLC,5.0,1
B00AU5DLB0,5.0,1
B00AU51PD6,5.0,1
B00IOSOSOY,5.0,1
B00C8W1P2A,5.0,1
B00HVHT0R4,5.0,1
B00HVHR3AK,5.0,1
B00HVHMS7S,4.0,1
B00IOSLOMI,5.0,1
B00AU4Q5E6,5.0,1
B00HVIL5G2,5.0,1
B00AU7YYZA,5.0,1
B00C8TMI1K,5.0,1
B00HVIKZ86,5.0,1
B00AU7YARM,5.0,1
B00C8TMRRK,5.0,1
B00C8TMWK2,5.0,1
B00C8TN9JU,4.0,1
B00IORLETC,5.0,1
B00IORP0QK,5.0,1
B00AU7LQ38,4.0,1
B00AU79MXY,5.0,1
B00AU75KU8,5.0,1
B00C8W1P8Y,5.0,1
B00C8W1WEQ,5.0,1
B00C8DG8ZS,5.0,1
B00C8ZW53A,5.0,1
B00IOUS10E,5.0,1
B00AU10UXQ,5.0,1
B00IOVB5IS,5.0,1
B00HVE2Q2I,5.0,1
B00IOVG8JY,5.0,1
B00C8YVIO8,5.0,1
B00AU10UO0,5.0,1
B00AU0398U,5.0,1
B00C91L3QS,4.0,1
B00HVDORL2,5.0,1
B00ATZZIDK,4.0,1
B00C91OENC,4.0,1
B00C92HU0K,5.0,1
B00C8X8ILU,5.0,1
B00C8W1YH6,5.0,1
B00HVGJ3MW,4.0,1
B00HVGDYJ0,5.0,1
B00C8WHVJG,5.0,1
B00IOT4V6S,5.0,1
B00HVFWUSW,5.0,1
B00AU22UII,5.0,1
B00IOU0G3Y,5.0,1
B00C8WKCYC,5.0,1
B00HVECAL0,5.0,1
B00AU1IZ6U,4.0,1
B00C8WN0KK,5.0,1
B00IOULTYE,5.0,1
B00AU1I5EM,5.0,1
B00C8WSHP8,5.0,1
B00C8X3R34,5.0,1
B00C8TMECI,5.0,1
B00C8TM32O,5.0,1
B00C8TLKTQ,5.0,1
B00AUB5HMA,4.0,1
B00AUBEYCE,5.0,1
B00C8HAUOO,5.0,1
B00IOKZKK8,4.0,1
B00AUB5SII,4.0,1
B00C8IH00A,4.0,1
B00AUBEZX2,5.0,1
B00C8ITLUW,4.0,1
B00C8K2BWK,5.0,1
B00AUA715M,5.0,1
B00AUA53HK,5.0,1
B00C8K9X2Q,5.0,1
B00C8MBSYA,5.0,1
B00C8NB132,5.0,1
B00AUA1RI4,5.0,1
B00AUBF01I,5.0,1
B00IOK7E16,5.0,1
B00C8DMWJY,5.0,1
B00C8E94XU,5.0,1
B00AUDOCUQ,4.0,1
B00C8EV3UM,5.0,1
B00C8FHWEC,5.0,1
B00AUDKDD6,5.0,1
B00AUCPNC8,5.0,1
B00AUBKSCO,5.0,1
B00IOK7YKW,4.0,1
B00C8FYHNQ,5.0,1
B00AUBLTJ0,5.0,1
B00C8G1GFW,4.0,1
B00C8O8S64,5.0,1
B00C8OUYJS,5.0,1
B00C8Q591O,5.0,1
B00IOPRXWQ,5.0,1
B00AU97LK8,4.0,1
B00AU973RY,5.0,1
B00AU90JSE,5.0,1
B00AU8VDI0,5.0,1
B00C8R39WY,4.0,1
B00C8RZ0IK,5.0,1
B00C8SXAQS,5.0,1
B00C8TC6B2,5.0,1
B00C8TJYXA,5.0,1
B00C8TKYBQ,5.0,1
B00C8TL08C,5.0,1
B00C8Q0ZUO,5.0,1
B00C8Q0X4M,5.0,1
B00AU999KI,5.0,1
B00AU9QQ4K,5.0,1
B00C8PG5D6,5.0,1
B00AU9LZGE,5.0,1
B00AU9LNAW,5.0,1
B00AU9JTSU,5.0,1
B00AU9EKCA,4.0,1
B00C8PMNPA,4.0,1
B00IOLUM0U,5.0,1
B00ION2L8Y,5.0,1
B00AU9CM0W,4.0,1
B00AU9CLG2,5.0,1
B00AU9BKSC,5.0,1
B00HVJW3O4,5.0,1
B00C8PXDEU,5.0,1
B00AU9ADQM,5.0,1
B00AX1G3N4,5.0,1
B00HUUPY5Y,5.0,1
B00AZ6N3VW,5.0,1
B00HZHCZ9K,5.0,1
B00HZHCY0A,5.0,1
B00AZ6GDDM,5.0,1
B00AZ6BDDM,5.0,1
B00ILHE8JS,5.0,1
B00C1FGWDQ,4.0,1
B00C1FMOO2,4.0,1
B00C1FZXKO,4.0,1
B00C1G44Q2,4.0,1
B00AZ5S7AA,5.0,1
B00ILHMRP0,5.0,1
B00HZHD0CQ,5.0,1
B00C1ETCGG,5.0,1
B00C1GCLB2,5.0,1
B00HZHHCK2,5.0,1
B00C1C2EGS,5.0,1
B00HZHHDW4,4.0,1
B00AZ8G4D4,5.0,1
B00C1CU0NC,5.0,1
B00C1D4D98,5.0,1
B00C1DUVLW,5.0,1
B00C1DVN1O,4.0,1
B00C1ESTA6,5.0,1
B00C1DZ3QU,4.0,1
B00HZHEQEM,5.0,1
B00AZ5EK4C,5.0,1
B00ILHQUCG,4.0,1
B00HZEBRQA,5.0,1
B00ILO7SM0,5.0,1
B00AZ0SX4A,5.0,1
B00C1JAO9A,5.0,1
B00C1JBEF8,5.0,1
B00AZ0HH2E,5.0,1
B00C1JF1PW,5.0,1
B00C1JFCIS,4.0,1
B00C1JTG5S,5.0,1
B00C1J8D98,5.0,1
B00C1K08E0,5.0,1
B00ILO7VN6,5.0,1
B00AZ06MQQ,5.0,1
B00HZEIJ4S,4.0,1
B00ILO8BXU,5.0,1
B00AYZT04S,5.0,1
B00C1J9270,5.0,1
B00AZ4WQ1M,5.0,1
B00AZ4IFVM,4.0,1
B00AZ4367U,5.0,1
B00C1GCNTM,5.0,1
B00AZ2WEPW,5.0,1
B00HZFYQ4E,5.0,1
B00ILHUMRU,4.0,1
B00C1GCPE0,5.0,1
B00C1J6P9S,4.0,1
B00AZ14DJI,5.0,1
B00C1GHH8Y,5.0,1
B00C1GVWAS,4.0,1
B00ILLJRZ4,5.0,1
B00C1BM3HO,4.0,1
B00AZ977E8,5.0,1
B00C15S2KC,4.0,1
B00AZF91KK,5.0,1
B00AZEF6E6,5.0,1
B00IL2V6XY,5.0,1
B00C15LVFU,5.0,1
B00AZDTDSC,5.0,1
B00AZDNL9Y,4.0,1
B00IL33ADW,5.0,1
B00C18HIMM,5.0,1
B00AZDDZHM,5.0,1
B00C18HIZO,4.0,1
B00C18J4TC,4.0,1
B00C15RVHM,5.0,1
B00AZFBAPE,5.0,1
B00C14DJC4,5.0,1
B00IKZFEVW,5.0,1
B00C12Z37K,5.0,1
B00IKZHJGK,5.0,1
B00C130OLY,5.0,1
B00AZG2IZY,4.0,1
B00HZHWH5C,5.0,1
B00C1469GW,5.0,1
B00AZFBNQA,5.0,1
B00AZFSE9E,5.0,1
B00C14ICVM,5.0,1
B00C14TBH6,4.0,1
B00C150U7K,4.0,1
B00IL0QGKY,5.0,1
B00C150UB6,5.0,1
B00C18XVG4,4.0,1
B00AZD925G,4.0,1
B00HZHP5H4,5.0,1
B00C1BLU8C,4.0,1
B00ILAJUO8,5.0,1
B00C1BLTPG,5.0,1
B00C1BLU46,4.0,1
B00ILBFRQ2,5.0,1
B00C1BLUKK,4.0,1
B00IL4OZTO,5.0,1
B00AZBRRIM,5.0,1
B00AZ9EF0M,5.0,1
B00ILC8RX6,5.0,1
B00C1BM0FY,4.0,1
B00C1BM1KI,4.0,1
B00ILDUK1M,5.0,1
B00AZBSN76,5.0,1
B00ILACZ7C,5.0,1
B00C1BLP5K,5.0,1
B00AZCZYO0,4.0,1
B00AZCFH1K,5.0,1
B00AZCFGNE,5.0,1
B00AZCFFKI,5.0,1
B00AZCFELS,5.0,1
B00AZCAJWM,4.0,1
B00HZHLVPE,5.0,1
B00C1B7TSC,5.0,1
B00AZBX218,5.0,1
B00C1BJ3Y0,4.0,1
B00ILA26TO,5.0,1
B00ILA9MHI,5.0,1
B00C1BJWHI,5.0,1
B00HZEECLW,5.0,1
B00C1K3XCE,4.0,1
B00IKZ5AFW,4.0,1
B00AYNRJ2A,5.0,1
B00ILPRCH0,5.0,1
B00C24I572,5.0,1
B00ILPRVMQ,5.0,1
B00HZ8DJ0I,5.0,1
B00HZ7ZZBK,5.0,1
B00AYOK9WQ,4.0,1
B00ILPRWN4,5.0,1
B00HZ9VAGW,5.0,1
B00C25KGVO,4.0,1
B00HZ7GD6G,5.0,1
B00AYN9JIW,5.0,1
B00C25KH9A,5.0,1
B00ILPRWZW,5.0,1
B00C25KHC2,4.0,1
B00AYOL2DQ,5.0,1
B00C24AUMU,4.0,1
B00C25KWK4,5.0,1
B00AYQSG7E,5.0,1
B00HZAKH1U,5.0,1
B00C2077YI,4.0,1
B00AYQKQ4U,5.0,1
B00C20AT1G,5.0,1
B00AYPPKUQ,5.0,1
B00C222G1K,5.0,1
B00C20IU76,5.0,1
B00AYPE73C,5.0,1
B00C21NKOS,5.0,1
B00AYORLX6,5.0,1
B00C21NTAS,5.0,1
B00C21NUG6,5.0,1
B00C25KWIG,4.0,1
B00ILPS06W,5.0,1
B00C1K4OEK,5.0,1
B00C2BSESK,4.0,1
B00AYKU5JW,5.0,1
B00AYKU3GW,5.0,1
B00C2B2TUE,5.0,1
B00AYKU2FE,5.0,1
B00AYKSBRA,4.0,1
B00C2BPTCE,5.0,1
B00AYKRN5G,5.0,1
B00ILUH9NW,5.0,1
B00AYKU6CS,5.0,1
B00AYKITFE,5.0,1
B00AYK2Y3M,5.0,1
B00AYK1BKO,5.0,1
B00AYJSSSS,5.0,1
B00C2C3TCA,5.0,1
B00C2C6QF2,4.0,1
B00AYJ8586,4.0,1
B00C2AV3T8,4.0,1
B00C2A5GNM,4.0,1
B00C25SVAW,4.0,1
B00C25Y50C,4.0,1
B00HZ5MM72,5.0,1
B00ILRDQ32,5.0,1
B00AYLEW2W,5.0,1
B00ILSG32W,5.0,1
B00C29MEVA,5.0,1
B00ILTKGIS,4.0,1
B00C28DPR8,5.0,1
B00C28NGLI,5.0,1
B00AYLCT22,4.0,1
B00C29BJH0,4.0,1
B00C29I14E,5.0,1
B00AYR230E,4.0,1
B00ILPRAGI,5.0,1
B00HZDT272,4.0,1
B00ILO8QJO,5.0,1
B00C1OXYM4,4.0,1
B00ILO8SF6,5.0,1
B00C1P76SQ,4.0,1
B00AYYY5IK,5.0,1
B00C1PEGMU,5.0,1
B00C1QZ02E,5.0,1
B00C1NLRB0,5.0,1
B00C1R9WYU,5.0,1
B00C1RC8QE,5.0,1
B00C1RVLJE,5.0,1
B00C1RVNT2,5.0,1
B00AYX88PM,5.0,1
B00C1NR96W,5.0,1
B00ILO8OYG,5.0,1
B00C1KA0TS,5.0,1
B00C1KEOKO,5.0,1
B00ILO8CMK,5.0,1
B00ILO8FHC,5.0,1
B00HZDWBIO,5.0,1
B00AYZJL42,4.0,1
B00ILO8KI6,5.0,1
B00AYZJ64C,4.0,1
B00C1NKH84,5.0,1
B00C1MSIPE,5.0,1
B00HZDUOTM,5.0,1
B00ILO8NA6,4.0,1
B00AYZ5QT6,5.0,1
B00ILOC9B0,4.0,1
B00HZCXRPG,5.0,1
B00AYS2S8K,5.0,1
B00AYRZAU4,5.0,1
B00AYRZ0ZY,4.0,1
B00C1WM2BK,5.0,1
B00AYRXJ4S,5.0,1
B00C1WR40E,4.0,1
B00AYRW6ME,5.0,1
B00AYRVHXI,5.0,1
B00C1TVOB2,5.0,1
B00AYRF090,4.0,1
B00ILPR4BY,5.0,1
B00C1YE5ZE,5.0,1
B00C1YMZJ2,5.0,1
B00AYSBMJQ,5.0,1
B00C1WJNRG,5.0,1
B00AYVCOV8,4.0,1
B00ILPQPN2,5.0,1
B00HZC0Z38,4.0,1
B00AYUY4DA,5.0,1
B00AYUY1ZG,5.0,1
B00AYUUACE,5.0,1
B00C1UEVYI,5.0,1
B00AYTQ68M,5.0,1
B00AYTMA00,5.0,1
B00C1VJMZA,5.0,1
B00ILPQW6M,5.0,1
B00C1W67BQ,4.0,1
B00C12V522,5.0,1
B00C12UXHA,4.0,1
B00BZRILO4,5.0,1
B00BZRPCHI,5.0,1
B00IKRRR7E,5.0,1
B00BZSD9HC,5.0,1
B00BZSLNN4,5.0,1
B00BZUSTU2,5.0,1
B00BZPTJ8S,4.0,1
B00HZRI51W,5.0,1
B00BZV1O44,5.0,1
B00HZRG59Q,5.0,1
B00IKRXBOM,4.0,1
B00HZREWJG,5.0,1
B00AZND01I,5.0,1
B00BZWQLTQ,5.0,1
B00BZWSDEW,5.0,1
B00AZNH9RO,5.0,1
B00IKQZHJ0,5.0,1
B00AZN8XFQ,5.0,1
B00BZNGI8O,5.0,1
B00BZNDFO4,5.0,1
B00BZNFJPM,5.0,1
B00BZNG18G,5.0,1
B00BZNG5I2,5.0,1
B00AZO50TC,5.0,1
B00AZO15XC,5.0,1
B00BZPT4RE,5.0,1
B00BZNGRAS,5.0,1
B00BZNGRCG,5.0,1
B00AZO0RDG,5.0,1
B00AZNZ2QO,5.0,1
B00AZNNLYY,5.0,1
B00BZPM7PK,4.0,1
B00BZX16MM,5.0,1
B00AZN1X8K,5.0,1
B00IKSDMX6,5.0,1
B00IKS2BM4,5.0,1
B00AZL45TQ,5.0,1
B00HZP7CYU,5.0,1
B00HZOBK7G,5.0,1
B00C022ODC,5.0,1
B00C02CUJU,5.0,1
B00HZO2AIE,5.0,1
B00AZL0IUG,5.0,1
B00C02XD00,5.0,1
B00AZL02XY,5.0,1
B00C031W1G,5.0,1
B00HZNY0LU,5.0,1
B00C03KN4S,5.0,1
B00C01PIYU,4.0,1
B00AZMTD0Q,5.0,1
B00BZX9V4C,5.0,1
B00BZXOJQW,4.0,1
B00IKRXMLE,5.0,1
B00IKRYW9U,5.0,1
B00HZR1YP6,4.0,1
B00BZZKMT8,5.0,1
B00C01KVS8,5.0,1
B00C00G174,5.0,1
B00HZPUYOK,5.0,1
B00C00P4TK,5.0,1
B00AZM5UK8,5.0,1
B00C011ZN8,5.0,1
B00HZPQZF2,5.0,1
B00AZOJS4K,5.0,1
B00AZOOJUI,5.0,1
B00AZOT37M,5.0,1
B00BZBM81M,5.0,1
B00BZBZO0Y,4.0,1
B00BZC5OS0,5.0,1
B00AZWH8RQ,5.0,1
B00BZB26Z0,5.0,1
B00HZSE5ZG,5.0,1
B00BZDQA1Y,5.0,1
B00AZVKFCW,5.0,1
B00BZEAXV6,5.0,1
B00AZUWZDU,5.0,1
B00BZEB37Y,5.0,1
B00BZB9BSK,5.0,1
B00BZB1TMG,5.0,1
B00BZK1MOC,5.0,1
B00BZ7PLDI,5.0,1
B00IKQ1MQC,5.0,1
B00BZ8HBCG,5.0,1
B00BZA2IX6,5.0,1
B00AZX13W6,4.0,1
B00BZB1IL8,5.0,1
B00BZB1F8E,5.0,1
B00AZWNNDE,5.0,1
B00AZWNMGW,5.0,1
B00BZEBVBC,5.0,1
B00BZEBY0U,5.0,1
B00BZEC2AQ,5.0,1
B00AZQKGRQ,4.0,1
B00AZQGDSW,5.0,1
B00AZQ5DRO,5.0,1
B00BZHPI54,5.0,1
B00AZQ44B0,5.0,1
B00AZQ081A,4.0,1
B00AZPX0VQ,5.0,1
B00AZPNTYE,4.0,1
B00AZPF2TO,5.0,1
B00BZHPIF4,5.0,1
B00BZIATBQ,5.0,1
B00BZILIMA,5.0,1
B00BZIOIOK,4.0,1
B00BZHNR7U,5.0,1
B00BZHB826,5.0,1
B00HZRVY7E,4.0,1
B00BZECIY6,5.0,1
B00BZECKWG,5.0,1
B00AZS7TWY,4.0,1
B00HZRW1M6,5.0,1
B00AZRZUJO,5.0,1
B00AZRRZP6,5.0,1
B00AZRGSAE,5.0,1
B00AZRAEFO,5.0,1
B00AZQY1O0,4.0,1
B00IKSTLFO,5.0,1
B00C11X70Q,5.0,1
B00HZI72UG,5.0,1
B00AZGERTY,5.0,1
B00AZGELLS,5.0,1
B00AZGEIEI,4.0,1
B00C0WRR8Y,5.0,1
B00AZGEAKK,5.0,1
B00C0XCQ8E,5.0,1
B00C0XTGD2,5.0,1
B00C0Y03VU,5.0,1
B00HZI58AM,5.0,1
B00IKX54ZA,5.0,1
B00AZGEAHI,5.0,1
B00C0YB75G,5.0,1
B00IKXPFMW,5.0,1
B00IKX3U5G,4.0,1
B00AZGPHFC,5.0,1
B00C0Q0P7U,5.0,1
B00C0SHLRA,5.0,1
B00C0TBKJE,5.0,1
B00IKVRU72,5.0,1
B00C0TGWFQ,5.0,1
B00AZI45R6,5.0,1
B00HZIU8FM,5.0,1
B00AZHQ2D2,5.0,1
B00HZK1DQS,5.0,1
B00HZJXLWS,5.0,1
B00HZJWPGQ,5.0,1
B00C0UWYDE,4.0,1
B00C0WDNCI,4.0,1
B00C0YU91O,5.0,1
B00C04B0KI,5.0,1
B00AZG90FK,5.0,1
B00AZGAGXU,5.0,1
B00AZGACYS,4.0,1
B00C10SVTE,5.0,1
B00AZG8LTG,5.0,1
B00C10F7MI,5.0,1
B00HZHWRIY,5.0,1
B00C119TF8,5.0,1
B00C11DUHQ,5.0,1
B00HZHWO3W,5.0,1
B00C11EPD4,5.0,1
B00C11HD24,5.0,1
B00IKY06D4,5.0,1
B00AZGAM6Q,4.0,1
B00HZHXHY2,5.0,1
B00AZGDV6E,5.0,1
B00HZI0SM0,5.0,1
B00IKXRNIG,5.0,1
B00HZI3N18,5.0,1
B00HZI19NC,4.0,1
B00IKXWR00,4.0,1
B00AZGCRAA,5.0,1
B00HZHZBRI,5.0,1
B00AZGCMSM,5.0,1
B00AZGAYLE,5.0,1
B00C100C32,5.0,1
B00C105UU2,4.0,1
B00HZHZOSE,5.0,1
B00IKUS522,5.0,1
B00HZKB8OU,5.0,1
B00IKU9I5A,5.0,1
B00IKTI2O4,5.0,1
B00C09NA7E,5.0,1
B00AZIZLZ6,5.0,1
B00C09TOOC,5.0,1
B00C0AD6WC,5.0,1
B00HZMNRMY,5.0,1
B00C0C9UES,4.0,1
B00AZIYYFE,5.0,1
B00AZIYVE8,5.0,1
B00C0CJ30O,4.0,1
B00AZIYU0S,5.0,1
B00C0CN4JU,5.0,1
B00AZIYPDK,5.0,1
B00C0CPFUG,5.0,1
B00C09J10E,5.0,1
B00HZKDXUM,5.0,1
B00HZN3OU8,5.0,1
B00C04Y8CU,4.0,1
B00C054MLG,5.0,1
B00C05CJLG,5.0,1
B00HZNHWA6,5.0,1
B00C05G51Q,5.0,1
B00C05Q8T0,5.0,1
B00IKT18HW,5.0,1
B00C066MXG,5.0,1
B00C07ON86,5.0,1
B00IKT6PMK,5.0,1
B00C06LX12,5.0,1
B00C06UWDW,5.0,1
B00AZIZXBI,5.0,1
B00HZMPZM4,5.0,1
B00HZL7EHE,5.0,1
B00AZIYIRI,4.0,1
B00C0CTTHQ,4.0,1
B00IKU2VIQ,5.0,1
B00C0LVD6M,5.0,1
B00HZKNQWM,4.0,1
B00C0M35MQ,5.0,1
B00HZKLXT0,5.0,1
B00IKTUB4S,5.0,1
B00C0M9VXS,4.0,1
B00C0MAXI0,5.0,1
B00IKTM7GI,5.0,1
B00HZKF1AC,5.0,1
B00IKU9FXA,5.0,1
B00HZKEEU0,5.0,1
B00C0MQYWE,5.0,1
B00C0N2CDS,5.0,1
B00C0PRE4I,4.0,1
B00C0LRRGC,4.0,1
B00C0KJPX6,5.0,1
B00C0KJPGI,5.0,1
B00C0FQ002,5.0,1
B00IKTTMRU,5.0,1
B00C0FQ03Y,5.0,1
B00C0FQ048,5.0,1
B00C0FWKRO,5.0,1
B00C0G60X8,5.0,1
B00HZKX334,4.0,1
B00C0GS7UC,5.0,1
B00HZKUIQO,4.0,1
B00C0H0JOS,5.0,1
B00C0I7Z58,5.0,1
B00C0IVT28,5.0,1
B00C0J8R7W,5.0,1
B00C0KB0FM,5.0,1
B00C0KJIGA,5.0,1
B00AYIZBZ2,5.0,1
B00C2CKD2Y,5.0,1
B00AX26WUW,5.0,1
B00C4AJAMS,5.0,1
B00AXKSUJA,5.0,1
B00C4BKVJ8,5.0,1
B00C4BMTIE,5.0,1
B00IMTPVMS,5.0,1
B00C4CH6DG,4.0,1
B00C4DI6YI,5.0,1
B00C4AAJQ4,5.0,1
B00IMUDGIS,5.0,1
B00C4EDB9M,5.0,1
B00C4ETAW4,5.0,1
B00AXKGOSE,5.0,1
B00C4AAJXC,5.0,1
B00AXKTGPW,5.0,1
B00C4IS2TC,5.0,1
B00HYAOHDA,5.0,1
B00C48D2TW,4.0,1
B00AXKWDFW,4.0,1
B00C48UY2A,5.0,1
B00C49ISSG,5.0,1
B00C49T1NC,5.0,1
B00HYAPMLQ,5.0,1
B00C4A2PUM,5.0,1
B00AXKW0V4,4.0,1
B00C4A325O,5.0,1
B00C4A3HAY,5.0,1
B00C4A3XNU,5.0,1
B00C4A49WE,5.0,1
B00AXKTS7I,4.0,1
B00AXKTRZQ,5.0,1
B00C4IA2YU,5.0,1
B00HY83XP0,5.0,1
B00AXEE38S,5.0,1
B00C4QVDN6,5.0,1
B00C4Q56BG,5.0,1
B00HY6CKL0,5.0,1
B00C4QOKIQ,4.0,1
B00IMWSFWS,5.0,1
B00AXGSYDG,4.0,1
B00AXGMSWO,5.0,1
B00AXF6SEO,5.0,1
B00AXI7V1U,5.0,1
B00IMWT7SO,5.0,1
B00AXF34AU,5.0,1
B00AXF1T7U,5.0,1
B00HY5C49E,5.0,1
B00AXEZ670,5.0,1
B00C4RY3YG,5.0,1
B00C4PBKT4,5.0,1
B00IMV48M0,5.0,1
B00C4NUV6Y,5.0,1
B00AXJOUMC,4.0,1
B00AXJAARQ,5.0,1
B00C4O1FW2,5.0,1
B00C4P4Z6E,5.0,1
B00C4O4WYU,5.0,1
B00C4OOERU,5.0,1
B00C4OT47K,5.0,1
B00AXIDFPQ,5.0,1
B00C47ZUES,5.0,1
B00C47YLAM,5.0,1
B00C47SM66,5.0,1
B00HYE5ZA0,5.0,1
B00C3WPWHO,5.0,1
B00C3WPXH8,5.0,1
B00AXO8JJM,5.0,1
B00AXNX5BK,5.0,1
B00C3WPZVC,4.0,1
B00C3WQ0HA,4.0,1
B00C3WSZPU,5.0,1
B00IMN2FSW,5.0,1
B00C3WPS2S,5.0,1
B00IMNFQC4,5.0,1
B00C3WT1V2,5.0,1
B00C3WT2BG,5.0,1
B00IMQE6KE,5.0,1
B00C3XWOHO,4.0,1
B00AXOH8FI,4.0,1
B00C3WPJWW,5.0,1
B00C3TUWYK,5.0,1
B00AXP9OFO,5.0,1
B00AXP3YPU,5.0,1
B00IML80J2,5.0,1
B00IMLI1GO,5.0,1
B00AXP1RTK,5.0,1
B00C3QFP0Y,5.0,1
B00C3TZW0Y,5.0,1
B00C3VVLDE,5.0,1
B00C3V5HWK,5.0,1
B00C3V6Q66,5.0,1
B00AXP1I4E,5.0,1
B00C3VIO3Y,5.0,1
B00AXP1H3Q,5.0,1
B00AXP1F24,5.0,1
B00HYERXBY,4.0,1
B00C3ZV7WA,5.0,1
B00AXNMO80,5.0,1
B00C43LVDQ,5.0,1
B00C41V0CK,5.0,1
B00C41V9CG,5.0,1
B00C42ATG2,5.0,1
B00AXLB8CU,4.0,1
B00C432CBG,5.0,1
B00HYB18ZE,5.0,1
B00IMT025E,5.0,1
B00AXNK41Y,5.0,1
B00HYAZMBG,5.0,1
B00HYAXTMK,5.0,1
B00HYARVH4,5.0,1
B00C461ZBQ,5.0,1
B00C4648IS,5.0,1
B00C41RJT8,4.0,1
B00AXLLO1U,4.0,1
B00AXLOUXO,4.0,1
B00C40LPHQ,5.0,1
B00C40PRLQ,5.0,1
B00AXMMUL2,5.0,1
B00C40RUFM,5.0,1
B00IMQF5V8,4.0,1
B00AXMHF1M,4.0,1
B00HYDZ6SC,5.0,1
B00HYC264A,4.0,1
B00AXMCW06,5.0,1
B00AXLZ1H8,5.0,1
B00C4175QK,5.0,1
B00AXLSUQC,5.0,1
B00C41DP5A,4.0,1
B00C4S0XZI,5.0,1
B00AXEB1LK,5.0,1
B00C51M40Q,5.0,1
B00AX3TGTA,5.0,1
B00HXSHJQU,5.0,1
B00C51TN32,5.0,1
B00IN4KNEI,5.0,1
B00AX3IW2C,5.0,1
B00AX3HYKI,4.0,1
B00C549ZR8,5.0,1
B00HXRSJ10,5.0,1
B00C54MUKW,5.0,1
B00C555CXI,4.0,1
B00AX5WV4U,5.0,1
B00AX60EWK,4.0,1
B00AX608LM,4.0,1
B00C4Z7ZSO,5.0,1
B00AX5ZB4C,4.0,1
B00C4ZAN5Q,5.0,1
B00AX5XXH4,4.0,1
B00HXX110U,5.0,1
B00AX5WJQK,5.0,1
B00HXTMOAK,5.0,1
B00AX5WSB6,4.0,1
B00AX5WNLQ,5.0,1
B00C50WYFC,5.0,1
B00C511UL0,5.0,1
B00C557SE4,5.0,1
B00AXEAVP2,5.0,1
B00HXJMZH2,5.0,1
B00C5GVHO0,5.0,1
B00C5GVHYA,5.0,1
B00C5H0GNW,5.0,1
B00C5I1KVI,5.0,1
B00HXK5ICU,5.0,1
B00AX2BBEE,5.0,1
B00HXJFP3I,4.0,1
B00C5LKUPC,5.0,1
B00C5LOVTI,5.0,1
B00AX2B5FY,5.0,1
B00C5MFQC8,4.0,1
B00C5MQFA0,5.0,1
B00AX2B4HS,5.0,1
B00IN6JUOK,5.0,1
B00HXLCOTY,5.0,1
B00HXQGCRY,4.0,1
B00HXNDT8M,4.0,1
B00C55968A,4.0,1
B00C56MPAU,5.0,1
B00AX2UZ8M,5.0,1
B00C57EO6W,5.0,1
B00IN5Y30W,5.0,1
B00AX2UVAE,4.0,1
B00C57MVGM,5.0,1
B00C58R96S,5.0,1
B00AX2TC5O,5.0,1
B00AX2T49I,5.0,1
B00HXX2Z6O,5.0,1
B00AX6O0JS,5.0,1
B00AXAQDA8,4.0,1
B00AXBLA5A,5.0,1
B00AXBLA1O,5.0,1
B00C4UKYL4,5.0,1
B00C4ULBPW,5.0,1
B00C4UM81I,5.0,1
B00AXBKAZQ,5.0,1
B00AXAQRYU,5.0,1
B00HY2OYJA,5.0,1
B00HY3GJUG,5.0,1
B00AXAP5XE,4.0,1
B00AXAP1ZQ,4.0,1
B00C4UMK2K,5.0,1
B00HY2DYF0,5.0,1
B00AXAIGE4,4.0,1
B00C4UMN90,5.0,1
B00AXAHUA0,5.0,1
B00AXAGGV4,5.0,1
B00AXBSBH0,5.0,1
B00AX6QE7O,5.0,1
B00AXD84L6,5.0,1
B00AXEAVCA,5.0,1
B00C4TBPEA,5.0,1
B00C4TL4RI,4.0,1
B00AXDS83K,5.0,1
B00HY58WMW,5.0,1
B00HY4PGRC,5.0,1
B00AXDDEES,5.0,1
B00IMYETT4,5.0,1
B00HY47JEU,5.0,1
B00AXCVTFU,5.0,1
B00C4U3IV2,5.0,1
B00C4U7L06,5.0,1
B00AXCFTGA,5.0,1
B00C4UK0FY,4.0,1
B00HY4N5TI,5.0,1
B00AXCADZ2,4.0,1
B00AXC4M7W,5.0,1
B00C4UMQ88,5.0,1
B00AXACWCG,4.0,1
B00IMZJ7XG,5.0,1
B00HXZX2Z0,4.0,1
B00C4VQJ6M,5.0,1
B00C4VSX3O,5.0,1
B00C4WG45W,4.0,1
B00HY2DJT6,4.0,1
B00HY1QB24,5.0,1
B00C4YAQK4,5.0,1
B00C4YDNYK,5.0,1
B00AX7HC42,5.0,1
B00AX7E1MI,5.0,1
B00C4YO0QK,5.0,1
B00HXXEFE4,5.0,1
B00C4Z45XC,5.0,1
B00C4VLL3I,5.0,1
B00C4VL944,4.0,1
B00C4VKTF4,5.0,1
B00IMZKAWS,4.0,1
B00C4UNHMC,5.0,1
B00C4UNIKI,5.0,1
B00C4V2QDM,5.0,1
B00C4VAB3Y,5.0,1
B00C4VCSWQ,5.0,1
B00C4VIF5U,4.0,1
B00AX9FS5U,5.0,1
B00C4VIPRS,5.0,1
B00AX9EQZI,5.0,1
B00C4VJ0F4,5.0,1
B00C4VK7QK,5.0,1
B00AX8R8BS,5.0,1
B00AX8PXWO,5.0,1
B00C3PZXF2,5.0,1
B00C3P4XRG,5.0,1
B00ILVHYSG,5.0,1
B00HZ2BOEC,5.0,1
B00AY7ZSBA,5.0,1
B00AY7LPBW,4.0,1
B00HZ2BMJO,5.0,1
B00AY6XHHS,5.0,1
B00AY62MB0,5.0,1
B00AY5XV52,5.0,1
B00HZ24IHW,5.0,1
B00AY82DQM,5.0,1
B00C2SU92W,5.0,1
B00C2T2VCM,4.0,1
B00HZ0YA8G,5.0,1
B00HZ05KGM,5.0,1
B00IM203FK,4.0,1
B00AY5FLVY,5.0,1
B00AY5F5BA,5.0,1
B00AY8KEYU,5.0,1
B00AY58E8Q,5.0,1
B00IM1BGSY,4.0,1
B00AYB06HM,4.0,1
B00C2OMUXC,5.0,1
B00C2QG9CI,5.0,1
B00AYA79HI,5.0,1
B00C2QLIC4,5.0,1
B00AYA6OT2,5.0,1
B00C2QS61U,5.0,1
B00C2QUGNG,5.0,1
B00C2QUHD0,5.0,1
B00C2RMR3M,5.0,1
B00C2R1WG0,5.0,1
B00AY9V4I4,4.0,1
B00C2RDC4K,4.0,1
B00IM1E7VC,5.0,1
B00AY8Z9F4,4.0,1
B00AY8Z9EK,5.0,1
B00AY8PHB0,5.0,1
B00C2T4YI6,4.0,1
B00C2UZJX4,5.0,1
B00AY361UG,5.0,1
B00C2TDMPW,5.0,1
B00C2TDP72,5.0,1
B00C2TDS4C,5.0,1
B00C2THREE,4.0,1
B00C2TODAK,5.0,1
B00HYUVFCG,5.0,1
B00C2U809E,4.0,1
B00C2U95U2,5.0,1
B00C2U9WWI,5.0,1
B00C2TDBAS,5.0,1
B00IM471O4,4.0,1
B00AY306YS,4.0,1
B00AY2YK5K,5.0,1
B00C2UCZ4U,4.0,1
B00C2UGXH0,5.0,1
B00C2USITQ,4.0,1
B00IM4WQRG,4.0,1
B00IM4WRAM,5.0,1
B00AY54PDY,5.0,1
B00C2T53MW,5.0,1
B00AY518PW,5.0,1
B00C2T544O,5.0,1
B00AY4ZN36,5.0,1
B00C2T54GC,4.0,1
B00AY4TEL8,5.0,1
B00IM29RTS,4.0,1
B00C2TAJNA,5.0,1
B00C2TBA92,5.0,1
B00IM2YXLK,5.0,1
B00IM3FEYO,4.0,1
B00C2OBQNC,5.0,1
B00HZ381GU,5.0,1
B00HZ45PRC,4.0,1
B00HZ4BHR4,5.0,1
B00AYHPEZ0,5.0,1
B00C2E4REW,5.0,1
B00C2EDF9A,4.0,1
B00HZ497X0,5.0,1
B00C2EPZDY,5.0,1
B00ILWXGEQ,4.0,1
B00C2ES6SA,5.0,1
B00AYH0RDO,5.0,1
B00C2F63DE,5.0,1
B00C2F9XM2,4.0,1
B00AYGXW8W,5.0,1
B00C2FJRS2,5.0,1
B00AYI1SG8,5.0,1
B00AYC44SS,4.0,1
B00AYII5QE,5.0,1
B00C2CKMXY,4.0,1
B00AYIY4R8,5.0,1
B00AYIY3XS,5.0,1
B00AYIXKU0,4.0,1
B00C2CWM7I,5.0,1
B00AYIJL8K,5.0,1
B00C2D9CP2,5.0,1
B00AYI4YH8,5.0,1
B00HZ4JYRY,5.0,1
B00AYIHA38,5.0,1
B00C2DL1HE,4.0,1
B00HZ4F914,4.0,1
B00ILWROFI,5.0,1
B00AYIB6WY,5.0,1
B00AYI97S4,5.0,1
B00C2G32LY,5.0,1
B00IM06YGO,4.0,1
B00C2JJY2W,5.0,1
B00C2JMMN0,5.0,1
B00AYCQJ4A,5.0,1
B00HZ3PUI2,5.0,1
B00AYCPL3K,5.0,1
B00AYCOUNW,4.0,1
B00C2LSRQY,4.0,1
B00C2M0GBW,4.0,1
B00AYGUU4G,5.0,1
B00C2MB6YS,5.0,1
B00C2MN4VG,4.0,1
B00C2NOYRI,4.0,1
B00AYCNAVK,5.0,1
B00C2O1OAC,5.0,1
B00AYCE0LY,5.0,1
B00C2JFGTM,5.0,1
B00C2JDNDI,5.0,1
B00AYD97MU,4.0,1
B00AYDLY8U,4.0,1
B00ILY92NS,5.0,1
B00AYFUZ4C,5.0,1
B00C2HZHRA,5.0,1
B00AYETSWS,5.0,1
B00C2ID0UU,5.0,1
B00AYEN8VA,5.0,1
B00C2IGHDM,5.0,1
B00AYDX208,5.0,1
B00AYDW0RE,5.0,1
B00ILZT2VE,5.0,1
B00AYDM1D2,5.0,1
B00C2J6I9O,4.0,1
B00AYDLZPW,4.0,1
B00HYP0IIS,5.0,1
B00C3GZBJO,5.0,1
B00C3HLEN0,5.0,1
B00HYOGTBE,4.0,1
B00C3HVZPM,5.0,1
B00IMFGMF2,5.0,1
B00C3IFVHE,5.0,1
B00C3GWA98,5.0,1
B00C3JTASO,5.0,1
B00C3JU8XU,5.0,1
B00C3K12SO,5.0,1
B00HYMV7HC,4.0,1
B00HYMAIQI,5.0,1
B00HYM38TC,5.0,1
B00C3L0OG4,5.0,1
B00IMFTF6K,5.0,1
B00AXV8R60,4.0,1
B00HYP0XU6,5.0,1
B00AXSZUY0,5.0,1
B00C3EBFKK,4.0,1
B00C3CSSKM,5.0,1
B00AXYQABQ,5.0,1
B00C3D98K0,5.0,1
B00AXYM05Q,5.0,1
B00C3EB1HW,5.0,1
B00AXYLNEK,4.0,1
B00C3EI6XE,5.0,1
B00C3GW944,5.0,1
B00HYP5VJE,5.0,1
B00IMD72WQ,4.0,1
B00HYP3B1Y,5.0,1
B00AXXCSXQ,5.0,1
B00C3GRZH0,5.0,1
B00AXWF19A,5.0,1
B00AXW52SA,4.0,1
B00IMFUFJG,5.0,1
B00C2VP19A,5.0,1
B00AXRNENU,5.0,1
B00AXS0FGI,5.0,1
B00AXROS6M,4.0,1
B00C3MVR96,5.0,1
B00IMJX1SY,5.0,1
B00HYKGTFE,5.0,1
B00C3N6QF0,5.0,1
B00C3N70S2,5.0,1
B00C3N9GPC,5.0,1
B00AXS93XY,4.0,1
B00HYHV1X2,5.0,1
B00C3NDYQ4,5.0,1
B00C3NWINE,5.0,1
B00C3OL7NU,5.0,1
B00HYHKZQQ,4.0,1
B00C3OROBE,5.0,1
B00C3MRR4A,5.0,1
B00IMHC1OG,5.0,1
B00AXSWBTM,5.0,1
B00C3LL2G0,5.0,1
B00C3L6YQ8,5.0,1
B00IMFVT3C,5.0,1
B00C3LEOSI,5.0,1
B00C3LF2B6,5.0,1
B00C3LIU88,5.0,1
B00C3M83P2,5.0,1
B00C3MEMSY,5.0,1
B00C3MFUS0,4.0,1
B00C3MJ9FK,5.0,1
B00AXSODCA,5.0,1
B00AXSNHC2,5.0,1
B00IMFZ6WW,4.0,1
B00C3BRQZG,5.0,1
B00AXZEQ66,5.0,1
B00AY0SZHG,4.0,1
B00AY14N62,5.0,1
B00IM6JE3S,5.0,1
B00C30HCDI,5.0,1
B00AY1238M,5.0,1
B00AY0WKRW,5.0,1
B00C30HX2I,4.0,1
B00C2ZVGUY,4.0,1
B00C30LI1A,5.0,1
B00C30UYP6,5.0,1
B00C31EPJG,5.0,1
B00AY0SYDQ,4.0,1
B00C31VIZ0,4.0,1
B00AY0SYCM,5.0,1
B00HYSG8A2,4.0,1
B00AY14QXC,5.0,1
B00C3BOD4I,5.0,1
B00AY1K3R0,5.0,1
B00C2WKMCK,5.0,1
B00AY1WQ7U,5.0,1
B00AY1TG1E,5.0,1
B00C2WQ1R0,5.0,1
B00C2X34Y2,5.0,1
B00C2XY5SQ,5.0,1
B00C2Y9OKO,5.0,1
B00AY1K3AM,5.0,1
B00C2ZVGC2,5.0,1
B00HYSID5A,5.0,1
B00C2YHVH2,4.0,1
B00AY1K2ZI,5.0,1
B00AY1JMNG,5.0,1
B00AY1IFWA,5.0,1
B00C2ZFAPQ,5.0,1
B00C2ZM23E,4.0,1
B00AY0SY22,5.0,1
B00AY0SXWI,4.0,1
B00C38KL56,5.0,1
B00HYQB6YC,5.0,1
B00IM8V6LY,5.0,1
B00IMAHAG2,5.0,1
B00C37QMVY,5.0,1
B00C38J3LY,5.0,1
B00C38K1V0,4.0,1
B00C38ZNNG,5.0,1
B00C39ZI4O,5.0,1
B00C3A31I8,4.0,1
B00C3AEV96,5.0,1
B00C34RAO0,5.0,1
B00AY0SWCY,5.0,1
B00C32DAE6,5.0,1
B00C32ETSC,4.0,1
B00IM7LYXK,5.0,1
B00C334X0K,4.0,1
B00C33C3JS,5.0,1
B00C33KSE0,5.0,1
B00C33KUOI,5.0,1
B00C33MOQK,5.0,1
B00C33XHMA,5.0,1
B00C33XN7O,5.0,1
B00C34J60G,4.0,1
B00HYQNM1W,5.0,1
B00HYQFQ8E,4.0,1
B00C34LEX8,5.0,1
B00ATARFB8,4.0,1
B00IPANC20,5.0,1
B00AZYHF2C,5.0,1
B00ANTCQQY,5.0,1
B00CFD7KIK,5.0,1
B00HRMN5DI,5.0,1
B00ANTA9V8,4.0,1
B00CFD8O3U,5.0,1
B00ANTVQN8,5.0,1
B00ANT28H6,4.0,1
B00CFD93A8,5.0,1
B00CFD9W5E,5.0,1
B00CFDALO0,5.0,1
B00ANSV1NE,5.0,1
B00ANSTTKQ,5.0,1
B00ISELDU6,5.0,1
B00ANTVRDW,5.0,1
B00CFD22QA,5.0,1
B00ANUMXWA,5.0,1
B00CFD1AHC,5.0,1
B00CFD1B80,5.0,1
B00CFD1G26,5.0,1
B00CFD1LDA,5.0,1
B00ISEJPQ0,5.0,1
B00CFD64WI,5.0,1
B00CFD265C,5.0,1
B00CFD2XQO,5.0,1
B00CFD2Y22,5.0,1
B00CFD39HQ,5.0,1
B00ANU4OBS,5.0,1
B00CFD3YAS,5.0,1
B00CFD61B2,5.0,1
B00ANKRHR6,4.0,1
B00CFEULEE,5.0,1
B00HRMGG2A,5.0,1
B00ANOREFC,5.0,1
B00ANNAI10,5.0,1
B00ANMQTOQ,5.0,1
B00CFF25W4,4.0,1
B00CFDMMI8,4.0,1
B00CFF3P9G,5.0,1
B00CFF3PO6,5.0,1
B00CFFJKKE,5.0,1
B00ISGU8B4,5.0,1
B00ISHZQLK,5.0,1
B00CFGL3Z8,4.0,1
B00ANPI6QW,5.0,1
B00CFDJYFM,5.0,1
B00CFDB6TE,5.0,1
B00ANRSSOU,5.0,1
B00CFDBURM,5.0,1
B00CFDC7QU,5.0,1
B00CFDD20U,5.0,1
B00CFDD34U,5.0,1
B00ANRWMY2,5.0,1
B00CFDD3WM,5.0,1
B00CFDDFXE,5.0,1
B00ANRRDC8,5.0,1
B00CFDHC7O,5.0,1
B00CFDEML8,5.0,1
B00CFDEVK0,5.0,1
B00CFDFC2Q,5.0,1
B00ANQUMYA,5.0,1
B00CFDGGV2,5.0,1
B00CFD0PU0,5.0,1
B00ANUO90O,5.0,1
B00CFCVMUS,5.0,1
B00CFCF6ZK,5.0,1
B00CFCCKVI,5.0,1
B00HS1GPSA,5.0,1
B00HS1G8YG,4.0,1
B00HS14N5W,5.0,1
B00ANZHY42,5.0,1
B00ANZATRG,5.0,1
B00CFCDOL8,5.0,1
B00CFCH8OC,5.0,1
B00HS1NOUW,5.0,1
B00ANZ0XEK,5.0,1
B00CFCHBA8,4.0,1
B00ANYYGH6,5.0,1
B00CFCIL34,5.0,1
B00HRTFH64,5.0,1
B00CFCAYP2,5.0,1
B00CFCVKN2,5.0,1
B00AO07YRS,5.0,1
B00CFBQ1NC,5.0,1
B00CFBSOUU,5.0,1
B00AO0DHH4,5.0,1
B00AO0DFJ4,5.0,1
B00AO0D8RS,5.0,1
B00CFBZHKU,5.0,1
B00CFC1CR6,5.0,1
B00HS2CZZG,5.0,1
B00ANZZBOW,5.0,1
B00CFC99W6,5.0,1
B00ANZW0Y6,4.0,1
B00HS1W0GG,5.0,1
B00CFC9E7Q,5.0,1
B00CFCA4FW,5.0,1
B00ANZVK1K,4.0,1
B00CFCMS4M,5.0,1
B00CFCN34G,5.0,1
B00CFCOKSO,4.0,1
B00ISE6PT0,5.0,1
B00CFCUIH6,5.0,1
B00ANVJ3J0,5.0,1
B00ANVJ098,5.0,1
B00ANVHDL0,5.0,1
B00CFCUJZW,5.0,1
B00CFCULIC,5.0,1
B00ANVAW36,5.0,1
B00ANVAVRI,5.0,1
B00CFCULXM,5.0,1
B00CFCUVGY,5.0,1
B00CFCV2MQ,4.0,1
B00CFCV5GO,5.0,1
B00ANX3WCW,4.0,1
B00ANYAQIY,5.0,1
B00CFCPDEY,5.0,1
B00CFCPLQE,5.0,1
B00CFCQ1S6,5.0,1
B00ANY5IQE,4.0,1
B00ANY2CSQ,5.0,1
B00ANXZQHQ,5.0,1
B00CFCSOJU,5.0,1
B00ANXV5CQ,5.0,1
B00CFCT2GE,4.0,1
B00ANXRQ2O,5.0,1
B00ANXLIY6,5.0,1
B00HRQFRRG,5.0,1
B00ANXJMC6,5.0,1
B00HRLY7YA,5.0,1
B00ISDDDP0,4.0,1
B00CFV1VSC,5.0,1
B00CFU68Y0,5.0,1
B00AN97LGE,5.0,1
B00HRJCB0E,5.0,1
B00HRJ55IO,5.0,1
B00ISOAKU0,4.0,1
B00CFV1TUW,5.0,1
B00CFV235W,4.0,1
B00CFU38VG,5.0,1
B00ISOYLB4,5.0,1
B00HRIAAGC,5.0,1
B00CFVK7NC,5.0,1
B00CFVQV8W,5.0,1
B00HRHGDOG,5.0,1
B00HRJDDYM,5.0,1
B00CFTX8SA,5.0,1
B00AN8V8WS,5.0,1
B00CFT12PG,5.0,1
B00CFSHEK4,5.0,1
B00ANC1VN0,5.0,1
B00ANBTU2K,5.0,1
B00ANBSHY2,5.0,1
B00CFSVXTM,5.0,1
B00ANATWZ6,5.0,1
B00ISM9FFS,5.0,1
B00AN9TI5Q,4.0,1
B00AN9QHGE,5.0,1
B00CFTRN1S,5.0,1
B00CFX4HBI,4.0,1
B00CFX4IX0,5.0,1
B00HRLY6D2,5.0,1
B00AN7QXK6,5.0,1
B00HRF9G6K,5.0,1
B00AN7LIVU,5.0,1
B00CFYRN7C,5.0,1
B00AN7EHY0,5.0,1
B00HRF7NK6,5.0,1
B00AN7ECH2,5.0,1
B00CG0YC1K,4.0,1
B00CG128UQ,4.0,1
B00HRG544M,5.0,1
B00CG1LMCQ,4.0,1
B00CG2KCSU,5.0,1
B00HRF3ZDU,5.0,1
B00CG2YK9W,5.0,1
B00CG36QFW,5.0,1
B00CG3CZ2A,4.0,1
B00AN7T4H0,5.0,1
B00CFYGWCE,5.0,1
B00CFX7WL0,5.0,1
B00CFX7X5K,5.0,1
B00AN8JIP2,5.0,1
B00CFX7XFK,5.0,1
B00AN8GEXQ,5.0,1
B00AN8DMCM,4.0,1
B00CFX7XNW,5.0,1
B00HRH9T8I,5.0,1
B00AN8AHP2,5.0,1
B00CFXAGK4,5.0,1
B00AN8590U,5.0,1
B00CFXIWKK,5.0,1
B00AN817AG,5.0,1
B00CFXXCSM,5.0,1
B00HRGKXOI,5.0,1
B00CFY3D5S,5.0,1
B00ANCBRRA,4.0,1
B00ANCG3LA,5.0,1
B00ISLNWUI,5.0,1
B00CFLLJNO,5.0,1
B00CFN63V0,4.0,1
B00CFN70Q2,5.0,1
B00CFNDR8C,5.0,1
B00CFNLSGA,4.0,1
B00CFNRT6I,5.0,1
B00CFO238Q,5.0,1
B00ANGVRMQ,5.0,1
B00ISL3CAS,5.0,1
B00ANGPY98,5.0,1
B00ANGNSFK,5.0,1
B00ANGNQY8,5.0,1
B00CFO27ZA,5.0,1
B00ANGLED8,5.0,1
B00CFOJ7PI,5.0,1
B00ANGJ520,5.0,1
B00CFL8P3G,5.0,1
B00CFI62FW,5.0,1
B00CFIF5SC,5.0,1
B00ISJHIJG,5.0,1
B00ANJ4XW4,5.0,1
B00ISKIKP6,5.0,1
B00ISKVTYA,5.0,1
B00CFKYT7S,5.0,1
B00CFJE9ME,5.0,1
B00ANIO0F0,5.0,1
B00CFJEZX2,5.0,1
B00ANIGZSU,5.0,1
B00ANIGRLK,5.0,1
B00CFJF18A,5.0,1
B00CFKKARQ,5.0,1
B00ANGJ4I0,4.0,1
B00CFON6TG,5.0,1
B00CFONNL2,4.0,1
B00ANEPIJG,5.0,1
B00ANF18FS,5.0,1
B00CFQO8IW,5.0,1
B00ANF0M82,4.0,1
B00ANEUWL0,5.0,1
B00CFQYJP4,4.0,1
B00ANEOMHK,5.0,1
B00ANGJ44E,4.0,1
B00ANENYHY,5.0,1
B00CFRC58Q,5.0,1
B00ANDZ3LK,4.0,1
B00HRJQJY8,5.0,1
B00CFRYNV8,5.0,1
B00ANF19QQ,5.0,1
B00CFQKH50,5.0,1
B00ANF1LCS,5.0,1
B00CFOOM58,5.0,1
B00CFP0UKI,4.0,1
B00ANGHWEI,5.0,1
B00CFP14QC,4.0,1
B00CFP4CM0,5.0,1
B00CFPGETO,5.0,1
B00CFPM2VI,5.0,1
B00CFQ1KL0,5.0,1
B00CFQ467U,5.0,1
B00CFQ5JG2,4.0,1
B00CFQ6XU8,5.0,1
B00CFQ9VRA,5.0,1
B00CFQBJ8E,5.0,1
B00ANFCGVI,5.0,1
B00CFBOVT8,5.0,1
B00CG455LM,5.0,1
B00CEOXFWU,5.0,1
B00AOW4SES,5.0,1
B00CEOX9UI,4.0,1
B00IRRQ39U,5.0,1
B00CEOXCIW,5.0,1
B00CEOXD40,4.0,1
B00CEOXJ1C,5.0,1
B00HSBNZUG,5.0,1
B00AOW2YEO,5.0,1
B00CEOXJ4E,5.0,1
B00AOW0F04,5.0,1
B00AOVCGWA,5.0,1
B00IRSS0XG,5.0,1
B00AOV2E2M,5.0,1
B00CEOXPN4,4.0,1
B00CEOXRQO,4.0,1
B00CEOX6E2,5.0,1
B00AOWO7AI,5.0,1
B00CEOXUUW,4.0,1
B00AOXYGSU,5.0,1
B00CEOWLQ6,5.0,1
B00CEOWM10,5.0,1
B00AOXZD5U,5.0,1
B00IRP5294,5.0,1
B00AOXZ8ZK,5.0,1
B00CEOX3K4,5.0,1
B00CEOWSR8,5.0,1
B00IRQHQVU,4.0,1
B00AOXXX48,5.0,1
B00CEOWTFY,5.0,1
B00CEOWTNG,4.0,1
B00IRQHRDW,5.0,1
B00CEOX2IW,5.0,1
B00CEOXU7A,5.0,1
B00CEOXVLU,5.0,1
B00CEYZGUO,5.0,1
B00CET4BZK,5.0,1
B00IRWRFQA,5.0,1
B00HSBITCA,5.0,1
B00AOO6B2S,4.0,1
B00IRZ8JX0,5.0,1
B00HSAX0ES,5.0,1
B00IS3IPZ8,5.0,1
B00AOJW1UO,4.0,1
B00CEWIO2I,5.0,1
B00IS4I95I,5.0,1
B00HS9Z0X8,5.0,1
B00CEXOL60,4.0,1
B00CESWA5Y,5.0,1
B00CEP5RRU,5.0,1
B00CEQICN0,5.0,1
B00CEPEPPK,5.0,1
B00CEPTDN4,5.0,1
B00AOSTK6I,5.0,1
B00CEPZG1C,5.0,1
B00AOSPF1W,5.0,1
B00IRTB7G2,5.0,1
B00IRTYHVO,4.0,1
B00AOSD6Z4,5.0,1
B00CEQN70I,5.0,1
B00AOQHLSE,5.0,1
B00CEQZ9JU,5.0,1
B00AOPS8AK,5.0,1
B00CER183U,5.0,1
B00CERF07U,4.0,1
B00CEOWDRS,5.0,1
B00CEOWDE6,5.0,1
B00CEKG44A,5.0,1
B00HSENHII,4.0,1
B00CEK88YE,5.0,1
B00IRMLBS8,5.0,1
B00CEKG0XK,5.0,1
B00AP6YUXW,4.0,1
B00AP6YUAU,5.0,1
B00CEKG5V2,5.0,1
B00AP6U5VI,5.0,1
B00HSCFVMU,5.0,1
B00CEKKRD4,5.0,1
B00AP6N4LQ,5.0,1
B00AP69E4W,5.0,1
B00CEJZISE,5.0,1
B00AOYKOPI,5.0,1
B00IRLYPPK,4.0,1
B00AP8XB4Y,5.0,1
B00CEHGOAC,5.0,1
B00AP8WGK4,5.0,1
B00AP8QBMS,5.0,1
B00CEIIOMW,4.0,1
B00CEITXCM,5.0,1
B00HSEZOL6,5.0,1
B00CEJ4ZYM,5.0,1
B00CEJ74S6,4.0,1
B00CEJAF6E,5.0,1
B00CEJCTQ8,5.0,1
B00CEJDOGC,5.0,1
B00CEJJMC2,5.0,1
B00AP7W4E8,5.0,1
B00HSEY23M,5.0,1
B00AP61D6O,5.0,1
B00CEKZ9UA,5.0,1
B00HSBPJRI,4.0,1
B00AP2NJA6,5.0,1
B00AP2MRL8,5.0,1
B00CENI7VU,5.0,1
B00IRNQM22,4.0,1
B00AP0RT90,5.0,1
B00CENKM2W,4.0,1
B00AP0L0UO,5.0,1
B00CEODYCG,5.0,1
B00IRO9P7K,5.0,1
B00IROHIYM,5.0,1
B00CEOO5W4,4.0,1
B00AOYKWLO,5.0,1
B00CEOQ6L2,5.0,1
B00AOYKSXQ,5.0,1
B00AP2NK96,5.0,1
B00CEML02E,4.0,1
B00CELQWPK,5.0,1
B00AP5SHMI,4.0,1
B00AP5LREI,5.0,1
B00AP4TJ3U,5.0,1
B00CEL7SMQ,5.0,1
B00CEL840G,5.0,1
B00CEL9UMW,4.0,1
B00AP4OTT4,4.0,1
B00HSC90PY,5.0,1
B00CELEP9A,5.0,1
B00AP36USI,5.0,1
B00CEYWNZK,4.0,1
B00CEZOZBO,5.0,1
B00HS3PSRW,4.0,1
B00CFBBEGQ,5.0,1
B00CFB9Z30,5.0,1
B00HS4V014,5.0,1
B00CFBB04W,4.0,1
B00HS4UYBG,5.0,1
B00HS4QG36,5.0,1
B00HS4OW96,5.0,1
B00CFBBG9G,5.0,1
B00CFAU314,5.0,1
B00CFBBUZG,5.0,1
B00CFBC6KY,5.0,1
B00CFBCLXG,5.0,1
B00CFBDAYA,5.0,1
B00CFBDZ72,5.0,1
B00HS4V4EM,4.0,1
B00HS52P80,4.0,1
B00CFBEYBI,5.0,1
B00AO5L05K,5.0,1
B00AO77372,5.0,1
B00AO75T5K,5.0,1
B00HS5NFPW,4.0,1
B00AO74VWC,4.0,1
B00CF89VDC,4.0,1
B00AO6I3YK,5.0,1
B00AO6HBKM,4.0,1
B00CF930AQ,5.0,1
B00AO4EFHG,5.0,1
B00AO5JJ9Y,5.0,1
B00IS9VUQ8,5.0,1
B00IS9XMSM,5.0,1
B00CFAGOZS,5.0,1
B00CFAHPWO,5.0,1
B00CFBELQQ,5.0,1
B00AOJQ2SG,5.0,1
B00AO1QG7Q,4.0,1
B00AO20EEG,5.0,1
B00CFBJFFI,5.0,1
B00CFBJHV0,5.0,1
B00CFBJZO4,5.0,1
B00ISCRLF4,5.0,1
B00AO222A0,5.0,1
B00CFBLGDW,5.0,1
B00ISCSMMU,5.0,1
B00CFBMM1C,5.0,1
B00CFBMQGI,5.0,1
B00CFBMXMU,5.0,1
B00HS4ABBE,5.0,1
B00ISBBU70,5.0,1
B00AO2ZCES,5.0,1
B00AO3AAR6,4.0,1
B00ISBBUK2,5.0,1
B00ISBC1BO,5.0,1
B00CFBF994,5.0,1
B00CFBFRPU,5.0,1
B00CFBFXKO,4.0,1
B00ISBOSQU,5.0,1
B00HS4FGIW,5.0,1
B00ISC4B7U,5.0,1
B00ISCK5IE,5.0,1
B00AO2SRSQ,5.0,1
B00CFBHJAQ,4.0,1
B00AO2S8IA,5.0,1
B00AO2RTP8,5.0,1
B00CFBI6Q2,4.0,1
B00CF83U7U,5.0,1
B00AO7DKFQ,5.0,1
B00AOC2H28,5.0,1
B00AOEAUY8,5.0,1
B00CF2J1YW,5.0,1
B00AOCVOX6,4.0,1
B00AOCPJ32,5.0,1
B00AOCJ86G,5.0,1
B00CF35MOO,5.0,1
B00AOCEF1O,5.0,1
B00AOC1OYK,4.0,1
B00AOEV8R6,5.0,1
B00AOBV3HE,5.0,1
B00CF3942U,4.0,1
B00CF3KQ9K,5.0,1
B00CF3MSXC,5.0,1
B00AOBMNZ0,4.0,1
B00AOBM6VQ,5.0,1
B00IS88CDS,5.0,1
B00AO7EB7W,4.0,1
B00CF1LLQY,5.0,1
B00CEZSJ98,5.0,1
B00AOJK3PO,5.0,1
B00CF0MOHU,4.0,1
B00CF0YQDK,5.0,1
B00CF19NF0,5.0,1
B00AOIDS8Y,4.0,1
B00HS96V2C,5.0,1
B00CF1O800,4.0,1
B00CF1P2XW,5.0,1
B00AOH1XJ6,5.0,1
B00CF1YA1M,5.0,1
B00AOG6FXQ,5.0,1
B00AOG266Q,5.0,1
B00AOFON9A,5.0,1
B00AOBKTY2,5.0,1
B00AOBJSAI,5.0,1
B00AO7Z2P2,5.0,1
B00AO83QHW,5.0,1
B00CF5LR5K,5.0,1
B00CF5MM5Y,5.0,1
B00IS9RCL0,5.0,1
B00CF5NK7S,5.0,1
B00CF5U8PU,5.0,1
B00CF6FXZ4,4.0,1
B00AO83MXU,4.0,1
B00CF6J0US,5.0,1
B00IS8PLFA,5.0,1
B00HS92LBW,5.0,1
B00HS92GTY,4.0,1
B00HS91BR2,5.0,1
B00HS8F5Z2,5.0,1
B00CF77P04,5.0,1
B00HS86SJE,5.0,1
B00AO7H0I4,5.0,1
B00CF4L5JE,5.0,1
B00AO84G6C,5.0,1
B00AOAWKWC,4.0,1
B00AOAUPII,5.0,1
B00AOASSKA,4.0,1
B00AOAIK58,5.0,1
B00CF43KWE,5.0,1
B00CF475LG,5.0,1
B00AO9LKU6,5.0,1
B00AO9JVOI,4.0,1
B00CF47CC8,5.0,1
B00CF48UXS,5.0,1
B00CF4EOWE,5.0,1
B00CF4ES2A,4.0,1
B00AO86XQ8,5.0,1
B00AO86BDS,5.0,1
B00CG3SM2W,5.0,1
B00CG45ZQW,5.0,1
B00AP9E0RK,5.0,1
B00CHRQOKO,4.0,1
B00CHRH76O,4.0,1
B00CHRHC3W,5.0,1
B00ALV1U6G,5.0,1
B00ALV1TW6,5.0,1
B00CHRN1YQ,5.0,1
B00CHRR52K,5.0,1
B00ITD5LBI,5.0,1
B00ALUASGU,5.0,1
B00CHS4OTQ,5.0,1
B00CHS5DKK,5.0,1
B00CHSFA9Y,5.0,1
B00ITDBG9Y,4.0,1
B00CHRGQZC,5.0,1
B00CHT4WHO,5.0,1
B00HQCGBU8,5.0,1
B00ITC5JVQ,5.0,1
B00CHQWVWA,5.0,1
B00HQF03J0,5.0,1
B00HQEDV54,5.0,1
B00ITCIVWK,4.0,1
B00HQCUF96,5.0,1
B00HQCM440,5.0,1
B00CHQZSLG,4.0,1
B00CHR3HIG,5.0,1
B00CHRAYVE,4.0,1
B00ALYEZQK,5.0,1
B00CHRBTFE,4.0,1
B00CHSX85W,5.0,1
B00CHTJZXK,5.0,1
B00CHWCUA2,5.0,1
B00CHVPWBC,5.0,1
B00CHUG59Q,5.0,1
B00ALMEEKE,5.0,1
B00CHV4GDW,5.0,1
B00HQ8WKZW,4.0,1
B00ALMAU3Y,5.0,1
B00CHVBJVY,5.0,1
B00CHVJBFU,5.0,1
B00HQ8F9LY,5.0,1
B00CHU1R80,5.0,1
B00CHVVJMI,5.0,1
B00HQ8C3SG,4.0,1
B00ALM6NQC,5.0,1
B00ALLTNKG,5.0,1
B00ALL68WC,5.0,1
B00CHW1DUU,4.0,1
B00CHU2446,5.0,1
B00ALNS5LM,5.0,1
B00CHTKGR4,4.0,1
B00ALP3L3C,4.0,1
B00CHTL21S,4.0,1
B00HQ9WPYM,5.0,1
B00CHTLEAC,5.0,1
B00ITFHCRC,5.0,1
B00CHTW3BQ,4.0,1
B00ALPEZWI,5.0,1
B00CHTWS4S,4.0,1
B00CHU1136,5.0,1
B00CHTX3LK,5.0,1
B00CHTYMXI,5.0,1
B00CHU0F92,5.0,1
B00ITGFTY4,5.0,1
B00CHU0LZA,5.0,1
B00CHU0VDC,5.0,1
B00CHU0ZEC,4.0,1
B00CHU10QE,4.0,1
B00HQF71TK,5.0,1
B00HQFDTU0,5.0,1
B00ITB3EG4,5.0,1
B00CHJEWTC,5.0,1
B00IT9V6S4,5.0,1
B00ITA209C,5.0,1
B00HQLJTQM,4.0,1
B00CHJ9I4Q,5.0,1
B00AM65K2A,5.0,1
B00CHJQ4MU,5.0,1
B00CHJQ4N4,5.0,1
B00AM60N4A,4.0,1
B00AM5ZTA4,5.0,1
B00AM5PI96,5.0,1
B00AM5OL8A,4.0,1
B00AM5NG90,5.0,1
B00CHHJGT0,5.0,1
B00ITABZ02,5.0,1
B00CHGI9C6,5.0,1
B00HQMV4X2,5.0,1
B00AM9DHZO,5.0,1
B00CHG98CQ,5.0,1
B00HQMN3P4,5.0,1
B00HQM699G,4.0,1
B00IT6YS7I,5.0,1
B00CHGBZOA,5.0,1
B00AM88O30,5.0,1
B00IT90KG8,4.0,1
B00AM84Y2U,5.0,1
B00CHH2SKO,5.0,1
B00CHH2WU0,4.0,1
B00IT86B4E,5.0,1
B00CHH2XLI,5.0,1
B00CHH9TAQ,5.0,1
B00AM5LEQ2,5.0,1
B00AM5FVX4,5.0,1
B00CHPGWUI,5.0,1
B00AM27E78,5.0,1
B00AM257VS,5.0,1
B00AM24Y7Q,4.0,1
B00AM1S8XI,5.0,1
B00CHPG37U,4.0,1
B00AM1D2J8,5.0,1
B00HQKJMOM,5.0,1
B00CHPSH9M,5.0,1
B00CHQ1JA0,5.0,1
B00HQH8BNS,4.0,1
B00HQFO2PQ,5.0,1
B00CHQK0QY,5.0,1
B00HQJFSS2,4.0,1
B00HQKFAGG,5.0,1
B00AM4GASK,5.0,1
B00CHNVP3E,4.0,1
B00CHNYTXM,4.0,1
B00HQJQ9T4,5.0,1
B00CHO7E6A,5.0,1
B00CHOH0LE,5.0,1
B00HQ6TJ44,5.0,1
B00HQN6QV6,5.0,1
B00CIB7SJA,5.0,1
B00CIAZFA0,5.0,1
B00CIB1CBU,4.0,1
B00CIB2UQ6,5.0,1
B00CIB5QYE,5.0,1
B00AL0Y6EU,5.0,1
B00AL2BIFI,5.0,1
B00CIBEUYG,5.0,1
B00CIBPJ00,5.0,1
B00ITSWPVC,5.0,1
B00CIC0G3O,5.0,1
B00AKZ5EM4,5.0,1
B00CICACLU,4.0,1
B00CIAQAYA,4.0,1
B00AL2DYR8,5.0,1
B00HPXJVCS,5.0,1
B00HPXHDYG,5.0,1
B00AL4J2MW,5.0,1
B00CI9L488,4.0,1
B00CI9N1YS,5.0,1
B00ITOY8CK,5.0,1
B00CIAK9DS,5.0,1
B00AL3AZ42,5.0,1
B00CIACYA4,4.0,1
B00AKYZ9IE,5.0,1
B00CICBLMO,5.0,1
B00ALK9W6C,5.0,1
B00CIDIYC8,5.0,1
B00AKVCB5Q,5.0,1
B00ITZYMWA,5.0,1
B00CIE2BA8,4.0,1
B00AKVBZ08,5.0,1
B00CIEHDQU,5.0,1
B00AKVBSHS,5.0,1
B00CIEXN78,4.0,1
B00AKUM2P6,5.0,1
B00CIGBK8K,5.0,1
B00CIGBSUA,5.0,1
B00CIGIZKG,5.0,1
B00CIGKF7W,5.0,1
B00CID8PS6,4.0,1
B00CICZJM2,4.0,1
B00CICBTXU,5.0,1
B00AKXHGEK,5.0,1
B00ITXF44C,5.0,1
B00CICEM6Q,5.0,1
B00CICG3RW,5.0,1
B00CICKL70,4.0,1
B00CICNFSM,5.0,1
B00CICQT4O,4.0,1
B00AKYDXR8,5.0,1
B00AKWTEF0,5.0,1
B00AKVCQU6,5.0,1
B00CICSL2W,4.0,1
B00CICWLHS,5.0,1
B00CICWM36,5.0,1
B00HPY3QNC,5.0,1
B00HPYVCM4,5.0,1
B00AL5GEWM,4.0,1
B00CHZHS2E,4.0,1
B00ITL1QIC,5.0,1
B00ALI2HHK,5.0,1
B00CHYBRDG,5.0,1
B00CHYTB1G,5.0,1
B00CHYUD5Y,5.0,1
B00ALI1AJQ,4.0,1
B00ALI01ZU,5.0,1
B00ALHLI44,5.0,1
B00CI011VC,5.0,1
B00ALHDBU8,5.0,1
B00ALH21UE,4.0,1
B00ALH1C4A,5.0,1
B00ALGX4WY,5.0,1
B00ALI9E3K,5.0,1
B00AL5IFRY,4.0,1
B00ALJU230,5.0,1
B00CHWQTF4,5.0,1
B00ALJNP5C,5.0,1
B00ITI857U,5.0,1
B00CHXEEE6,5.0,1
B00ALJH4AY,5.0,1
B00CHY69L6,5.0,1
B00HQ6QN6G,5.0,1
B00ALJFE3S,5.0,1
B00ALJ0ZTQ,4.0,1
B00ITIDQ7E,5.0,1
B00CHXYFC2,5.0,1
B00ALGW1O6,5.0,1
B00ALGQY4O,5.0,1
B00HQ3A7C0,4.0,1
B00CI6ACXE,5.0,1
B00CI51GBC,5.0,1
B00CI55LTK,4.0,1
B00CI596N2,5.0,1
B00CI5AORY,5.0,1
B00HPZV3NQ,5.0,1
B00CI60ONM,5.0,1
B00CI6HIO0,5.0,1
B00ALGNY8S,5.0,1
B00CI7EFAY,5.0,1
B00CI8J6CA,5.0,1
B00CI8T5JY,4.0,1
B00ITLTINW,5.0,1
B00HPYZDJW,5.0,1
B00CI51EMI,5.0,1
B00ALB4EOQ,5.0,1
B00CI3SBLC,5.0,1
B00CI024X6,5.0,1
B00ALGLC14,4.0,1
B00CI0N5UM,5.0,1
B00CI0SW28,5.0,1
B00ALEUGYA,5.0,1
B00ALESSZE,5.0,1
B00ALEKQS6,5.0,1
B00HQ2H5YO,5.0,1
B00HQ2AT8S,5.0,1
B00HQ299W0,5.0,1
B00CI1CO94,5.0,1
B00ALDGJV0,4.0,1
B00CI2ZQFC,5.0,1
B00CI31WJ0,5.0,1
B00ALDGHQC,5.0,1
B00CHFX54O,5.0,1
B00AMTWIYK,5.0,1
B00CGFWGAE,5.0,1
B00HR6DBY2,5.0,1
B00CGFWGZY,5.0,1
B00AMTWZSE,5.0,1
B00CGFWHFS,5.0,1
B00AMTWN2C,4.0,1
B00AMTWJ26,5.0,1
B00AMTWG42,5.0,1
B00AMTWFHA,4.0,1
B00CGFWIZM,5.0,1
B00HR5HEGO,5.0,1
B00CGFWKQO,5.0,1
B00AMTWDRM,5.0,1
B00CGFWPPK,5.0,1
B00AMUPL4I,5.0,1
B00CGFWFLO,5.0,1
B00CGFWQIG,5.0,1
B00CGFW2NK,4.0,1
B00ISV16O2,5.0,1
B00CGFOR1K,5.0,1
B00CGFOV2U,5.0,1
B00CGFWEI8,5.0,1
B00CGFW58M,5.0,1
B00ISV1IJ0,5.0,1
B00CGFW870,5.0,1
B00CGFW9D8,5.0,1
B00CGFWBP4,5.0,1
B00CGFWC3K,5.0,1
B00CGFWPU0,5.0,1
B00HR57WF2,4.0,1
B00CGNQDUK,4.0,1
B00CGK4LEI,4.0,1
B00CGICYJY,5.0,1
B00CGIGCUQ,5.0,1
B00AMSC8MS,4.0,1
B00AMS8DT0,5.0,1
B00CGJFE9U,5.0,1
B00CGJZHK6,4.0,1
B00AMRLV68,5.0,1
B00ISYAVZO,4.0,1
B00CGK9P8K,4.0,1
B00HR1E7J0,5.0,1
B00AMRJ2FA,5.0,1
B00CGLX4TK,5.0,1
B00AMRIZ1W,5.0,1
B00CGM8N54,5.0,1
B00CGHNIMC,5.0,1
B00CGFWR12,5.0,1
B00AMTP0FO,5.0,1
B00CGFWR8A,5.0,1
B00CGFWTJW,5.0,1
B00ISW9BC0,5.0,1
B00CGFWTR4,5.0,1
B00CGFWTZQ,5.0,1
B00HR565PA,4.0,1
B00CGFWUF0,5.0,1
B00AMTEOAQ,5.0,1
B00CGH3WQY,5.0,1
B00AMTAAMC,5.0,1
B00CGFWUWI,4.0,1
B00CGFWV2W,5.0,1
B00CGG455C,5.0,1
B00CGGDT36,5.0,1
B00CGFC21C,5.0,1
B00AMXUVIQ,5.0,1
B00HR6MWP6,5.0,1
B00ISQVAK2,5.0,1
B00AN4EA68,5.0,1
B00CG8ROUS,5.0,1
B00HRCU4PA,5.0,1
B00CG9P6ZC,5.0,1
B00HRCTBJ0,5.0,1
B00CG7IYIA,5.0,1
B00AN39TWY,5.0,1
B00CGA85FE,5.0,1
B00HRC79JO,5.0,1
B00CGAABB0,5.0,1
B00HRADSJ6,5.0,1
B00AN556VA,5.0,1
B00AN5664Q,5.0,1
B00CGF6C5O,5.0,1
B00CG50RQ4,5.0,1
B00CG55EKS,5.0,1
B00CG5AQGU,4.0,1
B00AN5RR9Y,5.0,1
B00CG5BWRW,5.0,1
B00AN5ML6S,4.0,1
B00AN5LLUA,5.0,1
B00CG76N5G,5.0,1
B00CG6780G,5.0,1
B00CG69O0I,5.0,1
B00CG6OIL8,5.0,1
B00CG6SKHQ,4.0,1
B00AN57D84,5.0,1
B00AN0YVRK,5.0,1
B00CGEJ61M,5.0,1
B00AMYP0R2,5.0,1
B00CGBU9O8,5.0,1
B00AMYP0FE,5.0,1
B00CGCLBO4,5.0,1
B00AMYOZW8,5.0,1
B00ISUHE4O,4.0,1
B00AMYNZOM,5.0,1
B00CGCVIEM,5.0,1
B00CGF5YDA,4.0,1
B00ISUUI56,5.0,1
B00HR7DOMU,4.0,1
B00AMXZDBG,5.0,1
B00HR7393O,5.0,1
B00AMYP3II,5.0,1
B00HR7U5E0,5.0,1
B00AMYP8OW,5.0,1
B00AN09SXC,5.0,1
B00AN09O4U,5.0,1
B00CGAH89S,5.0,1
B00AMZK52Q,4.0,1
B00HR9H2MQ,5.0,1
B00CGAIX1U,5.0,1
B00AMZDF78,5.0,1
B00AMYQ8D2,5.0,1
B00HR8Y88S,5.0,1
B00HR8TKCM,5.0,1
B00CGMGF0O,5.0,1
B00HR14FRE,5.0,1
B00AMA7R5O,4.0,1
B00AMLM99M,4.0,1
B00AMLIDEW,5.0,1
B00AMLCWMG,4.0,1
B00HQRNYEE,5.0,1
B00CH4OX5K,5.0,1
B00IT3U442,5.0,1
B00AML9314,5.0,1
B00HQRXRFA,5.0,1
B00AMKT9UA,5.0,1
B00IT3WLOI,5.0,1
B00CH57B4E,5.0,1
B00AMKSDFW,5.0,1
B00IT4DWEU,5.0,1
B00CH6PJCE,4.0,1
B00AMNBMI4,4.0,1
B00AMMYOY4,5.0,1
B00AMMY72I,5.0,1
B00IT3BMNE,5.0,1
B00HQUPEM6,5.0,1
B00AMMXQTS,5.0,1
B00CH3R5QK,5.0,1
B00CH3PR06,5.0,1
B00HQTHW0O,5.0,1
B00HQT0UZ8,5.0,1
B00HQSRRB4,5.0,1
B00HQSRMNC,5.0,1
B00AMLV0UG,5.0,1
B00AMKQLZ6,5.0,1
B00AMQX0A4,5.0,1
B00CHF0U6A,5.0,1
B00CHE5R5U,4.0,1
B00AMA7T34,5.0,1
B00CHEZQ38,4.0,1
B00HQOE6FS,5.0,1
B00AMA7S1M,5.0,1
B00AMA7RTU,4.0,1
B00HQO5NN2,5.0,1
B00IT6144I,5.0,1
B00HQNLR2Y,4.0,1
B00CHFRP90,5.0,1
B00CHFUW72,5.0,1
B00CHBYMYA,5.0,1
B00AMBQAPG,5.0,1
B00CH7I5F6,5.0,1
B00CH99KX0,5.0,1
B00CH8HUCE,4.0,1
B00CH8JS92,5.0,1
B00CH93HUW,4.0,1
B00AMH7S2O,5.0,1
B00AMH7LAI,5.0,1
B00AMFSNPC,5.0,1
B00AMFSK7S,5.0,1
B00CH95VLK,4.0,1
B00AMD8LNI,4.0,1
B00CHBQ3SS,5.0,1
B00AMCOPCU,5.0,1
B00HQPDHDO,5.0,1
B00IT4OZQO,5.0,1
B00HQP2ZL4,4.0,1
B00HQP0QAG,5.0,1
B00CHA2KWM,5.0,1
B00CHACKO0,5.0,1
B00AMQQ65U,5.0,1
B00AMQHX7U,5.0,1
B00AMQF43K,5.0,1
B00CGRNEGM,5.0,1
B00CGRU18Q,5.0,1
B00AMPY31A,5.0,1
B00HQXVGD4,5.0,1
B00AMPIHVM,5.0,1
B00AMQQSD0,5.0,1
B00AMPH4S4,5.0,1
B00CGUJNOG,4.0,1
B00CGUVBP0,5.0,1
B00AMOTWYE,5.0,1
B00CGVGU46,5.0,1
B00CGR54XI,4.0,1
B00AMQU08O,5.0,1
B00AMNGLGC,5.0,1
B00AMQWXIY,4.0,1
B00CGNWT6M,5.0,1
B00CGO0CPQ,5.0,1
B00HQYIEME,5.0,1
B00HQYC6LY,5.0,1
B00IT0YQV2,5.0,1
B00CGO899C,5.0,1
B00CGOHGEQ,5.0,1
B00HQXVHQU,5.0,1
B00HQXVGGG,5.0,1
B00CGOLSSG,5.0,1
B00CGOMHSQ,5.0,1
B00CGOMKMY,4.0,1
B00CGOZ2WE,5.0,1
B00CGPJHHE,5.0,1
B00HQXVHIS,5.0,1
B00CGVL64A,5.0,1
B00AMOLBFC,5.0,1
B00IT0Z1TI,4.0,1
B00AMNS8KY,4.0,1
B00CH1BMB6,5.0,1
B00CH1BMC0,5.0,1
B00CH1BN2Y,5.0,1
B00CH1BPNQ,5.0,1
B00AMNV9TG,5.0,1
B00CH1C4F4,4.0,1
B00HQWPKNW,5.0,1
B00AMNNJ26,5.0,1
B00CGW8OQ2,4.0,1
B00CH1Y32Q,5.0,1
B00AMNGOO6,5.0,1
B00AMNGMV6,5.0,1
B00IT2UOC0,5.0,1
B00HQWNBHO,5.0,1
B00CH1BLTE,4.0,1
B00CH1BLGW,5.0,1
B00CH1BL6M,5.0,1
B00AMNVIVA,5.0,1
B00CGXBCGK,5.0,1
B00AMOL8YG,4.0,1
B00AMOFADQ,5.0,1
B00AMODN62,5.0,1
B00CGXWQLA,5.0,1
B00CGZ33DI,5.0,1
B00CGZO1B6,5.0,1
B00AMNYK3S,5.0,1
B00CH194W0,5.0,1
B00AMNXP52,5.0,1
B00CH195B0,5.0,1
B00AMNXG56,5.0,1
B00AP9A12I,5.0,1
B00ARCQG8Q,5.0,1
B00CBYDYG0,5.0,1
B00CBYE02M,5.0,1
B00CBYEVRG,5.0,1
B00ARCQHAI,5.0,1
B00CBYEWTI,5.0,1
B00ARCQH9Y,4.0,1
B00ARCQFTG,5.0,1
B00CBYDNWU,5.0,1
B00IPXJZUA,5.0,1
B00CBYFGWK,5.0,1
B00HU6Y300,5.0,1
B00CBYFH7O,4.0,1
B00ARC1SIO,4.0,1
B00CBYFQ5M,5.0,1
B00ARC1IG6,5.0,1
B00CBYDRLW,5.0,1
B00ARCTMR8,5.0,1
B00CBYCFWO,4.0,1
B00CBYBITU,5.0,1
B00ARHHBF8,5.0,1
B00ARH264E,5.0,1
B00CBYCA9C,5.0,1
B00CBYCBZA,5.0,1
B00IPT88UM,5.0,1
B00CBYCF06,5.0,1
B00HU76AXC,4.0,1
B00CBYDLYU,5.0,1
B00HU6ZKMA,5.0,1
B00CBYD0DC,5.0,1
B00AREG6Z2,4.0,1
B00HU6ZA02,5.0,1
B00CBYDJFG,4.0,1
B00CBYG56G,5.0,1
B00ARBS29I,5.0,1
B00ARBUVB0,5.0,1
B00CBYTWGG,4.0,1
B00ARBTRI8,4.0,1
B00ARBTFKS,5.0,1
B00ARBSTQY,5.0,1
B00ARBSQTE,5.0,1
B00CBYRKA6,5.0,1
B00CBYUUEY,5.0,1
B00CBYV63S,4.0,1
B00CBYV90I,5.0,1
B00ARBSI4M,5.0,1
B00ARBSB1C,5.0,1
B00CBYQWIW,4.0,1
B00CBYGO9Y,5.0,1
B00CBYJKS6,5.0,1
B00ARBWIP2,5.0,1
B00CBYH81M,5.0,1
B00ARBW9HY,5.0,1
B00CBYIAPK,5.0,1
B00ARBVOSE,5.0,1
B00CBYKW60,5.0,1
B00CBYNDAM,5.0,1
B00CBYQ26E,5.0,1
B00ARBVFN8,5.0,1
B00ARBVBAK,5.0,1
B00CBYQ2SC,5.0,1
B00CBYQ854,5.0,1
B00ARBV3PI,5.0,1
B00ARHWEB4,5.0,1
B00ARM8V2A,4.0,1
B00CBVK7A4,5.0,1
B00ARM9VIS,4.0,1
B00IPQT7GY,5.0,1
B00HUAVDRM,5.0,1
B00ARM9F48,5.0,1
B00CBXRMOG,5.0,1
B00ARMM3T2,5.0,1
B00ARM7Q2G,4.0,1
B00CBXSCRW,5.0,1
B00CBXT9LU,5.0,1
B00HUABJAI,5.0,1
B00CBXTML2,5.0,1
B00CBTHTOI,5.0,1
B00CBT1N18,4.0,1
B00CBYB9HQ,5.0,1
B00CBT0SPU,5.0,1
B00CBSW42G,5.0,1
B00ARP03IC,4.0,1
B00IPQIAN0,4.0,1
B00ARNQPWM,5.0,1
B00CBT0T8G,5.0,1
B00CBT0TB8,4.0,1
B00ARN2LMA,5.0,1
B00ARMYV74,4.0,1
B00CBT0UOY,4.0,1
B00HUB2ZU0,4.0,1
B00ARMXIWS,4.0,1
B00CBT0YH2,5.0,1
B00ARLV1ZK,5.0,1
B00CBXUFPE,5.0,1
B00CBYACO2,4.0,1
B00CBY8YTC,5.0,1
B00CBY8ZBO,4.0,1
B00CBY9BJE,5.0,1
B00CBY9JFK,4.0,1
B00CBY9QLW,5.0,1
B00CBYA5F8,5.0,1
B00CBYA6XE,4.0,1
B00CBYAB6G,5.0,1
B00CBYAKMG,5.0,1
B00ARLM1TA,5.0,1
B00HU8XIBI,5.0,1
B00HU8TROA,5.0,1
B00ARI2JU4,5.0,1
B00ARI0DIO,5.0,1
B00ARHXM60,5.0,1
B00CBYB778,5.0,1
B00CBY847E,5.0,1
B00ARJ35ME,5.0,1
B00CBXWYSK,5.0,1
B00CBXXZR4,5.0,1
B00CBY056M,4.0,1
B00CBY1084,5.0,1
B00CBY5OMC,5.0,1
B00ARL8WPM,4.0,1
B00CBY63RM,5.0,1
B00ARL88D8,4.0,1
B00ARL6U42,5.0,1
B00ARKQUSO,5.0,1
B00CBY6NMC,5.0,1
B00ARJYQMC,5.0,1
B00ARBS7Y8,4.0,1
B00ARBRUI2,4.0,1
B00ARPIITI,5.0,1
B00CC5V9HO,5.0,1
B00CC61GHQ,5.0,1
B00CC63ECG,5.0,1
B00HTWGROU,4.0,1
B00HTVPF44,5.0,1
B00AR7T7MS,5.0,1
B00CC5POMU,5.0,1
B00AR6PO9Y,5.0,1
B00IQ2OQVS,5.0,1
B00CC89M1Q,4.0,1
B00CC89MH0,5.0,1
B00AR6LPYM,5.0,1
B00AR6K3D6,5.0,1
B00CC5L1ZO,5.0,1
B00AR5O2DY,5.0,1
B00AR9NSV2,5.0,1
B00HU0F4RM,5.0,1
B00HTZE5YQ,5.0,1
B00CC2UPL8,5.0,1
B00AR9KF0E,5.0,1
B00CC36CDM,5.0,1
B00AR8RZBM,5.0,1
B00AR8C81O,5.0,1
B00HTWVKXI,5.0,1
B00CC3HY0W,5.0,1
B00HTXUMZ4,5.0,1
B00AR87NUU,4.0,1
B00CC3VTJO,5.0,1
B00CC4UZJ8,5.0,1
B00CC89NHY,4.0,1
B00HTUTO2Y,5.0,1
B00HU6VK2E,5.0,1
B00AR1B4DO,5.0,1
B00CCA6EGA,4.0,1
B00CCB24GI,5.0,1
B00CCC0TE6,5.0,1
B00AR21BIQ,5.0,1
B00CCCS5KQ,5.0,1
B00AR1KMMI,4.0,1
B00CCE1F92,4.0,1
B00HTT23OG,5.0,1
B00HTRO0UI,5.0,1
B00AR0O4JQ,5.0,1
B00CCE7NVG,5.0,1
B00AR0IM30,5.0,1
B00AR0D6BI,4.0,1
B00AR2EOPI,4.0,1
B00AR35MO4,5.0,1
B00AR5K21K,5.0,1
B00CC89QTO,4.0,1
B00HTU7J08,5.0,1
B00HTTZOJM,4.0,1
B00AR52L4G,5.0,1
B00AR505QW,5.0,1
B00CC89Q4Y,5.0,1
B00AR4Z1MQ,5.0,1
B00AR4Z1G2,4.0,1
B00AR4M43U,5.0,1
B00HTTCT3Q,5.0,1
B00CC9FRE6,5.0,1
B00AR4H0SY,4.0,1
B00AR4BN0U,5.0,1
B00AR43CM2,4.0,1
B00AR3FHEY,5.0,1
B00AR3AVU4,5.0,1
B00AR35T0Q,5.0,1
B00CC9B5GU,4.0,1
B00AR9NTUM,5.0,1
B00HU10ZE8,5.0,1
B00CBYXAWS,5.0,1
B00CBYXB4K,5.0,1
B00CBYXKAK,5.0,1
B00IPZ3TBO,5.0,1
B00ARBO9H2,5.0,1
B00ARBN2UC,5.0,1
B00ARBHFR8,5.0,1
B00CBYYYEG,5.0,1
B00CBZ0I90,5.0,1
B00ARBP1F6,5.0,1
B00ARBP5DE,5.0,1
B00CC2MOPI,5.0,1
B00HU6RFGE,5.0,1
B00ARBRQEA,5.0,1
B00IPY9VC6,5.0,1
B00ARBRMNU,5.0,1
B00ARBQNIA,5.0,1
B00ARBQKLA,4.0,1
B00HU6RY56,5.0,1
B00ARBQ5OW,4.0,1
B00ARBQ47K,4.0,1
B00CBYVT2Q,5.0,1
B00ARBP8BS,5.0,1
B00ARBPKQQ,5.0,1
B00ARBPJ30,5.0,1
B00ARBPHCS,5.0,1
B00ARBPG1U,5.0,1
B00CBYWYU2,5.0,1
B00CBYX1D6,5.0,1
B00ARBPC78,5.0,1
B00HU5LWSC,5.0,1
B00CBZ0TQC,5.0,1
B00CC1PXE8,5.0,1
B00ARAS6D6,4.0,1
B00IPZN7RU,5.0,1
B00ARARLQY,4.0,1
B00ARAQPFM,5.0,1
B00ARAQKAM,5.0,1
B00ARAQIHC,4.0,1
B00CC1R026,5.0,1
B00HU4X772,5.0,1
B00CC1UMW6,5.0,1
B00CC1UR9E,4.0,1
B00CC2BWU6,5.0,1
B00ARAPT54,5.0,1
B00ARAPC8S,5.0,1
B00CC2J0ZU,5.0,1
B00CC14SFS,5.0,1
B00CC12QYS,4.0,1
B00CBZHQZO,5.0,1
B00CC0BJMY,4.0,1
B00CC0C8II,5.0,1
B00CC0DID2,4.0,1
B00ARBA50W,4.0,1
B00CC0HZOK,5.0,1
B00CC0IWT2,4.0,1
B00CC0NYFO,4.0,1
B00CC0OBJC,5.0,1
B00ARB8PT0,5.0,1
B00ARB4JUE,4.0,1
B00ARB1QX2,5.0,1
B00ARB1GXM,5.0,1
B00IPQDUOO,5.0,1
B00CBSVX32,4.0,1
B00CB269SM,5.0,1
B00HUIL23O,5.0,1
B00CB04LN4,5.0,1
B00ASQJD0O,5.0,1
B00ASQJ5UW,5.0,1
B00CB1F91Q,5.0,1
B00ASQGT1K,5.0,1
B00CB1FCFO,5.0,1
B00IPJTRXY,4.0,1
B00CAZU8H8,4.0,1
B00CB286EM,5.0,1
B00CB29ITE,4.0,1
B00ASOSB4A,5.0,1
B00CB30WTS,5.0,1
B00CB3AZBI,5.0,1
B00CB3BPCQ,5.0,1
B00CAZXH0I,5.0,1
B00ASO6XZ4,5.0,1
B00CAUJILA,5.0,1
B00CAUJJM8,5.0,1
B00ASULUMO,5.0,1
B00CAW6DXE,5.0,1
B00ASTF4TA,5.0,1
B00CAWE4M6,4.0,1
B00CAXR9Z4,5.0,1
B00IPIMGQA,5.0,1
B00IPG87VU,5.0,1
B00IPHG36U,5.0,1
B00ASSTBLI,4.0,1
B00CAYPWUC,5.0,1
B00CAYR47G,5.0,1
B00CAYX1RS,5.0,1
B00CAZ3OK6,5.0,1
B00CB3BPTY,4.0,1
B00CB3LOUY,4.0,1
B00CB8848Y,4.0,1
B00CB69BVA,5.0,1
B00CB6BQW2,5.0,1
B00HUHM2QQ,5.0,1
B00CB7KBZY,5.0,1
B00CB7MJIG,5.0,1
B00CB7N65G,5.0,1
B00ASG0G6O,5.0,1
B00CB7T916,4.0,1
B00CB7WWWO,5.0,1
B00CB7XR28,5.0,1
B00ASFRDIO,5.0,1
B00CB83FE2,5.0,1
B00ASF5VWE,5.0,1
B00CB83HAY,4.0,1
B00CB84XRK,5.0,1
B00ASE9OBO,5.0,1
B00HUI36JM,4.0,1
B00ASIWBJM,5.0,1
B00ASO2XMG,5.0,1
B00CB3RE0I,5.0,1
B00ASN8G8C,4.0,1
B00CB3LQG6,5.0,1
B00ASM2FE4,5.0,1
B00CB3LS5A,5.0,1
B00ASM1XM4,5.0,1
B00ASLPNNA,5.0,1
B00ASLPCMM,5.0,1
B00ASLOOXU,5.0,1
B00CB3SRMW,5.0,1
B00CB5MJJW,5.0,1
B00HUI6S3I,5.0,1
B00ASKSLYE,5.0,1
B00ASKQH4K,5.0,1
B00HUI3EOY,5.0,1
B00ASIXH9A,5.0,1
B00AT8RWZE,5.0,1
B00CAKZIDW,5.0,1
B00AT9DEZK,5.0,1
B00AT9A6H4,4.0,1
B00CALDT6Y,4.0,1
B00AT949BS,5.0,1
B00CALF7C8,5.0,1
B00AT8RI44,5.0,1
B00CALFZI4,4.0,1
B00CALO8GY,5.0,1
B00AT7URI4,5.0,1
B00AT78KRE,5.0,1
B00AT9DF68,5.0,1
B00IPBOEH6,4.0,1
B00CAKADI2,5.0,1
B00ATA8XEG,5.0,1
B00CAKA666,4.0,1
B00ATA8S8C,5.0,1
B00ATA8DT6,5.0,1
B00HUUNPWS,5.0,1
B00CAKABF2,4.0,1
B00ATA8CYW,5.0,1
B00ATA8BX4,5.0,1
B00CAKAFEE,4.0,1
B00CAKAGXY,4.0,1
B00CAKAH6U,5.0,1
B00CAKAPTO,5.0,1
B00CAKAXFA,5.0,1
B00AT7254I,5.0,1
B00AT6W31Y,4.0,1
B00AT3U7UQ,5.0,1
B00CARN454,5.0,1
B00HUKCEB6,5.0,1
B00CASEZ74,5.0,1
B00AT1201C,4.0,1
B00AT0J200,5.0,1
B00AT6W166,5.0,1
B00AT08UE4,5.0,1
B00AT07UA4,5.0,1
B00AT073CO,5.0,1
B00ASZZ124,5.0,1
B00ASZQLNM,5.0,1
B00CASK7LC,5.0,1
B00ASX4L3Q,4.0,1
B00CAPDCE4,5.0,1
B00CAOI3MG,5.0,1
B00HUKYTEQ,5.0,1
B00CAOCU8O,4.0,1
B00AT6M9XG,4.0,1
B00AT6L392,4.0,1
B00CAMCLLC,5.0,1
B00AT6GT0K,5.0,1
B00AT6FVKE,4.0,1
B00AT6FTLU,5.0,1
B00AT6FSLG,5.0,1
B00AT6EN8K,5.0,1
B00AT6BOMS,4.0,1
B00ASE0T36,4.0,1
B00CBSVWVK,5.0,1
B00CBM2NKA,4.0,1
B00ARZYMZW,5.0,1
B00IPPXGEY,5.0,1
B00CBM0GMW,5.0,1
B00ARZEI9M,5.0,1
B00CBM1KCC,5.0,1
B00CBM2L98,5.0,1
B00CBM2M7E,5.0,1
B00ARZ6J5S,5.0,1
B00IPQ1TB0,4.0,1
B00CBMR9HM,5.0,1
B00CBN31KK,4.0,1
B00ARZ0XN2,5.0,1
B00CBN6M7E,4.0,1
B00CBNC40S,5.0,1
B00HUCB4P6,5.0,1
B00AS13RVA,5.0,1
B00AS2NN54,5.0,1
B00CBJSJJW,5.0,1
B00HUDSQEW,5.0,1
B00HUDPXZ2,5.0,1
B00AS0XYH8,5.0,1
B00AS0DU1S,5.0,1
B00AS0GO5M,5.0,1
B00IPPTTHM,5.0,1
B00CBLDDWI,5.0,1
B00CBLH91E,5.0,1
B00HUCG2P8,5.0,1
B00CBNQ3QE,4.0,1
B00CBQWVVW,5.0,1
B00ARRI59O,5.0,1
B00ARRFQ6O,5.0,1
B00ARRAD12,5.0,1
B00ARQZQEM,5.0,1
B00ARQVMNQ,5.0,1
B00CBQG6PY,5.0,1
B00IPQ5QNW,5.0,1
B00IPQ5WWW,5.0,1
B00CBQXFWQ,5.0,1
B00HUC4E80,5.0,1
B00CBQXQYI,5.0,1
B00CBQXTHC,5.0,1
B00CBR3Q1A,5.0,1
B00IPQ7HQ6,5.0,1
B00IPQ8JBI,5.0,1
B00CBSPXKG,5.0,1
B00ARRNNXW,5.0,1
B00ARWNYE0,5.0,1
B00ARY0U22,5.0,1
B00CBO2ONE,5.0,1
B00CBOBLQA,5.0,1
B00CBP0E2G,5.0,1
B00IPQ423W,5.0,1
B00HUC9RD2,4.0,1
B00CBP98PU,5.0,1
B00ARWKS9O,5.0,1
B00CBPI26G,5.0,1
B00ARW46DI,5.0,1
B00HUC4RBO,5.0,1
B00CBQG1EA,5.0,1
B00CBQG2GM,4.0,1
B00ARU20NI,4.0,1
B00ARTYYJW,4.0,1
B00CBQG3NE,5.0,1
B00IPPRF8W,5.0,1
B00AS2P8KC,5.0,1
B00AS2P8WU,5.0,1
B00AS9R5FQ,5.0,1
B00CBBEOLC,5.0,1
B00ASANXH4,5.0,1
B00CBBR2TI,4.0,1
B00CBBSIBE,5.0,1
B00CBC3ABG,5.0,1
B00AS91CUK,5.0,1
B00ASBGMP8,4.0,1
B00HUFZWWE,5.0,1
B00CBCZ7RQ,5.0,1
B00AS7WW8S,5.0,1
B00AS7SKNE,5.0,1
B00HUFWZ5Q,4.0,1
B00AS7SJ1M,5.0,1
B00CBDFSL0,5.0,1
B00IPKGZH4,5.0,1
B00CBJRUWO,5.0,1
B00CBB7JJG,5.0,1
B00CBAE4H2,5.0,1
B00ASDHAQG,4.0,1
B00CBAOQB6,5.0,1
B00CBARGA4,5.0,1
B00CBB6ANC,5.0,1
B00CBB6E9W,4.0,1
B00HUHFU56,5.0,1
B00HUHB9ZG,5.0,1
B00ASCHOGI,5.0,1
B00CBDFU3Q,5.0,1
B00CBHRKNU,5.0,1
B00AS3NV6O,5.0,1
B00HUDTB2I,5.0,1
B00CBI94ME,4.0,1
B00CBILV4S,5.0,1
B00IPONR44,5.0,1
B00CBIP93W,5.0,1
B00IPOQBPG,4.0,1
B00IPP5YUI,5.0,1
B00AS7S95S,5.0,1
B00CBJ3RGW,5.0,1
B00IPPNOSM,5.0,1
B00CBJ763C,5.0,1
B00AS2PA4Q,4.0,1
B00AS2P9K6,4.0,1
B00CBJO28Y,5.0,1
B00CBJO4PK,5.0,1
B00CBHDLJC,5.0,1
B00AS45DXM,4.0,1
B00CBGCHVG,5.0,1
B00CBDKWR0,5.0,1
B00IPLUO2U,5.0,1
B00CBE87DK,4.0,1
B00CBE8DTI,5.0,1
B00AS7QMFM,5.0,1
B00AS7QKFE,5.0,1
B00CBEFDIC,5.0,1
B00CBEFDIW,5.0,1
B00IPM9LDM,5.0,1
B00HUEE06E,4.0,1
B00CBG6T6K,5.0,1
B00CBG79A0,5.0,1
B00IPN3V46,5.0,1
B00AR0AZ5S,5.0,1
B00HTR5W96,4.0,1
B00CDDB0EM,5.0,1
B00CDDC1WM,5.0,1
B00CDDDJPK,5.0,1
B00APW0VQQ,5.0,1
B00CDDETAY,4.0,1
B00CDDFBH4,5.0,1
B00CDDFEDA,5.0,1
B00APW25LU,4.0,1
B00CDDFN90,5.0,1
B00CDDIN9C,5.0,1
B00CDDMOV0,5.0,1
B00APVXRHW,5.0,1
B00APVMGA6,5.0,1
B00APW0WFG,5.0,1
B00APW25P6,5.0,1
B00APV1VB6,5.0,1
B00CDD6Q50,5.0,1
B00CDD3P9U,5.0,1
B00CDD4ICI,5.0,1
B00CDD53H2,5.0,1
B00CDD57O6,5.0,1
B00CDD5ZKM,5.0,1
B00CDD69O8,5.0,1
B00APXTYLS,5.0,1
B00CDDAYM6,5.0,1
B00CDD75Z0,5.0,1
B00CDD7G5E,5.0,1
B00IR36ZAQ,5.0,1
B00CDDAACU,5.0,1
B00IR39C7O,5.0,1
B00CDDTOF4,5.0,1
B00APUMA58,5.0,1
B00APR5E8Q,5.0,1
B00CDF6BVC,5.0,1
B00CDEN0JE,5.0,1
B00CDEVAZK,5.0,1
B00CDEWEX2,4.0,1
B00APRK4FY,5.0,1
B00CDEYTPI,5.0,1
B00APRHGKA,4.0,1
B00CDF2DQO,5.0,1
B00CDF2POY,4.0,1
B00HSR6MQO,4.0,1
B00HSR5OEU,5.0,1
B00CDFW7FQ,5.0,1
B00HSR2FH4,5.0,1
B00CDGGJHC,5.0,1
B00APR760U,5.0,1
B00CDGIC7M,5.0,1
B00IR6I30I,5.0,1
B00APROPZ4,5.0,1
B00IR6E2JO,5.0,1
B00APUM9RM,5.0,1
B00APTAK1U,5.0,1
B00CDDU7DC,5.0,1
B00CDDW34I,5.0,1
B00CDDXWAC,5.0,1
B00APUM9HM,5.0,1
B00CDDYGWU,5.0,1
B00CDDZHQ4,5.0,1
B00CDE04LG,5.0,1
B00IR50L9A,4.0,1
B00CDE0BGY,5.0,1
B00CDEGDRA,5.0,1
B00APT4IZO,5.0,1
B00CDE0QR8,5.0,1
B00CDE1BDQ,4.0,1
B00CDE4TXK,5.0,1
B00HSREG8K,5.0,1
B00CDE6NXE,5.0,1
B00CDD3OU0,5.0,1
B00CDD3KCM,5.0,1
B00CD8LHHM,5.0,1
B00CD8ZLGK,5.0,1
B00AQ41NEW,5.0,1
B00CD966M2,5.0,1
B00AQ3CL7Q,5.0,1
B00AQ3623U,5.0,1
B00AQ30XXU,5.0,1
B00IR08ZGQ,5.0,1
B00CD8ISLA,5.0,1
B00IR0H6OS,5.0,1
B00AQ2V1AU,5.0,1
B00CD9HQIA,5.0,1
B00CD9VF4G,5.0,1
B00IR1DVZK,5.0,1
B00CD9VGA4,5.0,1
B00AQ2OQZW,5.0,1
B00AQ2NPOU,5.0,1
B00AQ4CTL8,4.0,1
B00CDD3A8Q,5.0,1
B00IQXWSUS,5.0,1
B00CD8AW0A,4.0,1
B00CD8B7B8,4.0,1
B00CD8CKB4,5.0,1
B00AQ4ZZ9G,5.0,1
B00CD8ESYQ,5.0,1
B00IQXUEZO,5.0,1
B00CD8FROG,5.0,1
B00AQ4YBXC,4.0,1
B00CD8HGMM,4.0,1
B00CD8GC2W,5.0,1
B00CD8GG2I,5.0,1
B00AQ4UA5A,5.0,1
B00CD8GHWW,5.0,1
B00AQ4G9PK,5.0,1
B00CD8H4U6,5.0,1
B00CD8HDHK,5.0,1
B00AQ2NJM8,5.0,1
B00CD9Y25A,5.0,1
B00HSUIUHK,4.0,1
B00CDD1M7C,5.0,1
B00CDD0A0M,5.0,1
B00IR1WBDI,5.0,1
B00CDD0UNO,5.0,1
B00AQ16JTE,5.0,1
B00CDD1CUO,5.0,1
B00CDD1D2Q,5.0,1
B00IR2N98S,5.0,1
B00CDD204G,5.0,1
B00CDD29AQ,5.0,1
B00AQ0LJ9U,5.0,1
B00CDD2GV8,5.0,1
B00HSSRAMI,5.0,1
B00AQ0J186,5.0,1
B00CDD36LW,4.0,1
B00AQ06M0G,5.0,1
B00CDCYOZK,4.0,1
B00HST2MD4,4.0,1
B00AQ2MGFY,5.0,1
B00AQ2H4OW,4.0,1
B00AQ2GSBM,5.0,1
B00CDBBAT4,4.0,1
B00CDCA8E6,5.0,1
B00CDCB1N8,4.0,1
B00CDCKTRW,4.0,1
B00CDCMVW8,5.0,1
B00CDCOC7U,5.0,1
B00CDCRCN6,4.0,1
B00CDCRPOC,5.0,1
B00AQ22ZEQ,5.0,1
B00CDCS186,5.0,1
B00AQ1OP22,5.0,1
B00HSR1QEC,5.0,1
B00CDH6OFI,5.0,1
B00CE5VTP4,5.0,1
B00CE3CGLC,5.0,1
B00HSLCFPC,5.0,1
B00CE3GN20,5.0,1
B00CE3H1K8,5.0,1
B00IRIQL1E,4.0,1
B00CE5VPRG,5.0,1
B00HSKS9NU,5.0,1
B00APED3W8,5.0,1
B00HSJJQJW,5.0,1
B00APE2D6U,4.0,1
B00CE7OWVU,5.0,1
B00HSLCICM,5.0,1
B00CE2I8TC,5.0,1
B00CE0UH0W,5.0,1
B00IRCP81Y,5.0,1
B00APK4EQQ,5.0,1
B00CDZGEU0,4.0,1
B00APK2XBO,4.0,1
B00APJVJD8,5.0,1
B00CE139Z6,5.0,1
B00CE1A0LM,5.0,1
B00CE1B5XE,5.0,1
B00CE27FL4,5.0,1
B00HSN9J6S,5.0,1
B00IRJBRVC,5.0,1
B00AP9V87K,4.0,1
B00APAOQ46,5.0,1
B00CEFNFR4,5.0,1
B00APA893U,5.0,1
B00IRKKXR0,4.0,1
B00HSG431G,4.0,1
B00CEFNN12,5.0,1
B00AP9V7VW,5.0,1
B00IRLXXL2,5.0,1
B00CEGPH7O,5.0,1
B00AP9EQHY,5.0,1
B00CEFNEBG,4.0,1
B00APB9CPI,5.0,1
B00HSH1SXQ,5.0,1
B00CECZ0WU,5.0,1
B00CEECAIK,5.0,1
B00APD4IAK,5.0,1
B00CEESJO4,4.0,1
B00APBU0MC,5.0,1
B00CEFCX18,5.0,1
B00CEEX7JQ,5.0,1
B00IRJD7VA,5.0,1
B00CEFCPP2,5.0,1
B00CEFCW64,5.0,1
B00IRJZ9P2,4.0,1
B00IRK047O,5.0,1
B00APB9VPE,5.0,1
B00APK4WMW,5.0,1
B00CDY17ZS,5.0,1
B00CDXSVA8,5.0,1
B00APOPOKC,5.0,1
B00APP9CZ4,5.0,1
B00HSQOORO,5.0,1
B00APP92CM,5.0,1
B00CDOK7Q8,5.0,1
B00APOZL96,5.0,1
B00CDPDTLC,5.0,1
B00CDPY56A,5.0,1
B00IR6MJ4O,5.0,1
B00HSQY7DK,4.0,1
B00CDQ8WTK,5.0,1
B00CDQSKCO,5.0,1
B00APO96WY,5.0,1
B00APO580S,5.0,1
B00HSQN8HG,5.0,1
B00CDT649M,5.0,1
B00APPA5H8,5.0,1
B00APPCISW,5.0,1
B00APKCZDA,5.0,1
B00APPLTSM,5.0,1
B00IR6L6D4,5.0,1
B00APQ7106,4.0,1
B00APPUMX0,5.0,1
B00APPRA5S,5.0,1
B00CDKTMQI,5.0,1
B00APPLSVA,5.0,1
B00APPLRFW,5.0,1
B00CDKYHL8,5.0,1
B00HSR11DS,4.0,1
B00APPLOAK,5.0,1
B00APPKYL0,4.0,1
B00CDN7T9M,5.0,1
B00CDTJZFM,5.0,1
B00CDTVCMG,5.0,1
B00IRBAX42,5.0,1
B00APLA47S,5.0,1
B00HSOA40C,5.0,1
B00APL951O,5.0,1
B00CDXFBWY,4.0,1
B00CDXFCGE,4.0,1
B00APL7VDS,4.0,1
B00CDXFCWI,5.0,1
B00HSOQ4QK,5.0,1
B00CDXFFQG,5.0,1
B00CDXOTYK,5.0,1
B00APKKSMA,5.0,1
B00CDXSCR0,5.0,1
B00APKHS64,5.0,1
B00APKF0LE,4.0,1
B00CDX3XHY,5.0,1
B00CDX3WE8,4.0,1
B00CDWO8X8,5.0,1
B00CDWF15C,5.0,1
B00CDU60LI,4.0,1
B00IR73TVA,4.0,1
B00CDUATRO,5.0,1
B00IR74IM4,5.0,1
B00CDUDEDK,5.0,1
B00APN4QNO,5.0,1
B00IR7KHI8,5.0,1
B00CDUO3XK,5.0,1
B00APMD9U6,4.0,1
B00CDVWNE0,4.0,1
B00APLVLRU,5.0,1
B00CDW2LVY,5.0,1
B00APLPUUE,5.0,1
B00APLPJL4,4.0,1
B00AR08X7U,4.0,1
B00AQNZUT2,5.0,1
B00AQP0HKM,4.0,1
B00AQOOI9E,5.0,1
B00AQOBURC,5.0,1
B00CCT4UQM,4.0,1
B00AQO44GG,5.0,1
B00CCTHYC4,5.0,1
B00CCUS8ZU,5.0,1
B00AQP0LSU,4.0,1
B00AQNWOC8,5.0,1
B00AQNR2A2,5.0,1
B00HTE6TGY,5.0,1
B00AQNHTZK,4.0,1
B00CCVGG4E,5.0,1
B00AQP0K36,5.0,1
B00CCSN2PI,5.0,1
B00AQMK3IG,5.0,1
B00IQGG12Q,5.0,1
B00HTMH2X0,5.0,1
B00HTLWJTS,4.0,1
B00AQSTAK2,5.0,1
B00AQSOTPS,4.0,1
B00AQSM374,5.0,1
B00AQRTIAK,5.0,1
B00CCQE0GA,5.0,1
B00AQP0SC4,5.0,1
B00CCRCBOW,5.0,1
B00HTH6JZC,5.0,1
B00HTGQPH0,5.0,1
B00AQQC5R4,5.0,1
B00HTGBRVO,5.0,1
B00CCSN0R8,4.0,1
B00AQQ0X2I,5.0,1
B00CCVO1AU,5.0,1
B00CCVO2GS,5.0,1
B00CCX4PT0,4.0,1
B00CCX3X66,5.0,1
B00AQL09EA,5.0,1
B00AQKW2CI,4.0,1
B00AQKRKTI,5.0,1
B00CCX4HCU,5.0,1
B00HTCHBPY,5.0,1
B00CCX517K,5.0,1
B00CCX3VPE,5.0,1
B00AQKO4OM,5.0,1
B00HTC46G6,5.0,1
B00HTC2DL6,5.0,1
B00CCX5F76,5.0,1
B00CCX62GE,5.0,1
B00AQL09RW,5.0,1
B00CCX3NKC,4.0,1
B00CCVO3RQ,5.0,1
B00IQJZX7W,5.0,1
B00AQMJZTY,5.0,1
B00CCVQP18,4.0,1
B00AQMI888,5.0,1
B00AQMFMSM,5.0,1
B00HTD6Y9M,5.0,1
B00AQLLAVQ,4.0,1
B00AQL0I1E,4.0,1
B00AQLJKP4,5.0,1
B00IQME59G,5.0,1
B00CCWZ2Z2,5.0,1
B00CCX07TM,5.0,1
B00AQL9MZM,5.0,1
B00CCX3GVS,5.0,1
B00AQSWHBG,5.0,1
B00CCQ2PNK,5.0,1
B00CCKCBCQ,5.0,1
B00AQXDCVU,4.0,1
B00IQ7JOX8,5.0,1
B00AQX7RX4,5.0,1
B00AQWU7QO,5.0,1
B00IQ8SQ1I,5.0,1
B00CCKR91O,4.0,1
B00HTP4VS6,5.0,1
B00AQWPWPA,5.0,1
B00IQBQA8G,5.0,1
B00HTP3YZM,5.0,1
B00AQY7IV4,5.0,1
B00AQZ4I3Y,5.0,1
B00HTNR0HC,4.0,1
B00CCG77V0,4.0,1
B00CCE8ZZ4,5.0,1
B00CCEJRVU,4.0,1
B00IQ4978I,4.0,1
B00IQ49C7O,5.0,1
B00CCG0AY6,5.0,1
B00CCG44Q6,5.0,1
B00CCGLF90,5.0,1
B00AQZHDAY,5.0,1
B00AQZHCPA,5.0,1
B00CCHED52,5.0,1
B00CCHGZ94,5.0,1
B00IQ6Y96G,5.0,1
B00AQZFXI8,4.0,1
B00CCLTU2O,5.0,1
B00CCNR1JG,5.0,1
B00CCO2CMG,5.0,1
B00CCO11SW,5.0,1
B00AQTA85W,5.0,1
B00HTNWQYY,5.0,1
B00HTNVIGG,4.0,1
B00CCO2I9S,5.0,1
B00IQGCIOQ,4.0,1
B00AQT40TC,5.0,1
B00IQGEP7O,5.0,1
B00AQT2OSG,5.0,1
B00CCO3D6U,5.0,1
B00CCO0TC6,5.0,1
B00AQTWAS0,5.0,1
B00CCNZOPE,4.0,1
B00IQGAP0K,5.0,1
B00CCNRV96,5.0,1
B00AQV1FLQ,5.0,1
B00IQD5THM,5.0,1
B00AQUXADI,4.0,1
B00CCNTCZW,4.0,1
B00IQD9M70,4.0,1
B00CCNWYWA,5.0,1
B00AQUWEIA,5.0,1
B00CCNWZNS,4.0,1
B00CCNX4ZQ,5.0,1
B00IQDWAB0,5.0,1
B00IQG9VUA,5.0,1
B00IQG9Z2E,5.0,1
B00AQTYEAM,4.0,1
B00CCNZEX6,5.0,1
B00CCYKXMM,5.0,1
B00AQK7VY2,5.0,1
B00CD8ACNC,5.0,1
B00IQWBM6K,5.0,1
B00HSZP7BC,5.0,1
B00AQBCZYW,5.0,1
B00AQBAPNA,5.0,1
B00CD1HC7I,5.0,1
B00CD1QQJS,5.0,1
B00CD1QRJW,4.0,1
B00CD1QRKQ,5.0,1
B00IQW8XS0,5.0,1
B00AQ9I0WK,5.0,1
B00CD28W62,5.0,1
B00CD2WYQ6,4.0,1
B00AQ9EDX0,5.0,1
B00CD30BW4,5.0,1
B00CD37VVI,5.0,1
B00HSZKO8I,5.0,1
B00CD3Q3GM,4.0,1
B00HT16AXO,4.0,1
B00CD3Q5BU,5.0,1
B00CCYTWUG,5.0,1
B00HT2TFH6,5.0,1
B00AQD44LM,5.0,1
B00CCYU1J2,4.0,1
B00AQCSEZA,5.0,1
B00AQCSDJ2,5.0,1
B00CCYUJJ4,5.0,1
B00HT16WXM,5.0,1
B00CCZLQEU,5.0,1
B00HT1P13E,5.0,1
B00IQT3GMG,4.0,1
B00HT16XYK,5.0,1
B00CD0VNL0,5.0,1
B00HSZKDFC,4.0,1
B00CCYL5O2,5.0,1
B00CD870TQ,5.0,1
B00CD87E10,5.0,1
B00CD88HPW,4.0,1
B00CD88IL0,5.0,1
B00IQX1K3Y,5.0,1
B00AQ5CRAU,5.0,1
B00CD88LLC,5.0,1
B00CD897DS,4.0,1
B00CD86CUO,5.0,1
B00AQ5C6MO,5.0,1
B00AQ58PEM,4.0,1
B00CD89B6G,5.0,1
B00AQ520PW,5.0,1
B00CD89JW2,5.0,1
B00CD89S6O,4.0,1
B00CD89YCW,5.0,1
B00CD8A1II,5.0,1
B00AQ5CRN2,5.0,1
B00IQWWC9Q,5.0,1
B00CD4AXS0,5.0,1
B00HSZKD3E,4.0,1
B00CD4HYUU,5.0,1
B00CD4J8PE,5.0,1
B00CD59KXS,4.0,1
B00IQWQEV8,5.0,1
B00CD5TQPU,5.0,1
B00AQ7IP04,5.0,1
B00AQ7GLOQ,5.0,1
B00HSZK95Q,5.0,1
B00HSZJNLC,4.0,1
B00HSXRZLY,5.0,1
B00AQ6WDBM,5.0,1
B00AQ6VQ2O,5.0,1
B00CCYTS0U,5.0,1
B00CCYTAFI,4.0,1
B00AQGCTDY,5.0,1
B00CCYNWS4,5.0,1
B00AQH3LR6,5.0,1
B00CCYO788,4.0,1
B00CCYOQCA,5.0,1
B00HTAH1W4,5.0,1
B00CCYOU4Y,5.0,1
B00AQGT3PG,5.0,1
B00AQG84OM,5.0,1
B00AQHH3WA,4.0,1
B00CCYPCU0,5.0,1
B00HTA8V00,5.0,1
B00CCYPJ9Y,5.0,1
B00IQR9KT6,4.0,1
B00CCYPLCE,5.0,1
B00HT9TDCQ,4.0,1
B00CCYPMOG,5.0,1
B00CCYNSJM,5.0,1
B00AQJKFO6,5.0,1
B00AQJXHGO,5.0,1
B00CCYLM2C,5.0,1
B00HTAYNVQ,5.0,1
B00AQJOCSQ,5.0,1
B00CCYMJDS,5.0,1
B00CCYNQTE,5.0,1
B00CCYMND4,4.0,1
B00AQJ1GCG,5.0,1
B00CCYMSB6,5.0,1
B00CCYMWA8,5.0,1
B00AQIVVU4,5.0,1
B00CCYN3GK,4.0,1
B00CCYNMKW,4.0,1
B00CCYPTF8,5.0,1
B00CCYQ4CA,5.0,1
B00CCYSDPG,4.0,1
B00CCYSEI2,4.0,1
B00AQF932A,5.0,1
B00AQF9226,5.0,1
B00CCYSQL2,5.0,1
B00HT6ZP6M,5.0,1
B00CCYQB50,5.0,1
B00AQEQOXW,5.0,1
B00AQEQOV4,5.0,1
B00AQEQOUA,5.0,1
B00CCYSU22,5.0,1
B00AQEQNNI,5.0,1
B00CCYT11G,4.0,1
B00AQEQLJE,4.0,1
B00AQDR9QE,5.0,1
B00CCYSD60,5.0,1
B00CCYSBFI,5.0,1
B00HT8S1LQ,5.0,1
B00AQF9460,5.0,1
B00CCYQM40,5.0,1
B00CCYQSWG,5.0,1
B00AQG10GG,5.0,1
B00CCYQWCC,5.0,1
B00AQFZPH2,5.0,1
B00CCYR8YI,5.0,1
B00CCYRB7C,5.0,1
B00CCYREUG,5.0,1
B00CCYRFT6,5.0,1
B00CCYRTMY,5.0,1
B00CCYRWCQ,4.0,1
B00CCYS4JG,5.0,1
B00AQF969A,5.0,1
B00CCYS5CW,5.0,1
B00CCYSA6S,5.0,1
B00AZYGUZU,5.0,1
B00AZYJO9E,5.0,1
B00AKUKH5I,5.0,1
B00BLS5AQY,5.0,1
B00IFD7ZEI,4.0,1
B00IFDLHHO,5.0,1
B00BLRUQ96,4.0,1
B00BLS95CE,5.0,1
B00IFCIRQ4,5.0,1
B00BLSARHG,5.0,1
B00IFDY6C2,4.0,1
B00BLSGMUW,4.0,1
B00BLTAWMA,5.0,1
B00IFD6D00,5.0,1
B00BLQD2JS,5.0,1
B00IFE67SC,5.0,1
B00I8V52AQ,4.0,1
B00I8VBYN0,5.0,1
B00IF6NMC4,5.0,1
B00BB5HSOE,5.0,1
B00IF77E90,5.0,1
B00BLPUDWS,4.0,1
B00BB4OZ8C,5.0,1
B00BB4NJSY,5.0,1
B00BLQ0LBK,5.0,1
B00BB4G5D0,5.0,1
B00BLQ0N0Y,5.0,1
B00IFAW7W6,4.0,1
B00BLQ0NEU,5.0,1
B00BLQ3F4A,5.0,1
B00BLQC2V2,4.0,1
B00BLQCSAC,5.0,1
B00BLUP1K2,5.0,1
B00BLUYOM8,5.0,1
B00I8RZCJQ,5.0,1
B00BLVV5CE,5.0,1
B00BLW16ZY,5.0,1
B00BB0S9J2,5.0,1
B00I8NRH3E,4.0,1
B00I8NILH0,5.0,1
B00BLW4IFE,5.0,1
B00BB0TEY6,5.0,1
B00IFH6A1I,5.0,1
B00BLWW356,5.0,1
B00I8N9106,5.0,1
B00BLY298A,5.0,1
B00BLYU7YI,5.0,1
B00BB0SLDQ,5.0,1
B00BB2TSXQ,5.0,1
B00BLUYQMQ,5.0,1
B00BB2TAI4,4.0,1
B00BLV3W7A,5.0,1
B00BB24NY0,5.0,1
B00BB1TEV8,5.0,1
B00BLVSTBO,5.0,1
B00BLVT3NW,5.0,1
B00BB10DWW,5.0,1
B00BB105CA,5.0,1
B00BB0ZZG2,4.0,1
B00BLVSUE0,5.0,1
B00I8UBD82,5.0,1
B00I8T2SYQ,4.0,1
B00BB5ZNV4,5.0,1
B00BLPAU3K,5.0,1
B00BLPA990,5.0,1
B00BLC7108,5.0,1
B00BB8LP72,5.0,1
B00IEXUX4S,4.0,1
B00IEY7YDK,5.0,1
B00BLD8BII,5.0,1
B00BLD8CKA,5.0,1
B00BB8L482,4.0,1
B00BB8KXPW,5.0,1
B00BLB1DQ2,5.0,1
B00BLD8DIG,4.0,1
B00BLDHDMI,5.0,1
B00BLDQ3TW,5.0,1
B00BLE6DLE,5.0,1
B00BLEBIRS,5.0,1
B00BLER8OK,5.0,1
B00BLESJO8,5.0,1
B00I914H60,5.0,1
B00BL8SOFI,5.0,1
B00BB8N16U,5.0,1
B00I92EC32,4.0,1
B00BL800BE,5.0,1
B00BL86SJW,5.0,1
B00BL88ZUM,5.0,1
B00BL8IM0K,4.0,1
B00BL8XD22,5.0,1
B00BLARRLS,5.0,1
B00BL9E59G,5.0,1
B00BL9FQ5I,5.0,1
B00BL9J6IQ,5.0,1
B00BL9P6MQ,5.0,1
B00BB8LUL8,5.0,1
B00BB8LS5Q,4.0,1
B00BLACVTG,5.0,1
B00BLF32JY,5.0,1
B00BB8KQK4,5.0,1
B00I905XBO,5.0,1
B00BLNTF9C,5.0,1
B00BLNO286,4.0,1
B00BLNQCHA,5.0,1
B00BB7I6XE,5.0,1
B00BLNQHRK,5.0,1
B00BLNQX0Q,5.0,1
B00BLNSDMW,5.0,1
B00BLNT27W,5.0,1
B00BB8KGC2,4.0,1
B00BB6E3SC,5.0,1
B00IF3YCWG,5.0,1
B00BLOETJM,4.0,1
B00BLOFJPU,5.0,1
B00IF46UZC,4.0,1
B00I8VFMY2,5.0,1
B00BLOLTE0,5.0,1
B00BLJYYFG,5.0,1
B00BLFO2NY,5.0,1
B00BLGCHPS,5.0,1
B00BB8JY20,5.0,1
B00BLHV8FC,5.0,1
B00BB8JX0I,5.0,1
B00BB8JUY2,5.0,1
B00BLI5L86,5.0,1
B00BLJ56UI,5.0,1
B00I8X31FM,5.0,1
B00BB8JNXA,5.0,1
B00BLJJCHQ,4.0,1
B00BB8JNKI,5.0,1
B00BLJKQYY,5.0,1
B00BLJQRDS,5.0,1
B00BLJWUP2,4.0,1
B00BLYYRW6,5.0,1
B00BL7U8AS,5.0,1
B00BMACI5W,5.0,1
B00BAXUOAC,5.0,1
B00BAXUK2Y,5.0,1
B00IFVUWRC,4.0,1
B00BMA3P3G,5.0,1
B00BAXRXEM,5.0,1
B00I8C7V0Y,5.0,1
B00BMA9K3U,5.0,1
B00BMACKQO,5.0,1
B00BM9NKUK,5.0,1
B00BMAOOA4,5.0,1
B00BMAPRIM,5.0,1
B00BMARH7Q,5.0,1
B00BMB1YKQ,5.0,1
B00BAXZXY4,5.0,1
B00BAXZVK0,5.0,1
B00IFVC1OO,5.0,1
B00BAXZ6C8,5.0,1
B00BM79UXS,5.0,1
B00BM7GGGM,5.0,1
B00BM7SSZE,4.0,1
B00I8EFAZU,4.0,1
B00BM8HSM2,5.0,1
B00BAXWF9U,5.0,1
B00BM8KQNU,5.0,1
B00BM8V7OM,5.0,1
B00IFVUYJI,4.0,1
B00I8AQ82I,5.0,1
B00BAKTI1G,5.0,1
B00BAM0OYO,5.0,1
B00I8937HS,5.0,1
B00BAL5PYY,5.0,1
B00IG12XLO,5.0,1
B00BAKYN8Y,4.0,1
B00BMF6TYI,5.0,1
B00IG3EQ6W,5.0,1
B00I897K12,5.0,1
B00BAKDLJG,5.0,1
B00BMFGLBO,5.0,1
B00BMFHG18,5.0,1
B00IG3V72S,5.0,1
B00BMFQJ98,5.0,1
B00BAMBYXE,5.0,1
B00BMB8DXC,5.0,1
B00I8ALF3K,5.0,1
B00BMBD6CU,5.0,1
B00BMC4VSM,5.0,1
B00BMC5T0Q,5.0,1
B00BMCAOWE,5.0,1
B00BAPTOEC,5.0,1
B00BAO94P2,5.0,1
B00BAN4J0S,5.0,1
B00BMDV94K,5.0,1
B00BME5F08,4.0,1
B00BMEH4JI,5.0,1
B00I8A4Y7E,5.0,1
B00IFWCD5U,5.0,1
B00BAY05FK,5.0,1
B00IFUNLR6,5.0,1
B00I8EFJT2,4.0,1
B00BAZBH7E,5.0,1
B00IFOE2WA,5.0,1
B00BAZD37Q,5.0,1
B00IFQWYG4,5.0,1
B00BLZG8TA,5.0,1
B00BLZG9I0,4.0,1
B00BAZB5XU,5.0,1
B00IFO16VA,5.0,1
B00I8KRD86,5.0,1
B00BAZAZ6S,5.0,1
B00BLZGJRQ,4.0,1
B00BLZGKEI,4.0,1
B00BAZAOHI,5.0,1
B00BAZAJSW,5.0,1
B00I8KTUNM,5.0,1
B00BAZDCNG,5.0,1
B00BLZDEV0,4.0,1
B00BB0ABEI,5.0,1
B00BLZDFGY,5.0,1
B00BB08DZW,5.0,1
B00BB02PE2,4.0,1
B00BAZY4OM,5.0,1
B00I8KZT6E,5.0,1
B00BAZVSSC,5.0,1
B00BLZDMYO,5.0,1
B00BAZI93O,4.0,1
B00BAZE46A,4.0,1
B00IFMDFYS,5.0,1
B00BLZGKQQ,5.0,1
B00BAZA6LW,5.0,1
B00BAYB7BQ,5.0,1
B00BM3X4QQ,5.0,1
B00BM43BFE,5.0,1
B00BAYBDJM,5.0,1
B00BAYBC4I,5.0,1
B00BAYB9XC,5.0,1
B00BAYB9GE,4.0,1
B00BAYB6L2,4.0,1
B00BLZH1EQ,5.0,1
B00I8EFNCA,4.0,1
B00BAYB586,5.0,1
B00BAYB4FK,5.0,1
B00BAYB0QI,5.0,1
B00BM62NM4,5.0,1
B00BM64U70,5.0,1
B00IFUEOWM,5.0,1
B00IFUGADS,5.0,1
B00IFRWKA8,5.0,1
B00I8ETSQW,5.0,1
B00BAZ6E2C,5.0,1
B00BAZ6CUG,5.0,1
B00BLZHEZ2,5.0,1
B00I8K312I,5.0,1
B00IFRLLBC,5.0,1
B00BAZ47JO,5.0,1
B00IFROJXE,5.0,1
B00BLZNY42,5.0,1
B00I8I4I1I,5.0,1
B00BAZ2XMC,5.0,1
B00I8G75WO,5.0,1
B00BM1ETXK,5.0,1
B00BAZ2UQ6,5.0,1
B00BL7V8XO,4.0,1
B00I92N6SE,4.0,1
B00BMGLT60,5.0,1
B00BK3F1EG,5.0,1
B00BK2TEVI,4.0,1
B00BK309PM,5.0,1
B00BBMKW5O,4.0,1
B00BBMKRQI,5.0,1
B00BBMKM04,5.0,1
B00BBMKKGU,4.0,1
B00BBMDYZY,5.0,1
B00BK2LV2I,4.0,1
B00BK3FQIM,5.0,1
B00IEDV0W2,5.0,1
B00BK4F9AG,5.0,1
B00BK4FA3W,5.0,1
B00IEELM42,5.0,1
B00BK4UY7Y,5.0,1
B00IE9FHIY,5.0,1
B00BBML4TM,5.0,1
B00I9J7F0M,4.0,1
B00BJVBJ1I,5.0,1
B00BJWB9NU,4.0,1
B00IE3H5CQ,5.0,1
B00BJWOMQ6,5.0,1
B00BJXONH8,5.0,1
B00BBMU6CS,5.0,1
B00BBMLAOG,5.0,1
B00BBMMRV6,5.0,1
B00BBMLFE6,4.0,1
B00BBMLD3E,4.0,1
B00IE91LZM,5.0,1
B00BK0HQQ0,4.0,1
B00BBKDK5K,4.0,1
B00BBIWSVY,5.0,1
B00BBJIEQG,5.0,1
B00BBJT4VK,5.0,1
B00I9H8C9W,5.0,1
B00BBJO0OQ,4.0,1
B00I9H7CIY,5.0,1
B00I9H7AE0,5.0,1
B00BKD23NS,5.0,1
B00I9H4IMM,5.0,1
B00BBJHGQA,5.0,1
B00I9GYKV2,5.0,1
B00I9GFONK,4.0,1
B00I9G53UE,5.0,1
B00BBJEQWC,5.0,1
B00BKE5DJ8,5.0,1
B00BBJ9GU4,5.0,1
B00BKBRSIA,5.0,1
B00BKBN1YU,5.0,1
B00IEG2K2S,4.0,1
B00BK781SU,5.0,1
B00IEG8Z04,5.0,1
B00I9IWIY6,5.0,1
B00BBK7T2U,5.0,1
B00BBK7A5G,5.0,1
B00BBK794S,5.0,1
B00I9IS8FE,4.0,1
B00I9IIMVO,5.0,1
B00BK732HU,5.0,1
B00BBK3FDC,5.0,1
B00BK7M53M,5.0,1
B00I9I4RKE,5.0,1
B00BK83A6M,5.0,1
B00BBK143U,5.0,1
B00I9I1GPI,5.0,1
B00BK8XFKS,5.0,1
B00BK9R788,5.0,1
B00BJU1EJ6,5.0,1
B00BJTZLPA,5.0,1
B00IDYN83G,5.0,1
B00I9K9SRY,4.0,1
B00BJL8ITE,5.0,1
B00BBTBLFC,5.0,1
B00BJL8UTW,5.0,1
B00BJLHZY8,5.0,1
B00IDYLAD6,5.0,1
B00I9JCTC6,5.0,1
B00BJKYOMA,5.0,1
B00BBT8FIS,5.0,1
B00BBT4BMM,5.0,1
B00BJMBOH6,5.0,1
B00I9JCSFY,5.0,1
B00BJN1QBO,5.0,1
B00BJN8W6Q,5.0,1
B00BBTGWWY,5.0,1
B00BBNFHLC,5.0,1
B00BJEIMNI,5.0,1
B00BJCIXZW,5.0,1
B00BJCK3W8,5.0,1
B00BBU7E70,5.0,1
B00BBU1160,5.0,1
B00BJDSLY4,5.0,1
B00BJE4ESA,5.0,1
B00BJEF7EA,5.0,1
B00BJEJY9E,5.0,1
B00BBTLPJO,4.0,1
B00BBTXU1K,5.0,1
B00BJF24FE,4.0,1
B00BJG83V2,5.0,1
B00BJGW5BQ,5.0,1
B00BJHXD2K,5.0,1
B00I9KJLEO,5.0,1
B00BJJVYPG,4.0,1
B00BJNFA0C,4.0,1
B00BJNFDOU,4.0,1
B00BJNFJ1W,5.0,1
B00BJSUIZO,4.0,1
B00BJQL8Q4,4.0,1
B00BJRKAEE,5.0,1
B00BJRO36U,5.0,1
B00BBOC3WM,4.0,1
B00BJRSB0Y,5.0,1
B00BJSFD86,4.0,1
B00BBO5ZUY,5.0,1
B00BJSWNSY,4.0,1
B00BJT08NA,5.0,1
B00BJTRA9U,5.0,1
B00BJTWYIM,5.0,1
B00BJTZIGW,4.0,1
B00BJQBZRG,5.0,1
B00BJQA536,5.0,1
B00BBRKTS4,5.0,1
B00IE2CMYI,4.0,1
B00BBQVZCO,5.0,1
B00BBQOLIY,4.0,1
B00I9JCKL6,4.0,1
B00BJNW6W2,5.0,1
B00BJOL3BG,4.0,1
B00BJOQ3VQ,4.0,1
B00BJP32BO,5.0,1
B00IE3FC1C,5.0,1
B00BJPDBLK,5.0,1
B00BJQ5FMM,5.0,1
B00I9FPBMK,4.0,1
B00BL7MRU2,5.0,1
B00BKV4OZK,5.0,1
B00BBAZ0S0,4.0,1
B00BKV4Q8K,5.0,1
B00BKV4RIE,5.0,1
B00BBAYZL8,5.0,1
B00I95BBLA,4.0,1
B00BBAYCBG,4.0,1
B00BKX5YWK,5.0,1
B00BKUU1IA,4.0,1
B00I93JAGK,5.0,1
B00BKX9926,5.0,1
B00BKXF2TA,5.0,1
B00BKXNVCU,5.0,1
B00BKYB0IG,5.0,1
B00BBA1ZQ6,5.0,1
B00BKYELJG,5.0,1
B00BKYFOXI,4.0,1
B00IEV7578,5.0,1
B00I95FB2A,4.0,1
B00BB9XDTE,5.0,1
B00BKT9CB8,4.0,1
B00BKTIXZY,5.0,1
B00BBCW5DQ,5.0,1
B00BKU69J0,4.0,1
B00BBCW34W,5.0,1
B00BBCW2PW,5.0,1
B00BKU6HJ2,5.0,1
B00IEV6I3A,5.0,1
B00BBCVQZE,5.0,1
B00I96YCLK,4.0,1
B00BKUHSP4,5.0,1
B00I96XQ94,5.0,1
B00BKUNJ98,5.0,1
B00BBCVKW8,5.0,1
B00BBB9GIO,5.0,1
B00I96PZG6,5.0,1
B00BBA07WO,5.0,1
B00BKYFTMY,5.0,1
B00BKEJM2M,5.0,1
B00BL4YMN0,5.0,1
B00IEVN3PG,5.0,1
B00BB8OXL2,4.0,1
B00BB8OP3I,5.0,1
B00BL3SEKI,5.0,1
B00BL4KLUI,5.0,1
B00BL4PL8A,5.0,1
B00BL4TUBE,5.0,1
B00BB8O2U4,5.0,1
B00BB8P81G,5.0,1
B00IEXBSV0,5.0,1
B00BL5GR7S,5.0,1
B00BL5JM3O,5.0,1
B00BL6SXZQ,4.0,1
B00BB8NFM0,5.0,1
B00BB8P9MO,5.0,1
B00BKYJ2FO,5.0,1
B00IEVC2NU,5.0,1
B00BKZ3BCI,5.0,1
B00BB9W3L8,5.0,1
B00BB91ANA,5.0,1
B00BKZCVUG,5.0,1
B00BKZQKL2,4.0,1
B00BKZQLIE,5.0,1
B00BKZQSJG,5.0,1
B00BL2REYG,5.0,1
B00IEVCF6O,4.0,1
B00BL0CJ3E,4.0,1
B00IEVCX1Q,5.0,1
B00BBCW5OA,5.0,1
B00BBCWNII,5.0,1
B00BBFMV4Q,4.0,1
B00IEOHOW6,4.0,1
B00IEOL71A,5.0,1
B00BBFMUEM,5.0,1
B00BBFMHMM,5.0,1
B00IEOZQN0,4.0,1
B00I9C1XWA,4.0,1
B00IEP0UOO,5.0,1
B00BKKJE6U,5.0,1
B00BBFDK4G,4.0,1
B00BKLH0QA,5.0,1
B00BKMV80S,5.0,1
B00BBFNDJS,4.0,1
B00IEMT2FK,5.0,1
B00BKT2SOG,4.0,1
B00BKGFDMI,5.0,1
B00BKENFZ2,5.0,1
B00BKEO33A,5.0,1
B00I9DIM50,5.0,1
B00I9DBXMY,5.0,1
B00BKFCKGQ,4.0,1
B00BKFKVZS,5.0,1
B00I9D2T68,5.0,1
B00BBGE5BW,5.0,1
B00BBG6XE4,5.0,1
B00BBFWHF4,5.0,1
B00I9D2FXU,5.0,1
B00I9D0032,5.0,1
B00BBFPX8W,5.0,1
B00I9CT9C6,5.0,1
B00IELG9BG,4.0,1
B00I9CIGPM,5.0,1
B00I99PWN4,5.0,1
B00BKSPVQY,4.0,1
B00BKR9YE0,5.0,1
B00BBCXFS0,5.0,1
B00BKRJT7C,5.0,1
B00BKSPPZG,5.0,1
B00I99OCD0,4.0,1
B00BBCX7LK,5.0,1
B00I99OAHI,5.0,1
B00BKSPS12,5.0,1
B00I99O83O,5.0,1
B00BKSU9KM,5.0,1
B00BKSUNDK,5.0,1
B00BKSVTP6,5.0,1
B00BBCWT5A,5.0,1
B00BKT16N0,5.0,1
B00BKQVSKO,5.0,1
B00BKQP8NM,5.0,1
B00BKP7VUG,5.0,1
B00IEUH9I4,5.0,1
B00BKMXKO0,5.0,1
B00BBF4XSI,5.0,1
B00I99PMOI,4.0,1
B00I99PK1S,5.0,1
B00IETKQ6C,4.0,1
B00I99PJCI,5.0,1
B00BKNZGQY,5.0,1
B00I99PIME,5.0,1
B00IEUB1AG,5.0,1
B00BBERADE,5.0,1
B00I99P7GQ,5.0,1
B00BKO145K,4.0,1
B00BKO1SRY,5.0,1
B00BKOPV8G,5.0,1
B00BBDMT2C,5.0,1
B00BAK92P8,5.0,1
B00BBUFSXW,5.0,1
B00I6E0R78,5.0,1
B00BNVNBYW,5.0,1
B00BNVTLVO,5.0,1
B00B8YUN8G,5.0,1
B00BNWX484,5.0,1
B00I6E039K,5.0,1
B00I6DZ3V4,5.0,1
B00B8Y80W2,5.0,1
B00BNX1X7W,5.0,1
B00B8XYEZA,4.0,1
B00IGW30HO,4.0,1
B00BNXIE7E,5.0,1
B00B9153A6,5.0,1
B00BNU4PNO,5.0,1
B00B90O2ZO,5.0,1
B00B90MOQS,4.0,1
B00B90MFOY,5.0,1
B00BNU5YAM,5.0,1
B00B9085GQ,5.0,1
B00BNV3TV2,5.0,1
B00I6E33BK,5.0,1
B00I6E3T6O,5.0,1
B00BNV7PHG,5.0,1
B00BNV7PV2,5.0,1
B00BNV7RYC,4.0,1
B00I6E3C5C,5.0,1
B00B8XI7BM,5.0,1
B00BNXYONW,5.0,1
B00B8UGRP8,4.0,1
B00B8UFDRQ,5.0,1
B00BO1X85I,5.0,1
B00B8UF21I,5.0,1
B00BO2829O,5.0,1
B00BO386LC,4.0,1
B00BO1716A,4.0,1
B00BNYWOOM,5.0,1
B00B8WV2GK,5.0,1
B00B8W7IO0,5.0,1
B00BNZ8P80,5.0,1
B00BNZA4T8,5.0,1
B00I6DY3PQ,4.0,1
B00BNZRDOM,4.0,1
B00I6DWDQ2,5.0,1
B00BNZTGQK,5.0,1
B00B8UUWHC,4.0,1
B00IGWBOGS,5.0,1
B00I6DXBZY,5.0,1
B00I6DX72G,5.0,1
B00BNU4N1I,5.0,1
B00BNNBKW0,4.0,1
B00BNNLWW8,5.0,1
B00B97R81M,5.0,1
B00BNOBBO6,4.0,1
B00B97PO8Q,5.0,1
B00B97MEGG,5.0,1
B00B97SA5U,5.0,1
B00IGLGDNI,5.0,1
B00BNP2APY,5.0,1
B00B96I88A,5.0,1
B00B96GYTA,5.0,1
B00B96D7QS,5.0,1
B00BNPT80E,5.0,1
B00IGLGC34,5.0,1
B00BNNA97M,5.0,1
B00BNK6Z46,5.0,1
B00I6E6CD6,5.0,1
B00I6E69U2,4.0,1
B00BNIHGIM,4.0,1
B00BNIWQZU,4.0,1
B00B9BH6VK,5.0,1
B00BNJ9BRK,5.0,1
B00BNK70CC,5.0,1
B00BNMYI0M,4.0,1
B00BNKQD8O,5.0,1
B00BNL727Y,5.0,1
B00I6E636C,4.0,1
B00B98S2DY,5.0,1
B00B982910,5.0,1
B00BNMJG4A,4.0,1
B00I6E5XA4,5.0,1
B00B96CE4O,5.0,1
B00B9695M8,5.0,1
B00I6E4DY6,5.0,1
B00B94VKC8,4.0,1
B00BNTS9N2,5.0,1
B00B94B9RE,4.0,1
B00I6E4FQM,5.0,1
B00B942GJE,4.0,1
B00B966KOE,5.0,1
B00BNU3F8U,5.0,1
B00B92CMAE,5.0,1
B00BNU3HIS,5.0,1
B00BNU4KUW,5.0,1
B00B91LHOM,5.0,1
B00B91CUR0,5.0,1
B00B915UFO,5.0,1
B00BNTQ9X4,4.0,1
B00BNTEGH0,5.0,1
B00B95PWQC,4.0,1
B00BNQ6716,4.0,1
B00BNQ6LHQ,5.0,1
B00BNQALVI,4.0,1
B00BNQQUYU,5.0,1
B00BNQR5JO,5.0,1
B00B95WQY8,5.0,1
B00I6E4SO6,5.0,1
B00IGLLPPY,5.0,1
B00B95RA0S,5.0,1
B00IGNT982,5.0,1
B00BNT6EPM,5.0,1
B00BO895FI,5.0,1
B00BNIG05W,5.0,1
B00BOJCYSM,4.0,1
B00BOJCZ7W,5.0,1
B00B8AH806,5.0,1
B00B8AEPE8,5.0,1
B00I5V5NNU,5.0,1
B00I5TAO72,5.0,1
B00BOJDTEK,5.0,1
B00BOJE0GQ,5.0,1
B00I5SETOC,5.0,1
B00B8A7LZS,4.0,1
B00I5S22NM,4.0,1
B00I5S0E1O,4.0,1
B00BOJED54,5.0,1
B00I5RWLDE,5.0,1
B00B8BQAYK,5.0,1
B00B8CYWTO,5.0,1
B00BOJAJUC,5.0,1
B00BOJAUEM,5.0,1
B00B8C9NXY,5.0,1
B00BOJAX1W,5.0,1
B00B8BQUZE,4.0,1
B00BOJBHLM,4.0,1
B00IH19Y2Y,5.0,1
B00B8BD7M8,5.0,1
B00BOJBMLC,5.0,1
B00BOJBRNU,5.0,1
B00BOJBWNU,5.0,1
B00I5WNY94,5.0,1
B00B8AZKFQ,4.0,1
B00I5VIQSE,5.0,1
B00BOJC43M,5.0,1
B00BOJEDM2,5.0,1
B00B89YQZW,5.0,1
B00BO8F55M,5.0,1
B00I5MUIR0,5.0,1
B00I5PNUK4,5.0,1
B00I5NDZ0Q,5.0,1
B00B87ERG2,5.0,1
B00B87B9JK,5.0,1
B00IH5PYD8,4.0,1
B00I5N25SO,5.0,1
B00BOJGHQC,5.0,1
B00B86QQ0I,5.0,1
B00I5MS9A8,5.0,1
B00B87KZOU,5.0,1
B00IH8UGD8,5.0,1
B00I5L82OC,5.0,1
B00I5J0HRY,5.0,1
B00B86QLEY,4.0,1
B00I5IT8PM,5.0,1
B00I5IJH2Q,5.0,1
B00BOJGIRK,5.0,1
B00B87LRE2,5.0,1
B00BOJEP20,5.0,1
B00BOJF1G4,5.0,1
B00B8983F6,5.0,1
B00BOJF2MW,5.0,1
B00BOJFX30,5.0,1
B00BOJG7YE,4.0,1
B00BOJGCGM,5.0,1
B00B88YJUU,5.0,1
B00IH4EX90,5.0,1
B00I5QN2F6,5.0,1
B00BOJGF50,5.0,1
B00I5QHD0Q,5.0,1
B00BOJGGIG,5.0,1
B00I5Q7EKK,5.0,1
B00B87Q7U6,4.0,1
B00I5PV2IG,5.0,1
B00B87O06Y,5.0,1
B00B8D9VCG,5.0,1
B00BOJ9WK0,5.0,1
B00BOF713E,5.0,1
B00B8OABCO,4.0,1
B00B8O9UNA,5.0,1
B00B8O8ZH2,5.0,1
B00B8O1VO6,5.0,1
B00B8NNBQI,5.0,1
B00I6DUGD4,4.0,1
B00BOF79YK,4.0,1
B00I6DTLA8,5.0,1
B00B8MSYRK,5.0,1
B00IH0T8DK,4.0,1
B00BOGJ38O,4.0,1
B00B8M0JQ4,5.0,1
B00B8OZ11U,5.0,1
B00B8DKI8W,4.0,1
B00B8PAGXC,5.0,1
B00I6DVCQY,5.0,1
B00BO9HWAC,5.0,1
B00B8Q99G6,5.0,1
B00B8PMNGA,5.0,1
B00BO9UXN0,5.0,1
B00IGXDKBE,5.0,1
B00B8P82II,5.0,1
B00I6DUWVA,4.0,1
B00BOCQO1W,5.0,1
B00BOD6OJ8,5.0,1
B00BOEGKQ4,5.0,1
B00BOEGZYQ,5.0,1
B00B8LRGP2,5.0,1
B00B8LQPYA,4.0,1
B00BOGSDOO,5.0,1
B00I63RIUS,5.0,1
B00I64AMUU,5.0,1
B00BOJ8OAY,5.0,1
B00BOJ8XEQ,5.0,1
B00B8EG4AC,5.0,1
B00B8DRVRS,5.0,1
B00I63Y19Y,5.0,1
B00B8DQRS2,5.0,1
B00I6DSUSC,5.0,1
B00B8DP0I0,5.0,1
B00I5ZKBCY,5.0,1
B00BOJ9VD8,5.0,1
B00BOJ9VHE,4.0,1
B00BOJ9VPG,4.0,1
B00BOJ7EQY,5.0,1
B00IH19VIG,5.0,1
B00IH125HA,5.0,1
B00IH11E0O,5.0,1
B00B8KXY1S,5.0,1
B00B8KXD8M,5.0,1
B00I6CS5CE,4.0,1
B00B8KW6TO,5.0,1
B00BOH646C,5.0,1
B00BOHEOJ6,5.0,1
B00BOHH3AS,4.0,1
B00I65YMQE,5.0,1
B00BOJ6PGO,5.0,1
B00BOJ6XJ8,5.0,1
B00I65VJ3I,5.0,1
B00B8H2U02,5.0,1
B00B8H2RE6,4.0,1
B00B8F3ZFS,5.0,1
B00I6E6CVI,4.0,1
B00B9BRQEW,5.0,1
B00IG92VVS,4.0,1
B00B9ZQ25M,5.0,1
B00BMTJNME,5.0,1
B00BMTJTBY,5.0,1
B00BMTWEZC,5.0,1
B00B9ZSWT6,5.0,1
B00B9ZQBQW,5.0,1
B00IGFBJL0,5.0,1
B00I7VE500,4.0,1
B00BMTC3IK,5.0,1
B00BMTZFJO,5.0,1
B00B9ZPV4U,5.0,1
B00BMU1XR6,5.0,1
B00BMUAIRC,5.0,1
B00I7ULG8A,4.0,1
B00I7TI2Z6,5.0,1
B00IGCTGP4,5.0,1
B00BA1BZXY,5.0,1
B00B9VMRJQ,5.0,1
B00I80GLSO,5.0,1
B00BMQEUXY,5.0,1
B00I80LWBK,5.0,1
B00BA4XWMI,5.0,1
B00BMQPNMG,5.0,1
B00BA48N40,5.0,1
B00BA46AIQ,5.0,1
B00BA3Y6F6,5.0,1
B00BMT7H5O,5.0,1
B00BMRMYM2,5.0,1
B00BA2UG92,5.0,1
B00BMRVIOM,5.0,1
B00I80EGCW,5.0,1
B00BMSXL28,5.0,1
B00BA21W9U,5.0,1
B00BMT6FE8,5.0,1
B00B9VV0HG,5.0,1
B00B9QF2UW,5.0,1
B00B9Q41MC,5.0,1
B00B9PW6VQ,5.0,1
B00IGG90PG,5.0,1
B00BMWEC7W,5.0,1
B00BMWHGOS,5.0,1
B00B9PKUZ0,5.0,1
B00I7KWXKA,5.0,1
B00BMZ1VWI,4.0,1
B00B9OT386,5.0,1
B00B9OPPDS,5.0,1
B00BMZWTPQ,4.0,1
B00B9O1O38,5.0,1
B00I7HZLKW,5.0,1
B00I7GWRK0,5.0,1
B00B9QGN6O,5.0,1
B00B9V99WY,4.0,1
B00B9U4VXC,5.0,1
B00BMUCQZE,5.0,1
B00IGG7RHO,5.0,1
B00B9V5VJE,5.0,1
B00BMV0NRQ,4.0,1
B00B9UDZGG,5.0,1
B00BMVBOU6,5.0,1
B00BMVHMNY,5.0,1
B00I7OXEOK,5.0,1
B00BMVLUE6,5.0,1
B00BMVPTH0,5.0,1
B00BMVPZRO,5.0,1
B00BMVQ0IC,5.0,1
B00I7P1324,4.0,1
B00BMVRUN6,5.0,1
B00B9QPFHM,5.0,1
B00I80QD5K,5.0,1
B00BMQ5HAE,5.0,1
B00BA6EDBA,5.0,1
B00BAFM35E,5.0,1
B00BAGG34K,5.0,1
B00BMIT1HW,5.0,1
B00BMJCXI0,5.0,1
B00BAFRWCI,4.0,1
B00BAFOIKC,5.0,1
B00BMJDEOC,5.0,1
B00I85OPXC,4.0,1
B00BMJJNN8,5.0,1
B00BAFG53A,5.0,1
B00I8565IU,5.0,1
B00BMJJNP6,5.0,1
B00I84LI4M,5.0,1
B00BMI6BNY,5.0,1
B00BAGX6PO,5.0,1
B00BAIUF10,5.0,1
B00BMGQ10O,5.0,1
B00IG94BW0,5.0,1
B00I87KXIQ,5.0,1
B00I877BJK,5.0,1
B00BAJ482Q,5.0,1
B00BMHCJHC,5.0,1
B00BAJ2TXQ,4.0,1
B00BMHDNPE,4.0,1
B00BMHV3TC,5.0,1
B00BAH1GKA,5.0,1
B00BAIUECK,4.0,1
B00BMHV4TG,5.0,1
B00BMHWSNC,4.0,1
B00I86S686,5.0,1
B00BAII61Q,5.0,1
B00BAI22PC,5.0,1
B00BMHXEC6,5.0,1
B00BAH76ZO,4.0,1
B00I84FRE4,5.0,1
B00I84FR3K,5.0,1
B00BMLPV46,5.0,1
B00BAA2ES0,5.0,1
B00BAA2DT0,5.0,1
B00BMNZPHM,5.0,1
B00BMPWNDO,5.0,1
B00BMJT6YY,5.0,1
B00I82FH0U,5.0,1
B00BA71GAU,5.0,1
B00BA70VII,5.0,1
B00BA6XRMQ,5.0,1
B00I81NHT4,5.0,1
B00I82KHWS,5.0,1
B00IGBIBVK,5.0,1
B00IGBI4CQ,5.0,1
B00IGASBD4,4.0,1
B00I84FR3A,5.0,1
B00I83Y1WO,5.0,1
B00BAD2H4S,5.0,1
B00IGB82W8,5.0,1
B00BACFCAU,5.0,1
B00I83BRW6,5.0,1
B00BABVNPE,5.0,1
B00BABMFRY,5.0,1
B00BAB9OP0,4.0,1
B00I82Y63E,5.0,1
B00BMKKVT2,5.0,1
B00IGBHBDE,5.0,1
B00BAATMUS,5.0,1
B00BN0ODLS,4.0,1
B00B9MPL20,5.0,1
B00BN7NN76,5.0,1
B00BN7NXSA,5.0,1
B00B9H65WU,5.0,1
B00BN7PZ3G,5.0,1
B00IGIP33M,4.0,1
B00BN7W9ZI,5.0,1
B00BN9IVCQ,5.0,1
B00BN9PBM4,4.0,1
B00IGK57FY,5.0,1
B00BNAPG2S,5.0,1
B00BNAQPAK,5.0,1
B00BNAQU32,5.0,1
B00B9GIDO4,4.0,1
B00B9GIB7S,5.0,1
B00B9HVDAE,5.0,1
B00BN7NIBW,5.0,1
B00B9GHPES,5.0,1
B00BN7M3KY,4.0,1
B00BN7LSN2,5.0,1
B00B9K3YSK,5.0,1
B00BN7M06Q,4.0,1
B00B9K1RFC,5.0,1
B00BN7M106,5.0,1
B00BN7NHN6,5.0,1
B00BN7MLP6,4.0,1
B00BN7MONK,4.0,1
B00B9JBDE8,5.0,1
B00B9J3IRS,5.0,1
B00B9IZYE4,5.0,1
B00BN7MPMK,5.0,1
B00B9IS8MO,5.0,1
B00I6EEDEG,5.0,1
B00I7EPSOY,5.0,1
B00I6E8VR6,5.0,1
B00IGKM5DG,5.0,1
B00B9ECUAY,5.0,1
B00BNFYFUM,5.0,1
B00B9CNBOU,5.0,1
B00BNH06MG,5.0,1
B00I6EA86S,5.0,1
B00I6E9I4G,5.0,1
B00IGKZOJI,5.0,1
B00BNFU1QE,5.0,1
B00BNH4M2Q,5.0,1
B00I6E8HO8,5.0,1
B00I6E80UE,5.0,1
B00BNI7DF8,5.0,1
B00B9F948Y,5.0,1
B00BNB6TS2,5.0,1
B00BNBD02U,5.0,1
B00BNBFBEA,5.0,1
B00BNBO3DU,4.0,1
B00B9G3FYC,5.0,1
B00BNC0GFI,5.0,1
B00B9FTP2E,5.0,1
B00BNC8CPY,5.0,1
B00BNFMSOW,5.0,1
B00BNCR0VG,5.0,1
B00BNCVLFW,5.0,1
B00BNDA36Y,5.0,1
B00BNETYW2,5.0,1
B00BNF9G06,5.0,1
B00BNFCTYQ,5.0,1
B00BN7LOJU,5.0,1
B00B9K4S8A,5.0,1
B00BN4BCQS,4.0,1
B00BN4BJO8,5.0,1
B00I6XKULW,4.0,1
B00I6VMEZY,5.0,1
B00BN6VQ9Y,4.0,1
B00BN49OKE,5.0,1
B00B9M7XGC,5.0,1
B00B9M7AJW,5.0,1
B00B9LI8HG,4.0,1
B00B9LGNGY,5.0,1
B00BN75IBK,5.0,1
B00BN7F1VC,5.0,1
B00BN4AJ5S,5.0,1
B00B9MABTI,5.0,1
B00B9K4TRA,5.0,1
B00BN0Y8WC,5.0,1
B00B9MMGC8,5.0,1
B00B9MI4RE,4.0,1
B00B9MG43U,5.0,1
B00I7EJ2O6,4.0,1
B00BN10RF8,4.0,1
B00BN1H8H8,4.0,1
B00B9MAU0S,5.0,1
B00BN3F0GC,5.0,1
B00BN43S9C,5.0,1
B00BN44N3C,5.0,1
B00IGGXR6E,5.0,1
B00BN464AC,5.0,1
B00BN47TKG,5.0,1
B00BN7F97I,4.0,1
B00I6SXYXS,5.0,1
B00I6RS5II,5.0,1
B00B9K67DE,5.0,1
B00BN7L5OE,5.0,1
B00I6MLOTA,5.0,1
B00B9K6VTE,5.0,1
B00B9K6RAC,5.0,1
B00B9K6NRE,5.0,1
B00I6M6NDC,5.0,1
B00B9K6E6O,5.0,1
B00B9K61Z8,4.0,1
B00BN7FCCK,5.0,1
B00BN7L6C0,4.0,1
B00I6JV2P4,5.0,1
B00B9K5WKI,5.0,1
B00B9K55XC,5.0,1
B00BN7LI6Y,5.0,1
B00B9K76TI,5.0,1
B00BN7KV0I,5.0,1
B00B9K850M,4.0,1
B00B9KT6J6,5.0,1
B00BN7FCU2,5.0,1
B00I6Q1DQK,5.0,1
B00B9KL9RI,4.0,1
B00BN7IXM6,5.0,1
B00B9K9H9K,5.0,1
B00I6Q18WY,5.0,1
B00BN7KJYQ,5.0,1
B00B9K8R3C,5.0,1
B00B9K8P0M,5.0,1
B00B9K8NSQ,5.0,1
B00B9K8GL0,4.0,1
B00BN7KKYK,5.0,1
B00BJC0IQ4,5.0,1
B00BJC0ETK,5.0,1
B00BDJJHME,5.0,1
B00BDJK1VU,5.0,1
B00BG6G8TY,5.0,1
B00IAU8PH2,5.0,1
B00BDJJBGQ,5.0,1
B00BDJKGGU,5.0,1
B00BG8Q02W,5.0,1
B00BDJITYQ,4.0,1
B00ICOZFBA,5.0,1
B00BG8WQ48,5.0,1
B00BG91UWG,5.0,1
B00ICPBLTE,5.0,1
B00IAV25AO,5.0,1
B00BDJKVY2,5.0,1
B00BG9IZ56,5.0,1
B00IAVMDMO,5.0,1
B00BDJMYR4,5.0,1
B00ICOFKP6,5.0,1
B00IAYAHGU,5.0,1
B00BDJMWTO,5.0,1
B00BDJMH1M,5.0,1
B00BDJMDSE,5.0,1
B00BDJM9KQ,5.0,1
B00BDJM8ZC,5.0,1
B00BG6CQWM,5.0,1
B00BG62BMW,5.0,1
B00BG66ZPQ,5.0,1
B00BG68HBG,5.0,1
B00BG9BF3K,5.0,1
B00BG9L9TA,5.0,1
B00BDJD5ZY,4.0,1
B00BDJFC64,5.0,1
B00BDJF3T0,5.0,1
B00IARRDM8,5.0,1
B00BGAUOUE,5.0,1
B00BDJE6MU,5.0,1
B00BDJE684,5.0,1
B00BDJD630,5.0,1
B00BGBH5XC,5.0,1
B00BGAQ7ZK,5.0,1
B00BGBKJ1W,5.0,1
B00BGBRGNG,5.0,1
B00BDJBI0S,5.0,1
B00BGCETEO,5.0,1
B00IASIKSS,5.0,1
B00BDJH7I0,4.0,1
B00BG9NBLY,5.0,1
B00IASK2A2,5.0,1
B00IASJDQQ,5.0,1
B00BDJHGLI,5.0,1
B00BDJHFXC,5.0,1
B00BDJHF8M,5.0,1
B00BGAB34U,5.0,1
B00IASJCPS,5.0,1
B00BDJH3AM,5.0,1
B00BDJGVPK,5.0,1
B00BDJGOPM,5.0,1
B00BDJG8XU,5.0,1
B00BDJFTYO,5.0,1
B00BDJNLW6,5.0,1
B00BG4SRP4,5.0,1
B00IAZVQFK,5.0,1
B00BDKNHWE,5.0,1
B00BDKN5XK,5.0,1
B00BDKMQRG,5.0,1
B00BG0ZIBO,5.0,1
B00BDKLCA8,5.0,1
B00BG11FX8,5.0,1
B00BG13RKM,5.0,1
B00BDKXZBW,5.0,1
B00BDKKTVQ,5.0,1
B00BDKJG2E,5.0,1
B00BG13S6A,5.0,1
B00BDKJB24,5.0,1
B00BDKGNSO,5.0,1
B00ICIESOG,5.0,1
B00BG14ZLW,5.0,1
B00BG0S6NG,4.0,1
B00BDKZLZU,5.0,1
B00BDJOCSI,5.0,1
B00IB0FWDQ,5.0,1
B00BDLJKBA,5.0,1
B00ICGHTXK,5.0,1
B00BDL6ABS,5.0,1
B00BDL4KQK,5.0,1
B00BDL2QJI,5.0,1
B00BDL03DY,5.0,1
B00BDL1GGC,5.0,1
B00IB07UJ0,5.0,1
B00BG06G92,5.0,1
B00BG09FL8,5.0,1
B00BDL0L4A,5.0,1
B00BG0CNQ2,5.0,1
B00BG15228,4.0,1
B00IAZR98I,5.0,1
B00ICN8LBW,5.0,1
B00ICO345O,5.0,1
B00BG2EIB8,4.0,1
B00BG2VA1O,5.0,1
B00IAYN33O,5.0,1
B00BG44NP2,5.0,1
B00BDJRM8U,5.0,1
B00BG45DN8,5.0,1
B00BDJQKBU,5.0,1
B00IAZO4MM,5.0,1
B00BG4G6P2,5.0,1
B00BDJQ5V0,5.0,1
B00BDJPI2C,5.0,1
B00BDJOQM0,4.0,1
B00BDJOPEY,5.0,1
B00IAYSI5M,5.0,1
B00BDK5WE0,5.0,1
B00BDJY1OS,5.0,1
B00BG155NE,5.0,1
B00BG157GE,5.0,1
B00BDJXGCQ,5.0,1
B00BDJXD5G,4.0,1
B00BG15DFE,5.0,1
B00BG17JRE,5.0,1
B00BG18UN6,5.0,1
B00BDJV8US,5.0,1
B00IAZN1EO,4.0,1
B00BG1YA7G,5.0,1
B00BDJUD6I,5.0,1
B00IAZJEBI,5.0,1
B00BDJAI8G,5.0,1
B00BGD7PQM,5.0,1
B00BDLK410,5.0,1
B00BGFS4PQ,5.0,1
B00IAJVOKI,5.0,1
B00BGFRILM,5.0,1
B00BDIJG9E,5.0,1
B00BDIJF6S,5.0,1
B00BDIJ50E,5.0,1
B00BDII7A8,5.0,1
B00BGFRYHU,5.0,1
B00ICTZ3YE,5.0,1
B00BGFS8YS,5.0,1
B00BGFRHTU,5.0,1
B00IAHWXAK,5.0,1
B00BDII410,5.0,1
B00BDIHUP6,5.0,1
B00BDIHRYA,5.0,1
B00BDIHOMK,5.0,1
B00BDIHAT2,5.0,1
B00BGFSMCG,5.0,1
B00BDIJXXI,5.0,1
B00BGFTHSY,5.0,1
B00BDILZJI,5.0,1
B00BGFO5EA,5.0,1
B00ICSYV0M,5.0,1
B00BDINSV6,5.0,1
B00BDIMEHU,4.0,1
B00BDIM0GK,5.0,1
B00IAJZZO4,5.0,1
B00BDILNV8,5.0,1
B00BGFPQ1G,5.0,1
B00BGFQ5YI,4.0,1
B00BGFQLO2,5.0,1
B00IAJWIYE,5.0,1
B00BDIL5PW,5.0,1
B00BGFSXG6,5.0,1
B00IAH37U0,5.0,1
B00BDJ9GCK,5.0,1
B00BGI8E6W,5.0,1
B00BGHBO6A,5.0,1
B00ICUJB8W,5.0,1
B00BGHDEFE,5.0,1
B00ICUKHB2,5.0,1
B00BGI3HDW,4.0,1
B00BGI4KN8,5.0,1
B00ICULJ5K,5.0,1
B00BDH4NWU,4.0,1
B00BDH3LKA,5.0,1
B00BGGTDIC,4.0,1
B00IABZESO,5.0,1
B00BGJ7NGI,5.0,1
B00BDH2AAM,5.0,1
B00BDH25VQ,5.0,1
B00BDH207K,5.0,1
B00BDH1R56,4.0,1
B00IACWU8K,5.0,1
B00IAGZCGI,5.0,1
B00IAGYAVQ,5.0,1
B00IAG8U9E,5.0,1
B00IAG75PY,5.0,1
B00BDH7WCI,5.0,1
B00ICU2UZS,5.0,1
B00IAFNSWE,4.0,1
B00BGFUDWS,4.0,1
B00BGFZ6Q6,4.0,1
B00ICUJ8S0,5.0,1
B00BGG38KQ,5.0,1
B00BDH6PDK,5.0,1
B00ICSXEC8,5.0,1
B00BDIPSIC,5.0,1
B00BDJ4NOG,5.0,1
B00BGFIWAS,5.0,1
B00BDJ608I,5.0,1
B00BGFJD8S,5.0,1
B00BDJ5516,5.0,1
B00BDJ4XNC,5.0,1
B00BGFISPW,5.0,1
B00BGFJI2E,5.0,1
B00BDJ42MY,5.0,1
B00BDJ3NI8,5.0,1
B00BGFJMBQ,5.0,1
B00BGFKC1U,5.0,1
B00BGFKCKG,5.0,1
B00BDJ6S76,5.0,1
B00IAK8SKG,5.0,1
B00BGESUCY,5.0,1
B00BGDPLRM,5.0,1
B00BGDSI0E,5.0,1
B00BGEIRY0,4.0,1
B00BDJ7WUI,5.0,1
B00BGEQOS6,5.0,1
B00BGERICM,4.0,1
B00BDJ7KDC,4.0,1
B00BGESYCA,5.0,1
B00ICS7WGM,5.0,1
B00ICRFAYE,4.0,1
B00BDJ7JJW,4.0,1
B00BGEUF3G,5.0,1
B00BGFEC2A,5.0,1
B00BGFF4FO,5.0,1
B00BGFG9NA,5.0,1
B00BDJ7G2W,5.0,1
B00BGFIITI,5.0,1
B00BDJ3G76,5.0,1
B00BGFKITQ,5.0,1
B00BDIXIDE,5.0,1
B00BGFKZC6,5.0,1
B00BGFL0JI,5.0,1
B00BDJ0BTW,4.0,1
B00BGFLCV4,5.0,1
B00BDIYCQQ,4.0,1
B00BDIXU8M,5.0,1
B00BGFM1U0,5.0,1
B00BGFM49I,4.0,1
B00ICSWLMM,5.0,1
B00BDJ37PM,5.0,1
B00BGFMP8S,5.0,1
B00BDIT428,4.0,1
B00BGFNIIE,5.0,1
B00BDIRB1O,5.0,1
B00BDJ0UV6,5.0,1
B00ICSTK7Q,4.0,1
B00BGFKY1S,4.0,1
B00ICSLR6I,5.0,1
B00BGFKJCC,5.0,1
B00BDJ2P50,4.0,1
B00BGFKPW6,5.0,1
B00BDJ2EVK,5.0,1
B00BGFKT9K,5.0,1
B00BDJ2DV6,4.0,1
B00BDJ2D1Q,5.0,1
B00BGFKTTU,5.0,1
B00BDJ1AJ2,5.0,1
B00BDJ17GI,5.0,1
B00BDLK2C6,5.0,1
B00BDLKD2K,5.0,1
B00BGK9GN0,5.0,1
B00IC44W5A,5.0,1
B00BF0G9V8,4.0,1
B00BF0GBUW,5.0,1
B00IC4119U,5.0,1
B00BF0MKMK,5.0,1
B00BF0SPUQ,4.0,1
B00BF158HI,5.0,1
B00BF1DATG,5.0,1
B00BF2CH62,5.0,1
B00BF018TG,5.0,1
B00BF2SIM4,5.0,1
B00BF2ZPWA,5.0,1
B00BF3FVDM,5.0,1
B00BF3UIYO,5.0,1
B00BDXH1M8,5.0,1
B00BF4DUES,4.0,1
B00BF04FJ6,5.0,1
B00BF5445G,4.0,1
B00BE211Q0,5.0,1
B00BEXKSF4,5.0,1
B00BEYLKTQ,5.0,1
B00BEYLM6M,5.0,1
B00BEYLNR0,5.0,1
B00BEZ15EK,5.0,1
B00BEZ1AB8,5.0,1
B00IBNW484,5.0,1
B00BEZCX14,5.0,1
B00IBN5CRY,5.0,1
B00BEZMYH2,5.0,1
B00BEZU730,5.0,1
B00BF5DENO,5.0,1
B00BDUWR70,5.0,1
B00BF83VSE,5.0,1
B00IBL4WL8,5.0,1
B00BF976SO,5.0,1
B00BF9IZM0,5.0,1
B00BF9JRT0,5.0,1
B00BF9KZUK,5.0,1
B00BF9M9ZY,5.0,1
B00IC8RYHE,5.0,1
B00BFAFSG0,5.0,1
B00BF7PYQC,5.0,1
B00BFAO4LK,5.0,1
B00BFB7YC0,5.0,1
B00BDTU7DM,5.0,1
B00BDTJOB8,4.0,1
B00BFCN4U0,5.0,1
B00BF7RZ32,5.0,1
B00BF5Y5PK,4.0,1
B00BF64YDW,5.0,1
B00BDWLEQI,5.0,1
B00BF5YXSO,4.0,1
B00BF5ZVN0,5.0,1
B00IBMWLH4,5.0,1
B00IC6QUGC,5.0,1
B00IC74TKK,5.0,1
B00BDWELH2,5.0,1
B00BF65IUA,5.0,1
B00BDW0IGA,5.0,1
B00BF683UC,5.0,1
B00BF684W4,5.0,1
B00BF6DNOS,5.0,1
B00BDW5E3M,4.0,1
B00BF6HHMW,5.0,1
B00BF6X9A6,5.0,1
B00IC88BVM,5.0,1
B00BE2UAY4,5.0,1
B00BE34SQ4,5.0,1
B00BEJRCV6,5.0,1
B00BEBPHAW,5.0,1
B00BEB5UWM,5.0,1
B00BEJ2I1K,4.0,1
B00BEB57X4,5.0,1
B00BEJHVIU,4.0,1
B00BEJIF6C,5.0,1
B00BEJRGL2,4.0,1
B00BEIX482,5.0,1
B00BEAUWFS,4.0,1
B00BE7OYTG,5.0,1
B00BE7988I,5.0,1
B00BEKZ1FE,5.0,1
B00BEIXBJ4,5.0,1
B00IBV4IPS,5.0,1
B00BEXEEN6,5.0,1
B00BEGQNQE,5.0,1
B00BEESDDM,5.0,1
B00BEFQ0FE,5.0,1
B00BEECPOA,5.0,1
B00BEG0CX4,5.0,1
B00BEG82CC,5.0,1
B00BEIV54W,5.0,1
B00BEDVSIU,5.0,1
B00BEHLYS0,4.0,1
B00BEDCFB4,5.0,1
B00BEI4EHW,4.0,1
B00BEI8F18,5.0,1
B00BEIL3BM,4.0,1
B00BEL4VTU,5.0,1
B00BEM5H56,5.0,1
B00BEU0DCA,5.0,1
B00BETYR0U,5.0,1
B00BE57BMU,5.0,1
B00BE56H1G,5.0,1
B00BETYR9Q,5.0,1
B00BE52W56,5.0,1
B00BE4G90G,4.0,1
B00BETYY62,4.0,1
B00BETZ1DC,4.0,1
B00BE3P3RC,5.0,1
B00IBR6I4Q,5.0,1
B00IBPI5O4,4.0,1
B00BE3N5XQ,5.0,1
B00BEU5XSO,5.0,1
B00BEUE50G,5.0,1
B00BEW6B38,5.0,1
B00BEWOYQ4,5.0,1
B00IBNXYVU,5.0,1
B00BETYQHY,4.0,1
B00BE57VH0,5.0,1
B00BE58AO8,5.0,1
B00BETYPX4,5.0,1
B00BE5DCFK,5.0,1
B00BEQRQPQ,5.0,1
B00BERBI4U,5.0,1
B00BEREM70,5.0,1
B00BE5C3XC,4.0,1
B00BERFPYY,5.0,1
B00BE5BD60,4.0,1
B00BERG4BW,5.0,1
B00BE593M6,5.0,1
B00BE58R7S,5.0,1
B00BERST56,4.0,1
B00BET52Q8,5.0,1
B00BETS1R0,5.0,1
B00BDTGXGW,5.0,1
B00BFZFCJ8,5.0,1
B00BFVTOIC,5.0,1
B00BDNQHG4,5.0,1
B00BDNK5MQ,5.0,1
B00BFVG52U,5.0,1
B00BDNIBV8,5.0,1
B00BFVH8YO,5.0,1
B00IB32U4C,4.0,1
B00BDNEYNC,5.0,1
B00BFVSYH4,5.0,1
B00BFVUWWE,5.0,1
B00BDOIJ00,5.0,1
B00BFW9FM6,5.0,1
B00BFW9JOA,4.0,1
B00BFWADH2,4.0,1
B00BDM6HOC,5.0,1
B00BDLVR7U,5.0,1
B00BDLVC0M,5.0,1
B00BFWEAM6,5.0,1
B00IB68H64,5.0,1
B00BFUUJMI,5.0,1
B00IB20JUK,5.0,1
B00BDR3BW8,5.0,1
B00ICDLVAU,5.0,1
B00BDT7VPE,4.0,1
B00BFS078G,5.0,1
B00BDSHECK,5.0,1
B00BDRKGY4,5.0,1
B00BFUIOX4,5.0,1
B00BDQNO9E,5.0,1
B00IB85J7M,5.0,1
B00BFTHQH0,5.0,1
B00IB6ROPO,5.0,1
B00ICDOG20,5.0,1
B00BDOQWVS,5.0,1
B00IB6Q23Y,5.0,1
B00BFWHFVY,4.0,1
B00BFWN9YG,5.0,1
B00BDTGQMI,4.0,1
B00BDLL4WI,5.0,1
B00BFXV85C,5.0,1
B00BFY252Q,5.0,1
B00ICFJNOY,5.0,1
B00BFYHJ5O,5.0,1
B00ICG64S6,5.0,1
B00BFYI2DW,5.0,1
B00BDLLJE6,4.0,1
B00IB12NU0,4.0,1
B00BDLLTKK,5.0,1
B00IB0WHRK,5.0,1
B00IB0U7UO,5.0,1
B00BFYLG1W,5.0,1
B00BDLKNIO,5.0,1
B00BDLKMW6,5.0,1
B00BFYM3WI,5.0,1
B00BFZ0KVI,5.0,1
B00BFZBF58,5.0,1
B00BFXMB8K,5.0,1
B00BDLM3NC,5.0,1
B00BDLQKWM,5.0,1
B00BFWQUZQ,5.0,1
B00BDLTNLM,5.0,1
B00BDLT4KM,5.0,1
B00BDLR0CQ,5.0,1
B00BDLQTUK,5.0,1
B00IB1XSSG,5.0,1
B00BDLOT8Y,5.0,1
B00BFXM0BI,4.0,1
B00BDLOT8O,5.0,1
B00BFXGO3S,5.0,1
B00BFXGPPA,5.0,1
B00BFXGQHM,5.0,1
B00BDLN8LS,5.0,1
B00BFXGW4E,5.0,1
B00BFP2QGU,5.0,1
B00BFEXCUK,5.0,1
B00BDTFCQY,5.0,1
B00BFEZWS0,5.0,1
B00BFF3PE2,5.0,1
B00BFFUK4U,5.0,1
B00BDTF7LY,5.0,1
B00IC9JBR4,5.0,1
B00BDTFJV2,5.0,1
B00IC9KSJY,5.0,1
B00BDTEZQC,5.0,1
B00BDTEXAA,5.0,1
B00BFGJT1E,4.0,1
B00IC9LC9O,5.0,1
B00BFGNG90,5.0,1
B00BDTFGVA,5.0,1
B00BFEVOMI,5.0,1
B00IBJDR3O,5.0,1
B00BFD9GVU,5.0,1
B00BDTGN08,5.0,1
B00BFDH4ZA,5.0,1
B00BFDHWFM,5.0,1
B00BFDMG80,5.0,1
B00BDTGEN4,5.0,1
B00BFDUMWW,5.0,1
B00IC91K8M,5.0,1
B00BDTFV8S,5.0,1
B00BDTFT30,5.0,1
B00BDTFNSG,5.0,1
B00BFEVF6I,5.0,1
B00BDTFN90,5.0,1
B00IBDD9AG,4.0,1
B00IBG5K4Q,5.0,1
B00IBFC874,5.0,1
B00BDTDTGE,5.0,1
B00IBDDAQ4,5.0,1
B00ICB76MO,5.0,1
B00IBDDALY,4.0,1
B00BDTDQOY,5.0,1
B00IBH0HZC,4.0,1
B00BDTDQ58,5.0,1
B00BDTDLSA,5.0,1
B00ICCM7DQ,5.0,1
B00BDTDJEQ,5.0,1
B00BDTDDRY,5.0,1
B00BFOV3EM,5.0,1
B00BFJGHM0,4.0,1
B00BFJCTQ8,5.0,1
B00BDTE1IO,5.0,1
B00BFH11WI,5.0,1
B00BFHDFU4,5.0,1
B00BFHEU6C,5.0,1
B00BFHF4IK,5.0,1
B00BDTEL4I,4.0,1
B00ICADI18,5.0,1
B00BFI0X44,5.0,1
B00BDTEJQS,5.0,1
B00ICAGEXW,5.0,1
B00BDTEERC,5.0,1
B00BDTE4HM,4.0,1
B00BFIWO7I,5.0,1
B00BFJ3SPE,5.0,1
B00BFJ9GVY,4.0,1
B00BGK8QPO,5.0,1
B00BDH0RLG,5.0,1
B00BBUHANI,5.0,1
B00BCMZQ4U,5.0,1
B00BIG9WBS,4.0,1
B00BCN8JX4,5.0,1
B00BIGAOHO,5.0,1
B00BCN7C4Q,5.0,1
B00BCN5YHI,4.0,1
B00BCN5P0E,5.0,1
B00BCN4TS8,5.0,1
B00IDAGTRC,5.0,1
B00BIG4T52,4.0,1
B00BIGB3RO,5.0,1
B00BIGB478,5.0,1
B00BCMDKVG,5.0,1
B00BIH6XOG,5.0,1
B00BIIPLSE,5.0,1
B00BIIPNG4,5.0,1
B00BCN91OK,5.0,1
B00BIFYT1C,4.0,1
B00BCLS11Q,5.0,1
B00BCNB922,5.0,1
B00IA6Z7DG,5.0,1
B00BCNG4HC,5.0,1
B00BIBY7UO,5.0,1
B00BID89DI,5.0,1
B00BCNCVGA,5.0,1
B00IA6Z67I,4.0,1
B00BIEP3Y0,4.0,1
B00IA6WLCQ,5.0,1
B00BCNB37I,5.0,1
B00IA6YGA6,5.0,1
B00BIFQRFS,5.0,1
B00BCNA202,5.0,1
B00BCNA19Y,5.0,1
B00IA6WCKM,5.0,1
B00IA6VTMY,5.0,1
B00BCFNP6I,5.0,1
B00BINF18O,5.0,1
B00BCHXHSC,5.0,1
B00IA4Q02A,5.0,1
B00BIO8VU8,4.0,1
B00BIOBN2G,5.0,1
B00IA4CA3I,5.0,1
B00IA64480,5.0,1
B00BIP6QFE,5.0,1
B00BCEJ65I,4.0,1
B00BCEGKI4,5.0,1
B00BIP6UD2,5.0,1
B00BCCIFPM,5.0,1
B00BINCRRW,5.0,1
B00BCLPMBI,5.0,1
B00BIK8GR0,5.0,1
B00BCLDMMY,5.0,1
B00BCL0HLI,4.0,1
B00IA6J2ZK,5.0,1
B00BIK0T4S,5.0,1
B00IDAH0MK,5.0,1
B00BCKHUFU,5.0,1
B00BCID7U4,5.0,1
B00BCK7TZG,5.0,1
B00BIKFFNI,4.0,1
B00BIMZXE2,5.0,1
B00BCIUBVC,5.0,1
B00BCIF4EQ,5.0,1
B00BCNG9YA,5.0,1
B00IA6Z9Q6,5.0,1
B00BI4WD34,5.0,1
B00BI48QC6,4.0,1
B00BCO6XFE,5.0,1
B00BI4IPOK,5.0,1
B00IA8G23I,5.0,1
B00BI4M4L0,5.0,1
B00ID8H88S,5.0,1
B00BI4SANG,4.0,1
B00BI4WIJS,5.0,1
B00BI45S1S,5.0,1
B00BCO3A0U,5.0,1
B00BI53MY2,5.0,1
B00BCO338E,5.0,1
B00IA82BXI,4.0,1
B00BCO2MWC,5.0,1
B00BCO2DW6,5.0,1
B00ID8H86K,5.0,1
B00BCOKP08,5.0,1
B00BI166SU,5.0,1
B00BI1712A,5.0,1
B00BCOL0T8,5.0,1
B00BI17G2U,5.0,1
B00BI1CGPC,5.0,1
B00BI2HNOA,5.0,1
B00BI2JQJ0,5.0,1
B00ID8H1N0,5.0,1
B00BI42SNY,5.0,1
B00IA8XGN2,4.0,1
B00IA8NUQK,5.0,1
B00BI337M6,4.0,1
B00BCOIH30,4.0,1
B00BCO1ZAM,5.0,1
B00BCO1RU0,4.0,1
B00BCNR4PI,5.0,1
B00IA77RJW,5.0,1
B00IA7714S,5.0,1
B00BCNQ7Y2,5.0,1
B00IA767RA,5.0,1
B00BCNPGOE,5.0,1
B00BI5PUUG,4.0,1
B00IA700WS,4.0,1
B00BIBB86A,5.0,1
B00BCNKRXE,5.0,1
B00BIBEKNS,5.0,1
B00BCNKANQ,5.0,1
B00IA6ZYX4,5.0,1
B00BCNREIA,5.0,1
B00BCNRRYQ,5.0,1
B00BCNRT7G,5.0,1
B00BCNXDBC,4.0,1
B00BI5R40K,5.0,1
B00BI6UZIC,5.0,1
B00BI718GE,5.0,1
B00BI7XCZO,5.0,1
B00BI8EM70,4.0,1
B00IA7BEKA,4.0,1
B00BCNT45G,5.0,1
B00ID9W43G,5.0,1
B00IA7B41Y,5.0,1
B00BI8OGJE,5.0,1
B00IDA54IM,5.0,1
B00BCNSI3K,4.0,1
B00BCCIARA,5.0,1
B00BCOUD9G,5.0,1
B00BJ6WFES,4.0,1
B00BC3504K,5.0,1
B00BJ750SU,5.0,1
B00I9LZ426,5.0,1
B00BC2YVAA,5.0,1
B00IDU1FNU,5.0,1
B00IDV7OZW,4.0,1
B00BJ7EN7O,5.0,1
B00BJ7H0YW,5.0,1
B00BC2HXBE,4.0,1
B00BJ7MSAI,5.0,1
B00BC2BRAM,5.0,1
B00BJ7T4WI,5.0,1
B00BC1SO9K,5.0,1
B00BC38VJQ,5.0,1
B00IDSYY9E,5.0,1
B00BJ8257I,4.0,1
B00IDOOS8K,4.0,1
B00I9SZZAA,5.0,1
B00BC3HMI2,5.0,1
B00I9S3G3S,5.0,1
B00BJ5G94G,4.0,1
B00I9OIBRS,5.0,1
B00IDOOK7Y,5.0,1
B00BJ6RIIG,5.0,1
B00I9NNZK2,5.0,1
B00BC3AA18,5.0,1
B00BJ5ZWWG,5.0,1
B00BJ61SLE,5.0,1
B00IDRK566,4.0,1
B00I9NAFRI,4.0,1
B00BC1E26E,4.0,1
B00IA32LK6,4.0,1
B00BJAYXDK,5.0,1
B00BJ9HLBW,5.0,1
B00BJ9I1AM,5.0,1
B00IDVTRZM,5.0,1
B00BJ9W1GW,5.0,1
B00I9L5JJO,5.0,1
B00BJA28BY,5.0,1
B00BBXJ8Q2,5.0,1
B00BBXDDX6,5.0,1
B00I9KYU9A,5.0,1
B00IDYEN0S,4.0,1
B00I9KNS8E,5.0,1
B00BBW3TN6,4.0,1
B00BBUMWFE,5.0,1
B00BBXLIUG,4.0,1
B00BBXORIQ,5.0,1
B00BJ8G1YG,5.0,1
B00BJ8TIWS,5.0,1
B00IDVAG16,5.0,1
B00BC03L44,5.0,1
B00BJ8IK9A,5.0,1
B00BJ8KWZA,5.0,1
B00BJ8M91A,5.0,1
B00BJ8RRFI,4.0,1
B00BJ8UVXS,5.0,1
B00BJ9FMHM,4.0,1
B00BJ921MG,5.0,1
B00BJ92JBY,4.0,1
B00BBYZ1M6,5.0,1
B00BJ93PSU,5.0,1
B00BJ96ALE,4.0,1
B00BJ97J4G,5.0,1
B00BJ9DRXS,5.0,1
B00I9TTE8S,5.0,1
B00BC3TXY8,4.0,1
B00IA1GST8,5.0,1
B00BC8YKZU,5.0,1
B00BISJ5OA,5.0,1
B00BISK2LA,4.0,1
B00BC7Y0PQ,5.0,1
B00BC79VVE,5.0,1
B00BISZDO6,4.0,1
B00BC69GWE,4.0,1
B00BC5PV2E,5.0,1
B00BITT2MY,5.0,1
B00BITTR3I,5.0,1
B00BIUXVUM,5.0,1
B00IDHZEA8,5.0,1
B00BIWD3F8,5.0,1
B00IDHBXGM,5.0,1
B00BISHXH6,5.0,1
B00BIPXI28,5.0,1
B00IDDCQ0I,5.0,1
B00IDDL546,5.0,1
B00BCBCX8S,5.0,1
B00BIPD5OO,5.0,1
B00IDEU7U8,5.0,1
B00BIPJQO2,4.0,1
B00BIPWGTE,4.0,1
B00BIPXI1O,5.0,1
B00BCAK26E,5.0,1
B00BISH6N2,5.0,1
B00BCADAC2,5.0,1
B00BIQM2LU,5.0,1
B00BIQSN04,5.0,1
B00BIQYGXM,5.0,1
B00BIQZYJC,5.0,1
B00BIR20RA,5.0,1
B00BIS7YRU,5.0,1
B00BIXZ47M,5.0,1
B00BJ3VZOM,5.0,1
B00BJ0S9AS,5.0,1
B00BJ288TS,5.0,1
B00BJ28NC0,5.0,1
B00BC49XGK,5.0,1
B00BJ2J8I8,5.0,1
B00IDK8268,5.0,1
B00BJ40ERK,5.0,1
B00BJ4X18O,5.0,1
B00BJ4YTXU,4.0,1
B00I9VY378,5.0,1
B00I9VVGMS,5.0,1
B00I9VUOQ2,5.0,1
B00I9XJ62I,4.0,1
B00BC4SJ38,5.0,1
B00BC4V782,5.0,1
B00IA17GBM,5.0,1
B00I9YYY3S,5.0,1
B00BIYR4PG,5.0,1
B00BIZNKBC,5.0,1
B00BC5FGFG,5.0,1
B00BIZS0BC,5.0,1
B00BJ0E2AE,5.0,1
B00BJ0EECU,5.0,1
B00BC5C7ZI,5.0,1
B00BC5AQWY,5.0,1
B00BJ0EF7O,4.0,1
B00BJ0JA1A,5.0,1
B00BJ0L8RO,4.0,1
B00BJ0P0AK,5.0,1
B00BJ0P1B8,5.0,1
B00IAA07SW,5.0,1
B00BCOVDWW,5.0,1
B00IAABJN4,5.0,1
B00BGVMVM2,5.0,1
B00BGVN0EA,5.0,1
B00BGVN3O2,5.0,1
B00BD5RVRQ,4.0,1
B00BD5L6EA,5.0,1
B00BD5CCVQ,5.0,1
B00BD5BGNG,5.0,1
B00BD4CT4W,5.0,1
B00IAABPRY,4.0,1
B00BD4COLU,4.0,1
B00BGVRX5C,4.0,1
B00BGVZCEG,5.0,1
B00BGW0TVQ,5.0,1
B00BGW37OW,5.0,1
B00BD4A67E,5.0,1
B00IAABIGM,5.0,1
B00BD634XK,5.0,1
B00BD46LFU,5.0,1
B00BD77KKW,5.0,1
B00ICYP9GG,5.0,1
B00BD8MU4C,5.0,1
B00BGV89IM,5.0,1
B00ICZ3HBO,5.0,1
B00BD7NF9W,5.0,1
B00BGVJ3LY,5.0,1
B00BD6VAMM,5.0,1
B00IAAD0SG,5.0,1
B00BD6NKZM,5.0,1
B00IAAC7YY,5.0,1
B00IAAC4LA,4.0,1
B00IAAC316,5.0,1
B00BD45QN8,5.0,1
B00BD3R9JI,5.0,1
B00BH18OK4,5.0,1
B00BH0XPKY,4.0,1
B00ID0BWWO,5.0,1
B00BD3SVLI,5.0,1
B00BD3SPI2,5.0,1
B00BH0YVO8,5.0,1
B00BH126EO,4.0,1
B00BH150SS,5.0,1
B00BH166FE,5.0,1
B00BH193E0,5.0,1
B00BH0DELO,5.0,1
B00BH19Q7O,5.0,1
B00BD3RJZW,5.0,1
B00BH1MLKI,5.0,1
B00IAABHJA,5.0,1
B00BH2J2BS,5.0,1
B00IAAB3XK,5.0,1
B00BH3ACG6,5.0,1
B00BH0Q0RY,4.0,1
B00BH0A8RC,4.0,1
B00BGWFVX2,5.0,1
B00BD44UD0,5.0,1
B00BGWGRUS,5.0,1
B00ICZLAGS,5.0,1
B00BGX9I4O,4.0,1
B00ICZO2W2,5.0,1
B00BD458A4,5.0,1
B00BGXVJAK,5.0,1
B00ICZPPLE,4.0,1
B00BD44PNK,5.0,1
B00BGXZGOU,5.0,1
B00BD42R76,5.0,1
B00BD42QHC,5.0,1
B00BD42PQE,5.0,1
B00BGZSLAO,5.0,1
B00BGZUUTE,5.0,1
B00ICYP7H2,5.0,1
B00BD8THAW,4.0,1
B00BDGWDS2,5.0,1
B00BDGZNVG,5.0,1
B00BDGZJJC,4.0,1
B00BDGZ76C,4.0,1
B00BDGYZP6,5.0,1
B00BDGYXAI,5.0,1
B00BGO644A,5.0,1
B00BDGY9X4,5.0,1
B00BDGXZ1G,5.0,1
B00IAASQOY,5.0,1
B00IAANN10,5.0,1
B00BDGV5WC,5.0,1
B00BGP5P1W,4.0,1
B00BGP7IRQ,5.0,1
B00BGPE3AG,5.0,1
B00BDGUL40,4.0,1
B00BGPK2SI,5.0,1
B00BGNZ8QG,5.0,1
B00BGNZ0L4,4.0,1
B00BDGZYTM,5.0,1
B00ICWRLOG,5.0,1
B00BGKMATC,5.0,1
B00IABDH2E,5.0,1
B00BDGZX66,5.0,1
B00BDGZSBQ,5.0,1
B00BGL49HC,5.0,1
B00BGL8YWS,5.0,1
B00IAASWNE,5.0,1
B00BGL9MGA,5.0,1
B00BGLB7B8,5.0,1
B00BGM96J2,5.0,1
B00BDGU352,4.0,1
B00IAAHKDW,5.0,1
B00BGTY2UI,5.0,1
B00BGT4QFY,5.0,1
B00IAAF7SC,5.0,1
B00BGTBKN0,5.0,1
B00BDAAYNO,4.0,1
B00BDA2QTY,4.0,1
B00BDA1UPA,5.0,1
B00BGTKHAW,5.0,1
B00BDA0S1M,4.0,1
B00IAAECE2,5.0,1
B00BGPLGZQ,5.0,1
B00BD9FZ7U,5.0,1
B00BGTZ1DU,5.0,1
B00ICYB0NW,5.0,1
B00BGUCRHC,5.0,1
B00BD90Y6M,5.0,1
B00IAAE19I,5.0,1
B00IAADX6U,5.0,1
B00BGUVEZ8,5.0,1
B00BDBXKPW,4.0,1
B00BGSSUES,5.0,1
B00BGSLESC,5.0,1
B00BGPLWQY,5.0,1
B00BDGM6V6,5.0,1
B00IAAGH5O,5.0,1
B00BGQ4RWY,5.0,1
B00BGQA90I,5.0,1
B00IAAFP5M,5.0,1
B00BGRBD8O,5.0,1
B00BGRGBWC,4.0,1
B00BGRYA98,5.0,1
B00BGSI9YE,4.0,1
B00BGSIOCQ,5.0,1
B00BDEP1DS,5.0,1
B00BDE4NR8,5.0,1
B00BH3CHHS,5.0,1
B00BD3R8SA,5.0,1
B00IAA0JJE,4.0,1
B00BCTN83Y,5.0,1
B00BHO861S,4.0,1
B00BCUJJDG,4.0,1
B00BCUJHZQ,5.0,1
B00IAA24ZQ,5.0,1
B00BCTTYE6,5.0,1
B00BCTBWKU,5.0,1
B00BCT9VVC,5.0,1
B00BCSIZ7Y,5.0,1
B00BHP6Y7K,5.0,1
B00BCSIYNY,4.0,1
B00IAA1KKG,5.0,1
B00BHQFB1Y,5.0,1
B00ID1ZUI0,5.0,1
B00BHN7KNY,5.0,1
B00IAA2924,5.0,1
B00BHLIOJK,5.0,1
B00ID1LP98,4.0,1
B00IAA3Q0S,5.0,1
B00BHM6IMO,5.0,1
B00BHMAM26,5.0,1
B00ID1P4ZY,5.0,1
B00BHMAOAQ,4.0,1
B00BHMBRCA,4.0,1
B00IAA30C2,5.0,1
B00BHMCTGS,4.0,1
B00IAA3PGI,4.0,1
B00BHME3PS,4.0,1
B00BCVD6L6,4.0,1
B00ID1PSIM,5.0,1
B00BHMH0MQ,5.0,1
B00IAA1B00,5.0,1
B00BCR5MU8,5.0,1
B00BH3XSFI,4.0,1
B00BHVELQK,5.0,1
B00IAA0RWS,5.0,1
B00BHULEX4,5.0,1
B00BCPA7A0,5.0,1
B00BCP9HRE,5.0,1
B00BHVC0DQ,5.0,1
B00BHZ5XQS,5.0,1
B00BCPC77G,5.0,1
B00BHZQR2W,5.0,1
B00BI00JG6,4.0,1
B00IAA0JNU,4.0,1
B00BI0LWMQ,4.0,1
B00BI0NJEK,5.0,1
B00BCPBEPC,5.0,1
B00IAA0UI4,5.0,1
B00IAA0Y58,5.0,1
B00BCQ2P0Y,4.0,1
B00BHRO9A2,5.0,1
B00IAA0Y1C,5.0,1
B00BHU2CL2,5.0,1
B00ID2P8I6,5.0,1
B00BHU8VJY,5.0,1
B00IAA0VXI,5.0,1
B00BCPZ4O4,5.0,1
B00BCPP534,5.0,1
B00BCPYBO8,5.0,1
B00BCPXHIE,5.0,1
B00IAA0UXE,5.0,1
B00ID579WQ,5.0,1
B00ID5EDXY,5.0,1
B00BHUKVP6,4.0,1
B00BHUKWIM,5.0,1
B00IAA3TLO,5.0,1
B00BHL67IU,4.0,1
B00BD3OPV8,5.0,1
B00IAA9UZ8,5.0,1
B00BD3OM3E,4.0,1
B00BD3O9IW,4.0,1
B00BD3O306,4.0,1
B00BD3NJE2,5.0,1
B00BH93YM4,5.0,1
B00IAAAWD2,5.0,1
B00BH97SN0,5.0,1
B00BD3MLX2,5.0,1
B00BH9DIMU,5.0,1
B00BD3MBFU,5.0,1
B00BHA1AGK,5.0,1
B00IAA8WO8,5.0,1
B00IAA8O1E,4.0,1
B00BH6E37W,5.0,1
B00BHL5SAI,5.0,1
B00IAAAZAM,5.0,1
B00BH4GS5Y,5.0,1
B00BH4JEUU,5.0,1
B00BH4JS56,5.0,1
B00BD3Q32C,5.0,1
B00BH4KO0O,5.0,1
B00BH4KRKG,5.0,1
B00BH4M3A8,5.0,1
B00BH4XKUA,5.0,1
B00BD3PHQ0,5.0,1
B00BH4MTN4,5.0,1
B00BD3PBKC,5.0,1
B00BD3P9JK,5.0,1
B00ID1E432,5.0,1
B00BD3P4XG,5.0,1
B00BH4P9MW,5.0,1
B00BD2VK44,4.0,1
B00BHBY8RM,5.0,1
B00BD2IOR0,5.0,1
B00BHISZ4W,5.0,1
B00BD0KV32,5.0,1
B00IAA53TK,5.0,1
B00BHIRZOS,5.0,1
B00BHIS5VK,5.0,1
B00IAA4N4Q,5.0,1
B00ID1GWL4,5.0,1
B00ID1I2Z8,5.0,1
B00BCYX8LG,5.0,1
B00BHITK14,5.0,1
B00IAA4G5M,4.0,1
B00BHIV2KQ,5.0,1
B00BHJEKYA,5.0,1
B00BHKD0U4,4.0,1
B00IAA41AM,5.0,1
B00BD0MPWW,5.0,1
B00BD0WUZE,4.0,1
B00BD0YOQW,5.0,1
B00BD1YIBM,4.0,1
B00BD1T8SA,4.0,1
B00BHEMCT0,5.0,1
B00BD1RQRU,5.0,1
B00BD1E524,5.0,1
B00BHGY3A4,5.0,1
B00BD1AL04,5.0,1
B00IAA7BH2,5.0,1
B00BHHJ7AO,5.0,1
B00IAA6PVU,5.0,1
B00BHHKZ6E,5.0,1
B00BHHL84M,4.0,1
B00BHHNQ0G,5.0,1
B00IAA631M,5.0,1
B00B86KIAC,5.0,1
B00B86K5WS,5.0,1
B00HZTQV1G,5.0,1
B00IJVHFWS,5.0,1
B00B29P7JM,5.0,1
B00I17D11E,4.0,1
B00BUCSYO6,5.0,1
B00B29IOO2,5.0,1
B00BUCXGBW,5.0,1
B00BUD1TVK,5.0,1
B00B29DZ0A,5.0,1
B00BUD5PM4,5.0,1
B00IJVOFL2,4.0,1
B00BUBZYXQ,5.0,1
B00BUD7T78,5.0,1
B00IJVOJEK,5.0,1
B00IJWL8AW,4.0,1
B00B2944VY,5.0,1
B00BUF490Q,5.0,1
B00BUF4M8K,4.0,1
B00BUF5ABI,4.0,1
B00IJWQ1ZO,5.0,1
B00B29PB52,5.0,1
B00BUBQ9LW,5.0,1
B00B2AQGWS,5.0,1
B00BU9AGEK,5.0,1
B00BU9GQ94,5.0,1
B00IJVAK3O,4.0,1
B00BU9R3G4,5.0,1
B00B29QNEA,5.0,1
B00BUA5BIU,5.0,1
B00B29VRY6,5.0,1
B00I17EJFG,5.0,1
B00IJVEBVG,5.0,1
B00B27ZNVG,5.0,1
B00B22RD1O,5.0,1
B00BUI0FHY,5.0,1
B00BUHU5UW,5.0,1
B00BUHX9SM,5.0,1
B00BUI0D8U,5.0,1
B00B23OIFC,4.0,1
B00I14AX8G,5.0,1
B00BUIGZAA,4.0,1
B00B244D5G,5.0,1
B00BUIVUTG,5.0,1
B00BUIZ88U,5.0,1
B00BUJ38KY,4.0,1
B00B22RDQO,5.0,1
B00B22RDJQ,5.0,1
B00BUJ7K7G,5.0,1
B00B24BRHI,5.0,1
B00B27XH32,5.0,1
B00B27QRVQ,5.0,1
B00B27R1NO,5.0,1
B00BUFPA3G,5.0,1
B00B27R1ES,5.0,1
B00BUFYYI8,4.0,1
B00B27QZEK,4.0,1
B00B27QWYI,5.0,1
B00BUH53TA,5.0,1
B00BUHAHJQ,5.0,1
B00I16K9AG,5.0,1
B00I16JJPM,5.0,1
B00B27QMX4,5.0,1
B00B27B4GE,5.0,1
B00B25PJL2,5.0,1
B00B24Y4KA,5.0,1
B00IJUQ0GG,5.0,1
B00BU94V1Y,5.0,1
B00BTWB2AK,5.0,1
B00IJPYVOO,5.0,1
B00BTWB2H8,4.0,1
B00BTWB3QS,5.0,1
B00B2CERJK,5.0,1
B00IJRYZ6Q,4.0,1
B00BTWB44O,5.0,1
B00B2C2IT6,5.0,1
B00B2CZXES,5.0,1
B00BTWHOKC,5.0,1
B00BTWP508,5.0,1
B00BTWVWP0,4.0,1
B00B2C1QDA,5.0,1
B00BTWY2YS,5.0,1
B00IJS83OK,5.0,1
B00B2CXS2M,5.0,1
B00BTWB1BA,5.0,1
B00B2E3KBY,5.0,1
B00BTQV274,5.0,1
B00BTRE1C6,5.0,1
B00BTTQ5BO,5.0,1
B00B2E9W02,5.0,1
B00I1JAT5I,4.0,1
B00I1I2N3K,5.0,1
B00BTUCFRQ,4.0,1
B00I1HAVDU,5.0,1
B00BTUZD5W,5.0,1
B00BTW91XK,5.0,1
B00B2DDSJY,5.0,1
B00BTWYHGG,5.0,1
B00BTX1SL2,5.0,1
B00BU74JWW,5.0,1
B00B2BDIIC,4.0,1
B00BU4MVMA,5.0,1
B00BU52WFU,5.0,1
B00BU5MKCA,5.0,1
B00BU5QRBK,5.0,1
B00I1BLRO8,4.0,1
B00I1998Y6,5.0,1
B00I18JPGI,4.0,1
B00BTXY69S,5.0,1
B00I17WRVY,5.0,1
B00B2B2MTS,4.0,1
B00B2B2GPS,4.0,1
B00BU7K3NQ,5.0,1
B00BU7OPFI,5.0,1
B00BU7YXHS,4.0,1
B00IJUPKI0,5.0,1
B00B2BDLKW,5.0,1
B00BU3PH8Q,4.0,1
B00B2BHW3Y,5.0,1
B00IJSEFI8,5.0,1
B00BTZMVEI,5.0,1
B00I1G6G6C,5.0,1
B00BTZTKFG,5.0,1
B00B2BUJXO,5.0,1
B00BU0P7D4,5.0,1
B00B2BUE4I,5.0,1
B00BU10RS8,5.0,1
B00BU13JNS,5.0,1
B00B2BLFAA,5.0,1
B00I13ULAW,5.0,1
B00B2E9YQO,5.0,1
B00BV5EX8I,5.0,1
B00B1UE0JA,5.0,1
B00B1UDJMY,5.0,1
B00B1UDIRU,4.0,1
B00B1UATK4,5.0,1
B00I11XOSK,5.0,1
B00B1UE0Z4,4.0,1
B00IK2SGHO,5.0,1
B00BV63Q62,5.0,1
B00BV6AG74,5.0,1
B00IK2TJ0C,5.0,1
B00BV6FE9O,4.0,1
B00BV6ZSSQ,5.0,1
B00B1UE56I,5.0,1
B00BV7BJUQ,5.0,1
B00B1VBJFM,5.0,1
B00B1VIA54,5.0,1
B00B1VCR8K,5.0,1
B00BV2SDH8,5.0,1
B00B1VBLPU,5.0,1
B00I11ZW2G,5.0,1
B00BV3S0D4,5.0,1
B00BV46C2E,5.0,1
B00B1VAUXE,4.0,1
B00B1UGS90,5.0,1
B00BV46FAI,5.0,1
B00BV4JXKC,5.0,1
B00B1UQKDO,4.0,1
B00IK23IRC,5.0,1
B00BV75MH2,5.0,1
B00B1TBLTI,5.0,1
B00B1RHN2E,4.0,1
B00BV99HQM,5.0,1
B00B1RLY6U,4.0,1
B00B1RI1J8,5.0,1
B00B1RHVLM,4.0,1
B00BV9J53C,5.0,1
B00BV9Y87A,5.0,1
B00BVBGTFM,5.0,1
B00I11WAH6,5.0,1
B00I11VF0O,5.0,1
B00B1R7RR0,5.0,1
B00BVC2JZU,5.0,1
B00BVEWOJE,5.0,1
B00BVEZ3DI,5.0,1
B00B1PR2SQ,5.0,1
B00BVF2XNK,5.0,1
B00B1S6Q6M,5.0,1
B00B1TAOVE,5.0,1
B00B1TANQA,5.0,1
B00B1T3KFG,5.0,1
B00B1T3IIA,5.0,1
B00B1T36W8,5.0,1
B00BV7V8PM,5.0,1
B00I11WPPI,5.0,1
B00B1SMLNE,5.0,1
B00BV812AW,5.0,1
B00B1SKE8S,4.0,1
B00BV87T40,5.0,1
B00BV8DYFI,5.0,1
B00BV8H4XQ,5.0,1
B00BV8X76E,4.0,1
B00B1VNIEC,5.0,1
B00B1VP778,4.0,1
B00BV2B226,5.0,1
B00B209OG8,5.0,1
B00B21E0WK,5.0,1
B00BURHSZW,4.0,1
B00BURQVG4,5.0,1
B00B212MVG,5.0,1
B00BUS8CJC,5.0,1
B00BUSA1XC,5.0,1
B00BUSE57A,5.0,1
B00IJZTP68,5.0,1
B00I13CJW0,5.0,1
B00BUTAMYY,4.0,1
B00IK05TLW,5.0,1
B00BUU21M4,5.0,1
B00B21E4SA,5.0,1
B00BV2B1JU,5.0,1
B00BUKA1E4,5.0,1
B00BULZ2S8,4.0,1
B00I13QWZK,5.0,1
B00B22E1JG,4.0,1
B00BUNOCMS,4.0,1
B00I13Q4TY,5.0,1
B00B22DUYS,5.0,1
B00BUQU6V6,5.0,1
B00BUQ5F9E,4.0,1
B00BUQ9DGU,4.0,1
B00BUQB3HC,5.0,1
B00BUQMTTI,5.0,1
B00B1ZZLTI,4.0,1
B00B1ZZ3YQ,4.0,1
B00B1XSHFK,5.0,1
B00BV2AVFU,5.0,1
B00BV2AVKU,5.0,1
B00BV2AVQY,5.0,1
B00BV2AWQ8,5.0,1
B00B1XE2ZE,4.0,1
B00I11ZWOO,5.0,1
B00B1ZXIT8,4.0,1
B00B1WM4UA,5.0,1
B00B1WBBJK,5.0,1
B00IK1QE10,5.0,1
B00B1W7018,4.0,1
B00BV2AYZM,5.0,1
B00BV2AZ5G,5.0,1
B00BUZ83KS,5.0,1
B00BUUFTSM,4.0,1
B00BUUMZCA,5.0,1
B00IK0EDE6,5.0,1
B00I12WSM2,4.0,1
B00BUUS4IO,4.0,1
B00BUUWMDM,5.0,1
B00BUVB458,4.0,1
B00IK0EH8S,5.0,1
B00BUYG996,5.0,1
B00BUYKWY4,4.0,1
B00B1Z1GBK,5.0,1
B00B1YY2BM,5.0,1
B00IK0ELGG,4.0,1
B00BUYQKTK,5.0,1
B00BTQR7KU,5.0,1
B00B2EA3B4,5.0,1
B00BSYTBI4,5.0,1
B00B329V1S,5.0,1
B00BSY54BC,5.0,1
B00B30HLH6,5.0,1
B00IJIYJS4,5.0,1
B00B30H6BW,5.0,1
B00B2ZZWPK,5.0,1
B00B33454U,5.0,1
B00B2ZM622,5.0,1
B00BSYV358,5.0,1
B00BSYXYWI,5.0,1
B00B2ZCENI,5.0,1
B00BSZA0AG,5.0,1
B00B32B792,5.0,1
B00B2Z96KM,5.0,1
B00BSXWSDU,4.0,1
B00I28LQNC,5.0,1
B00BSXKGIO,4.0,1
B00BSXLFV6,4.0,1
B00B35QAIC,5.0,1
B00B35PJBQ,5.0,1
B00BSXZ2B0,5.0,1
B00BSXX3J8,4.0,1
B00B35P0E2,5.0,1
B00I258YXU,5.0,1
B00B356IF2,5.0,1
B00B33Y32O,5.0,1
B00B33XTT2,5.0,1
B00BSXY01I,5.0,1
B00I258Y1C,5.0,1
B00I258WZK,4.0,1
B00I258Q9M,4.0,1
B00BT0QTXM,5.0,1
B00I2550QO,5.0,1
B00BSZRWVG,5.0,1
B00I254Z9W,5.0,1
B00I254Y52,5.0,1
B00B2UP9RQ,4.0,1
B00BSZTL5G,4.0,1
B00BSZYHBY,5.0,1
B00B2TN5E6,5.0,1
B00B2W09HY,5.0,1
B00I24U67S,5.0,1
B00I22R18W,5.0,1
B00BT0KU6Y,5.0,1
B00B2T0NF0,5.0,1
B00B2T0HFQ,5.0,1
B00BT0M0IA,5.0,1
B00BSZRQ7Q,5.0,1
B00B2YV0UM,4.0,1
B00B2Y2NFS,5.0,1
B00B2YUV2K,4.0,1
B00BSZLBQS,5.0,1
B00I258P16,5.0,1
B00BSZNR7E,5.0,1
B00B2YUU2G,5.0,1
B00B2YUB0W,4.0,1
B00B2YBVKQ,4.0,1
B00BSZOF7K,5.0,1
B00B2XM8KY,5.0,1
B00BSZR1VM,5.0,1
B00B2X190Y,5.0,1
B00IJJEHQ2,5.0,1
B00I258NUE,5.0,1
B00B2WOHHC,4.0,1
B00B2WOEGG,5.0,1
B00BSZQEJW,5.0,1
B00B2WH8YQ,5.0,1
B00BSX60K2,5.0,1
B00BSX2FAQ,5.0,1
B00BSX1UP2,5.0,1
B00B3DAHJC,4.0,1
B00BSIPWS8,5.0,1
B00B3FDJRM,5.0,1
B00BSJBNSK,5.0,1
B00BSJUG6A,5.0,1
B00BSJZCAU,5.0,1
B00BSK6W9Y,5.0,1
B00BSIM2C2,5.0,1
B00BSKUH2M,5.0,1
B00BSLM4SG,5.0,1
B00BSLU6ZY,5.0,1
B00BSLZE0Q,5.0,1
B00BSM4212,5.0,1
B00BSM6I5K,5.0,1
B00B3FM0WM,5.0,1
B00BSIBCCS,5.0,1
B00BSX1K98,5.0,1
B00B3KGOWY,5.0,1
B00BSEXP0E,5.0,1
B00BSEZLJ2,5.0,1
B00BSF1C9E,5.0,1
B00BSFFL00,5.0,1
B00B3JN4DW,5.0,1
B00BSFYUY8,4.0,1
B00I2EP07Y,5.0,1
B00B3FM266,5.0,1
B00BSG64QY,4.0,1
B00B3H23Q8,5.0,1
B00B3GTV4Q,5.0,1
B00BSG7BCK,5.0,1
B00BSG7BE8,4.0,1
B00BSGJLP0,5.0,1
B00BSGSV7O,5.0,1
B00BSNBF16,5.0,1
B00B3C0CJ8,5.0,1
B00I2A5B6S,5.0,1
B00BSWF0IQ,5.0,1
B00IJHXWO2,5.0,1
B00BSWF1IU,5.0,1
B00B39PCP0,5.0,1
B00B38P328,5.0,1
B00BSPIOXG,5.0,1
B00I29PUO2,5.0,1
B00BSWR1BK,5.0,1
B00B3821P0,5.0,1
B00BSWW9ZI,5.0,1
B00BSX0JO0,5.0,1
B00B3811WY,4.0,1
B00B3ARFJU,5.0,1
B00BSVXL7Y,5.0,1
B00B3BY8RG,4.0,1
B00B3BY1JG,4.0,1
B00B3BWYXQ,5.0,1
B00BSPVBWM,4.0,1
B00BSQDRKK,5.0,1
B00BSQDU2U,5.0,1
B00B3BU91K,5.0,1
B00BSQSW1Y,5.0,1
B00BSRROB2,5.0,1
B00BSTQ7S6,5.0,1
B00BSTQBSM,5.0,1
B00B3BLLW6,5.0,1
B00BSUEEGC,5.0,1
B00B2EACLU,5.0,1
B00B2HAO0Q,5.0,1
B00B2HAWZI,5.0,1
B00B2HAWB2,4.0,1
B00B2HAV18,5.0,1
B00BTJ7D4M,5.0,1
B00B2HAPV4,5.0,1
B00BTJJTPS,5.0,1
B00B2HAN70,5.0,1
B00B2HALZO,5.0,1
B00BTJZWBI,5.0,1
B00B2HALDG,4.0,1
B00B2HAIN4,5.0,1
B00BTKQ6JY,5.0,1
B00B2HB09K,5.0,1
B00B2HB34M,5.0,1
B00B2GCQU8,5.0,1
B00BTHQKQ6,5.0,1
B00BTHQHUU,4.0,1
B00BTHQIFO,5.0,1
B00B2IFXO2,4.0,1
B00BTHQJP8,5.0,1
B00IJM61J0,5.0,1
B00BTHQJYE,5.0,1
B00I1OPGWE,4.0,1
B00BTIF002,5.0,1
B00I1OO7AQ,4.0,1
B00B2HJE1G,4.0,1
B00B2HIZUM,5.0,1
B00I1OMMS0,5.0,1
B00BTIMALY,4.0,1
B00I1OL3R6,5.0,1
B00BTKYEJI,5.0,1
B00B2SM1QU,5.0,1
B00BTO0A2E,5.0,1
B00B2FDFH2,5.0,1
B00BTNHEH4,5.0,1
B00I1LHRNI,4.0,1
B00I1L6G5S,4.0,1
B00BTNOK6W,5.0,1
B00IJNYNEE,5.0,1
B00I1KIBK2,5.0,1
B00BTO0150,5.0,1
B00B2ECAYW,5.0,1
B00BTN0VBA,4.0,1
B00IJOHHS2,5.0,1
B00BTO42E6,4.0,1
B00BTO42VO,5.0,1
B00BTOIES6,5.0,1
B00BTPLODM,5.0,1
B00BTQ769W,5.0,1
B00B2FJ72E,5.0,1
B00BTKZ6XG,5.0,1
B00BTLZAPE,5.0,1
B00BTKZ90G,4.0,1
B00I1M3C9A,5.0,1
B00BTL9JCY,5.0,1
B00BTLEK6Y,4.0,1
B00BTLXNL2,5.0,1
B00I1LI08O,5.0,1
B00BTMIOYW,5.0,1
B00BTMYGMQ,4.0,1
B00B2FW2J4,4.0,1
B00BTMNC08,4.0,1
B00BTMRKGK,5.0,1
B00B2FT38M,5.0,1
B00B2FT1JS,5.0,1
B00BTMYCZM,4.0,1
B00BT5A6OA,5.0,1
B00BT5FMEE,5.0,1
B00B2QFOAW,5.0,1
B00BT5OLCS,5.0,1
B00B2QD5E4,5.0,1
B00BT7AYJA,5.0,1
B00BT7OV6M,4.0,1
B00B2RBW20,5.0,1
B00BT7VOI0,5.0,1
B00BT83V7Q,4.0,1
B00B2Q8PEY,5.0,1
B00B2Q2H6G,5.0,1
B00I1WLB9S,4.0,1
B00BT87SV6,5.0,1
B00B2RB60I,5.0,1
B00B2RE9AC,5.0,1
B00BTHCQUK,5.0,1
B00B2SEDLQ,5.0,1
B00BT10XKG,5.0,1
B00BT11ZA8,5.0,1
B00BT1BVW0,5.0,1
B00BT1DKWY,5.0,1
B00B2SEUD2,4.0,1
B00BT1LL5C,5.0,1
B00I21DJKW,4.0,1
B00B2RLUP4,5.0,1
B00I21CD4K,4.0,1
B00B2SD1GY,5.0,1
B00B2S98Y8,5.0,1
B00BT2DL9A,5.0,1
B00BT2EGYO,5.0,1
B00B2RTNAI,5.0,1
B00IJJTXOI,5.0,1
B00B2PPK7K,5.0,1
B00B2POYL8,4.0,1
B00BTFWS4G,5.0,1
B00B2N0Q4O,5.0,1
B00B2MVF7C,5.0,1
B00B2MNXJA,5.0,1
B00B2MK24Y,5.0,1
B00BTFA794,5.0,1
B00BTFK596,5.0,1
B00B2KDWHA,4.0,1
B00BTGAWSY,5.0,1
B00BTGGJ6I,4.0,1
B00B2K1VXW,5.0,1
B00BTH0D9G,5.0,1
B00B2JV2CI,5.0,1
B00BTHBP5M,4.0,1
B00IJLJXEG,5.0,1
B00BTDPR0U,5.0,1
B00BTD6OKM,5.0,1
B00B2PH7AS,5.0,1
B00B2PGYXE,4.0,1
B00BT8O1V6,5.0,1
B00B2P59SK,5.0,1
B00I1WHFD4,5.0,1
B00B2P0NMC,5.0,1
B00BTA7SLY,5.0,1
B00BTAHKEY,5.0,1
B00BTAWVK2,5.0,1
B00B2O1CU0,5.0,1
B00I1W345C,4.0,1
B00BTCFCNS,5.0,1
B00B2N4QGS,4.0,1
B00BVFAQ8O,5.0,1
B00BVGG7A4,5.0,1
B00IJHUMPY,5.0,1
B00I03TGKE,5.0,1
B00BXVLBYO,5.0,1
B00B0RRDTI,5.0,1
B00BXVLDVK,5.0,1
B00BXVPYOC,5.0,1
B00B0ROPEE,5.0,1
B00BXWZ8LU,5.0,1
B00B0RTAEO,5.0,1
B00BXZQKBO,4.0,1
B00BY0AU5A,5.0,1
B00BY0C4W2,5.0,1
B00B0Q8NUM,5.0,1
B00BXVEB64,5.0,1
B00B0RU41M,5.0,1
B00BY0E75Y,5.0,1
B00BXS0NKU,5.0,1
B00BXQFLLS,5.0,1
B00BXQGGX0,4.0,1
B00I04BLH4,4.0,1
B00BXRTIPW,5.0,1
B00B0TBOIM,5.0,1
B00B0SCPLI,5.0,1
B00BXTO3GO,5.0,1
B00BXTOA6W,4.0,1
B00IKFY49A,5.0,1
B00BXU5ZBU,5.0,1
B00I04AYMC,4.0,1
B00BXUXWAQ,5.0,1
B00B0Q5AYE,5.0,1
B00BY6LC2O,4.0,1
B00IKIFSAG,5.0,1
B00I01WMT8,5.0,1
B00BY560D6,4.0,1
B00BY569QE,5.0,1
B00BY56AM2,5.0,1
B00IKIBF8K,5.0,1
B00B0OH10M,5.0,1
B00B0OG84C,4.0,1
B00BY58E08,5.0,1
B00BY31TG6,5.0,1
B00BY59A6U,5.0,1
B00B0OD3AO,5.0,1
B00BY5BDB0,5.0,1
B00BY5VIOM,4.0,1
B00B0NL4BA,4.0,1
B00BY3VN4E,5.0,1
B00BY2XCLW,5.0,1
B00I02D5AW,5.0,1
B00BY1BOOA,5.0,1
B00B0PEA50,5.0,1
B00I023DD6,5.0,1
B00BY1P3YM,4.0,1
B00BY1VGBQ,5.0,1
B00B0P3RIG,5.0,1
B00B0P35FG,5.0,1
B00B0P1KV2,5.0,1
B00BY2VIE0,5.0,1
B00B0OWFBC,5.0,1
B00BY2VVMY,5.0,1
B00BXQC3XC,4.0,1
B00BXPEQE2,5.0,1
B00BXDA2QA,5.0,1
B00BX9XK68,5.0,1
B00BX9XWZW,5.0,1
B00B0YSMUA,4.0,1
B00B0YQXUG,5.0,1
B00BXCPMQG,5.0,1
B00BXDA3P0,5.0,1
B00BXDJX8I,5.0,1
B00B0YMLW0,5.0,1
B00B0YKAFU,4.0,1
B00BXG17T8,5.0,1
B00BX9VTDO,4.0,1
B00BXPAR1I,5.0,1
B00B10TWP2,5.0,1
B00BX8IUZA,5.0,1
B00B10P24W,4.0,1
B00B10IBQI,4.0,1
B00I04CLNW,5.0,1
B00IK9U1EI,5.0,1
B00B108WS0,5.0,1
B00BX9G7M2,5.0,1
B00B106GCE,5.0,1
B00BX9GCY0,4.0,1
B00I04CKJC,5.0,1
B00IKA3KEA,5.0,1
B00BX9GGIM,5.0,1
B00IKACEMO,5.0,1
B00B0Y6UOU,5.0,1
B00BXGX3QS,4.0,1
B00BXNJ3PQ,4.0,1
B00BXMIIF8,5.0,1
B00BXMRTFI,5.0,1
B00B0XD6NO,5.0,1
B00B0X56LO,5.0,1
B00B0UGRX8,5.0,1
B00B0UGRKG,5.0,1
B00BXNGUKW,5.0,1
B00BXNZ5T4,4.0,1
B00BXI7FAG,5.0,1
B00BXNZQPM,5.0,1
B00BXO65T2,4.0,1
B00BXOFHGY,5.0,1
B00BXOM7XA,5.0,1
B00B0UFXBA,4.0,1
B00BXOXOSC,5.0,1
B00BXOXVJY,5.0,1
B00BXMCJXA,5.0,1
B00BXM48Q6,5.0,1
B00I04BY58,5.0,1
B00B0XG802,4.0,1
B00B0Y117Q,5.0,1
B00B0XY0BG,5.0,1
B00BXIULZ2,4.0,1
B00B0XTPM0,5.0,1
B00BXIY66M,5.0,1
B00IKCLTTG,5.0,1
B00BXJ76T0,5.0,1
B00BXJCFPU,5.0,1
B00IKCX7BE,4.0,1
B00B0NKGF0,5.0,1
B00IKMS6GU,5.0,1
B00BYLEMUS,4.0,1
B00BYM0JCM,5.0,1
B00BYMZIOQ,5.0,1
B00BYNOSHS,5.0,1
B00BYNWIQG,4.0,1
B00B06TAX6,5.0,1
B00BYO2JNC,5.0,1
B00HZVJMOM,4.0,1
B00B088VMK,5.0,1
B00B06IEII,5.0,1
B00B06IBV8,5.0,1
B00BYPPYW4,5.0,1
B00B06H47A,5.0,1
B00BYPZUOG,5.0,1
B00BYQLX1Y,4.0,1
B00BYSR1X6,5.0,1
B00BYK89YE,5.0,1
B00B088Z1C,5.0,1
B00BYV1L1Q,5.0,1
B00B09NCM8,4.0,1
B00HZWAMZY,5.0,1
B00HZW06WI,5.0,1
B00B0D0QC8,4.0,1
B00B0CK3AY,5.0,1
B00B0C5PJS,5.0,1
B00B0C5P8O,5.0,1
B00BYHI6BS,5.0,1
B00B09HZCQ,5.0,1
B00IKMHMWO,5.0,1
B00BYI0KMA,5.0,1
B00BYJ4ZU2,5.0,1
B00BYJG2US,5.0,1
B00IKMN5N4,4.0,1
B00BYJLJP6,5.0,1
B00BYWTOFK,5.0,1
B00B0NH3BK,5.0,1
B00B0082C2,5.0,1
B00BZ2TJ1S,5.0,1
B00IKNA4KU,5.0,1
B00B02XI4C,4.0,1
B00IKNIWNG,5.0,1
B00BZ3JGWO,5.0,1
B00BZ1QV06,5.0,1
B00AZZ5WR6,5.0,1
B00AZZ5WAI,5.0,1
B00IKOUREW,5.0,1
B00AZZ5VP4,5.0,1
B00BZ585LK,5.0,1
B00BZ686PO,5.0,1
B00BZ6VNTU,5.0,1
B00BZ1SEBA,5.0,1
B00B0645E0,5.0,1
B00B03WMDE,5.0,1
B00B05ZOBE,5.0,1
B00B05SUO2,5.0,1
B00BYZU6YK,5.0,1
B00BZ02FYS,5.0,1
B00B04ODXK,5.0,1
B00BZ0O7NU,4.0,1
B00B03WDE2,5.0,1
B00HZV1YNO,5.0,1
B00B03VQAO,5.0,1
B00BZ1M6GO,5.0,1
B00B03OKHA,5.0,1
B00B03L79O,5.0,1
B00B03KX1C,5.0,1
B00B03K9RU,5.0,1
B00B0D7CR0,4.0,1
B00BYHFZ6M,5.0,1
B00HZWAU3I,4.0,1
B00BY9QD02,5.0,1
B00HZYJD84,5.0,1
B00B0K2NUO,5.0,1
B00B0K2NHC,5.0,1
B00BY9V8MU,5.0,1
B00BY9Y2HS,5.0,1
B00BYA166W,5.0,1
B00BYAMLTI,5.0,1
B00B0JORZY,5.0,1
B00BYBITY8,5.0,1
B00B0J7AKI,5.0,1
B00B0IQFDM,5.0,1
B00BY9MHBG,5.0,1
B00B0DOLDS,5.0,1
B00B0NEOP8,5.0,1
B00B0NCAMC,5.0,1
B00BY6XQC8,5.0,1
B00I00N9SC,5.0,1
B00BY8GN0I,5.0,1
B00BY8TVV6,5.0,1
B00I00AYFI,5.0,1
B00BY91V7C,5.0,1
B00BY97J2I,5.0,1
B00B0N3E4U,5.0,1
B00HZZU97W,5.0,1
B00BY9CNWY,5.0,1
B00BY9DR8I,5.0,1
B00B0ILRVW,5.0,1
B00B0ICFTK,5.0,1
B00BYBN6DM,5.0,1
B00BYGONFM,5.0,1
B00BYFQKPE,5.0,1
B00IKLF4QG,5.0,1
B00B0F3RAO,4.0,1
B00BYFWFWG,5.0,1
B00BYG70SY,5.0,1
B00BYGB8VO,4.0,1
B00B0F3BBO,5.0,1
B00BYBS6B4,5.0,1
B00BYGPSTC,5.0,1
B00BYGUC0M,4.0,1
B00B0F2XL8,4.0,1
B00B0E9LRS,4.0,1
B00B0E9DBC,5.0,1
B00B0DORWS,4.0,1
B00BYFEAH4,5.0,1
B00HZX8DAE,5.0,1
B00BYFABI6,4.0,1
B00B0IAAGA,5.0,1
B00B0HZNFE,5.0,1
B00B0HYUHQ,5.0,1
B00B0HWF14,5.0,1
B00B0HRM6M,5.0,1
B00HZYF5QS,4.0,1
B00IKL9WVE,5.0,1
B00BYENM4W,5.0,1
B00B0G3NMU,4.0,1
B00B0FROXA,5.0,1
B00B0FPR0W,5.0,1
B00B0FP4UU,5.0,1
B00B0FH8YA,4.0,1
B00B10WCOA,5.0,1
B00BX8H5RE,5.0,1
B00BVHI13O,5.0,1
B00BVYKIYW,5.0,1
B00I0QGE42,5.0,1
B00BVXRJWC,4.0,1
B00I0OOEHS,5.0,1
B00BVYKIR4,5.0,1
B00B1KE2YS,4.0,1
B00BVYOZCS,5.0,1
B00BVYP0P4,5.0,1
B00I0LI8L4,5.0,1
B00BVYRA9I,5.0,1
B00I0LGTEM,5.0,1
B00BVYSXBM,5.0,1
B00BVYT8VG,5.0,1
B00BVZ8JDS,5.0,1
B00B1LH8HA,4.0,1
B00B1LK4XU,5.0,1
B00BVWKP3I,5.0,1
B00BVRSOOK,5.0,1
B00BVRSP5S,4.0,1
B00BVSU8V6,5.0,1
B00BVT1PR6,5.0,1
B00BVUJY7S,5.0,1
B00B1MQKK0,5.0,1
B00BVVQDA8,5.0,1
B00BVWEX4A,5.0,1
B00BVWX7W4,5.0,1
B00B1LMB54,5.0,1
B00I0WH1S4,5.0,1
B00BVWYFLQ,4.0,1
B00BVX072G,5.0,1
B00BVX4RC2,5.0,1
B00BVX6CY8,5.0,1
B00BVXF85W,4.0,1
B00BW0X30G,5.0,1
B00BWBYL7O,5.0,1
B00I0FAE2G,5.0,1
B00B1H3JDG,5.0,1
B00BW9Z4F4,4.0,1
B00B1H3H4W,5.0,1
B00BWAGHBS,5.0,1
B00I0FUAS4,5.0,1
B00I0FCVTA,4.0,1
B00B1H3G0C,4.0,1
B00B1H3ECC,5.0,1
B00BW8MSIG,5.0,1
B00BWAM36G,5.0,1
B00BWAMEFQ,5.0,1
B00B1GXMDE,5.0,1
B00BWBMEG4,5.0,1
B00I0G4IFE,4.0,1
B00BW8L2F6,5.0,1
B00BW1D90O,5.0,1
B00B1IDA2K,5.0,1
B00B1JVDZ0,5.0,1
B00B1JDS9Y,5.0,1
B00B1IYDQ2,5.0,1
B00I0H0RM6,5.0,1
B00BW3G7KQ,5.0,1
B00I0GX2LK,5.0,1
B00B1IMZ3U,5.0,1
B00BW559Q2,5.0,1
B00I0GAKAQ,5.0,1
B00BW5B2MC,5.0,1
B00BW5ZARA,5.0,1
B00BW6855I,5.0,1
B00BW763AG,5.0,1
B00B1H5D6W,5.0,1
B00B1MTMXW,5.0,1
B00B1O9K4Q,4.0,1
B00I106GP4,5.0,1
B00I1037H4,5.0,1
B00BVKX6MM,5.0,1
B00BVKXOWE,5.0,1
B00BVLBOXE,5.0,1
B00B1OHKUM,5.0,1
B00BVLF3RC,5.0,1
B00BVLG9V6,5.0,1
B00B1OQKIU,4.0,1
B00BVLN05Y,5.0,1
B00BVLY0BW,5.0,1
B00I0Y1WWS,5.0,1
B00BVMADUS,5.0,1
B00BVMN4K4,4.0,1
B00B1OQJXG,5.0,1
B00B1ORYWQ,5.0,1
B00I11Q8JM,5.0,1
B00BVIR6GG,5.0,1
B00BVIU5IW,4.0,1
B00B1PO9Q4,5.0,1
B00BVJJL8Q,4.0,1
B00B1PJB2Q,5.0,1
B00B1PFA9Y,5.0,1
B00BVK4GCG,5.0,1
B00BVK4Q8K,5.0,1
B00I109XQS,5.0,1
B00I11PYVK,5.0,1
B00I10JL4M,5.0,1
B00BVK8XWK,5.0,1
B00B1P26GO,5.0,1
B00B1OSQG4,5.0,1
B00BVKFA2G,5.0,1
B00BVKJ388,5.0,1
B00B1NSXMC,5.0,1
B00BVOAFWW,5.0,1
B00IK3X0CO,5.0,1
B00BVO9QKO,5.0,1
B00IK3X0SI,5.0,1
B00BVO9R44,5.0,1
B00BVO9SWK,5.0,1
B00B1N6S6A,5.0,1
B00BVO9XGQ,5.0,1
B00BVOADYW,5.0,1
B00B1NNE62,5.0,1
B00BVOAIMY,5.0,1
B00BVOARFM,5.0,1
B00BVOLSKU,5.0,1
B00BVOU5NG,5.0,1
B00BVPGLCE,5.0,1
B00BVQEQO8,5.0,1
B00I0WVSYW,5.0,1
B00BVO9532,5.0,1
B00B1NMYQI,5.0,1
B00B1NJXGW,5.0,1
B00BVO61QG,5.0,1
B00B1NHF30,5.0,1
B00BVO6B5M,5.0,1
B00BVO7926,5.0,1
B00I0X15WQ,5.0,1
B00BVO7AQG,5.0,1
B00IK3UOZK,4.0,1
B00BVO7PNE,5.0,1
B00B1N6YFK,4.0,1
B00BWCBQKI,5.0,1
B00IK9RSZS,5.0,1
B00B187GLG,5.0,1
B00B18EGAK,5.0,1
B00B18DC78,5.0,1
B00BWVIWSS,5.0,1
B00B18BYS2,4.0,1
B00BWW1DA6,5.0,1
B00B18B5WM,5.0,1
B00B187GSE,5.0,1
B00I0509BM,5.0,1
B00B18EL3W,5.0,1
B00B187EKY,5.0,1
B00BWWM1N4,5.0,1
B00B17Y8ZE,5.0,1
B00BWY08V4,4.0,1
B00I04DI9I,5.0,1
B00BWY0Y7M,5.0,1
B00BWVFAG0,5.0,1
B00B18FGQS,5.0,1
B00B17PENO,5.0,1
B00BWTN0KA,5.0,1
B00B18RL4I,5.0,1
B00BWSHB2Y,4.0,1
B00BWSJR0I,4.0,1
B00BWSSJCU,4.0,1
B00B18GR7U,5.0,1
B00I06ZR7C,5.0,1
B00BWTQOWQ,5.0,1
B00BWVCRKC,5.0,1
B00IK9B1DI,4.0,1
B00BWTWXDA,5.0,1
B00BWV2VVW,4.0,1
B00BWV91ZQ,4.0,1
B00BWV9NJ0,5.0,1
B00B18FVZO,5.0,1
B00BWYFBMU,4.0,1
B00BX6218E,5.0,1
B00B14GJNQ,4.0,1
B00B13H2EW,4.0,1
B00B13CS5K,4.0,1
B00BX54NZY,4.0,1
B00B11ZHPK,5.0,1
B00B11SUV8,5.0,1
B00I04CM8G,5.0,1
B00B11BTLQ,5.0,1
B00B14N4VG,5.0,1
B00B14O5IM,5.0,1
B00BWZ9FBC,4.0,1
B00BWZQO02,5.0,1
B00B17OZI4,5.0,1
B00B17CXKG,5.0,1
B00I04D2XK,4.0,1
B00BX2IZYW,5.0,1
B00B15KQCK,5.0,1
B00BX3OHD4,5.0,1
B00BX3RLD2,5.0,1
B00BWSBVC0,5.0,1
B00BWS4QLS,4.0,1
B00BWFW9XI,5.0,1
B00B1EA1CQ,5.0,1
B00BWFOJEK,5.0,1
B00BWFOKI0,5.0,1
B00B1DRM06,5.0,1
B00I0C44GG,5.0,1
B00BWFO86Y,5.0,1
B00B1DRE90,5.0,1
B00BWGZSS0,5.0,1
B00BWHOY9I,5.0,1
B00B1DR2P6,4.0,1
B00B1DKCNK,5.0,1
B00B1DJFAG,4.0,1
B00BWIT33Y,5.0,1
B00B1ERUSE,5.0,1
B00B1FEM3O,5.0,1
B00I06ZXP8,4.0,1
B00BWE6SZE,5.0,1
B00B1GHXTS,5.0,1
B00B1GA3LS,4.0,1
B00BWEUL8E,5.0,1
B00IK6WAD6,5.0,1
B00B1G9ZZS,5.0,1
B00BWFNJYG,5.0,1
B00B1G7CQM,5.0,1
B00I0ERHN6,5.0,1
B00BWFLRI6,5.0,1
B00BWFN2IY,5.0,1
B00BWIV6W0,5.0,1
B00IK8EPS2,4.0,1
B00BWL9NJU,5.0,1
B00I089IFC,5.0,1
B00B197PH0,5.0,1
B00B197OUS,5.0,1
B00BWN5GWQ,4.0,1
B00BWOQ8U4,5.0,1
B00BWPJV70,5.0,1
B00B193R4A,5.0,1
B00BWQST54,4.0,1
B00BWR81GU,5.0,1
B00BWS0PKO,5.0,1
B00BWL5LVY,5.0,1
B00B19AQOE,5.0,1
B00B1CFR1S,5.0,1
B00B1C45AC,5.0,1
B00B1AZZ6M,5.0,1
B00BWKZVG0,5.0,1
B00I0A692A,5.0,1
B00B19NH9K,5.0,1
B00B19JUTG,5.0,1
B00B19GMBA,5.0,1
B00BWL11UO,4.0,1
B00BWL2GCG,5.0,1
B00B19DOX4,4.0,1
B00B3KO7PU,5.0,1
B00BSEBIE4,5.0,1
B00B6A51WA,5.0,1
B00B6CQDAM,5.0,1
B00B6BMSBG,5.0,1
B00B6BJAL2,5.0,1
B00B6ACINA,5.0,1
B00B6A5SZK,5.0,1
B00B6A4QLM,5.0,1
B00B69NJ6Q,5.0,1
B00B69HDT0,5.0,1
B00I4WLNWK,5.0,1
B00I4WLLSG,5.0,1
B00B67ENV8,5.0,1
B00B6CRJH8,5.0,1
B00BPEKDUC,5.0,1
B00BPD5DX0,5.0,1
B00B6GO7E2,5.0,1
B00B6FX6YK,4.0,1
B00BPD7NYW,5.0,1
B00B6FQARK,5.0,1
B00B6EVVGG,5.0,1
B00B6CTKZW,5.0,1
B00BPE66JY,5.0,1
B00BPE95TW,5.0,1
B00B6DWJ22,5.0,1
B00I4WLYCO,5.0,1
B00BPET3QW,5.0,1
B00B6676XG,5.0,1
B00BPJ7E2C,5.0,1
B00BPI6UJ6,5.0,1
B00BPGORAW,5.0,1
B00BPGYGR6,5.0,1
B00BPH5W7S,5.0,1
B00B62H73Y,5.0,1
B00B62FAEW,4.0,1
B00BPHG0VA,5.0,1
B00BPHXXWY,5.0,1
B00B627FY0,5.0,1
B00BPIB2LC,5.0,1
B00BPGH03S,5.0,1
B00B625RJK,4.0,1
B00BPIIJGS,5.0,1
B00IIJJJSO,5.0,1
B00IIK1DH8,5.0,1
B00BPIO4VM,5.0,1
B00B624RYQ,5.0,1
B00BPIO5O8,5.0,1
B00BPGOGO4,5.0,1
B00BPGFA4O,5.0,1
B00BPEWD1E,5.0,1
B00BPFCEDK,5.0,1
B00BPEYEEI,5.0,1
B00BPF0R7U,5.0,1
B00I4W0Q78,5.0,1
B00I4VSV3U,5.0,1
B00BPGDOZQ,5.0,1
B00I4VKQSI,5.0,1
B00B65JL2Q,4.0,1
B00I4UQ55W,5.0,1
B00BPFYSN4,5.0,1
B00BPGDFZU,5.0,1
B00B6JNK2Y,5.0,1
B00BPCYX82,5.0,1
B00BPCTWXS,5.0,1
B00BP4AIVG,4.0,1
B00BP3G1NQ,5.0,1
B00B6TYCI0,4.0,1
B00B6TQZVW,5.0,1
B00B6TGHMO,4.0,1
B00BP3U6PU,4.0,1
B00I4ZUVIY,4.0,1
B00BP4CEFE,4.0,1
B00BP2GJ7K,4.0,1
B00IIDY7UU,5.0,1
B00BP55CVQ,5.0,1
B00B6SYVGO,5.0,1
B00B6SYC1S,4.0,1
B00B6STX1C,5.0,1
B00BP1QLGK,5.0,1
B00BPCS22U,5.0,1
B00BP0Z45U,5.0,1
B00IIBAB6Q,5.0,1
B00B6YYCBC,5.0,1
B00B6YXL2I,5.0,1
B00I51885U,5.0,1
B00IICKEI0,4.0,1
B00B6YVV02,4.0,1
B00B6YVANA,5.0,1
B00B6VIRKM,4.0,1
B00B6XYXFS,5.0,1
B00B6XLO6O,4.0,1
B00BP116G0,5.0,1
B00I50YG1Q,5.0,1
B00BP1N7GW,4.0,1
B00BP6UFOE,5.0,1
B00BPBNY9C,5.0,1
B00I4WMAUY,4.0,1
B00BPBNWT4,4.0,1
B00B6LJEZ4,5.0,1
B00B6LIQ3U,5.0,1
B00BPBO05Y,5.0,1
B00IIE6CNE,5.0,1
B00BPC56BU,4.0,1
B00B6KW8K8,5.0,1
B00BPCG592,5.0,1
B00B6KUL6Q,5.0,1
B00B6KUC4M,5.0,1
B00B6K9X9C,5.0,1
B00I4WMEUA,5.0,1
B00I4WMHLQ,5.0,1
B00I4WML8A,4.0,1
B00IIEIY2G,5.0,1
B00B6SG8GK,5.0,1
B00B6SC8RI,5.0,1
B00B6RENVI,5.0,1
B00I4ZAR1U,4.0,1
B00BPA5W4I,4.0,1
B00I4X6662,4.0,1
B00B6QHRW6,4.0,1
B00IIEB0C2,5.0,1
B00B6QBTIY,4.0,1
B00I4WNA8K,4.0,1
B00B6Q3U3Q,5.0,1
B00B6PTS4W,5.0,1
B00I4WN4KO,5.0,1
B00B6238BO,5.0,1
B00B5S9CLY,4.0,1
B00BPVWPDS,5.0,1
B00I4CGSEI,5.0,1
B00I4CGNPC,5.0,1
B00BPX2N9W,5.0,1
B00BPX5JHA,5.0,1
B00IIQBNLI,5.0,1
B00B5S5HCC,5.0,1
B00BPVBQKG,4.0,1
B00B5R7672,4.0,1
B00B5R5JN0,5.0,1
B00B5QXP6E,5.0,1
B00B5QWF2E,5.0,1
B00B5QRL6O,5.0,1
B00B5QLDUO,4.0,1
B00B5Q0DB4,5.0,1
B00I4BZO5S,5.0,1
B00BPVCRV8,5.0,1
B00BPUXDE4,5.0,1
B00B5PK1QW,5.0,1
B00BPQDYF6,4.0,1
B00IIPFE7S,5.0,1
B00I4DJYSE,5.0,1
B00BPRD9AA,5.0,1
B00BPRORB0,4.0,1
B00B5TP668,4.0,1
B00B5T90N8,5.0,1
B00B5T4VEQ,5.0,1
B00B5SE56G,5.0,1
B00BPTH68E,5.0,1
B00B5SDL9I,4.0,1
B00B5SALWI,4.0,1
B00BPU7DJA,5.0,1
B00BPU8D3U,5.0,1
B00I4CI3TG,5.0,1
B00I4BYY3Q,5.0,1
B00B61YP08,5.0,1
B00BQ1BWYU,5.0,1
B00I4BSH1G,4.0,1
B00BQ0OCV6,4.0,1
B00B5PD3JO,5.0,1
B00BQ0PF4O,5.0,1
B00B5PCZ7K,5.0,1
B00BQ12S3O,5.0,1
B00BQ14RAQ,5.0,1
B00B5PFHB6,4.0,1
B00BQ1MY0G,5.0,1
B00BQ1U0SY,5.0,1
B00BQ1Y9CW,5.0,1
B00BQ21PGY,5.0,1
B00B5NKD0S,5.0,1
B00B5LZMRO,5.0,1
B00B5PF2PM,5.0,1
B00BQ0K9ZO,5.0,1
B00B5PHCSM,5.0,1
B00IIRJ98Q,5.0,1
B00B5PID8A,5.0,1
B00B5PIBW8,5.0,1
B00B5PI5ZG,5.0,1
B00B5PHYAS,5.0,1
B00BPYKPX2,5.0,1
B00BPYKR1W,5.0,1
B00B5PG8NM,5.0,1
B00BQ0HAQA,4.0,1
B00BPZ1UJE,5.0,1
B00B5PG2Q0,5.0,1
B00BPZL5VC,5.0,1
B00IIRJCTM,5.0,1
B00BQ00JNQ,4.0,1
B00B5PFPN6,5.0,1
B00B5PFHW0,4.0,1
B00BPPS3NU,4.0,1
B00B5ULG34,4.0,1
B00B5ZXCB8,5.0,1
B00BPMTK2Q,5.0,1
B00I4O8DXA,5.0,1
B00BPMU0RU,5.0,1
B00B5ZFGJO,5.0,1
B00I4LR6VI,5.0,1
B00BPN0JN4,5.0,1
B00B5YORM2,5.0,1
B00BPMRXK2,5.0,1
B00I4L17H2,5.0,1
B00B5Y9Q2I,5.0,1
B00BPN37HO,5.0,1
B00I4JB22Y,4.0,1
B00BPN40IY,5.0,1
B00IILH1UA,5.0,1
B00BPMOTKY,5.0,1
B00BPPS3L2,5.0,1
B00BPM7I0W,5.0,1
B00IIK2O5S,5.0,1
B00BPJOU7Y,4.0,1
B00BPLZQOS,5.0,1
B00BPM2J38,5.0,1
B00B61Y9JU,5.0,1
B00BPM3LTE,5.0,1
B00BPMOR4W,5.0,1
B00BPMBVI2,5.0,1
B00B61O5H6,5.0,1
B00I4SKB1S,4.0,1
B00B61BG78,5.0,1
B00B60XAUK,5.0,1
B00B60PYA4,4.0,1
B00BPMIRAC,4.0,1
B00BPN44OY,5.0,1
B00BPPNUYC,5.0,1
B00BPPKQRQ,5.0,1
B00BPPLLU2,4.0,1
B00BPPLVFC,5.0,1
B00B5VVAD4,5.0,1
B00BPPMZNO,5.0,1
B00BPPNNTY,4.0,1
B00B5UY7J4,5.0,1
B00B5UY32U,4.0,1
B00I4FQ16K,5.0,1
B00BPPPZKE,5.0,1
B00BPPQ2NS,5.0,1
B00BPPRTDA,5.0,1
B00I4DOONE,5.0,1
B00B5VY8WO,4.0,1
B00B5W2CX0,5.0,1
B00B5W5T1W,5.0,1
B00I4H9552,4.0,1
B00BPNZ114,5.0,1
B00BPNZNNU,4.0,1
B00BPO4J8O,5.0,1
B00IIOL572,4.0,1
B00BPO5VPO,5.0,1
B00I4H83GY,5.0,1
B00IIP41JU,5.0,1
B00BPPDORU,5.0,1
B00B5WZBEC,4.0,1
B00BPPH0GQ,5.0,1
B00B5WUFB6,5.0,1
B00BPPJTG0,4.0,1
B00I4G97ZQ,4.0,1
B00BP0PDMY,4.0,1
B00BP0G5Z8,5.0,1
B00BQ3BDRO,5.0,1
B00BOJTSJK,5.0,1
B00BOJTZCU,4.0,1
B00BOJU4OS,5.0,1
B00BOJU5WO,5.0,1
B00BOJUTM0,5.0,1
B00B7T8I2A,5.0,1
B00BOJVBTU,5.0,1
B00B7SK11M,4.0,1
B00BOJTDU4,5.0,1
B00BOJVSCU,5.0,1
B00BOJVVAE,5.0,1
B00B7RK6L8,5.0,1
B00BOJWAHC,5.0,1
B00BOJWTZA,5.0,1
B00IHJUV9Q,5.0,1
B00B7QVF50,5.0,1
B00BOJTMZA,5.0,1
B00BOJTAUW,5.0,1
B00BOJWX6U,5.0,1
B00BOJRWSO,5.0,1
B00BOJQOZQ,5.0,1
B00B7V418S,5.0,1
B00B7V3RQ0,5.0,1
B00BOJQSSO,4.0,1
B00B7V2ALI,4.0,1
B00BOJRG76,5.0,1
B00BOJRH7K,4.0,1
B00B7V1NE8,5.0,1
B00B7V0VJG,5.0,1
B00BOJTAHU,5.0,1
B00B7V0MYA,5.0,1
B00B7UZIGI,5.0,1
B00B7UZ4UI,5.0,1
B00B7UYIN2,5.0,1
B00BOJSGFM,5.0,1
B00BOJSKBM,5.0,1
B00B7QSQES,5.0,1
B00BOJX5O4,5.0,1
B00BOK3YB2,5.0,1
B00B7NHMUA,5.0,1
B00B7O2B6Y,5.0,1
B00BOJYWW8,5.0,1
B00B7NPP4A,5.0,1
B00B7NJJ9C,4.0,1
B00I53WR9G,5.0,1
B00I53QX78,5.0,1
B00BOJZX62,5.0,1
B00BOK08E8,5.0,1
B00B7OH9VG,5.0,1
B00BOK0X0M,5.0,1
B00BOK15FE,4.0,1
B00B7N85K6,4.0,1
B00IHPJKN8,4.0,1
B00BOK18OC,5.0,1
B00BOK24H2,5.0,1
B00B7N6KRG,5.0,1
B00I54151G,5.0,1
B00B7QSFX0,5.0,1
B00B7PKIRW,5.0,1
B00B7QRO9Q,5.0,1
B00I56C6TO,5.0,1
B00BOJXFKI,5.0,1
B00IHN4XJ6,5.0,1
B00B7PMBRC,4.0,1
B00B7PM7I0,5.0,1
B00B7PKGAQ,5.0,1
B00IHOTX1S,5.0,1
B00I54SWU8,5.0,1
B00B7PK548,5.0,1
B00B7PJIF0,5.0,1
B00B7PIXVU,5.0,1
B00I54BOJY,5.0,1
B00B7PHL90,5.0,1
B00B7P5DL8,5.0,1
B00BOJYKQG,5.0,1
B00B7V431S,5.0,1
B00BOJQIRK,5.0,1
B00B7V4ZXY,4.0,1
B00B86DCFA,5.0,1
B00B86AJME,5.0,1
B00BOJJ0VQ,5.0,1
B00BOJJNXG,5.0,1
B00IHEQJO2,5.0,1
B00BOJK77M,5.0,1
B00B86EQ8W,5.0,1
B00BOJKG8M,5.0,1
B00B868PA2,4.0,1
B00B85N8PU,5.0,1
B00B85HPOU,5.0,1
B00BOJKWSQ,5.0,1
B00BOJL1MC,4.0,1
B00B86EDB2,5.0,1
B00B86EXTO,5.0,1
B00BOJQH3U,5.0,1
B00IHAOD9E,5.0,1
B00BOJGTYW,5.0,1
B00B86JDY4,4.0,1
B00BOJH37Y,4.0,1
B00I5EQ6YM,5.0,1
B00BOJHBLM,5.0,1
B00BOJIZOE,5.0,1
B00B86GX9C,4.0,1
B00B86GTSC,5.0,1
B00BOJHM4I,5.0,1
B00IHBX4SE,5.0,1
B00B86FZ5U,4.0,1
B00B84QI30,5.0,1
B00B84DP3G,5.0,1
B00B7YDOH4,5.0,1
B00B7WI6TC,5.0,1
B00BOJOR2I,4.0,1
B00IHIJ1MU,5.0,1
B00I5ARNNE,5.0,1
B00BOJPRYA,5.0,1
B00BOJLY2Y,5.0,1
B00B7VA3W6,5.0,1
B00B7V9ZI4,4.0,1
B00B7V7SF6,5.0,1
B00I5AAJ7G,5.0,1
B00B7V5LZU,5.0,1
B00B80EQQK,5.0,1
B00BOJO4AI,5.0,1
B00B81R60W,5.0,1
B00BOJM4IM,5.0,1
B00BOJMJ3C,4.0,1
B00BOJMS2Y,5.0,1
B00BOJMU9U,4.0,1
B00B83NDCU,5.0,1
B00BOJMZJA,5.0,1
B00B83IEL0,4.0,1
B00B83IEJW,5.0,1
B00BOJNMY2,5.0,1
B00B83IAYG,4.0,1
B00I5AS8L0,5.0,1
B00IHI1B2S,4.0,1
B00B824DFC,5.0,1
B00BOJO44E,5.0,1
B00BP0FF54,5.0,1
B00B78UGWQ,5.0,1
B00BOVBK9E,5.0,1
B00B79LARU,5.0,1
B00I52UWTE,5.0,1
B00BOVJSXO,5.0,1
B00B79GFCK,5.0,1
B00B790RMY,5.0,1
B00B78ZDSS,5.0,1
B00B78EJGK,5.0,1
B00BOVTEOW,5.0,1
B00BOWAQDY,4.0,1
B00BOWDZEQ,5.0,1
B00B785UWM,5.0,1
B00BOWGR6E,4.0,1
B00II3IA9Y,5.0,1
B00B76TNCC,5.0,1
B00BOWKNNM,5.0,1
B00B7AO83M,5.0,1
B00BOVA7BQ,5.0,1
B00BOWOT7S,5.0,1
B00IHZZD2U,5.0,1
B00BOTZS12,5.0,1
B00B7CSDD6,5.0,1
B00I52WEF4,4.0,1
B00BOU1CNY,5.0,1
B00B7CQA4U,5.0,1
B00I52WCKQ,5.0,1
B00BOUE35I,4.0,1
B00BOUF3FC,4.0,1
B00BOURSVY,5.0,1
B00BOUSCZA,5.0,1
B00B7C0VUO,5.0,1
B00B7BW9V4,5.0,1
B00BOV8T7A,5.0,1
B00II0OGY0,5.0,1
B00B7BGSVQ,5.0,1
B00B76J6XI,5.0,1
B00BOWUEL8,5.0,1
B00B7N0T78,5.0,1
B00BOZA91A,5.0,1
B00B71BTX8,5.0,1
B00B715Y7U,5.0,1
B00BOZ2MGA,5.0,1
B00BOZ6XRE,5.0,1
B00BOZ8KZM,4.0,1
B00BOZ9CU4,5.0,1
B00IIAEC7G,5.0,1
B00BOZ9X2Q,4.0,1
B00B6ZCHZ4,5.0,1
B00B6ZBJW6,5.0,1
B00B6Z3CQ2,5.0,1
B00BOZC8BY,5.0,1
B00BP07MLY,5.0,1
B00I51J1LK,5.0,1
B00IIAJYEC,5.0,1
B00BP0CY0I,5.0,1
B00BOYR75C,4.0,1
B00BOYH3NI,5.0,1
B00B745X46,5.0,1
B00B73MA9I,5.0,1
B00II6L1WY,5.0,1
B00BOXASFO,5.0,1
B00BOXBY7U,5.0,1
B00BOXE1TS,5.0,1
B00II6RSSA,4.0,1
B00II6WPD8,4.0,1
B00I528RGY,5.0,1
B00BOXUAIY,5.0,1
B00BOXZYKI,5.0,1
B00BOYFSTY,4.0,1
B00BOY0880,5.0,1
B00BOY0AAQ,5.0,1
B00B73HSZO,5.0,1
B00BOY0TYS,5.0,1
B00BOY48F4,5.0,1
B00B729G6Y,4.0,1
B00II7URVY,5.0,1
B00B7D6N28,5.0,1
B00BOMSUHS,5.0,1
B00BOKRR2Y,5.0,1
B00BOLLHSI,5.0,1
B00B7M7HI8,5.0,1
B00BOM4XIS,5.0,1
B00B7M736Y,5.0,1
B00B7M2L20,4.0,1
B00BOMP1AM,5.0,1
B00BOMVHMS,5.0,1
B00BOKNFJI,5.0,1
B00IHS7CSK,5.0,1
B00BON1K10,5.0,1
B00IHSGM4U,5.0,1
B00BON6ZAG,5.0,1
B00B7LKXLW,5.0,1
B00BONGU6U,5.0,1
B00B7L91JW,5.0,1
B00BOKRQYS,5.0,1
B00BOK8FAW,5.0,1
B00IHZS5GQ,5.0,1
B00B7MF9MO,5.0,1
B00BOK48LM,5.0,1
B00I53BCRO,5.0,1
B00B7MU73A,5.0,1
B00IHQLAH6,5.0,1
B00B7MHGQQ,5.0,1
B00B7MD8PO,5.0,1
B00BOK5O7E,5.0,1
B00BOK5TM4,5.0,1
B00B7MF7RG,5.0,1
B00BOK738W,5.0,1
B00B7MES5S,5.0,1
B00BOK85S4,5.0,1
B00BOK8B2O,5.0,1
B00BONH55K,5.0,1
B00BONH5DC,5.0,1
B00B7GNLFW,5.0,1
B00BOSGEM0,5.0,1
B00B7FBYOS,4.0,1
B00BOSN7OI,5.0,1
B00BOSQ7FY,5.0,1
B00I535IBU,5.0,1
B00B7FACKU,4.0,1
B00B7KQUZ6,4.0,1
B00IHUOW2W,5.0,1
B00I52ZVU4,5.0,1
B00B7EUHHY,5.0,1
B00B7D7IZY,4.0,1
B00BOSTBEI,5.0,1
B00B7D6ZWQ,5.0,1
B00BOSTZOE,4.0,1
B00BOSYTKY,5.0,1
B00BOSAQTC,5.0,1
B00BORS3F2,5.0,1
B00B7GYTG2,5.0,1
B00B7KQLKK,5.0,1
B00BONH8X4,5.0,1
B00IHTNKN0,5.0,1
B00BONHABO,5.0,1
B00BONHJW4,5.0,1
B00BONHMAI,4.0,1
B00BORE4O6,5.0,1
B00BORJ0PY,5.0,1
B00BORJLX0,5.0,1
B00BORK8JQ,5.0,1
B00BORKX28,5.0,1
B00BORS2NU,4.0,1
B00BSEBFT2,5.0,1
B00BRVMKEK,4.0,1
B00BRS4NT8,5.0,1
B00BRSL9C2,5.0,1
B00BRUDHSE,5.0,1
B00BRV5SMG,5.0,1
B00BRVI6PW,4.0,1
B00B4H109S,5.0,1
B00BRVMCPM,5.0,1
B00BRVMFKO,5.0,1
B00I33INPA,4.0,1
B00B4HARGU,5.0,1
B00B4GW2DM,5.0,1
B00B4GPKK4,5.0,1
B00B4GNM3G,4.0,1
B00B4G08E2,5.0,1
B00BRVXO4U,5.0,1
B00BRW1AA4,5.0,1
B00BRRJ1UK,5.0,1
B00B4HF5HQ,5.0,1
B00BRQ7SHY,5.0,1
B00BRNG6GG,5.0,1
B00BRO94L4,5.0,1
B00B4I8JCS,5.0,1
B00BRP7JB0,5.0,1
B00BRPNFZO,5.0,1
B00B4I4Z1C,5.0,1
B00IJ5SWD0,5.0,1
B00BRPYYDQ,5.0,1
B00BRQHMR0,5.0,1
B00BRRI534,5.0,1
B00B4I0HPU,4.0,1
B00B4HYBN0,5.0,1
B00B4HTJSM,5.0,1
B00BRR9P7O,5.0,1
B00BRRBBGM,5.0,1
B00BRW5ZN2,4.0,1
B00IJ5UTJ0,5.0,1
B00B49399K,5.0,1
B00BS4LOVG,5.0,1
B00BS3NUKA,5.0,1
B00BS3Q0XE,5.0,1
B00I2Y8HCO,4.0,1
B00BS4BZS8,5.0,1
B00BS4LO2A,5.0,1
B00BS4LOHK,5.0,1
B00B49HF6S,4.0,1
B00B4D0P2A,5.0,1
B00BS4QS7G,5.0,1
B00I2Y3N8M,5.0,1
B00BS5FVBE,5.0,1
B00BS6AHCQ,4.0,1
B00BS6B4SC,5.0,1
B00BS6G90K,4.0,1
B00B49DXQ4,5.0,1
B00I2YI0QW,5.0,1
B00BS2R7GE,5.0,1
B00BRWYXRQ,5.0,1
B00B4ETDZO,5.0,1
B00B4FDD8G,5.0,1
B00B4F37FU,4.0,1
B00B4EUPNI,5.0,1
B00B4EUB78,5.0,1
B00BRYGHOQ,5.0,1
B00BRYODPG,4.0,1
B00B4DG6P0,4.0,1
B00B4ENE6I,5.0,1
B00BRZKDJU,5.0,1
B00B4DGUHE,5.0,1
B00IJ6HOQ0,4.0,1
B00BS1AR08,5.0,1
B00IJ7C1I0,5.0,1
B00BS1UMAS,5.0,1
B00IJA148A,4.0,1
B00BRN653A,5.0,1
B00B4I8LXK,5.0,1
B00B4MWPGK,5.0,1
B00BRGR6SU,5.0,1
B00I3G54EA,5.0,1
B00B4MSVI6,4.0,1
B00I3ECUNA,5.0,1
B00I3DW0OU,5.0,1
B00IJ2GS7U,4.0,1
B00BRHO0D8,5.0,1
B00BRHYKWE,5.0,1
B00B4MOKJK,5.0,1
B00B4MLWKU,5.0,1
B00B4MJYR8,4.0,1
B00BRGMQH6,5.0,1
B00B4N0AN4,5.0,1
B00BRMXKXY,4.0,1
B00BRA1R1I,5.0,1
B00BR7MQMK,5.0,1
B00BR7MTMW,5.0,1
B00B4O3WJ2,5.0,1
B00BR8GGR0,5.0,1
B00B4O1MSU,4.0,1
B00BR8J61S,5.0,1
B00BRA2XBG,5.0,1
B00I3G5GPW,5.0,1
B00BRADE7I,5.0,1
B00BRCAHLC,5.0,1
B00B4NFEUI,5.0,1
B00BRCAR1W,5.0,1
B00BRDVOWW,4.0,1
B00B4M7MC2,5.0,1
B00I3DJ796,4.0,1
B00B4IY8GE,5.0,1
B00B4INRI4,5.0,1
B00BRLJZTI,5.0,1
B00IJ4MDPO,5.0,1
B00BRM0WSU,5.0,1
B00BRM4ITO,5.0,1
B00IJ47J3U,5.0,1
B00BRM9X6W,5.0,1
B00BRMHJ9K,5.0,1
B00B4IAT76,5.0,1
B00BRMKMB2,5.0,1
B00I36SM1W,5.0,1
B00I361548,5.0,1
B00IJ5EI9M,4.0,1
B00B4J6IHK,5.0,1
B00BRLAISU,5.0,1
B00B4J95EI,5.0,1
B00IJ4MBAG,5.0,1
B00BRIG28I,5.0,1
B00BRIG2II,5.0,1
B00BRIG328,5.0,1
B00BRIN1V4,4.0,1
B00BRIN2RW,4.0,1
B00BRINFC4,4.0,1
B00BRJG4XK,4.0,1
B00BRJIMFS,5.0,1
B00I39OS0I,5.0,1
B00BRKLOB6,4.0,1
B00BRKPNGI,5.0,1
B00B4JGNAM,5.0,1
B00BSE30ZY,5.0,1
B00B3PZQEG,5.0,1
B00BSE2W76,4.0,1
B00B3PHMHU,5.0,1
B00BSE2WVC,5.0,1
B00BSE2ZOG,4.0,1
B00B3PG8V6,5.0,1
B00BSE2OEC,5.0,1
B00B3PEPNO,5.0,1
B00BSE332E,5.0,1
B00I2MOWJS,4.0,1
B00BSE34XW,5.0,1
B00B3PEDO0,5.0,1
B00I2PHU08,5.0,1
B00BSE2K0U,5.0,1
B00BSE3ARM,5.0,1
B00BSE214K,4.0,1
B00B3UHFKE,5.0,1
B00BSE1RKY,5.0,1
B00B3U80IU,5.0,1
B00I2PKK1O,5.0,1
B00B3TZTIU,5.0,1
B00B3TS3UQ,5.0,1
B00BSE26N6,5.0,1
B00BSE2JVA,5.0,1
B00BSE26YK,4.0,1
B00BSE2ANC,5.0,1
B00B3SUZEE,5.0,1
B00B3ST8D8,4.0,1
B00BSE2DSE,5.0,1
B00BSE2FFA,5.0,1
B00BSE2HPI,5.0,1
B00B3PECY6,5.0,1
B00I2WXQJK,5.0,1
B00BSE4ETK,5.0,1
B00BSE4H60,5.0,1
B00BSE4JOA,5.0,1
B00I2FD3J0,5.0,1
B00BSE4KVC,5.0,1
B00BSE4WZG,5.0,1
B00BSE5N0O,5.0,1
B00I2F8OA8,5.0,1
B00BSE4BSO,5.0,1
B00BSE5Q0Q,5.0,1
B00B3LLVDK,5.0,1
B00BSE6G78,5.0,1
B00BSE6JBG,4.0,1
B00BSE8JLO,5.0,1
B00BSE8O5U,5.0,1
B00BSE8XUG,5.0,1
B00BSE4CCO,5.0,1
B00BSE3WO8,5.0,1
B00BSE3CY8,4.0,1
B00B3OAA5C,5.0,1
B00B3PDPTE,4.0,1
B00B3PC66M,4.0,1
B00B3PC0PE,4.0,1
B00B3P8CGA,4.0,1
B00B3P5BRS,5.0,1
B00BSE3HKC,5.0,1
B00B3OC5T6,5.0,1
B00B3OA80O,5.0,1
B00B3MG6O8,4.0,1
B00BSE3IJW,5.0,1
B00BSE3LN0,5.0,1
B00I2HB3EK,4.0,1
B00I2GPAQS,5.0,1
B00I2FN1EW,4.0,1
B00B3UM6GC,5.0,1
B00B3VE1B4,5.0,1
B00BSD9ABS,4.0,1
B00BSABLNQ,5.0,1
B00IJEG78S,4.0,1
B00B45NY6W,5.0,1
B00B45MAP8,5.0,1
B00B45LEYG,5.0,1
B00B45C2V0,4.0,1
B00B44WDG0,5.0,1
B00B43QCR2,5.0,1
B00BSDUIKU,5.0,1
B00BSDZRMO,5.0,1
B00BSDZUCQ,5.0,1
B00B43DXQK,5.0,1
B00I2SCJXS,5.0,1
B00I2SCERY,5.0,1
B00B430LXS,5.0,1
B00B42VM5A,5.0,1
B00BSABEB0,4.0,1
B00IJEDL9Q,4.0,1
B00B3VF5IC,5.0,1
B00BS8Y5X6,5.0,1
B00IJCXKIU,5.0,1
B00BS8460I,5.0,1
B00BS8RO48,5.0,1
B00B48F9V2,5.0,1
B00B48F8U4,5.0,1
B00B47WZ92,4.0,1
B00BS921AY,4.0,1
B00IJE7KOS,5.0,1
B00BS97WS0,5.0,1
B00I2UN8WM,4.0,1
B00I2U95VU,5.0,1
B00BS9L2DG,4.0,1
B00IJE6ZH6,5.0,1
B00I2SGMCW,5.0,1
B00B46M25K,4.0,1
B00BS9W8S4,4.0,1
B00BSE066A,5.0,1
B00IJESQUK,5.0,1
B00BSE08W2,5.0,1
B00B3YEEHC,5.0,1
B00BSE0WPA,5.0,1
B00BSE0XN6,5.0,1
B00BSE0Y0I,5.0,1
B00BSE1BNW,5.0,1
B00B3YJPRQ,5.0,1
B00BSE1CNQ,5.0,1
B00BSE1D2Q,5.0,1
B00B3YJP44,5.0,1
B00BSE1HJA,5.0,1
B00B40O6XC,5.0,1
B00BSE1HJU,5.0,1
B00B3WME9E,5.0,1
B00B3WGEQS,4.0,1
B00B3W2SM2,5.0,1
B00I2QRN9K,5.0,1
B00BSE0SE0,5.0,1
B00BSE0R9G,5.0,1
B00BSE0PUW,5.0,1
B00B40AAD2,5.0,1
B00BSE0D40,5.0,1
B00BSE0GS8,4.0,1
B00BSE0IJU,5.0,1
B00IJFRJ66,5.0,1
B00BSE0K2K,5.0,1
B00B3ZOOPI,5.0,1
B00B3Z15C8,5.0,1
B00B3Z0L2I,5.0,1
B00B3YZX04,5.0,1
B00BSE0KV6,5.0,1
B00BSE0P0W,5.0,1
B00B3YP4NK,4.0,1
B00IJ0ZIIM,4.0,1
B00BQ43D08,5.0,1
B00B5FNUII,5.0,1
B00B5GLB1A,5.0,1
B00B5GBW28,5.0,1
B00BQKQ1I8,5.0,1
B00BQKQ1IS,5.0,1
B00BQKQ1JC,5.0,1
B00I45WKRY,4.0,1
B00IIUW8GS,4.0,1
B00I45MSG2,5.0,1
B00BQK9MV6,4.0,1
B00B5FIZTM,5.0,1
B00B5FGRPG,5.0,1
B00BQKQ1LK,5.0,1
B00B5FG2R4,5.0,1
B00BQKQ1R4,4.0,1
B00BQKQ20A,4.0,1
B00IIUWRKU,4.0,1
B00BQKX9UQ,5.0,1
B00BQKYCX4,5.0,1
B00B5HW5XW,4.0,1
B00B5HSVAS,5.0,1
B00BQK58UA,5.0,1
B00B5HPNQ8,5.0,1
B00B5HPK34,5.0,1
B00B5HP6C4,5.0,1
B00B5H6X30,5.0,1
B00B5HKQ6K,5.0,1
B00B5HGD5I,4.0,1
B00B5HFDFE,5.0,1
B00B5HCL68,4.0,1
B00BQK9IVA,4.0,1
B00BQL20H8,4.0,1
B00B5CYDCI,5.0,1
B00B5E37WI,5.0,1
B00BQOCGA6,5.0,1
B00BQP2HQ8,5.0,1
B00BQPMNIU,5.0,1
B00BQQ0Y6C,5.0,1
B00I45A4K4,5.0,1
B00BQQBPZQ,5.0,1
B00B5B6ZX4,5.0,1
B00BQQP6ZG,4.0,1
B00B5AN3M6,5.0,1
B00B5AMVIS,5.0,1
B00B5A5GYY,5.0,1
B00B5E5MVW,5.0,1
B00B5EVBIA,4.0,1
B00BQLIMT8,5.0,1
B00B5EOSUI,4.0,1
B00BQL21MW,5.0,1
B00B5EMOAO,5.0,1
B00B5ELC84,5.0,1
B00BQL2IQQ,5.0,1
B00BQL8IEM,5.0,1
B00BQLL4W0,5.0,1
B00BQMWWSE,5.0,1
B00B5EG1WG,5.0,1
B00BQLL5QK,5.0,1
B00BQLYEFE,4.0,1
B00BQM5KM4,5.0,1
B00BQMCAZY,4.0,1
B00I45ELJE,5.0,1
B00BQMKLRI,5.0,1
B00I46JE68,5.0,1
B00I49GEEK,5.0,1
B00BQ7OS6I,5.0,1
B00I49VNVO,5.0,1
B00I49KAMC,5.0,1
B00B5LILG8,5.0,1
B00B5LF43G,5.0,1
B00B5LENQ0,5.0,1
B00BQ8VKBI,4.0,1
B00BQ90DEC,5.0,1
B00BQ94AHS,5.0,1
B00BQ96MIS,4.0,1
B00B5LE2LQ,5.0,1
B00B5LD7R6,5.0,1
B00BQA2MIG,5.0,1
B00BQ7ENRW,5.0,1
B00I4BL1JQ,5.0,1
B00B5LR4WK,5.0,1
B00BQ4KKLI,4.0,1
B00B5LQYG2,5.0,1
B00BQ5C19Q,4.0,1
B00B5LQY2Q,5.0,1
B00BQ5EFOA,4.0,1
B00BQ70AGK,4.0,1
B00BQ7B5VO,5.0,1
B00B5LQ6UG,5.0,1
B00BQ77TFU,5.0,1
B00B5LPPH6,5.0,1
B00IISFGEQ,5.0,1
B00B5LMP7E,5.0,1
B00B5LMDOE,5.0,1
B00BQ7A5FQ,5.0,1
B00IIT76H0,5.0,1
B00B5L94JQ,5.0,1
B00I47I15M,5.0,1
B00BQHEMHI,5.0,1
B00BQHEMJG,5.0,1
B00B5JI8RC,5.0,1
B00IITKQGI,4.0,1
B00B5JEFVK,5.0,1
B00B5JB6NU,5.0,1
B00I47SAK8,5.0,1
B00B5J278I,5.0,1
B00BQDZG8G,5.0,1
B00IITRPOO,5.0,1
B00I46YX96,5.0,1
B00BQHIW6K,5.0,1
B00B5IAGQ4,5.0,1
B00I46OTOU,5.0,1
B00BQHLR9O,4.0,1
B00B5IAF42,5.0,1
B00I46MTL0,5.0,1
B00BQH8US0,5.0,1
B00IITJU24,5.0,1
B00BQE89PC,5.0,1
B00BQE9LAE,5.0,1
B00BQEF2R0,5.0,1
B00IITGLHG,4.0,1
B00I495A6I,5.0,1
B00BQEPJ46,5.0,1
B00IITI5ES,4.0,1
B00BQFPA3K,5.0,1
B00BQG01WO,4.0,1
B00B5KMA7A,5.0,1
B00B5KFPLI,5.0,1
B00IITJF24,4.0,1
B00BQGLBHS,4.0,1
B00B5K4CZI,4.0,1
B00BQR3VI4,5.0,1
B00I4506LQ,5.0,1
B00BR7AD8O,5.0,1
B00B4WIR2G,5.0,1
B00BR2DW5U,5.0,1
B00B4XBO8O,5.0,1
B00BR2EM4A,5.0,1
B00BR2FBJU,4.0,1
B00BR2FMDA,5.0,1
B00B4X9TOA,5.0,1
B00B4WUOTK,5.0,1
B00B4WI316,5.0,1
B00B4XJW1U,5.0,1
B00B4VISEO,5.0,1
B00B4VIS4Y,4.0,1
B00B4VIR7W,5.0,1
B00BR2RTPO,5.0,1
B00BR2UC7Q,5.0,1
B00BR2X1ZQ,5.0,1
B00BR32HPK,5.0,1
B00BR2BER8,4.0,1
B00I3LCTRU,5.0,1
B00BR1XEI6,5.0,1
B00BR1GY5Q,4.0,1
B00BR1LZ4Q,5.0,1
B00BR1RZBI,5.0,1
B00BR1UKT2,5.0,1
B00BR1VG4A,5.0,1
B00B4Y2PUE,5.0,1
B00IIXXKKI,5.0,1
B00B4Y1P7I,4.0,1
B00B4XMNBG,5.0,1
B00BR1Y1OM,5.0,1
B00BR1Z1Q4,5.0,1
B00I3MQWZO,4.0,1
B00BR28DN6,5.0,1
B00BR29IOO,5.0,1
B00IIY7TKO,5.0,1
B00BR32NE0,5.0,1
B00BQS6PDG,5.0,1
B00B4PCG6Q,5.0,1
B00I3JU50A,4.0,1
B00B4PQ3W4,5.0,1
B00B4PMH6A,5.0,1
B00B4PGWCA,4.0,1
B00I3JANGG,5.0,1
B00BR48IIY,5.0,1
B00B4P17XY,4.0,1
B00BR5255U,5.0,1
B00B4OICAQ,5.0,1
B00BR5K3NG,5.0,1
B00B4OI9BI,4.0,1
B00BR5XSZG,5.0,1
B00B4Q05RW,4.0,1
B00I3JYUS8,5.0,1
B00BR33MOA,4.0,1
B00B4TR482,4.0,1
B00B4UDN7W,5.0,1
B00BR34J7E,5.0,1
B00BR38L7S,5.0,1
B00B4U0WZI,5.0,1
B00BR3H4YY,4.0,1
B00B4TRZEU,5.0,1
B00BR3MIJU,5.0,1
B00IIZZI5G,5.0,1
B00BR3NLKU,5.0,1
B00B4TEP5M,5.0,1
B00B4SVY9I,5.0,1
B00B4RK508,5.0,1
B00BR46368,5.0,1
B00B4YAMIQ,5.0,1
B00BQTV8AU,5.0,1
B00B53E8ZY,5.0,1
B00B52NCW0,5.0,1
B00BQUAKI0,5.0,1
B00B52BWLS,5.0,1
B00B5294U4,4.0,1
B00BQULPW0,5.0,1
B00B51TPX6,5.0,1
B00B51BXRC,4.0,1
B00I3TJ1ZK,5.0,1
B00BQWD6UW,4.0,1
B00BQWPOZC,4.0,1
B00BQWX1VG,5.0,1
B00B544FDS,4.0,1
B00IIVOCFC,4.0,1
B00I3NKJXY,5.0,1
B00B594KDS,4.0,1
B00I3XVRDU,5.0,1
B00B58Y8F4,4.0,1
B00B58VKH8,5.0,1
B00BQTQF7Q,4.0,1
B00B58RUQ8,5.0,1
B00I3WNGQW,5.0,1
B00I3VKE86,4.0,1
B00B5861QI,5.0,1
B00B57ZV24,5.0,1
B00IIVG89U,5.0,1
B00B57JGXY,5.0,1
B00B56I3PW,5.0,1
B00B516UW0,5.0,1
B00BQYDU4M,5.0,1
B00BR0UD0O,5.0,1
B00IIX3S8M,5.0,1
B00IIX8U2G,5.0,1
B00IIXHFMC,4.0,1
B00B4ZS2NC,5.0,1
B00IIXTAOS,5.0,1
B00B4ZA3D4,5.0,1
B00B4Z917I,4.0,1
B00BR13I2I,4.0,1
B00I3NLL22,5.0,1
B00BR1DN6E,5.0,1
B00BR08Y8M,4.0,1
B00BR0693O,5.0,1
B00I3SZ44I,4.0,1
B00B514LLC,5.0,1
B00B514FN6,5.0,1
B00B50YJQU,4.0,1
B00B50Q6A2,4.0,1
B00I3RIC8O,5.0,1
B00IIVQE2G,5.0,1
B00BQZNI16,5.0,1
B00B50GDNM,5.0,1
B00I3PZDLA,5.0,1
B00I3PYC12,4.0,1
B00I3PA50Y,5.0,1
B00I3OYGRS,5.0,1
B00CIGS5HY,5.0,1
B00HPRAXSK,5.0,1
B009Z1PKBY,5.0,1
B00DJ50NVO,5.0,1
B009Z1UB4K,5.0,1
B009Z1TTUM,4.0,1
B00DJ69JZE,5.0,1
B00J9P2FBO,5.0,1
B00DJ4WWAK,5.0,1
B009Z1JU9W,5.0,1
B00DJ6L4XY,5.0,1
B00DJ6XMS4,5.0,1
B009Z1E26S,5.0,1
B00J9P4YO0,4.0,1
B00H926IB2,5.0,1
B00DJ7PPQ0,5.0,1
B00DJ8RRXS,5.0,1
B009Z1V4CI,4.0,1
B009Z11II8,5.0,1
B009Z32EIO,5.0,1
B00DILPV5M,4.0,1
B00DILTYGY,4.0,1
B00DIMEC1A,5.0,1
B00J9OUWME,5.0,1
B00DIMI702,5.0,1
B00DIRCA14,5.0,1
B00DITZGE0,5.0,1
B00DIVFXCI,4.0,1
B00DIWQDWQ,4.0,1
B009Z2EDUC,4.0,1
B00J9OY9DC,5.0,1
B009Z25QWQ,4.0,1
B00DJ3CEL8,4.0,1
B00DJ8TXI0,5.0,1
B00H8Z6XL0,5.0,1
B009YZB7OU,4.0,1
B00H8ZU13Q,5.0,1
B009YZ95CG,5.0,1
B009YZ2TEW,5.0,1
B00J9PYD78,5.0,1
B00DJE5IEM,4.0,1
B00DJENYYI,5.0,1
B00DJESPGK,5.0,1
B00DJC4ZRK,4.0,1
B00J9QIOV8,5.0,1
B00DJFXZUA,5.0,1
B00DJFYKU4,5.0,1
B00DJGH0BY,5.0,1
B009YXYXMA,5.0,1
B00DJGPGY2,5.0,1
B009YZCXAW,5.0,1
B009YZHUX2,5.0,1
B009Z0P3AS,5.0,1
B00DJBQF38,5.0,1
B009Z0EE9O,5.0,1
B009Z0ADNK,5.0,1
B00H9254C6,5.0,1
B00DJBNQL2,4.0,1
B00DJBVDD0,5.0,1
B00DJC1OOM,5.0,1
B009YZPHG4,5.0,1
B00H90A08Q,5.0,1
B009YZNRV6,5.0,1
B009Z3QO7Q,5.0,1
B009Z3S1J0,4.0,1
B00J9KOR42,5.0,1
B009Z9Q0HY,4.0,1
B009Z9OF6C,5.0,1
B00DIIM0MC,5.0,1
B009Z9IUAO,5.0,1
B009Z97UU0,5.0,1
B009Z9758C,5.0,1
B009Z91S26,5.0,1
B00DIILT10,5.0,1
B00DIIMBFI,5.0,1
B009Z8ULIE,5.0,1
B00J9LXY40,5.0,1
B00DIIMGN0,5.0,1
B00DIIMO50,5.0,1
B00DIIMRE8,4.0,1
B00DIILTWY,4.0,1
B00DIILSOI,4.0,1
B00DILIBTK,5.0,1
B00DIIK1CI,5.0,1
B00DIIIYB8,5.0,1
B009ZEJV4I,5.0,1
B009ZEGSGC,5.0,1
B00DIIKMXG,5.0,1
B00DIILE4W,5.0,1
B009ZBS4NA,5.0,1
B00DIIKZZ6,5.0,1
B00J9HSXA4,4.0,1
B00DIIL762,4.0,1
B00J9J2DE4,5.0,1
B009ZAQGS6,5.0,1
B009Z8UEKE,4.0,1
B009Z8NNFM,4.0,1
B00DIJPUQO,5.0,1
B009Z64OZC,5.0,1
B00H92H7EE,4.0,1
B009Z5YO1M,4.0,1
B00DIIXV48,5.0,1
B009Z5ARSG,5.0,1
B009Z4YB7U,5.0,1
B00DIKA2RA,5.0,1
B00J9M95I8,5.0,1
B00DIKAAFY,5.0,1
B009Z4GDJE,5.0,1
B00DILG4MG,5.0,1
B00H92KBKQ,5.0,1
B00H93N8WI,5.0,1
B00DIIOL0G,5.0,1
B009Z8F51W,5.0,1
B009Z87DSK,4.0,1
B00DIINCOC,4.0,1
B009Z85CYC,5.0,1
B009Z7UHD4,5.0,1
B00J9M015O,5.0,1
B00DIINDIW,4.0,1
B009Z7NQ5A,5.0,1
B00DIINMK6,5.0,1
B00DIIO6KQ,5.0,1
B00DIIO6R4,4.0,1
B00DIIOIMC,5.0,1
B009YWT51U,5.0,1
B00J9HLLS0,5.0,1
B009YL9XOA,4.0,1
B009YKZXOA,5.0,1
B00DK1K0Q0,5.0,1
B00DK1UF2O,5.0,1
B009YKZ8R2,4.0,1
B00DK30Y1E,5.0,1
B00DK3DRUE,5.0,1
B00DK3U5PO,5.0,1
B00DK1GUKK,5.0,1
B00H8PCKDA,4.0,1
B00H8ORA5Y,5.0,1
B00H8OR9ZU,4.0,1
B00H8OR3EW,5.0,1
B00H8OR0OU,5.0,1
B009YKGCCM,5.0,1
B009YLAG28,5.0,1
B00DK1FF3S,5.0,1
B009YK2AEG,4.0,1
B009YLXH56,4.0,1
B00H8PKYF6,4.0,1
B00J9XPS24,5.0,1
B00DK08OA0,5.0,1
B00DK08QBW,4.0,1
B009YMIT4O,5.0,1
B00DK0BVJ6,5.0,1
B009YLZTLG,5.0,1
B009YLR82Y,5.0,1
B00J9Z7MR6,5.0,1
B00DK0F67E,5.0,1
B009YLOMTQ,5.0,1
B00DK0FSEK,5.0,1
B00DK0TL2A,5.0,1
B009YLNK3U,5.0,1
B009YLJM1E,4.0,1
B009YK4P1C,5.0,1
B00DK4580U,5.0,1
B00DJGUFO8,5.0,1
B00JA02GSK,5.0,1
B00DKDQEB8,5.0,1
B00DKEBDFY,5.0,1
B009YG8WXS,5.0,1
B009YG4MFU,5.0,1
B009YI60Q2,5.0,1
B009YG1PDC,5.0,1
B009YFETDG,5.0,1
B009YF6K7O,5.0,1
B009YEG5Q6,5.0,1
B00DKD9O74,5.0,1
B00H8NYVMA,4.0,1
B00DK6MU2W,5.0,1
B009YK29GA,5.0,1
B00DK6U682,5.0,1
B00DK7L49Q,5.0,1
B00DK8ZNTW,4.0,1
B00DKA2FVY,5.0,1
B00J9ZHM26,4.0,1
B00DKBB4DI,5.0,1
B00DKBLMSU,4.0,1
B009YJ9X24,4.0,1
B00DKBLNOS,4.0,1
B00DKBLWXK,5.0,1
B00H8MYRIO,5.0,1
B00DK08FZY,5.0,1
B009YSOAHI,5.0,1
B00H8XI0DQ,5.0,1
B00DJOLZ12,5.0,1
B00H8UKM26,5.0,1
B00J9THQ9G,5.0,1
B00DJRURL8,5.0,1
B00DJMU1PK,5.0,1
B00DJS54Q0,5.0,1
B00H8SPUNE,4.0,1
B009YSNZFQ,5.0,1
B00DJS6KSQ,5.0,1
B00H8RYLWG,5.0,1
B00DJSCMFG,5.0,1
B00DJSCMHY,5.0,1
B009YSME6W,5.0,1
B00J9TH1GE,5.0,1
B009YWT4WA,5.0,1
B009YWBZRW,5.0,1
B00H8Z21NE,5.0,1
B00J9RTZ8I,4.0,1
B00DJJJPLY,5.0,1
B00J9RW23S,5.0,1
B00DJMHX3S,5.0,1
B00J9RW468,5.0,1
B00H8YR6UI,5.0,1
B00H8Y2I24,5.0,1
B00DJM6LWW,5.0,1
B009YSTOLA,4.0,1
B00DJTQD3C,4.0,1
B009YSL52Q,5.0,1
B009YSL3DW,5.0,1
B00DJY6KZS,5.0,1
B009YOOVPS,5.0,1
B009YOOKRM,5.0,1
B009YOODWE,5.0,1
B009YOOD4C,4.0,1
B00DJY5BM6,5.0,1
B00H8PVAOA,5.0,1
B00H8RYHQG,5.0,1
B00DJY8UMY,5.0,1
B009YOO9LY,5.0,1
B00DJZS4BU,5.0,1
B009YOO97I,5.0,1
B00J9VLK7S,5.0,1
B00DK061LE,5.0,1
B00H8PVPZE,5.0,1
B009YP7550,5.0,1
B00DJWR0V8,5.0,1
B00J9U5X2C,5.0,1
B009YSF5ZY,5.0,1
B00DJUHX6C,5.0,1
B009YS14T0,5.0,1
B00H8QPPRW,4.0,1
B009YS0HWA,5.0,1
B009YRZ1ZY,5.0,1
B00H8QNCYA,5.0,1
B00H8QGFB2,5.0,1
B009YRW0G2,5.0,1
B009YROSBW,4.0,1
B00DJW8UJY,5.0,1
B009YQKOTS,4.0,1
B009YQK2QS,4.0,1
B00DJWDYZE,5.0,1
B00J9FTU62,5.0,1
B009YE6K5W,5.0,1
B00DH4RCFW,5.0,1
B00DH3MGPY,5.0,1
B00DH3NB1W,5.0,1
B00H9C56YW,5.0,1
B00DH3NPFY,5.0,1
B00DH3PKZC,5.0,1
B00A0153II,5.0,1
B00DH3I4LO,5.0,1
B00DH5ZMGW,5.0,1
B00H9C46JI,5.0,1
B00A013X3U,5.0,1
B00DH6VFOE,5.0,1
B00J95SNG0,4.0,1
B00DH6Y8Z2,5.0,1
B00A015Q5S,5.0,1
B00J9542PQ,5.0,1
B00A00MNKU,5.0,1
B00A01X79A,4.0,1
B00H9C6SZ8,5.0,1
B00A031QAK,5.0,1
B00A031PDS,5.0,1
B00A02WQPK,4.0,1
B00A02K7R4,5.0,1
B00A02IM8U,5.0,1
B00A02HZHE,5.0,1
B00DH2LEF8,5.0,1
B00A01K8NI,5.0,1
B00A01X3U8,4.0,1
B00DH2M3IK,5.0,1
B00DH2Y48C,5.0,1
B00DH366RS,4.0,1
B00A01KWCU,5.0,1
B00DH727IQ,5.0,1
B00DHMD7SK,4.0,1
B00DHFD6PQ,5.0,1
B00DHFB99G,5.0,1
B009ZW9FXW,5.0,1
B00DHFBDUQ,5.0,1
B00J98YAXC,5.0,1
B00J99DKCS,5.0,1
B00DHFBG2G,5.0,1
B00DHDCQNQ,5.0,1
B00DHFGERI,5.0,1
B00DHFZO06,5.0,1
B00DHI5E8A,5.0,1
B00DHIC2U8,5.0,1
B00DHJCQVW,5.0,1
B00DHLQUC6,5.0,1
B00DHDCKXM,5.0,1
B00A0070QC,5.0,1
B009ZYLS80,5.0,1
B00DH7MKCE,5.0,1
B00DH7N0A0,5.0,1
B00DH8YX5K,5.0,1
B00A0028L4,5.0,1
B00DHA1GWQ,5.0,1
B00DHCC3KS,5.0,1
B00DHDCK7S,5.0,1
B00J96SNBO,4.0,1
B00DHCCYOS,4.0,1
B009ZXZ7Z6,5.0,1
B00DHCNEOW,5.0,1
B00DHCYYPU,5.0,1
B009ZWQERC,5.0,1
B00J94YH1G,5.0,1
B00J94Y5UE,5.0,1
B00H9C8GIA,5.0,1
B00DGXL8WM,5.0,1
B00H9CN19Y,5.0,1
B00A0BDB0U,5.0,1
B00DGXOACC,5.0,1
B00DGXQP70,5.0,1
B00A0AGD56,5.0,1
B00A0A8FTS,5.0,1
B00A09ZWKE,5.0,1
B00H9CKIZ4,5.0,1
B00A09Y0ZM,5.0,1
B00A09XA3U,5.0,1
B00A09V3IO,5.0,1
B00A09GUDM,5.0,1
B00H9CDF9K,5.0,1
B00J8TY0OQ,5.0,1
B00DGVYSA8,4.0,1
B00DGW27YQ,5.0,1
B00H9D7XLU,4.0,1
B00H9D36U2,5.0,1
B00H9D27RA,5.0,1
B00A0D6AGU,5.0,1
B00DGWSD7Q,5.0,1
B00DGX0Y0O,5.0,1
B00DGXA1TI,5.0,1
B00A0D668C,5.0,1
B00A08M4FQ,5.0,1
B00H9CE3VE,5.0,1
B00A0500VY,5.0,1
B00A04GRJ4,5.0,1
B00J8WMSBU,5.0,1
B00DH20KH6,4.0,1
B00J90PWXC,5.0,1
B00J914HV4,5.0,1
B00DH22HYK,5.0,1
B00DGY6HXG,5.0,1
B00DH22OMU,5.0,1
B00DH26NEK,5.0,1
B00A03X536,5.0,1
B00DH2DTQ0,5.0,1
B00DH1TYIS,4.0,1
B00H9CEVB6,5.0,1
B00DH1A5LS,4.0,1
B00DH0II1I,5.0,1
B00DGY6PLK,4.0,1
B00A082I52,5.0,1
B00A07NQV8,4.0,1
B00J8W8JYU,5.0,1
B00DGZ1EII,5.0,1
B00A06KNRO,4.0,1
B00A069O0G,5.0,1
B00DH04AL0,5.0,1
B00J8WMRAC,5.0,1
B00A05VQ44,5.0,1
B00DH063RO,4.0,1
B00A05O2UE,5.0,1
B00A05FI70,5.0,1
B00A05FAMS,5.0,1
B00DH064E6,4.0,1
B009ZFNV34,4.0,1
B00J9DG2YC,5.0,1
B00H966KAM,5.0,1
B00H965M9C,4.0,1
B00J9CRBSE,5.0,1
B00DIEWSRI,5.0,1
B009ZK93Z4,5.0,1
B009ZK0MCM,5.0,1
B00DIF7XUE,5.0,1
B00H97KQ2O,4.0,1
B00DIFAMNO,5.0,1
B009ZJZPNE,5.0,1
B009ZJ6QHS,5.0,1
B00DIFK29S,5.0,1
B00H96UZGM,5.0,1
B009ZKTBQU,5.0,1
B00DIFKRPC,5.0,1
B00DI9L6NA,5.0,1
B00DI3HVQC,4.0,1
B00DI7FJFI,5.0,1
B00DI7HSQQ,5.0,1
B009ZLVMW0,5.0,1
B00J9BZXVM,5.0,1
B00DI9LDAG,4.0,1
B00DIBYTHI,5.0,1
B00DI9POGA,5.0,1
B00DI9TPMO,5.0,1
B00DIADZE2,4.0,1
B009ZKXJOA,5.0,1
B00DIB9WP2,4.0,1
B00J9CAQOA,5.0,1
B009ZJ606A,5.0,1
B00H94RJL8,5.0,1
B009ZVG7JS,5.0,1
B009ZH11DO,5.0,1
B009ZH4I9I,4.0,1
B00DIHLG3C,4.0,1
B009ZH3BGY,5.0,1
B00DIHLJUC,5.0,1
B00DIHLS4O,5.0,1
B00DIHLVAK,4.0,1
B00DIHM0PU,5.0,1
B009ZGXEL2,5.0,1
B009ZGLSAQ,5.0,1
B00DIHPKB6,4.0,1
B00J9FOQKW,4.0,1
B00DIIHZFO,5.0,1
B009ZFVMBW,4.0,1
B009ZFT8UE,5.0,1
B00DIII148,5.0,1
B00DIHL7HW,5.0,1
B009ZHFNAG,5.0,1
B009ZJ46MU,5.0,1
B00DIG586O,5.0,1
B00J9EQAMK,5.0,1
B00H94BSMO,5.0,1
B00H945KR8,4.0,1
B00DIG0D8W,5.0,1
B00J9EQEWG,5.0,1
B009ZIP1ZM,5.0,1
B00J9FNUHW,4.0,1
B009ZIL6RO,4.0,1
B009ZIG83G,5.0,1
B009ZI8TFQ,4.0,1
B00DIGIS2A,5.0,1
B00DIGYFY0,5.0,1
B00DIGZSDC,5.0,1
B00H93UZDS,5.0,1
B00DI38XYQ,5.0,1
B00DI36YCE,5.0,1
B009ZQZGV8,5.0,1
B00DHT11AY,5.0,1
B00DHT5CV8,4.0,1
B00DHTVEZQ,5.0,1
B00J9BFBSM,5.0,1
B009ZQTUYC,5.0,1
B00DHWI5WS,5.0,1
B009ZQTDFS,5.0,1
B009ZQTDBM,4.0,1
B00DHWIWOY,5.0,1
B00DHQR7ZA,5.0,1
B00DHPK0HI,5.0,1
B009ZN5ORM,5.0,1
B009ZTN63A,5.0,1
B00DHN82FM,5.0,1
B00DHN8KAE,5.0,1
B009ZUWV5I,4.0,1
B00DHNFX3G,5.0,1
B00DHO1J6U,4.0,1
B009ZTYLSE,5.0,1
B00H9C3S74,5.0,1
B009ZRMENA,5.0,1
B00DHOGN70,5.0,1
B00DHOJ52K,5.0,1
B009ZSYTV4,5.0,1
B009ZSYTFA,5.0,1
B009ZSYGJE,5.0,1
B009ZSN44C,5.0,1
B009ZSN1OA,5.0,1
B00DHWTJJG,5.0,1
B00DHX0IIG,4.0,1
B00DHX2AQY,5.0,1
B00J9BSHBK,4.0,1
B009ZPXW1A,5.0,1
B00DI1F9MC,5.0,1
B00DI1FBOS,4.0,1
B009ZOTBJ8,4.0,1
B009ZOLXV2,5.0,1
B00DI1FXKA,5.0,1
B00H9A3PGA,5.0,1
B00DHX4PN0,5.0,1
B00DI226UO,5.0,1
B009ZNILO0,5.0,1
B00DI2HMXK,5.0,1
B00DI2J7DS,4.0,1
B00DI2NGP8,5.0,1
B009ZNC5LU,4.0,1
B00DI36RIU,4.0,1
B009ZQD76O,5.0,1
B009ZQD89K,5.0,1
B009ZQTBOG,4.0,1
B00DHXYA58,4.0,1
B009ZQTB46,5.0,1
B00DHYJPMA,5.0,1
B00DHZUV4A,5.0,1
B00DI0DNLM,5.0,1
B00DI0M8FO,5.0,1
B00DI0O0SW,5.0,1
B00DI0X2HM,5.0,1
B00J9BO80O,5.0,1
B00DI0YKZA,4.0,1
B009ZQD9B2,5.0,1
B00J8TVVFC,5.0,1
B009X1RYTC,5.0,1
B00DNK5DQ0,5.0,1
B009X1X9TQ,5.0,1
B00DNK5DUQ,5.0,1
B00DNK5ERI,5.0,1
B00H7V4J1G,5.0,1
B009X1U2S2,5.0,1
B00DNK9V8Q,5.0,1
B00H7V60SQ,5.0,1
B00JB6JKZU,5.0,1
B00DNKBZPS,5.0,1
B009X0KUVC,5.0,1
B00JB6KBCQ,5.0,1
B00DNKHHE6,5.0,1
B00DNKIFJM,5.0,1
B00DNKVQR0,5.0,1
B009X28XL4,5.0,1
B00DNLK5XA,4.0,1
B009X4KBLW,5.0,1
B00DNI8ZKI,5.0,1
B00JB4VNYI,4.0,1
B00JB5JFLA,5.0,1
B00DNK3S4E,5.0,1
B009X44YQU,5.0,1
B00DNJIMX2,5.0,1
B00JB63KNI,5.0,1
B00DNUZE9Q,5.0,1
B00DNRK6FQ,5.0,1
B00H7TEF2Q,5.0,1
B00DNQJW20,5.0,1
B00DNRIE5U,5.0,1
B00DNRJNPU,5.0,1
B00H7SOFFY,4.0,1
B00DNRK9J4,5.0,1
B00H7SM19Q,5.0,1
B009WZS1UU,5.0,1
B00DNTWJ5E,5.0,1
B00DNTYB0K,5.0,1
B00DNU2W4Q,5.0,1
B00H7R371S,5.0,1
B00DNUW1L0,4.0,1
B00H7TEYVS,5.0,1
B009X0EP5O,5.0,1
B009X031XQ,5.0,1
B00DNLLUMA,4.0,1
B00DNLOGZI,5.0,1
B00DNNEG2O,5.0,1
B00DNNUV8M,5.0,1
B00DNO5CG2,4.0,1
B00DNO9VTG,5.0,1
B00DNOLA2W,5.0,1
B00DNPA6Q2,5.0,1
B00JB6ODV6,5.0,1
B00DNPB4LS,4.0,1
B00H7TQDYY,5.0,1
B00DNH38LA,5.0,1
B00DNGW80I,5.0,1
B00DN4A12C,5.0,1
B00H85FMSK,5.0,1
B00H85913M,4.0,1
B009XE8OX4,5.0,1
B00H855KI2,5.0,1
B009XE6DAU,5.0,1
B00DN5SZWO,5.0,1
B009XE9TW4,5.0,1
B009XE1LRU,5.0,1
B00H84FKH4,5.0,1
B009XE15QM,5.0,1
B009XDWYJU,5.0,1
B009XDUVRC,5.0,1
B00DN7MIJ8,5.0,1
B00H829QBC,5.0,1
B00JB17TJ4,5.0,1
B00DN2OZVC,5.0,1
B00DN2XKUE,5.0,1
B00JB0N8CM,5.0,1
B00DN34TQ2,5.0,1
B00DN35SFS,5.0,1
B009XFE0FY,5.0,1
B00DN3B5B4,4.0,1
B00H85HGPM,5.0,1
B00DN3YOCG,5.0,1
B00H86IQKK,5.0,1
B00H863FNS,5.0,1
B00H85R4KY,5.0,1
B009XDOZ4C,5.0,1
B00H815BY4,5.0,1
B009X8H6Y8,4.0,1
B00DNBRZVU,5.0,1
B00H7VOFQU,5.0,1
B00JB48TXQ,4.0,1
B009X714KQ,5.0,1
B009XDN4Y4,5.0,1
B00DNFYSNE,5.0,1
B009X64CK6,5.0,1
B009X631GC,4.0,1
B009X62ZUK,5.0,1
B00DNGDVTU,4.0,1
B00DNGP5DU,5.0,1
B009X622OY,5.0,1
B009X9KWVQ,5.0,1
B009XACM72,5.0,1
B009XADHGW,4.0,1
B00JB2NI7K,5.0,1
B009XDFBPE,4.0,1
B009XDE5ZQ,5.0,1
B00H7Z8WLK,5.0,1
B00JB2NOVA,5.0,1
B00H7YDXHO,5.0,1
B00DNA01VW,5.0,1
B00H7X6SX6,5.0,1
B00H7WX6BY,5.0,1
B00H7WRGLK,4.0,1
B00JB2P9U4,5.0,1
B00JB2V714,5.0,1
B009WZQQ7A,5.0,1
B009WZP6OO,5.0,1
B00H86IUBK,5.0,1
B009WSDFCQ,5.0,1
B009WSGDCK,5.0,1
B00DOS20IU,5.0,1
B00DOS2RA6,4.0,1
B00H7JW2DA,5.0,1
B00DOSILR4,5.0,1
B00DOSU2IK,5.0,1
B009WSCQJO,5.0,1
B00DORPR40,5.0,1
B00H7ITPIG,5.0,1
B00H7IRQ14,5.0,1
B009WS7ESM,4.0,1
B00JBKJKGK,5.0,1
B00DOU3SSE,5.0,1
B00DOU6GEW,4.0,1
B00DOU6I1S,5.0,1
B009WSGE56,5.0,1
B009WSGFJ6,5.0,1
B00JBGH5X4,5.0,1
B00DOLFK48,5.0,1
B00DOLG9TI,5.0,1
B00DOMP2BS,5.0,1
B00H7L6IKQ,5.0,1
B009WSMT46,4.0,1
B00H7L5ZRS,5.0,1
B00DOOE6EU,5.0,1
B00DOP8A82,5.0,1
B00JBIUOBC,5.0,1
B00H7KNZKI,5.0,1
B00DOPXF3C,5.0,1
B00JBK0FI2,5.0,1
B009WSGGUE,5.0,1
B00DOQTAKI,5.0,1
B00H7IKUXU,5.0,1
B00DOUAT8G,4.0,1
B00DNV4J0U,5.0,1
B00JBLZ8WE,5.0,1
B00H7HGG9S,5.0,1
B00H7H85G0,5.0,1
B009WPUZSG,5.0,1
B00DP2TIPI,4.0,1
B00H7H6SXM,5.0,1
B00H7GV0UY,5.0,1
B009WQTM6Q,5.0,1
B00DP3BPX0,4.0,1
B009WPR97G,5.0,1
B00DP3D5DI,5.0,1
B00H7GLBO4,5.0,1
B00DP3EPM8,5.0,1
B00JBKVRE8,4.0,1
B009WQUJ2M,4.0,1
B009WS23GA,5.0,1
B00DOYF8U6,5.0,1
B009WS1PIW,5.0,1
B00DOUBRAK,5.0,1
B009WRVEX4,5.0,1
B00H7IJG3K,5.0,1
B00H7I13AY,4.0,1
B00DOWB9JM,5.0,1
B009WROMVA,5.0,1
B00DOYCM1O,5.0,1
B00DP0AFB6,5.0,1
B00DOYHG88,4.0,1
B00DOZDCM6,5.0,1
B009WQY80G,4.0,1
B00H7HTO74,5.0,1
B00H7HSLX2,5.0,1
B00H7HOYLK,4.0,1
B00JBE78CE,5.0,1
B009WSNA30,5.0,1
B00DOAO2W0,5.0,1
B009WWDN6U,5.0,1
B009WW7NKW,5.0,1
B00DO9XAVA,5.0,1
B009WW497C,5.0,1
B009WVXHSK,5.0,1
B009WVISWK,4.0,1
B00DOAPD8W,5.0,1
B00DO7F2IQ,4.0,1
B00DOARJVQ,5.0,1
B009WVISJS,4.0,1
B00DOAZF3K,5.0,1
B00JBC84G0,4.0,1
B00DOB0UA2,5.0,1
B00DOB0XP4,4.0,1
B00H7PO958,4.0,1
B00DO780TY,4.0,1
B00H7R2M00,5.0,1
B00DNVGAPM,4.0,1
B009WZP4OQ,5.0,1
B00DNWPCBY,5.0,1
B00JB8YCQ0,4.0,1
B009WZ5PCW,4.0,1
B009WYEH40,5.0,1
B00DO0J1O4,5.0,1
B00DO758GW,5.0,1
B009WXDUA8,5.0,1
B00H7QYH6I,4.0,1
B009WX8YR2,5.0,1
B009WWGBYQ,5.0,1
B009WWFEG2,5.0,1
B00DO70VCS,5.0,1
B009WVDGEK,5.0,1
B00DOB21ZY,5.0,1
B009WU4E4M,5.0,1
B00DOG7S6G,5.0,1
B00DOGAYZ8,5.0,1
B00DOGDFFO,4.0,1
B009WU0VJY,5.0,1
B00DOHKQPA,5.0,1
B009WV80BY,5.0,1
B009WTWUBW,5.0,1
B00DOI53SE,5.0,1
B009WT5MJY,5.0,1
B00DOIAYUQ,4.0,1
B009WSSU30,5.0,1
B009WSOIAE,5.0,1
B009WU4H9O,4.0,1
B00DOFT9WS,4.0,1
B00DOFSJ5G,5.0,1
B009WUY21M,5.0,1
B00DOB5T2G,5.0,1
B009WUXK5Q,4.0,1
B00DOB65J2,5.0,1
B00H7P0MOK,5.0,1
B00H7O85ZY,5.0,1
B00DOB9J86,5.0,1
B00DOBLDMG,4.0,1
B00DOBUUYI,5.0,1
B00DOD4LVO,5.0,1
B00DOD6SRY,5.0,1
B009WUEWIK,4.0,1
B00DODUMJ4,5.0,1
B00DOEXOFC,5.0,1
B00DOF33Z2,5.0,1
B00DKEUI14,5.0,1
B00H8I3WDO,5.0,1
B009XYQHYC,4.0,1
B009XYQ2ME,5.0,1
B00JA23WW2,4.0,1
B009XYL2E2,4.0,1
B009XYIJDE,5.0,1
B00DLKOQHO,5.0,1
B009XYDIYE,5.0,1
B00JA1XODA,4.0,1
B009XXWTHC,5.0,1
B009XXSU1G,5.0,1
B009XXP0PU,5.0,1
B00H8I3LDA,5.0,1
B00DLNVS4U,5.0,1
B009XZ1S4A,5.0,1
B009XZ46OY,5.0,1
B00H8HP4FE,5.0,1
B00DLJR7RG,5.0,1
B00DLHAQAI,5.0,1
B009Y28ZKM,5.0,1
B00DLJKU5W,5.0,1
B00DLJNHH0,5.0,1
B009Y18LKW,4.0,1
B00H8IF6K6,4.0,1
B00JA1ODJO,5.0,1
B00DLK1F8M,5.0,1
B009Y0QXGW,5.0,1
B00JA1VC0W,5.0,1
B009Y0M6G8,5.0,1
B009Y0LBH8,5.0,1
B00DLJY7UG,4.0,1
B00JA6GHW0,4.0,1
B00DLOE3DW,5.0,1
B00DM0AVBI,4.0,1
B00JA9DL3A,5.0,1
B00H8CT2OS,5.0,1
B009XUZLIO,5.0,1
B00DLYIKVS,5.0,1
B00DLZ4JZI,5.0,1
B00H8COZWM,5.0,1
B00JA9PGUQ,5.0,1
B00H8CM46G,5.0,1
B009XUEM20,4.0,1
B00JAEKNWC,4.0,1
B00DM0AIK2,5.0,1
B00DM0AJLU,5.0,1
B009XUDHQ2,4.0,1
B009XUCPUQ,4.0,1
B00DLWO636,4.0,1
B00DLVH4T0,5.0,1
B009XWVN8Y,5.0,1
B00JA9CP6O,4.0,1
B009XWH7ZM,5.0,1
B00H8GMVJW,5.0,1
B009XW7432,5.0,1
B00DLQOG3M,5.0,1
B00DLS9AOU,5.0,1
B00H8DTX8M,5.0,1
B00DLS9XOM,5.0,1
B00DLSA0ZS,4.0,1
B00DLU0O5W,5.0,1
B009XVJW7E,5.0,1
B00H8F1FNG,4.0,1
B009Y299ES,4.0,1
B00DKXZOW8,5.0,1
B00H8L6774,5.0,1
B00DKX1OM2,5.0,1
B009YAFQ06,5.0,1
B00DKY99IW,5.0,1
B00DKYF0SU,5.0,1
B00DL1EN0S,4.0,1
B00DL1VT2I,5.0,1
B009Y8SQ2I,5.0,1
B00DL3UPA8,4.0,1
B00DKPYATE,4.0,1
B00DLGPCMQ,5.0,1
B00H8MX17M,5.0,1
B00H8MEN6K,5.0,1
B00DKF3VCQ,4.0,1
B00H8LV3KK,4.0,1
B009YE6IWC,4.0,1
B00DKF7XPW,5.0,1
B009YDMEQ2,5.0,1
B009YCVLZS,5.0,1
B00JA144NE,5.0,1
B009YBZTIE,5.0,1
B009YBRR5M,5.0,1
B009Y8LOJA,5.0,1
B00H8KUS34,5.0,1
B009Y876T2,4.0,1
B00DL7IN58,5.0,1
B00DL8UO2W,4.0,1
B00H8JWD5G,5.0,1
B009Y3BW7E,5.0,1
B009Y3BU44,5.0,1
B00DLBBJUK,5.0,1
B009Y29GU0,5.0,1
B00DLGF8O8,5.0,1
B009Y29D5I,5.0,1
B00DLGO0F6,5.0,1
B009Y29A5G,5.0,1
B009Y299NO,5.0,1
B00DLGP1SQ,5.0,1
B009Y3DHN6,5.0,1
B00DL60THE,5.0,1
B00DL5O67E,5.0,1
B00H8K8HPA,5.0,1
B00DL3ZKPS,5.0,1
B00DL47WOY,5.0,1
B009Y7Q20C,5.0,1
B009Y7NCSC,5.0,1
B00DL4K7XM,5.0,1
B009Y78NYA,5.0,1
B009Y739QW,5.0,1
B00DL5B7PS,5.0,1
B009Y6CZ0O,5.0,1
B00DL5EBCY,5.0,1
B00DL5JCTG,5.0,1
B00DL5KVKA,5.0,1
B009Y4CGEG,4.0,1
B00H8K4DVM,5.0,1
B00DM0AXHK,5.0,1
B00DN0W8QI,5.0,1
B009XJW610,5.0,1
B00DMQYG68,5.0,1
B009XK9W5M,5.0,1
B00DMRLF52,5.0,1
B009XK2FUQ,5.0,1
B00DMRQY5S,5.0,1
B009XJSMD6,5.0,1
B00DMS362G,5.0,1
B00H86J68Q,4.0,1
B00H86IYZM,4.0,1
B00DMSO1AM,5.0,1
B009XLO5RG,5.0,1
B009XJ0E3C,5.0,1
B00DMKDA5M,5.0,1
B00DMKJ9IO,5.0,1
B009XNPFTG,5.0,1
B00H86X9NO,4.0,1
B00DMLXH7C,4.0,1
B00H86VQ3E,4.0,1
B009XNPF32,5.0,1
B00DMMT7QQ,5.0,1
B00DMQH5X4,5.0,1
B00H86UUWM,5.0,1
B00H86S37Q,5.0,1
B009XNKWSA,5.0,1
B009XNK7BC,4.0,1
B009XNI6HY,5.0,1
B00H86RTX0,5.0,1
B009XMLHW6,5.0,1
B00DMT2T2I,5.0,1
B00H86IXPS,5.0,1
B009XI1F0E,5.0,1
B009XHXZ6W,5.0,1
B00DMZ441G,5.0,1
B009XHE4GW,4.0,1
B00JAVZB3Q,4.0,1
B00JAW1RV0,5.0,1
B00DMZMRWY,5.0,1
B009XGWYQU,4.0,1
B00DMZSGSS,5.0,1
B00JAX3XRU,5.0,1
B00JAXKPFI,5.0,1
B00H86IV5U,4.0,1
B009XG413E,4.0,1
B009XI3YV2,4.0,1
B00DMZ41WI,5.0,1
B00DMTWK40,4.0,1
B009XIU302,5.0,1
B00DMU5L18,5.0,1
B00DMVVJH2,5.0,1
B009XIS6UQ,5.0,1
B009XIQOEQ,5.0,1
B00H86IXGC,5.0,1
B00DMZ40ZG,5.0,1
B00DMWC57Y,5.0,1
B009XIMEUY,4.0,1
B00DMZ3YW6,5.0,1
B009XI78XC,5.0,1
B00DMJBE6K,5.0,1
B00H880XMM,4.0,1
B00DMIZIPE,5.0,1
B00H8BO1XG,4.0,1
B00DM6E40Q,5.0,1
B00JAJF0AC,5.0,1
B00JAJJI46,5.0,1
B009XQY3D2,5.0,1
B00DM97XG0,4.0,1
B009XQXZ5O,5.0,1
B00DMA5F64,5.0,1
B00DMB2QT2,5.0,1
B009XQVAO2,4.0,1
B009XQLX2Q,5.0,1
B00DMC9LOY,5.0,1
B00JAJWG72,5.0,1
B00DM6DC5O,5.0,1
B00DM0B0H2,4.0,1
B00DM0B1BM,4.0,1
B009XTQCHE,5.0,1
B00H8CCKVK,5.0,1
B009XSVVOY,5.0,1
B00JAG0E5G,5.0,1
B00DM2J8AQ,5.0,1
B00DM37J4W,5.0,1
B00DMCC006,5.0,1
B009XPMFBA,5.0,1
B00H899N7M,5.0,1
B00DMHFE22,5.0,1
B00DMHKQPW,5.0,1
B00JANUD5A,5.0,1
B00H89EJE4,5.0,1
B00H89CTBE,5.0,1
B00H89B2B2,5.0,1
B00JAOULFQ,5.0,1
B00JAOW8CA,5.0,1
B009XPFOO0,5.0,1
B00H899E3A,4.0,1
B00H8953KS,4.0,1
B00H892L12,5.0,1
B00JAP0MV8,4.0,1
B00DMITGAM,5.0,1
B00H89FMWM,5.0,1
B009XOJ5PU,5.0,1
B00JANK9MM,5.0,1
B00H8AH9MW,5.0,1
B00DMCGLCY,5.0,1
B009XPC47K,5.0,1
B00DMCH3HG,5.0,1
B009XOZ63A,5.0,1
B00DMCPRG0,4.0,1
B009XOS6FK,5.0,1
B009XORBME,5.0,1
B009XOR6HE,5.0,1
B00H8AASES,5.0,1
B00H89PTTI,5.0,1
B00H89NSAU,5.0,1
B00DME48YK,5.0,1
B00H89L0N2,5.0,1
B00DGUTVRE,5.0,1
B00DAGZ5F6,5.0,1
B00DAH3GWY,5.0,1
B00DAHPTJM,4.0,1
B00DAHWOOA,4.0,1
B00J5HJRLW,5.0,1
B00J5JGPSS,4.0,1
B00A34LUNO,5.0,1
B00A31X15M,5.0,1
B00DAIH5SE,5.0,1
B00DAIHS7C,5.0,1
B00J5JW0A0,5.0,1
B00DAJKK8K,5.0,1
B00A31QI8Y,4.0,1
B00A31A34E,5.0,1
B00A34P7PQ,4.0,1
B00A312V0S,5.0,1
B00DAGBPF0,4.0,1
B00DAB6DVG,5.0,1
B00DAC5HLM,4.0,1
B00DAEIS5W,5.0,1
B00DAFOUU8,5.0,1
B00DAFQ72W,5.0,1
B00HAT4ULY,5.0,1
B00HASV13A,5.0,1
B00DAG8KQW,4.0,1
B00A35PTC6,5.0,1
B00DAGXQ1G,5.0,1
B00A35PLO2,5.0,1
B00DAGBT74,5.0,1
B00DAGC3XS,5.0,1
B00A35NR3O,5.0,1
B00A35MU32,5.0,1
B00A35L2UE,5.0,1
B00A35KI6I,5.0,1
B00A314QWO,4.0,1
B00J5JZ8AY,5.0,1
B00DAXWPA2,5.0,1
B00A2ZYOE6,5.0,1
B00A2ZUFJE,5.0,1
B00HAR018W,5.0,1
B00A2ZCQZA,5.0,1
B00DAXW0AM,5.0,1
B00A2YKZ5E,5.0,1
B00DASFM98,5.0,1
B00A2YHZ9I,4.0,1
B00A2YHSCM,5.0,1
B00DAXY3AW,5.0,1
B00A2YB73S,5.0,1
B00DAY13YU,5.0,1
B00DAZE8QY,5.0,1
B00A2Y4SZW,5.0,1
B00DATQR1O,5.0,1
B00DAK7CJ4,5.0,1
B00DAMCJLS,5.0,1
B00DAKB7VI,5.0,1
B00DAL4HKK,5.0,1
B00J5KV88E,5.0,1
B00A30SLGM,4.0,1
B00A30RP14,5.0,1
B00A30LVAK,5.0,1
B00DAO8HGC,4.0,1
B00DAOWDSA,4.0,1
B00DAPSCR0,5.0,1
B00DAPVXPS,5.0,1
B00DAQ14MO,5.0,1
B00J5M4JEC,5.0,1
B00J5N6110,4.0,1
B00A35SUPY,5.0,1
B00A35TPQC,4.0,1
B00A35UED0,5.0,1
B00D9VQQSW,4.0,1
B00A3C3N5O,5.0,1
B00A3BVZ6E,5.0,1
B00D9W721Q,4.0,1
B00D9WPK1A,5.0,1
B00A3CU78U,4.0,1
B00A3A2SJI,4.0,1
B00D9WVGJU,5.0,1
B00A39VU66,5.0,1
B00A39N6A4,5.0,1
B00A39KNFK,5.0,1
B00A3CR41S,5.0,1
B00D9VGBP0,5.0,1
B00HAUTV9O,5.0,1
B00A3DKKUY,5.0,1
B00D9SNFLG,5.0,1
B00D9SPWVC,5.0,1
B00A3DL6DO,5.0,1
B00D9TU6QC,5.0,1
B00D9UC4ZC,5.0,1
B00A3DIUXS,5.0,1
B00D9V9C4M,5.0,1
B00D9UMQIW,5.0,1
B00A3DHZA2,5.0,1
B00D9V98UU,5.0,1
B00A3DFEM8,4.0,1
B00A3DAQWQ,4.0,1
B00A3D842A,5.0,1
B00A3D3T2K,5.0,1
B00A3CUS0M,5.0,1
B00D9X9NA8,5.0,1
B00A37KSFC,4.0,1
B00D9YUPSQ,5.0,1
B00DA3X7RC,4.0,1
B00DA280QG,5.0,1
B00DA29FGA,5.0,1
B00J5DGF0M,5.0,1
B00DA2RRI8,5.0,1
B00DA36TKE,5.0,1
B00A35WCDK,5.0,1
B00A35VWXQ,5.0,1
B00DA482GC,5.0,1
B00A37H01C,5.0,1
B00A35UU6G,4.0,1
B00DA7DLJC,4.0,1
B00HAW17JE,5.0,1
B00J5BD4JY,5.0,1
B00J53MYWK,5.0,1
B00A37764S,4.0,1
B00A375KXW,4.0,1
B00A372X7S,4.0,1
B00A36YDHW,5.0,1
B00A3615WI,5.0,1
B00A360INA,5.0,1
B00DA11MX0,5.0,1
B00DA1790K,5.0,1
B00DA17L3K,5.0,1
B00J56DRBY,5.0,1
B00J5N7Z4W,4.0,1
B00DAZEJAO,4.0,1
B00DC34L02,5.0,1
B00DBXRBYQ,5.0,1
B00HAACOJ8,4.0,1
B00DC0SAQ6,5.0,1
B00J5VIPBQ,5.0,1
B00DC27HN6,5.0,1
B00J5XXFGO,5.0,1
B00DC2XL7M,5.0,1
B00DBX0H2E,5.0,1
B00DC4K93Y,5.0,1
B00DC55OSI,5.0,1
B00A2RX8FK,5.0,1
B00DC5QNOM,5.0,1
B00A2QFFCU,4.0,1
B00A2UVS7W,5.0,1
B00HALB7RW,5.0,1
B00HAL53L8,5.0,1
B00J5S5M24,5.0,1
B00A2VFTNA,5.0,1
B00DBRT64U,5.0,1
B00A2UZASU,5.0,1
B00A2UZ238,5.0,1
B00DBRTX7K,4.0,1
B00A2UJARC,4.0,1
B00J5SFI78,5.0,1
B00HAKK9LS,5.0,1
B00HAGP9BW,5.0,1
B00A2UN9WO,5.0,1
B00A2UMQKA,5.0,1
B00DBTX7PM,4.0,1
B00A2UK7HO,5.0,1
B00DC6MICM,4.0,1
B00A2Q9JN6,4.0,1
B00J5NV4QW,5.0,1
B00HA89NBW,5.0,1
B00A2M7DH4,5.0,1
B00A2M77P2,5.0,1
B00DCB6JS6,5.0,1
B00A2LDYDC,5.0,1
B00A2LDUU4,5.0,1
B00DCBF6H6,5.0,1
B00DCBFN38,5.0,1
B00DCBG0R6,5.0,1
B00DCC8EQ0,5.0,1
B00DCAGFYK,5.0,1
B00A2LDU0Y,5.0,1
B00DCCHC9U,5.0,1
B00A2LDSDI,5.0,1
B00J67L6K6,4.0,1
B00HA88BYC,5.0,1
B00DCCVWC8,4.0,1
B00HA87DDM,5.0,1
B00HA8CAX0,5.0,1
B00DC6RVD8,5.0,1
B00DC7TP22,4.0,1
B00A2PHOC0,4.0,1
B00HA8MUJY,4.0,1
B00DC6STGQ,4.0,1
B00DC6U9N2,5.0,1
B00DC6XVEG,5.0,1
B00HA8K2V2,5.0,1
B00A2MPQZA,5.0,1
B00A2MPQUK,5.0,1
B00J5ZZKAG,5.0,1
B00DC9MKLS,5.0,1
B00J648IDW,5.0,1
B00HA8JVLO,4.0,1
B00A2MPC7M,4.0,1
B00HA8JNSU,5.0,1
B00HA8JB4Q,5.0,1
B00DBRLRUG,5.0,1
B00HALVJ4S,5.0,1
B00HANOQPK,5.0,1
B00J5P7EGO,5.0,1
B00DB74WOO,5.0,1
B00DB7OHOY,5.0,1
B00A2XFYLA,5.0,1
B00DB8DMMQ,4.0,1
B00DB8US0A,5.0,1
B00DB931S0,4.0,1
B00DBCAZAE,5.0,1
B00DBDADIW,5.0,1
B00DBDT82E,5.0,1
B00DB66FK4,5.0,1
B00DB5C7UC,4.0,1
B00A2XYE8E,5.0,1
B00DAZHAYQ,5.0,1
B00DAZIA5O,5.0,1
B00DAZIEYQ,5.0,1
B00DAZIJ8M,4.0,1
B00DAZIVHQ,5.0,1
B00DAZJYAY,5.0,1
B00A2XY506,5.0,1
B00DB5BSXE,5.0,1
B00DAZK0A2,5.0,1
B00DB4HS0W,5.0,1
B00DB4KSPY,5.0,1
B00A2XLV30,5.0,1
B00A2XKIDO,5.0,1
B00A2XGNZ6,5.0,1
B00A2WT4NA,4.0,1
B00A2W2D7E,5.0,1
B00DBNV3QS,5.0,1
B00J5QGF7W,5.0,1
B00DBO0P34,5.0,1
B00DBO5818,5.0,1
B00DBOD5MM,5.0,1
B00A2W2FCW,5.0,1
B00A2W2DDI,5.0,1
B00DBPJTJE,5.0,1
B00A2W2D10,5.0,1
B00DBDZ3EQ,5.0,1
B00DBPYU0M,5.0,1
B00HAPEVQ2,5.0,1
B00J5QKFVE,5.0,1
B00DBQL75W,5.0,1
B00DBQONP8,5.0,1
B00A2VZQ2Y,4.0,1
B00HAO8ZM4,5.0,1
B00DBNDW4E,5.0,1
B00A2WEIOK,5.0,1
B00DBML4YK,5.0,1
B00HAPG606,5.0,1
B00DBDZEIQ,5.0,1
B00DBFDH8S,5.0,1
B00A2WQSV6,5.0,1
B00DBFE5UW,5.0,1
B00DBFF6VE,5.0,1
B00DBFF8T4,4.0,1
B00DBFFAJM,4.0,1
B00DBFKLZK,5.0,1
B00DBFQJFG,5.0,1
B00A2WJJOE,5.0,1
B00A2WH126,5.0,1
B00DBLF82A,5.0,1
B00DBMBYKO,5.0,1
B00A3EXHUI,5.0,1
B00A3F822A,5.0,1
B00DCDXCX4,5.0,1
B00D8L88RU,5.0,1
B00A427AOI,5.0,1
B00HBMEQ00,5.0,1
B00A41VW84,5.0,1
B00HBL4A7K,5.0,1
B00D8KONQG,5.0,1
B00D8KSTGQ,4.0,1
B00A419GLO,5.0,1
B00D8KVLDY,5.0,1
B00D8LAI5A,5.0,1
B00D8LQVSI,5.0,1
B00D8LR3XA,4.0,1
B00HBKMU3W,5.0,1
B00D8MUML4,5.0,1
B00A40FTS4,5.0,1
B00A405JRU,5.0,1
B00A404SLI,5.0,1
B00HBJO93W,5.0,1
B00D8JPAY6,5.0,1
B00HBMQQKI,5.0,1
B00D8PM2NM,5.0,1
B00D8H0JDU,5.0,1
B00D8H2FNW,5.0,1
B00D8H3YVY,5.0,1
B00D8H663M,5.0,1
B00D8H69A2,5.0,1
B00HBN6H0Q,5.0,1
B00D8HVX5I,5.0,1
B00D8ILHGM,5.0,1
B00D8IP18W,5.0,1
B00D8IP3MQ,5.0,1
B00A42WLUQ,5.0,1
B00A42VJ36,5.0,1
B00D8J5DQQ,5.0,1
B00A42SADI,5.0,1
B00D8OCAX0,5.0,1
B00A3ZK8S6,4.0,1
B00A3VMST2,5.0,1
B00HBFU0MA,5.0,1
B00HBF7M4Y,5.0,1
B00HBF66UK,4.0,1
B00HBF4U4Y,5.0,1
B00HBEWY1G,4.0,1
B00D8XL54Q,4.0,1
B00J4VBKTQ,4.0,1
B00A3X8CL8,5.0,1
B00HBGO7TG,5.0,1
B00HBBEMP0,4.0,1
B00J4VNI1E,5.0,1
B00A3WS3K4,4.0,1
B00HBAZ39A,5.0,1
B00HBADMFC,5.0,1
B00HB9OBOY,5.0,1
B00J4VVDL6,5.0,1
B00A3XR9ZI,5.0,1
B00A3XXRCW,5.0,1
B00A3ZESA0,5.0,1
B00D8U5SM4,5.0,1
B00J4RHNOQ,4.0,1
B00A3Z3TPA,5.0,1
B00HBHSW3C,5.0,1
B00A3Z3S38,5.0,1
B00D8TJ4CA,5.0,1
B00D8VH23G,4.0,1
B00HBH0HTE,5.0,1
B00D8W5HG4,5.0,1
B00HBH8DQS,5.0,1
B00HBH50NC,5.0,1
B00HBNFAY0,4.0,1
B00A4AOSHC,5.0,1
B00D84UIIY,5.0,1
B00D84X8Q8,5.0,1
B00A4BIQL0,5.0,1
B00A4BE5AQ,5.0,1
B00D85TAVY,5.0,1
B00HBWKJZQ,5.0,1
B00D86VJB2,5.0,1
B00D844LNC,5.0,1
B00D86VMVO,5.0,1
B00A475TZ0,5.0,1
B00HBUVHJ0,5.0,1
B00D87GJ02,4.0,1
B00A472RU0,5.0,1
B00A471W1K,5.0,1
B00D84DYDK,5.0,1
B00D83TUX4,5.0,1
B00D8GYID8,5.0,1
B00D7W6YFS,5.0,1
B00D7TWOGY,5.0,1
B00A4DIKBE,5.0,1
B00A4DHVHS,5.0,1
B00A4DEECS,5.0,1
B00D7VQ1OS,5.0,1
B00HBY9I9M,5.0,1
B00A4CSEMK,5.0,1
B00D7W3II4,5.0,1
B00D83IR06,5.0,1
B00D7X40P8,5.0,1
B00D7YOFAC,5.0,1
B00D824XXC,4.0,1
B00J4FBWAO,5.0,1
B00J4FGPLA,4.0,1
B00A46VEQO,5.0,1
B00D89XLZG,5.0,1
B00A4562FS,5.0,1
B00D8FMBV0,5.0,1
B00HBTVGJM,5.0,1
B00A44H6MC,5.0,1
B00A449J2W,5.0,1
B00HBTVG56,5.0,1
B00J4JWUZQ,5.0,1
B00A447K3M,5.0,1
B00D8AQHV0,4.0,1
B00A446GIM,5.0,1
B00HBTJIAG,5.0,1
B00A445412,5.0,1
B00D8G2T02,5.0,1
B00A44238O,4.0,1
B00A4585JE,5.0,1
B00D8EJSRQ,5.0,1
B00A45CBPS,5.0,1
B00D8BJYT6,5.0,1
B00D8BNJN8,5.0,1
B00D8DLC80,5.0,1
B00D8DMANG,4.0,1
B00D8DRX4W,5.0,1
B00J4IRCY6,5.0,1
B00A45ZS3K,5.0,1
B00J4JSMGC,5.0,1
B00A45WZ2W,5.0,1
B00A45W7LG,5.0,1
B00HBTVIZ4,5.0,1
B00A45IK4O,5.0,1
B00A45I8FA,5.0,1
B00HB9DK78,5.0,1
B00A3VMBZS,5.0,1
B00D9SBQ7Q,5.0,1
B00A3LRB5I,5.0,1
B00D99MUD4,5.0,1
B00A3MYQ64,5.0,1
B00A3MQK86,5.0,1
B00J4WIR78,5.0,1
B00D99QEVI,5.0,1
B00D99WWLO,5.0,1
B00HAZ7W7M,4.0,1
B00D9A8ML2,5.0,1
B00A3KJ1VG,5.0,1
B00A3KD3A6,5.0,1
B00D9BDM4I,5.0,1
B00A3JVO58,5.0,1
B00D98RVGG,5.0,1
B00D9BRLA4,5.0,1
B00D9655PW,4.0,1
B00D958B0E,5.0,1
B00J4WIP2K,5.0,1
B00A3PD1O4,5.0,1
B00D95GPW0,5.0,1
B00D95QHEG,5.0,1
B00D96276W,5.0,1
B00A3OZ760,5.0,1
B00A3OTY1Y,5.0,1
B00A3OPFCQ,5.0,1
B00A3OI9TC,4.0,1
B00D96FSCW,5.0,1
B00D96T7ZQ,5.0,1
B00D98B6RG,5.0,1
B00A3O75ZQ,5.0,1
B00D9BQENO,5.0,1
B00A3JTEG4,5.0,1
B00D9QM2NA,4.0,1
B00D9NDE7G,5.0,1
B00A3GWNN8,5.0,1
B00D9NV2D4,5.0,1
B00J52SQP0,5.0,1
B00D9PS4YC,5.0,1
B00D9QLY02,4.0,1
B00D9QVXVC,5.0,1
B00D9R16XG,4.0,1
B00D9RCZV8,5.0,1
B00A3FNFBI,5.0,1
B00D9S6DRO,5.0,1
B00HAYSIF8,5.0,1
B00J527RJ6,5.0,1
B00J4WJ5NI,5.0,1
B00HAZ7VCS,5.0,1
B00D9C7UQ8,5.0,1
B00A3JBI5O,5.0,1
B00A3JAVR0,5.0,1
B00A3IEG5E,5.0,1
B00D9F9BTE,5.0,1
B00D9G5HUK,5.0,1
B00D9GWAC8,5.0,1
B00J4WZHP8,4.0,1
B00D9H0BZA,4.0,1
B00J4XENJ8,5.0,1
B00J501SWA,4.0,1
B00HAZ7WYK,5.0,1
B00D957JOI,5.0,1
B00A3PHOX8,4.0,1
B00D8XLON8,4.0,1
B00HB4LT08,5.0,1
B00HB3R3YA,5.0,1
B00A3TA3VO,5.0,1
B00A3T93JW,5.0,1
B00A3T3TIS,5.0,1
B00D8XLNHK,4.0,1
B00HB7TU8I,5.0,1
B00HB24TAW,5.0,1
B00A3SMM0A,5.0,1
B00A3SMIFO,5.0,1
B00A3SMIEA,5.0,1
B00D8XLQOK,4.0,1
B00A3SMFAC,4.0,1
B00A3TJ27A,5.0,1
B00D94YG7C,5.0,1
B00A3VBDPC,5.0,1
B00D8XLABY,5.0,1
B00A3V8T8Q,5.0,1
B00A3UXM5C,5.0,1
B00A3UUJ5S,5.0,1
B00D8XLFUK,5.0,1
B00D8XLMEO,5.0,1
B00A3UUA3O,5.0,1
B00D8XLMZ8,4.0,1
B00A3URVBS,4.0,1
B00D8XLN3O,4.0,1
B00A3U178Q,5.0,1
B00D8XLXIY,5.0,1
B00J4WHKXK,5.0,1
B00HAZRTKM,4.0,1
B00D909O3M,4.0,1
B00HAZDL4A,5.0,1
B00D92JUU2,5.0,1
B00HAZ7Y1G,5.0,1
B00D9463AA,5.0,1
B00A3PHQOU,5.0,1
B00D948EPM,4.0,1
B00A3PHQ0O,5.0,1
B00D94U8SS,4.0,1
B00D8ZMYOE,5.0,1
B00J4WIO9Y,4.0,1
B00HAZWQBO,5.0,1
B00HB0XVXK,5.0,1
B00A3QYP9S,5.0,1
B00D8XLZSM,4.0,1
B00A3QQT2E,5.0,1
B00D8XQLE0,5.0,1
B00D8XTT9O,4.0,1
B00A3Q7K18,5.0,1
B00D8ZALQ2,5.0,1
B00D8ZCF98,5.0,1
B00J4WI3ZY,5.0,1
B00DCDO5G2,4.0,1
B00DCDXPLS,5.0,1
B00H9MJFWG,5.0,1
B00H9MOPX0,5.0,1
B00H9MLNPS,5.0,1
B00A11TH9I,5.0,1
B00DFQP2BS,5.0,1
B00J7WPDX6,5.0,1
B00J7WQ0BK,5.0,1
B00A117VJQ,4.0,1
B00A112FFG,5.0,1
B00A13MP18,5.0,1
B00DFQPG00,5.0,1
B00DFQPJ52,5.0,1
B00A0ZS8T0,5.0,1
B00DFQPMOK,5.0,1
B00DFQPN44,5.0,1
B00A0YYX6S,5.0,1
B00A12FFSO,5.0,1
B00A13T5DE,4.0,1
B00H9M41Y8,5.0,1
B00DFND07O,4.0,1
B00H9NALGO,4.0,1
B00DFMO952,5.0,1
B00DFMRAP8,4.0,1
B00A16PBW0,5.0,1
B00DFMUJ38,5.0,1
B00A15RSI6,5.0,1
B00A140A78,5.0,1
B00J7W7KQY,5.0,1
B00DFOMINU,5.0,1
B00H9MTHMY,5.0,1
B00A14RIDC,5.0,1
B00H9MHXXO,5.0,1
B00A0Y7CIO,4.0,1
B00A0VCQO2,5.0,1
B00DFW7RF6,5.0,1
B00J7Z19E0,4.0,1
B00DFWJNYO,5.0,1
B00A0VALNA,5.0,1
B00A0V9J9M,4.0,1
B00H9KVIUA,5.0,1
B00A0V158K,5.0,1
B00A0VG152,4.0,1
B00DFYMOXY,5.0,1
B00A0UYUEM,5.0,1
B00H9KUNMY,5.0,1
B00A0URCJC,4.0,1
B00DG040UW,5.0,1
B00DFW4M3Q,5.0,1
B00A0VIUGU,5.0,1
B00H9LYOIM,5.0,1
B00H9LUQH0,5.0,1
B00DFQXJHC,5.0,1
B00DFR69BY,5.0,1
B00DFRD4BC,5.0,1
B00DFRF14A,5.0,1
B00A0WSVIQ,5.0,1
B00DFSMWQO,4.0,1
B00A0W0G1G,5.0,1
B00A0VLTS6,4.0,1
B00H9KX3TY,5.0,1
B00A0VTUYG,4.0,1
B00DFTWBPA,4.0,1
B00DFUCT5Q,5.0,1
B00A0VP2UM,5.0,1
B00DFUP53O,5.0,1
B00H9NVLNG,5.0,1
B00A19OLZA,5.0,1
B00DF1CVTO,5.0,1
B00H9TKXH0,5.0,1
B00DEZ2RCW,5.0,1
B00DEZK3I2,4.0,1
B00A1EW5DA,5.0,1
B00DF100XS,5.0,1
B00DF13RYC,4.0,1
B00A1CSLYY,4.0,1
B00A1F200C,4.0,1
B00H9PO7M6,5.0,1
B00DF4BEIK,5.0,1
B00DF558G8,5.0,1
B00A1CF2YG,5.0,1
B00DF66ELK,5.0,1
B00DEYCCR8,5.0,1
B00DEXTG14,5.0,1
B00J7W7KBO,4.0,1
B00DEWBMW6,4.0,1
B00DEVR7WG,5.0,1
B00A1IWSSI,4.0,1
B00H9YJV46,5.0,1
B00A1IEO7G,5.0,1
B00DEVWEWY,5.0,1
B00DEVWG5E,5.0,1
B00DEWT3FO,4.0,1
B00A1FT1CM,5.0,1
B00H9V4EAU,5.0,1
B00A1HQ5NI,5.0,1
B00A1H7Y56,5.0,1
B00H9U97TE,5.0,1
B00A1GGS1I,5.0,1
B00DEX5OPG,5.0,1
B00DEXLWXO,5.0,1
B00A1CEA3A,5.0,1
B00A1CDA4U,5.0,1
B00H9PI3TO,5.0,1
B00J7V8NWU,5.0,1
B00A1AT09Q,4.0,1
B00DFDZID8,5.0,1
B00DFETGFS,4.0,1
B00DFFJU76,4.0,1
B00DFFQBK0,5.0,1
B00DFHGHB6,5.0,1
B00J7W7JXI,5.0,1
B00J7W7KB4,4.0,1
B00DFIZLVM,5.0,1
B00DFLCKYU,5.0,1
B00DFM2C38,5.0,1
B00DFC7N8M,4.0,1
B00A1B7E7A,5.0,1
B00DFB6BLS,5.0,1
B00A1CCDGQ,5.0,1
B00A1C6HKY,5.0,1
B00DF7M3TQ,5.0,1
B00J7V4CMK,5.0,1
B00DF7M4LS,5.0,1
B00DF7M4UY,5.0,1
B00DF7M7QA,4.0,1
B00DF86YX6,5.0,1
B00A1BXKIW,5.0,1
B00DF9T1IA,5.0,1
B00A1BP3AA,4.0,1
B00DF9W66Y,5.0,1
B00DFAAOXK,5.0,1
B00H9KQVOS,5.0,1
B00DESR6PM,5.0,1
B00J8JR1NI,5.0,1
B00DGGZUM8,4.0,1
B00DGI70HO,5.0,1
B00A0IOETA,5.0,1
B00A0I2XAW,5.0,1
B00DGIRNHG,5.0,1
B00DGIVKHU,5.0,1
B00DGIVMDW,5.0,1
B00DGGLG0I,5.0,1
B00J8KC63C,5.0,1
B00A0HHCJ0,5.0,1
B00A0HHC04,5.0,1
B00A0GVB5W,5.0,1
B00J8M5SBW,5.0,1
B00A0GVAWG,4.0,1
B00DGGN2J6,5.0,1
B00A0IPRIC,4.0,1
B00J8N62DE,5.0,1
B00DGGB24S,5.0,1
B00DGG9XHG,5.0,1
B00DGGAKWS,5.0,1
B00DGGAOMY,5.0,1
B00H9HBTD4,5.0,1
B00DGGBLZS,5.0,1
B00A0IQMRW,4.0,1
B00DGGBOLE,5.0,1
B00DGGBOX2,5.0,1
B00J8GNTSM,5.0,1
B00DGGBPJ0,4.0,1
B00DGGHJZO,5.0,1
B00A0ITCME,5.0,1
B00DGKFSV2,5.0,1
B00A0TD3GY,4.0,1
B00DGNPEOK,5.0,1
B00J8OTC9E,5.0,1
B00J8PKFKS,5.0,1
B00J8S31QA,5.0,1
B00DGNPULW,5.0,1
B00DGNUHLU,5.0,1
B00J8SKU96,5.0,1
B00DGNPAGW,5.0,1
B00H9DXII2,5.0,1
B00J8SM1DO,5.0,1
B00DGRXNHG,5.0,1
B00J8T6UBC,5.0,1
B00A0DA23W,5.0,1
B00DGSBSTU,4.0,1
B00DGNPDSW,5.0,1
B00DGMVM24,5.0,1
B00A0GQHH4,5.0,1
B00A0GH958,4.0,1
B00A0GPWWU,5.0,1
B00A0GPNYW,5.0,1
B00A0GPI92,5.0,1
B00A0GP4AU,4.0,1
B00A0GHW28,5.0,1
B00A0GH994,5.0,1
B00DGKS9FY,4.0,1
B00DGLRL5W,5.0,1
B00A0GH4X0,5.0,1
B00A0EQEV0,5.0,1
B00A0GH4LM,4.0,1
B00A0GFB8U,5.0,1
B00DGMVKS0,5.0,1
B00A0FY8DK,5.0,1
B00A0FY7KO,4.0,1
B00A0F5KIW,5.0,1
B00H9HQD1C,5.0,1
B00J88VNRY,5.0,1
B00DG8YGAI,5.0,1
B00A0RDR1M,4.0,1
B00H9KAAWW,5.0,1
B00A0RC3K8,5.0,1
B00A0QN81M,5.0,1
B00A0QA95K,5.0,1
B00H9KA36K,5.0,1
B00DGCDB0U,5.0,1
B00DGCHICW,5.0,1
B00A0P5EB0,4.0,1
B00A0OYFYI,5.0,1
B00A0O1O3S,5.0,1
B00DG8WBZA,4.0,1
B00A0RED74,5.0,1
B00DGEZ2FK,5.0,1
B00A0RGXOK,5.0,1
B00A0TBYG0,4.0,1
B00DG1MG7K,4.0,1
B00DG232VS,5.0,1
B00DG5VNSO,5.0,1
B00A0RXQZE,4.0,1
B00A0RH86M,5.0,1
B00DG8Q9KS,5.0,1
B00A0RGDX6,5.0,1
B00A0RG2LY,5.0,1
B00DG85NOG,4.0,1
B00A0RF26K,5.0,1
B00A0REROI,5.0,1
B00H9K7L6K,5.0,1
B00J84EGLS,5.0,1
B00DGDCITE,4.0,1
B00DGDDUWI,5.0,1
B00J82US7G,5.0,1
B00DGDK6S4,5.0,1
B00DGDKEVI,5.0,1
B00DGDM8EO,4.0,1
B00J83VWS4,5.0,1
B00A0MOD2O,5.0,1
B00A0JNGWA,5.0,1
B00DGE9LZW,5.0,1
B00DGEA0SO,5.0,1
B00DGECTVU,5.0,1
B00H9I6C80,4.0,1
B00H9I101Y,5.0,1
B00A0JVDNE,5.0,1
B00A0JVGO0,5.0,1
B00DGDCGJ6,5.0,1
B00DGDBVS8,4.0,1
B00A0MCPRE,5.0,1
B00H9K7CZA,4.0,1
B00H9IXFO4,5.0,1
B00A0MB6I8,5.0,1
B00A0L8PRY,5.0,1
B00J81W6H2,4.0,1
B00A0KA3IE,5.0,1
B00A0K9A74,5.0,1
B00DGD89QA,5.0,1
B00DGDBCXM,5.0,1
B00A0JWA36,5.0,1
B00A1JPO6A,5.0,1
B00DCE9XHC,5.0,1
B00DD6EJS2,5.0,1
B00HA76XCK,5.0,1
B00HA76AJG,5.0,1
B00DD67V4Q,5.0,1
B00J6GRRNW,5.0,1
B00A2ABKI4,5.0,1
B00HA767R6,5.0,1
B00HA74EWQ,5.0,1
B00A2A2SB2,5.0,1
B00A2ANQI6,4.0,1
B00DD6K1GQ,5.0,1
B00HA6X1GC,5.0,1
B00J6OKSLM,5.0,1
B00HA6V75Y,5.0,1
B00A29Z6WQ,4.0,1
B00A29UPH2,5.0,1
B00A2AJ61M,4.0,1
B00DD61M6Y,5.0,1
B00DD964HI,4.0,1
B00DD5A96O,4.0,1
B00DD4IWAA,5.0,1
B00DD4K3S4,5.0,1
B00DD4LIQU,5.0,1
B00A2AX6XG,5.0,1
B00DD52Y6M,5.0,1
B00A2AVYHG,5.0,1
B00HA7I94A,5.0,1
B00J6FKY4W,5.0,1
B00A2AUPWQ,5.0,1
B00A2ASZ6Y,5.0,1
B00DD5C8UY,4.0,1
B00DD5NQ1Y,4.0,1
B00DD5SG0A,5.0,1
B00HA7ESEA,5.0,1
B00A2AS3MU,4.0,1
B00A2AS2GW,5.0,1
B00DDLPRJC,5.0,1
B00DDEJM0Y,5.0,1
B00DDAZMUM,5.0,1
B00A27Z36M,5.0,1
B00A27YPQQ,5.0,1
B00DDBY8Z6,5.0,1
B00HA6HSPM,5.0,1
B00A27OUCU,5.0,1
B00DDF949W,5.0,1
B00A287S7I,5.0,1
B00A27HBXU,5.0,1
B00DDFO1H2,5.0,1
B00DDI519G,4.0,1
B00A26Z35Y,5.0,1
B00A26X4H8,5.0,1
B00A26FACA,5.0,1
B00HA68Q8U,5.0,1
B00A286LJE,5.0,1
B00A28SYP8,5.0,1
B00A29NQQ4,5.0,1
B00DD9ERB8,5.0,1
B00J6PZ1NQ,5.0,1
B00HA6RABE,5.0,1
B00J6WT1RG,4.0,1
B00DD9EIOO,5.0,1
B00J6WT8C4,5.0,1
B00J72VFVK,5.0,1
B00DD9FK9G,4.0,1
B00DD9H6WK,5.0,1
B00DD9I3M2,4.0,1
B00HA6QX7Q,5.0,1
B00HA6O7PG,4.0,1
B00DDAW0D4,5.0,1
B00A28TQFK,5.0,1
B00A2B97YM,5.0,1
B00A2BQLUK,4.0,1
B00DCO0JAM,5.0,1
B00DCM6ENU,5.0,1
B00J6C6958,5.0,1
B00DCMQ1XI,5.0,1
B00HA82116,5.0,1
B00DCMTSGU,5.0,1
B00J6CS1T0,5.0,1
B00DCN1Y7K,5.0,1
B00DCNW12W,4.0,1
B00DCPMZZS,5.0,1
B00DCL20XE,5.0,1
B00DCUVYWS,5.0,1
B00DCV03D8,5.0,1
B00J6D4954,5.0,1
B00A2F58FK,5.0,1
B00A2F41GM,5.0,1
B00HA818GA,5.0,1
B00A2GM6S6,5.0,1
B00DD4EHPY,5.0,1
B00J6A2LQ6,5.0,1
B00DCECFZ4,5.0,1
B00HA85ELU,5.0,1
B00DCFHLWU,5.0,1
B00A2IQMF2,5.0,1
B00DCGRTFI,4.0,1
B00DCHUEAO,4.0,1
B00A2GNDEW,4.0,1
B00A2HSBAC,4.0,1
B00DCIIVYY,4.0,1
B00DCJ005G,5.0,1
B00DCJ1ONI,5.0,1
B00A2GXAVS,5.0,1
B00DCKGJ2I,5.0,1
B00HA7ZZCY,5.0,1
B00HA7YE9O,5.0,1
B00DCWEJYG,5.0,1
B00DD1AFV2,5.0,1
B00A2EV3DW,5.0,1
B00DD0H93U,5.0,1
B00A2EUE0K,5.0,1
B00DD0LRVA,5.0,1
B00A2EREP8,5.0,1
B00A2EQ38C,5.0,1
B00DD16VJW,5.0,1
B00DD1JL1C,5.0,1
B00A2F0GPC,4.0,1
B00DD1S2H6,5.0,1
B00A2CXKIU,4.0,1
B00HA7P5ZG,4.0,1
B00DD24K2Q,4.0,1
B00DD327UM,5.0,1
B00DD401OA,5.0,1
B00A2EXRO0,5.0,1
B00A2EXVI2,5.0,1
B00HA7PTFW,5.0,1
B00DCWN280,4.0,1
B00DCWZQW0,5.0,1
B00DCX228A,5.0,1
B00DCX6WN6,5.0,1
B00DCX6YBQ,4.0,1
B00DCXBH5E,5.0,1
B00J6FJ0JC,4.0,1
B00DCXZI2M,5.0,1
B00DCYHQNU,5.0,1
B00DCYHU18,5.0,1
B00A2F01P2,5.0,1
B00DCZZ75S,5.0,1
B00HA7ROC8,5.0,1
B00A2EYFAU,5.0,1
B00A25Y6MG,5.0,1
B00DESHB5M,4.0,1
B00A1MZ3UY,5.0,1
B00DE9557W,4.0,1
B00DE96WJM,5.0,1
B00DEA0LQ6,5.0,1
B00A1N2MA2,5.0,1
B00DEB5FIE,5.0,1
B00HA0WIRQ,5.0,1
B00DE748V8,5.0,1
B00A1MRG0O,5.0,1
B00A1MRDCK,5.0,1
B00A1MQAFQ,4.0,1
B00A1MQ10U,5.0,1
B00A1MPACK,5.0,1
B00A1MP9IA,5.0,1
B00HA0XGYA,5.0,1
B00DE1O0LW,5.0,1
B00DE32ZTY,4.0,1
B00DE33EOY,5.0,1
B00HA0ZV48,5.0,1
B00DE40LS0,5.0,1
B00A1QEM7U,5.0,1
B00DE741II,5.0,1
B00DE65MXC,5.0,1
B00A1PKR3Y,5.0,1
B00A1P9VIQ,5.0,1
B00J7GQ5N4,5.0,1
B00A1P138C,5.0,1
B00J7HOQCK,5.0,1
B00J7I6DEI,5.0,1
B00A25O9QY,5.0,1
B00J7P0A4K,5.0,1
B00DENM9VS,5.0,1
B00DENNMEG,5.0,1
B00J7LG1TW,4.0,1
B00H9YRBL6,5.0,1
B00J7MYH38,5.0,1
B00DEOAFNG,5.0,1
B00A1L2E1G,4.0,1
B00DEOBWCO,5.0,1
B00DEOTQXQ,5.0,1
B00A1KV5BM,5.0,1
B00DEQXIXI,5.0,1
B00DEM7VCQ,5.0,1
B00DELGJBG,5.0,1
B00DEFOXQ0,5.0,1
B00DEHWHQG,5.0,1
B00A1MONVE,4.0,1
B00A1MOKN0,5.0,1
B00A1MOG4S,5.0,1
B00DEHWQ08,5.0,1
B00DEHWVAI,5.0,1
B00A1MOAO4,5.0,1
B00DEKPGMA,5.0,1
B00J7L2ZYW,5.0,1
B00DEIRA62,5.0,1
B00DEJW7QE,5.0,1
B00A1LV1MY,5.0,1
B00DEK5VNY,5.0,1
B00DEKFDFA,4.0,1
B00J7GBQZQ,5.0,1
B00DE0PHUQ,5.0,1
B00J77H46U,5.0,1
B00DDOBZRC,4.0,1
B00A20ORHU,5.0,1
B00J781AAA,5.0,1
B00DDRIRIO,5.0,1
B00A1YKMJO,5.0,1
B00J773OT6,5.0,1
B00DDTJ6C8,5.0,1
B00DDTPKA0,4.0,1
B00DDU18DM,5.0,1
B00DDU7EFI,5.0,1
B00DDNJ0VG,5.0,1
B00A1RGB0A,5.0,1
B00HA1BST4,4.0,1
B00HA30QC2,5.0,1
B00A25NP28,5.0,1
B00HA27IS8,4.0,1
B00HA1GP3S,5.0,1
B00DDLU0QM,5.0,1
B00A23X91C,5.0,1
B00HA1CMRG,5.0,1
B00A21LOYI,4.0,1
B00HA1BMC2,5.0,1
B00A23GYG4,5.0,1
B00HA1BGGY,5.0,1
B00J746TBO,5.0,1
B00J7516TS,5.0,1
B00A233XN6,5.0,1
B00DDUN72W,5.0,1
B00DDUZ5X6,4.0,1
B00DDZH0I4,5.0,1
B00DDYGLJ4,5.0,1
B00A1SVIWK,5.0,1
B00J7FB56C,5.0,1
B00A1SQ6CM,5.0,1
B00A1SELOC,5.0,1
B00DDZ3Q3M,4.0,1
B00DDZOY7E,5.0,1
B00DDVO94G,5.0,1
B00A1SBXDY,5.0,1
B00A1SB6KO,5.0,1
B00DDZR25A,5.0,1
B00J7G090Y,5.0,1
B00A1S1M3U,5.0,1
B00A1S14QK,5.0,1
B00DE0KH4C,5.0,1
B00A1SXVXE,5.0,1
B00A1SZP9M,5.0,1
B00A1T1EAA,5.0,1
B00DDWCVAO,5.0,1
B00DDWQX3U,5.0,1
B00A1WCUZK,5.0,1
B00DDX8LX4,5.0,1
B00A1VGA5C,4.0,1
B00A1VASXM,5.0,1
B00A1V8A2S,5.0,1
B00DDXBSB6,5.0,1
B00A1UV6LQ,4.0,1
B00HA13KBS,4.0,1
B009S28HO2,5.0,1
B009S2F9RK,5.0,1
B00DVH9EEC,5.0,1
B00DVHA6JY,5.0,1
B00H3N1X44,4.0,1
B00JGZDFES,5.0,1
B009S25FVK,5.0,1
B00DVHHKBG,4.0,1
B00DVIHFOM,5.0,1
B00DVIHK92,5.0,1
B009S0SLRM,5.0,1
B00DVJCB72,5.0,1
B00DVJP4R6,4.0,1
B009S2IMDS,5.0,1
B00DVEG93Y,5.0,1
B00JGX8N8I,5.0,1
B00DVEQ3F8,5.0,1
B00H3ODMI8,5.0,1
B00DVERMNK,4.0,1
B00JGXJ4UE,5.0,1
B009S2YPQQ,5.0,1
B009S2YQQK,5.0,1
B009S2YPXO,5.0,1
B009S2YPXE,5.0,1
B009S2YPX4,5.0,1
B00JGZCQ20,5.0,1
B009RUT0LE,5.0,1
B00DVQWVS4,5.0,1
B00DVO68MQ,5.0,1
B00DVOQA1K,4.0,1
B00DVP8MG0,5.0,1
B00DVQQ342,5.0,1
B00DVRHQBU,5.0,1
B009RV86XQ,5.0,1
B00DVSO8ZQ,5.0,1
B009RV0WGA,5.0,1
B009RUZHSE,5.0,1
B00DVTTKMG,5.0,1
B009RUWGJM,5.0,1
B009RUW5R0,5.0,1
B009RUTVLS,4.0,1
B00DVO2N3E,5.0,1
B009RX3T3G,5.0,1
B009RYYSXU,5.0,1
B009RXX30K,5.0,1
B009RYRUO4,4.0,1
B00DVJUVMY,4.0,1
B00H3M3BJU,4.0,1
B00JGZGO8W,5.0,1
B009RY3SSG,5.0,1
B00DVLEIF8,5.0,1
B00DVNOKMC,4.0,1
B00DVLEM36,5.0,1
B00JGZOBNC,5.0,1
B00DVLNIPY,5.0,1
B00DVLPQE0,5.0,1
B00DVM8AME,5.0,1
B00DVM8UO2,5.0,1
B00DVMX1ZU,5.0,1
B00DV99FVW,5.0,1
B00DV88K8M,5.0,1
B00DV86PS4,5.0,1
B00DV2SZMO,4.0,1
B00DV2PIDS,5.0,1
B00H3QUNPG,5.0,1
B00H3QQA1W,5.0,1
B00JGUT29U,5.0,1
B009S6SR52,5.0,1
B00DV2S0Z6,5.0,1
B00JGV0ZCC,5.0,1
B00DV1AXVG,5.0,1
B009S6PJR6,5.0,1
B009S6PJPI,5.0,1
B009S6N310,5.0,1
B009S62LLI,4.0,1
B00DV3H4GQ,5.0,1
B00DV1C6PW,5.0,1
B00DV0F8CQ,5.0,1
B009S2YRNC,5.0,1
B00DUY0RLU,5.0,1
B00DUYFQQ6,5.0,1
B00DUYVF84,5.0,1
B009S8TFP6,5.0,1
B009S8H300,5.0,1
B00DUYXZ5A,5.0,1
B00DUZ0A34,5.0,1
B009S7N3SM,5.0,1
B00DUZGXIA,5.0,1
B009S7XKD0,5.0,1
B009S7THTQ,5.0,1
B00H3QUNWY,5.0,1
B009S4DI8A,5.0,1
B00H3QIZJ2,5.0,1
B00H3Q29NU,5.0,1
B009S2YURK,5.0,1
B00JGWMX12,5.0,1
B00DV70TFK,5.0,1
B00DV77H0A,5.0,1
B00DV7CXPO,5.0,1
B00H3PDGXI,4.0,1
B00JGWY7WA,5.0,1
B00DV7F996,5.0,1
B009S3UYEW,5.0,1
B00DV7SBBY,5.0,1
B009S2YTHG,4.0,1
B009S2YTD0,5.0,1
B009S2YRRS,4.0,1
B00DV7ZLI0,5.0,1
B009S2YRR8,5.0,1
B00DV804W2,5.0,1
B009S2YRNW,5.0,1
B00DV6EA2E,5.0,1
B00DV66JD2,5.0,1
B00DV3TEOQ,5.0,1
B00DV46ZS8,5.0,1
B00DV48WWK,5.0,1
B00DV4EB70,4.0,1
B00DV4L0HO,5.0,1
B00DV5V6OU,5.0,1
B00DV62ZU8,5.0,1
B00DV65QO0,5.0,1
B00DV6643M,5.0,1
B009S3DYX0,5.0,1
B009S3DWZA,5.0,1
B009RUTFAK,5.0,1
B00DVXNEXI,5.0,1
B009S93BYQ,5.0,1
B009RPH890,5.0,1
B00DWIWRTO,5.0,1
B009RQFCT2,5.0,1
B00DWJC7SY,5.0,1
B00H3AQJLE,5.0,1
B009RPU5VI,5.0,1
B00DWLBZZI,5.0,1
B009ROBPQ8,5.0,1
B00JHBWJAW,4.0,1
B00DWO7MCU,5.0,1
B00DWPTLYQ,4.0,1
B00DWIQSW6,5.0,1
B00DWI2VRW,5.0,1
B00DWQ8CS6,5.0,1
B009RQWKSI,5.0,1
B00DWGQ1AC,5.0,1
B00DWH04LI,4.0,1
B009RR0KBQ,5.0,1
B00JH4B518,5.0,1
B00H3CX46U,5.0,1
B009RQWAB0,5.0,1
B00DWI05F2,5.0,1
B00DWHAAYO,5.0,1
B009RQV5PW,5.0,1
B009RQUNTG,4.0,1
B00JH4F2F8,5.0,1
B00DWHPT2W,5.0,1
B009RQTFPE,5.0,1
B00DWPU9RE,4.0,1
B00DWSXXMY,4.0,1
B00DVY41M0,5.0,1
B009RJU3M0,4.0,1
B009RKJGJA,5.0,1
B00DWZ0WZ8,5.0,1
B00H398I50,5.0,1
B00DWZ4M22,5.0,1
B00H393BIY,5.0,1
B009RK0XY2,5.0,1
B009RJSYAI,5.0,1
B00DWX7WJY,5.0,1
B00H38WXGQ,5.0,1
B00H38W5TG,5.0,1
B00H3793C4,4.0,1
B009RJQHUM,5.0,1
B00JHI1SNE,5.0,1
B00DWY9L0G,4.0,1
B00JHFK00E,5.0,1
B00JHFZD2O,5.0,1
B00JHFWRGY,4.0,1
B00DWVFKY0,5.0,1
B00H39E390,5.0,1
B009RNDHJ2,4.0,1
B009RN3XGO,5.0,1
B00JHFYIF2,5.0,1
B00H39DUFI,4.0,1
B00H39CHNO,5.0,1
B00DWWO1IA,4.0,1
B00DWWOJ32,5.0,1
B00DWWO4K0,5.0,1
B00DWWO6YO,4.0,1
B00JHFZYIC,5.0,1
B009RLT8WE,5.0,1
B00DWWO9DC,5.0,1
B00DWWOBD0,5.0,1
B00DWGMQWE,5.0,1
B00H3D0APW,5.0,1
B00DW2Y34M,5.0,1
B009RTI7GE,4.0,1
B00DW25XMS,4.0,1
B00DW2J2YI,4.0,1
B00DW2K3Q4,5.0,1
B00DW2QPP2,5.0,1
B009RTEA24,5.0,1
B00DW2Y5JA,5.0,1
B009RT6RDO,5.0,1
B00DW37H44,5.0,1
B00DW38GDU,5.0,1
B009RT3M5A,5.0,1
B00DW3Z4AI,5.0,1
B00DW4SDJQ,5.0,1
B00DW51H3O,5.0,1
B00DW5DYTE,5.0,1
B009RTIYK8,5.0,1
B009RTLFNQ,5.0,1
B00DW0PSL6,5.0,1
B00DVYRDRA,4.0,1
B00DVZ0NWG,5.0,1
B00JH0LGXE,5.0,1
B00DVZN120,5.0,1
B009RUN83U,5.0,1
B00H3IX5GI,5.0,1
B00H3IT18Y,5.0,1
B00DW08MPA,5.0,1
B00DW11ZXK,5.0,1
B009RTVB5S,5.0,1
B009RTQ7BQ,5.0,1
B00DW14LRW,5.0,1
B009RTMVL6,5.0,1
B00H3I82BQ,5.0,1
B00H3HLZNE,4.0,1
B00DW5HISC,5.0,1
B00H3DNKZE,5.0,1
B009RS00YW,5.0,1
B009RS00HY,5.0,1
B00DWF4CZO,5.0,1
B009RRZTMG,5.0,1
B00DWFLKMW,5.0,1
B009RRYOZE,5.0,1
B009RRLJB6,4.0,1
B00JH1KC9C,5.0,1
B00JH3K7JA,5.0,1
B00DWGG3ZK,5.0,1
B00DWGG4XG,5.0,1
B00H3DI3UG,5.0,1
B00DWGG5VC,5.0,1
B009RRIWNY,5.0,1
B00DWGG7P6,5.0,1
B00DWBT37U,5.0,1
B00DWB656C,4.0,1
B00H3E1SV6,5.0,1
B009RS84YU,5.0,1
B00JH1YP5Y,5.0,1
B00H3EKESO,5.0,1
B00JH2BUZG,5.0,1
B00H3EG9DI,5.0,1
B00H3ECVNA,5.0,1
B009RSYO58,4.0,1
B009RSYIAY,5.0,1
B00DW8AJB2,5.0,1
B00JH3FIY4,5.0,1
B00DW8CXB6,5.0,1
B00DW8HLRC,5.0,1
B00DWA00XM,5.0,1
B00DUXMEUS,5.0,1
B00DUXITVQ,4.0,1
B00H370LES,4.0,1
B00DUI8RP4,5.0,1
B00DUH7MDS,5.0,1
B00DUH9OOI,5.0,1
B009SNBH2U,5.0,1
B009SNBG4E,5.0,1
B00DUHRXVE,4.0,1
B00H3U5U0U,4.0,1
B00JFVG0R2,5.0,1
B00DUHUPIC,5.0,1
B00JFUD1OS,5.0,1
B00JFVWTBS,5.0,1
B00DUIOR8K,5.0,1
B009SMFHW2,5.0,1
B00DUJAO5O,4.0,1
B00DUJVCSM,5.0,1
B00DUJZG9I,5.0,1
B00DUK133A,5.0,1
B00DUGZ6V4,5.0,1
B00DUK2QM2,5.0,1
B00JFRBSJ6,4.0,1
B009SOXIGM,5.0,1
B00DUG9XZO,5.0,1
B009SOOK14,5.0,1
B00DUGIDDC,4.0,1
B009SOJWNA,5.0,1
B00H3UE44S,4.0,1
B00DUGLZGE,4.0,1
B009SO5FA4,5.0,1
B00DUGNS46,4.0,1
B00DUGO322,5.0,1
B00DUGO8EA,5.0,1
B00H3UB0IG,5.0,1
B00JFTV9CA,5.0,1
B00DUGP18M,5.0,1
B009SO7NYA,5.0,1
B00JFWV31O,5.0,1
B00DULV5DM,4.0,1
B00DULHCE8,5.0,1
B00JFZA2Q8,4.0,1
B00JFZJYWG,5.0,1
B00H3TJQGK,5.0,1
B00H3TJQ4W,5.0,1
B00DULLL36,5.0,1
B009SIXBYM,5.0,1
B009SJXBRI,5.0,1
B00DUM0546,5.0,1
B009SI6Y3M,5.0,1
B00JG1JH6M,5.0,1
B009SI2NOG,4.0,1
B00H3T268K,5.0,1
B009SH4OGW,5.0,1
B00JFYT66G,4.0,1
B00DULGHDU,4.0,1
B009SLQ290,5.0,1
B00H3TJTRQ,5.0,1
B009SLH80M,5.0,1
B00H3TK3T4,5.0,1
B009SL7TCY,5.0,1
B00H3TJYAS,5.0,1
B009SKWZ6U,5.0,1
B009SKUGXE,4.0,1
B00DUKCXPC,5.0,1
B00DUKJLQ6,5.0,1
B00H3TJT08,5.0,1
B00DUL90ZC,5.0,1
B009SKIXJ8,5.0,1
B00JFQGJ50,4.0,1
B00DUG73SS,5.0,1
B00DUED4IS,4.0,1
B009SR8Q34,5.0,1
B009SQYOSQ,5.0,1
B00H407ZVQ,5.0,1
B009SQQ6KA,4.0,1
B00DUDTWOE,5.0,1
B00DUE4YSW,5.0,1
B00DUEF06M,5.0,1
B009SR9Z16,4.0,1
B00DUES8V6,4.0,1
B009SQ7G2M,5.0,1
B009SQ6SAS,5.0,1
B00H3ZVS7O,5.0,1
B00DUET1M6,5.0,1
B009SQ24A6,5.0,1
B009SR9EJY,5.0,1
B00DUDHTU8,5.0,1
B009SP9UI6,5.0,1
B00DU9ER84,5.0,1
B00JFHHDAO,5.0,1
B009SRV2LC,5.0,1
B009SRTHL4,5.0,1
B00JFHIZKQ,4.0,1
B009SRPOIE,4.0,1
B00H40QD9Q,5.0,1
B00DU8PK0O,4.0,1
B00DU9CSQ2,5.0,1
B00DUAP4J4,4.0,1
B009SRAYVQ,5.0,1
B00DUBQK64,5.0,1
B00H40O47O,4.0,1
B009SREWNC,4.0,1
B009SRCL4Y,5.0,1
B00DUD1LZW,5.0,1
B00DUETLHQ,5.0,1
B009SQ1T02,4.0,1
B009SQ1H8Q,5.0,1
B00H3WEOQ4,5.0,1
B00H3WDQ8G,5.0,1
B00DUFLUGK,5.0,1
B00DUFMT3I,5.0,1
B00DUFORTC,5.0,1
B00JFN3GY0,4.0,1
B00DUEZ8CS,5.0,1
B009SPCMJU,5.0,1
B00DUG13I4,4.0,1
B00H3V80W4,5.0,1
B009SPBMCS,4.0,1
B00JFQGHI4,4.0,1
B00DUG6CB2,4.0,1
B009SPSN70,4.0,1
B00DUFL8CQ,4.0,1
B00DUFDOD2,5.0,1
B00DUEZCLA,5.0,1
B00DUF0G7E,5.0,1
B00DUF0XVI,5.0,1
B00JFK1A64,4.0,1
B00H3WKZE4,5.0,1
B00DUF91NY,5.0,1
B009SPT5XG,5.0,1
B00DUFAY58,5.0,1
B00JFL5ZBE,5.0,1
B00JFLRI1E,5.0,1
B00JG2YC48,5.0,1
B00DUMA23K,5.0,1
B00JGOH5MC,4.0,1
B00DUSBFDA,5.0,1
B00DUS29V2,5.0,1
B00JGKSZGQ,4.0,1
B00DUS2FES,5.0,1
B009SCMJSW,5.0,1
B00H3R2998,5.0,1
B00DUS5P7C,5.0,1
B00JGKX3DG,5.0,1
B00DUS1IE6,4.0,1
B009SBM4P6,4.0,1
B00JGLSN1W,5.0,1
B009SBEFSU,5.0,1
B00DUU1DOY,4.0,1
B00JGM20RY,5.0,1
B00DUU91KW,5.0,1
B00H3R27XG,4.0,1
B00H3R3BS6,5.0,1
B00JGIT3NW,5.0,1
B00JGM5EBI,5.0,1
B00JGDKGM4,5.0,1
B00H3R4X9C,5.0,1
B00DURWA1C,5.0,1
B00DURYHP4,5.0,1
B00H3R4FDQ,5.0,1
B009SD55W8,5.0,1
B009SD4OFM,5.0,1
B009SD48XA,4.0,1
B009SD46W8,5.0,1
B009SD39DA,4.0,1
B00DUS1AEE,5.0,1
B009SD25NU,5.0,1
B00DURZB3Q,5.0,1
B00DURZS8Y,5.0,1
B00DUS0QZS,4.0,1
B009SD12FM,5.0,1
B00JGG6JWM,5.0,1
B00DUS0V3U,5.0,1
B009SAZMS8,4.0,1
B00DUUAO4E,5.0,1
B00H3QZIG0,5.0,1
B00H3R1ZKM,5.0,1
B00JGM682W,4.0,1
B00DUX1YY0,4.0,1
B00DUX2UPM,4.0,1
B00JGN1GBE,5.0,1
B00JGO00M4,5.0,1
B00DUX3I94,5.0,1
B00H3QXLQE,5.0,1
B00DUX3KQ0,4.0,1
B00DUX3SGC,5.0,1
B00DUXCQPG,4.0,1
B00DUXDBGY,5.0,1
B00DUXGK26,5.0,1
B00DUX17VK,5.0,1
B009S9ORJE,5.0,1
B009SAP7BA,5.0,1
B00DUWDFE8,5.0,1
B009SAP184,4.0,1
B009SAO43C,5.0,1
B009SAO2NE,5.0,1
B00DUW2NVE,4.0,1
B009SANU9Q,4.0,1
B00DUWYX8K,5.0,1
B00DUX11O8,5.0,1
B00DUWZO6K,5.0,1
B009SA7FKQ,5.0,1
B00DUWZXGQ,5.0,1
B009SA4GYE,4.0,1
B00DUX004A,5.0,1
B00DUX0FUO,4.0,1
B009S9QCVA,5.0,1
B00H3R5IA0,5.0,1
B00DURW102,5.0,1
B00DUO45Q8,5.0,1
B009SEZNVU,5.0,1
B00DUNX56K,4.0,1
B00DUNXINA,4.0,1
B009SEZ4NM,4.0,1
B009SEY8NO,5.0,1
B009SEMA7U,5.0,1
B00H3RIMIU,5.0,1
B00DUNTKC8,5.0,1
B00JG7Y9B4,5.0,1
B00DUOBYRG,5.0,1
B00DUOCJDE,5.0,1
B00DUP4OOA,5.0,1
B009SD68OM,5.0,1
B00JG720J2,5.0,1
B00H3ROKVS,5.0,1
B00DUMBVR6,5.0,1
B00DUMCT0E,5.0,1
B00JG6GZN0,5.0,1
B00DUMDBJW,5.0,1
B00DUMIHOG,5.0,1
B009SFWCHC,5.0,1
B00DUNSPVK,5.0,1
B00JG75B0M,5.0,1
B00DUMR6CK,5.0,1
B009SFTFTA,5.0,1
B00DUN2H0K,4.0,1
B00JG7Y1JY,5.0,1
B00DUNHXMW,5.0,1
B00DUNR3QI,5.0,1
B00JGAEGX2,5.0,1
B00H3R7WWM,5.0,1
B009SDBX92,4.0,1
B009SDKJWE,5.0,1
B00DUQTR3W,4.0,1
B009SDK9IS,4.0,1
B00JGBAFMC,5.0,1
B00DUQUEAM,5.0,1
B009SDFWIK,5.0,1
B009SDEJO8,5.0,1
B00DUQV712,4.0,1
B00DUP52BE,5.0,1
B00H3R6DIQ,5.0,1
B00DUR28IC,4.0,1
B00H3R64PI,5.0,1
B009SD6UVI,5.0,1
B00DUR8FQ6,4.0,1
B009SD6EZU,5.0,1
B00DUR9D0I,5.0,1
B00DURC5ZI,5.0,1
B009SDKSC0,5.0,1
B00H3R6OZI,5.0,1
B00H3R6SPO,5.0,1
B00DUQPOLQ,4.0,1
B00DUP5K2A,5.0,1
B00DUP5N0Y,5.0,1
B00H3R7T3E,4.0,1
B009SDWDR8,5.0,1
B009SDVUFE,5.0,1
B00H3R7Q14,5.0,1
B00H3R7MZ4,5.0,1
B009SDQPYA,5.0,1
B009SDPMIK,5.0,1
B00H3R77V8,5.0,1
B00DUQB7BC,5.0,1
B00DUQMMJS,5.0,1
B009SDNPCU,4.0,1
B00JGB8Y3Y,5.0,1
B00DX28XGA,5.0,1
B00DX5E5YG,5.0,1
B009SRYNPY,5.0,1
B009QDNWKM,5.0,1
B00H2AHCFC,5.0,1
B00E0OH2W6,5.0,1
B00JJFFTUS,5.0,1
B009QDNOZK,5.0,1
B00E0P64CY,5.0,1
B00JJGS97W,5.0,1
B009QD3J1E,5.0,1
B00JJHS7D2,5.0,1
B00E0RG3ZA,5.0,1
B00E0SZBG6,5.0,1
B00H29NV6C,5.0,1
B009QDQHWM,5.0,1
B00E0M4XZW,5.0,1
B00JJDJC1C,5.0,1
B009QGOGG8,5.0,1
B00E0MB7RE,4.0,1
B00H2BYUY2,5.0,1
B00E0MK89M,5.0,1
B009QEM9NM,5.0,1
B00JJE6390,5.0,1
B00H2BQDA6,4.0,1
B00E0MM3MM,5.0,1
B00E0NSC2Q,4.0,1
B00E0NTDLK,5.0,1
B009QDQWKO,5.0,1
B00E0NUBPC,4.0,1
B00E0NVNEU,4.0,1
B009QCYXBK,5.0,1
B00E0T3M5W,5.0,1
B00E19XQS4,4.0,1
B00E18PI1I,5.0,1
B00E1738DY,5.0,1
B00JJHUOUQ,5.0,1
B009Q9XUYY,5.0,1
B009Q8G0FG,4.0,1
B00E18NQ4Y,5.0,1
B009Q81XP8,5.0,1
B00E15AADC,5.0,1
B00E19C5RC,4.0,1
B009Q81W04,4.0,1
B00JJI9ICK,4.0,1
B00E19DKOY,4.0,1
B009Q7HS08,4.0,1
B00H28L6BU,4.0,1
B00E1728XA,5.0,1
B00H29J972,5.0,1
B00E0TJOMM,4.0,1
B00E0UVZQE,5.0,1
B009QBTUKA,4.0,1
B00E0U13QQ,5.0,1
B00E0UQ0Q4,5.0,1
B009QAN2FK,5.0,1
B00E0UVVUY,4.0,1
B009QAHUNU,5.0,1
B009QAGOVE,5.0,1
B009QAGIY2,4.0,1
B00E0VS1OW,5.0,1
B00E0Y5AAW,5.0,1
B009QABEEQ,5.0,1
B00E10YXS0,5.0,1
B00E11YWTE,5.0,1
B00E13DLT4,5.0,1
B00H2C95HI,4.0,1
B00H2CGWH4,4.0,1
B009QOJ4QW,5.0,1
B009QP8Y12,5.0,1
B00E0G4X12,5.0,1
B009QOQRWQ,5.0,1
B00H2EJ7QA,5.0,1
B009QOOVDS,5.0,1
B00E0GSRKK,4.0,1
B00E0HV7FG,5.0,1
B00E0G0FKU,5.0,1
B00E0I8BIG,5.0,1
B009QO4EZ8,5.0,1
B00E0IDSUM,5.0,1
B00E0IDUSW,5.0,1
B009QO26PI,5.0,1
B00JJ59X28,5.0,1
B00E0LOLGE,5.0,1
B00E0EY9MC,5.0,1
B009QQZ4XM,4.0,1
B00H2EJY54,5.0,1
B009QQWS5Y,5.0,1
B00E0CZ8EM,5.0,1
B009QQQ30A,5.0,1
B00E0FXYD6,5.0,1
B009QQQ2U6,5.0,1
B00E0FNF62,5.0,1
B00E0FUG32,4.0,1
B00E0FXREW,5.0,1
B009QPCQE8,5.0,1
B009QNYSY6,5.0,1
B00E0IE9E6,5.0,1
B009QNXUMW,5.0,1
B009QJM1K8,5.0,1
B00E0KSIS2,5.0,1
B00E0L2ZGC,5.0,1
B00E0L39GW,5.0,1
B00E0LE1QO,4.0,1
B00E0LF820,4.0,1
B009QNO89Q,5.0,1
B00H2D0OZO,5.0,1
B009QJL1DG,5.0,1
B00E0LFAFA,5.0,1
B00E0LHOEU,5.0,1
B00JJBYHCS,5.0,1
B009QJM4TG,5.0,1
B00H2D0Q3E,5.0,1
B00H2D6YNU,5.0,1
B00H2DCIKS,5.0,1
B00JJ7T2V8,4.0,1
B00E0IE9GO,5.0,1
B00E0JSUOA,5.0,1
B00E0JT03K,4.0,1
B00E0JT0XK,5.0,1
B00E0JTA3K,5.0,1
B009QNIFZE,5.0,1
B009QN36H6,4.0,1
B009QN1T8E,4.0,1
B00E0JTFZI,5.0,1
B009QMJO3C,5.0,1
B009QMGOTO,5.0,1
B009QKTKQK,5.0,1
B00E0K5Q1E,5.0,1
B00E19T728,5.0,1
B009Q4H7BQ,5.0,1
B009PP62QM,5.0,1
B00E1S0VWE,5.0,1
B009PPB2R6,4.0,1
B009PPAT6G,5.0,1
B009PP8V66,4.0,1
B009PP6R0I,5.0,1
B00JJP0H6Y,5.0,1
B00E1S3O82,4.0,1
B009PP4QHE,5.0,1
B009POSB8K,5.0,1
B00JJQ7342,5.0,1
B00E1RZJKE,5.0,1
B00E1S8KMC,5.0,1
B00E1P5YUQ,5.0,1
B00E1O5OZC,5.0,1
B009PQ7J40,5.0,1
B009PQ4QWS,5.0,1
B00E1OU0CO,5.0,1
B00E1OVPJG,5.0,1
B00E1P6TLO,5.0,1
B00E1Q15B2,5.0,1
B009PPKDRQ,4.0,1
B009PPFKAG,5.0,1
B009PPFCM2,4.0,1
B009PPEURU,5.0,1
B009PPEJRG,5.0,1
B00E1S7NMK,5.0,1
B009PON8W4,5.0,1
B00E20SDHG,5.0,1
B00JJQ859Y,5.0,1
B00JJRU91U,5.0,1
B00E20OYGK,4.0,1
B009PNO8NI,5.0,1
B009PNMB3C,4.0,1
B009PNJ7SO,5.0,1
B00E1XPSEU,5.0,1
B00E20V6Q6,5.0,1
B00H22R63I,5.0,1
B00E22N4XW,4.0,1
B00E22O3LY,5.0,1
B00JJTXUFU,4.0,1
B00E22Q7F4,4.0,1
B009PMZZOA,5.0,1
B009PNU4FY,5.0,1
B009POFE6W,5.0,1
B009POKGEM,5.0,1
B00E1T2E7I,5.0,1
B00E1TV56O,5.0,1
B00E1U7LB6,5.0,1
B009POFIO0,5.0,1
B009POAQ4W,5.0,1
B009PO8XN8,5.0,1
B009PO7V9K,5.0,1
B00E1UHADU,5.0,1
B009PO4TJA,5.0,1
B00E1UHFVC,4.0,1
B00JJOV9QW,5.0,1
B00E1O3M6A,5.0,1
B00JJOV9JO,5.0,1
B00E1F361A,4.0,1
B00E1CKSCI,5.0,1
B00E1EFKA6,5.0,1
B00JJIP2UW,5.0,1
B00E1F0WSU,5.0,1
B00H27PBVW,5.0,1
B00E1F5LTK,5.0,1
B00E1F8BRY,5.0,1
B00E1G380S,5.0,1
B00E1HD5T6,5.0,1
B00E1HH1OQ,4.0,1
B00E1BTL4K,5.0,1
B00E1NXC3Y,4.0,1
B00E1BOI6G,5.0,1
B00E1A2SX2,5.0,1
B00E1AQH2U,5.0,1
B00E1AUFMI,4.0,1
B00E1AWLRA,5.0,1
B00E1BOCQM,4.0,1
B009Q12KU2,4.0,1
B009Q0MABM,4.0,1
B00E1BPIPG,5.0,1
B009Q0LQLC,5.0,1
B009Q0KZR8,5.0,1
B009Q0KGH2,5.0,1
B00E1BOJGA,5.0,1
B00JJIEOX8,4.0,1
B00E1BP3LA,5.0,1
B00JJIOZC8,5.0,1
B00JJIP1T4,5.0,1
B00E1HHS30,5.0,1
B00H27HFKM,5.0,1
B00E1LQY72,5.0,1
B00H26CL8O,5.0,1
B00E1JS4R2,5.0,1
B00E1JXE40,4.0,1
B00E1JZ5ME,5.0,1
B00H268AQ6,4.0,1
B009PQK0GY,5.0,1
B00E1LEP8C,4.0,1
B009PX8B5E,5.0,1
B00JJO6YRG,4.0,1
B00E1MVV2E,5.0,1
B00E1NTOEA,5.0,1
B009PQIAL6,5.0,1
B00E1NVVF0,5.0,1
B00JJKPFIO,4.0,1
B00JJJSOK6,5.0,1
B009PX707O,5.0,1
B00E1IHUVE,5.0,1
B00E1IHVS6,4.0,1
B00H276XPA,5.0,1
B00H26Z0Z0,5.0,1
B00H26WJQI,4.0,1
B00H26HABM,5.0,1
B009PRW76E,5.0,1
B009PRORWQ,5.0,1
B00E1JLSA2,5.0,1
B009QR6WJ6,4.0,1
B00E0CHZRK,5.0,1
B009RJOO0M,5.0,1
B00H2WW3FY,5.0,1
B00JHR1AA6,4.0,1
B00DYFKQT8,5.0,1
B00DYGH4SI,5.0,1
B00H2WXLNW,5.0,1
B00DYIB2MA,5.0,1
B009R564R2,5.0,1
B00DYNRC6U,5.0,1
B00DYCP6E6,5.0,1
B009R55R2U,5.0,1
B00DYONMP4,5.0,1
B00DYOQP7G,5.0,1
B00DYQ0B10,4.0,1
B00DYF6LP6,5.0,1
B009R6F4YA,5.0,1
B009R53I6M,5.0,1
B00DYA7SFI,5.0,1
B009R8P8LC,5.0,1
B00DY935YC,5.0,1
B009R8BJOW,5.0,1
B00DY9KR9I,5.0,1
B00JHP8AU6,4.0,1
B00H2XV3LS,5.0,1
B00JHQBRNM,5.0,1
B009R85RBI,5.0,1
B00DYCIS4Q,5.0,1
B00H2XO69O,5.0,1
B00DYAVIYU,5.0,1
B009R7S0M2,5.0,1
B009R7NLIK,5.0,1
B009R7KR1E,4.0,1
B009R7DLE4,5.0,1
B009R76V1E,5.0,1
B009R53G32,4.0,1
B00DZ0OAGW,4.0,1
B00DYYVJQ8,5.0,1
B00DYY2COG,5.0,1
B00DYY2KT8,5.0,1
B00DYYDDC6,5.0,1
B00DYYKQZS,5.0,1
B00DYYKSRO,4.0,1
B00DYX29QI,5.0,1
B00DZ03I8S,5.0,1
B009R3H6AI,5.0,1
B00H2PUQWI,5.0,1
B009R2PRSW,4.0,1
B00DYX2T18,4.0,1
B00DYVRHKS,5.0,1
B009R53970,5.0,1
B00DYSL93C,5.0,1
B00DYSNNDG,5.0,1
B009R53808,5.0,1
B00JHY4LXM,5.0,1
B00JI0SWRQ,5.0,1
B009R52BUQ,5.0,1
B00DYVFPJI,5.0,1
B00JI3KDRA,5.0,1
B00DYVFRGO,5.0,1
B009R4FMMG,5.0,1
B00H2QF1UY,5.0,1
B00DYVFRZK,5.0,1
B00DYVMBY0,5.0,1
B009R8YACK,4.0,1
B00DY88804,5.0,1
B00DXFWVR4,5.0,1
B00DXGJB4Y,4.0,1
B009RHKZGG,5.0,1
B00DXGYRF2,5.0,1
B009RG4TQ4,5.0,1
B00DXI7AWW,5.0,1
B009RFUGTE,5.0,1
B009RIWP2M,5.0,1
B009RFMV06,4.0,1
B009RFI7LI,5.0,1
B009RF7WBE,4.0,1
B00DXNVPB4,5.0,1
B009RET87G,5.0,1
B00DXNYL5Q,5.0,1
B009RIR83I,5.0,1
B009RIX7GU,5.0,1
B00H30LIU6,5.0,1
B00DX5O8NE,5.0,1
B00DX62AWE,5.0,1
B009RJNLUG,5.0,1
B00DX67K4M,5.0,1
B00JHIBHLC,5.0,1
B00DX7AKZM,4.0,1
B00DX84HMS,5.0,1
B009RIX9FY,5.0,1
B00DX86TBU,5.0,1
B00DXEUI9I,5.0,1
B009RJLWKW,5.0,1
B009RJ4LAA,5.0,1
B009RIX9M2,5.0,1
B009RERC74,5.0,1
B009REQ6LM,4.0,1
B00DY4MJJO,5.0,1
B00DY1NKQI,5.0,1
B00DY1UW64,5.0,1
B00DY1UX1S,4.0,1
B00DY2BWOO,5.0,1
B009RA0KHM,5.0,1
B009R9ZI5M,5.0,1
B00DY2C10S,5.0,1
B00DY7PNXK,5.0,1
B00DXQU53U,5.0,1
B00DY7TM64,5.0,1
B009R9RDO6,5.0,1
B009R9GPLI,4.0,1
B009R9GJ6O,5.0,1
B00DY80LC2,5.0,1
B009R98V6K,5.0,1
B009RBEB1C,5.0,1
B009RBEQFS,5.0,1
B00DY0Z1CU,5.0,1
B00DY0WMN6,5.0,1
B00DXXPBSC,5.0,1
B009RDLDFC,5.0,1
B009RD2MRA,5.0,1
B00DXYWGHK,5.0,1
B00DXYXFCK,5.0,1
B00DXZ0S88,4.0,1
B00DXZ9GG8,5.0,1
B00DXZXC7W,5.0,1
B009RBVCWS,5.0,1
B00DXZZQI0,4.0,1
B00DY04306,5.0,1
B009RBUEZ4,5.0,1
B009RBJDDS,4.0,1
B00DY0ADBY,4.0,1
B00DY0GFYI,5.0,1
B009RBG2JG,5.0,1
B00H2OE418,5.0,1
B00DZ0Z1OM,5.0,1
B00H2GA7Q2,5.0,1
B00DZVIHGK,5.0,1
B009QY9CB4,4.0,1
B00DZVJ7N2,5.0,1
B009QY87KG,5.0,1
B009QY7HPC,4.0,1
B00DZVK5JW,5.0,1
B009QY3IHS,5.0,1
B00DZVKP74,5.0,1
B00DZVL366,5.0,1
B00JIN6RG6,5.0,1
B009QXUCQY,5.0,1
B00H2G32F0,5.0,1
B00DZVMXU6,5.0,1
B00DZV74AA,5.0,1
B00H2G21ZW,5.0,1
B00DZSUZWC,5.0,1
B009QZ42JK,5.0,1
B00DZQJYYE,4.0,1
B00DZS4NRK,5.0,1
B009QYO64C,5.0,1
B00JIN6OY6,4.0,1
B009QYO5V6,5.0,1
B00H2H4F82,5.0,1
B00DZTEBEY,5.0,1
B00H2H4BDG,5.0,1
B00DZUBIOY,5.0,1
B00DZUBLMS,4.0,1
B00DZUBVS2,5.0,1
B009QYO4XU,5.0,1
B00DZUG78Q,5.0,1
B00H2GY038,5.0,1
B00DZUQP60,4.0,1
B009QXAJ3K,5.0,1
B00DZVU7DQ,4.0,1
B00DZ14TI0,5.0,1
B00JJ390X2,4.0,1
B00DZZKUNE,5.0,1
B00DZZRHZ8,5.0,1
B009QSHZBY,5.0,1
B009QRJPI6,5.0,1
B00E00S6ZM,5.0,1
B00H2EMSUW,5.0,1
B00E04B6A0,5.0,1
B00JJ3VZWG,5.0,1
B00JJ53NJC,5.0,1
B00E07JJ8S,4.0,1
B009QRJ590,5.0,1
B009QR9BFS,5.0,1
B00E08A0IU,5.0,1
B009QR7DB2,5.0,1
B009QR7902,5.0,1
B009QT055Q,4.0,1
B00DZZFHN2,4.0,1
B009QU42ZE,5.0,1
B009QWQ19W,5.0,1
B009QVVRIS,4.0,1
B009QU6KQI,4.0,1
B009QU5C44,5.0,1
B00H2G0BR2,4.0,1
B00H2FZJ6G,4.0,1
B009QT07FO,5.0,1
B00H2FYYQW,5.0,1
B00DZZ7I2U,5.0,1
B00DZZFDVI,4.0,1
B00DZZFHJQ,5.0,1
B009QZ4X3A,5.0,1
B00DZQA330,5.0,1
B00DZQ9TMG,4.0,1
B00DZ60P5Q,5.0,1
B00DZ6997G,5.0,1
B00DZ69BM4,5.0,1
B00H2NKVZC,5.0,1
B00JIFWIUS,4.0,1
B009QZGOY6,5.0,1
B00DZ6ELS8,5.0,1
B00DZ4NYOW,4.0,1
B00DZ74196,5.0,1
B009QZF672,5.0,1
B009QZF1KO,5.0,1
B00DZA6PWE,5.0,1
B00DZAO7EM,5.0,1
B009QZER86,5.0,1
B00JIFV6C4,4.0,1
B00DZQ6YOC,5.0,1
B00DZ31BEI,5.0,1
B00DZ16GG8,5.0,1
B009R2OQGG,4.0,1
B00H2OC6X6,5.0,1
B00DZ30PW2,5.0,1
B00DZ31ATO,4.0,1
B00DZ32NZO,4.0,1
B009R0FX6A,5.0,1
B009R08VGY,5.0,1
B00DZ3H78W,4.0,1
B00DZ49L9O,5.0,1
B009R01LF2,4.0,1
B009QZEJ98,5.0,1
B009QZ6EUK,5.0,1
B00H2H7782,4.0,1
B00JIMTGOM,5.0,1
B009QZ88N6,5.0,1
B009QZ6VSK,5.0,1
B00DZMPZ2I,4.0,1
B00DZNKIH4,5.0,1
B00DZNN4KW,4.0,1
B00JIN3YC6,5.0,1
B009QZ673O,5.0,1
B00DZO7KDI,4.0,1
B00DZO7PT2,4.0,1
B009QZ66QM,4.0,1
B00DZOYE0K,5.0,1
B00DZPII4M,5.0,1
B009QZ90UG,5.0,1
B009QZ9A4C,5.0,1
B009QZ9RNG,5.0,1
B009QZE22C,5.0,1
B009QZDN6I,5.0,1
B00DZEFH0G,5.0,1
B009QZCZGC,5.0,1
B00H2I2LDC,5.0,1
B009QZCDIW,5.0,1
B00DZHYB4G,5.0,1
B00DZITESI,5.0,1
B00DZITMDK,4.0,1
B009QZBRGQ,5.0,1
B00DZIYBKO,5.0,1
B00DZMK8Z2,5.0,1
B00DZML6TY,5.0,1
B00DZML6VM,4.0,1
B009QZAQ0E,5.0,1
B009QZAKYQ,5.0,1
B009QZ9S7G,5.0,1
B009SRXWKG,4.0,1
B009SRZMZ4,5.0,1
B00DP4KK7G,5.0,1
B009VN921U,5.0,1
B00DR4TSTK,5.0,1
B009VNCCYE,5.0,1
B00H5W9BQ0,5.0,1
B009VNBR5E,5.0,1
B00JDOTMOO,5.0,1
B00DR5YNWG,5.0,1
B00H5VUTWG,4.0,1
B00DR60GDK,5.0,1
B00JDP9NTC,5.0,1
B009VNDN9M,5.0,1
B00JDPBBOC,4.0,1
B00DR72WUO,4.0,1
B00DR7BE0I,5.0,1
B009VN660K,5.0,1
B009VMYYUU,5.0,1
B009VMY9TQ,5.0,1
B00DR4FOD4,4.0,1
B009VMR98O,5.0,1
B00DR2A5T4,5.0,1
B00JDKSP3M,5.0,1
B00DR05ER4,4.0,1
B00JDNRKWG,5.0,1
B00DR1VFJY,4.0,1
B009VPHZK8,5.0,1
B009VP7PA8,5.0,1
B00DR22DNU,5.0,1
B00DR3RR0I,5.0,1
B009VNSH1Q,5.0,1
B00DR3ZOIK,4.0,1
B009VNPWYQ,5.0,1
B00DR4637K,5.0,1
B00DR9CPUY,5.0,1
B00DR8UVDS,5.0,1
B009VKWADU,5.0,1
B00DR7FNZU,5.0,1
B00H5G457Q,5.0,1
B00H5G3YZ0,5.0,1
B00H5D3MYQ,5.0,1
B00JDRKPCO,5.0,1
B00DR7T3OM,5.0,1
B009VK9ZBK,5.0,1
B00H5BOMTW,5.0,1
B00DR8WR8K,5.0,1
B00H5BJA44,5.0,1
B00DR8XU36,5.0,1
B00JDRUCE0,4.0,1
B00H5GLK4M,5.0,1
B00H5UVYXU,5.0,1
B009VLXDB2,5.0,1
B009VMR7NG,4.0,1
B00H5T97GC,5.0,1
B00H5T8Q28,5.0,1
B00H5SWQTI,5.0,1
B00H5R6D02,5.0,1
B00H5QVG8W,4.0,1
B00H5HYXH2,5.0,1
B00H5QMLJU,5.0,1
B00H5OH73M,5.0,1
B00H5NNJXK,4.0,1
B00H5JHWFA,4.0,1
B00H5IK3RK,5.0,1
B00DR7FGUW,4.0,1
B00DQYYLVQ,5.0,1
B00H5W9VN8,5.0,1
B009VU2IBY,5.0,1
B009VXGK9M,5.0,1
B009VXGGB4,5.0,1
B00DQSIV7M,4.0,1
B00DQSK01M,5.0,1
B00DQSKVIO,5.0,1
B00JCY032A,5.0,1
B00DQSI87K,5.0,1
B00JCYRLW0,5.0,1
B00DQSKVKW,5.0,1
B009VTKU3S,5.0,1
B009VTIIWI,5.0,1
B00DQSXL3Q,5.0,1
B00DQUKEXY,4.0,1
B00JCZDSSK,5.0,1
B009VQ3Z9M,4.0,1
B00H67Y6SC,5.0,1
B00H6PRDAW,5.0,1
B009VY01PU,5.0,1
B00H6OXMDU,5.0,1
B00H6LV44M,4.0,1
B00H6HFTUQ,5.0,1
B00H6BUHRM,5.0,1
B00H65ZNS6,5.0,1
B00JCWW5QO,5.0,1
B009VXWP8C,5.0,1
B00DQS03UU,4.0,1
B00H653TI2,5.0,1
B009VXWMOO,4.0,1
B00DQSHVBO,5.0,1
B00DQSI4B0,5.0,1
B00DQUR9VO,5.0,1
B00JD4OXOI,5.0,1
B00DQUU3IA,5.0,1
B00H5XABV8,5.0,1
B00DQX7H90,5.0,1
B00DQY5JE4,5.0,1
B009VRK7YM,5.0,1
B00JDCA4LQ,5.0,1
B00H5X151I,4.0,1
B009VTG9G0,5.0,1
B00H5WDOZ4,5.0,1
B009VQR80E,5.0,1
B00DQYAOMQ,5.0,1
B009VQMD18,5.0,1
B00JDEJRB2,5.0,1
B00H5WB2BW,5.0,1
B009VSN0CC,5.0,1
B009VSPUM0,5.0,1
B00DQWTWM6,5.0,1
B00JD5KC4C,5.0,1
B00DQUUT1Q,5.0,1
B00H5XTAP6,5.0,1
B00DQUWQIK,5.0,1
B00DQUZJYI,5.0,1
B00DQV16AS,4.0,1
B00DQV2VDO,4.0,1
B009VTFLNW,5.0,1
B009VT33V4,5.0,1
B009VSXIYW,5.0,1
B00DQVIBX8,4.0,1
B00DQVV60I,5.0,1
B00DQVVS88,5.0,1
B00DQVYMB8,4.0,1
B00DR8ZX5Y,5.0,1
B009VK3R28,5.0,1
B00DQR4PS2,5.0,1
B00DRPDCVO,5.0,1
B00DRP1FZ4,5.0,1
B00DRP5B04,4.0,1
B00H57KS2Q,5.0,1
B009VD4U6W,5.0,1
B009VD4PN0,5.0,1
B009VD4LC0,5.0,1
B00JDZCSR6,5.0,1
B00DRPUN2A,5.0,1
B009VD6U24,5.0,1
B00JDZCVCI,5.0,1
B00DRSAP2U,5.0,1
B00DRU7H3S,5.0,1
B009VD31YE,5.0,1
B00DRUNZYI,5.0,1
B009VD10I8,5.0,1
B009VD5L92,5.0,1
B00DS1R8VM,5.0,1
B009VDIQ6W,4.0,1
B00JDWHWJI,5.0,1
B00H57KU7Y,5.0,1
B009VDJE3Q,5.0,1
B009VDJDYQ,4.0,1
B00DRLP0C2,5.0,1
B009VDIZ18,5.0,1
B009VD8CZ2,5.0,1
B00DRLU298,5.0,1
B00DRM408G,5.0,1
B009VDD400,5.0,1
B009VDCKGE,5.0,1
B009VD9MDS,4.0,1
B00DRMBVTC,5.0,1
B00JDZ3K0A,5.0,1
B00JDZC4V6,5.0,1
B00DS1INHK,5.0,1
B009VB5SBU,5.0,1
B00DS62CY0,5.0,1
B009V5C2B0,5.0,1
B00DS608O6,5.0,1
B00DS6097C,5.0,1
B00DS609J0,5.0,1
B00DS60L98,5.0,1
B00DS60O18,5.0,1
B00DS6CJD4,5.0,1
B009V5GQ30,5.0,1
B009V561GW,5.0,1
B00DS6HY02,5.0,1
B009V55V2C,5.0,1
B009V50T10,5.0,1
B009V4VX5C,5.0,1
B009V4I7CE,5.0,1
B009V3V46Q,4.0,1
B00DS605FS,5.0,1
B00DS2DCUM,5.0,1
B009V82UDM,5.0,1
B00DS2RZPA,4.0,1
B00DS2XBM6,5.0,1
B009V9KQ1O,5.0,1
B009V9I4XG,5.0,1
B00DS3WPUE,5.0,1
B00JDZEQL2,5.0,1
B009V5UTTC,4.0,1
B009V70MS8,5.0,1
B00DS5EMQW,4.0,1
B009V6C2XC,5.0,1
B009V642FI,5.0,1
B00DS5ZUHC,5.0,1
B009VDRBAE,4.0,1
B00DRFWWHY,5.0,1
B00DRFC4GS,4.0,1
B00H59VY18,5.0,1
B00JDSQRBG,4.0,1
B009VIKP4S,4.0,1
B00JDSQCNY,4.0,1
B00DRG5SP6,5.0,1
B00DRGKMZ2,5.0,1
B00JDTOM30,4.0,1
B009VIEVAC,5.0,1
B009VIEHJM,5.0,1
B00DRGUCCA,5.0,1
B00H59GL0C,5.0,1
B00DRE4UN4,4.0,1
B00DRE2TDW,5.0,1
B00DRJSA94,5.0,1
B00DRCJEKA,5.0,1
B00JDSCEI6,4.0,1
B00JDSPKA0,4.0,1
B00DRA90VU,5.0,1
B00H5B2K5A,5.0,1
B00H5AK3SW,5.0,1
B009VJHFPY,5.0,1
B00DRB8SH6,5.0,1
B009VJCTR8,5.0,1
B00DRE1D1Q,5.0,1
B00DRD1BPU,4.0,1
B00H5AJX0G,5.0,1
B00DRDS55O,5.0,1
B009VJ2GX0,5.0,1
B009VJ2GRQ,4.0,1
B00DRE0C6S,5.0,1
B009VJ2EEG,5.0,1
B00JDUZU8K,5.0,1
B009VI85Q8,5.0,1
B00H59FQOO,4.0,1
B009VFQBYY,5.0,1
B00JDVQNEY,5.0,1
B00H58B9X2,5.0,1
B009VFTOQ6,5.0,1
B00DRI1SF8,5.0,1
B00DRI1TK2,5.0,1
B00DRHIOCO,4.0,1
B00DRI6BHI,5.0,1
B00H57T50M,4.0,1
B00DRIU7LE,5.0,1
B00DRHZXLY,5.0,1
B009VGMBRE,5.0,1
B009VGMEMG,5.0,1
B00H59FDTC,5.0,1
B009VHTEPU,4.0,1
B00H59EIL6,5.0,1
B00DRHU2TW,5.0,1
B00DRHVS22,5.0,1
B009VHB98K,5.0,1
B009VH2B78,5.0,1
B00DRHXJ74,5.0,1
B009VGQCWE,5.0,1
B009VGNYHU,5.0,1
B00JDVP9L2,5.0,1
B00H592GEC,5.0,1
B009VGNRTA,5.0,1
B009VY9A16,4.0,1
B00DPZ7JDS,5.0,1
B00DPX0WYI,5.0,1
B00DPX19KO,5.0,1
B009WI04PM,5.0,1
B009WHZXMM,5.0,1
B009WHZVW4,4.0,1
B00H78GZIO,5.0,1
B00DPZGG00,5.0,1
B00H782L28,5.0,1
B009WHRX7A,5.0,1
B00DQ08QKC,5.0,1
B00DQ0EYQM,4.0,1
B00DQ0JW00,5.0,1
B00DPVH8BA,5.0,1
B00H7823CG,5.0,1
B00DPPMJVU,5.0,1
B00DPOOL1W,5.0,1
B00DPP0IBI,4.0,1
B00DPP48AU,5.0,1
B00DPPHLLS,4.0,1
B00DPPOCZ6,5.0,1
B00H78STI8,5.0,1
B00DPPROE2,5.0,1
B00DPPYUOO,5.0,1
B00DPPZD4U,5.0,1
B00JBTXPJE,4.0,1
B00DPQJY1M,5.0,1
B00DPRULGI,5.0,1
B00JBVEJAG,5.0,1
B00H77ZA6S,5.0,1
B00DQ610SG,5.0,1
B009WESX54,5.0,1
B009WEW73I,5.0,1
B00H73B2LE,5.0,1
B009WFVG66,5.0,1
B00DQ5I0T4,5.0,1
B00DQ5I6MA,4.0,1
B00JC3VXYI,5.0,1
B00DQ5I77Y,5.0,1
B009WEKVLI,4.0,1
B00DQ5NEY0,5.0,1
B009WFOKBO,5.0,1
B00JC111GA,4.0,1
B00H77W6NI,5.0,1
B00H77NRNQ,5.0,1
B00H77DDOE,5.0,1
B00H73FDA0,5.0,1
B00DQ3FFZ8,5.0,1
B00DQ3JQ4E,5.0,1
B00H73CGHI,4.0,1
B00DQ3S3A2,4.0,1
B009WGJ5MW,5.0,1
B00H73C4YI,5.0,1
B00H73C07Y,5.0,1
B00DQ4DDLA,5.0,1
B00DQ4MUUA,5.0,1
B00DPO5V98,4.0,1
B00DPO2P7O,5.0,1
B00DPO1QYC,5.0,1
B00H7G1UW2,5.0,1
B009WLUU9E,5.0,1
B00H7GEYR0,5.0,1
B00DP7WHMY,4.0,1
B00H7GEY1G,5.0,1
B00H7G96JQ,5.0,1
B00DP7IJE4,5.0,1
B00JBO1BAO,5.0,1
B009WIS39G,5.0,1
B009WIJZGG,4.0,1
B00JBOMOZA,5.0,1
B00DPDJ8ZC,5.0,1
B00DPDO546,5.0,1
B00DP7622A,5.0,1
B00DPNA3UG,5.0,1
B009WO2X4G,5.0,1
B00JBNHJT2,5.0,1
B009WOZ8WU,5.0,1
B009WO43X0,5.0,1
B00DP5RPLO,5.0,1
B00DP5S6GW,5.0,1
B00DP5TRG0,5.0,1
B009WMZLBU,5.0,1
B00DP5TRYW,5.0,1
B009WN9WDW,5.0,1
B00JBNQ3FS,5.0,1
B00DP5TXYQ,5.0,1
B00DP5UDRW,5.0,1
B00JBNQBZA,5.0,1
B00DPE24CU,5.0,1
B009WI9C00,5.0,1
B009WI9AM0,5.0,1
B009WI2RFW,5.0,1
B00DPKC1AY,4.0,1
B009WI4GZG,5.0,1
B00DPL4Z8E,5.0,1
B00DPL854O,5.0,1
B00DPLOK2U,4.0,1
B00DPLOZZM,5.0,1
B00DPLPHXQ,5.0,1
B00DPLUIA8,5.0,1
B00JBTU5SS,5.0,1
B00DPLUOWU,5.0,1
B009WI2C3O,4.0,1
B00DPN7818,4.0,1
B00JBTGO4W,5.0,1
B009WI6MB2,5.0,1
B009WI99CQ,5.0,1
B009WI8EU4,4.0,1
B00DPE4FOU,5.0,1
B00DPEQN5E,5.0,1
B009WI8CF6,5.0,1
B009WI86QG,4.0,1
B009WI7SOM,5.0,1
B00DPGHYN2,5.0,1
B00DPGUEG6,5.0,1
B009WI7O5U,5.0,1
B00H7ENAMW,5.0,1
B009WI7MFC,5.0,1
B00DPJFP8K,5.0,1
B00DQ5OU1Q,5.0,1
B009WDXISC,5.0,1
B00DQKZWM2,5.0,1
B00DQKVP14,5.0,1
B00DQKWXAQ,4.0,1
B009W4OHEA,5.0,1
B00DQKYP2A,5.0,1
B00DQKZ8QC,5.0,1
B00H6XUH1G,5.0,1
B00DQKZNIU,5.0,1
B00H6X0PO0,5.0,1
B009W4T6B4,5.0,1
B00H6WLGYO,4.0,1
B00DQL5O1K,5.0,1
B00DQLHD82,4.0,1
B00DQLNLKG,5.0,1
B009W4M0N0,5.0,1
B00H6W0EAG,5.0,1
B00DQKV4OC,5.0,1
B009W55BJO,5.0,1
B00DQK0MWC,5.0,1
B009W6X7YO,5.0,1
B00DQHXB3M,5.0,1
B009W6NO24,5.0,1
B009W6DI70,4.0,1
B009W6CM9K,5.0,1
B009W6C1S2,5.0,1
B00DQKUFT2,5.0,1
B009W69DO2,5.0,1
B00DQKCTJG,5.0,1
B009W691MQ,5.0,1
B00DQKFFSI,5.0,1
B009W63USC,4.0,1
B00DQKPA7Y,5.0,1
B00DQKRG58,5.0,1
B009W57066,5.0,1
B009W4JWQI,5.0,1
B00DQMCIRM,5.0,1
B009WD5TXY,5.0,1
B00DQQVZRM,5.0,1
B00DQQVZYK,5.0,1
B009W1KXDM,4.0,1
B009W1ASQY,5.0,1
B00JCTCYJ0,5.0,1
B00H6TTDS8,4.0,1
B00H6TE8JM,5.0,1
B00H6SSGC8,5.0,1
B00H6SK7DE,5.0,1
B00H6SH9GM,5.0,1
B00H6QIRK6,5.0,1
B009W0DFO2,4.0,1
B00H6QI8G4,4.0,1
B00DQQVNBK,4.0,1
B009W32IAQ,5.0,1
B00DQMCL2O,4.0,1
B00H6UHFDC,5.0,1
B00DQMVNG4,5.0,1
B00DQMYLBI,5.0,1
B00DQN4NAQ,4.0,1
B00DQN5HGU,4.0,1
B009W47EX6,5.0,1
B00JCT43IU,5.0,1
B00DQO7S8O,5.0,1
B00DQOQSF8,4.0,1
B00DQP2PCC,5.0,1
B00DQPRMSE,4.0,1
B009W422II,5.0,1
B00DQQA5S2,4.0,1
B00H6UEO68,5.0,1
B00H6UAQFG,5.0,1
B00DQHX970,5.0,1
B00DQHX916,5.0,1
B00H738DCA,5.0,1
B009WBB2X2,5.0,1
B00JCC2YQA,5.0,1
B009WA5XC4,4.0,1
B00DQBOSJE,5.0,1
B009WBQ86S,5.0,1
B00H737196,5.0,1
B00DQC4BQI,4.0,1
B00DQC53BA,5.0,1
B009W8UJFM,5.0,1
B00JCCB088,5.0,1
B009WBOT5K,5.0,1
B00DQ968F8,4.0,1
B00DQHX8LC,5.0,1
B00H7390YK,5.0,1
B00DQ68W96,5.0,1
B009WD1ZUA,5.0,1
B009WCUAXY,4.0,1
B00H73AP26,5.0,1
B00H739HPC,5.0,1
B009WCFYTE,5.0,1
B00DQ901KG,5.0,1
B00DQ7ZQ0S,5.0,1
B00DQ8CIK8,5.0,1
B009WCD7NO,5.0,1
B00DQ8R83K,5.0,1
B009WBQMOG,5.0,1
B00DQCLXXW,4.0,1
B00DQD847Y,5.0,1
B009W7B6MS,5.0,1
B009W8CQH6,5.0,1
B00DQFW0C2,5.0,1
B00DQGB5KE,5.0,1
B00DQGZEWE,5.0,1
B00DQHX0BU,4.0,1
B00H705RRC,5.0,1
B009W7B2EU,5.0,1
B009W7B01A,5.0,1
B009W7AZHA,5.0,1
B009W77ISY,5.0,1
B009W76GOQ,5.0,1
B00H6YLXQI,5.0,1
B00JCJ1RDY,5.0,1
B00DQFNDBE,5.0,1
B00DQEZVO2,5.0,1
B00DQDJJ0K,5.0,1
B009W8UGUK,5.0,1
B00DQDLR1Y,5.0,1
B00DQDTVW6,5.0,1
B009W8UDIK,5.0,1
B00H6ZNO6Y,5.0,1
B00JCCG1OG,5.0,1
B00JCEXHX2,5.0,1
B00DQEMI16,5.0,1
B009W8JMT6,5.0,1
B00DQEN6DK,5.0,1
B00DQEVNV2,5.0,1
B009V3V2LI,4.0,1
B009V3S70C,5.0,1
B009TF2VOU,5.0,1
B009TEQ4BC,5.0,1
B009TEIC7G,5.0,1
B00DTP59BI,4.0,1
B009TEEM02,4.0,1
B00JEV98DQ,5.0,1
B009TECML8,5.0,1
B00DTPY7R0,5.0,1
B00DTPYA5O,5.0,1
B009TCXBWY,5.0,1
B00DTPYB4Y,4.0,1
B00DTMIEFE,5.0,1
B009TFZI36,5.0,1
B009TCJKT2,5.0,1
B009TJMW0O,5.0,1
B00DTKCYES,5.0,1
B00DTKF7T2,5.0,1
B00DTL95HG,5.0,1
B009TKW898,5.0,1
B00DTL9Z30,5.0,1
B009TGM5XG,5.0,1
B00DTLINMY,5.0,1
B009THT3W6,5.0,1
B009THRAWG,5.0,1
B00DTLRCV2,5.0,1
B009THDQ2Y,5.0,1
B009THC2GU,5.0,1
B00DTLUK0C,5.0,1
B00H4F5JOG,5.0,1
B00H4DXT4K,5.0,1
B009T9PIZA,4.0,1
B00JEXLWHO,5.0,1
B00DTPZNUU,5.0,1
B00DTPZR4W,5.0,1
B009T9SB5O,5.0,1
B009T9S442,4.0,1
B00DTPZRWO,4.0,1
B00DTPZVEI,5.0,1
B009T9N1QS,5.0,1
B009T9MEPC,4.0,1
B00DTPZYZY,4.0,1
B009T9LR1O,4.0,1
B009TAPSGS,5.0,1
B00DTPYZAE,5.0,1
B009TBW522,5.0,1
B009TBV492,4.0,1
B00DTPYPBI,5.0,1
B009TBTKM0,5.0,1
B009TBOHY6,5.0,1
B009TB7Q1W,5.0,1
B00DTPZ490,5.0,1
B009TB4JIU,5.0,1
B009TB1RJ4,4.0,1
B00DTPZ8LE,4.0,1
B00DTPZ9JU,5.0,1
B00DTPZBM0,5.0,1
B00DTPZDVY,4.0,1
B00DTJUAP4,5.0,1
B00DTJT7FS,5.0,1
B00DTJSPE2,5.0,1
B00H4GMOJ8,5.0,1
B00DTBZS8Q,4.0,1
B00DTC042U,5.0,1
B009TW1NF6,4.0,1
B00H4GP382,4.0,1
B009TVP81C,5.0,1
B009TV43SG,5.0,1
B00DTAP1XY,5.0,1
B00DTC0L0U,5.0,1
B009TUA1M4,5.0,1
B00JEQHJKA,5.0,1
B009TTXG2C,5.0,1
B009TSQVZ2,5.0,1
B00DTC1BSG,5.0,1
B00JEOUTUY,5.0,1
B009TNDJKW,5.0,1
B00DTAO90A,5.0,1
B00H4GVEV2,4.0,1
B00DT94TOM,4.0,1
B00DT9B242,5.0,1
B009U1X6DS,5.0,1
B00DTAMBE6,4.0,1
B009U1P64A,5.0,1
B009U1OTTI,5.0,1
B00JEOOQOE,4.0,1
B009U1IL4M,5.0,1
B00H4GS0VO,5.0,1
B009U1HF9O,5.0,1
B009U1C1XY,5.0,1
B00DTAOM5C,5.0,1
B009U0W1L2,5.0,1
B00DTAOPLS,5.0,1
B00DTC1ZC8,4.0,1
B00DTC2OKU,4.0,1
B00DTCTA1G,5.0,1
B00DTISSR2,5.0,1
B00DTHJVJ2,4.0,1
B00DTI4GDC,5.0,1
B009TPVUCY,4.0,1
B009TPQXLW,5.0,1
B00DTI7CIS,5.0,1
B009TOV9VM,5.0,1
B009TOT3T2,5.0,1
B009TOKI0A,5.0,1
B00JESW2Q4,4.0,1
B00DTJR8OA,5.0,1
B009TNRRAA,5.0,1
B009TNGANA,5.0,1
B00DTJSIKS,5.0,1
B00DTHJU8Y,4.0,1
B00DTHJTMQ,5.0,1
B00DTH6JM4,5.0,1
B009TQ5PYW,5.0,1
B00DTCXOT0,5.0,1
B00DTD0GHW,4.0,1
B00DTE3CHM,5.0,1
B00H4GH948,4.0,1
B00H4GCBIC,4.0,1
B00DTFSR1W,4.0,1
B00H4FVW88,5.0,1
B009TQPWVS,4.0,1
B00DTH1MO4,5.0,1
B00DTH1N66,4.0,1
B009TQ7S6U,5.0,1
B00H4FP2T8,5.0,1
B009TQ6Y9W,5.0,1
B00JERE1QO,5.0,1
B00DTPZZEY,5.0,1
B009T99DMO,5.0,1
B009SU6W7I,5.0,1
B00H44TRJ0,5.0,1
B009SXKRXK,5.0,1
B009SX7A0I,5.0,1
B009SX0HFI,5.0,1
B00DTXSLMY,5.0,1
B009SWU6R8,5.0,1
B009SWC7K2,4.0,1
B009SWBZDM,5.0,1
B00DTXPNTS,5.0,1
B009STL0OO,5.0,1
B009STE0MS,5.0,1
B00DU05T0I,5.0,1
B00DU0WMEO,4.0,1
B00DU1E6EW,4.0,1
B00JFEV08I,5.0,1
B009SY0BUI,5.0,1
B009ST5FCC,5.0,1
B009T085JK,4.0,1
B009T0FFS4,4.0,1
B00DTVX8ME,5.0,1
B009T0EATO,5.0,1
B009T0D3KQ,5.0,1
B00DTW0IPS,5.0,1
B00DTW42S2,5.0,1
B009SZFNDC,5.0,1
B009SZ2HBS,5.0,1
B00H45NWJK,5.0,1
B009STC584,5.0,1
B009T97OW0,5.0,1
B009SSIL7Y,5.0,1
B009SSKQX6,5.0,1
B00H41JS24,5.0,1
B00DU6JBHO,5.0,1
B00DU6QL4U,5.0,1
B00JFH1CRO,5.0,1
B00H40ULCG,5.0,1
B00JFH35B0,5.0,1
B009SSLPHW,5.0,1
B00DU6WTQO,5.0,1
B00DU6YCM8,5.0,1
B00DU71ZA4,5.0,1
B009SS9Z88,5.0,1
B00DU7DBAQ,4.0,1
B009SS9IYO,5.0,1
B00DU7DNFO,5.0,1
B00DU65YL6,5.0,1
B009SSOVDC,5.0,1
B009SSYUX8,4.0,1
B009SSXKMA,5.0,1
B009SSWMLK,5.0,1
B00DU4E18U,5.0,1
B00H422C2Q,5.0,1
B00DU4OP8Q,4.0,1
B00DU4QSXG,5.0,1
B009SSQEGE,5.0,1
B00JFFU71I,5.0,1
B00JFFZRIG,5.0,1
B00DU63DAU,5.0,1
B00DU65WW2,5.0,1
B00DTVJA3U,5.0,1
B00DTVIK2W,5.0,1
B009T0PRDC,5.0,1
B00DTQ0YN0,5.0,1
B00DTQ0K20,5.0,1
B00DTQ0NDQ,5.0,1
B00DTQ0NSG,5.0,1
B00DTQ0NY0,5.0,1
B00DTQ0YXK,5.0,1
B00DTQ0Z34,4.0,1
B009T6RPNG,4.0,1
B009T6RNME,5.0,1
B00H4B2ASS,5.0,1
B009T8BERM,5.0,1
B009T0W1BI,5.0,1
B009T8SDF8,5.0,1
B00DTPZZVW,5.0,1
B00JF4DC2U,5.0,1
B00DTQ02P0,5.0,1
B00DTQ06AG,5.0,1
B00DTQ0F02,5.0,1
B00DTQ097G,5.0,1
B00JF5X030,4.0,1
B00DTQ0AF2,5.0,1
B00H4CHAPU,5.0,1
B00H4CFWXW,4.0,1
B009T8BQXE,5.0,1
B00JFAJBTM,4.0,1
B00H468ELK,5.0,1
B009T2PIWK,5.0,1
B00DTTWSEU,5.0,1
B009T20ZUK,4.0,1
B009T1KONE,5.0,1
B00DTU8YZQ,5.0,1
B00DTV1ADS,5.0,1
B00DTVC08W,5.0,1
B009T0WD7A,5.0,1
B00DTQ1SYE,5.0,1
B00JFCSGAA,5.0,1
B009T0WBO0,4.0,1
B009T0WAH8,5.0,1
B00DTVDTFU,4.0,1
B00DTVFTJE,5.0,1
B00DTVHP0A,5.0,1
B00DTT9XSO,4.0,1
B00DTRROI2,5.0,1
B00H49J53S,5.0,1
B00H49DZF2,5.0,1
B009T5SQBM,5.0,1
B00DTQ1VX2,4.0,1
B00DTQ20JG,5.0,1
B00JFBJ0I8,5.0,1
B00DTQ235M,5.0,1
B00DTQ252I,5.0,1
B00DTQ2AOG,5.0,1
B009T56LPU,5.0,1
B009T56DT4,5.0,1
B00DTR1WGW,5.0,1
B00DTRL3V6,5.0,1
B00H4H1UBU,5.0,1
B009U1Y6Q4,5.0,1
B009UTA0Z2,4.0,1
B009UUABQY,5.0,1
B009UU8Q52,5.0,1
B009UU5U7E,5.0,1
B009UTX23O,5.0,1
B00H4SRO14,5.0,1
B00H4R8TSC,5.0,1
B00DSLI834,5.0,1
B00DSMQUWO,5.0,1
B00DSNRZ1S,5.0,1
B00DSNXBUM,5.0,1
B00JE3GQKW,5.0,1
B00DSOXZ9I,5.0,1
B009UUAC9K,5.0,1
B009UUB18Q,5.0,1
B009UVZ9KG,5.0,1
B009UWPBY4,5.0,1
B009UWMW8C,5.0,1
B009UWBB98,5.0,1
B009UWAKOU,5.0,1
B009UWAJKA,5.0,1
B009UVU7PS,5.0,1
B009UUCUC2,5.0,1
B009UV46JQ,5.0,1
B009UV46G4,5.0,1
B00DSL0WME,4.0,1
B00DSL0ZTO,5.0,1
B009UUJYJO,5.0,1
B00DSL10AM,5.0,1
B00DSL13IG,4.0,1
B00H4QVKU2,5.0,1
B00H4QLAUW,5.0,1
B00DSSYZQ6,5.0,1
B00DSSHHGG,5.0,1
B00H4LSPIC,5.0,1
B009UOHEWO,5.0,1
B009UOB8GM,5.0,1
B00H4K73EK,5.0,1
B00JE40E8Q,5.0,1
B00DSRPJR6,5.0,1
B009UN6RPK,5.0,1
B009UN6R5A,5.0,1
B00DSSJ3E0,5.0,1
B009UN0I78,5.0,1
B00DSSO38Q,5.0,1
B009UMVEZ4,5.0,1
B00DSSYF8E,5.0,1
B009UORX7K,4.0,1
B00DSPFA5O,5.0,1
B00H4ORABW,4.0,1
B00DSPQ738,5.0,1
B009UR7ERG,5.0,1
B00DSPQLBG,5.0,1
B00DSQ6NH2,5.0,1
B00DSQFIT6,5.0,1
B00H4P9ARS,5.0,1
B00DSQFL02,5.0,1
B00DSR4K4E,5.0,1
B00DSQGZZM,5.0,1
B009UP561Y,5.0,1
B00H4OGUDQ,5.0,1
B00DSQKWXS,5.0,1
B009UOUPJ8,5.0,1
B009UWPR5M,5.0,1
B00DSKE3SE,4.0,1
B00H560F6Q,5.0,1
B009V1QSKA,5.0,1
B009V1QI3C,5.0,1
B009V1QG52,5.0,1
B009V1FQCG,5.0,1
B009V1BO9A,5.0,1
B00DSDGFIC,5.0,1
B009V192Q2,5.0,1
B009V15TZA,5.0,1
B00DSDGFQO,5.0,1
B00DSDGIQ6,5.0,1
B00DSDHOBO,5.0,1
B00DSDJ0IY,5.0,1
B00DSDJQM4,5.0,1
B00H57B0QY,5.0,1
B00H57FLRI,5.0,1
B00DSK8NQM,5.0,1
B009V3KI2C,5.0,1
B00DSA1MOW,4.0,1
B00DSA5SW4,4.0,1
B009V34MFG,5.0,1
B00DSACN2W,4.0,1
B00H57IGRU,5.0,1
B00DSB1CV4,4.0,1
B00DSB6U3O,5.0,1
B009V2162E,5.0,1
B00DSBOI92,5.0,1
B00DSBS46U,5.0,1
B00JE0XNJ2,5.0,1
B00DSD1F8M,4.0,1
B009V1YW2Q,5.0,1
B00DSDK952,5.0,1
B00JE1180W,4.0,1
B00DSDKFEC,5.0,1
B00DSK4F0K,5.0,1
B00H53ESCQ,4.0,1
B00H5351EK,5.0,1
B00DSIF1F0,5.0,1
B009UZIXMI,4.0,1
B009UZI3XC,5.0,1
B009UZBA6E,5.0,1
B009UYZCEG,5.0,1
B00DSDKMGS,5.0,1
B009UYY6QQ,5.0,1
B009UYUJO4,4.0,1
B009UYUGM4,5.0,1
B009UYTV1Q,5.0,1
B009UYPIWW,5.0,1
B009UWXUGA,5.0,1
B009V0CKR6,5.0,1
B00DSI48YU,5.0,1
B00DSDLHOY,5.0,1
B00DSEMMTC,5.0,1
B00DSESY8K,5.0,1
B00DSFWQ10,4.0,1
B00DSG7J2A,5.0,1
B00DSGJZ22,5.0,1
B009V0X728,5.0,1
B00DSI3Y4A,5.0,1
B00DSI40CK,5.0,1
B009V0HCI8,4.0,1
B00DSSYOZ8,5.0,1
B00JENQ0P8,5.0,1
B00DT5DWJE,5.0,1
B009UA33JG,5.0,1
B009UA33FU,5.0,1
B009U9T7XS,5.0,1
B00DT59BLM,5.0,1
B00DT5GH0A,5.0,1
B009UC7OQ2,5.0,1
B00DT5GY1C,5.0,1
B00H4JJSH6,5.0,1
B00DT5KJMC,5.0,1
B00H4JJS5I,5.0,1
B00H4J6OQ4,5.0,1
B009UC5Y5A,5.0,1
B00H4JNFNO,4.0,1
B00JEGNZJY,5.0,1
B009UEYYBS,5.0,1
B00JEH00ZK,5.0,1
B00H4JOSYE,5.0,1
B009UEV98O,5.0,1
B009UESXZG,5.0,1
B009UERYZ6,5.0,1
B009UEJF5I,5.0,1
B00H4JMAPS,5.0,1
B009UEE9HC,4.0,1
B00DT4DOXO,5.0,1
B00H4JND1I,5.0,1
B00DT4J45Q,5.0,1
B009UEA2QO,4.0,1
B00DT4MA20,5.0,1
B00JEJM704,5.0,1
B00H4JMCGU,5.0,1
B00H4J3ZUC,5.0,1
B00JEMRFIU,5.0,1
B00H4K37TU,5.0,1
B00DT6SWHA,5.0,1
B00DT6XBZI,5.0,1
B009U3RGIW,4.0,1
B00H4HB1IM,5.0,1
B00H4H2UZ0,5.0,1
B00DT7REX2,5.0,1
B009U20MLG,5.0,1
B009U20FSQ,5.0,1
B00H4H2GVI,5.0,1
B009U1ZV5O,4.0,1
B00DT6OP12,5.0,1
B00H4HGGV4,5.0,1
B00DT5PEXG,5.0,1
B009U7OHZI,5.0,1
B009U7FB2Q,5.0,1
B009U6ZER4,5.0,1
B009U6YNY4,5.0,1
B009U55BJQ,5.0,1
B009U52WS4,5.0,1
B00DT5LO5I,5.0,1
B00DT5MTYI,5.0,1
B00H4HGR0Y,4.0,1
B00H4IJD8Q,5.0,1
B00DT5XOCY,5.0,1
B00H4HZBVU,4.0,1
B00H4HOYTK,5.0,1
B00DT6KPJI,5.0,1
B00DT6LQRI,5.0,1
B00DT6MU5U,4.0,1
B00H4HO27Y,5.0,1
B00JEGIUOO,5.0,1
B00DT4DGEG,5.0,1
B00DT48E48,5.0,1
B00H4JZVXG,5.0,1
B00DSTCYQS,5.0,1
B00DSU5SIS,5.0,1
B00DSUEBRW,4.0,1
B00DSV3N0M,4.0,1
B00H4K2DGI,5.0,1
B00H4K1WR4,5.0,1
B00H4JYG1O,5.0,1
B009UKN7X8,5.0,1
B00DSVHW72,4.0,1
B009UJCOFQ,5.0,1
B009UJ9Z94,4.0,1
B00H4JYFSI,5.0,1
B00DSVY57W,5.0,1
B009UJ3ZD6,5.0,1
B009UILONU,5.0,1
B00DST7012,4.0,1
B00DST64E6,5.0,1
B00JEEL3DG,5.0,1
B00DST292C,4.0,1
B00H4K2JX0,5.0,1
B00DSSZA06,5.0,1
B00DSSZN2Q,4.0,1
B00DST09YM,5.0,1
B00DST1I24,5.0,1
B009ULYZH4,4.0,1
B00DST1XG0,5.0,1
B00DST2IPK,5.0,1
B00DST3TLM,4.0,1
B00DST4XBC,5.0,1
B00JE4J2FC,4.0,1
B009UL6RFW,5.0,1
B009UKZS80,5.0,1
B00DST5QYK,4.0,1
B00JE5749C,5.0,1
B00H4JXBEC,5.0,1
B00DT03YHO,5.0,1
B00H4JTZW4,5.0,1
B00DSYR9WC,5.0,1
B00JE8EB18,4.0,1
B00DSZ1QYI,5.0,1
B00DSZUSQA,4.0,1
B009UFHJQO,5.0,1
B00DT0H68C,5.0,1
B00H4JW4SG,5.0,1
B00JEAJJ2M,5.0,1
B00DT0H6VE,5.0,1
B00JEB16EA,4.0,1
B00H4JQ7U2,5.0,1
B00H4JPXGG,4.0,1
B00JEE0VZM,5.0,1
B00JE8E6TU,4.0,1
B009UFP2DQ,5.0,1
B009UHV3RI,4.0,1
B00JE6KMKY,4.0,1
B009UHMJGC,5.0,1
B00H4JU5IM,4.0,1
B009UHFLL2,4.0,1
B00JE777PG,5.0,1
B009UGJNB2,5.0,1
B00DSWPTGM,5.0,1
B00DSWWGXG,5.0,1
B00DSY9DJE,4.0,1
B009UGE47K,4.0,1
B00DSYAK2I,5.0,1
B00DSYNXR2,5.0,1
B00A4DP10W,5.0,1
B00D7T8QYI,5.0,1
B00HPR7WS4,5.0,1
B00AEZZPD8,5.0,1
B00CPJW6ME,5.0,1
B00CPJWGQK,5.0,1
B00CPK8UTG,5.0,1
B00AF04XCQ,5.0,1
B00CPKE7DO,4.0,1
B00IXVJJX2,5.0,1
B00HL86SH8,5.0,1
B00HL84CUS,4.0,1
B00CPJOTSI,5.0,1
B00HL80UK4,5.0,1
B00HL7J99I,5.0,1
B00HL73F1Q,5.0,1
B00CPL8VE4,5.0,1
B00IXWRPZK,5.0,1
B00CPM76NA,4.0,1
B00AF0MJQS,5.0,1
B00AF0SN5O,5.0,1
B00CPMWYGE,5.0,1
B00AF3D62Q,4.0,1
B00HL9PXFU,5.0,1
B00AF39VCU,4.0,1
B00HL9KU30,5.0,1
B00AF2I050,4.0,1
B00AF2HZUG,4.0,1
B00AF23HJO,5.0,1
B00CPIEQ6E,5.0,1
B00HL8EI2A,5.0,1
B00CPINI04,5.0,1
B00IXQT4GY,5.0,1
B00HL8F6B2,5.0,1
B00HL8EQSQ,5.0,1
B00CPJBUUS,5.0,1
B00AF0YTDY,5.0,1
B00IXX0BF0,5.0,1
B00IXX86WK,4.0,1
B00CPS6GEE,5.0,1
B00AEVZEDI,5.0,1
B00CPQOYJU,5.0,1
B00CPQRUK0,5.0,1
B00CPQY4PY,5.0,1
B00CPR4A4S,5.0,1
B00AEX24EI,5.0,1
B00AEX0LIY,5.0,1
B00AEWEBHC,5.0,1
B00CPRB6BI,5.0,1
B00CPQJ6WA,4.0,1
B00CPRWDDS,5.0,1
B00AEVWYVS,5.0,1
B00CPRYVGK,4.0,1
B00CPRZLKU,5.0,1
B00CPS0YJ2,5.0,1
B00CPQNQ62,5.0,1
B00AEYRK1O,5.0,1
B00AEZAPC4,5.0,1
B00CPNP5VO,5.0,1
B00AEYS09A,5.0,1
B00HL6DYRW,5.0,1
B00CPOA2W0,5.0,1
B00HL3Y6W2,5.0,1
B00CPPN9Y2,5.0,1
B00AEYHHNA,5.0,1
B00CPOLMMO,4.0,1
B00CPPCE0M,5.0,1
B00HL3UPU4,5.0,1
B00IXXLSUW,5.0,1
B00AF3DFBS,5.0,1
B00AF3HDSE,5.0,1
B00HLFD61M,5.0,1
B00CP8SY7Q,5.0,1
B00HLFEYF4,5.0,1
B00CP8W03U,5.0,1
B00IXLXPGE,5.0,1
B00CP8W8I2,5.0,1
B00IXM7WCG,5.0,1
B00HLFKOKS,5.0,1
B00HLFD3V0,5.0,1
B00AF94OPI,5.0,1
B00AF8ETRM,5.0,1
B00CPBHI34,5.0,1
B00AF7U1RU,5.0,1
B00HLF6UFQ,5.0,1
B00HLFN4D2,5.0,1
B00CPHEQLK,5.0,1
B00HLIIM0Y,5.0,1
B00CP7J02A,4.0,1
B00AFB2WRI,4.0,1
B00AFADP5M,5.0,1
B00HLLPNQ2,5.0,1
B00CP7NKCG,5.0,1
B00CP87A5I,5.0,1
B00HLJ9ZH2,4.0,1
B00AF9LUEQ,4.0,1
B00HLFNIHE,5.0,1
B00HLIIHTA,5.0,1
B00CP8AJWY,5.0,1
B00CP8I8I6,5.0,1
B00HLFXY8M,5.0,1
B00HLFRTKG,5.0,1
B00CP8M7U6,5.0,1
B00CPC875Q,5.0,1
B00AF7RTQ6,5.0,1
B00CPH0BBE,5.0,1
B00CPFH812,4.0,1
B00CPFTANQ,4.0,1
B00CPGYKGM,5.0,1
B00AF635NI,4.0,1
B00AF5S73M,5.0,1
B00AF5F6T0,5.0,1
B00AF5DNJA,5.0,1
B00AF4XLN4,5.0,1
B00HLAO5M6,5.0,1
B00AF3TZI0,5.0,1
B00AF3L506,5.0,1
B00HL9V7QY,5.0,1
B00AF68DPS,5.0,1
B00AF6LR74,4.0,1
B00HLES0FK,5.0,1
B00IXMK7LO,5.0,1
B00CPCMKYA,5.0,1
B00HLCP1UO,5.0,1
B00IXN9H8C,5.0,1
B00AF7F3G4,5.0,1
B00AF6M0BG,5.0,1
B00CPE02AW,5.0,1
B00AF6LUOE,4.0,1
B00CPE40NW,4.0,1
B00CPE50GS,5.0,1
B00AF6LSXW,4.0,1
B00CPSHDVO,5.0,1
B00CP7GLQ8,4.0,1
B00IY2LPV4,5.0,1
B00CQ7RSZ0,5.0,1
B00CQ7RUTO,5.0,1
B00CQ7RWOC,5.0,1
B00AEMPY4Q,5.0,1
B00IY0YTAK,5.0,1
B00CQ7U2FS,5.0,1
B00CQ7UQ0O,5.0,1
B00IY0Z3HS,5.0,1
B00AEMEW94,5.0,1
B00CQ7VG1M,5.0,1
B00AEM1J5E,5.0,1
B00CQ7WGOS,5.0,1
B00CQ7WL9I,5.0,1
B00AENO6P8,4.0,1
B00AENR9D4,5.0,1
B00CQ7YDJ4,5.0,1
B00CQ7JVAA,5.0,1
B00AEPY9Z8,5.0,1
B00IXZ3DJ4,5.0,1
B00CQ7I7GY,5.0,1
B00CQ7IIOK,4.0,1
B00AEPY93K,4.0,1
B00CQ7K1OK,4.0,1
B00CQ7KFX2,4.0,1
B00IY06UT8,5.0,1
B00AEOQQE6,5.0,1
B00AEO3A54,5.0,1
B00CQ7QUYK,5.0,1
B00CQ7QXCE,5.0,1
B00CQ7Y9SO,5.0,1
B00HKMP8GM,5.0,1
B00CQ9VV3S,5.0,1
B00HKM4ENU,5.0,1
B00HKLX9PU,5.0,1
B00AEJDBZI,4.0,1
B00CQAFUNO,5.0,1
B00CQ9VP2K,5.0,1
B00AEJCE1A,5.0,1
B00CQAG1U0,5.0,1
B00AEJ7OYW,5.0,1
B00CQAP2N2,5.0,1
B00CQAXFAY,5.0,1
B00HKMPUTM,4.0,1
B00HKN0398,5.0,1
B00CQ7Z4W4,5.0,1
B00CQ81LT8,5.0,1
B00CQ8CE0I,5.0,1
B00CQ8DCZ4,5.0,1
B00CQ8MHNW,4.0,1
B00CQ8VKNK,5.0,1
B00AELID0O,4.0,1
B00CQ98FUU,5.0,1
B00AEK90WA,4.0,1
B00AEK6MUS,5.0,1
B00CQ9U224,4.0,1
B00AEJWBW2,5.0,1
B00IYD12UC,5.0,1
B00IXZ2SMM,5.0,1
B00CQ7G5I6,5.0,1
B00CPZ11XI,4.0,1
B00HKTL558,5.0,1
B00CPZCEZC,5.0,1
B00IXY5PTQ,5.0,1
B00AEUFDC6,5.0,1
B00CQ0KF6G,5.0,1
B00CPYVQ1G,5.0,1
B00CQ0RVI6,5.0,1
B00CQ1P15U,5.0,1
B00AEUD2II,5.0,1
B00AEUBBL8,4.0,1
B00CQ1Q2HG,5.0,1
B00CPZ0486,5.0,1
B00AEUQ32A,5.0,1
B00AEPYB5Q,4.0,1
B00AEUX2VU,5.0,1
B00CPSWY3Q,5.0,1
B00CPSY0AQ,5.0,1
B00CPTBCVU,5.0,1
B00CPTFDUQ,5.0,1
B00CPTGR3S,5.0,1
B00CPTLXNC,5.0,1
B00HL1RJZK,5.0,1
B00CPUKT04,5.0,1
B00CPYSBHI,5.0,1
B00CPVMC0I,4.0,1
B00IXY4Q64,5.0,1
B00HKV227Q,4.0,1
B00CPXCJ7C,5.0,1
B00AEUV7OE,4.0,1
B00HKTQPXU,5.0,1
B00AETZ8R2,4.0,1
B00CQ24IKS,5.0,1
B00AETQO3E,5.0,1
B00CQ5Z94Y,5.0,1
B00CQ5ZBG0,5.0,1
B00CQ5ZKS4,5.0,1
B00AERU7PM,5.0,1
B00CQ6C5UE,5.0,1
B00CQ6PEEI,5.0,1
B00CQ784EO,5.0,1
B00AERS1S2,5.0,1
B00CQ7B16W,5.0,1
B00CQ7B2Y8,5.0,1
B00AEQHQPC,5.0,1
B00CQ7BHR0,5.0,1
B00CQ7D22I,5.0,1
B00AERX4T8,5.0,1
B00CQ5R5G4,5.0,1
B00HKQNV44,5.0,1
B00HKQJ5BC,5.0,1
B00CQ31J2C,5.0,1
B00CQ3E8J8,4.0,1
B00AESVEEO,4.0,1
B00AESUIP0,5.0,1
B00IXYJRBI,5.0,1
B00IXYKQ04,5.0,1
B00CQ3WXI6,4.0,1
B00AESFCUG,5.0,1
B00IXYRTUO,5.0,1
B00AESDZSM,4.0,1
B00AES3RRQ,4.0,1
B00HKNMH2Y,5.0,1
B00IXHUFJ8,4.0,1
B00CP7GDUW,5.0,1
B00CQBC3OM,4.0,1
B00HM7BL2U,5.0,1
B00COH8L3U,4.0,1
B00COHC6LS,5.0,1
B00AFSJWYM,5.0,1
B00HM7RPYI,4.0,1
B00COIWY32,5.0,1
B00COGYI6A,5.0,1
B00IX9JFTC,5.0,1
B00COJS1Z6,5.0,1
B00AFSHIOI,5.0,1
B00AFRP0N0,5.0,1
B00AFROZRC,5.0,1
B00AFQS0RO,5.0,1
B00COGYUQS,5.0,1
B00HM1HN3W,5.0,1
B00HM896OE,5.0,1
B00COCV27M,5.0,1
B00HM8F9ZE,4.0,1
B00COCXKEU,5.0,1
B00CODDDVY,5.0,1
B00AFUBC66,4.0,1
B00AFU75DK,4.0,1
B00AFU2VR0,5.0,1
B00AFSTTLS,5.0,1
B00AFSPO94,5.0,1
B00IX9EU0Q,5.0,1
B00COF8ODY,5.0,1
B00COFU8OC,5.0,1
B00COGGMPU,5.0,1
B00COMWGAE,5.0,1
B00AFMUMI8,5.0,1
B00CONSR56,4.0,1
B00CONSUXA,5.0,1
B00CONSYUY,5.0,1
B00AFO72BQ,5.0,1
B00CONT502,5.0,1
B00AFNZJIA,5.0,1
B00CONT6BA,4.0,1
B00CONSAS0,5.0,1
B00AFNT7EW,5.0,1
B00CONTHH8,5.0,1
B00CONTLM4,5.0,1
B00HLYZ8UK,5.0,1
B00AFMUNJG,5.0,1
B00COOEQQY,5.0,1
B00IXA2J5I,5.0,1
B00CON6T38,5.0,1
B00AFQKFW2,5.0,1
B00AFQHY6C,5.0,1
B00CONL0KA,5.0,1
B00AFQD7QS,4.0,1
B00HM17CEW,5.0,1
B00AFP74C2,5.0,1
B00CONRJ8C,5.0,1
B00AFP718O,5.0,1
B00IXAGSAA,5.0,1
B00AFP6ZC2,5.0,1
B00AFP6Y8M,5.0,1
B00CONRYNW,5.0,1
B00AFV4E10,5.0,1
B00COBZR3S,5.0,1
B00COBZP4E,5.0,1
B00CO6P5K8,5.0,1
B00AFYPB8C,5.0,1
B00HMFK75E,4.0,1
B00AFYENEA,5.0,1
B00AFYAG50,5.0,1
B00CO6SOEW,5.0,1
B00AFYPUWE,5.0,1
B00CO74SSC,5.0,1
B00CO844NA,4.0,1
B00CO88FM6,5.0,1
B00HMD017K,4.0,1
B00CO8F7JU,5.0,1
B00IX8NHS8,4.0,1
B00COBK7ME,5.0,1
B00AFZ909W,4.0,1
B00CO06KT4,5.0,1
B00AFZ9NQW,5.0,1
B00CO1ZAIA,5.0,1
B00AFZ95QK,5.0,1
B00HMJJRBA,5.0,1
B00AFZ947K,5.0,1
B00IX789MS,4.0,1
B00CO4HHX8,5.0,1
B00HMIPKTE,5.0,1
B00AFZ3FNY,5.0,1
B00CO2K5T8,5.0,1
B00CO3OPQQ,5.0,1
B00HMI6ZJS,5.0,1
B00HMCDWRM,4.0,1
B00HMC9KFU,5.0,1
B00AFW6KE8,4.0,1
B00AFWZWQU,5.0,1
B00AFWZ78I,5.0,1
B00COADAYM,5.0,1
B00AFWYGLM,5.0,1
B00AFWQPIE,4.0,1
B00HMA7EN2,5.0,1
B00COAESZW,5.0,1
B00COAFHYS,5.0,1
B00CO8TWHS,5.0,1
B00COAHRG4,5.0,1
B00HM9ESGE,5.0,1
B00AFV525C,5.0,1
B00HM9645W,5.0,1
B00COAZL1W,4.0,1
B00COB5S6O,5.0,1
B00COA9X9S,5.0,1
B00HMBF7A8,5.0,1
B00COA5R0C,5.0,1
B00IX91REI,5.0,1
B00CO8UIR6,5.0,1
B00CO8YGCY,4.0,1
B00AFY5TKM,4.0,1
B00AFXVJI4,5.0,1
B00AFXLWH2,5.0,1
B00AFX3IE2,4.0,1
B00AFX3AAO,5.0,1
B00AFX1UV0,5.0,1
B00HMBFPAA,4.0,1
B00AFX1SWG,5.0,1
B00CO9V78E,5.0,1
B00AFX1SCG,5.0,1
B00CO9WE7C,4.0,1
B00COOKGH2,5.0,1
B00AFB8A88,5.0,1
B00CP40BUS,5.0,1
B00CP1MV68,5.0,1
B00IXF6MPQ,4.0,1
B00CP2UX3U,5.0,1
B00IXFVWNS,4.0,1
B00AFCOZW2,5.0,1
B00CP4HKWK,5.0,1
B00HLQT0NY,5.0,1
B00CP1HJ1K,5.0,1
B00AFDN6FI,4.0,1
B00AFDN65S,5.0,1
B00COYGW0W,5.0,1
B00HLT9XV0,5.0,1
B00AFDELI4,5.0,1
B00AFDE8AU,5.0,1
B00HLT2UUG,4.0,1
B00COZA2DO,5.0,1
B00AFCYQOE,4.0,1
B00HLS3GQ4,5.0,1
B00AFCT6P8,5.0,1
B00AFCSMJ4,5.0,1
B00HLS2BY2,4.0,1
B00CP0R4YS,5.0,1
B00CP4QR38,5.0,1
B00COOLAZE,5.0,1
B00HLND402,5.0,1
B00CP6L1Q4,5.0,1
B00HLP6JX4,4.0,1
B00AFBVG2U,5.0,1
B00CP70AYC,5.0,1
B00HLNV14I,5.0,1
B00CP74M3W,5.0,1
B00IXHMS3E,5.0,1
B00HLNC7YG,5.0,1
B00CP7CLHG,5.0,1
B00CP7D9I6,5.0,1
B00CP7DVMU,4.0,1
B00CP7EZUM,4.0,1
B00CP7F8ZI,5.0,1
B00AFBLDDM,5.0,1
B00CP7FIVC,4.0,1
B00AFCEUDQ,5.0,1
B00HLQI1VG,4.0,1
B00CP55OPE,4.0,1
B00HLPV5Z6,5.0,1
B00CP55UIA,5.0,1
B00CP5B68I,5.0,1
B00HLPQ8OY,4.0,1
B00AFCMUE2,4.0,1
B00AFCJHCU,5.0,1
B00CP60Q1A,5.0,1
B00CP6C85M,5.0,1
B00CP6FGV0,5.0,1
B00AFCJWE8,5.0,1
B00AFCJTSM,5.0,1
B00COXPWWW,4.0,1
B00COXEQJW,5.0,1
B00COX13Z2,5.0,1
B00AFJOW5K,4.0,1
B00AFJQF0A,5.0,1
B00AFJQ1ZY,5.0,1
B00COQQSMW,5.0,1
B00COQQZ0W,5.0,1
B00COQR0JM,4.0,1
B00COQSZO6,5.0,1
B00IXCQSBC,5.0,1
B00AFJXRY2,5.0,1
B00AFJO86I,5.0,1
B00COR3I4C,5.0,1
B00CORC230,4.0,1
B00AFJ23LU,4.0,1
B00CORDZYK,5.0,1
B00CORLDPS,5.0,1
B00CORVPHE,5.0,1
B00AFJTD86,5.0,1
B00COWQDEE,5.0,1
B00HLX1XT6,5.0,1
B00HLXB9VS,5.0,1
B00AFL62DS,5.0,1
B00COOXQX8,5.0,1
B00COP1KM6,5.0,1
B00COPCU02,5.0,1
B00COPGNA0,4.0,1
B00AFKXDQS,5.0,1
B00COQJE3W,5.0,1
B00HLWGE0A,4.0,1
B00AFKH8VY,5.0,1
B00HLVIJUO,5.0,1
B00HLVGDPM,5.0,1
B00AFKDSCW,5.0,1
B00AFK6IKG,5.0,1
B00HLVE318,5.0,1
B00IXCVIQW,5.0,1
B00AFITFSU,5.0,1
B00COWPF2K,4.0,1
B00AFFGQF8,5.0,1
B00AFEOA20,5.0,1
B00HLUQ0HY,5.0,1
B00AFEIQJ8,5.0,1
B00COWPFUC,5.0,1
B00AFE9DO0,5.0,1
B00AFE9DIQ,5.0,1
B00HLTMKRO,5.0,1
B00IXDS4EU,5.0,1
B00COWQ6N2,4.0,1
B00AFDRH1M,5.0,1
B00AFG5ENW,5.0,1
B00COUSV50,5.0,1
B00COUSSKS,5.0,1
B00COUSQKK,5.0,1
B00IXD7DLA,4.0,1
B00COU49KG,5.0,1
B00COU5EI2,5.0,1
B00AFIT1O8,5.0,1
B00COU5EM8,5.0,1
B00COUHP70,5.0,1
B00AFI8CPM,5.0,1
B00COUOVS6,5.0,1
B00AFH8XZ2,5.0,1
B00AFGP4HI,5.0,1
B00AFGHDOU,5.0,1
B00AFGHCJ6,4.0,1
B00AFGHBVK,5.0,1
B00COUSPBK,5.0,1
B00AEJ4NHS,4.0,1
B00CQBLOY2,5.0,1
B00CO04Q8Q,4.0,1
B00IYV7X0M,5.0,1
B00CSEKB46,5.0,1
B00IYU04K4,4.0,1
B00ACWXOPY,5.0,1
B00IYV6BSW,5.0,1
B00CSJIHLA,5.0,1
B00CSED8OQ,5.0,1
B00HJ2JVH0,5.0,1
B00IYVD7IY,5.0,1
B00IYVG2JA,4.0,1
B00ACVB0WY,4.0,1
B00HJ1GG06,5.0,1
B00HJ18X1Q,5.0,1
B00IYWK844,5.0,1
B00CSECO4Q,5.0,1
B00ACUJUS6,4.0,1
B00CS9M2HU,4.0,1
B00AD0O0DK,5.0,1
B00ACYI49I,5.0,1
B00ACYA3A6,5.0,1
B00ACY4UDW,5.0,1
B00CSAX8CW,5.0,1
B00ACXLPJA,5.0,1
B00CSDBVLE,5.0,1
B00CSBQW56,5.0,1
B00CSBV0P8,5.0,1
B00HJ4I2KU,5.0,1
B00ACXL950,5.0,1
B00HJ4BG6C,4.0,1
B00ACXJOES,5.0,1
B00ACXGXLU,5.0,1
B00HJ0C3P4,5.0,1
B00HIZ6ZOU,5.0,1
B00ACRDKKI,5.0,1
B00CSRHGHI,5.0,1
B00CSRPMAG,4.0,1
B00CSRPSLY,5.0,1
B00CSSXGTE,5.0,1
B00IYY8WRC,4.0,1
B00ACP0BTI,5.0,1
B00CSUUQDG,5.0,1
B00IYYP8GU,5.0,1
B00CSUYIAI,4.0,1
B00HIZIVDS,5.0,1
B00IYY4ZQO,5.0,1
B00HJ08X7G,4.0,1
B00CSKJ5BU,5.0,1
B00ACU8AGY,5.0,1
B00CSKJRT0,4.0,1
B00CSKQC16,4.0,1
B00ACTTYKG,5.0,1
B00CSKQMD4,5.0,1
B00HIZV1AS,5.0,1
B00CSKQR0W,5.0,1
B00CSKQVP8,5.0,1
B00CSKS0DO,4.0,1
B00CSLC6XS,5.0,1
B00ACS84MG,5.0,1
B00CSM1ZRK,5.0,1
B00IYXW6EI,5.0,1
B00IYTT14U,5.0,1
B00CS946EC,5.0,1
B00AD108IK,5.0,1
B00ADAGUJM,5.0,1
B00CS3T4G8,5.0,1
B00ADC9G7I,5.0,1
B00ADBV3BG,4.0,1
B00HJB7J34,5.0,1
B00HJAACZM,4.0,1
B00CS3T5A8,5.0,1
B00CS3TQG6,5.0,1
B00CS4FN2G,5.0,1
B00CS3LJOS,5.0,1
B00ADAGKG0,5.0,1
B00AD9U508,5.0,1
B00IYTM1D8,5.0,1
B00IYTMN4A,5.0,1
B00CS4FXFI,5.0,1
B00HJ9VAA4,5.0,1
B00IYTMWNC,5.0,1
B00ADCCVCU,5.0,1
B00CS3GUWE,5.0,1
B00AD11MXU,4.0,1
B00CRY4MRO,4.0,1
B00CRW3826,5.0,1
B00ADEQOUS,5.0,1
B00ADEEZS6,5.0,1
B00CRXUVAM,4.0,1
B00ADDXYVQ,5.0,1
B00ADDVGIY,5.0,1
B00CRXUVGG,4.0,1
B00HJBPW1K,5.0,1
B00ADDBAGM,5.0,1
B00CS37BXG,4.0,1
B00ADCUXHU,5.0,1
B00HJBPL0M,5.0,1
B00IYTO86Q,5.0,1
B00AD9PP5I,5.0,1
B00CS55LN6,5.0,1
B00CS7GWI2,5.0,1
B00AD6LCCG,5.0,1
B00HJ7H5SC,5.0,1
B00AD6C88I,5.0,1
B00AD5SM0M,4.0,1
B00AD5O788,5.0,1
B00AD54RFQ,4.0,1
B00AD54E3Q,5.0,1
B00CS576UC,5.0,1
B00AD53R6Q,5.0,1
B00AD44Z36,5.0,1
B00CS7MGUK,5.0,1
B00CS7Q4P8,5.0,1
B00CS895NU,5.0,1
B00AD3YESS,5.0,1
B00CS6UFX6,5.0,1
B00CS6T08W,5.0,1
B00HJ7HS7K,5.0,1
B00CS57QN4,5.0,1
B00CS5BEA0,5.0,1
B00CS5IM64,5.0,1
B00AD8RI2M,5.0,1
B00CS5OBT6,4.0,1
B00CS5WAIU,5.0,1
B00CS5XBPG,4.0,1
B00CS5Z6FO,5.0,1
B00CS5ZRAS,5.0,1
B00HJ90OXI,5.0,1
B00HJ8NOZY,5.0,1
B00AD6PXO4,5.0,1
B00CSUYU0G,5.0,1
B00HIY1EK6,5.0,1
B00ADFHDU2,5.0,1
B00AC5WD44,5.0,1
B00AC61AYC,5.0,1
B00CTLAANU,4.0,1
B00CTMP16A,5.0,1
B00CTN2LKS,5.0,1
B00CTN2XF6,5.0,1
B00CTK3A60,5.0,1
B00AC5CBDM,5.0,1
B00AC4RJSA,5.0,1
B00CTN3GIO,4.0,1
B00IZ5UTTO,5.0,1
B00CTNEJ5S,5.0,1
B00AC414Q8,5.0,1
B00HIC6O7G,4.0,1
B00IZ1VO74,5.0,1
B00CTJK0Q4,5.0,1
B00CTNQOHO,4.0,1
B00HIKF122,4.0,1
B00AC7RYO6,5.0,1
B00CTDJO0S,5.0,1
B00AC7MQHQ,5.0,1
B00AC7DMR4,5.0,1
B00IZ0GYSE,5.0,1
B00CTEKPJG,5.0,1
B00HIKF2FI,5.0,1
B00AC6VM1S,5.0,1
B00IZ1KZWE,5.0,1
B00CTH7JJM,4.0,1
B00CTHHK2I,5.0,1
B00CTHQLAU,4.0,1
B00HIE9NUE,5.0,1
B00HIDSQ44,5.0,1
B00HID4VD4,5.0,1
B00AC6AKQG,5.0,1
B00AC3YQCI,5.0,1
B00CTNRUU4,5.0,1
B00CSV4M9Y,5.0,1
B00AC2OHG4,5.0,1
B00AC2PA0G,5.0,1
B00HIC3IL6,5.0,1
B00CTS08GC,5.0,1
B00AC2OKRK,5.0,1
B00CTS84G8,5.0,1
B00IZ8IGLO,5.0,1
B00AC2O2C8,5.0,1
B00AC2QKW8,5.0,1
B00CTSBVZ4,4.0,1
B00AC2NI7S,5.0,1
B00AC2NI78,5.0,1
B00AC2MWHK,4.0,1
B00AC2MMRU,5.0,1
B00AC2QQYK,5.0,1
B00CTP7ZDY,5.0,1
B00IZ6ZJHK,5.0,1
B00CTPZ8AQ,4.0,1
B00AC2ZW1I,5.0,1
B00IZ79FZG,4.0,1
B00AC2VD0C,5.0,1
B00AC2QR7Q,5.0,1
B00AC2QX84,4.0,1
B00CTQLG5Q,4.0,1
B00HIC47RA,5.0,1
B00CTR6N08,4.0,1
B00CTR6P7E,4.0,1
B00CTR81LC,5.0,1
B00AC7U6N2,5.0,1
B00HIKFDA2,5.0,1
B00CSYYIIG,4.0,1
B00ACM2284,4.0,1
B00CSYHFE0,5.0,1
B00ACLYKZI,5.0,1
B00CSYL85W,4.0,1
B00CSYLGD6,4.0,1
B00HIW0E5E,5.0,1
B00CSZ3YMG,4.0,1
B00CT1MPN8,4.0,1
B00HIUUW2G,4.0,1
B00CT2064W,5.0,1
B00CSYAISU,5.0,1
B00HIWI8DE,5.0,1
B00AC7ZIK8,4.0,1
B00CSWNAL4,5.0,1
B00ACOC99O,5.0,1
B00ACO5EDM,5.0,1
B00CSWALQQ,5.0,1
B00CSWFWWO,5.0,1
B00ACNSM5A,5.0,1
B00CSWIM4Y,5.0,1
B00IYYYKSW,5.0,1
B00CSWNOV0,5.0,1
B00ACMZ74A,4.0,1
B00ACNABS6,5.0,1
B00CSWYXHY,5.0,1
B00CSX2H7G,5.0,1
B00CSX41B6,5.0,1
B00CSX4N64,5.0,1
B00IYZ08NW,5.0,1
B00CSXSXYC,5.0,1
B00CSY9CK0,5.0,1
B00HIUOM8G,5.0,1
B00HIUO060,4.0,1
B00HIOCGJ4,5.0,1
B00ACBBMM2,5.0,1
B00ACB9WH4,5.0,1
B00ACB6JLQ,5.0,1
B00ACAMA7O,5.0,1
B00ACADMZI,5.0,1
B00AC9O8SO,5.0,1
B00AC95SBU,5.0,1
B00AC92VI8,5.0,1
B00AC8V5QS,5.0,1
B00AC8S5U2,5.0,1
B00HIT0ISA,5.0,1
B00ACCHRKM,5.0,1
B00ACCPV3C,5.0,1
B00HITBS2U,5.0,1
B00ACIXF34,5.0,1
B00ACIDVVU,5.0,1
B00CT2LCKE,5.0,1
B00CT31NYI,5.0,1
B00CT34U48,5.0,1
B00ACF7TCA,5.0,1
B00ACERYXU,5.0,1
B00ACE8J52,5.0,1
B00CTAU63K,5.0,1
B00ACDM0F8,5.0,1
B00ACCVNJS,5.0,1
B00ADFARX2,5.0,1
B00CRVUK7S,5.0,1
B00CQNPOYG,4.0,1
B00CQNQ4GS,5.0,1
B00CQNQSRI,5.0,1
B00CQNQV98,5.0,1
B00CQNRUAW,4.0,1
B00AE7EZXW,5.0,1
B00CQNTEPG,5.0,1
B00CQNTGR2,4.0,1
B00IYLW92Y,5.0,1
B00AE6RHYW,5.0,1
B00CQNUB58,5.0,1
B00CQNUZUE,5.0,1
B00AE3BOVM,5.0,1
B00CQNNS4O,5.0,1
B00CQNMNDG,5.0,1
B00CQLUN5I,4.0,1
B00AE93VJE,4.0,1
B00AE93UMC,4.0,1
B00HK45K5O,4.0,1
B00AE93G6C,4.0,1
B00CQMPQOU,4.0,1
B00CQMQHD4,5.0,1
B00CQMYIPI,5.0,1
B00HK3OW9U,5.0,1
B00CQNMM7I,5.0,1
B00CQNM4MG,5.0,1
B00AE91EHU,5.0,1
B00HK2UMQI,5.0,1
B00CQNMIFE,5.0,1
B00CQO1JJO,5.0,1
B00AE2HTEO,5.0,1
B00IYMBVJA,5.0,1
B00CQSXJ8E,5.0,1
B00CQRP04Q,5.0,1
B00CQRSD3Q,5.0,1
B00CQSIO9S,5.0,1
B00CQSQNWS,5.0,1
B00CQSYE38,4.0,1
B00IYLYB20,5.0,1
B00CQTK6Z2,5.0,1
B00CQU0FAC,5.0,1
B00HK0B8JK,5.0,1
B00HJZF6C6,5.0,1
B00IYM83Y6,5.0,1
B00CQU0ZXY,5.0,1
B00CQUIFX6,5.0,1
B00CQUJ2V0,5.0,1
B00IYLXDL0,5.0,1
B00CQOHOXY,5.0,1
B00AE2469K,5.0,1
B00AE2HRBO,5.0,1
B00HK0VNZE,4.0,1
B00CQOIRQM,5.0,1
B00AE25OX2,5.0,1
B00AE25ERS,5.0,1
B00AE24J4M,5.0,1
B00CQPCHN0,5.0,1
B00AE23IOE,5.0,1
B00HK0U80U,5.0,1
B00CQQWEZA,4.0,1
B00AE0X68E,4.0,1
B00AE95E80,5.0,1
B00HK4L5OE,5.0,1
B00AEDMBTG,5.0,1
B00CQDX9WA,4.0,1
B00CQE2Q96,4.0,1
B00CQE3FQE,5.0,1
B00IYGTE6I,5.0,1
B00AEDRD44,4.0,1
B00AEDJWNO,5.0,1
B00AEDGXGS,5.0,1
B00HK9LWA6,5.0,1
B00CQFPBR4,5.0,1
B00CQFQ6KU,5.0,1
B00AED2QR8,5.0,1
B00CQFQ96G,4.0,1
B00CQFR9HO,5.0,1
B00HKFU24C,4.0,1
B00CQD8BQY,5.0,1
B00HK5ZOMC,5.0,1
B00CQCISJ0,5.0,1
B00CQCG018,5.0,1
B00AEHWVWE,5.0,1
B00CQCHVFC,5.0,1
B00AEHQCB0,5.0,1
B00HKGPBR4,4.0,1
B00AEHJ55A,5.0,1
B00HKGBHRW,5.0,1
B00IYFKNI2,5.0,1
B00AEG18JM,5.0,1
B00AEFUP06,5.0,1
B00AEFA2PO,5.0,1
B00AEEZP1Q,5.0,1
B00AEEWZD2,5.0,1
B00HKGB1X2,5.0,1
B00HK8PDFM,5.0,1
B00CQJL60Q,5.0,1
B00CQK9T2C,4.0,1
B00AEBDDJU,5.0,1
B00CQK9UCG,5.0,1
B00AEB9DZS,5.0,1
B00AEB9DYO,5.0,1
B00HK74Q9M,5.0,1
B00AECYHT4,5.0,1
B00AEAUN44,5.0,1
B00HK6BCAY,5.0,1
B00CQKEZ30,5.0,1
B00CQKZ0RK,4.0,1
B00HK5ZSZU,5.0,1
B00AEC8V8W,5.0,1
B00CQJAV02,5.0,1
B00CQID0QA,5.0,1
B00HK7S7CE,4.0,1
B00CQFT74C,4.0,1
B00CQFVWC2,5.0,1
B00CQFWJTC,5.0,1
B00CQG3OS6,5.0,1
B00AECO95Q,5.0,1
B00AECHW28,5.0,1
B00CQGYL6A,5.0,1
B00IYM9XK4,5.0,1
B00CQULGAK,5.0,1
B00ADG4JY4,5.0,1
B00CRHYI2A,5.0,1
B00HJK41F4,5.0,1
B00CRJ52GE,5.0,1
B00ADLOKRA,5.0,1
B00HJJSD36,5.0,1
B00CRK3JBI,5.0,1
B00CRKIDWI,5.0,1
B00HJLAHR4,5.0,1
B00CRKKEP2,5.0,1
B00CRKKHU4,4.0,1
B00CRKTQWY,5.0,1
B00HJIP1IW,5.0,1
B00CRMFFH2,5.0,1
B00ADL5JHA,5.0,1
B00IYS921I,5.0,1
B00CRHDRCC,5.0,1
B00ADMN2WS,5.0,1
B00ADKWP50,5.0,1
B00CRBAQHC,5.0,1
B00HJLBQ9C,5.0,1
B00CRC9WW6,4.0,1
B00CRESH70,4.0,1
B00CRF05ME,5.0,1
B00ADP1XWG,4.0,1
B00ADO7JSY,5.0,1
B00ADMR95O,5.0,1
B00ADNXO5C,5.0,1
B00HJLB3OU,4.0,1
B00CRGL4AU,5.0,1
B00CRGWR88,5.0,1
B00CRH1UGC,5.0,1
B00IYRU8HQ,5.0,1
B00ADJS3CU,5.0,1
B00ADHB1I0,5.0,1
B00CRRA7N4,5.0,1
B00ADIOPXM,5.0,1
B00CRRK1PI,5.0,1
B00HJCS2UW,5.0,1
B00ADI0FLS,5.0,1
B00CRS3WYY,5.0,1
B00ADHCJ2M,5.0,1
B00ADH5UR8,5.0,1
B00IYTG4OU,5.0,1
B00CRSGMRI,4.0,1
B00ADGVI5C,5.0,1
B00HJBTSGK,5.0,1
B00ADGP3EO,5.0,1
B00ADG8MR4,5.0,1
B00ADG5HXG,4.0,1
B00CRVKQGI,5.0,1
B00HJDRPR2,4.0,1
B00CRQTSEO,5.0,1
B00CRMHQ8S,5.0,1
B00IYT8704,5.0,1
B00CRMOK9Q,5.0,1
B00CRMRP4I,5.0,1
B00CRMW5ZW,5.0,1
B00CROK9L2,4.0,1
B00HJFDYO8,5.0,1
B00IYTFOOG,5.0,1
B00IYTAM7A,5.0,1
B00IYTCWSC,5.0,1
B00ADIOY0G,5.0,1
B00ADIOTB0,5.0,1
B00ADIORXK,4.0,1
B00IYTEDLG,4.0,1
B00HJF3RU4,5.0,1
B00ADIORA8,5.0,1
B00ADQ2SL0,5.0,1
B00HJM8FP4,5.0,1
B00CR3M2JA,5.0,1
B00CR20BSU,5.0,1
B00HJSQY92,5.0,1
B00CR2T2OE,5.0,1
B00CR3358W,5.0,1
B00ADYYKHM,5.0,1
B00CR1WBQQ,5.0,1
B00CR49S7S,5.0,1
B00IYPS57I,5.0,1
B00ADYL7M8,4.0,1
B00HJPHLSI,5.0,1
B00HJOP5FK,4.0,1
B00HJOP410,5.0,1
B00CR1W37S,4.0,1
B00ADQAJGG,5.0,1
B00IYP2CJK,5.0,1
B00CQUOULM,5.0,1
B00HJXQK64,5.0,1
B00CQVFONE,5.0,1
B00CQW6FC2,5.0,1
B00IYOZMZM,5.0,1
B00CQXT4OC,5.0,1
B00IYPRW18,4.0,1
B00CQY09N6,4.0,1
B00IYPRZ7O,5.0,1
B00CQZGFT2,5.0,1
B00CQZL96Q,5.0,1
B00CR0K2FY,5.0,1
B00CR0VVF4,4.0,1
B00HJXP6IC,5.0,1
B00ADX8CJA,5.0,1
B00IYQA37W,5.0,1
B00CR93UZ4,5.0,1
B00IYRI22Y,5.0,1
B00ADRBX06,5.0,1
B00CR944MW,5.0,1
B00HJNTYEY,4.0,1
B00CR9WMQC,5.0,1
B00CRALK96,5.0,1
B00CRATBP6,5.0,1
B00CR5W5ZO,4.0,1
B00ADSMM00,4.0,1
B00CR52UH2,5.0,1
B00HJOKUI2,5.0,1
B00ADWDEJY,4.0,1
B00ADVLUCI,5.0,1
B00ADV936I,5.0,1
B00ADV923W,5.0,1
B00ADUYJLS,4.0,1
B00CR4Y2J2,5.0,1
B00CR4YCB0,5.0,1
B00CO05J5A,5.0,1
B00HMNQDOA,5.0,1
B00AC2M1H6,5.0,1
B00HO04UZA,4.0,1
B00CK7DTBI,5.0,1
B00IUUJ71A,5.0,1
B00AJD3LKY,5.0,1
B00CK7SPJ4,5.0,1
B00CK8B6M6,5.0,1
B00HO1WJ48,4.0,1
B00HO1D4OC,5.0,1
B00AJB2LQG,5.0,1
B00HO3C5PY,4.0,1
B00AJAYC2S,4.0,1
B00AJAT4YE,5.0,1
B00AJAR3NI,5.0,1
B00CK9KY3M,5.0,1
B00CK9VT2M,5.0,1
B00AJ9T83C,5.0,1
B00CKAYORI,5.0,1
B00AJDAOPO,5.0,1
B00CK6SL26,5.0,1
B00AJ90GZG,5.0,1
B00CK3OSEY,4.0,1
B00CK37M7Y,5.0,1
B00CK3ACN0,5.0,1
B00HO7ANR2,4.0,1
B00HO7AMUU,5.0,1
B00CK3G1FS,5.0,1
B00CK3O9FM,5.0,1
B00AJEOJI6,5.0,1
B00AJE7FPU,5.0,1
B00CK3SGDS,5.0,1
B00IURSB06,5.0,1
B00CK5G8UE,4.0,1
B00CK6K76E,5.0,1
B00CKAZ21U,5.0,1
B00AJ8CVDM,5.0,1
B00HNZ6KCW,5.0,1
B00CKILGGC,4.0,1
B00AJ398CO,5.0,1
B00CKH29L4,5.0,1
B00IUYBY6W,5.0,1
B00HNZG9E6,5.0,1
B00CKI80CK,4.0,1
B00AJ2QU2Q,5.0,1
B00AJ1LCCU,4.0,1
B00AJ3KPXU,5.0,1
B00HNZ8B24,5.0,1
B00AJ0NF6C,5.0,1
B00AJ08YGS,5.0,1
B00CKL5BV0,5.0,1
B00IV0ZI1M,5.0,1
B00IV1EDJE,5.0,1
B00CKQ0YQC,5.0,1
B00AJ3JC84,5.0,1
B00CKCGBHM,4.0,1
B00CKFPB6G,5.0,1
B00AJ7A6HQ,4.0,1
B00CKCS3YQ,5.0,1
B00CKDC7WO,4.0,1
B00CKFDB3Q,5.0,1
B00AJ4FD9K,5.0,1
B00CKG35NG,4.0,1
B00AJ40WHI,4.0,1
B00CKG9FPS,4.0,1
B00HNZJM1I,4.0,1
B00AJ4C8W0,5.0,1
B00CKGFADO,5.0,1
B00CKGFB1A,5.0,1
B00CK2XSQO,5.0,1
B00AJF40GG,5.0,1
B00CK2L21W,5.0,1
B00AJQY8CG,5.0,1
B00AJPSWKG,5.0,1
B00IUIRMLE,5.0,1
B00CJRB0WE,5.0,1
B00IUIT1ZO,5.0,1
B00AJMXQNC,5.0,1
B00CJR50SE,5.0,1
B00IUIUHH0,4.0,1
B00HOHYQWU,5.0,1
B00CJRE8WS,5.0,1
B00AJMBHCY,5.0,1
B00IUIUOXM,5.0,1
B00AJQYMVI,4.0,1
B00IUIRJ62,5.0,1
B00CJNSXSW,5.0,1
B00AJT742E,5.0,1
B00IUIOOHE,5.0,1
B00AJT2Q1I,5.0,1
B00AJT23R0,5.0,1
B00AJT1ES4,4.0,1
B00CJMOJL8,5.0,1
B00AJSVMC8,5.0,1
B00AJRPJ64,5.0,1
B00AJSFVT8,5.0,1
B00AJSDNYS,5.0,1
B00CJQ5LMK,4.0,1
B00CJQ5NQ4,5.0,1
B00CJQB1W4,4.0,1
B00AJRU4O6,4.0,1
B00CJQCS62,5.0,1
B00AJKQK5U,4.0,1
B00CJS67OE,5.0,1
B00CK0VX3G,4.0,1
B00CJYRE0O,4.0,1
B00CJZDJ98,4.0,1
B00CK0O46Y,5.0,1
B00AJH7FTI,5.0,1
B00AJGTSG2,5.0,1
B00HODE656,4.0,1
B00CK1OEMM,5.0,1
B00AJGSBN8,5.0,1
B00HOBQO76,5.0,1
B00HOB2A4C,5.0,1
B00AJGD9E4,5.0,1
B00CK1ZU3E,5.0,1
B00AJF9DLS,5.0,1
B00AJHHR7S,4.0,1
B00AJHM9LM,5.0,1
B00AJIXQOA,4.0,1
B00CJSGG6S,4.0,1
B00CJTV9GO,4.0,1
B00CJUI4RU,5.0,1
B00IUIV8FA,5.0,1
B00AJK5YVQ,5.0,1
B00AJJMH6W,5.0,1
B00IUJANZA,5.0,1
B00CJWAN1S,5.0,1
B00CJX5WU4,5.0,1
B00AJJ7EOC,5.0,1
B00CJXU0LU,4.0,1
B00CJY02AS,5.0,1
B00CJYR51W,5.0,1
B00AIZJ10M,5.0,1
B00AIZIVJE,5.0,1
B00IUIGJ68,5.0,1
B00HNWT40A,5.0,1
B00AIHKY60,5.0,1
B00AIGX9EK,5.0,1
B00AIGW0EU,4.0,1
B00HNXGM0O,5.0,1
B00AIGIOW2,5.0,1
B00AIGG5QO,5.0,1
B00CL82FPW,5.0,1
B00CLAFXKY,5.0,1
B00AIFXGXA,5.0,1
B00AIFVOP2,5.0,1
B00AIFI0EA,4.0,1
B00AIEYODW,5.0,1
B00HNWORNE,5.0,1
B00CL86USU,5.0,1
B00CL70AS2,5.0,1
B00AIEU4SQ,4.0,1
B00CL6FES4,5.0,1
B00CL6FMUY,5.0,1
B00AIK4Z80,5.0,1
B00CL6FWN6,5.0,1
B00HNXZZCU,5.0,1
B00AIJSQJA,5.0,1
B00AIITHL2,4.0,1
B00AIIKYY6,5.0,1
B00CL6OPD4,5.0,1
B00AIIJHS0,4.0,1
B00AIII902,4.0,1
B00CL6RZOK,5.0,1
B00AIIB2Y2,5.0,1
B00IV5CNOM,5.0,1
B00HNWCXIU,5.0,1
B00AIET252,5.0,1
B00AIZB49S,5.0,1
B00CLFQMJU,5.0,1
B00CLESP1Y,5.0,1
B00IVA40JI,4.0,1
B00CLF0U4I,5.0,1
B00AIDH6N8,5.0,1
B00IVBWLLQ,5.0,1
B00CLF9HJW,5.0,1
B00CLFJZOO,5.0,1
B00CLFWO38,5.0,1
B00HNWA1X4,5.0,1
B00CLFWOEM,4.0,1
B00CLFZAY8,5.0,1
B00CLHANBQ,4.0,1
B00AIBQKC8,5.0,1
B00AIBIPEO,5.0,1
B00CLHEJ9I,5.0,1
B00HNTQVBS,4.0,1
B00AIBHAY0,5.0,1
B00CLDVBSO,5.0,1
B00AIEQBMY,5.0,1
B00CLC9J5M,5.0,1
B00IV5EULQ,5.0,1
B00IV5L244,4.0,1
B00CLBLQYK,5.0,1
B00CLBO0RA,5.0,1
B00IV60SFW,4.0,1
B00CLC9NAS,5.0,1
B00AIECDX0,4.0,1
B00AIEBECQ,5.0,1
B00CLCUMEY,5.0,1
B00CLD9YOW,5.0,1
B00AIE7CO0,5.0,1
B00AIKZ9IA,5.0,1
B00AILJU84,5.0,1
B00CKYWRBO,5.0,1
B00AIY8EBA,4.0,1
B00CKY6HS8,4.0,1
B00IV1WSP0,5.0,1
B00HNYPWQS,4.0,1
B00AIY7952,5.0,1
B00CKYOXR0,5.0,1
B00AIXSVAA,5.0,1
B00CKYUE0K,5.0,1
B00AIXM4KS,5.0,1
B00AIX4Q4U,5.0,1
B00CKZA9F4,5.0,1
B00CKZBKR0,4.0,1
B00AIVWM2K,5.0,1
B00CKZI1HC,5.0,1
B00AIVMROI,5.0,1
B00CKZJRH0,5.0,1
B00AIVKAEC,5.0,1
B00CKY3ERU,5.0,1
B00CKXDSR2,5.0,1
B00CKSF83O,5.0,1
B00AIYP61G,5.0,1
B00AIYLBDS,5.0,1
B00IV1J7YK,5.0,1
B00AIYI118,5.0,1
B00CKX3BGU,4.0,1
B00AIYG3LI,5.0,1
B00AIYFSQ4,5.0,1
B00AIYBR3W,5.0,1
B00CKTNLBO,5.0,1
B00AIYAECM,5.0,1
B00CKU5PHG,5.0,1
B00CKWTXX6,5.0,1
B00CL0QVCS,5.0,1
B00CL0S1YO,5.0,1
B00CL0WMJO,5.0,1
B00AIMLLBW,5.0,1
B00CL5A1TC,5.0,1
B00AIP52DW,5.0,1
B00AIODQOU,4.0,1
B00AINP3UG,4.0,1
B00CL0YHYW,5.0,1
B00HNYJFRU,5.0,1
B00CL5ZN18,5.0,1
B00HNYGV04,4.0,1
B00AILKSRQ,5.0,1
B00IV4GJF2,5.0,1
B00CL45EQI,5.0,1
B00CL3ZA4U,5.0,1
B00CL102KY,5.0,1
B00AIUSD2O,4.0,1
B00CL1154G,4.0,1
B00AITKIYG,5.0,1
B00AISUSCE,5.0,1
B00HNYOOJO,5.0,1
B00CL18UEY,4.0,1
B00AISU0JU,5.0,1
B00CL1NCBK,5.0,1
B00CL2CLNO,5.0,1
B00CL3G454,5.0,1
B00HNYL17W,4.0,1
B00AIRMCDI,4.0,1
B00CL3YHZS,5.0,1
B00AIR3D36,4.0,1
B00HOJVZ2M,4.0,1
B00CJLRPDS,5.0,1
B00CLHHCHO,5.0,1
B00CIXQL96,5.0,1
B00AKL3E4I,5.0,1
B00AKL2J30,5.0,1
B00CIX67QI,4.0,1
B00CIXNNRO,5.0,1
B00CIXQAEM,5.0,1
B00CIXQCGS,5.0,1
B00AKKZBO0,5.0,1
B00CIXQRJK,5.0,1
B00CIWXZBY,5.0,1
B00CIXQX3K,5.0,1
B00AKKKDIY,5.0,1
B00AKKHCUQ,5.0,1
B00AKL3FEC,4.0,1
B00CIWXJGK,4.0,1
B00HPJOSR0,4.0,1
B00AKNYC9W,5.0,1
B00AKNAMHI,5.0,1
B00CIVPZIQ,5.0,1
B00AKL7HBY,5.0,1
B00AKL6YL8,5.0,1
B00AKL6OPE,4.0,1
B00AKL6X0K,5.0,1
B00CIVX2FE,5.0,1
B00HPJT4DI,5.0,1
B00AKL6RI8,5.0,1
B00CIWNBIQ,4.0,1
B00CIWNGIG,5.0,1
B00CIZ7E0E,4.0,1
B00CIYGSVQ,5.0,1
B00HPDK212,5.0,1
B00CIY4Q0G,5.0,1
B00AKISRYI,4.0,1
B00IU8MB56,5.0,1
B00AKIEYG8,5.0,1
B00CIYFTH0,4.0,1
B00AKIA1YM,5.0,1
B00IU8D1DW,4.0,1
B00AKI5P34,4.0,1
B00CIYLP50,5.0,1
B00AKI3AG8,5.0,1
B00CIYTGBA,5.0,1
B00HP810PE,5.0,1
B00IU8M52U,5.0,1
B00HPGBDH6,4.0,1
B00AKJ6MFS,5.0,1
B00AKJ10DM,5.0,1
B00HPHYNN6,5.0,1
B00CIXZ1VU,5.0,1
B00HPHSLIO,4.0,1
B00AKIZUUC,5.0,1
B00AKIZEWG,5.0,1
B00AKIZ77S,5.0,1
B00AKIZ4D0,5.0,1
B00AKIXQPS,5.0,1
B00AKNZ6GK,5.0,1
B00CIVBUX0,5.0,1
B00CIMH4XY,4.0,1
B00AKT47FU,5.0,1
B00AKSEW24,5.0,1
B00HPN37UU,5.0,1
B00AKSB81C,5.0,1
B00IU6330U,5.0,1
B00CIMNECY,4.0,1
B00CIOCEUA,4.0,1
B00CIOJ610,5.0,1
B00AKS80PE,5.0,1
B00CIOU5QU,5.0,1
B00AKS3X8I,5.0,1
B00CIJGMX0,5.0,1
B00IU38X4O,5.0,1
B00CIH6WB4,4.0,1
B00IU0MH5S,5.0,1
B00HPQPW96,4.0,1
B00CIHHZ8S,5.0,1
B00IU2316K,5.0,1
B00AKTA9FW,4.0,1
B00AKT9TMQ,5.0,1
B00AKT7874,5.0,1
B00CIIES1E,5.0,1
B00CIJ9BHO,4.0,1
B00CIPBBVW,5.0,1
B00IU6KP88,5.0,1
B00AKOJ7B4,5.0,1
B00AKOJPTI,5.0,1
B00AKOJNRM,5.0,1
B00AKOJM3C,4.0,1
B00AKOJKXO,5.0,1
B00CIULYPA,5.0,1
B00AKOJHWI,5.0,1
B00AKOJBMO,5.0,1
B00CIUNZ3O,4.0,1
B00HPKQIUE,4.0,1
B00AKOJ6HO,5.0,1
B00AKOJ502,4.0,1
B00AKOJ1U6,5.0,1
B00CIV006I,5.0,1
B00AKONRNI,4.0,1
B00AKPFYSI,5.0,1
B00CIT8JHW,5.0,1
B00AKRXVEA,4.0,1
B00AKRKH9C,5.0,1
B00CIR6AW0,5.0,1
B00CIRDI84,4.0,1
B00AKRKFZI,5.0,1
B00CISBMUO,5.0,1
B00CISJ68O,4.0,1
B00AKQJOCY,5.0,1
B00HPKFGQ6,5.0,1
B00CIST9YK,4.0,1
B00AKQH2TQ,5.0,1
B00AKPRACG,5.0,1
B00CIZAO6U,5.0,1
B00CJLHHFO,5.0,1
B00AK04TQ6,5.0,1
B00AK031Y2,5.0,1
B00AJZXGM0,5.0,1
B00CJEZVC2,5.0,1
B00CJF1IGE,4.0,1
B00AJZOIZY,5.0,1
B00CJF7IK4,5.0,1
B00CJD72EI,4.0,1
B00CJFCP34,5.0,1
B00CJFFOZU,5.0,1
B00AJZDOD6,5.0,1
B00CJG528S,4.0,1
B00AJXUCO2,5.0,1
B00HOR5XAO,5.0,1
B00AK3S158,5.0,1
B00HOWRH9O,5.0,1
B00CJC6D44,4.0,1
B00CJC8MZW,5.0,1
B00CJCP29Q,5.0,1
B00AK3P872,5.0,1
B00CJCPMUA,4.0,1
B00CJCTFV2,4.0,1
B00HOW2DYS,5.0,1
B00CJCZXV8,5.0,1
B00CJCVPTW,5.0,1
B00AK342R4,5.0,1
B00AK32U3W,4.0,1
B00CJCVXPS,5.0,1
B00CJCWLZ4,5.0,1
B00AK2OQXA,5.0,1
B00AK1NHYA,5.0,1
B00CJCY7MO,4.0,1
B00AJXQZFM,5.0,1
B00HP7VQDQ,5.0,1
B00AJVLXME,5.0,1
B00HOKDJXY,5.0,1
B00IUHZR30,4.0,1
B00AJVLHVG,5.0,1
B00AJVLFY0,5.0,1
B00CJIBXWK,5.0,1
B00IUI02AC,4.0,1
B00HOLAT2M,5.0,1
B00HOJW2BA,5.0,1
B00IUI15F8,5.0,1
B00CJJ21X4,4.0,1
B00CJJ4HC2,5.0,1
B00CJK90VE,5.0,1
B00CJKRPQQ,4.0,1
B00CJL4B80,5.0,1
B00HOOYHWW,4.0,1
B00AJX6HZ0,5.0,1
B00AJWNC7M,5.0,1
B00CJGFHDS,4.0,1
B00CJGG75A,5.0,1
B00AJWU90K,5.0,1
B00AJWTT7E,5.0,1
B00HOQS4QU,5.0,1
B00AJWQKE4,5.0,1
B00AJWOQ1I,4.0,1
B00HOQQ79G,5.0,1
B00AJW5S6U,5.0,1
B00HOQJSK6,5.0,1
B00CJH0I5O,5.0,1
B00CJH6YC0,4.0,1
B00CJHDWBG,5.0,1
B00CJHHUFU,5.0,1
B00AJVVQ3A,5.0,1
B00CJC57OQ,5.0,1
B00CJBT4F0,5.0,1
B00CJ2VIYO,5.0,1
B00CJ23N0Q,5.0,1
B00IUBEA8E,5.0,1
B00HP4Q2D8,5.0,1
B00CJ2HKIM,5.0,1
B00CJ2LAKQ,4.0,1
B00HP4OQ9U,5.0,1
B00IUBTMQE,4.0,1
B00CJ1U5OY,5.0,1
B00IUBTVZ6,5.0,1
B00CJ2VWBS,5.0,1
B00CJ31528,4.0,1
B00IUC607C,5.0,1
B00HP1HNO8,5.0,1
B00CJ316Q8,5.0,1
B00HP55A08,5.0,1
B00AKGI2V8,5.0,1
B00HOX49E4,5.0,1
B00CIZZKFU,5.0,1
B00HP6QOMU,4.0,1
B00CIZCINC,5.0,1
B00CIZDJQM,4.0,1
B00AKHBYK8,5.0,1
B00CIZF0MI,5.0,1
B00IU8S6C8,5.0,1
B00AKH672S,5.0,1
B00CJ00PN6,5.0,1
B00CJ0V3QO,4.0,1
B00HP6MWFS,5.0,1
B00AKH5R10,5.0,1
B00HP61HQI,5.0,1
B00CJ08K56,5.0,1
B00AKGVIDM,5.0,1
B00CJ31910,4.0,1
B00IUD2KA2,4.0,1
B00AK6J5M8,5.0,1
B00HOZEYNS,5.0,1
B00HOZ7Q42,5.0,1
B00AK6OW1C,5.0,1
B00CJB1EHQ,5.0,1
B00IUFIJ5A,5.0,1
B00CJ35L4Q,4.0,1
B00AK5M9SG,5.0,1
B00AK58OVC,5.0,1
B00IUGTLOC,5.0,1
B00CJB4838,5.0,1
B00AK4CA0E,5.0,1
B00CJ7KE8U,5.0,1
B00AK7MQBO,5.0,1
B00AK7NAI2,5.0,1
B00AKCXKWI,5.0,1
B00AKCOC6Q,5.0,1
B00CJ39K02,5.0,1
B00AKB82LI,4.0,1
B00HP0YGXA,5.0,1
B00AK9NAOE,5.0,1
B00AK9EK0M,5.0,1
B00AK8RWLW,4.0,1
B00AK8RTY2,5.0,1
B00AK8668W,5.0,1
B00CJ604D6,4.0,1
B00AIBFR1I,5.0,1
B00CLHIGS8,5.0,1
B00AFZHVRA,4.0,1
B00CMWYBIQ,5.0,1
B00AGQU3U0,5.0,1
B00AGQTXZQ,5.0,1
B00AGQMJ6G,5.0,1
B00CMXW9W0,5.0,1
B00AGQMI08,5.0,1
B00IWI1J2A,5.0,1
B00AGQ2YUM,5.0,1
B00AGQ2704,5.0,1
B00AGQ2344,4.0,1
B00CMYPJOO,5.0,1
B00AGPUM2A,5.0,1
B00AGPUL2Q,5.0,1
B00AGR8LJE,4.0,1
B00AGSBPV4,5.0,1
B00AGSAXDA,5.0,1
B00IWGL1KC,5.0,1
B00CMV0IT8,5.0,1
B00CMV57PS,5.0,1
B00CMWDH8G,5.0,1
B00HN3NFBI,5.0,1
B00IWHDPZK,5.0,1
B00CMWBFCG,4.0,1
B00AGRMSO8,5.0,1
B00AGR9W9C,5.0,1
B00HN1FPLS,5.0,1
B00CMZ73HY,4.0,1
B00AGMXRUM,5.0,1
B00CNBIWCC,5.0,1
B00CN77AOC,4.0,1
B00CN80YNU,5.0,1
B00AGNJKEI,4.0,1
B00AGNJJYE,5.0,1
B00CN86QLY,5.0,1
B00CN86R5Y,5.0,1
B00CNAQ5SG,5.0,1
B00CNBN18W,5.0,1
B00AGNJCMS,5.0,1
B00AGNJ2QO,4.0,1
B00CNBS5AG,5.0,1
B00AGMZFZC,5.0,1
B00HMZ84PO,5.0,1
B00AGNN7LK,5.0,1
B00CN5Q29S,5.0,1
B00AGPADDI,4.0,1
B00AGOLI9M,5.0,1
B00HN1FO2I,4.0,1
B00CN0ER4K,5.0,1
B00CN0HVA2,5.0,1
B00AGOR7AG,5.0,1
B00AGOQO7S,5.0,1
B00AGOPQFO,4.0,1
B00CN0V8JW,4.0,1
B00CN38V26,5.0,1
B00CN4W36U,5.0,1
B00AGOJV2S,5.0,1
B00AGOE6VO,5.0,1
B00IWMC85S,4.0,1
B00HN1FM0M,5.0,1
B00HN0G0AY,5.0,1
B00IWMJL1W,5.0,1
B00CN3V36M,4.0,1
B00AGSH2UW,5.0,1
B00IWCHR2C,4.0,1
B00AH041GC,4.0,1
B00CMNOI7Y,5.0,1
B00CMNOJU0,5.0,1
B00AGYQE3C,5.0,1
B00CMNOM66,4.0,1
B00CMNOMIY,5.0,1
B00AGYMSA0,5.0,1
B00HND4OT0,5.0,1
B00IWCJOFK,5.0,1
B00IWDB33K,4.0,1
B00AGYMS64,4.0,1
B00CMOGYF2,5.0,1
B00AGYL1QC,5.0,1
B00IWDWRT4,5.0,1
B00CMNOGTO,4.0,1
B00AH06BP6,5.0,1
B00AGSIK9E,5.0,1
B00CMKIYAO,5.0,1
B00CML4XGW,5.0,1
B00IWC9L9O,5.0,1
B00CMLMYYA,4.0,1
B00CMLUOCE,5.0,1
B00CMNOGBM,5.0,1
B00CMMYEHY,5.0,1
B00AH0QWJG,5.0,1
B00IWCBMVE,5.0,1
B00CMNOBQM,4.0,1
B00AH0ES06,5.0,1
B00CMNOG26,5.0,1
B00CMPVSX4,5.0,1
B00AGYKZOQ,5.0,1
B00HN8FCD2,5.0,1
B00AGWILLW,5.0,1
B00HN9RX6A,5.0,1
B00HN8GFFQ,5.0,1
B00HN8GEMA,5.0,1
B00CMSP6HA,5.0,1
B00CMT4XKA,5.0,1
B00CMTH2JY,5.0,1
B00CMU3SLE,4.0,1
B00AGYKYVA,5.0,1
B00CMU4WNM,5.0,1
B00AGTIGP6,4.0,1
B00HN8F8J0,4.0,1
B00AGSP5SI,4.0,1
B00IWERT8W,5.0,1
B00AGSJE5I,5.0,1
B00CMSE8CE,5.0,1
B00CMRYOEM,4.0,1
B00AGX72SO,5.0,1
B00AGYKYLK,5.0,1
B00CMQAHWG,5.0,1
B00HNC8QOU,5.0,1
B00CMQZ0V4,5.0,1
B00HNBYG3Q,5.0,1
B00CMRDE9S,5.0,1
B00AGY4W9K,5.0,1
B00AGY2MU6,5.0,1
B00AGY0U4Q,5.0,1
B00CMRP10S,5.0,1
B00AGXWFOK,5.0,1
B00IWEM23O,4.0,1
B00AGXJZSO,5.0,1
B00CNBVVJI,5.0,1
B00CNC0N1E,5.0,1
B00HNF6N4C,5.0,1
B00AG4565E,5.0,1
B00CNTBQ8G,4.0,1
B00AG4FU7I,5.0,1
B00HMTYVMA,5.0,1
B00AG45ADC,5.0,1
B00AG459DI,5.0,1
B00AG458XO,5.0,1
B00AG4PK5K,5.0,1
B00AG3YJOY,5.0,1
B00CNTWLO4,5.0,1
B00HMTFEI0,5.0,1
B00HMSUKIU,5.0,1
B00AG3UW9U,5.0,1
B00CNV2SHW,5.0,1
B00CNT84EK,5.0,1
B00CNV8OI4,5.0,1
B00CNQOOPQ,4.0,1
B00CNK5528,5.0,1
B00IWZWXQY,5.0,1
B00CNN5BIS,5.0,1
B00CNQ4I0W,5.0,1
B00CNQP4VY,5.0,1
B00AG4PTC4,4.0,1
B00CNQPR7U,5.0,1
B00HMU3YAO,5.0,1
B00AG59ZLY,5.0,1
B00AG57WSW,5.0,1
B00AG4SBA6,5.0,1
B00CNQR9HQ,5.0,1
B00CNV5LZ8,5.0,1
B00IX2BPVA,5.0,1
B00AGMW3ZC,5.0,1
B00AG0A7OI,5.0,1
B00IX4UTI8,5.0,1
B00CNZH0S0,5.0,1
B00HMQWLFM,5.0,1
B00IX5E0QO,5.0,1
B00IX5E6EK,5.0,1
B00AG0E5IM,5.0,1
B00CNZJI7Q,5.0,1
B00CNZPUOG,5.0,1
B00AG0EI8O,4.0,1
B00AFZJ23G,5.0,1
B00CNZTOLQ,5.0,1
B00CO03K56,5.0,1
B00HMQHUR6,5.0,1
B00HMQ9T34,5.0,1
B00IX5M5DY,5.0,1
B00HMQ9I76,5.0,1
B00CNYXXLE,5.0,1
B00AG0MRQ4,5.0,1
B00AG357G8,5.0,1
B00CNX250A,4.0,1
B00AG2T0AS,5.0,1
B00IX2EWZ6,5.0,1
B00AG2IIC4,5.0,1
B00HMS55IK,5.0,1
B00AG0N4HK,5.0,1
B00CNX9F26,5.0,1
B00CNXCZHI,4.0,1
B00AG127RW,5.0,1
B00CNXJ9U4,5.0,1
B00IX2JG1G,5.0,1
B00CNXJAKI,5.0,1
B00HMRDHFO,4.0,1
B00AG8Z6IM,4.0,1
B00CNK2QXO,5.0,1
B00CNFLL0S,5.0,1
B00CNFOR8G,5.0,1
B00AGJXV1K,5.0,1
B00IWV8D80,5.0,1
B00AGJ4D4E,4.0,1
B00AGISDC8,5.0,1
B00AGIQIKW,5.0,1
B00HMW0NR4,4.0,1
B00IWVFRG6,5.0,1
B00CNFT0CY,4.0,1
B00CNG3WY0,5.0,1
B00AGHOKBC,5.0,1
B00IWU8OM6,5.0,1
B00AGKG6XO,5.0,1
B00AG90SNO,5.0,1
B00AGLPF8K,4.0,1
B00AGMAQMO,5.0,1
B00CNC32QM,4.0,1
B00AGLRO7K,5.0,1
B00IWRWIKI,5.0,1
B00CNC5QPW,5.0,1
B00CNECHT8,5.0,1
B00CNC6QPG,5.0,1
B00HMXOGKS,5.0,1
B00CNCB8UY,5.0,1
B00AGLP9SQ,5.0,1
B00CNDGQDW,4.0,1
B00IWTQ4L0,5.0,1
B00CNGAARC,4.0,1
B00CNGKJYQ,5.0,1
B00CNJWFFE,5.0,1
B00CNJ5XTY,5.0,1
B00CNJ7D60,5.0,1
B00IWXYB0W,4.0,1
B00AGDBCYE,5.0,1
B00HMUI4KE,5.0,1
B00IWYT07K,5.0,1
B00CNH5760,4.0,1
B00HMUHWVG,5.0,1
B00HMUHL1C,5.0,1
B00IWZJIU8,5.0,1
B00CNJXG2K,5.0,1
B00AG99TO8,5.0,1
B00CNJXQJI,5.0,1
B00AG958DE,5.0,1
B00AGDUBKU,5.0,1
B00CNIOUT4,4.0,1
B00CNIMD5W,5.0,1
B00CNHEUMW,4.0,1
B00HMUP4IY,5.0,1
B00HMUJ5NO,5.0,1
B00AGFRSAE,5.0,1
B00AGFPYT6,5.0,1
B00AGFD6JG,5.0,1
B00AGEPOXS,5.0,1
B00AGE7SHI,5.0,1
B00AGDZYIY,5.0,1
B00AGDZQSM,5.0,1
B00CNHPW7E,4.0,1
B00HMUIUHG,5.0,1
B00AGDZLSM,5.0,1
B00HNF6IHO,5.0,1
B00AH1E6I4,5.0,1
B00CLV7FXG,5.0,1
B00CLUE1OS,5.0,1
B00CLUH870,4.0,1
B00AHVUYSA,5.0,1
B00AHVLH6I,5.0,1
B00CLUU89U,5.0,1
B00CLUW6RC,5.0,1
B00CLUZSMC,5.0,1
B00AHWNIWS,5.0,1
B00AHUDCF8,5.0,1
B00AHUCWDQ,5.0,1
B00AHUCSHQ,5.0,1
B00IVGN00W,5.0,1
B00AHUCMOA,5.0,1
B00AHUCIDK,4.0,1
B00AHUBXZO,5.0,1
B00AHWEST0,5.0,1
B00CLU9AEY,5.0,1
B00AHUBOQW,5.0,1
B00CLRPSA2,5.0,1
B00CLR8B9M,5.0,1
B00CLRH4VS,5.0,1
B00CLRH5IA,4.0,1
B00CLRHCYM,5.0,1
B00AI0L3SK,5.0,1
B00AHZS5L4,5.0,1
B00AHX0JH4,5.0,1
B00CLS9YUG,5.0,1
B00CLTUQ3E,5.0,1
B00CLU1JWA,5.0,1
B00AHXE99S,5.0,1
B00AHXE948,5.0,1
B00AHX7XZ0,5.0,1
B00AHX11X0,5.0,1
B00CLVFTQG,5.0,1
B00IVHDGMS,5.0,1
B00AHOUS8S,5.0,1
B00AHPEZJA,5.0,1
B00AHRCKUO,4.0,1
B00CLVSIUA,5.0,1
B00CLVSWCO,5.0,1
B00IVM9VG8,5.0,1
B00AHPSJZ6,5.0,1
B00CLW13KG,5.0,1
B00AHPJRPM,5.0,1
B00CLWH832,5.0,1
B00CLVORH8,5.0,1
B00AHP2HP4,5.0,1
B00CLWN3YK,5.0,1
B00HNKT8N0,4.0,1
B00CLWQYW8,5.0,1
B00HNKT84O,5.0,1
B00HNKT3NK,5.0,1
B00AHOWB74,5.0,1
B00IVM6SYQ,5.0,1
B00AHRGNAW,5.0,1
B00AHU6FZC,5.0,1
B00CLVHB8K,5.0,1
B00CLVHI3S,4.0,1
B00IVHT55U,4.0,1
B00AHU2C8Q,5.0,1
B00AHU2BTG,5.0,1
B00AHTRELW,5.0,1
B00AHSNI86,4.0,1
B00HNKTH2W,5.0,1
B00IVM5QS0,5.0,1
B00AHTAH6Q,5.0,1
B00CLQWG0I,5.0,1
B00CLKS798,5.0,1
B00AIAK8M2,5.0,1
B00AIAJLS4,5.0,1
B00IVCFPXG,5.0,1
B00HNQEQO0,4.0,1
B00AIABY16,4.0,1
B00AIAB6RI,5.0,1
B00AIAS5OA,5.0,1
B00IVCGPQW,5.0,1
B00HNQBGXO,5.0,1
B00AIA48X2,5.0,1
B00CLKTIZA,5.0,1
B00CLKTK0I,5.0,1
B00AIA47LK,5.0,1
B00AI9E8RO,5.0,1
B00AIAR6OK,5.0,1
B00AIAUWP0,5.0,1
B00CLQNERW,4.0,1
B00CLII70O,5.0,1
B00CLHLG0I,5.0,1
B00AIBF8US,5.0,1
B00AIBCOYQ,5.0,1
B00AIBCH48,4.0,1
B00AIBC1T4,5.0,1
B00IVC4AFK,5.0,1
B00AIAUXDG,4.0,1
B00IVCDH4K,5.0,1
B00AIAXUY0,5.0,1
B00CLITIHU,5.0,1
B00HNS00Z2,5.0,1
B00CLIV89Q,5.0,1
B00CLIW55M,5.0,1
B00AI9DS3E,5.0,1
B00AI90X8W,5.0,1
B00CLKTXT6,5.0,1
B00AI2A6AE,5.0,1
B00AI31ZWQ,4.0,1
B00CLMG838,4.0,1
B00CLMI4QC,5.0,1
B00AI2CMX8,5.0,1
B00CLN87N6,5.0,1
B00AI2ABE0,4.0,1
B00AI24948,5.0,1
B00IVDRN44,5.0,1
B00AI1SCRO,5.0,1
B00CLPBGWS,5.0,1
B00CLQ5DXK,4.0,1
B00AI1LXX4,5.0,1
B00AI45FVW,5.0,1
B00CLMESK8,5.0,1
B00AI7XTJ4,5.0,1
B00CLKVJW0,5.0,1
B00AI717WK,5.0,1
B00AI6IYL8,5.0,1
B00CLKWT10,5.0,1
B00CLKX88S,5.0,1
B00CLL0KTC,5.0,1
B00IVDTFWM,5.0,1
B00AI4XY0G,5.0,1
B00CLLNEAY,5.0,1
B00AI4J7QQ,5.0,1
B00AI4IS6G,5.0,1
B00CLLZMY0,4.0,1
B00CLWWHSS,5.0,1
B00CLWXWUK,5.0,1
B00CMFED68,5.0,1
B00CMDLX7W,5.0,1
B00CMDZ76U,5.0,1
B00AHE17WO,5.0,1
B00CMEIG08,5.0,1
B00AHE14U4,5.0,1
B00AHDU8P2,5.0,1
B00CMFKJWA,5.0,1
B00IW1QPX0,5.0,1
B00AHCDGSY,5.0,1
B00AHCDCOC,5.0,1
B00AH9G6R0,5.0,1
B00CMFKKSS,4.0,1
B00CMFKW54,5.0,1
B00CMFMPCW,5.0,1
B00AHE1LQQ,5.0,1
B00AHEH7BE,5.0,1
B00CMFN148,5.0,1
B00AHF0FXA,5.0,1
B00CMBHR0Q,4.0,1
B00AHFK65W,4.0,1
B00CMBT920,5.0,1
B00HNISQKS,5.0,1
B00HNISPU4,5.0,1
B00CMC3NWQ,5.0,1
B00AHF0GAC,5.0,1
B00CMCFZRC,5.0,1
B00AHEHA5M,5.0,1
B00AHF0FQM,5.0,1
B00AHF0F30,4.0,1
B00AHEVEQS,5.0,1
B00AHEVCYW,5.0,1
B00HNISPD6,5.0,1
B00IVYMKE6,5.0,1
B00AHEI7Q8,5.0,1
B00CMCG1G6,5.0,1
B00CMFMUWC,4.0,1
B00AH83UI4,4.0,1
B00CLWZ26M,5.0,1
B00IWBLVN4,4.0,1
B00CMJ0QK6,5.0,1
B00CMJ8HIY,5.0,1
B00AH4TJ9M,5.0,1
B00CMJCD5W,5.0,1
B00HNI0GEM,5.0,1
B00IWASHI2,4.0,1
B00AH4J0OG,5.0,1
B00AH55594,5.0,1
B00IWBO9U6,5.0,1
B00AH44BZO,5.0,1
B00HNG6R9M,4.0,1
B00AH33VU6,4.0,1
B00HNFXBWO,5.0,1
B00HNFHWBK,5.0,1
B00AH2QKRI,5.0,1
B00HNI0JZ8,5.0,1
B00CMFN5DK,5.0,1
B00AH5I4BA,5.0,1
B00IW2R1AU,5.0,1
B00AH7DEWC,5.0,1
B00IW3N9N2,5.0,1
B00HNI2POQ,5.0,1
B00CMFPX7Q,5.0,1
B00AH6KUG6,5.0,1
B00AH5QYIU,5.0,1
B00CMG7QUC,5.0,1
B00CMGOUG0,5.0,1
B00AH56MJQ,5.0,1
B00CMHJPP0,5.0,1
B00IW6T2NK,5.0,1
B00CMHPLIA,5.0,1
B00HNI1WLS,4.0,1
B00AHFWFEC,5.0,1
B00CMBAXDE,5.0,1
B00AHJKYGE,5.0,1
B00AHLUF9I,5.0,1
B00CM0LQ5E,5.0,1
B00CM12Y04,5.0,1
B00IVOMZ1O,5.0,1
B00CM2C44O,5.0,1
B00IVOOR0Q,5.0,1
B00AHLX6XK,5.0,1
B00CM309KO,5.0,1
B00CM3HX08,5.0,1
B00CM41GVE,5.0,1
B00IVQV0O0,4.0,1
B00CM4B4L6,4.0,1
B00IVTQQ96,5.0,1
B00AHJ3AYC,5.0,1
B00CM08US0,5.0,1
B00AHM5LAA,5.0,1
B00AHNBLFS,4.0,1
B00AHO1ZR6,5.0,1
B00CLX6FFI,4.0,1
B00CLX93DE,4.0,1
B00AHNQVXU,5.0,1
B00AHNFQHM,5.0,1
B00AHNC47C,5.0,1
B00AHN2NN2,5.0,1
B00CLY0PNK,5.0,1
B00AHN0ZZU,5.0,1
B00CLY0R0G,5.0,1
B00AHMW5XG,5.0,1
B00CLZ04QC,5.0,1
B00CLZ7JQU,5.0,1
B00AHIVY0K,5.0,1
B00IVUGE3S,4.0,1
B00HNJNDR8,5.0,1
B00HNJMBTE,5.0,1
B00CM8PHQA,5.0,1
B00CM8TKRW,4.0,1
B00AHGX0YA,5.0,1
B00CM8VJT4,5.0,1
B00AHGR80M,5.0,1
B00AHHX1MA,5.0,1
B00CMAFE2A,5.0,1
B00CMAHU8G,5.0,1
B00CMB6KOA,5.0,1
B00AHG7F4Q,4.0,1
B00HNJU4XE,5.0,1
B00AHH3IZK,5.0,1
B00CM756WQ,5.0,1
B00AHH9L92,5.0,1
B00CM4KOLW,5.0,1
B00IVV4HHM,5.0,1
B00AHHVLM2,5.0,1
B00AHHLBNQ,5.0,1
B00AHHJ764,5.0,1
B00IVW14EU,4.0,1
B00CM6GKDQ,5.0,1
B00IVWBH6K,5.0,1
B00HNKGMPW,5.0,1
B00AHHCTZU,5.0,1
B00AHHAJJS,5.0,1
B00HNK0ZY6,5.0,1
B00AHH9XLS,5.0,1
B00CTSU7FY,5.0,1
B00CTSYIWM,5.0,1
B00A4EBY4I,5.0,1
B00D3OAQ0O,4.0,1
B00A7ESKT2,5.0,1
B00D3O4L1E,5.0,1
B00D3O9B9G,4.0,1
B00D3OAAK0,5.0,1
B00D3OB892,5.0,1
B00A7EWCSC,5.0,1
B00D3OBEFK,5.0,1
B00HEC2BCW,5.0,1
B00J2S56BE,5.0,1
B00D3OBQS0,5.0,1
B00A7EPBKI,5.0,1
B00HEC28YI,4.0,1
B00D3OBVLW,5.0,1
B00D3OBZ7M,5.0,1
B00J2S5754,5.0,1
B00D3LU6OS,4.0,1
B00A7FWZPQ,5.0,1
B00D3M0TNU,5.0,1
B00D3M0W5A,5.0,1
B00D3M0XYU,5.0,1
B00D3M3DH4,4.0,1
B00D3MS2R0,5.0,1
B00D3NTCOQ,5.0,1
B00D3MVV28,5.0,1
B00HEC2JWY,5.0,1
B00D3N0H0O,4.0,1
B00A7FEQ0I,4.0,1
B00A7F65BG,5.0,1
B00HEC2D3Y,5.0,1
B00D3OH990,5.0,1
B00J2VVE4E,5.0,1
B00D3Q2808,5.0,1
B00A7CV3NY,5.0,1
B00D3PZTPU,5.0,1
B00A7C4SYU,5.0,1
B00D3Q0AL2,4.0,1
B00A7D37W8,5.0,1
B00A7B1DS0,5.0,1
B00HE6V7I2,5.0,1
B00A7ALK7U,4.0,1
B00D3QBBEW,5.0,1
B00A7A7NY4,5.0,1
B00HE78QSU,5.0,1
B00J2V6XWC,4.0,1
B00D3ORLOI,5.0,1
B00J2S5A0G,5.0,1
B00HE8WD10,4.0,1
B00D3OWFPI,5.0,1
B00J2S5ABK,5.0,1
B00HE88SLO,5.0,1
B00D3OZ0N2,5.0,1
B00A7DASYS,5.0,1
B00J2TJYI4,5.0,1
B00HE7DWJI,5.0,1
B00D3PQTN6,5.0,1
B00D3PU2U2,5.0,1
B00J2V6WO6,5.0,1
B00HE78SUQ,5.0,1
B00D3PX89E,5.0,1
B00D3LQ0UC,5.0,1
B00D3CZ52U,5.0,1
B00D3AGJTU,5.0,1
B00D3ATUUU,5.0,1
B00A7LKK3E,5.0,1
B00D3CXZEK,5.0,1
B00D3CY2II,5.0,1
B00D3CY53U,5.0,1
B00A7KTYO6,5.0,1
B00D3CZNFO,5.0,1
B00D39WO04,5.0,1
B00A7K9GIK,4.0,1
B00HEP4ZHS,5.0,1
B00D3D100U,5.0,1
B00D3D12P8,5.0,1
B00HEORB7U,5.0,1
B00D3D1C26,4.0,1
B00D3A2OMG,5.0,1
B00A7LYQ8E,5.0,1
B00A7P3B90,5.0,1
B00A7NKWVM,5.0,1
B00A7N42F4,5.0,1
B00D35JFG4,5.0,1
B00D360H4C,5.0,1
B00D36Q2RI,4.0,1
B00D36SHD0,4.0,1
B00D38DG5M,5.0,1
B00HEPBWMY,5.0,1
B00D3818SY,5.0,1
B00A7MXGPM,5.0,1
B00A7MA420,5.0,1
B00A7M5UZG,4.0,1
B00D381A4G,5.0,1
B00D3D1NZW,5.0,1
B00D3D1VK4,5.0,1
B00D3G0SSW,5.0,1
B00J2S53O4,5.0,1
B00D3EYMBI,4.0,1
B00D3FFW4I,5.0,1
B00D3FOGFY,5.0,1
B00D3FQVF2,5.0,1
B00D3FR6A6,4.0,1
B00D3FSM36,4.0,1
B00D3H4SKK,5.0,1
B00D3D20NQ,5.0,1
B00D3HZ1NI,4.0,1
B00D3IFYKM,5.0,1
B00D3ISI96,5.0,1
B00D3JHZZ8,4.0,1
B00D3KE3DO,5.0,1
B00D3EXPIE,4.0,1
B00D3ES8W2,5.0,1
B00D3D29ZA,5.0,1
B00D3DBXB6,5.0,1
B00D3DD6LQ,4.0,1
B00J2S4QNS,5.0,1
B00D3EJS8A,5.0,1
B00HEM30QS,4.0,1
B00HEGAUC6,4.0,1
B00HEFS1JQ,4.0,1
B00A7IVZGS,5.0,1
B00HEE33VI,5.0,1
B00J2VRYAM,5.0,1
B00A7A53F0,5.0,1
B00J2RTAB2,5.0,1
B00D47R1FI,5.0,1
B00D47A20E,4.0,1
B00A72SY5Y,5.0,1
B00A72SRNI,5.0,1
B00A72SD5U,5.0,1
B00A72S3A0,4.0,1
B00A72RZNG,5.0,1
B00HDZD11A,5.0,1
B00D47Q9GK,5.0,1
B00D47VIHA,5.0,1
B00D4797DM,5.0,1
B00A72RUH2,5.0,1
B00A72R34W,5.0,1
B00J38BHUM,5.0,1
B00A72QUFA,5.0,1
B00D48B3QK,4.0,1
B00A72PB2S,5.0,1
B00A72P0T2,5.0,1
B00A72TXL8,5.0,1
B00D476PV4,5.0,1
B00A72IVUM,5.0,1
B00D43XWGY,4.0,1
B00A74KLGW,5.0,1
B00A74KJN2,5.0,1
B00HE4QGJ4,5.0,1
B00A74DKII,5.0,1
B00HE4JLWI,5.0,1
B00J3401LM,5.0,1
B00D4460P8,5.0,1
B00D46RPU0,5.0,1
B00A73NIZ4,5.0,1
B00D45L174,5.0,1
B00J34WOFS,4.0,1
B00D463FAE,5.0,1
B00J34XXVM,5.0,1
B00D469SSW,5.0,1
B00J39L23I,5.0,1
B00D48G9I2,5.0,1
B00D3RA24Q,5.0,1
B00J3AF0UI,5.0,1
B00A6ZFP40,5.0,1
B00HDYG0DC,5.0,1
B00A6ZBUOE,5.0,1
B00HDXU74G,5.0,1
B00A6Z7QV0,5.0,1
B00A6Z6OU4,5.0,1
B00A6Z6AXA,5.0,1
B00HDWTFTK,4.0,1
B00A704SKQ,5.0,1
B00HDWNJ8I,5.0,1
B00HDVPT78,5.0,1
B00HDUQME8,5.0,1
B00A6Z5UDQ,4.0,1
B00J3ARY0C,4.0,1
B00D4LF2H8,5.0,1
B00D4LT9AY,5.0,1
B00A6Z3OHU,4.0,1
B00D4I3XT0,5.0,1
B00A72DXP0,4.0,1
B00J39NRZ4,5.0,1
B00D4A0B3Y,5.0,1
B00D4A4P0Y,5.0,1
B00J3A8I2K,5.0,1
B00D4B3FAY,4.0,1
B00D4BXP6I,4.0,1
B00A70G08O,5.0,1
B00D4D973G,5.0,1
B00A71DUL8,4.0,1
B00A71C29Y,5.0,1
B00D4FB8EU,5.0,1
B00D4FCNMG,5.0,1
B00A715GS8,5.0,1
B00D4FLCW8,5.0,1
B00J31BGGE,4.0,1
B00A77CA3Q,5.0,1
B00HE5MNJA,5.0,1
B00HE5MGZ6,5.0,1
B00A77LHNK,5.0,1
B00A77I1CK,5.0,1
B00A77C9L4,5.0,1
B00D3VC90W,5.0,1
B00HE5G90O,5.0,1
B00D3VP1YI,5.0,1
B00A77BRYO,5.0,1
B00HE5FH8O,4.0,1
B00D3V71CI,5.0,1
B00D3SZKEW,5.0,1
B00D3RHZ3M,5.0,1
B00D3RYYRM,5.0,1
B00A7898X0,5.0,1
B00A788YYO,5.0,1
B00D3S79KK,5.0,1
B00D3T8HVO,5.0,1
B00D3ULR5Q,4.0,1
B00A784MJA,5.0,1
B00D3TQ018,5.0,1
B00D3TQFX6,4.0,1
B00A77MXZ6,5.0,1
B00A7768Q6,5.0,1
B00D3Y6A9U,4.0,1
B00HE56OM2,4.0,1
B00A767K6E,5.0,1
B00A75WFFG,5.0,1
B00A75LPO8,5.0,1
B00A75KWCE,5.0,1
B00D42LGFO,4.0,1
B00A75KSVY,5.0,1
B00A75KQSO,5.0,1
B00HE4TBFU,5.0,1
B00A75CEP2,5.0,1
B00HE56PAI,5.0,1
B00HE59YME,5.0,1
B00A76L3K8,5.0,1
B00HE5BTM2,5.0,1
B00D3YJV0U,5.0,1
B00D3ZHOHQ,5.0,1
B00HE5B76A,5.0,1
B00HE5B6PM,5.0,1
B00D3ZNUTM,5.0,1
B00A76LTC0,5.0,1
B00D41TG6Q,5.0,1
B00D32PO80,5.0,1
B00D32P6LK,5.0,1
B00J2EQRQG,5.0,1
B00D1IJUBI,5.0,1
B00J2EQ3T2,5.0,1
B00J2EQFB8,5.0,1
B00J2EQN56,5.0,1
B00D1L6V3K,5.0,1
B00D1H6W92,5.0,1
B00J2EQUCC,5.0,1
B00J2EQYOG,5.0,1
B00D1MR69M,5.0,1
B00D1MUV3U,4.0,1
B00D1OCNWK,5.0,1
B00D1OPZAM,5.0,1
B00J2F9O5Q,5.0,1
B00D1HI22C,5.0,1
B00J2G5JKY,4.0,1
B00D1DXPGY,5.0,1
B00A87ZBXQ,5.0,1
B00D1E1ZEW,5.0,1
B00J2EPYCE,5.0,1
B00D1EAZXY,4.0,1
B00A870ZK0,5.0,1
B00D1FE8VI,5.0,1
B00D1GSF0W,5.0,1
B00D1H3PM4,5.0,1
B00A8717CA,5.0,1
B00J2EQ0YA,5.0,1
B00HF3WL0W,5.0,1
B00D2CMWZY,4.0,1
B00A83NHEU,5.0,1
B00D204W8G,4.0,1
B00A845B34,5.0,1
B00D23747O,5.0,1
B00D26GP1M,5.0,1
B00D28SCSO,5.0,1
B00HF16WKE,5.0,1
B00D2BT33E,4.0,1
B00J2I2YNW,5.0,1
B00A83FX92,5.0,1
B00A839O1U,4.0,1
B00A839LN6,4.0,1
B00D2BVGWA,5.0,1
B00D2BWSYU,5.0,1
B00A82M94K,5.0,1
B00D2C1Q3I,5.0,1
B00HF13PE0,5.0,1
B00D1YPG1K,5.0,1
B00J2I2NYC,4.0,1
B00D1RBV6G,4.0,1
B00D1SPW10,4.0,1
B00D1T2EZG,5.0,1
B00D1V2Y86,4.0,1
B00A86AN1C,5.0,1
B00HF3W0LM,5.0,1
B00D1WQ77E,4.0,1
B00D1X693A,5.0,1
B00D1XCINK,5.0,1
B00D1XM1CI,5.0,1
B00J2I1X98,5.0,1
B00D1YH1U4,4.0,1
B00J2EAWUI,5.0,1
B00D14PW2S,5.0,1
B00D14OHS8,5.0,1
B00D14PHNW,4.0,1
B00A8LC0OU,5.0,1
B00A8LBVVS,5.0,1
B00A8L61DG,4.0,1
B00D14PW0A,4.0,1
B00J2AWDM2,5.0,1
B00D14OAUI,5.0,1
B00D14QEAW,5.0,1
B00J2CGFLA,5.0,1
B00D14R8L6,5.0,1
B00D14RQQS,5.0,1
B00D14TEYU,5.0,1
B00D14OEI6,5.0,1
B00D14OAGM,5.0,1
B00D14MPU0,4.0,1
B00D14KKNO,4.0,1
B00J2APBZS,5.0,1
B00D14KRPU,4.0,1
B00D14M7CQ,5.0,1
B00J2APF1S,4.0,1
B00J2ARMIW,5.0,1
B00D14NK9A,5.0,1
B00HFC1KEG,5.0,1
B00A8LO4PS,5.0,1
B00D14N52W,5.0,1
B00A8LD3IC,5.0,1
B00HFAI05U,4.0,1
B00D14W2GW,5.0,1
B00D15171W,5.0,1
B00A8K8OFU,4.0,1
B00J2E3MUK,4.0,1
B00A8EURQ0,4.0,1
B00A8DHD54,5.0,1
B00D1ACKL8,5.0,1
B00D1AMQ6W,5.0,1
B00A8DCEJE,5.0,1
B00A8C5LZ4,4.0,1
B00A8AVKN8,5.0,1
B00D1CMZ7A,5.0,1
B00D1CXCNG,5.0,1
B00A8A38F6,4.0,1
B00D19LM0E,5.0,1
B00HF9OPVY,5.0,1
B00D197K1E,5.0,1
B00A8JWJRA,5.0,1
B00D15GSPC,5.0,1
B00D15U5L0,4.0,1
B00A8JCJ5C,5.0,1
B00HFA9HA2,4.0,1
B00D17GRKQ,5.0,1
B00HFA99SC,5.0,1
B00D17H7NW,5.0,1
B00D17HELC,5.0,1
B00D17HNBI,5.0,1
B00J2JJYKC,5.0,1
B00D32DZQ8,4.0,1
B00A7SHCNI,5.0,1
B00A7U5SCI,5.0,1
B00A7TTEGA,5.0,1
B00J2QDVMM,5.0,1
B00D2SXBOY,5.0,1
B00D2TKI6M,5.0,1
B00HERF3QI,5.0,1
B00A7RS2ZQ,4.0,1
B00D2UJIE4,5.0,1
B00D2V0EP0,5.0,1
B00D2V2GTM,4.0,1
B00D2VWV2O,5.0,1
B00J2R8EIW,5.0,1
B00A7UDN3Y,5.0,1
B00D2PWBGG,5.0,1
B00HES5C8G,5.0,1
B00A7XB2IE,4.0,1
B00J2P7JY4,5.0,1
B00A7X1HAC,5.0,1
B00A7WVYSI,5.0,1
B00D2NURYQ,5.0,1
B00D2NUTFI,4.0,1
B00A7WPGRI,5.0,1
B00A7WILRK,5.0,1
B00D2NUTIA,5.0,1
B00J2PMQ4C,5.0,1
B00HERIC7K,5.0,1
B00D2OJSHM,5.0,1
B00D2OJSPE,5.0,1
B00A7VQZAQ,5.0,1
B00D2WJG8K,5.0,1
B00HEREI5U,5.0,1
B00A8238EK,5.0,1
B00A7P8TOC,5.0,1
B00D2ZNMRS,5.0,1
B00A7PO3M4,5.0,1
B00A7P9F0Y,5.0,1
B00HEPHQG0,5.0,1
B00D300FZ4,4.0,1
B00HEPCODU,5.0,1
B00D2ZAVGI,4.0,1
B00D304N3Y,4.0,1
B00D31004Y,5.0,1
B00A7P51E8,5.0,1
B00D31G9WG,5.0,1
B00D31RG7I,5.0,1
B00D32A3Q8,5.0,1
B00A7PUUZI,5.0,1
B00HEPKWMU,5.0,1
B00D2X6K24,5.0,1
B00HEREB98,5.0,1
B00D2Y31M0,5.0,1
B00D2YBIMK,5.0,1
B00A7R1K8C,5.0,1
B00A7R17JE,5.0,1
B00D2YH5HW,5.0,1
B00HEQDZ4Q,5.0,1
B00A7R0SBW,5.0,1
B00A7Q0E3U,5.0,1
B00A7R094S,5.0,1
B00A7R087Q,5.0,1
B00D2YM7CK,4.0,1
B00D2Z3TOY,5.0,1
B00A7QCFKA,5.0,1
B00D2Z6R6G,5.0,1
B00J2P6SDW,5.0,1
B00A7YEIOI,5.0,1
B00A81CPEA,4.0,1
B00D2GKMOS,5.0,1
B00D2H45P4,5.0,1
B00J2MJZ0I,4.0,1
B00HEWQNSA,4.0,1
B00HEW9PLW,5.0,1
B00J2N2IOW,5.0,1
B00HEW1178,5.0,1
B00HEVLFK2,4.0,1
B00HEV1OQC,5.0,1
B00D2HJS92,4.0,1
B00HEUWVUQ,5.0,1
B00A80T60M,5.0,1
B00J2LUZ9E,5.0,1
B00A7YOQL8,5.0,1
B00J2KQIUA,5.0,1
B00A82327S,5.0,1
B00D2CQJM6,4.0,1
B00D2CX3G6,5.0,1
B00D2CXSC0,5.0,1
B00HF0VR0U,5.0,1
B00J2JVZCC,5.0,1
B00D2CYC5W,4.0,1
B00D2D15NS,5.0,1
B00HF0LN0O,5.0,1
B00D2DLE3Y,5.0,1
B00HEZI5RY,5.0,1
B00J2L3C62,4.0,1
B00HEZ8WQS,5.0,1
B00HEY3MS2,5.0,1
B00HEXYFQQ,4.0,1
B00D2DE774,5.0,1
B00A80JAHG,5.0,1
B00D2LVDHS,5.0,1
B00J2P48XO,4.0,1
B00D2NGHKO,5.0,1
B00D2HK9QS,5.0,1
B00A7Z70EC,5.0,1
B00J2P4F5A,5.0,1
B00D2NND8S,5.0,1
B00A7YWA8O,5.0,1
B00HETCJ72,5.0,1
B00A7YTKJG,5.0,1
B00A7YRZM0,5.0,1
B00A7YPHVQ,5.0,1
B00A7ZQC3M,5.0,1
B00HETMD6E,5.0,1
B00A7ZSBQ8,5.0,1
B00D2LN8ZI,5.0,1
B00D2HOEUU,5.0,1
B00J2NGHEO,4.0,1
B00A807ZFU,5.0,1
B00A804JAE,5.0,1
B00J2NKZU6,5.0,1
B00A7ZZ8U0,5.0,1
B00D2INBQC,5.0,1
B00D2IO8XW,5.0,1
B00D2IRU5K,5.0,1
B00D2JRAK4,5.0,1
B00D2KCJP4,5.0,1
B00D2KL9XC,5.0,1
B00D2LGZJY,5.0,1
B00HEUMBP6,5.0,1
B00A6YVJ4G,4.0,1
B00J3AY40A,5.0,1
B00D14K7RI,5.0,1
B00A5L3XBW,5.0,1
B00HCLA3PM,5.0,1
B00D6JQ9KC,4.0,1
B00A5LV13O,5.0,1
B00D6KBSJ8,4.0,1
B00D6L1MG6,5.0,1
B00A5LTV8G,5.0,1
B00HCLB03Q,5.0,1
B00D6MBLUM,5.0,1
B00A5J7J4G,5.0,1
B00D6MZ5YU,5.0,1
B00HCKBDCU,5.0,1
B00D6NIXMU,4.0,1
B00A5MPPLM,5.0,1
B00D6J63EO,5.0,1
B00A5T47DM,5.0,1
B00D6H7YQ2,5.0,1
B00A5TNWH4,5.0,1
B00HCMA81A,5.0,1
B00A5TAT4S,5.0,1
B00A5T6RLM,5.0,1
B00A5T6KPU,5.0,1
B00D6H8AJM,5.0,1
B00A5T6KCS,5.0,1
B00A5QU5YA,5.0,1
B00D6J43DM,4.0,1
B00D6HC714,5.0,1
B00A5PHOL8,5.0,1
B00HCLLME8,5.0,1
B00A5MT5IG,5.0,1
B00J3XG2BQ,4.0,1
B00J3XOD1M,4.0,1
B00D6O2Z4Q,5.0,1
B00J442EFW,5.0,1
B00HCAFDJO,5.0,1
B00D6VIIQS,5.0,1
B00A5BV8T6,5.0,1
B00J3ZZO2C,5.0,1
B00HC9ZWCI,5.0,1
B00J4076V8,4.0,1
B00A5AKUH8,5.0,1
B00D6T42O2,5.0,1
B00D6X5JWM,4.0,1
B00J4121V2,5.0,1
B00A59CK7W,4.0,1
B00J4146W4,4.0,1
B00D6XW6DC,5.0,1
B00D6Y9W0Q,4.0,1
B00J417QGC,5.0,1
B00A5D73RK,5.0,1
B00D6T3YWS,5.0,1
B00A5ETEA8,5.0,1
B00A5HHDT4,5.0,1
B00J3Y4T4W,5.0,1
B00A5H5P0I,5.0,1
B00HCHRE5S,5.0,1
B00D6OLAUQ,4.0,1
B00A5GFE1E,5.0,1
B00HCEF1RY,5.0,1
B00D6PD562,4.0,1
B00A5ESMJC,5.0,1
B00D6PK3GC,5.0,1
B00D6RJV9A,5.0,1
B00A5EIV9I,5.0,1
B00D6S222C,5.0,1
B00HCMABDA,5.0,1
B00A5ZK7RQ,5.0,1
B00D68OO6Y,5.0,1
B00D69NKKO,5.0,1
B00D6AYLQU,4.0,1
B00A61BPRU,5.0,1
B00J3S7J90,5.0,1
B00A605XAG,4.0,1
B00A5ZZQKY,5.0,1
B00HCR34L6,5.0,1
B00A5ZK7HG,5.0,1
B00A5ZK7H6,5.0,1
B00A5ZEVDC,4.0,1
B00J3U0GSO,4.0,1
B00J3QK0R0,5.0,1
B00D67EPZ0,5.0,1
B00D64VGNM,5.0,1
B00D62P5YK,5.0,1
B00D62XVYQ,5.0,1
B00A622F3C,5.0,1
B00A622E8S,4.0,1
B00D63UYJU,5.0,1
B00D645LY2,5.0,1
B00D654OCQ,4.0,1
B00A622ATG,5.0,1
B00A622A6Y,5.0,1
B00A6229VU,5.0,1
B00D66FFHI,5.0,1
B00D66KT1K,4.0,1
B00A61QTTY,5.0,1
B00A5ZEM40,5.0,1
B00D6B87IC,4.0,1
B00D6BDF8Y,5.0,1
B00J3UGXZY,5.0,1
B00A5XUBVK,5.0,1
B00A5X6YUM,5.0,1
B00J3WDBCK,5.0,1
B00J3WDBES,4.0,1
B00A5X6SQ2,5.0,1
B00D6BDIP4,5.0,1
B00HCNDG4A,5.0,1
B00D6E80HM,5.0,1
B00HCMF7X4,5.0,1
B00A5VKDLK,5.0,1
B00A5V8QV4,5.0,1
B00D6FV6ZY,4.0,1
B00A5URVXO,5.0,1
B00HCNLZW0,5.0,1
B00HCNNIAC,5.0,1
B00HCNYWNY,5.0,1
B00A5Y39TU,5.0,1
B00D6BDIS6,5.0,1
B00D6BFDPC,4.0,1
B00A5ZEJJ8,4.0,1
B00A5ZECUE,5.0,1
B00D6BISDQ,5.0,1
B00A5YQB18,4.0,1
B00D6DCHQS,5.0,1
B00A5YCIUQ,4.0,1
B00HCP5PXS,5.0,1
B00A5YB51E,5.0,1
B00HCP35IU,5.0,1
B00J3UG1B0,5.0,1
B00A5Y4VHO,5.0,1
B00A5Y3ABW,5.0,1
B00D70M5BC,5.0,1
B00D62OMVM,5.0,1
B00A4M7TQC,5.0,1
B00D7K48VC,5.0,1
B00D7K533O,5.0,1
B00A4LHTO0,5.0,1
B00D7K5TGK,5.0,1
B00A4L84TY,4.0,1
B00D7L1FN0,4.0,1
B00D7LH70U,4.0,1
B00A4N3H2G,5.0,1
B00J4EULQG,5.0,1
B00D7MH2OU,5.0,1
B00HC142QS,5.0,1
B00D7NN5V8,5.0,1
B00D7K3RPA,5.0,1
B00HC053IU,5.0,1
B00A4NKHQU,5.0,1
B00D7G2O76,5.0,1
B00D7GF3GU,4.0,1
B00J4DOV40,5.0,1
B00D7GG32S,5.0,1
B00HC320GK,5.0,1
B00A4OD3LK,4.0,1
B00HC1RGBG,4.0,1
B00D7K1MPC,5.0,1
B00D7HZLTS,5.0,1
B00D7IAWX2,5.0,1
B00A4NED1K,5.0,1
B00D7IP4N0,4.0,1
B00D7J0OOS,5.0,1
B00D7J6VNG,4.0,1
B00A4J99OA,5.0,1
B00A4IW23Q,5.0,1
B00A58UK98,5.0,1
B00D7P16J4,4.0,1
B00D7R2K42,4.0,1
B00HBYB5GQ,5.0,1
B00D7SVV3W,5.0,1
B00A4EM6MW,4.0,1
B00D7SWPPA,5.0,1
B00D7SWUE6,5.0,1
B00A4FNFYE,5.0,1
B00A4EHWGC,5.0,1
B00D7T54VG,5.0,1
B00D7T5Y84,5.0,1
B00A4EFH5U,5.0,1
B00D7T74SW,5.0,1
B00A4ED568,4.0,1
B00A4ECVFY,5.0,1
B00HBYBC1Y,5.0,1
B00D7OLPO6,5.0,1
B00HBZTNXM,5.0,1
B00A4GYDWG,5.0,1
B00A4HLO4A,5.0,1
B00D7NNPT0,4.0,1
B00HBYF5NU,5.0,1
B00D7NTY54,4.0,1
B00A4H525W,5.0,1
B00A4H2TR6,5.0,1
B00HBYF526,5.0,1
B00A4FZQI2,5.0,1
B00D7O51KA,5.0,1
B00A4GPS5C,5.0,1
B00J4F1QMS,5.0,1
B00D7OG1FY,5.0,1
B00J4F2OGU,5.0,1
B00D7G1UAS,5.0,1
B00D7FZAX2,5.0,1
B00D7FWZFS,5.0,1
B00D76IN3A,5.0,1
B00D76INHQ,5.0,1
B00D76INPS,5.0,1
B00A53EXIW,5.0,1
B00A53EK2G,4.0,1
B00A52GSJA,5.0,1
B00A529WK2,5.0,1
B00HC9E5JY,5.0,1
B00HC8ZG20,5.0,1
B00A53SM6G,5.0,1
B00J477EOK,5.0,1
B00A527X5I,5.0,1
B00D76LG3Y,5.0,1
B00D77G4GM,5.0,1
B00J47HFUI,5.0,1
B00A51Z9IW,5.0,1
B00J48NIO4,5.0,1
B00A53M7BM,5.0,1
B00D76IFBK,5.0,1
B00HC4WRLM,5.0,1
B00D767HFK,5.0,1
B00D70Q1BC,5.0,1
B00D71FCFW,5.0,1
B00J44GORG,4.0,1
B00A56EUCS,4.0,1
B00A55MGOS,5.0,1
B00A53TYP4,5.0,1
B00A5555OG,4.0,1
B00D76DT2K,5.0,1
B00J44PX4Q,5.0,1
B00D76E82K,5.0,1
B00D76H5PM,5.0,1
B00A53WK3C,4.0,1
B00D76IBEG,5.0,1
B00D77G4IU,5.0,1
B00J48OK9Q,5.0,1
B00D7DE4RM,5.0,1
B00A4TTP12,4.0,1
B00A4SL6WO,5.0,1
B00D7DEC42,5.0,1
B00J49BV9W,5.0,1
B00HC8BMH8,5.0,1
B00J4B1TA6,4.0,1
B00A4S0KZS,5.0,1
B00HC6YYZM,4.0,1
B00D7F3DAE,5.0,1
B00A4Q4IBM,5.0,1
B00D7F9SH6,5.0,1
B00A4PDUSK,4.0,1
B00D7FI8I6,5.0,1
B00D7874RE,4.0,1
B00A50HFT4,5.0,1
B00J48QEWM,5.0,1
B00A5041WS,5.0,1
B00HC8OKQI,5.0,1
B00J48VG48,4.0,1
B00J493SP2,5.0,1
B00D7BZJ3C,4.0,1
B00HC8O9YQ,5.0,1
B00D7BZRB6,5.0,1
B00D7C5O3G,5.0,1
B00A4X0WWO,5.0,1
B00A4X0O6I,5.0,1
B00D7C8QNG,4.0,1
B00A62XKUO,5.0,1
B00D62KE6Y,5.0,1
B00D4OPSPG,4.0,1
B00D58PT1O,5.0,1
B00D58PXK6,5.0,1
B00D58Q9UE,5.0,1
B00A6R019M,5.0,1
B00D58QO72,5.0,1
B00D58QO7C,5.0,1
B00J3EM6D8,4.0,1
B00D58QOW2,5.0,1
B00D58QTYU,5.0,1
B00D58R3OU,5.0,1
B00D58ROVM,5.0,1
B00A6QAJYA,5.0,1
B00D58S510,5.0,1
B00A6P18N2,5.0,1
B00HDBC3X6,5.0,1
B00D58PG6W,5.0,1
B00D58PA9U,5.0,1
B00J3G8FWW,5.0,1
B00A6SS9FE,5.0,1
B00D58NXZI,5.0,1
B00HDHQQCE,5.0,1
B00A6S57IQ,5.0,1
B00HDH94K0,5.0,1
B00D58O22G,5.0,1
B00D58OAXC,4.0,1
B00D58OYD8,5.0,1
B00A6RYIBY,5.0,1
B00D58OJZG,4.0,1
B00A6RYGTS,5.0,1
B00J3DO4AW,5.0,1
B00D58OP2I,5.0,1
B00HDFVWSY,5.0,1
B00D58S7J0,5.0,1
B00D58S8US,5.0,1
B00HD94BOW,4.0,1
B00HD96QDQ,4.0,1
B00D58V5NA,5.0,1
B00HDADVOC,5.0,1
B00J3HMXZG,5.0,1
B00D58V7A6,5.0,1
B00D58VA2G,5.0,1
B00A6MUJEO,4.0,1
B00A6MSYS2,5.0,1
B00D58VBZC,5.0,1
B00D58UJUA,4.0,1
B00D58VC2Y,4.0,1
B00D58W59I,4.0,1
B00D58W5J8,5.0,1
B00D58W67E,4.0,1
B00D58WRJQ,5.0,1
B00D58WTVM,5.0,1
B00A6LGN90,5.0,1
B00A6KMNZO,5.0,1
B00D58URKC,5.0,1
B00D58UDK6,5.0,1
B00A6OZ5DC,5.0,1
B00J3GTFLW,5.0,1
B00D58SJHU,5.0,1
B00D58SPKG,5.0,1
B00D58TEXS,5.0,1
B00A6OCT0E,5.0,1
B00D58THY4,4.0,1
B00A6O6MM0,5.0,1
B00D58UCV6,5.0,1
B00A6O1CBG,5.0,1
B00J3H3SKU,4.0,1
B00HDAEQCS,5.0,1
B00D58U3WO,5.0,1
B00D58U6SU,5.0,1
B00D58UBMQ,5.0,1
B00A6SYISG,5.0,1
B00A6SZJLG,4.0,1
B00D53WN4U,5.0,1
B00A6W2DE8,5.0,1
B00A6VQEPI,5.0,1
B00D50XA1S,5.0,1
B00D52NISQ,4.0,1
B00A6VORDO,5.0,1
B00A6WHN6Q,5.0,1
B00D54CRLI,4.0,1
B00D54IF8C,5.0,1
B00A6VMZDI,4.0,1
B00D58IBX2,5.0,1
B00A6W8QE4,5.0,1
B00HDPQQN0,5.0,1
B00A6TA61S,5.0,1
B00A6XGXDY,5.0,1
B00J3B1RWW,4.0,1
B00HDQDDNU,5.0,1
B00D4OQ0S0,5.0,1
B00A6Y4IC6,5.0,1
B00HDPYFPG,5.0,1
B00A6X30HG,5.0,1
B00HDPUDQ6,5.0,1
B00D4UTHI4,4.0,1
B00A6WTKPS,5.0,1
B00D4V5TR6,5.0,1
B00D4VL8PI,5.0,1
B00D4ZYQ4O,5.0,1
B00D509WAQ,5.0,1
B00HDOC0KE,5.0,1
B00D58IO34,5.0,1
B00D58IVNM,4.0,1
B00J3C7MBG,5.0,1
B00A6U5I1U,5.0,1
B00A6U53JC,5.0,1
B00D58N9SE,5.0,1
B00D58NFQU,5.0,1
B00HDLBU0S,5.0,1
B00D58NIOE,5.0,1
B00D58NM04,5.0,1
B00D58J6OA,5.0,1
B00A6TQBI0,5.0,1
B00A6TNR5A,5.0,1
B00A6TKH3U,5.0,1
B00HDITNQE,5.0,1
B00D58NPGK,4.0,1
B00A6TDWQY,4.0,1
B00A6TD55W,5.0,1
B00A6U6Q2A,5.0,1
B00D58MWDC,4.0,1
B00A6UB0OY,4.0,1
B00A6UCR0A,5.0,1
B00D58J8BG,5.0,1
B00D58JKVY,5.0,1
B00D58JNCU,5.0,1
B00D58JVEU,5.0,1
B00A6UXKCO,5.0,1
B00D58K4Y6,5.0,1
B00A6UOS8O,5.0,1
B00D58KF0Y,5.0,1
B00D58KF22,5.0,1
B00D58LIL4,5.0,1
B00HDO38MI,5.0,1
B00D58M33Q,5.0,1
B00HDNB9SY,5.0,1
B00D58MBXS,5.0,1
B00D58WZC0,5.0,1
B00HD93OVS,4.0,1
B00A62YS6Y,5.0,1
B00J3K4F4A,5.0,1
B00J3IRWN8,5.0,1
B00J3JCS3Q,5.0,1
B00HCZJ8GI,5.0,1
B00A69PTHY,5.0,1
B00HCZ5OF2,5.0,1
B00A69CGSE,5.0,1
B00D5UMZLY,5.0,1
B00D5V4K98,5.0,1
B00HCY76IQ,5.0,1
B00D5V69X8,5.0,1
B00A66HU1U,4.0,1
B00HD0VTAA,5.0,1
B00A6DOD22,5.0,1
B00A6F5H7K,5.0,1
B00A6F058G,5.0,1
B00HD2D71M,5.0,1
B00D5PD0CM,5.0,1
B00A6EM2JW,4.0,1
B00D5PD0FY,4.0,1
B00A6DQEGU,5.0,1
B00D5PD0J0,5.0,1
B00A6B596S,4.0,1
B00D5PD0TA,4.0,1
B00A6D8846,5.0,1
B00HD2CU24,5.0,1
B00A6D1CS0,4.0,1
B00A6BNHQW,5.0,1
B00A6B9B0I,5.0,1
B00D5VJMOG,5.0,1
B00D58X5ME,4.0,1
B00D5ZY616,5.0,1
B00HCVPR44,5.0,1
B00D5Y03EQ,5.0,1
B00HCT9F5S,5.0,1
B00D5YKYWW,5.0,1
B00D5YRZSI,5.0,1
B00A63HKRW,5.0,1
B00D5Z8G12,5.0,1
B00D5ZZJ9O,5.0,1
B00D5X8HVS,5.0,1
B00A631GZ4,4.0,1
B00D605SZ8,5.0,1
B00D607JDW,5.0,1
B00D60RHCU,5.0,1
B00D5XIFMY,5.0,1
B00D5X2J9Y,5.0,1
B00D5VN1Z2,5.0,1
B00A6603UK,5.0,1
B00D5WCVPM,5.0,1
B00D5WUNSE,5.0,1
B00J3KCLIC,4.0,1
B00A64AQH2,5.0,1
B00A645BB8,5.0,1
B00D5X1FL2,5.0,1
B00J3MEY4Y,5.0,1
B00D5X1UHG,5.0,1
B00A63Q3J8,5.0,1
B00J3N90JC,5.0,1
B00A6F6616,5.0,1
B00D5PD09K,4.0,1
B00A6HXEIW,5.0,1
B00J3HPOX4,4.0,1
B00D5CL8TW,4.0,1
B00D5CL8UQ,4.0,1
B00J3I50OQ,5.0,1
B00A6I2BBW,5.0,1
B00A6I02B8,5.0,1
B00A6HRMZ8,5.0,1
B00J3HO6V0,5.0,1
B00A6HO5TO,4.0,1
B00A6H48SW,5.0,1
B00A6H2EQA,5.0,1
B00J3I6BQM,5.0,1
B00A6GZBES,5.0,1
B00D5DO84I,4.0,1
B00A6GVF52,5.0,1
B00A6IKXGM,4.0,1
B00D5PD02M,5.0,1
B00A6JXW8C,4.0,1
B00D58XAWO,5.0,1
B00D58XP24,4.0,1
B00D58XSW6,4.0,1
B00D58XV78,5.0,1
B00A6KAEBY,5.0,1
B00D58XWZE,5.0,1
B00D58Y0AU,5.0,1
B00A6JZG9U,5.0,1
B00J3HO49O,5.0,1
B00D58YFGY,5.0,1
B00D58YHXU,5.0,1
B00A6JHR88,5.0,1
B00D58YU4G,5.0,1
B00A6J8PRA,5.0,1
B00A6IPLCS,5.0,1
B00D58YV90,4.0,1
B00D5FB0P6,5.0,1
B00A6GSXH0,5.0,1
B00D5N9WAI,5.0,1
B00A6G2BOG,5.0,1
B00D5LBY42,5.0,1
B00HD2QMMI,5.0,1
B00A6G0P4O,5.0,1
B00A6G0NSW,5.0,1
B00A6G0NKK,5.0,1
B00A6FMGRE,5.0,1
B00D5FW82K,5.0,1
B00D5PCZWS,4.0,1
B00D5PCZZ0,4.0,1
B00D5PCZZA,5.0,1
B00A6FHKO8,4.0,1
B00A6FE4HE,5.0,1
B00A6FDK1K,5.0,1
B00HD3280M,4.0,1
B00A6G7GXC,5.0,1
B00HD6PN1U,5.0,1
B00D5GUL5K,5.0,1
B00D5GVPMS,5.0,1
B00A6GI780,5.0,1
B00D5HSYZS,5.0,1
B00A6GDFNC,5.0,1
B00A6GBA6G,4.0,1
B00A6G8YEM,5.0,1
B00HD5WKNA,5.0,1
B00HFC1KKU,5.0,1
B00D14K6O2,5.0,1
B00CTT8N2W,4.0,1
B00AAXHBDQ,5.0,1
B00AAYFK06,5.0,1
B00AAYEW8C,5.0,1
B00AAYDQV6,5.0,1
B00AAY856M,5.0,1
B00CWU290U,4.0,1
B00AAXGML8,5.0,1
B00AAXF89K,4.0,1
B00CWU73C4,5.0,1
B00AAVY1MC,5.0,1
B00HHCOS2U,5.0,1
B00AAYFLJ6,5.0,1
B00CWSNNLQ,5.0,1
B00CWW9L5E,5.0,1
B00CWP6AU0,5.0,1
B00CWM9LMW,5.0,1
B00CWMU1CQ,5.0,1
B00AAZACUI,5.0,1
B00AAZ9QA0,5.0,1
B00AAZ5R8K,5.0,1
B00AAZ1SSS,5.0,1
B00AAZ1PHW,5.0,1
B00CWSNMR6,5.0,1
B00CWR3AG0,5.0,1
B00IZR0ZSW,5.0,1
B00AAZ0A14,4.0,1
B00CWR7A0M,5.0,1
B00CWRAF90,5.0,1
B00CWRRUL6,5.0,1
B00AAYQWTE,5.0,1
B00CWWH8IG,5.0,1
B00AATKB3C,4.0,1
B00HH8ZVQQ,5.0,1
B00IZTJ75M,5.0,1
B00CX9QZBY,5.0,1
B00CX9XUE4,5.0,1
B00AATKJKW,5.0,1
B00IZU5FUC,5.0,1
B00CXADR14,5.0,1
B00IZVXUK8,5.0,1
B00HH64G9Q,4.0,1
B00AATKB96,5.0,1
B00HH96FTM,5.0,1
B00CX8P96W,5.0,1
B00AATPTDY,5.0,1
B00CX2BHXW,5.0,1
B00CX3UX0O,5.0,1
B00CX4D1PM,5.0,1
B00HHAW48W,5.0,1
B00CX5APHS,5.0,1
B00AATMJFU,4.0,1
B00AATMFDQ,5.0,1
B00AATMF36,5.0,1
B00AATKRG8,4.0,1
B00CX6Q5DK,5.0,1
B00CWM6UYY,5.0,1
B00CWM04LY,5.0,1
B00CWD0ZOE,5.0,1
B00HHCPHNO,5.0,1
B00AB3JEIK,5.0,1
B00CWCSG6E,5.0,1
B00IZNZU5E,4.0,1
B00HHCP9N2,4.0,1
B00CWD2N9Y,5.0,1
B00CWA8FN0,5.0,1
B00AB2CED8,5.0,1
B00AB2BIM6,5.0,1
B00HHCP11W,5.0,1
B00CWDEQW6,5.0,1
B00CWDLMNM,5.0,1
B00CWE5V5Q,5.0,1
B00CWE5WLO,5.0,1
B00HHDD5PA,5.0,1
B00AB3OM2I,5.0,1
B00IZPFVTC,5.0,1
B00CW91P1A,4.0,1
B00AB4K6ZO,4.0,1
B00AB45TUQ,5.0,1
B00CW8V200,5.0,1
B00AB43N8Q,5.0,1
B00AB43N68,5.0,1
B00CW8WN0I,5.0,1
B00AB414X2,4.0,1
B00AB3WXB0,4.0,1
B00IZN5QBM,4.0,1
B00CW9UORQ,5.0,1
B00CW92WK8,5.0,1
B00CW95XAO,5.0,1
B00CW99P7G,4.0,1
B00HHEBZYC,5.0,1
B00AB3S1UW,5.0,1
B00CW9DNI8,5.0,1
B00CWE60OC,5.0,1
B00AB2791K,5.0,1
B00AB0MB6A,4.0,1
B00CWHCWKU,5.0,1
B00CWI0ZEE,4.0,1
B00AB0NIVM,4.0,1
B00AB0NEBQ,5.0,1
B00AB0MVV0,5.0,1
B00CWE7PBY,5.0,1
B00HHCOZFA,5.0,1
B00AB0I6Q4,5.0,1
B00CWJZK70,5.0,1
B00CWK42S2,5.0,1
B00IZPE0EO,5.0,1
B00CWHAD8S,5.0,1
B00AB0SFJ2,5.0,1
B00CWGM9HW,5.0,1
B00CWGI3CC,5.0,1
B00IZOQXN6,4.0,1
B00CWE8DWY,5.0,1
B00AB1ERT8,5.0,1
B00AB1DHGM,5.0,1
B00CWEDR98,5.0,1
B00IZOSQ18,5.0,1
B00AB149R8,5.0,1
B00IZOTI60,5.0,1
B00CWEI0OU,5.0,1
B00CWEMEA6,5.0,1
B00CWEY7PG,5.0,1
B00CWF5JKW,4.0,1
B00AB0UFFE,5.0,1
B00HH62LHU,5.0,1
B00HH5DBXO,5.0,1
B00AAOY2C8,5.0,1
B00J0AIQE8,5.0,1
B00CXX8SD8,5.0,1
B00CXX9C6A,5.0,1
B00J0AJ6T2,5.0,1
B00CXX9KLC,5.0,1
B00AAOKU0Q,4.0,1
B00HGVFZ10,5.0,1
B00CXWZWQK,5.0,1
B00CXXB2LS,5.0,1
B00AAOH0LS,5.0,1
B00AAOEQ10,5.0,1
B00CXXH118,5.0,1
B00J0ALSW0,5.0,1
B00HGU7DRA,4.0,1
B00AAO0HFE,5.0,1
B00CXWZK30,4.0,1
B00HGTPMH4,4.0,1
B00CXW18PE,5.0,1
B00J04JGDY,4.0,1
B00J04MMEE,5.0,1
B00J04MSMU,4.0,1
B00CXVVP30,5.0,1
B00J04POZ8,4.0,1
B00CXW1CKU,5.0,1
B00CXWZ33W,5.0,1
B00CXWIUNW,5.0,1
B00CXWN7AI,5.0,1
B00HGXLFE4,5.0,1
B00J0A448K,5.0,1
B00J0AHHIE,5.0,1
B00CXXO1J8,4.0,1
B00CXYIF3K,5.0,1
B00HH5D7ZG,5.0,1
B00J0C49EW,5.0,1
B00J0DD5S2,4.0,1
B00J0DVTVM,5.0,1
B00AALHQX8,5.0,1
B00CY3TBM4,5.0,1
B00CY45EEM,5.0,1
B00AAM41YE,4.0,1
B00CY4IPLQ,4.0,1
B00CY5M6A6,5.0,1
B00CY897NM,5.0,1
B00CY8GQLI,5.0,1
B00AAL8POW,5.0,1
B00J0EDF1I,5.0,1
B00AAM3T2E,4.0,1
B00J0BRC4M,5.0,1
B00AANJSAA,5.0,1
B00CY1EWKW,5.0,1
B00AANGE8O,5.0,1
B00CXZHSNW,5.0,1
B00AAMQ45S,5.0,1
B00HGTAGC0,5.0,1
B00CXZKAZA,5.0,1
B00AAMN10E,5.0,1
B00CXZTDK8,5.0,1
B00AAML9T4,5.0,1
B00J0BJ6DM,5.0,1
B00CY1K4Q8,4.0,1
B00AAMAYJA,5.0,1
B00HGSKGC6,5.0,1
B00HGSC656,5.0,1
B00AAM4EU0,5.0,1
B00HGRVYPA,5.0,1
B00AAM45N6,4.0,1
B00CY298N2,5.0,1
B00CXU8BRO,5.0,1
B00AAPOD44,5.0,1
B00AAT09A2,4.0,1
B00AATHKPE,5.0,1
B00CXE2626,5.0,1
B00CXEP7RC,5.0,1
B00AASRG86,5.0,1
B00HH23W1I,5.0,1
B00AASMBV8,5.0,1
B00HH1DVII,5.0,1
B00AASB7Q8,5.0,1
B00AAS2XIE,5.0,1
B00AATJQ10,5.0,1
B00AAQ2840,5.0,1
B00AATK31W,5.0,1
B00HH4QU10,5.0,1
B00CXAE0J2,5.0,1
B00CXAECL8,5.0,1
B00CXAEDDK,5.0,1
B00HH4NB2G,5.0,1
B00CXALYXW,5.0,1
B00IZYX6H2,5.0,1
B00CXBDZVA,5.0,1
B00CXBLKMQ,4.0,1
B00CXBM52K,5.0,1
B00AATJTIK,5.0,1
B00CXCT842,5.0,1
B00CXGGHHY,5.0,1
B00AARTNXS,5.0,1
B00CXGGHXI,5.0,1
B00AAQ9WIA,5.0,1
B00CXL97H6,5.0,1
B00AAQXT02,5.0,1
B00CXLJ4VA,4.0,1
B00CXLJ7WG,5.0,1
B00HH0A0NS,4.0,1
B00J03FHI8,5.0,1
B00HH13LP6,4.0,1
B00HH08EA4,5.0,1
B00J03X41A,5.0,1
B00CXNRM2G,5.0,1
B00CXO7P2W,5.0,1
B00CXOJ2FK,4.0,1
B00CXL4AAK,5.0,1
B00CXKSILS,5.0,1
B00CXKP6AY,4.0,1
B00CXKDHPA,5.0,1
B00CXGGJNG,5.0,1
B00HH0YKI4,5.0,1
B00HH0SHII,5.0,1
B00HH0CQAI,5.0,1
B00CXGGO0O,5.0,1
B00CXGGQ8E,5.0,1
B00CXGGSKU,5.0,1
B00CXGGTCW,5.0,1
B00AARAJP4,5.0,1
B00CXK33I6,5.0,1
B00CXK39JY,5.0,1
B00CXK6BH6,4.0,1
B00AB4ZTEW,5.0,1
B00AAL255C,5.0,1
B00ABPKOT6,5.0,1
B00ABOY9AC,5.0,1
B00ABOXY7G,5.0,1
B00CUOA82O,4.0,1
B00CUOBAVW,5.0,1
B00CUP62JQ,5.0,1
B00IZESW9Y,5.0,1
B00CUQIEN2,5.0,1
B00ABOXMX2,5.0,1
B00ABOXLU6,5.0,1
B00CUQIHF2,5.0,1
B00ABOQPZ4,5.0,1
B00CUQIKL8,5.0,1
B00CUJ2FJS,5.0,1
B00CUQIR7A,5.0,1
B00HHZSLQG,5.0,1
B00ABUJVFO,4.0,1
B00ABTV7WU,4.0,1
B00ABTQKWW,5.0,1
B00ABTL0WW,5.0,1
B00CUGP3OA,5.0,1
B00HHYWTFG,5.0,1
B00ABRWWSA,5.0,1
B00HHYPLGK,5.0,1
B00ABT4JO8,4.0,1
B00ABSIV2A,5.0,1
B00ABN772U,5.0,1
B00ABK4J4C,5.0,1
B00CUYC5NY,4.0,1
B00HHUJRKA,5.0,1
B00CV0YL5W,4.0,1
B00CV1GPTQ,5.0,1
B00ABKLHYC,5.0,1
B00HHU3HGU,5.0,1
B00ABK4MGW,4.0,1
B00HHVMM06,5.0,1
B00CV1RTX2,5.0,1
B00ABK4KUA,5.0,1
B00ABK4JLU,5.0,1
B00CV1S9O0,5.0,1
B00CV1T5AW,5.0,1
B00HHTYZJE,5.0,1
B00ABL3E2O,5.0,1
B00ABM07TQ,5.0,1
B00ABMZIO0,5.0,1
B00CUSRXZK,5.0,1
B00CURF56K,5.0,1
B00CUS94DE,5.0,1
B00CUSPA78,5.0,1
B00ABMWM3A,5.0,1
B00IZFH14K,5.0,1
B00ABMTX0U,4.0,1
B00ABMRTTW,4.0,1
B00ABMLZGU,5.0,1
B00CUTW1NS,5.0,1
B00CUTWWEG,5.0,1
B00CUUCQ14,5.0,1
B00ABM9TZY,4.0,1
B00CUVC4XI,5.0,1
B00ABUOEOM,5.0,1
B00CUGNXMO,5.0,1
B00CTVTWCA,5.0,1
B00HI2KK26,4.0,1
B00CTYJ736,5.0,1
B00CTZF33I,5.0,1
B00CU003W8,5.0,1
B00ABZLBK2,5.0,1
B00IZAAK16,5.0,1
B00AC2K2ZE,5.0,1
B00CU2FRDG,5.0,1
B00CU3AUP0,5.0,1
B00ABYHZ6W,5.0,1
B00CU3LPEK,5.0,1
B00CU3XATS,5.0,1
B00ABY5AUK,4.0,1
B00CU3XCR8,4.0,1
B00IZAH67W,4.0,1
B00AC2J2X2,5.0,1
B00AC2KAI8,5.0,1
B00CUGNRNY,5.0,1
B00CTUTWAI,5.0,1
B00IZ9O8WE,5.0,1
B00CTTJH04,5.0,1
B00CTTLVTY,5.0,1
B00AC2LJDS,5.0,1
B00CTTMCWY,5.0,1
B00HI3KBJ2,5.0,1
B00AC2L6Q8,5.0,1
B00CTUWE1M,5.0,1
B00IZ9W5CY,5.0,1
B00AC2KJGG,5.0,1
B00IZA3VYE,5.0,1
B00CTUUDZ6,5.0,1
B00CTUUMAW,5.0,1
B00ABXLRVM,5.0,1
B00CU4Y000,5.0,1
B00HI1F9WS,5.0,1
B00ABW7X52,4.0,1
B00ABWWMLC,5.0,1
B00IZCT8P8,5.0,1
B00CU5QNEU,5.0,1
B00IZCXX5Y,5.0,1
B00CU6V4SE,4.0,1
B00CU9IJJ8,5.0,1
B00CU9Y2NA,5.0,1
B00ABW21PO,4.0,1
B00ABV59JA,5.0,1
B00CUF67GE,5.0,1
B00CUF8OZ6,4.0,1
B00IZCMPE4,5.0,1
B00ABX9Y5S,5.0,1
B00ABXA16Y,5.0,1
B00CU5D3UW,5.0,1
B00HI18MRM,5.0,1
B00ABXK4PC,5.0,1
B00ABXHHNY,5.0,1
B00ABXE0PC,4.0,1
B00ABXDX32,5.0,1
B00ABXDALC,5.0,1
B00ABXC9YG,5.0,1
B00ABXBGA4,5.0,1
B00ABXAWAO,5.0,1
B00ABXAV28,5.0,1
B00CU5B56Q,5.0,1
B00ABXACMM,5.0,1
B00CV1TEV2,5.0,1
B00AB5EKUA,5.0,1
B00CVV2C9I,4.0,1
B00CVTJM4I,5.0,1
B00ABA3EW0,4.0,1
B00HHGR64S,5.0,1
B00AB9ZX1G,5.0,1
B00CVUYSZ0,5.0,1
B00AB9ZMU8,4.0,1
B00AB9WX14,5.0,1
B00CVV0EJI,5.0,1
B00CVVI90O,5.0,1
B00AB9G7B6,5.0,1
B00AB9BCZW,4.0,1
B00AB9AB7M,5.0,1
B00AB8KOS4,5.0,1
B00HHGPL2W,5.0,1
B00CVT6ZU2,5.0,1
B00CVPE9XQ,5.0,1
B00AB7LBV4,5.0,1
B00IZJ3RBM,5.0,1
B00HHISF6O,5.0,1
B00IZHGP86,5.0,1
B00CVJ7G14,5.0,1
B00IZHM9AE,5.0,1
B00CVK1KV0,5.0,1
B00IZKZ2MI,5.0,1
B00CVPCBZ4,5.0,1
B00CVKRC58,4.0,1
B00IZL4B1U,4.0,1
B00CVLJNHC,5.0,1
B00CVOW5P6,5.0,1
B00HHH5TG4,4.0,1
B00AB7N13A,4.0,1
B00CV1U5IS,5.0,1
B00AB613G8,4.0,1
B00CW5VH3K,5.0,1
B00AB6C36C,5.0,1
B00CW7DDP8,4.0,1
B00CW7MZQG,4.0,1
B00CW7PW9I,5.0,1
B00HHFKX9O,5.0,1
B00CW5CRNY,4.0,1
B00HHFBH6C,5.0,1
B00IZMQ1Y4,5.0,1
B00CW81M2S,5.0,1
B00CW8SX7K,4.0,1
B00HHEE6WA,5.0,1
B00AB79E8Q,5.0,1
B00IZM864C,4.0,1
B00CW0YTU8,5.0,1
B00CVZ2K00,5.0,1
B00CVZH4XS,5.0,1
B00CVZN6OY,5.0,1
B00CVZU0KC,4.0,1
B00CVZWJWO,5.0,1
B00CW057K4,5.0,1
B00CW0OJE4,5.0,1
B00CW0RSHO,5.0,1
B00CW1QZWM,5.0,1
B00AB7AVLU,5.0,1
B00IZLUI2Q,5.0,1
B00IZLVHTY,5.0,1
B00AB7JBT8,4.0,1
B00IZLVVU4,4.0,1
B00CW4ME6A,5.0,1
B00CW4MFF0,5.0,1
B00AB7CQFE,4.0,1
B00CVIYJVA,5.0,1
B00CVIYA00,4.0,1
B00IZHF4U6,5.0,1
B00CV2T7S6,5.0,1
B00CV3N6VY,5.0,1
B00CV3VFO4,5.0,1
B00ABJB82O,5.0,1
B00CV84NW0,5.0,1
B00CV87PH0,5.0,1
B00CV2N2RI,5.0,1
B00CV8V2RY,5.0,1
B00ABI86F2,4.0,1
B00ABI7Q8K,5.0,1
B00ABHG3MG,5.0,1
B00CV8Z5YK,5.0,1
B00HHNH3QW,4.0,1
B00CV2RIZ0,5.0,1
B00CV290N8,5.0,1
B00CVI3X4O,5.0,1
B00CV1ZFNS,5.0,1
B00IZGHM4S,5.0,1
B00CV1UEDY,5.0,1
B00CV1UYPC,5.0,1
B00CV1Z9F2,5.0,1
B00ABK48IE,5.0,1
B00HHQ8372,5.0,1
B00ABJV7NE,4.0,1
B00ABJBHTS,4.0,1
B00HHNH3BW,5.0,1
B00HHMYC0I,5.0,1
B00CVF8C2A,5.0,1
B00IZH4OX4,5.0,1
B00ABD2360,4.0,1
B00ABD14NS,5.0,1
B00CVELCV4,5.0,1
B00ABD0E3O,5.0,1
B00ABD08RQ,5.0,1
B00CVELGME,4.0,1
B00CVA9NFK,5.0,1
B00HHKT00M,4.0,1
B00HHKKI26,5.0,1
B00CVFZI9K,5.0,1
B00HHKC55O,4.0,1
B00IZHEU6K,5.0,1
B00IZHEV7S,5.0,1
B00HHJXB2Q,4.0,1
B00ABDKCJK,4.0,1
B00ABDLHPS,5.0,1
B00CVE97WK,4.0,1
B00ABDZZ60,5.0,1
B00CVAIWCU,5.0,1
B00CVB7AQ8,5.0,1
B00ABFNWK4,5.0,1
B00CVBFDB2,5.0,1
B00IZGM9WI,4.0,1
B00ABF2BW4,5.0,1
B00HHMYBU4,4.0,1
B00HHLTRJA,5.0,1
B00CVBM2LG,5.0,1
B00CVD4RGW,5.0,1
B00CVDDZ38,5.0,1
B00ABE0OII,5.0,1
B00CVDESSO,5.0,1
B00AAL3N4E,5.0,1
B00D14JT68,5.0,1
B00A98E0IQ,5.0,1
B00A97YG9U,4.0,1
B00A97TIX4,5.0,1
B00A97NPTM,5.0,1
B00D0XB1T8,5.0,1
B00A97LMXS,5.0,1
B00A979BKY,5.0,1
B00D0WA9LA,4.0,1
B00HFRGX02,5.0,1
B00D0XIZKQ,5.0,1
B00D0XPG6W,4.0,1
B00D0YVPQQ,5.0,1
B00A965MG2,5.0,1
B00A991ESO,4.0,1
B00A991WTA,5.0,1
B00A9AJK2K,5.0,1
B00D0SRUCU,5.0,1
B00D0SWOXK,5.0,1
B00A9BIR5K,5.0,1
B00D0TGRCI,4.0,1
B00A9AO8AE,5.0,1
B00HFT49P6,5.0,1
B00HFSA1TA,4.0,1
B00D0U6V4G,5.0,1
B00D0UM0LY,4.0,1
B00D0UMUKK,5.0,1
B00A99G812,5.0,1
B00D0VMJIW,5.0,1
B00D10JL1K,4.0,1
B00A917MTM,5.0,1
B00HFOA1C6,5.0,1
B00D13BGK6,5.0,1
B00D13BSQS,4.0,1
B00D13C0GA,5.0,1
B00D13C9V6,4.0,1
B00D13CPB0,5.0,1
B00D13CV4G,5.0,1
B00J1PX1XS,5.0,1
B00A92WAW0,5.0,1
B00A92SJUC,4.0,1
B00A92OYBA,5.0,1
B00D13DK5U,5.0,1
B00HFMR176,5.0,1
B00D13DSLG,5.0,1
B00A93WZOM,5.0,1
B00HFORPXY,4.0,1
B00HFP3IG6,5.0,1
B00D10K060,4.0,1
B00J1P5ZC8,4.0,1
B00D10P05G,5.0,1
B00A95Q0ZU,5.0,1
B00A94UXNG,5.0,1
B00D10PRMM,5.0,1
B00A94DTR8,5.0,1
B00A948LYY,5.0,1
B00D128X7G,4.0,1
B00D128Y4I,5.0,1
B00D0S3CK4,5.0,1
B00A9CD9R0,4.0,1
B00J1NXLLM,5.0,1
B00D0NNBA0,5.0,1
B00A9NLOL2,5.0,1
B00A9NKVNY,5.0,1
B00D0NN7UE,5.0,1
B00D0NN9D4,5.0,1
B00D0NNAGA,5.0,1
B00HFTWLS8,5.0,1
B00HFTWJEY,4.0,1
B00D0NN7T0,5.0,1
B00D0NNG8W,5.0,1
B00A9NJWG6,5.0,1
B00A9NJHV6,5.0,1
B00A9NCMRM,5.0,1
B00D0NNN26,5.0,1
B00A9NMBI2,5.0,1
B00J1CQN0O,5.0,1
B00D0NMKS4,5.0,1
B00D0NMLQ0,5.0,1
B00D0NMMS2,5.0,1
B00D0NMMVO,5.0,1
B00D0NMNKY,4.0,1
B00D0NMQN8,5.0,1
B00A9OWPP0,5.0,1
B00D0NN5S8,5.0,1
B00D0NMRAK,5.0,1
B00D0NMTEO,5.0,1
B00J1AZUM8,5.0,1
B00A9OL9W0,5.0,1
B00D0NMUD4,5.0,1
B00D0NMV9C,5.0,1
B00D0NN25O,5.0,1
B00D0NN4D4,5.0,1
B00A9MP3WE,5.0,1
B00A9HX7I6,5.0,1
B00D0NPHAW,5.0,1
B00D0NPHFM,5.0,1
B00A9I1HRI,5.0,1
B00A9I1BKQ,4.0,1
B00A9I14IU,5.0,1
B00D0NPHW0,5.0,1
B00A9HRFRA,5.0,1
B00A9HKK1I,5.0,1
B00D0REJNO,5.0,1
B00D0RJ8WQ,5.0,1
B00A9EIFEU,5.0,1
B00A9DX6GS,4.0,1
B00D0S0A68,5.0,1
B00D0NPEBO,5.0,1
B00D0NP5YU,4.0,1
B00HFTHHRI,5.0,1
B00A9JLCJA,4.0,1
B00J1DTQLG,5.0,1
B00D0NO1EU,5.0,1
B00J1LP9IC,5.0,1
B00D0NO1I6,5.0,1
B00A9M6XSW,5.0,1
B00A9LUX6G,4.0,1
B00D0NO1KE,5.0,1
B00D0NO492,5.0,1
B00D0NO4TC,5.0,1
B00A9JUSUY,5.0,1
B00A9JTSDW,5.0,1
B00A9JQNOY,5.0,1
B00D0NOE7E,5.0,1
B00D0NOGVS,5.0,1
B00D0NOQXG,4.0,1
B00D0NP4EQ,4.0,1
B00D13E13A,5.0,1
B00A917MRO,5.0,1
B00D0NMFCA,5.0,1
B00A8OE1KI,5.0,1
B00D147OLA,5.0,1
B00D147TT2,5.0,1
B00A8OCD30,5.0,1
B00HFDNPJS,5.0,1
B00D1477Q2,5.0,1
B00J27P9KI,5.0,1
B00D14948Q,5.0,1
B00D149HKG,5.0,1
B00J27PHDW,5.0,1
B00A8NVBRA,5.0,1
B00J28HFP4,5.0,1
B00D149OU4,5.0,1
B00D147G5E,5.0,1
B00J22KGGU,4.0,1
B00HFCXUPI,5.0,1
B00D146XLC,5.0,1
B00D145JK8,5.0,1
B00J1Z3EL2,5.0,1
B00HFE7O6C,5.0,1
B00D145TTY,5.0,1
B00D146HH2,5.0,1
B00J22CAPK,4.0,1
B00D146ZN8,4.0,1
B00A8P636M,5.0,1
B00A8OTGF8,5.0,1
B00A8OOPWM,5.0,1
B00A8OOOF0,5.0,1
B00J20O366,4.0,1
B00D149VQ6,5.0,1
B00A8NVAVM,5.0,1
B00A917LKM,5.0,1
B00D14I27K,5.0,1
B00D14FQX8,4.0,1
B00D14FQYM,5.0,1
B00D14GAOC,5.0,1
B00D14GTPM,5.0,1
B00D14HBBI,5.0,1
B00D14HYQ0,5.0,1
B00A8N6OCM,5.0,1
B00HFCGH80,5.0,1
B00D14IUWC,4.0,1
B00D14FAHA,5.0,1
B00A8MVS9C,5.0,1
B00J2AP8P6,5.0,1
B00D14JKCQ,5.0,1
B00J2AP9OG,5.0,1
B00HFC76J4,5.0,1
B00J2APAEU,5.0,1
B00D14JPI0,4.0,1
B00D14FNJA,5.0,1
B00HFCGHX0,5.0,1
B00J2A6QFC,5.0,1
B00A8NV8B4,5.0,1
B00D14AGII,5.0,1
B00D14AM0K,5.0,1
B00A8NV9AE,5.0,1
B00D14AMDW,4.0,1
B00D14AS40,5.0,1
B00D14AWPK,5.0,1
B00A8NV7YC,5.0,1
B00D14EJ68,4.0,1
B00J2AP7RU,5.0,1
B00A8NUNHE,5.0,1
B00D14CIQG,5.0,1
B00D14DMW0,5.0,1
B00D14DTXW,5.0,1
B00D14DTZU,5.0,1
B00HFCGICU,4.0,1
B00D144GMU,5.0,1
B00A8UXCAC,5.0,1
B00HFHZDL2,5.0,1
B00HFHCFEU,5.0,1
B00HFH8MWO,5.0,1
B00A8VSFBC,5.0,1
B00A8VRRAM,5.0,1
B00D13FWGK,5.0,1
B00A8VUR5E,5.0,1
B00A8TY3TM,5.0,1
B00D13G01Q,5.0,1
B00A8T7Y3Y,5.0,1
B00D13G1MO,5.0,1
B00A8SDDBM,5.0,1
B00A8S8NIU,5.0,1
B00J1UHLIY,5.0,1
B00D13FGES,4.0,1
B00D142RJO,5.0,1
B00HFKV83Q,5.0,1
B00A917KH6,5.0,1
B00HFMI0QM,4.0,1
B00J1QGLGG,5.0,1
B00HFLI0CW,5.0,1
B00D13ECIO,4.0,1
B00D13EKIG,4.0,1
B00A8XHB9C,5.0,1
B00HFKKRLU,5.0,1
B00HFI4BSM,5.0,1
B00A8WATEM,5.0,1
B00D13F8JQ,5.0,1
B00J1SGW2C,5.0,1
B00J1T5BPA,5.0,1
B00D13GCHS,5.0,1
B00J1V6YGS,5.0,1
B00D13GGL0,5.0,1
B00A8Q29LE,5.0,1
B00HFEUUPY,5.0,1
B00A8Q9JSU,5.0,1
B00HFEUG1M,5.0,1
B00D13I58C,5.0,1
B00D13I8ES,5.0,1
B00D13IQR2,5.0,1
B00D13IULO,5.0,1
B00A8RDCR8,5.0,1
B00D13IYJM,5.0,1
B00D13IYRY,5.0,1
B00A8PVFGA,5.0,1
B00A8PVEQ6,4.0,1
B00D13ONTW,5.0,1
B00A8PVBNC,5.0,1
B00A8PVAX8,5.0,1
B00A8PMSAM,5.0,1
B00D13HZME,5.0,1
B00J1W0LTI,5.0,1
B00A8Q9UNO,5.0,1
B00A8RDBWO,5.0,1
B00HFG7EGA,5.0,1
B00D13H4ZM,5.0,1
B00D13H50Q,5.0,1
B00D13H5QU,5.0,1
B00HFFFPGM,5.0,1
B00D13HLX2,5.0,1
B00A8QBD34,5.0,1
B00HFEYHW6,5.0,1
B00A8Q9W50,4.0,1
B00A8Q9W2S,5.0,1
B00D13HYS4,5.0,1
B00A9QZTMO,5.0,1
B00A9QZVXG,5.0,1
B00HGLG0QO,5.0,1
B00J0M91QI,4.0,1
B00CZ4BQCU,4.0,1
B00AAGP23E,5.0,1
B00J0M67ZG,5.0,1
B00CZ4BU4Y,5.0,1
B00AAGNZVA,5.0,1
B00J0M6ZD0,5.0,1
B00CZ4C494,5.0,1
B00HGG64C4,5.0,1
B00AAGENRU,5.0,1
B00CZ4XTXO,5.0,1
B00CZ4XVKK,5.0,1
B00CZ4XW8Q,4.0,1
B00AAFTNAI,5.0,1
B00CZ31YMS,5.0,1
B00CYWG7MC,4.0,1
B00AAH5OE0,5.0,1
B00CYWZ8JU,5.0,1
B00CYY70P8,5.0,1
B00CZ2ZGGY,5.0,1
B00CZ3D7SM,5.0,1
B00AAGP5BI,5.0,1
B00CZ4B0NK,5.0,1
B00CZ4B3L4,4.0,1
B00J0JZ3WM,5.0,1
B00CZ4BD9G,5.0,1
B00AAGPKF4,5.0,1
B00CZ4BF5I,4.0,1
B00HGE96EE,4.0,1
B00CZ4XZ60,5.0,1
B00AA9OVSI,5.0,1
B00CZ87Y2C,5.0,1
B00HGA8ZB8,5.0,1
B00AAC0TGI,5.0,1
B00CZ7O5BG,5.0,1
B00HG8CM8C,5.0,1
B00CZ8GS24,4.0,1
B00CZ76S5W,4.0,1
B00AA9QGIG,5.0,1
B00CZ9VZLM,4.0,1
B00HG514JI,4.0,1
B00CZAGKNE,5.0,1
B00AA9PBBO,5.0,1
B00AA9P5TM,5.0,1
B00HGA98X2,5.0,1
B00AAF00PU,5.0,1
B00AACM7YU,5.0,1
B00CZ4YCGW,5.0,1
B00CZ4Z0M2,5.0,1
B00HGB77FM,5.0,1
B00AACMSJ4,5.0,1
B00CZ51CKK,5.0,1
B00CZ58YDI,4.0,1
B00CZ60X68,4.0,1
B00AACLLQ0,5.0,1
B00CZ6930U,4.0,1
B00HGAF9D0,5.0,1
B00CZ75VDM,5.0,1
B00CZ75ZD8,5.0,1
B00HGA9GNE,5.0,1
B00AAH7Z7Y,5.0,1
B00AAH8014,5.0,1
B00J0ITGTO,5.0,1
B00CYJYILC,5.0,1
B00CYI19KQ,5.0,1
B00J0GTSTY,5.0,1
B00J0GU51E,5.0,1
B00AAJMICY,5.0,1
B00AAJIMQ0,5.0,1
B00CYJ49ZW,5.0,1
B00J0GTK7E,5.0,1
B00CYK455U,5.0,1
B00CYK5BUS,5.0,1
B00CYKEB2C,5.0,1
B00AAJDUG2,5.0,1
B00J0GVMW0,4.0,1
B00AAJDA5I,5.0,1
B00AAHQM46,4.0,1
B00AAKBSOC,5.0,1
B00CYA1PBM,5.0,1
B00AAKOTWU,5.0,1
B00CYB6LDS,5.0,1
B00AAKFZM8,4.0,1
B00CYBLMH8,5.0,1
B00AAKDOR6,5.0,1
B00AAKDHKA,4.0,1
B00AAJT9UI,5.0,1
B00CYBS5K0,5.0,1
B00CYFUTQO,5.0,1
B00AAK5C1C,5.0,1
B00AAJWZ6S,5.0,1
B00HGL4QX8,5.0,1
B00AAJAZCO,5.0,1
B00AAJ5WPE,4.0,1
B00AAJ25VI,4.0,1
B00J0HW4DA,5.0,1
B00CYPE4TC,5.0,1
B00CYSK7G8,5.0,1
B00CYTHXFU,5.0,1
B00CYTM490,5.0,1
B00CYKLR56,4.0,1
B00CYTM4MW,5.0,1
B00CYVDM62,5.0,1
B00CYVRQEQ,5.0,1
B00CYW9QTS,5.0,1
B00HGGP4GG,4.0,1
B00AAHR7Q8,5.0,1
B00AAHQQQA,5.0,1
B00CYOVJAA,4.0,1
B00CYNO2LO,5.0,1
B00CYNK54M,5.0,1
B00HGKMK96,5.0,1
B00CYL78H6,5.0,1
B00CYLDLZE,4.0,1
B00AAIW78A,5.0,1
B00AAIW4YM,5.0,1
B00AAIVWCM,5.0,1
B00AAIPI4K,5.0,1
B00CYLE18K,4.0,1
B00J0HGYYU,5.0,1
B00HGKDTSC,5.0,1
B00AAIGHAO,5.0,1
B00CYLH7TK,5.0,1
B00CYM83GU,5.0,1
B00AAIFJR6,5.0,1
B00AAIFFHA,5.0,1
B00AAIFBL0,5.0,1
B00CYNJAUC,5.0,1
B00CZBNOW8,5.0,1
B00CZC16XQ,4.0,1
B00D0DJ9OW,5.0,1
B00D0DIXIK,5.0,1
B00D0DJ8G6,5.0,1
B00D0DJ90G,5.0,1
B00D0DJ9AQ,5.0,1
B00D0DJO2E,5.0,1
B00A9XKGSE,4.0,1
B00A9XKFIU,5.0,1
B00A9XHZ3S,5.0,1
B00A9XGFE8,5.0,1
B00HFX4RSQ,5.0,1
B00A9XNPWS,5.0,1
B00HFY6ZS0,5.0,1
B00D0DLE36,5.0,1
B00D0AON7S,5.0,1
B00D09JANQ,5.0,1
B00A9YK5UM,5.0,1
B00D0ADXZ6,4.0,1
B00A9YDL44,5.0,1
B00D0AMHYO,5.0,1
B00D0APJB2,5.0,1
B00D0DEVO0,4.0,1
B00HG0JWI8,4.0,1
B00D0AUYIA,4.0,1
B00D0B1BFE,5.0,1
B00HFZFS1O,5.0,1
B00A9XQ6ME,4.0,1
B00HFYFW2A,5.0,1
B00D0CEN30,4.0,1
B00HFX3E3A,5.0,1
B00AA9LV0O,4.0,1
B00A9U62YY,5.0,1
B00D0NKSJM,5.0,1
B00D0NKU1I,5.0,1
B00A9VB0JU,5.0,1
B00D0NLB20,5.0,1
B00D0NLD6O,5.0,1
B00HFU7YC0,5.0,1
B00HFW1FRS,4.0,1
B00D0NLI3W,5.0,1
B00D0NLJ9U,5.0,1
B00D0NLM9W,4.0,1
B00D0NLPVM,5.0,1
B00J1AAVHW,5.0,1
B00D0NKR70,5.0,1
B00A9VLM66,5.0,1
B00A9X2UPQ,5.0,1
B00D0IM7KK,5.0,1
B00D0EP76A,5.0,1
B00A9X2CH2,5.0,1
B00D0FTBQ6,4.0,1
B00D0GCJFK,5.0,1
B00D0H1HF2,5.0,1
B00D0H2EDQ,5.0,1
B00D0HW6OI,5.0,1
B00D0HXKG6,5.0,1
B00D0MJUHE,5.0,1
B00A9WT6QS,4.0,1
B00D0NKEFK,5.0,1
B00J17CM1S,4.0,1
B00D0NKHFC,4.0,1
B00A9W9EYM,5.0,1
B00A9W0Y8C,5.0,1
B00D0NKP22,5.0,1
B00D07BWXE,5.0,1
B00D06QJ7O,5.0,1
B00A9YLN0I,5.0,1
B00CZFDFNM,5.0,1
B00HG3QUJY,5.0,1
B00CZF87LW,5.0,1
B00AA6V4AY,5.0,1
B00CZFA1HU,5.0,1
B00AA6DX1C,5.0,1
B00CZFDYG0,5.0,1
B00AA83RIO,5.0,1
B00CZG9O0E,5.0,1
B00CZGB7AO,5.0,1
B00J0T3LXK,5.0,1
B00CZGC6VI,5.0,1
B00J11IGPU,5.0,1
B00CZNA2YY,5.0,1
B00AA7IGR2,5.0,1
B00D06Q758,5.0,1
B00CZC5F0G,5.0,1
B00AA9KCN6,4.0,1
B00AA9H856,5.0,1
B00AA9GGV8,5.0,1
B00CZCDBUM,4.0,1
B00AA9FW2M,5.0,1
B00CZCEND6,5.0,1
B00AA99QII,5.0,1
B00J0SVZPW,5.0,1
B00CZCNRN8,5.0,1
B00AA990U2,5.0,1
B00CZCTHBY,5.0,1
B00CZCXQN4,4.0,1
B00CZD7HVA,5.0,1
B00J0S1WIM,5.0,1
B00CZDVJGO,5.0,1
B00CZQ8SAG,5.0,1
B00HG1JNEA,5.0,1
B00D02UJBK,5.0,1
B00AA0DGS8,5.0,1
B00D02XLG0,5.0,1
B00HG2512M,5.0,1
B00D036AKI,4.0,1
B00J14PD1C,4.0,1
B00D04MG0U,5.0,1
B00A9ZENDG,4.0,1
B00CZSNZ0C,5.0,1
B00A9Z5B9G,5.0,1
B00A9Z4V1A,4.0,1
B00A9Z1BC2,4.0,1
B00D06084O,5.0,1
B00A9YXNTW,5.0,1
B00A9YRGFY,4.0,1
B00D02JDM6,5.0,1
B00D02J7C2,5.0,1
B00AA4963I,5.0,1
B00AA3K8UY,5.0,1
B00AA37WMG,4.0,1
B00AA36JSE,5.0,1
B00CZUUBDY,5.0,1
B00AA2UKKI,4.0,1
B00AA2HLIM,5.0,1
B00CZZM01K,4.0,1
B00AA2FG3Y,5.0,1
B00AA2EZCW,5.0,1
B00D01GFVY,5.0,1
B00AA28YLA,5.0,1
B00AA1EPUA,5.0,1
B00D02J56U,4.0,1
0205616461,5.0,1
B004OH5XIO,5.0,1
B001R4CLC8,5.0,1
B001R680SA,5.0,1
B001R6777K,5.0,1
B001R654TI,5.0,1
B001R653TY,5.0,1
B001R5ZYWQ,5.0,1
B001R5WR1C,5.0,1
B001R5QPR4,5.0,1
B001R5PBDS,4.0,1
B001R5LUSS,5.0,1
B001R5K28C,5.0,1
B001R5K0AC,4.0,1
B001R5CLBS,5.0,1
B001R4CL7I,5.0,1
B001R3CGCO,5.0,1
B001R2Y7JA,4.0,1
B001R2EPN8,5.0,1
B001R2CUW6,4.0,1
B001R2BQ76,5.0,1
B001R23UCK,4.0,1
B001R21J3W,5.0,1
B001R21DGK,5.0,1
B001R21CAW,5.0,1
B001R68JGI,5.0,1
B001R6BROE,5.0,1
B001R6DSR8,5.0,1
B001RB4L9W,5.0,1
B001RAYIC8,5.0,1
B001RASLK8,5.0,1
B001RABTSY,5.0,1
B001RA6M5Y,5.0,1
B001R9AU5S,4.0,1
B001R96PT8,5.0,1
B001R94W66,5.0,1
B001R94MQG,5.0,1
B001R90VUM,5.0,1
B001R909G8,4.0,1
B001R8ZYXC,5.0,1
B001R8ZNME,5.0,1
B001R8Z81U,5.0,1
B001R8XE4S,5.0,1
B001R7OHSG,4.0,1
B001R79VUK,5.0,1
B001R6L94W,5.0,1
B001R6IGPW,5.0,1
B001R6GIAC,5.0,1
B001R6EQ7Y,5.0,1
B001R6E656,5.0,1
B001R1Y5DE,5.0,1
B001R1W7RA,5.0,1
B001R1VN16,4.0,1
B001QXBYLO,5.0,1
B001QXBYE6,5.0,1
B001QXBWP2,5.0,1
B001QXBWM0,4.0,1
B001QXBWB6,4.0,1
B001QX9WN6,5.0,1
B001QX7VU2,5.0,1
B001QX6LQM,5.0,1
B001QX2I7I,5.0,1
B001QWEBP6,4.0,1
B001QWEBI8,5.0,1
B001QWCSF6,4.0,1
B001QWB91K,5.0,1
B001QW99F8,5.0,1
B001QW73BA,5.0,1
B001QW54B6,5.0,1
B001QVX5I6,5.0,1
B001QVVG64,5.0,1
B001QVSLU8,5.0,1
B001QVS0ZY,4.0,1
B001QXDQSI,5.0,1
B001QY12H4,5.0,1
B001QY3132,5.0,1
B001R1RSR4,4.0,1
B001R1RSQU,5.0,1
B001R1RNEW,5.0,1
B001R1MSW4,4.0,1
B001R1G4A6,5.0,1
B001R1EJ9Y,5.0,1
B001R1CFAE,5.0,1
B001QZH21I,5.0,1
B001QZCMZY,5.0,1
B001QZC4KW,5.0,1
B001QZAZZS,5.0,1
B001QZ08E6,5.0,1
B001QYZJ5U,5.0,1
B001QYYD2K,5.0,1
B001QYW0H0,5.0,1
B001QYUOW8,5.0,1
B001QYT370,5.0,1
B001QYSW7M,5.0,1
B001QYOMC6,5.0,1
B001QYKH34,5.0,1
B001QYEI02,5.0,1
B001RBOV7O,5.0,1
B001RC64UU,4.0,1
B001RVDEEA,5.0,1
B001RVDCRY,5.0,1
B001RVDBFC,5.0,1
B001RVBGG8,5.0,1
B001RV9H7I,5.0,1
B001RV9EDK,5.0,1
B001RV9C3C,5.0,1
B001RV99Z8,5.0,1
B001RV99U8,5.0,1
B001RV1W26,5.0,1
B001RUW58C,5.0,1
B001RUHTKG,5.0,1
B001RU9IQ4,5.0,1
B001RU7DLG,5.0,1
B001RU3LT4,5.0,1
B001RTSUFA,5.0,1
B001RTSUBE,5.0,1
B001RTSUB4,5.0,1
B001RTLOO4,5.0,1
B001RTLMOG,5.0,1
B001RTGAR0,4.0,1
B001RTEIJC,5.0,1
B001RTEHVG,5.0,1
B001RS6Z6W,5.0,1
B001RS5DYW,5.0,1
B001RS5CSE,4.0,1
B001RVDD0U,5.0,1
B001RVDEEU,5.0,1
B001RS1B66,5.0,1
B001RVDEVS,5.0,1
B001RVLGD6,4.0,1
B001RVKXZS,5.0,1
B001RVKWDQ,5.0,1
B001RVKV1Y,5.0,1
B001RVKS9Y,5.0,1
B001RVKLPU,5.0,1
B001RVKL28,4.0,1
B001RVKCJA,4.0,1
B001RVK7MM,5.0,1
B001RVJ7SC,5.0,1
B001RVIJ6I,5.0,1
B001RVHV26,4.0,1
B001RVHSYM,5.0,1
B001RVHKR2,5.0,1
B001RVHFMM,5.0,1
B001RVH644,5.0,1
B001RVH586,4.0,1
B001RVH25C,5.0,1
B001RVGV6I,5.0,1
B001RVGS70,4.0,1
B001RVGROE,5.0,1
B001RVFWFO,5.0,1
B001RVFAVK,5.0,1
B001RVDVAW,5.0,1
B001RVDNWS,5.0,1
B001RVDH9M,5.0,1
B001RRZY3I,4.0,1
B001RCX29Q,5.0,1
B001RJD69K,5.0,1
B001RJ9OBE,5.0,1
B001RJ8AQE,5.0,1
B001RJ08BE,4.0,1
B001RIQQL6,5.0,1
B001RIPNLU,5.0,1
B001RIIGZ0,5.0,1
B001RIDC3G,5.0,1
B001RGXRH4,5.0,1
B001RFGMKY,5.0,1
B001RFALBU,5.0,1
B001RF1F06,5.0,1
B001REHP4W,5.0,1
B001REEGM6,5.0,1
B001REDX70,5.0,1
B001REBZUW,4.0,1
B001RDPFMW,5.0,1
B001RDD4BG,5.0,1
B001RD29NK,4.0,1
B001RD1OFY,5.0,1
B001RCZGLI,5.0,1
B001RRHJHC,4.0,1
B001RJSH08,5.0,1
B001RRGG4E,5.0,1
B001RRBAIQ,5.0,1
B001RQRUHC,5.0,1
B001RQEU7U,5.0,1
B001RQ7BXA,5.0,1
B001RPY2BA,5.0,1
B001ROSZXC,5.0,1
B001ROS104,5.0,1
B001ROPGYI,5.0,1
B001ROOLZS,4.0,1
B001RNLH4M,5.0,1
B001RMWMP6,5.0,1
B001RMUHT4,4.0,1
B001RMNMAU,5.0,1
B001RLDV2A,5.0,1
B001RL85PI,5.0,1
B001RL80JE,5.0,1
B001RL6K7I,5.0,1
B001RL31OS,5.0,1
B001RKIY82,4.0,1
B001QVP0LG,5.0,1
B001QVIMGG,4.0,1
B001PTFW6W,5.0,1
B001PUJVIQ,5.0,1
B001PUGHQA,5.0,1
B001PTG0XQ,5.0,1
B001PTG0UY,5.0,1
B001PTFY4W,5.0,1
B001PTFXUW,5.0,1
B001PTFXS4,5.0,1
B001PTFXIO,5.0,1
B001PTFWNK,5.0,1
B001PTFWIU,5.0,1
B001PTFWE4,5.0,1
B001PTFW62,4.0,1
B001PTFW26,5.0,1
B001PTFVM2,5.0,1
B001PTFVJA,5.0,1
B001PTFV86,5.0,1
B001PTEP4M,5.0,1
B001PTEP3I,5.0,1
B001PT2AR6,4.0,1
B001PSXEW2,5.0,1
B001PRHA78,4.0,1
B001PRH96A,4.0,1
B001PRD2LQ,4.0,1
B001PR0XEK,4.0,1
B001PUR1HE,4.0,1
B001PV6SV8,5.0,1
B001PYPVF4,5.0,1
B001Q5753S,5.0,1
B001Q56N8G,4.0,1
B001Q56MY6,5.0,1
B001Q55ZSU,5.0,1
B001Q55CIS,5.0,1
B001Q53MVM,5.0,1
B001Q53I3Y,5.0,1
B001Q51OAI,5.0,1
B001Q4HI6S,4.0,1
B001Q4FO78,5.0,1
B001Q4FKJK,4.0,1
B001Q4DY1G,4.0,1
B001Q4DSB2,5.0,1
B001Q4BUZ8,4.0,1
B001Q4BUYE,5.0,1
B001Q3L4GO,4.0,1
B001Q27ATK,5.0,1
B001Q24Y62,5.0,1
B001Q23LTS,5.0,1
B001Q1TJ3Q,5.0,1
B001Q1T38C,5.0,1
B001Q1NG6M,5.0,1
B001Q1DXWE,5.0,1
B001PZA2ES,5.0,1
B001PR0X9A,5.0,1
B001PR0X7M,4.0,1
B001PR0X18,5.0,1
B001PMKL4C,5.0,1
B001PMINYW,5.0,1
B001PMIMPW,5.0,1
B001PMHAA0,5.0,1
B001PMERQK,5.0,1
B001PLPFKI,5.0,1
B001PLOBTE,4.0,1
B001PLNDUM,5.0,1
B001PLLVDS,5.0,1
B001PKZR7K,5.0,1
B001PKSRCC,4.0,1
B001PJ6662,5.0,1
B001PIKSL2,5.0,1
B001PIEGO2,4.0,1
B001PIDXGE,4.0,1
B001PICGDA,5.0,1
B001PIBO56,5.0,1
B001PIBJDS,4.0,1
B001PIA01A,5.0,1
B001PI6OGU,5.0,1
B001PHFJWQ,5.0,1
B001PHDTSM,5.0,1
B001PHDSXS,4.0,1
B001PHDSX8,5.0,1
B001PHDSLA,4.0,1
B001PMJ4DG,5.0,1
B001PMKLKG,5.0,1
B001PQO680,5.0,1
B001PQHCCC,4.0,1
B001PQ5HX8,5.0,1
B001PPXZHE,5.0,1
B001PPTRBC,5.0,1
B001PPO3AW,5.0,1
B001POJ9XE,5.0,1
B001POIMG4,5.0,1
B001POC864,5.0,1
B001PO6NWY,4.0,1
B001PO6NPG,5.0,1
B001PNVVRW,4.0,1
B001PNVVQ8,5.0,1
B001PNNHBU,5.0,1
B001PNCQOO,5.0,1
B001PNAXS0,5.0,1
B001PMWK6E,5.0,1
B001PMTMQ0,5.0,1
B001PMPYQM,5.0,1
B001PMLT3Y,5.0,1
B001PMLGQO,4.0,1
B001PMKLQK,4.0,1
B001Q58RT4,5.0,1
B001Q5CYZM,4.0,1
B001QRVW2Q,5.0,1
B001QRTEJO,5.0,1
B001QOS72C,5.0,1
B001QNZIGG,5.0,1
B001QNH0YY,5.0,1
B001QND476,5.0,1
B001QND1B0,5.0,1
B001QNCNQ4,5.0,1
B001QN96Z0,5.0,1
B001QN8QAG,5.0,1
B001QN54EW,4.0,1
B001QN37TQ,5.0,1
B001QMK66O,5.0,1
B001QMI9AO,4.0,1
B001QMG9XS,4.0,1
B001QMCFLS,5.0,1
B001QMCFJ0,5.0,1
B001QMCFH2,5.0,1
B001QMCFDQ,5.0,1
B001QLJUQC,5.0,1
B001QL5U98,5.0,1
B001QK3RTO,5.0,1
B001QRUE34,5.0,1
B001QJN6IM,5.0,1
B001QRZ8RQ,5.0,1
B001QVEK8A,5.0,1
B001QV3S74,5.0,1
B001QUZCDS,5.0,1
B001QU78O4,5.0,1
B001QU5N0K,5.0,1
B001QU5KEO,5.0,1
B001QU5AXU,5.0,1
B001QU2ZD8,5.0,1
B001QU17C8,5.0,1
B001QU0RX8,5.0,1
B001QTW5LG,5.0,1
B001QTW390,5.0,1
B001QTW34U,5.0,1
B001QTW32W,5.0,1
B001QTTYF6,4.0,1
B001QTQ148,4.0,1
B001QTPLBW,4.0,1
B001QTP92S,5.0,1
B001QTNHMC,5.0,1
B001QTGN32,5.0,1
B001QTG3YQ,5.0,1
B001QSHALC,4.0,1
B001QS0118,5.0,1
B001QJRGOC,5.0,1
B001QJN0ZQ,5.0,1
B001QD4OAM,4.0,1
B001QD3URU,5.0,1
B001QD3KCK,5.0,1
B001QD0F6E,5.0,1
B001QCH8YW,5.0,1
B001QC6J74,5.0,1
B001QC2M84,5.0,1
B001QBCVOA,4.0,1
B001QBC3IY,4.0,1
B001QBBXHQ,5.0,1
B001QB7JP6,5.0,1
B001QAJG08,5.0,1
B001QA15I4,5.0,1
B001Q96YAO,5.0,1
B001Q95QCG,5.0,1
B001Q93VF0,5.0,1
B001Q8ZH2G,5.0,1
B001Q8SZ48,5.0,1
B001Q8BSJW,4.0,1
B001Q89XLC,5.0,1
B001Q88GOC,4.0,1
B001Q86TOG,5.0,1
B001Q5LDV8,5.0,1
B001Q5JQ1C,5.0,1
B001Q5JIGU,5.0,1
B001QD4BGY,5.0,1
B001QJMSUY,5.0,1
B001QD718Y,5.0,1
B001QIH3N2,4.0,1
B001QHG03W,5.0,1
B001QHFXZ8,5.0,1
B001QHFXTO,5.0,1
B001QHBVWW,5.0,1
B001QH925A,5.0,1
B001QH923W,5.0,1
B001QH91VK,5.0,1
B001QH8W5Q,5.0,1
B001QGLCEU,5.0,1
B001QGEAOY,5.0,1
B001QG7H1C,5.0,1
B001QFSQY0,5.0,1
B001QFKQ1G,5.0,1
B001QFB5TS,5.0,1
B001QF9OCS,5.0,1
B001QENJLG,4.0,1
B001QDTCOU,5.0,1
B001QDM030,5.0,1
B001QD9TDE,5.0,1
B001QD96HI,5.0,1
B001QD8ZQ6,4.0,1
B001QD8Z20,5.0,1
B001RVLLUY,5.0,1
B001RVMGH6,5.0,1
B001UBA60C,5.0,1
B001TLX44I,5.0,1
B001TO8M3S,5.0,1
B001TO1EX8,5.0,1
B001TNXUG8,5.0,1
B001TNXJIW,4.0,1
B001TNWXX4,5.0,1
B001TMFXPU,5.0,1
B001TMEB30,5.0,1
B001TM8DV6,5.0,1
B001TM6IVI,5.0,1
B001TM1DM2,4.0,1
B001TLV8P0,5.0,1
B001TF148W,5.0,1
B001TLRUV6,5.0,1
B001TLIGPA,4.0,1
B001TLEUP0,5.0,1
B001TLD7G8,5.0,1
B001TL7DZE,4.0,1
B001TL0MAC,4.0,1
B001TKSB0Q,5.0,1
B001TKO7VS,5.0,1
B001TKE3AS,4.0,1
B001TOAC3G,5.0,1
B001TOO4FI,4.0,1
B001TOQEVK,5.0,1
B001TSJLSY,5.0,1
B001TSJ8FA,5.0,1
B001TSHAFK,5.0,1
B001TSH9B0,5.0,1
B001TSG02Y,5.0,1
B001TSDSXI,5.0,1
B001TRZELS,5.0,1
B001TRR8BC,5.0,1
B001TRQ0IE,5.0,1
B001TRQ0GQ,5.0,1
B001TRPD6O,5.0,1
B001TRLPYI,5.0,1
B001TQQQJ8,5.0,1
B001TQNUTW,5.0,1
B001TQNGV4,5.0,1
B001TPYKF6,5.0,1
B001TP9OIE,5.0,1
B001TOYFMK,4.0,1
B001TOX6V6,5.0,1
B001TOUTMU,4.0,1
B001TOSA2Q,5.0,1
B001TK9SIU,5.0,1
B001TK8YSA,5.0,1
B001TI5MX2,5.0,1
B001TI4L8O,5.0,1
B001TI2XKW,5.0,1
B001TI1RHM,5.0,1
B001TI09MG,5.0,1
B001THYR98,5.0,1
B001THWWE0,5.0,1
B001THTROI,5.0,1
B001THSG86,5.0,1
B001THRNB2,5.0,1
B001THHECK,5.0,1
B001TH8NQ6,5.0,1
B001TH8MQW,5.0,1
B001TH16M4,5.0,1
B001TGZ48W,5.0,1
B001TGJWV2,5.0,1
B001TF7W1A,5.0,1
B001TF2M7E,5.0,1
B001TF2LXY,5.0,1
B001TI6V5K,4.0,1
B001TK6P5O,5.0,1
B001TIAFXY,5.0,1
B001TK4LM8,5.0,1
B001TK3FY8,5.0,1
B001TJYFMK,4.0,1
B001TJXG5C,4.0,1
B001TJUOJ8,5.0,1
B001TJUH0Y,5.0,1
B001TJQO6K,5.0,1
B001TJNRB0,5.0,1
B001TJHSLA,5.0,1
B001TJCGZI,4.0,1
B001TJCBTE,5.0,1
B001TJC9SC,5.0,1
B001TJBFVO,5.0,1
B001TJ7SS8,5.0,1
B001TJ7RPC,4.0,1
B001TJ7AOA,5.0,1
B001TJ7AN6,5.0,1
B001TJ4GZQ,4.0,1
B001TJ2NSI,4.0,1
B001TJ1HHQ,5.0,1
B001TIX3MO,5.0,1
B001TIM7GC,4.0,1
B001TICDA2,5.0,1
B001TIBKYC,4.0,1
B001TSK3AY,5.0,1
B001U57YBM,5.0,1
B001U54OSI,5.0,1
B001U515OO,5.0,1
B001U4QY8M,5.0,1
B001U4PBP4,5.0,1
B001U43ZNY,4.0,1
B001U3Y9VW,4.0,1
B001U3Y9NA,4.0,1
B001U3U1WS,5.0,1
B001U3TJMQ,5.0,1
B001U3TJG2,5.0,1
B001U3RMNO,5.0,1
B001U3RM6G,4.0,1
B001U3QLJ0,5.0,1
B001U3ORFU,4.0,1
B001U3ORDC,5.0,1
B001U3M860,5.0,1
B001U39QJ2,5.0,1
B001U38WYM,5.0,1
B001U2X2FC,5.0,1
B001U2SYHI,5.0,1
B001U2KNEK,5.0,1
B001U2JKYY,5.0,1
B001U2I4VE,5.0,1
B001U2HSYI,4.0,1
B001U57X0E,5.0,1
B001U57YVC,5.0,1
B001U580GU,5.0,1
B001UB6DSQ,5.0,1
B001UB30EG,5.0,1
B001UAZ068,5.0,1
B001UAJAFU,5.0,1
B001UAHBWO,5.0,1
B001UA6XKA,5.0,1
B001U9FKZA,5.0,1
B001U9CTKO,5.0,1
B001U927VU,5.0,1
B001U925IA,5.0,1
B001U8SSFA,5.0,1
B001U8IXYG,4.0,1
B001U8HOBO,5.0,1
B001U8GW76,5.0,1
B001U8BZ1O,5.0,1
B001U8BYC4,5.0,1
B001U87YN2,5.0,1
B001U83HN8,5.0,1
B001U7MWOO,5.0,1
B001U5XQ64,5.0,1
B001U5SYTS,5.0,1
B001U5JMOY,5.0,1
B001U5BS82,5.0,1
B001U59T0Q,5.0,1
B001U2DZMC,4.0,1
B001U26CIQ,5.0,1
B001TSN50Y,5.0,1
B001U0A3OC,5.0,1
B001U03XJ4,5.0,1
B001U02HL4,5.0,1
B001TZTS76,5.0,1
B001TZQ4U0,5.0,1
B001TZGOZU,5.0,1
B001TZFP3M,5.0,1
B001TZEJP2,5.0,1
B001TZ5WQ2,5.0,1
B001TYY3LI,5.0,1
B001TYRJRS,5.0,1
B001TYPV00,5.0,1
B001TY6WVW,5.0,1
B001TXWKMS,5.0,1
B001TXSSTC,5.0,1
B001TXRXFC,5.0,1
B001TXDI1A,5.0,1
B001TT0XIA,5.0,1
B001TSRNCK,5.0,1
B001TSRLSG,5.0,1
B001TSRCVW,5.0,1
B001TSPCP0,5.0,1
B001TSNGF8,5.0,1
B001TSN78Y,5.0,1
B001U0879A,5.0,1
B001U0B63Y,5.0,1
B001U26BDW,5.0,1
B001U25DKY,5.0,1
B001U23C1Q,5.0,1
B001U22B0E,5.0,1
B001U220OG,5.0,1
B001U2164G,4.0,1
B001U1V56G,5.0,1
B001U1Q4OO,5.0,1
B001U1Q4OE,5.0,1
B001U1M25Y,5.0,1
B001U1J86U,5.0,1
B001U0PF04,5.0,1
B001U0PEM8,5.0,1
B001U0OVHC,4.0,1
B001U0OJCE,5.0,1
B001U0OJAQ,5.0,1
B001U0OJ9W,4.0,1
B001U0OGWC,4.0,1
B001U0OGT0,5.0,1
B001U0LJ40,5.0,1
B001U0JREE,5.0,1
B001U0IRYA,5.0,1
B001TF02O4,5.0,1
B001RVMIEW,5.0,1
B001S485ZY,5.0,1
B001S9YGA2,4.0,1
B001S9YE9A,5.0,1
B001S9YDKA,5.0,1
B001S888OI,5.0,1
B001S5JDBS,5.0,1
B001S5J9J4,5.0,1
B001S4O5RG,4.0,1
B001S4C76M,5.0,1
B001S46SS0,5.0,1
B001TEW5O0,5.0,1
B001S44IQY,5.0,1
B001S4473I,5.0,1
B001S432KW,5.0,1
B001S3WP9C,5.0,1
B001S3P03A,5.0,1
B001S3AB5M,5.0,1
B001S37CP4,5.0,1
B001S34FK4,5.0,1
B001S34FHM,5.0,1
B001S34FG8,5.0,1
B001S2TNWK,5.0,1
B001SA3YSQ,5.0,1
B001SA42MS,4.0,1
B001SJW9RO,5.0,1
B001SJFXRM,4.0,1
B001SIZA08,5.0,1
B001SI9JC8,5.0,1
B001SFN8A0,5.0,1
B001SFDR24,5.0,1
B001SEWBG8,5.0,1
B001SETDIW,5.0,1
B001SEQRT0,5.0,1
B001SE35HW,5.0,1
B001SE14WU,5.0,1
B001SDATIG,5.0,1
B001SBNDRM,5.0,1
B001SBGV7Q,5.0,1
B001SBAPDM,5.0,1
B001SB6PK4,5.0,1
B001SB5CYO,5.0,1
B001SB13WO,5.0,1
B001SAMMT8,5.0,1
B001SAK2WC,5.0,1
B001SACYSC,5.0,1
B001SA7N38,5.0,1
B001S2AW2A,5.0,1
B001S1Y51K,4.0,1
B001S1BPRM,4.0,1
B001RVXJAY,4.0,1
B001RVXE40,5.0,1
B001RVXAL2,5.0,1
B001RVW0J0,5.0,1
B001RVSFXU,5.0,1
B001RVSDMS,5.0,1
B001RVS4O0,5.0,1
B001RVRAEA,5.0,1
B001RVR392,5.0,1
B001RVR0WC,5.0,1
B001RVQQMM,5.0,1
B001RVQ92E,5.0,1
B001RVPMK4,5.0,1
B001RVP1G4,5.0,1
B001RVP10K,5.0,1
B001RVOZE8,5.0,1
B001RVOTVW,5.0,1
B001RVOMP0,5.0,1
B001RVMQQC,4.0,1
B001RVMKO0,5.0,1
B001RVMJNW,5.0,1
B001RVXIK0,5.0,1
B001RVXL16,4.0,1
B001S0RV7Q,5.0,1
B001RVZGVE,4.0,1
B001S00EG6,5.0,1
B001RZKSYA,5.0,1
B001RZ61TQ,5.0,1
B001RYWCKO,5.0,1
B001RYW6X2,5.0,1
B001RYUF94,5.0,1
B001RYUEFY,5.0,1
B001RYUE40,5.0,1
B001RYQPS4,5.0,1
B001RYOQ1C,5.0,1
B001RYONY2,5.0,1
B001RYLL06,5.0,1
B001RXXL6O,5.0,1
B001RXXECA,5.0,1
B001RXVUFS,5.0,1
B001RWYRPY,5.0,1
B001RWAZDW,4.0,1
B001RW22R4,4.0,1
B001RW1GTE,5.0,1
B001SK5ZZQ,5.0,1
B001SK69IS,5.0,1
B001T8P15Q,5.0,1
B001T8P0UW,5.0,1
B001T8OZ2Q,5.0,1
B001T8OYUY,5.0,1
B001T8OYTU,5.0,1
B001T8OYCC,5.0,1
B001T8OKY4,4.0,1
B001T8OFLM,5.0,1
B001T8OCGK,4.0,1
B001T8MW62,5.0,1
B001T8MU8W,5.0,1
B001T8MTNI,5.0,1
B001T8MRWQ,5.0,1
B001T8MPGO,5.0,1
B001T8MOHY,5.0,1
B001T8MD1G,5.0,1
B001T8MBE0,5.0,1
B001T8KM64,5.0,1
B001T8KJTY,5.0,1
B001T8JV66,5.0,1
B001T8QIEY,5.0,1
B001T8QJZM,4.0,1
B001TET0XO,5.0,1
B001TEQV04,4.0,1
B001TEQ2BC,5.0,1
B001TEOXS6,5.0,1
B001TDF17E,5.0,1
B001TBQ4Y0,5.0,1
B001TBQ3BY,5.0,1
B001TBK4KK,5.0,1
B001TBI3YO,5.0,1
B001TANDZ4,5.0,1
B001TA782I,5.0,1
B001T9ZC18,5.0,1
B001T8W7AI,5.0,1
B001T8UG0G,5.0,1
B001T8UFSO,5.0,1
B001T8UDEK,4.0,1
B001T8SAF4,5.0,1
B001T8S86A,5.0,1
B001T8QK10,5.0,1
B001T8JOMM,5.0,1
B001T8I3N8,5.0,1
B001SL4HM2,5.0,1
B001SYZX8G,4.0,1
B001SYYKT4,5.0,1
B001SYYKF8,5.0,1
B001SYYK8A,5.0,1
B001SYWWOO,5.0,1
B001SYUWV4,5.0,1
B001SYUSPO,5.0,1
B001SYSRD4,5.0,1
B001SXTPAO,5.0,1
B001SXNS5W,5.0,1
B001SXNQ54,5.0,1
B001SWYPSM,5.0,1
B001SUOBDS,5.0,1
B001STT7CY,4.0,1
B001STNEAU,5.0,1
B001STIQKI,5.0,1
B001STB0MO,5.0,1
B001STB0GU,5.0,1
B001ST6XUS,5.0,1
B001SSBJI0,5.0,1
B001SQTFPG,5.0,1
B001SPHCPC,5.0,1
B001SM4SAW,5.0,1
B001SM01PI,5.0,1
B001SYYMP6,5.0,1
B001T8I2CU,5.0,1
B001SZ1LWC,5.0,1
B001T8HYMY,5.0,1
B001T8FTUS,4.0,1
B001T8D5HC,5.0,1
B001T8CV8Q,5.0,1
B001T831LC,5.0,1
B001T7JZYA,5.0,1
B001T68N2G,5.0,1
B001T58U5W,4.0,1
B001T58NMC,5.0,1
B001T4UQAU,5.0,1
B001T4RO3C,5.0,1
B001T4MN8S,4.0,1
B001T4IYSG,5.0,1
B001T4ALB4,5.0,1
B001T46R58,4.0,1
B001T3QTJI,5.0,1
B001T2UKBW,5.0,1
B001T22CIG,5.0,1
B001T1JBW2,5.0,1
B001T0HH92,5.0,1
B001SZ3T5O,5.0,1
B001SZ3K30,5.0,1
B001SZ1UG4,5.0,1
B001SZ1MOO,5.0,1
B001PGHMEK,5.0,1
B001PGBCFK,5.0,1
B001PG4R2A,5.0,1
B001MIFQU8,5.0,1
B001MID9KM,5.0,1
B001MI1H7Y,5.0,1
B001MHX6ME,4.0,1
B001MHSRR8,5.0,1
B001MH5EK6,4.0,1
B001MGK9FC,5.0,1
B001MG2YW8,4.0,1
B001MFXOKK,5.0,1
B001MFPYIU,4.0,1
B001MFPOZI,5.0,1
B001MF67VI,4.0,1
B001MF20GE,5.0,1
B001M5IEAA,5.0,1
B001MEYNT2,5.0,1
B001MDF4ZU,4.0,1
B001MDC1HO,4.0,1
B001MCBX06,5.0,1
B001MC9V7S,5.0,1
B001MC9V00,5.0,1
B001MC85FC,5.0,1
B001MC84XK,5.0,1
B001MC66US,4.0,1
B001MBV4Q0,5.0,1
B001MBRG8K,5.0,1
B001MBA2PE,5.0,1
B001MIKBTY,5.0,1
B001MIZBSA,4.0,1
B001MIZBXK,5.0,1
B001MOYWO8,5.0,1
B001MOYJE6,5.0,1
B001MNHFCA,4.0,1
B001MNF8EM,5.0,1
B001MNC11A,5.0,1
B001MN2ZMU,4.0,1
B001MMQVC6,5.0,1
B001MKJHLU,5.0,1
B001MKGUOC,4.0,1
B001MK91D4,5.0,1
B001MK43AK,5.0,1
B001MK3CAW,5.0,1
B001MJZKGW,5.0,1
B001MJTOGE,5.0,1
B001MJT6D0,5.0,1
B001MJO34C,4.0,1
B001MJKFWQ,4.0,1
B001MIZMOS,5.0,1
B001MIZC66,5.0,1
B001MIZC5C,4.0,1
B001MIZC16,4.0,1
B001MA9W0G,5.0,1
B001MA9VUM,4.0,1
B001M904ZE,5.0,1
B001M8YZH8,5.0,1
B001M8YT8I,5.0,1
B001M8YOVA,4.0,1
B001M8YHHQ,5.0,1
B001M8XBMI,4.0,1
B001M8X2PY,5.0,1
B001M8WS9A,5.0,1
B001M8WQW4,5.0,1
B001M8WOVC,4.0,1
B001M8VUYO,5.0,1
B001M8UFMM,5.0,1
B001M8RJD0,5.0,1
B001M8RC0A,5.0,1
B001M8PJNC,5.0,1
B001M7XU3Y,5.0,1
B001M7FK50,5.0,1
B001M6R4F0,5.0,1
B001M6QKSW,5.0,1
B001M6AIN0,5.0,1
B001M64BBK,5.0,1
B001M5QM9U,5.0,1
B001M5K926,5.0,1
B001M5K91W,5.0,1
B001M5K87W,5.0,1
B001M5IG2Q,5.0,1
B001M90NWI,5.0,1
B001MA9V7K,4.0,1
B001M91FTS,5.0,1
B001MA9RV0,5.0,1
B001MA9QSE,4.0,1
B001MA9QM0,5.0,1
B001MA9Q0W,5.0,1
B001MA9O04,5.0,1
B001MA7V1S,5.0,1
B001MA7TP6,5.0,1
B001MA7RGW,5.0,1
B001MA60MO,4.0,1
B001MA60LK,5.0,1
B001MA2GFE,5.0,1
B001MA2D6G,5.0,1
B001MA2CGC,5.0,1
B001MA2BQ8,5.0,1
B001MA2BI6,5.0,1
B001MA2B6S,5.0,1
B001M9OH5M,5.0,1
B001M971XW,5.0,1
B001M95JBS,5.0,1
B001M93YG0,5.0,1
B001M93WQW,5.0,1
B001M93KWS,5.0,1
B001M92YQG,5.0,1
B001MP0Q74,5.0,1
B001MV5WV8,5.0,1
B001MV5WRW,5.0,1
B001MV5WJA,5.0,1
B001MV5WGI,5.0,1
B001MV5W5E,5.0,1
B001MV5W40,5.0,1
B001MV5V46,5.0,1
B001MV5UWE,5.0,1
B001MV5UNI,5.0,1
B001MV5UHY,5.0,1
B001MUZXSG,5.0,1
B001MUN3V0,5.0,1
B001MULGBY,5.0,1
B001MULFD8,5.0,1
B001MUJJ7W,4.0,1
B001MUJFIK,4.0,1
B001MUI9UK,5.0,1
B001MUHDBG,5.0,1
B001MUGZDS,4.0,1
B001MUEBAM,5.0,1
B001MUAJBM,5.0,1
B001MTZQ5C,5.0,1
B001MV5WUE,5.0,1
B001MV5X7G,5.0,1
B001MTFN3W,4.0,1
B001MV5XBW,4.0,1
B001MVIUS0,5.0,1
B001MV6XXO,5.0,1
B001MV6370,5.0,1
B001MV633E,5.0,1
B001MV632K,5.0,1
B001MV61QS,5.0,1
B001MV61Q8,5.0,1
B001MV61KE,5.0,1
B001MV618Q,5.0,1
B001MV60BY,5.0,1
B001MV600A,4.0,1
B001MV5ZWO,5.0,1
B001MV5ZOM,5.0,1
B001MV5ZMO,5.0,1
B001MV5ZJC,4.0,1
B001MV5Z9W,4.0,1
B001MV5Z4C,5.0,1
B001MV5Z06,5.0,1
B001MV5YWU,5.0,1
B001MV5XNU,4.0,1
B001MV5XJE,5.0,1
B001MV5XEO,4.0,1
B001MTIQ4K,5.0,1
B001MTFN2S,4.0,1
B001MP0QB0,5.0,1
B001MPX31K,5.0,1
B001MP7JTM,5.0,1
B001MP5ZDY,5.0,1
B001MP5XBS,5.0,1
B001MP5X4A,4.0,1
B001MP5WPU,5.0,1
B001MP5WO6,5.0,1
B001MP5WLE,5.0,1
B001MP5WKU,5.0,1
B001MP5WFA,5.0,1
B001MP48LO,5.0,1
B001MP4832,5.0,1
B001MP4828,5.0,1
B001MP47XI,5.0,1
B001MP47Q0,5.0,1
B001MP46XY,5.0,1
B001MP2PJG,5.0,1
B001MP2PBE,4.0,1
B001MP2ONI,5.0,1
B001MP1YD4,5.0,1
B001MP0SAO,5.0,1
B001MP0QBU,5.0,1
B001MQ4HYG,5.0,1
B001MQ8XOQ,5.0,1
B001MTFMV0,5.0,1
B001MQ8XUU,5.0,1
B001MTFMK6,5.0,1
B001MTFMJW,5.0,1
B001MTFMJC,5.0,1
B001MT41EY,5.0,1
B001MT1FAC,5.0,1
B001MSWXTU,5.0,1
B001MSVVX4,5.0,1
B001MSSZ4M,5.0,1
B001MSS7BI,5.0,1
B001MSEUAU,5.0,1
B001MS7LN8,5.0,1
B001MS7LM4,5.0,1
B001MS7LLK,5.0,1
B001MS7GYM,5.0,1
B001MS7DP4,5.0,1
B001MS7DMC,5.0,1
B001MS78RW,4.0,1
B001MS3Z42,5.0,1
B001MRZZVY,5.0,1
B001MQIYPO,5.0,1
B001MQEZFM,5.0,1
B001MQERBY,4.0,1
B001MQCF1I,5.0,1
B001MQ8YXG,4.0,1
B001M5IF40,5.0,1
B001LGHHA8,5.0,1
B001LIWA4O,5.0,1
B001LIRARQ,5.0,1
B001LIQ2BQ,5.0,1
B001LIOD58,5.0,1
B001LIM2O2,5.0,1
B001LIGAHM,4.0,1
B001LIG3EM,5.0,1
B001LI1AP4,5.0,1
B001LHMSY2,4.0,1
B001LGTMYM,5.0,1
B001LGOR92,5.0,1
B001LGIMBG,5.0,1
B001LGHX0W,4.0,1
B001LGE9LS,5.0,1
B001M5I8MY,5.0,1
B001LGDG44,5.0,1
B001LGC96A,5.0,1
B001LGC6AE,4.0,1
B001LG98UK,5.0,1
B001LFKSV4,5.0,1
B001LFK4MC,4.0,1
B001LFJUQS,4.0,1
B001LFIAJQ,5.0,1
B001LFG8BS,4.0,1
B001LIXQ0G,5.0,1
B001LJKVDA,5.0,1
B001LJLS78,5.0,1
B001LNOERU,5.0,1
B001LNOEOS,5.0,1
B001LNOEMA,5.0,1
B001LNOEGQ,5.0,1
B001LNOEDO,5.0,1
B001LNOE9S,5.0,1
B001LNOE8E,5.0,1
B001LNOE70,5.0,1
B001LNODTE,5.0,1
B001LNODPS,4.0,1
B001LNODP8,5.0,1
B001LNODNU,5.0,1
B001LNODKS,5.0,1
B001LNMD6Y,5.0,1
B001LNHRKG,5.0,1
B001LNE1C8,5.0,1
B001LMZK1A,5.0,1
B001LMWN0G,4.0,1
B001LM0JMA,5.0,1
B001LJQO6I,5.0,1
B001LJMHHI,5.0,1
B001LFG4PS,5.0,1
B001LFFZO4,5.0,1
B001LFFVMU,5.0,1
B001LF4B2Q,5.0,1
B001LF4B0S,5.0,1
B001LEWO9O,4.0,1
B001LEPAXG,5.0,1
B001LEOHYE,5.0,1
B001LDAPU0,5.0,1
B001LD9P74,5.0,1
B001LD3L60,5.0,1
B001LCHZCW,5.0,1
B001LBXBYO,4.0,1
B001LBXBE4,5.0,1
B001LBX8LU,5.0,1
B001LBX64Y,5.0,1
B001LBVPUG,5.0,1
B001LBU42G,5.0,1
B001LBTZ1W,5.0,1
B001LBSGDK,5.0,1
B001LBS5HM,4.0,1
B001LBS446,5.0,1
B001LBS2BG,5.0,1
B001LBS1LC,5.0,1
B001LBQD12,5.0,1
B001LBOU6W,5.0,1
B001LBGXEE,5.0,1
B001LBDFX6,5.0,1
B001LF4B3K,4.0,1
B001LFFUW6,5.0,1
B001LF4B44,5.0,1
B001LFFUR6,5.0,1
B001LFFUP8,5.0,1
B001LFFRYM,5.0,1
B001LFFA62,5.0,1
B001LFES88,5.0,1
B001LFEGQC,5.0,1
B001LFE0G8,5.0,1
B001LFCDGM,5.0,1
B001LFAFAI,4.0,1
B001LFA030,5.0,1
B001LF85VY,5.0,1
B001LF82OO,5.0,1
B001LF6BJ2,5.0,1
B001LF620U,5.0,1
B001LF4DOC,5.0,1
B001LF4DNI,5.0,1
B001LF4DHY,5.0,1
B001LF4D92,4.0,1
B001LF4D74,5.0,1
B001LF4CZ2,5.0,1
B001LF4CWA,5.0,1
B001LF4CVG,4.0,1
B001LF4BIK,5.0,1
B001LF4BG2,4.0,1
B001LNR2M4,5.0,1
B001LNVVM6,5.0,1
B001M5D8AQ,5.0,1
B001M5D5OU,5.0,1
B001M5BKBU,5.0,1
B001M5BIGW,4.0,1
B001M5BDQ2,5.0,1
B001M5BCV8,5.0,1
B001M5BC0O,5.0,1
B001M5BBUA,5.0,1
B001M5BAY2,5.0,1
B001M58Y5K,5.0,1
B001M58RAW,5.0,1
B001M58L76,5.0,1
B001M58FCC,5.0,1
B001M52NT8,4.0,1
B001M50E8U,5.0,1
B001M2EYH0,5.0,1
B001M2D7ZK,5.0,1
B001M29I5I,5.0,1
B001M20XFW,5.0,1
B001M1TLM4,5.0,1
B001M5D892,5.0,1
B001LYOSZC,4.0,1
B001M5I5TU,5.0,1
B001M5I356,5.0,1
B001M5HTCE,5.0,1
B001M5H8MU,5.0,1
B001M5H7OO,5.0,1
B001M5H3YS,5.0,1
B001M5H2YY,5.0,1
B001M5H1JA,5.0,1
B001M5GUU6,4.0,1
B001M5GSAI,5.0,1
B001M5GS7G,4.0,1
B001M5FZ8O,5.0,1
B001M5FC8M,5.0,1
B001M5F8QS,5.0,1
B001M5F7LO,5.0,1
B001M5F5IE,4.0,1
B001M5F58O,5.0,1
B001M5F39K,5.0,1
B001M5F1QA,4.0,1
B001M5ESTQ,5.0,1
B001M5DU04,5.0,1
B001M5DIGK,5.0,1
B001M5DHOS,5.0,1
B001M5DDEW,5.0,1
B001M5DCKC,5.0,1
B001LZT5DQ,5.0,1
B001LYLFFI,4.0,1
B001LOO5E6,5.0,1
B001LUEK18,5.0,1
B001LU1E6W,5.0,1
B001LU0W3I,4.0,1
B001LTXIN0,5.0,1
B001LTTQHM,4.0,1
B001LTTQGI,5.0,1
B001LR7CES,5.0,1
B001LQYMLK,5.0,1
B001LQYMH4,5.0,1
B001LQXDGU,5.0,1
B001LQPO7Q,5.0,1
B001LQPLL0,5.0,1
B001LQN7DO,5.0,1
B001LQN01S,5.0,1
B001LQMCOE,5.0,1
B001LQL9QQ,5.0,1
B001LQJBXE,5.0,1
B001LQH7E4,5.0,1
B001LQ9NWS,5.0,1
B001LQ80RM,5.0,1
B001LOYLOA,5.0,1
B001LUVF6G,4.0,1
B001LW50IS,5.0,1
B001LYI4O8,5.0,1
B001LW81S4,5.0,1
B001LYI4HA,5.0,1
B001LYH9IK,4.0,1
B001LYGSNC,5.0,1
B001LYGNGO,5.0,1
B001LYG6JS,5.0,1
B001LYEZGY,5.0,1
B001LYEPMS,5.0,1
B001LXUFIC,5.0,1
B001LXUFCI,5.0,1
B001LXTWDG,5.0,1
B001LXTQUA,4.0,1
B001LXS124,5.0,1
B001LXRHO2,5.0,1
B001LXQ5TU,4.0,1
B001LXP6QS,5.0,1
B001LXOHHC,4.0,1
B001LXOHFO,4.0,1
B001LXN12Y,5.0,1
B001LXMVNO,5.0,1
B001LXMVMA,5.0,1
B001LX0YOW,5.0,1
B001LWA5BK,5.0,1
B001MVKYWK,4.0,1
B001MVSM60,5.0,1
B001MVSPOY,5.0,1
B001OMCNTY,4.0,1
B001OQO5X2,5.0,1
B001OQFEGY,5.0,1
B001OPFCLW,5.0,1
B001OPF48I,4.0,1
B001OOLOSI,4.0,1
B001OODHWY,5.0,1
B001OOC0PY,5.0,1
B001OO4J2Q,5.0,1
B001OMI9Y2,4.0,1
B001OMI9NI,5.0,1
B001OM89BK,5.0,1
B001OM2KSI,4.0,1
B001OLYEIS,5.0,1
B001OLMH0U,5.0,1
B001OK7R1U,5.0,1
B001OK1YGY,4.0,1
B001OJNSLY,4.0,1
B001OJM90A,5.0,1
B001OJJ7A0,5.0,1
B001OJFI8U,5.0,1
B001OJAAGU,5.0,1
B001OJA0D8,5.0,1
B001OJ7XGU,5.0,1
B001OQUNWY,5.0,1
B001OQWJD0,5.0,1
B001OQXQVY,5.0,1
B001OR86SG,5.0,1
B001OYITPY,5.0,1
B001OYB2RQ,5.0,1
B001OY5U7E,4.0,1
B001OY22VG,5.0,1
B001OXX3I8,5.0,1
B001OWJHTI,5.0,1
B001OWFTFE,5.0,1
B001OVN7XQ,4.0,1
B001OVF6T4,5.0,1
B001OU58LG,5.0,1
B001OU49XY,5.0,1
B001OU2HWO,4.0,1
B001OTMT4Q,4.0,1
B001OTHXCY,5.0,1
B001OTHF86,5.0,1
B001OTG0L4,5.0,1
B001OTAHWC,4.0,1
B001OT9YD0,5.0,1
B001OSMG0Y,5.0,1
B001OSFIPY,5.0,1
B001OS9IT6,5.0,1
B001ORA2PG,5.0,1
B001ORA0PS,5.0,1
B001OR86VI,4.0,1
B001OJ5L28,5.0,1
B001OJ2XYW,5.0,1
B001OFB2N4,5.0,1
B001OF5BO0,5.0,1
B001ODS3H4,5.0,1
B001ODS3GU,5.0,1
B001ODLL50,4.0,1
B001OD2C3U,4.0,1
B001OCMM18,5.0,1
B001OC89VU,5.0,1
B001OC6CAU,5.0,1
B001OC4ZYK,5.0,1
B001OBVK3A,5.0,1
B001OBOD84,4.0,1
B001OB4G9K,5.0,1
B001OAXDEK,4.0,1
B001OAVF9K,4.0,1
B001OAVF7W,5.0,1
B001OAVASG,5.0,1
B001OAU0XC,4.0,1
B001OAPMZS,4.0,1
B001OAPMYE,5.0,1
B001OAB7N4,4.0,1
B001OA9ECA,5.0,1
B001OA4FEC,5.0,1
B001OA2I4G,5.0,1
B001OA0PKK,4.0,1
B001OFA6VS,5.0,1
B001OFR4OK,5.0,1
B001OFVAD6,5.0,1
B001OIO0IK,5.0,1
B001OIEZYO,5.0,1
B001OIAYAI,5.0,1
B001OI9NP0,5.0,1
B001OI8GSK,4.0,1
B001OI82WA,5.0,1
B001OI81GC,5.0,1
B001OI5K16,5.0,1
B001OI4JR2,5.0,1
B001OI48QY,5.0,1
B001OI42NI,5.0,1
B001OI13SA,5.0,1
B001OI13MQ,4.0,1
B001OI0YGM,5.0,1
B001OHZFWQ,5.0,1
B001OHZ6WA,4.0,1
B001OHX8UW,5.0,1
B001OHX8TS,5.0,1
B001OHUSYG,5.0,1
B001OHSYJM,5.0,1
B001OHSXBG,5.0,1
B001OGQXSC,5.0,1
B001OGN7HM,5.0,1
B001OGLZDU,5.0,1
B001OGL2MY,4.0,1
B001OGJVQ8,5.0,1
B001OGGYAY,4.0,1
B001OZZTEW,4.0,1
B001OZZTJC,5.0,1
B001P0H25A,5.0,1
B001P97TMM,5.0,1
B001P92FTE,5.0,1
B001P9276K,5.0,1
B001P88T18,5.0,1
B001P7WQAE,5.0,1
B001P7RWYY,5.0,1
B001P7BEMK,5.0,1
B001P7ASZE,4.0,1
B001P7APU2,5.0,1
B001P78B8U,5.0,1
B001P788GA,5.0,1
B001P76DJ4,5.0,1
B001P7549O,5.0,1
B001P739YQ,4.0,1
B001P72YAQ,5.0,1
B001P72EIS,5.0,1
B001P71UL0,5.0,1
B001P700KM,5.0,1
B001P6ZIU0,5.0,1
B001P6ZC6A,5.0,1
B001P6BTGM,5.0,1
B001P69X0Q,5.0,1
B001P93XD6,4.0,1
B001P9D79Q,5.0,1
B001P5V06C,5.0,1
B001PFAI42,5.0,1
B001PF8JF2,5.0,1
B001PF1UP8,5.0,1
B001PE0KQY,5.0,1
B001PDN4AY,5.0,1
B001PDJVGK,5.0,1
B001PDFAW4,5.0,1
B001PBZ6T8,5.0,1
B001PBQF0W,5.0,1
B001PBQF0M,5.0,1
B001PBQEZI,4.0,1
B001PBQCGE,4.0,1
B001PBNC9O,5.0,1
B001PBMA74,4.0,1
B001PBM9C0,5.0,1
B001PBFDXM,4.0,1
B001PBFDJ6,5.0,1
B001PBDGO0,5.0,1
B001PB9NNS,5.0,1
B001PB9F6S,4.0,1
B001PAX9D4,5.0,1
B001PACWTQ,5.0,1
B001PA9LJA,5.0,1
B001P9SFNO,5.0,1
B001P9L63U,5.0,1
B001P9IHSC,5.0,1
B001P62PVU,5.0,1
B001P5UZFY,5.0,1
B001P0MXKO,5.0,1
B001P4VU5Y,5.0,1
B001P4RWRE,5.0,1
B001P4OSTE,5.0,1
B001P4EKYM,5.0,1
B001P4EGR8,4.0,1
B001P4D0IY,4.0,1
B001P47ILO,4.0,1
B001P3WU0Y,5.0,1
B001P3UQ5A,5.0,1
B001P3TPBQ,5.0,1
B001P3TP2K,5.0,1
B001P3SR0G,4.0,1
B001P3074U,5.0,1
B001P2YHR4,5.0,1
B001P2VTJ8,4.0,1
B001P2U138,5.0,1
B001P2TLTS,5.0,1
B001P2TCLU,5.0,1
B001P2O1GQ,5.0,1
B001P2LT8E,5.0,1
B001P2IKB8,5.0,1
B001P24VDO,5.0,1
B001P1KPR6,5.0,1
B001P4RWRY,4.0,1
B001P4WKB2,5.0,1
B001P5TB4U,5.0,1
B001P4Y1TQ,5.0,1
B001P5T9GU,5.0,1
B001P5R8AE,5.0,1
B001P5R71E,5.0,1
B001P5NE3E,5.0,1
B001P5MN9A,5.0,1
B001P5IE5M,5.0,1
B001P5IE4I,5.0,1
B001P5IE3O,5.0,1
B001P5IDVM,5.0,1
B001P5E7CG,5.0,1
B001P5E6YU,5.0,1
B001P5E6I6,5.0,1
B001P5E6E0,5.0,1
B001P5C8QI,5.0,1
B001P5C8OA,4.0,1
B001P5C7FK,5.0,1
B001P5C7CI,5.0,1
B001P5AETQ,4.0,1
B001P5AEL4,5.0,1
B001P58H2W,5.0,1
B001P53DQ2,5.0,1
B001P4ZQY0,5.0,1
B001O9MCM0,4.0,1
B001O97CN4,5.0,1
B001NAUBVE,5.0,1
B001N9O3RI,5.0,1
B001N9DOEG,5.0,1
B001N92M3U,4.0,1
B001N880L4,5.0,1
B001N84PPO,5.0,1
B001N7QPY4,5.0,1
B001N7NMXG,5.0,1
B001N7LIXM,4.0,1
B001N7AT4Q,4.0,1
B001N7ARSO,5.0,1
B001N5VHJ4,5.0,1
B001N5TIA4,5.0,1
B001N5RGN0,5.0,1
B001N5NZ9Y,5.0,1
B001N5KVYQ,5.0,1
B001N5DVI4,5.0,1
B001N4RG2M,5.0,1
B001N4KTZS,5.0,1
B001N44BUW,5.0,1
B001N44BUM,5.0,1
B001N444KO,5.0,1
B001N4406M,5.0,1
B001N3YED2,4.0,1
B001N3QLW4,5.0,1
B001N3LA2U,5.0,1
B001NAFL7S,5.0,1
B001NB4N44,5.0,1
B001N2V54Y,5.0,1
B001NB659A,5.0,1
B001NJSJEG,5.0,1
B001NJKKMU,5.0,1
B001NJIAF4,5.0,1
B001NI1JH6,5.0,1
B001NHU9WS,5.0,1
B001NHFKGI,5.0,1
B001NHE2YE,5.0,1
B001NHE2Q2,5.0,1
B001NH8I6W,5.0,1
B001NH5I1U,5.0,1
B001NH1LRA,5.0,1
B001NGKHIU,5.0,1
B001NG75MG,5.0,1
B001NG1HMA,5.0,1
B001NFYC6E,5.0,1
B001NFSV8E,5.0,1
B001NF3UDK,5.0,1
B001NEF98A,5.0,1
B001NDKMNS,5.0,1
B001NDIUFA,5.0,1
B001NDC290,4.0,1
B001NCAOP0,5.0,1
B001NC4C0I,5.0,1
B001NBS8JK,5.0,1
B001NBB10S,5.0,1
B001N35GQ6,5.0,1
B001NMP4WS,5.0,1
B001MY13Z4,5.0,1
B001MY0M4M,5.0,1
B001MXSGOG,5.0,1
B001MXQ12U,5.0,1
B001MXNA24,5.0,1
B001MXK7IY,5.0,1
B001MXK7AC,5.0,1
B001MXJI52,5.0,1
B001MXJ4VK,5.0,1
B001MXHUEI,5.0,1
B001MX5JX2,4.0,1
B001MWCY54,4.0,1
B001MWCU80,5.0,1
B001MWCQJS,4.0,1
B001MW9CG8,5.0,1
B001MW6GCQ,5.0,1
B001MW5PCS,5.0,1
B001MW1HRU,4.0,1
B001MVT142,5.0,1
B001MY19IA,5.0,1
B001MY2XYE,4.0,1
B001N2R4BW,5.0,1
B001MY8S1G,4.0,1
B001N2H5PW,5.0,1
B001N1OF0G,5.0,1
B001N1JOWU,5.0,1
B001N1J7ZY,5.0,1
B001N1J7M2,4.0,1
B001N1H61G,4.0,1
B001N1CDQO,5.0,1
B001N16DNS,4.0,1
B001N14WA4,5.0,1
B001N0ZT4I,5.0,1
B001N0XB6G,4.0,1
B001N0SDZA,5.0,1
B001N0N9UY,5.0,1
B001N0LV3G,5.0,1
B001N0LUT6,5.0,1
B001N08H7O,5.0,1
B001N042CS,5.0,1
B001N00STO,5.0,1
B001MZYCQU,5.0,1
B001MZXIGK,4.0,1
B001MYG1Q0,5.0,1
B001MY8YZ6,4.0,1
B001NJTR7O,5.0,1
B001NMPME8,5.0,1
B001O94GL0,5.0,1
B001O4ZMHC,4.0,1
B001O4K5B0,5.0,1
B001O4GF9Q,5.0,1
B001O4FFH4,5.0,1
B001O4BFMS,5.0,1
B001O4B514,5.0,1
B001O47HS4,5.0,1
B001O3WCW6,4.0,1
B001O3U5DY,5.0,1
B001O3CAKK,5.0,1
B001O2XPLY,5.0,1
B001O2N33Y,5.0,1
B001O2L3TU,5.0,1
B001O2IYJ2,4.0,1
B001O2F8FA,5.0,1
B001O21JAS,5.0,1
B001O1SNIK,5.0,1
B001O1KOWS,5.0,1
B001O4NIAA,5.0,1
B001O51GUI,5.0,1
B001O1J1MW,5.0,1
B001O53Q7Y,5.0,1
B001O94G1A,5.0,1
B001O92JVO,4.0,1
B001O8Z7OG,4.0,1
B001O8XPSQ,5.0,1
B001O8VWTK,5.0,1
B001O8PT3A,4.0,1
B001O8PP1Q,5.0,1
B001O8NO2S,4.0,1
B001O8MIGQ,5.0,1
B001O8KJWQ,5.0,1
B001O88B3A,5.0,1
B001O87OO2,5.0,1
B001O87032,4.0,1
B001O86GOQ,5.0,1
B001O85T1C,5.0,1
B001O7YHUC,5.0,1
B001O7X7QM,5.0,1
B001O7OPW2,5.0,1
B001O7EE9Q,5.0,1
B001O766B0,5.0,1
B001O6SMYA,5.0,1
B001O6F8LK,5.0,1
B001O62VBA,5.0,1
B001O5VNJW,5.0,1
B001O5PPIW,5.0,1
B001O1KM20,5.0,1
B001O1IIKI,5.0,1
B001NMQY22,5.0,1
B001NWBNZ0,5.0,1
B001NW7QJM,5.0,1
B001NW6T0Y,5.0,1
B001NW6SIW,5.0,1
B001NVQUY0,4.0,1
B001NVFUDM,5.0,1
B001NVFU82,5.0,1
B001NUPA74,5.0,1
B001NU3EHC,5.0,1
B001NTE7FQ,5.0,1
B001NTDHW0,5.0,1
B001NSM0MY,5.0,1
B001NRTH1W,5.0,1
B001NRE61I,5.0,1
B001NRC7R8,4.0,1
B001NQGFEK,5.0,1
B001NP5HMW,5.0,1
B001NP1R3A,5.0,1
B001NOWFDW,5.0,1
B001NOO9CW,5.0,1
B001NN13JU,5.0,1
B001NWBNAK,5.0,1
B001NWFCNY,5.0,1
B001O1I6OG,5.0,1
B001NWFEQO,5.0,1
B001O1I6NW,5.0,1
B001O1I32G,4.0,1
B001O1EUNW,4.0,1
B001O1D7OK,5.0,1
B001O11U1W,5.0,1
B001O0XC5A,5.0,1
B001O0PSZ2,5.0,1
B001O0PSX4,5.0,1
B001O0ODA8,4.0,1
B001O0HV5C,5.0,1
B001O0DBG0,5.0,1
B001O08CSC,5.0,1
B001NZX35K,5.0,1
B001NZTEXU,5.0,1
B001NZPCGI,5.0,1
B001NZ5QFA,5.0,1
B001NY15OC,5.0,1
B001NXQJTE,5.0,1
B001NXQ5G6,5.0,1
B001NXPKGM,5.0,1
B001NXOASG,5.0,1
B001NXIXFM,4.0,1
B001NXHZ2E,5.0,1
B001NWGNK0,5.0,1
B001UB8Q68,5.0,1
B001UBAM5G,4.0,1
B001LA1RXC,5.0,1
B002A0ZVG6,5.0,1
B002A5DLRM,4.0,1
B002A4FLG2,5.0,1
B002A3SX9K,5.0,1
B002A38U5M,5.0,1
B002A32J7W,5.0,1
B002A2RV58,5.0,1
B002A18D4W,5.0,1
B002A0JGGW,5.0,1
B0029LBMXM,4.0,1
B002A07984,4.0,1
B002A05MUQ,5.0,1
B002A046R6,5.0,1
B0029ZYRRG,5.0,1
B0029Z9OUQ,5.0,1
B0029Z9OSS,5.0,1
B0029Z9ORY,5.0,1
B0029YJH90,5.0,1
B0029Y73P0,5.0,1
B0029XZ7OK,5.0,1
B002A6DKAY,5.0,1
B002A6J4S6,5.0,1
B002A738UU,5.0,1
B002ADT344,5.0,1
B002ADM5NU,5.0,1
B002ADM4UO,5.0,1
B002ADLCV6,5.0,1
B002ADKETM,5.0,1
B002ADIIFO,4.0,1
B002ACMO6Y,4.0,1
B002ACKIGC,5.0,1
B002ACKG6Y,5.0,1
B002ACFE9S,5.0,1
B002ABZYDA,5.0,1
B002ABQJB6,5.0,1
B002AB8XW4,5.0,1
B002A9KIME,5.0,1
B002A9ELF4,4.0,1
B002A92OU8,4.0,1
B002A8WBU2,5.0,1
B002A8W8BO,5.0,1
B002A8M26A,4.0,1
B002A79R7I,5.0,1
B002A77QDK,5.0,1
B0029XNSOG,5.0,1
B0029XKZII,5.0,1
B0029T20JE,5.0,1
B0029SHU04,5.0,1
B0029S7Q12,5.0,1
B0029RHP0U,4.0,1
B0029RHORE,5.0,1
B0029RFK9S,5.0,1
B0029RE91S,4.0,1
B0029PRQRO,5.0,1
B0029PQ0AS,5.0,1
B0029OPW0S,5.0,1
B0029OAC4E,5.0,1
B0029NAAA6,5.0,1
B0029N9Q1A,5.0,1
B0029N517I,5.0,1
B0029N27WU,5.0,1
B0029MQRYA,5.0,1
B0029MEX82,5.0,1
B0029M3PKE,5.0,1
B0029LW9MA,5.0,1
B0029LW00G,5.0,1
B0029LQS4K,5.0,1
B0029LHSS0,5.0,1
B0029T3UIE,4.0,1
B0029XJWOG,5.0,1
B0029XI89G,5.0,1
B0029XHZ4K,5.0,1
B0029XHSRO,5.0,1
B0029XHS0Q,5.0,1
B0029XCAA4,5.0,1
B0029XB7WQ,5.0,1
B0029X0TOS,4.0,1
B0029WN5Y0,5.0,1
B0029WFWI2,4.0,1
B0029W2474,5.0,1
B0029VEKRC,5.0,1
B0029VCO7K,5.0,1
B0029VCINK,5.0,1
B0029VAWYW,5.0,1
B0029VAW88,5.0,1
B0029V8TSI,5.0,1
B0029V8SNO,5.0,1
B0029UAF5E,5.0,1
B0029U8TSO,5.0,1
B0029U85TW,5.0,1
B0029U6RA6,5.0,1
B0029U0YUA,5.0,1
B0029U0YEQ,5.0,1
B002ADTCV8,5.0,1
B002AEFRGQ,5.0,1
B002AEOQO0,5.0,1
B002B3BL20,5.0,1
B002B211EY,4.0,1
B002B1XJKO,5.0,1
B002B1UA6K,5.0,1
B002AZSCQ2,5.0,1
B002AZ5AO4,5.0,1
B002AZ4HJI,5.0,1
B002AX7ZRQ,5.0,1
B002AWG7Y4,5.0,1
B002AVX8AQ,5.0,1
B002ATZSH4,5.0,1
B002ATPR6G,5.0,1
B002ATH8KO,5.0,1
B002ATBCLK,4.0,1
B002ASVW7U,5.0,1
B002AS9R7C,4.0,1
B002AS4M8G,5.0,1
B002AS38KO,5.0,1
B002ARUZEM,5.0,1
B002AR55A6,5.0,1
B002AQJ8NW,5.0,1
B002AQFN4A,5.0,1
B002AQF8Y0,5.0,1
B002AQEC1U,4.0,1
B002AQCB9A,5.0,1
B002B27IVE,5.0,1
B002B461CO,5.0,1
B002AQ40JE,5.0,1
B002B4I99W,5.0,1
B002B7O3G2,5.0,1
B002B60KTW,5.0,1
B002B5UBTW,5.0,1
B002B5S2O8,5.0,1
B002B5R91K,5.0,1
B002B5R7YY,4.0,1
B002B5N6J4,5.0,1
B002B5LHEK,5.0,1
B002B5JBV6,5.0,1
B002B5J93Q,5.0,1
B002B5HRFI,5.0,1
B002B5DRKW,5.0,1
B002B5CRUI,5.0,1
B002B5A87M,5.0,1
B002B5A3TA,5.0,1
B002B58KN6,5.0,1
B002B54MU6,5.0,1
B002B54MR4,5.0,1
B002B4VSJ0,5.0,1
B002B4UB9I,5.0,1
B002B4P738,5.0,1
B002B4ODKQ,5.0,1
B002B4NQPO,5.0,1
B002B4JORS,5.0,1
B002B4JNW4,5.0,1
B002APD910,5.0,1
B002AMNCHY,4.0,1
B002AMDBBQ,5.0,1
B002AKNQI6,5.0,1
B002AK4ZMC,5.0,1
B002AK4Z4K,5.0,1
B002AK3R4O,5.0,1
B002AK2T1G,5.0,1
B002AK2SDK,5.0,1
B002AJJLAO,5.0,1
B002AJ3X4E,4.0,1
B002AI5ULY,5.0,1
B002AI43T4,4.0,1
B002AI40CY,5.0,1
B002AH5RS6,5.0,1
B002AH46JW,5.0,1
B002AGTV84,5.0,1
B002AGHLGI,5.0,1
B002AMPTR0,5.0,1
B002AMUFA6,5.0,1
B002AMUFEC,5.0,1
B002ANOGKK,5.0,1
B002ANNHYG,5.0,1
B002ANNHQY,5.0,1
B002ANNAZM,5.0,1
B002ANLJL4,5.0,1
B002ANJT02,5.0,1
B002ANHWYC,5.0,1
B002ANHSAK,5.0,1
B002ANHS6O,5.0,1
B002AMZ7FE,4.0,1
B002AMUGQE,5.0,1
B002AMUGNW,5.0,1
B002AMUGLE,5.0,1
B002AMUGL4,5.0,1
B002AMUGFK,5.0,1
B002AMUGF0,5.0,1
B002AMUGE6,4.0,1
B002AMUGBO,4.0,1
B002AMUGAK,5.0,1
B002AMUG14,5.0,1
B002AMUG0K,4.0,1
B002AMUFTC,4.0,1
B002AMUFMO,4.0,1
B002AMUFK6,5.0,1
B002AMUFG0,5.0,1
B0029LGZ7A,5.0,1
B0029LA2N8,4.0,1
B002B8CYX0,5.0,1
B0028B4BUO,5.0,1
B0028AQ3KG,5.0,1
B0028A8QQA,4.0,1
B0028A5CI0,5.0,1
B00289LPHI,5.0,1
B00289FJ34,5.0,1
B00288DGCG,5.0,1
B00287HURE,5.0,1
B00287EAP4,5.0,1
B00286LLU2,5.0,1
B0029L5Y9A,5.0,1
B00286JLR2,5.0,1
B00285QKGI,5.0,1
B00285I6ME,5.0,1
B00285GXG0,4.0,1
B00283CWYY,5.0,1
B0028370T6,5.0,1
B0028349QS,5.0,1
B002831FTW,5.0,1
B0028BPXA6,4.0,1
B0028BXHMM,5.0,1
B0028BXI6M,5.0,1
B0028C4QAS,5.0,1
B0028IYLUC,5.0,1
B0028IXBDU,5.0,1
B0028ILTIY,4.0,1
B0028IJKSK,5.0,1
B0028IE0J4,5.0,1
B0028H8AEG,5.0,1
B0028H22E0,5.0,1
B0028GXYKC,5.0,1
B0028G0BM6,5.0,1
B0028FYBOQ,5.0,1
B0028FQ1E4,5.0,1
B0028EGZ1Y,5.0,1
B0028E61EK,5.0,1
B0028E2P2C,5.0,1
B0028DXYZU,5.0,1
B0028DG71I,5.0,1
B0028DFDU4,5.0,1
B0028D622W,5.0,1
B0028D2X2U,5.0,1
B0028D1AC4,5.0,1
B0028D0Z3Y,5.0,1
B0028CY5HC,5.0,1
B0028CH4IO,5.0,1
B0028CFGPC,5.0,1
B0028C8I0M,4.0,1
B00282YAZY,5.0,1
B00282W5RE,4.0,1
B0027U7K6S,5.0,1
B0027RR1S8,5.0,1
B0027P3XKU,5.0,1
B0027P1XS4,5.0,1
B0027OY11Q,5.0,1
B0027OSUX6,5.0,1
B0027OLP3S,4.0,1
B0027NXPWI,5.0,1
B0027MUT5A,5.0,1
B0027MA5XG,5.0,1
B0027KXUN0,4.0,1
B0027KVPHI,5.0,1
B0027K9OTO,5.0,1
B0027JBKJ2,5.0,1
B0027J98LO,5.0,1
B0027IXLYA,5.0,1
B0027IXKMS,5.0,1
B0027IVKT8,5.0,1
B0027I8GKO,4.0,1
B0027I5XWS,5.0,1
B0027I5RME,4.0,1
B0027I3CLW,5.0,1
B0027HLW4M,5.0,1
B0027SDWGC,5.0,1
B0027U958E,5.0,1
B00282OHC0,5.0,1
B00282OGJ4,5.0,1
B00282MEBG,5.0,1
B00282MDRQ,5.0,1
B00282JBUS,5.0,1
B0028295UY,5.0,1
B002822NP8,5.0,1
B00281LL6Q,5.0,1
B00280UT6A,5.0,1
B00280D304,5.0,1
B00280ATLU,5.0,1
B0027Z5RL8,5.0,1
B0027Z1PQO,5.0,1
B0027Y8R0M,4.0,1
B0027Y6PH4,5.0,1
B0027XPBDY,5.0,1
B0027XLB4W,5.0,1
B0027VV78E,5.0,1
B0027VNV4C,4.0,1
B0027VJPCO,4.0,1
B0027VHUK8,5.0,1
B0027UTEQC,5.0,1
B0028JR5K4,4.0,1
B00297XCW0,5.0,1
B00297UN3Q,5.0,1
B00297A5GG,5.0,1
B0029746DY,5.0,1
B00296O0RC,5.0,1
B0029648CY,4.0,1
B00295Z7BQ,5.0,1
B00295Z1MQ,5.0,1
B00295XXNU,5.0,1
B00295WZSE,5.0,1
B0029444MA,5.0,1
B00292TJA4,5.0,1
B00292NK2C,5.0,1
B0029286BC,5.0,1
B00291Z85A,5.0,1
B00291XB36,5.0,1
B00291AU5S,5.0,1
B00290VAHQ,5.0,1
B00290ICGS,5.0,1
B00290E2R6,5.0,1
B002909KQY,5.0,1
B0028ZVXW4,5.0,1
B0028ZCNIM,5.0,1
B00297UN6S,5.0,1
B00297YT0E,5.0,1
B0029L5CM4,5.0,1
B0029KIPB0,4.0,1
B0029KH9EO,5.0,1
B0029JYFCO,5.0,1
B0029JVJBE,5.0,1
B0029F66P2,5.0,1
B0029F2HT6,5.0,1
B0029F2HPU,5.0,1
B0029EY6MS,5.0,1
B0029EY6KU,5.0,1
B0029EWAD0,5.0,1
B0029ENXKO,4.0,1
B0029DFQV4,5.0,1
B0029D78QA,5.0,1
B0029BCKVU,5.0,1
B0029AXPRY,5.0,1
B0029AUL1C,5.0,1
B0029AHSNG,5.0,1
B0029AEJEC,5.0,1
B0029AD6AK,5.0,1
B0029ACAUC,5.0,1
B0029A4OSS,5.0,1
B0029A1NLO,5.0,1
B00299O68W,5.0,1
B00299A0VY,4.0,1
B0028Z2IRS,5.0,1
B0028WMKQU,5.0,1
B0028KSFB6,4.0,1
B0028Q7EH6,5.0,1
B0028Q01NA,5.0,1
B0028POAC4,5.0,1
B0028PJ4PC,5.0,1
B0028PBFAY,5.0,1
B0028PBEVO,5.0,1
B0028PBDZ6,5.0,1
B0028P5SF2,5.0,1
B0028P34X0,5.0,1
B0028OXSEQ,5.0,1
B0028OJI6S,4.0,1
B0028OHBXA,4.0,1
B0028OG04G,5.0,1
B0028ODV2U,5.0,1
B0028ODOXQ,5.0,1
B0028N44AE,5.0,1
B0028N0Y12,5.0,1
B0028MKS9Q,5.0,1
B0028MHM6S,5.0,1
B0028MGZP2,5.0,1
B0028MGTNA,5.0,1
B0028LLV7U,4.0,1
B0028LFZI6,5.0,1
B0028LCHNC,5.0,1
B0028Q1XM8,5.0,1
B0028QAITM,5.0,1
B0028WI1AY,5.0,1
B0028W4CDY,5.0,1
B0028V0BXU,5.0,1
B0028UU460,5.0,1
B0028UDLDS,5.0,1
B0028TX7EW,5.0,1
B0028T4F6G,5.0,1
B0028T2APO,5.0,1
B0028SW6PO,5.0,1
B0028SGIPS,5.0,1
B0028SGFOC,5.0,1
B0028SEJD6,5.0,1
B0028SB84E,4.0,1
B0028S7EKQ,5.0,1
B0028S6T5C,5.0,1
B0028S6RJA,5.0,1
B0028S5304,4.0,1
B0028S503O,5.0,1
B0028S111E,5.0,1
B0028S0WVO,5.0,1
B0028S0RTQ,5.0,1
B0028R729U,4.0,1
B0028R362W,5.0,1
B0028QUCE8,5.0,1
B002B8EVBI,5.0,1
B001UBKO2M,5.0,1
B002CYNSH4,5.0,1
B002CYCY2O,5.0,1
B002CYC064,5.0,1
B002CY2L1S,4.0,1
B002CXZCE2,5.0,1
B002CX7HJK,5.0,1
B002CWK4EG,5.0,1
B002CW9WO4,5.0,1
B002CVTX6W,5.0,1
B002CVT4FM,5.0,1
B002CVEH90,5.0,1
B002CVEH7W,5.0,1
B002CVB8WY,5.0,1
B002CG9BL4,5.0,1
B002CTLGUU,5.0,1
B002CTI4NC,5.0,1
B002CTE0XK,5.0,1
B002CTDXRE,5.0,1
B002CTCIKW,5.0,1
B002CT9O04,5.0,1
B002CT82NE,4.0,1
B002CT819O,5.0,1
B002CT7ZTG,4.0,1
B002CT7HOE,4.0,1
B002CT7FV4,5.0,1
B002CYNTMI,5.0,1
B002CYPDRW,5.0,1
B002CYXAUY,5.0,1
B002D4II00,5.0,1
B002D4H7V6,4.0,1
B002D4H6R6,5.0,1
B002D4H3VA,5.0,1
B002D4H2KC,5.0,1
B002D4F0WY,5.0,1
B002D48QTI,5.0,1
B002D48QS4,5.0,1
B002D48QQG,5.0,1
B002D48QJS,5.0,1
B002D44SX6,4.0,1
B002D3YQOS,5.0,1
B002D3DSDI,5.0,1
B002D35PN4,5.0,1
B002D33OCS,4.0,1
B002D31074,4.0,1
B002D2VFDY,5.0,1
B002D1QMNS,5.0,1
B002D0WF9E,5.0,1
B002CZT372,4.0,1
B002CZNAAS,5.0,1
B002CZMRZ2,5.0,1
B002CYXJP0,5.0,1
B002CT6D9E,5.0,1
B002CT4PIA,4.0,1
B002CMVWL0,5.0,1
B002CMNM8Q,5.0,1
B002CMNBW8,4.0,1
B002CMLTXQ,5.0,1
B002CMLRYM,5.0,1
B002CMLH9C,5.0,1
B002CMLH5G,5.0,1
B002CK87ZQ,5.0,1
B002CK72BQ,5.0,1
B002CK57DG,5.0,1
B002CJYA58,5.0,1
B002CJHP1Y,5.0,1
B002CJFMMS,5.0,1
B002CJEMNI,4.0,1
B002CJCCMG,5.0,1
B002CJBDK8,5.0,1
B002CIY0IG,5.0,1
B002CIXLMM,5.0,1
B002CIM8AI,4.0,1
B002CIDQ86,5.0,1
B002CI9CRA,5.0,1
B002CI46H6,5.0,1
B002CMRU52,5.0,1
B002CN17FK,5.0,1
B002CT42RO,5.0,1
B002CN3SJ8,5.0,1
B002CT25VE,5.0,1
B002CSL516,5.0,1
B002CSJS4W,5.0,1
B002CSJDJM,5.0,1
B002CRXV32,5.0,1
B002CRT3YI,5.0,1
B002CRT3QQ,5.0,1
B002CRF11M,5.0,1
B002CRF0YA,5.0,1
B002CRF0XQ,5.0,1
B002CQVTBO,5.0,1
B002CQANT8,5.0,1
B002CPVRAI,5.0,1
B002CPRNPG,4.0,1
B002CPL9N8,5.0,1
B002CPCL0I,5.0,1
B002COF340,5.0,1
B002COA890,5.0,1
B002CO0JJO,5.0,1
B002CNZDNC,5.0,1
B002CNS8UC,5.0,1
B002CNNC1M,5.0,1
B002D4J0TI,4.0,1
B002D4J8QS,4.0,1
B002DVH5SE,5.0,1
B002DVBE9K,5.0,1
B002DV56MG,5.0,1
B002DV55PY,5.0,1
B002DV3WVI,5.0,1
B002DSVZZ6,5.0,1
B002DSVZBU,4.0,1
B002DRG27I,4.0,1
B002DRDRJO,5.0,1
B002DR75VA,5.0,1
B002DQWJU8,5.0,1
B002DQVZAS,5.0,1
B002DQKPSG,5.0,1
B002DQGZ7Q,4.0,1
B002DPUY1A,4.0,1
B002DP8DHW,5.0,1
B002DP36G0,4.0,1
B002DP3674,4.0,1
B002DOL35M,5.0,1
B002DOG618,5.0,1
B002DOBYB0,5.0,1
B002DO9TRQ,5.0,1
B002DO6EBK,5.0,1
B002DVCTWG,5.0,1
B002DVIPNI,4.0,1
B002DO54X4,4.0,1
B002E3UD6W,5.0,1
B002E3FHVS,5.0,1
B002E3EKIO,4.0,1
B002E3EGUG,5.0,1
B002E2HT6U,4.0,1
B002E1UCMO,5.0,1
B002E1SCHQ,4.0,1
B002E1RQQE,4.0,1
B002E10PKI,5.0,1
B002E0YWQ2,5.0,1
B002E0H27S,5.0,1
B002E04KZK,5.0,1
B002E02GEW,4.0,1
B002DZMEE0,5.0,1
B002DZM9T0,5.0,1
B002DZK5UK,5.0,1
B002DWLGOC,4.0,1
B002DWFMHE,5.0,1
B002DWFF7G,5.0,1
B002DWD7LW,5.0,1
B002DVWVVK,4.0,1
B002DVRHGE,4.0,1
B002DVPNAG,4.0,1
B002DVP4UK,5.0,1
B002DO6E8S,5.0,1
B002DO0X1W,5.0,1
B002DGA1DU,5.0,1
B002DFYJIO,5.0,1
B002DFYJ20,5.0,1
B002DEC6IU,5.0,1
B002DD5A3Y,4.0,1
B002DBS894,5.0,1
B002DAAP9G,5.0,1
B002D859HG,5.0,1
B002D7Z34G,4.0,1
B002D6EX70,5.0,1
B002D5XLR4,5.0,1
B002D56Y9G,5.0,1
B002D4QW3A,5.0,1
B002D4OOD0,5.0,1
B002D4MMWK,5.0,1
B002D4MIRY,5.0,1
B002D4MGH6,5.0,1
B002D4MEU0,5.0,1
B002D4LGLI,5.0,1
B002D4L91K,5.0,1
B002D4L0RI,4.0,1
B002D4L0IW,5.0,1
B002D4KBDC,5.0,1
B002D4JPNE,5.0,1
B002DG20PC,5.0,1
B002DGBZXA,5.0,1
B002DNZ03E,5.0,1
B002DGBZZS,5.0,1
B002DNWYXI,5.0,1
B002DNL1TG,5.0,1
B002DNJC7E,5.0,1
B002DNH6T0,5.0,1
B002DNGHG8,5.0,1
B002DNF05W,5.0,1
B002DN77FS,5.0,1
B002DMTV1M,5.0,1
B002DMK0PI,5.0,1
B002DMK0OE,5.0,1
B002DMK0JY,5.0,1
B002DMJMWU,5.0,1
B002DMJMW0,5.0,1
B002DLYKE6,5.0,1
B002DKR6IE,5.0,1
B002DKQKJU,5.0,1
B002DJXH56,4.0,1
B002DJU37G,5.0,1
B002DHXCQM,4.0,1
B002DHUVJ8,5.0,1
B002DHKPBM,5.0,1
B002DH4X60,5.0,1
B002DGNXBM,5.0,1
B002DGE2IA,5.0,1
B002CGSGU6,5.0,1
B002CFV01Y,5.0,1
B002B8EVM2,5.0,1
B002BSH87M,5.0,1
B002BTWQ7I,5.0,1
B002BTUPJO,5.0,1
B002BTR5D8,5.0,1
B002BTOYZU,5.0,1
B002BTE5OU,5.0,1
B002BT09HC,5.0,1
B002BSYADW,5.0,1
B002CFTL5Q,5.0,1
B002BS1Q9I,4.0,1
B002BRWEPO,5.0,1
B002BRS85O,5.0,1
B002BRPDQQ,5.0,1
B002BRPAPU,5.0,1
B002BPRTOC,4.0,1
B002BPRPAU,5.0,1
B002BOIGA4,5.0,1
B002BNKQ2Q,4.0,1
B002BTXGFE,5.0,1
B002BTY0Z4,4.0,1
B002BTZ4YK,5.0,1
B002BXDDS0,5.0,1
B002BX8LMI,4.0,1
B002BX7CMS,5.0,1
B002BX6BQQ,5.0,1
B002BX1OIQ,5.0,1
B002BWRZJE,5.0,1
B002BWQGYO,4.0,1
B002BWOY3E,4.0,1
B002BVK09C,5.0,1
B002BV8ZIU,4.0,1
B002BUYBIO,5.0,1
B002BUG5T2,5.0,1
B002BUE6I4,5.0,1
B002BUDNDS,5.0,1
B002BU1LRI,5.0,1
B002BU0GOC,5.0,1
B002BMYS3K,5.0,1
B002BMMH88,5.0,1
B002BLNV0M,5.0,1
B002BDFP36,5.0,1
B002BBX59E,5.0,1
B002BBTI54,4.0,1
B002BBRYWS,5.0,1
B002BBOGHE,4.0,1
B002BBMOIM,4.0,1
B002BB3HIS,5.0,1
B002BB1J4M,5.0,1
B002BAYR3I,5.0,1
B002BAQGA0,5.0,1
B002BAJR60,5.0,1
B002BAAUM0,5.0,1
B002BA6H5O,5.0,1
B002BA64CU,5.0,1
B002B9ZERC,5.0,1
B002B9XJQU,4.0,1
B002B912G4,5.0,1
B002B8UD9C,5.0,1
B002B8UCWU,5.0,1
B002B8ML5Q,4.0,1
B002B8JDCK,4.0,1
B002B8GX46,5.0,1
B002B8GLPW,4.0,1
B002BDH11K,5.0,1
B002BLMZTU,5.0,1
B002BDHGUG,5.0,1
B002BLKPOW,4.0,1
B002BKKM7I,5.0,1
B002BKATE4,5.0,1
B002BJDGNQ,4.0,1
B002BHHX8M,5.0,1
B002BHD89U,5.0,1
B002BH3LK6,5.0,1
B002BGWP6S,5.0,1
B002BGLWHQ,4.0,1
B002BGC4Z0,5.0,1
B002BG0YI4,5.0,1
B002BFEPEE,5.0,1
B002BFEIA0,5.0,1
B002BF9BXE,5.0,1
B002BEPMRO,5.0,1
B002BEPMMY,5.0,1
B002BEGIQS,5.0,1
B002BEFUT4,5.0,1
B002BE28VM,5.0,1
B002BDPRD4,4.0,1
B002BDHHDW,4.0,1
B002BXDRAO,5.0,1
B002BXFM48,5.0,1
B002BXHGHY,5.0,1
B002C8LU8E,5.0,1
B002C8C1DW,5.0,1
B002C7J5EQ,5.0,1
B002C7B6WK,5.0,1
B002C79VDQ,5.0,1
B002C792W6,5.0,1
B002C76VZC,5.0,1
B002C769PO,5.0,1
B002C74834,5.0,1
B002C73PI8,5.0,1
B002C618DI,5.0,1
B002C607TY,5.0,1
B002C607QC,5.0,1
B002C5YJPS,5.0,1
B002C5Y5FM,5.0,1
B002C5WK5Y,5.0,1
B002C5VXOI,5.0,1
B002C5TYA8,5.0,1
B002C5S4WC,4.0,1
B002C5DF4O,4.0,1
B002C5BWV2,4.0,1
B002C55ICQ,4.0,1
B002C51RGC,4.0,1
B002C51NRU,4.0,1
B002C4ZP6G,4.0,1
B002C8NN8E,5.0,1
B002C8ZW2E,5.0,1
B002CFTKZM,5.0,1
B002CFQOQA,5.0,1
B002CFQGVS,5.0,1
B002CFPVV4,5.0,1
B002CFIMYC,5.0,1
B002CFBT5G,5.0,1
B002CEP0FM,5.0,1
B002CE6MQ8,4.0,1
B002CD5B0W,4.0,1
B002CCZWC0,5.0,1
B002CCRPO8,5.0,1
B002CC8DWG,5.0,1
B002CC824U,5.0,1
B002CC7IJU,5.0,1
B002CC7IJA,4.0,1
B002CC7G8S,4.0,1
B002CC1AZ8,5.0,1
B002CC13DM,5.0,1
B002C9AERG,5.0,1
B002C989ZA,4.0,1
B002C96GN2,5.0,1
B002C920YG,5.0,1
B002C8ZX9Q,5.0,1
B002C4TPQW,5.0,1
B002BXHGPG,5.0,1
B002C0F36W,5.0,1
B002BZR8MK,5.0,1
B002BZR7XU,4.0,1
B002BZK8CC,5.0,1
B002BZJR8S,4.0,1
B002BZJIT6,5.0,1
B002BZARM8,5.0,1
B002BZ1WX6,5.0,1
B002BZ1WUO,5.0,1
B002BYXG2M,4.0,1
B002BY3BJA,5.0,1
B002BXT5TG,5.0,1
B002BXPIGA,5.0,1
B002BXNJKM,5.0,1
B002BXNISA,5.0,1
B002BXNIHG,4.0,1
B002BXNE3E,5.0,1
B002BXLEWW,5.0,1
B002BXLE3Q,5.0,1
B002BXJK82,5.0,1
B002BXJK7S,5.0,1
B002BXJIO8,4.0,1
B002BXJIK2,4.0,1
B002BXJIFM,4.0,1
B002BXIS6M,5.0,1
B002BXHILS,5.0,1
B002C0DFRG,5.0,1
B002C0F5RO,5.0,1
B002C44HTC,5.0,1
B002C0IM10,5.0,1
B002C3W6O6,5.0,1
B002C3QTDK,4.0,1
B002C3MZNS,4.0,1
B002C3L0CK,5.0,1
B002C2O9PQ,5.0,1
B002C275GQ,5.0,1
B002C264UE,5.0,1
B002C1V6D0,5.0,1
B002C1SSXG,5.0,1
B002C1POCY,5.0,1
B002C125RG,5.0,1
B002C0WU2C,5.0,1
B002C0WSQA,5.0,1
B002C0UPWY,5.0,1
B002C0S16G,5.0,1
B002C0P6K0,5.0,1
B002C0P2I6,5.0,1
B002C0NMF6,5.0,1
B002C0NCBA,5.0,1
B002C0N37S,5.0,1
B002C0MC4I,5.0,1
B002C0JWB4,5.0,1
B002C0J17O,5.0,1
B002C0IM2Y,5.0,1
B0027GNVDS,5.0,1
B0027G8JP8,5.0,1
B001VZJ7QQ,4.0,1
B001W3XUJC,5.0,1
B001W3RDWW,5.0,1
B001W3L0Z8,5.0,1
B001W3EUYG,5.0,1
B001W3CSTU,4.0,1
B001W37DL8,5.0,1
B001W2ZN2A,4.0,1
B001W2SF7U,5.0,1
B001W0WI34,5.0,1
B001W0OO0E,5.0,1
B001VYYPM8,5.0,1
B001VD9TWA,5.0,1
B001VYX7KO,5.0,1
B001VYX7DG,5.0,1
B001VYSZRE,5.0,1
B001VY5BJE,5.0,1
B001VY0428,5.0,1
B001VX3ZHU,5.0,1
B001VVL7TA,5.0,1
B001VUFX3M,5.0,1
B001VU9TG4,5.0,1
B001VU79OS,4.0,1
B001VTVXN2,4.0,1
B001VTMY44,5.0,1
B001W64ZYI,5.0,1
B001W6FF56,5.0,1
B001W6Q2G2,5.0,1
B001W6R0KY,5.0,1
B001WAKUQG,4.0,1
B001WAKUPM,4.0,1
B001WAKU34,5.0,1
B001WAKPVG,5.0,1
B001WAKPP2,5.0,1
B001WAKPJI,5.0,1
B001WAKIF4,5.0,1
B001WAF444,5.0,1
B001WAA0HK,5.0,1
B001W9YE4G,5.0,1
B001W9YE32,5.0,1
B001W9YDRY,5.0,1
B001W9W52O,5.0,1
B001W9UHXI,4.0,1
B001W9UHR4,5.0,1
B001W9T9WI,4.0,1
B001W9QIWC,4.0,1
B001W9215K,5.0,1
B001W86YYA,4.0,1
B001W86XVY,5.0,1
B001VTL5A8,5.0,1
B001VTEAH8,5.0,1
B001VGQO70,5.0,1
B001VGJ00S,5.0,1
B001VGGOX4,5.0,1
B001VG9TX6,5.0,1
B001VG30EA,4.0,1
B001VFR5HY,5.0,1
B001VFO7X4,5.0,1
B001VFJFCW,5.0,1
B001VFEBUI,5.0,1
B001VEQAY4,5.0,1
B001VEHXWC,5.0,1
B001VEHXKE,4.0,1
B001VEE98I,5.0,1
B001VEBN00,5.0,1
B001VEAPVS,4.0,1
B001VDSQOW,4.0,1
B001VDSOYY,5.0,1
B001VDR1P2,4.0,1
B001VDOITO,5.0,1
B001VDM7Y2,5.0,1
B001VDLAXQ,5.0,1
B001VDD99O,5.0,1
B001VDD6D8,5.0,1
B001VGQQDC,5.0,1
B001VSGAKE,5.0,1
B001VGTL7U,5.0,1
B001VSAI7K,5.0,1
B001VS90EM,5.0,1
B001VPEMI4,5.0,1
B001VO3U9M,5.0,1
B001VO0KJ0,5.0,1
B001VO0IHY,5.0,1
B001VNRUVM,5.0,1
B001VNP6FY,5.0,1
B001VNIQBK,5.0,1
B001VNCYP4,5.0,1
B001VNC9KY,5.0,1
B001VMF0LA,5.0,1
B001VK1HTG,5.0,1
B001VJVOAY,5.0,1
B001VJTZAK,5.0,1
B001VJQ09Y,4.0,1
B001VJMIZO,5.0,1
B001VJFB4E,5.0,1
B001VJFAC2,5.0,1
B001VIYZG0,5.0,1
B001VIWLP2,5.0,1
B001VIVZOU,4.0,1
B001WAKUWA,4.0,1
B00205JQ1W,4.0,1
B00205DJEC,5.0,1
B00204HB4W,5.0,1
B002048920,4.0,1
B00203SFXY,5.0,1
B00201SIDI,5.0,1
B00200ZZSU,4.0,1
B001ZYMWC4,5.0,1
B001ZXMAEA,4.0,1
B001ZV8AOG,4.0,1
B001ZTAT0G,5.0,1
B001ZT2I2S,5.0,1
B001ZSX1F2,5.0,1
B001ZS2ER8,4.0,1
B001ZNRWBQ,4.0,1
B001ZJT32G,5.0,1
B001Z8EL9M,5.0,1
B001Z7QI5I,5.0,1
B001Z7O6NY,5.0,1
B001Z7LLDM,5.0,1
B001Z7L1SM,4.0,1
B001Z788II,5.0,1
B001Z4OMBS,5.0,1
B001Z45HDU,5.0,1
B00206WDL6,5.0,1
B00206XUEK,5.0,1
B001Z3M57W,4.0,1
B00206ZJV2,5.0,1
B0020MEZ1Q,5.0,1
B0020MEIBS,5.0,1
B0020MAQBO,5.0,1
B0020MAAQA,5.0,1
B0020M8JV8,5.0,1
B0020M2SM4,4.0,1
B0020M2SFG,5.0,1
B0020M2MKM,5.0,1
B0020JZXOM,4.0,1
B0020JQULC,4.0,1
B0020J6ICI,5.0,1
B0020J5ERS,5.0,1
B0020J3HF4,5.0,1
B0020C4AUW,5.0,1
B0020C44AI,5.0,1
B0020C21GC,4.0,1
B0020C216W,5.0,1
B0020C071I,5.0,1
B0020BYBC0,5.0,1
B0020BWR6C,5.0,1
B0020B9AR6,5.0,1
B002099C2G,5.0,1
B00207DPYY,5.0,1
B001Z3V4L0,5.0,1
B001Z39W1O,5.0,1
B001XV80D4,5.0,1
B001XV0BL8,4.0,1
B001XU5TL6,5.0,1
B001XO6PF6,5.0,1
B001XNV8CC,5.0,1
B001XMN632,4.0,1
B001XIQSR2,4.0,1
B001XIPJJA,4.0,1
B001XIKMUQ,5.0,1
B001XH5VJY,5.0,1
B001XH3WPY,5.0,1
B001X4L55G,5.0,1
B001X06X6G,5.0,1
B001WYDV4K,5.0,1
B001WU1XHG,5.0,1
B001WPQCJK,5.0,1
B001WPQC72,5.0,1
B001WEU7RE,4.0,1
B001WE3PV4,4.0,1
B001XVEMZY,5.0,1
B001XWB788,5.0,1
B001Z3925A,5.0,1
B001XWEH8A,5.0,1
B001Z30DRQ,5.0,1
B001YZGH3O,5.0,1
B001YYV9DI,5.0,1
B001YYIB16,5.0,1
B001YU5TJW,5.0,1
B001YTIYUO,5.0,1
B001YRG6CO,4.0,1
B001YLZKI6,5.0,1
B001YJ2YRI,5.0,1
B001YIZ8GS,4.0,1
B001YID95U,5.0,1
B001YHO932,5.0,1
B001YE8SAA,4.0,1
B001YE8NHI,5.0,1
B001YBN6A0,5.0,1
B001Y09TC0,5.0,1
B001XZV104,5.0,1
B001XZMDPQ,5.0,1
B001XZKZDI,5.0,1
B001XZGQNQ,5.0,1
B001XX941Y,4.0,1
B001VD9QSC,5.0,1
B001UN7874,5.0,1
B001UO0XTS,5.0,1
B001UNXDSC,5.0,1
B001UNTA98,5.0,1
B001UNETLC,5.0,1
B001UNCRCK,5.0,1
B001UNAQL4,5.0,1
B001UNANQW,4.0,1
B001UNAKQU,5.0,1
B001UNAJ2A,5.0,1
B001UN97I2,5.0,1
B001UN95MU,5.0,1
B001UN78R4,4.0,1
B001UN7644,5.0,1
B001VD95II,4.0,1
B001UN736A,5.0,1
B001UN6YHE,4.0,1
B001UN61SG,5.0,1
B001UN5X4Y,5.0,1
B001UN3TXQ,5.0,1
B001UN1TO2,5.0,1
B001UMEMEC,5.0,1
B001UMAJRG,5.0,1
B001UM6NMG,5.0,1
B001ULTPTA,5.0,1
B001ULPMK6,5.0,1
B001ULOGWG,5.0,1
B001ULNB72,5.0,1
B001ULE7Z2,5.0,1
B001UO262A,5.0,1
B001UO45WY,5.0,1
B001UUAKEU,5.0,1
B001UTRJP4,5.0,1
B001UTM2S8,5.0,1
B001USCWWU,5.0,1
B001UQNLSG,5.0,1
B001UQFHRO,5.0,1
B001UPC8BI,5.0,1
B001UPBRKG,4.0,1
B001UPAVR6,5.0,1
B001UP3RMW,4.0,1
B001UP1EOK,5.0,1
B001UOW3U0,5.0,1
B001UOMUDK,5.0,1
B001UOM2A6,5.0,1
B001UOLTBY,5.0,1
B001UOKLP4,4.0,1
B001UOEN9E,5.0,1
B001UO8B8S,4.0,1
B001UO8ADE,5.0,1
B001UO87AU,5.0,1
B001UL6N6I,5.0,1
B001UKH87W,4.0,1
B001UKFSK6,5.0,1
B001UG455O,5.0,1
B001UFQRGK,5.0,1
B001UFQI5K,5.0,1
B001UFLSFU,5.0,1
B001UFKZIQ,5.0,1
B001UFJZI2,5.0,1
B001UFE6JK,4.0,1
B001UFCYQC,5.0,1
B001UF8JDE,5.0,1
B001UF7V7Y,4.0,1
B001UENN2M,5.0,1
B001UE28GO,5.0,1
B001UDNKNA,4.0,1
B001UDIFFS,5.0,1
B001UD88FA,5.0,1
B001UD877Y,5.0,1
B001UD3GWU,5.0,1
B001UCXE82,5.0,1
B001UCQGNM,4.0,1
B001UCDQ0I,5.0,1
B001UCDE4G,4.0,1
B001UC57Z0,5.0,1
B001UBLGXS,5.0,1
B001UG8BTK,4.0,1
B001UGJ94Q,5.0,1
B001UKDE7U,5.0,1
B001UGPL84,5.0,1
B001UK72P0,5.0,1
B001UJNRP0,5.0,1
B001UJLQ4Y,4.0,1
B001UJCCLA,5.0,1
B001UJAVWM,5.0,1
B001UJ9U4C,5.0,1
B001UJ9MCW,5.0,1
B001UI8EAO,5.0,1
B001UI28LK,5.0,1
B001UHSWC0,5.0,1
B001UHR0DW,5.0,1
B001UHOW6U,4.0,1
B001UHOW6A,5.0,1
B001UHOW4W,5.0,1
B001UHMLWM,5.0,1
B001UHK9P8,5.0,1
B001UH5U0C,5.0,1
B001UH2YTM,5.0,1
B001UH2Y7E,5.0,1
B001UGXMJE,5.0,1
B001UUKYRI,5.0,1
B001UUTEDS,5.0,1
B001V9STAM,5.0,1
B001V9RQY2,5.0,1
B001V9QRTC,5.0,1
B001V9QL0C,4.0,1
B001V9QJHM,5.0,1
B001V9OUBY,5.0,1
B001V9ORTY,5.0,1
B001V9OR94,5.0,1
B001V9ONSE,4.0,1
B001V9OI7A,5.0,1
B001V9OG90,5.0,1
B001V9N9E8,5.0,1
B001V9N2PO,5.0,1
B001V9N0KQ,4.0,1
B001V9N07Y,5.0,1
B001V9N05G,5.0,1
B001V9MZXO,5.0,1
B001V9MXRM,4.0,1
B001V9M6OW,5.0,1
B001V9LV8Y,5.0,1
B001V9LV2U,5.0,1
B001V9LUIK,5.0,1
B001V9LBGQ,5.0,1
B001V9LATY,5.0,1
B001V9JBHM,5.0,1
B001V9SPOW,5.0,1
B001V9USG0,5.0,1
B001V9FOJG,5.0,1
B001V9V0U8,5.0,1
B001VD7R7Y,5.0,1
B001VD6KA4,5.0,1
B001VD5U6O,5.0,1
B001VD4EFM,5.0,1
B001VD3L88,5.0,1
B001VCZV8C,4.0,1
B001VCXZT4,5.0,1
B001VC4JIA,5.0,1
B001VB9Z6W,4.0,1
B001VB9QE8,5.0,1
B001VAS9YW,5.0,1
B001VANE74,5.0,1
B001VAAK7Q,5.0,1
B001VAAK6W,5.0,1
B001VAAK5I,5.0,1
B001VA6BE2,5.0,1
B001VA6BBK,4.0,1
B001VA0Q84,4.0,1
B001V9X60U,5.0,1
B001V9X5HO,5.0,1
B001V9WYR6,5.0,1
B001V9HUW0,5.0,1
B001V9FMYS,5.0,1
B001V6Y698,5.0,1
B001V6P9WQ,5.0,1
B001V6OS5K,4.0,1
B001V6BY8E,5.0,1
B001V413QO,5.0,1
B001V3HUCQ,5.0,1
B001V394PM,5.0,1
B001V350QE,5.0,1
B001V32UEE,5.0,1
B001V2R43W,4.0,1
B001V2MCCA,5.0,1
B001V0EI5Q,5.0,1
B001UZZZ2M,5.0,1
B001UZ0XTW,5.0,1
B001UYYT7U,5.0,1
B001UYUVKO,5.0,1
B001UYT0P6,4.0,1
B001UYQVGW,5.0,1
B001UYIGCE,5.0,1
B001UXRCES,4.0,1
B001UXJMVY,5.0,1
B001UXJGME,5.0,1
B001UXJAES,5.0,1
B001UWVJ8E,4.0,1
B001UWNBVC,5.0,1
B001UWKQI8,5.0,1
B001UW4C3I,5.0,1
B001UVZM4M,5.0,1
B001V6XWCA,5.0,1
B001V724H8,4.0,1
B001V771IK,5.0,1
B001V9FK3G,4.0,1
B001V9ERQ2,5.0,1
B001V9DIX0,5.0,1
B001V9DIPS,5.0,1
B001V9DHH2,5.0,1
B001V9DFR4,5.0,1
B001V9D3LC,5.0,1
B001V9AJ6Y,4.0,1
B001V98UC4,4.0,1
B001V8SGQK,5.0,1
B001V8OL64,5.0,1
B001V8N57U,5.0,1
B001V7YRJG,5.0,1
B001V7YJ3U,5.0,1
B001V7WJGE,5.0,1
B001V7UM1I,5.0,1
B001V7UKLU,5.0,1
B001V7SYR2,5.0,1
B001V7MZUE,4.0,1
B001V7LVJA,5.0,1
B001V7JV6K,5.0,1
B0020MF15A,5.0,1
B0020MF2GI,5.0,1
B0026HQDC4,5.0,1
B0026HQCX4,5.0,1
B0026HQCES,5.0,1
B0026HOGFA,5.0,1
B0026HOGCS,4.0,1
B0026HMKLM,5.0,1
B0026HBXS8,5.0,1
B0026H20L2,5.0,1
B0026GJ6C4,5.0,1
B0026FEKX0,5.0,1
B0026FAZSE,5.0,1
B0026CJ5ME,4.0,1
B0026CDJS0,5.0,1
B0026BKGSM,4.0,1
B0020MGMIK,5.0,1
B0026AA67E,4.0,1
B00269Z8DC,5.0,1
B00269IVPY,5.0,1
B00269FAIU,5.0,1
B00267JX7Q,5.0,1
B00267GGTO,5.0,1
B00267CYQI,5.0,1
B00267CLIE,5.0,1
B0026786GK,5.0,1
B002672GQQ,5.0,1
B0026HS7Y6,5.0,1
B0026HVPUE,5.0,1
B0026HZTWY,5.0,1
B0026MEZDI,5.0,1
B0026MBBXA,5.0,1
B0026LS85U,5.0,1
B0026LQ9EM,5.0,1
B0026L7E8W,5.0,1
B0026L0TPC,4.0,1
B0026L06DC,4.0,1
B0026KSG12,4.0,1
B0026KG0EW,5.0,1
B0026K8XUG,5.0,1
B0026K2A6E,5.0,1
B0026JYJZU,5.0,1
B0026JEGIK,5.0,1
B0026IBC2Y,5.0,1
B0026I6K30,5.0,1
B0026I6H38,4.0,1
B0026I4MDA,5.0,1
B0026I4M9O,5.0,1
B0026I2O8U,5.0,1
B0026I2M78,5.0,1
B002672FZ8,5.0,1
B002671YDC,5.0,1
B00260UKYI,4.0,1
B00260HH4E,5.0,1
B00260HC8K,5.0,1
B00260HBEU,5.0,1
B00260HB18,4.0,1
B00260HAT6,5.0,1
B00260HALY,5.0,1
B00260HAKU,5.0,1
B00260HAKA,5.0,1
B00260HAFU,4.0,1
B00260H9XI,5.0,1
B00260H9RE,5.0,1
B00260H9K6,5.0,1
B00260H8NO,5.0,1
B00260GXHQ,4.0,1
B0026068E4,5.0,1
B0025ZLOZI,4.0,1
B0025ZKIEG,5.0,1
B0025ZH308,4.0,1
B0025ZGY9Y,5.0,1
B0025ZGEIA,5.0,1
B0025ZAKJ4,4.0,1
B002610YKC,5.0,1
B002612JIM,5.0,1
B0026707K8,5.0,1
B00266WI7Y,5.0,1
B002664926,5.0,1
B00264VNYK,5.0,1
B00264VM6O,5.0,1
B00264KDKA,4.0,1
B002647DTY,5.0,1
B00262SO1C,5.0,1
B00262D1HO,5.0,1
B0026245J2,5.0,1
B00261UET8,5.0,1
B00261MF2W,4.0,1
B00261KXVC,5.0,1
B002617ZHC,5.0,1
B002616LO0,5.0,1
B002614HZU,5.0,1
B002614HQE,5.0,1
B002614H8W,5.0,1
B002614H4G,5.0,1
B002614H3M,4.0,1
B002612JXM,4.0,1
B0026N63BE,4.0,1
B002765XIO,5.0,1
B00275RU4K,5.0,1
B00275MNKQ,5.0,1
B00275M6IK,5.0,1
B00275DH1A,4.0,1
B00275A5KQ,5.0,1
B0027566UY,4.0,1
B0027558O4,5.0,1
B00274X13K,5.0,1
B00274SXWE,5.0,1
B00274N3HE,5.0,1
B00272LIZ0,5.0,1
B00271RUO4,5.0,1
B00271FNOS,5.0,1
B002717JZE,5.0,1
B0027105FA,5.0,1
B00270XL5M,5.0,1
B002708J5Y,5.0,1
B0027050LA,5.0,1
B00270509M,4.0,1
B0026ZPU7U,5.0,1
B0026YXZG4,5.0,1
B0026YKM6A,5.0,1
B0026Y3MZI,5.0,1
B0026XUXPQ,5.0,1
B00275UBXC,5.0,1
B00276HMMY,5.0,1
B0026XNSGC,5.0,1
B00276K5J6,5.0,1
B0027FTDTU,5.0,1
B0027EXDLU,5.0,1
B0027DTYPU,5.0,1
B0027CT5GE,5.0,1
B0027BQ0PE,5.0,1
B0027BPYQU,5.0,1
B0027A9ZE8,5.0,1
B0027A8MJ2,5.0,1
B00279RK00,5.0,1
B002797FD2,5.0,1
B00278ZNLE,5.0,1
B00278QE4O,5.0,1
B00278BF8E,4.0,1
B00277LZXA,5.0,1
B0027736WS,5.0,1
B0026XR54I,5.0,1
B0026XJMTO,5.0,1
B0026QXRGA,5.0,1
B0026QXIXC,4.0,1
B0026QXIW8,5.0,1
B0026QU2JK,5.0,1
B0026QQDSE,5.0,1
B0026QNJ0E,4.0,1
B0026QILD4,5.0,1
B0026QGT4C,5.0,1
B0026Q6E2E,5.0,1
B0026PYOL8,5.0,1
B0026PVI5I,5.0,1
B0026PU8P4,5.0,1
B0026PS0CM,5.0,1
B0026PQLAK,5.0,1
B0026POIPK,5.0,1
B0026PA2JG,5.0,1
B0026P1I8U,4.0,1
B0026O9VSA,5.0,1
B0026O6JCQ,5.0,1
B0026O2O4S,5.0,1
B0026NUVQW,5.0,1
B0026NC4A8,5.0,1
B0026R59VU,4.0,1
B0026R9AI8,5.0,1
B0026X5KI6,5.0,1
B0026R9AJW,5.0,1
B0026X2D4A,4.0,1
B0026X1J2M,5.0,1
B0026X1IQO,5.0,1
B0026WZK1Y,5.0,1
B0026WVNKQ,5.0,1
B0026WU5UA,5.0,1
B0026WSN90,5.0,1
B0026WSFS4,5.0,1
B0026WQVRQ,5.0,1
B0026WOL0K,5.0,1
B0026WME0O,4.0,1
B0026VWJBE,5.0,1
B0026VIRZQ,5.0,1
B0026VIQ5M,4.0,1
B0026VH5P4,5.0,1
B0026VF7F4,5.0,1
B0026TV9GM,5.0,1
B0026SHM14,5.0,1
B0026SGOPE,5.0,1
B0026S5QY4,5.0,1
B0026S5B58,5.0,1
B0026S0644,4.0,1
B0026RSQKG,5.0,1
B0026RRAD0,5.0,1
B0026RB39C,4.0,1
B0026RB2ZW,5.0,1
B0025YWYAI,5.0,1
B0025YI0TM,5.0,1
B0025YGEFE,5.0,1
B0021F4UZS,5.0,1
B0021F3DR4,5.0,1
B0021EY4UU,4.0,1
B0021AGIEY,5.0,1
B0021AFPU2,5.0,1
B0021539CS,5.0,1
B00213S718,5.0,1
B00213P4YG,5.0,1
B00213P4SC,5.0,1
B00213N0SI,4.0,1
B00213K5ZY,5.0,1
B00212U1GI,5.0,1
B00212TZ42,5.0,1
B002104N2I,5.0,1
B002102HZ8,5.0,1
B0020YVQHA,5.0,1
B0020Y5770,5.0,1
B0020XZUDW,5.0,1
B0020XS3AE,4.0,1
B0020WBAOG,5.0,1
B0020W352G,5.0,1
B0020SK3SY,5.0,1
B0020RB6V8,5.0,1
B0021F5SD6,4.0,1
B0021FAITU,5.0,1
B0020MZOCK,5.0,1
B0021FUUJS,5.0,1
B00221PYFQ,5.0,1
B00220LXA2,4.0,1
B0022066NQ,5.0,1
B0022027QG,5.0,1
B0021ZQINU,4.0,1
B0021YZ3SM,5.0,1
B0021YMZGU,5.0,1
B0021XYQJK,5.0,1
B0021UWA1O,5.0,1
B0021Q8X0A,5.0,1
B0021PMFZ0,5.0,1
B0021MDR1Y,5.0,1
B0021M7986,5.0,1
B0021LL2Q2,5.0,1
B0021L82T2,5.0,1
B0021K35XQ,5.0,1
B0021JXL1I,5.0,1
B0021IF8MO,5.0,1
B0021HRJFY,5.0,1
B0021HRIW8,5.0,1
B0021H3ZJI,5.0,1
B0021H3XZE,5.0,1
B0021H3U5C,5.0,1
B0020N713O,5.0,1
B00228GBJM,4.0,1
B0020MMC7A,5.0,1
B0020MMBRG,5.0,1
B0020MMBQM,5.0,1
B0020MMBGW,5.0,1
B0020MMAW2,5.0,1
B0020MMARW,5.0,1
B0020MMAOU,5.0,1
B0020MMAAO,5.0,1
B0020MMA2W,4.0,1
B0020MMA22,5.0,1
B0020MM9L4,4.0,1
B0020MM9JG,5.0,1
B0020MM9IW,5.0,1
B0020MM8QU,5.0,1
B0020MM8LK,5.0,1
B0020MM8AQ,5.0,1
B0020MM748,5.0,1
B0020MM6ZI,5.0,1
B0020MM6L2,5.0,1
B0020MM6IK,4.0,1
B0020MM6C6,5.0,1
B0020MM6B2,5.0,1
B0020MM680,5.0,1
B0020MM658,5.0,1
B0020MM5XG,5.0,1
B0020MMBVC,5.0,1
B0020MU0EM,5.0,1
B0020MMCC0,4.0,1
B0020MTADE,5.0,1
B0020MMMB6,5.0,1
B0020MMGXA,4.0,1
B0020MMGD0,5.0,1
B0020MMG3A,5.0,1
B0020MMFI6,5.0,1
B0020MMFGI,4.0,1
B0020MMFAE,5.0,1
B0020MMF86,5.0,1
B0020MMF36,5.0,1
B0020MMELE,5.0,1
B0020MMEE6,5.0,1
B0020MMDVA,5.0,1
B0020MMDRY,5.0,1
B0020MMDNI,5.0,1
B0020MMDHE,5.0,1
B0020MMD9M,5.0,1
B0020MMD92,5.0,1
B0020MMD7E,5.0,1
B0020MMD6U,5.0,1
B0020MMD0Q,4.0,1
B0020MMCVG,5.0,1
B0020MMCU2,5.0,1
B0020MMCP2,5.0,1
B0020MMCH0,5.0,1
B00229EYHW,5.0,1
B0025Y4QSG,5.0,1
B0024YRJJA,5.0,1
B0024V5JIQ,5.0,1
B0024O4TYI,5.0,1
B0024MKUOI,5.0,1
B0024KKUM2,5.0,1
B0024KFBVM,4.0,1
B0024JH8WI,5.0,1
B0024JF0EG,5.0,1
B0024H2EMO,5.0,1
B0024H17TU,5.0,1
B0024GXMQM,5.0,1
B0024GXB6I,4.0,1
B0024GV2IC,5.0,1
B0024FFTUK,5.0,1
B0024BIFPA,5.0,1
B0024AMMKK,4.0,1
B00248UK9M,5.0,1
B00248DTK4,5.0,1
B002483XAK,5.0,1
B002483WWE,5.0,1
B002481YMY,5.0,1
B002481OXS,5.0,1
B00251HDAC,5.0,1
B00246T98M,5.0,1
B0025322NI,5.0,1
B0025VYBO8,4.0,1
B0025VX2YS,5.0,1
B0025VPHXW,5.0,1
B0025VPG92,5.0,1
B0025VNUFY,5.0,1
B0025VM6LI,4.0,1
B0025UVUS4,5.0,1
B0025TZAVS,5.0,1
B0025TUOI2,5.0,1
B0025Q31R6,5.0,1
B0025PXJI8,4.0,1
B0025PVMNM,5.0,1
B0025POI7O,5.0,1
B0025MSKUS,4.0,1
B0025KV14C,5.0,1
B0025KS80W,5.0,1
B0025KOYJQ,5.0,1
B0025GB5EC,5.0,1
B0025EXVSM,5.0,1
B0025DDVZG,4.0,1
B0025CIRQA,4.0,1
B0025AMBDW,5.0,1
B00258ENE4,4.0,1
B00247R6T0,5.0,1
B00246IHLM,4.0,1
B0023BKTKA,5.0,1
B0023BJFLO,5.0,1
B0023B9JEM,4.0,1
B0023B5O4Q,5.0,1
B0023B5GHG,5.0,1
B0023B3EYI,5.0,1
B0023ASEAI,5.0,1
B0023AQB4E,5.0,1
B00236KGPS,5.0,1
B00235RPW6,5.0,1
B00235I1ZG,4.0,1
B00234IORW,5.0,1
B0022XRTCU,5.0,1
B0022UCYP0,5.0,1
B0022TYALC,5.0,1
B0022TTG66,5.0,1
B0022PZUWO,5.0,1
B0023BYLFY,5.0,1
B0023C4R48,5.0,1
B00246C5EW,5.0,1
B00246C4XY,5.0,1
B00245OXV6,5.0,1
B00245G35K,5.0,1
B00244OQUA,5.0,1
B00243H47I,5.0,1
B00243FKRE,5.0,1
B00242RR80,5.0,1
B00242REME,5.0,1
B00241T36A,5.0,1
B0023YHOH8,5.0,1
B0023XRYVU,5.0,1
B0023XFPJ8,5.0,1
B0023XERNI,5.0,1
B0023V3TR0,5.0,1
B0023V238Q,5.0,1
B0023UHMKG,5.0,1
B0023TA1IW,5.0,1
B0023RSZBY,5.0,1
B0023RSYGA,5.0,1
B0023RSY9M,5.0,1
B0023GW7LE,5.0,1
B0023G1G48,5.0,1
B001LA1DBS,4.0,1
B002E4VITM,5.0,1
B001CYA1IY,5.0,1
B001CYEPX6,5.0,1
B001CYCSO4,5.0,1
B001CYCSGW,4.0,1
B001CYCS8U,5.0,1
B001CYC5HO,5.0,1
B001CYBFXO,5.0,1
B001CYA3B4,5.0,1
B001CYA1NE,5.0,1
B001CYA1LG,5.0,1
B001CY3REO,5.0,1
B001CXSSAS,5.0,1
B001CXBA9E,5.0,1
B001CWW7YM,5.0,1
B001CWPR5S,5.0,1
B001CWIQOW,5.0,1
B001CWDQI8,5.0,1
B001CWD9E4,5.0,1
B001CVDH74,5.0,1
B001CUVXDK,5.0,1
B001CUHKWI,5.0,1
B001CYEQL2,5.0,1
B001CYEQZS,4.0,1
B001CYER98,5.0,1
B001D0MK0E,4.0,1
B001D0KZOW,5.0,1
B001D0I3DC,5.0,1
B001D0H23Y,5.0,1
B001D0H1CQ,5.0,1
B001D0H0TA,5.0,1
B001D0G3YI,5.0,1
B001D0CZ90,5.0,1
B001D0CWPM,4.0,1
B001D0CD7O,5.0,1
B001D0B21C,5.0,1
B001D0A0ZG,5.0,1
B001D06VKY,5.0,1
B001D06U96,5.0,1
B001D05E2U,5.0,1
B001CZYTKE,4.0,1
B001CZXNZQ,5.0,1
B001CZGEL6,4.0,1
B001CZE8MI,5.0,1
B001CZAQJW,5.0,1
B001CZ4Q5W,5.0,1
B001CYWFEC,5.0,1
B001CYV8CW,5.0,1
B001CYOUB8,5.0,1
B001CUC7L2,5.0,1
B001CT07ZQ,5.0,1
B001CT07EM,5.0,1
B001CT07DI,5.0,1
B001CT07AG,5.0,1
B001CT074M,4.0,1
B001CT070Q,5.0,1
B001CT06O8,5.0,1
B001CT06MU,5.0,1
B001CT06LQ,5.0,1
B001CT06LG,5.0,1
B001CT06FW,5.0,1
B001CT05YY,5.0,1
B001CT0512,5.0,1
B001CT04XG,5.0,1
B001CT03MI,5.0,1
B001CT03D2,5.0,1
B001CT03BO,4.0,1
B001CT037I,5.0,1
B001CT035K,4.0,1
B001CT034Q,5.0,1
B001CT02WE,5.0,1
B001CT02RE,5.0,1
B001CT02PG,4.0,1
B001CT026A,5.0,1
B001CSRNR2,5.0,1
B001CSPZ9K,4.0,1
B001CT08LE,5.0,1
B001CTFTLS,5.0,1
B001CTFOKY,5.0,1
B001CTEAX6,5.0,1
B001CT5VKM,4.0,1
B001CT0ANU,5.0,1
B001CT0ANK,5.0,1
B001CT0AM6,5.0,1
B001CT0AKI,5.0,1
B001CT0AK8,5.0,1
B001CT0AJO,4.0,1
B001CT0AA8,5.0,1
B001CT0A9O,5.0,1
B001CT0A80,5.0,1
B001CT0A76,5.0,1
B001CT09UY,5.0,1
B001CT09UO,5.0,1
B001CT09JK,5.0,1
B001CT09DQ,4.0,1
B001CT0986,4.0,1
B001CT0972,5.0,1
B001CT096I,5.0,1
B001CT094K,5.0,1
B001CT091S,5.0,1
B001CT08ZU,4.0,1
B001CT08YG,5.0,1
B001CT08XW,5.0,1
B001DIOZ2C,4.0,1
B001DIINHU,5.0,1
B001DI80IW,4.0,1
B001DI6YK8,4.0,1
B001DF7KDQ,4.0,1
B001DF65L4,5.0,1
B001DF4OGC,4.0,1
B001DF4O0S,4.0,1
B001DF2PGI,5.0,1
B001DF0ZYW,5.0,1
B001DEX9JQ,5.0,1
B001DEVSL2,5.0,1
B001DEV51K,5.0,1
B001DEU9M6,5.0,1
B001DE7CDU,5.0,1
B001DE0EC6,5.0,1
B001DDYKYA,5.0,1
B001DDX5I2,4.0,1
B001DDLNTU,5.0,1
B001DDKCKG,5.0,1
B001DDKC8S,4.0,1
B001DDIKA0,4.0,1
B001DDBPW0,4.0,1
B001DD14QW,5.0,1
B001DIKFK8,5.0,1
B001DIQF3E,5.0,1
B001DCF9YG,5.0,1
B001DIQFS4,5.0,1
B001DKDQK2,5.0,1
B001DKDPZ8,5.0,1
B001DKDAZI,5.0,1
B001DK5IUI,5.0,1
B001DK41Y2,5.0,1
B001DJO65C,5.0,1
B001DJHMF8,5.0,1
B001DJFSMM,5.0,1
B001DJFKCK,4.0,1
B001DJDNN8,5.0,1
B001DJCKXC,5.0,1
B001DJCJS8,5.0,1
B001DJBMIQ,5.0,1
B001DJBMHM,5.0,1
B001DJAK2K,5.0,1
B001DJ9JI6,5.0,1
B001DJ80YA,5.0,1
B001DJ80QS,5.0,1
B001DJ80OA,5.0,1
B001DJ6LW8,5.0,1
B001DJ683A,5.0,1
B001DJ1VKU,5.0,1
B001DIYDCY,5.0,1
B001DCEIO8,5.0,1
B001D19ZT2,5.0,1
B001D5CBEY,5.0,1
B001D519G0,5.0,1
B001D4ZZIO,5.0,1
B001D4WWC6,4.0,1
B001D4V2Q8,4.0,1
B001D4S4HS,5.0,1
B001D4EFPI,5.0,1
B001D4C1GS,5.0,1
B001D3W6BE,4.0,1
B001D3O0KO,5.0,1
B001D3NWS0,5.0,1
B001D3MEOS,4.0,1
B001D3A044,5.0,1
B001D282WM,5.0,1
B001D20590,5.0,1
B001D20540,5.0,1
B001D1YFNS,5.0,1
B001D1UR8K,5.0,1
B001D1MHH4,5.0,1
B001D1LWXO,5.0,1
B001D1KORY,5.0,1
B001D1J94S,5.0,1
B001D1F5AA,5.0,1
B001D1BESC,5.0,1
B001D1AIDE,5.0,1
B001D52VMG,5.0,1
B001DCEHYO,4.0,1
B001D6LAL8,5.0,1
B001DCE3PC,5.0,1
B001DCE2XU,5.0,1
B001DCE21C,5.0,1
B001DBPZT6,5.0,1
B001DB6Y7S,4.0,1
B001DAUWJA,5.0,1
B001DAUKG0,5.0,1
B001DALTL0,5.0,1
B001DAJVCO,4.0,1
B001DA3ONG,5.0,1
B001DA1HXK,4.0,1
B001D9C262,5.0,1
B001D96Y3Y,5.0,1
B001D92OPQ,4.0,1
B001D8X7G2,5.0,1
B001D8UUKI,5.0,1
B001D8SQKO,5.0,1
B001D8O252,4.0,1
B001D8JAOU,4.0,1
B001D8GM5U,5.0,1
B001D7EJ2Y,4.0,1
B001D6Z8LG,5.0,1
B001D6XBI8,5.0,1
B001D6WRGU,4.0,1
B001D6LB5S,5.0,1
B001CSOP5K,5.0,1
B001CSKEMI,5.0,1
B001DKJP2U,5.0,1
B001C33R5E,5.0,1
B001C33KL0,5.0,1
B001C31PD0,5.0,1
B001C31ODG,5.0,1
B001C2ZYCY,5.0,1
B001C2ZW1C,5.0,1
B001C2ZRTO,4.0,1
B001C2ZNEI,5.0,1
B001C2TMJA,5.0,1
B001C2IJVC,5.0,1
B001CSKELY,4.0,1
B001C2FX16,5.0,1
B001C1ZZ74,4.0,1
B001C0MHI0,5.0,1
B001C0IPKE,5.0,1
B001C079ME,5.0,1
B001BYX6SW,5.0,1
B001BYFMQQ,5.0,1
B001BYAJA0,5.0,1
B001BY3U10,5.0,1
B001BY0702,5.0,1
B001BXYC9A,5.0,1
B001BXWWOC,4.0,1
B001BXW6KW,5.0,1
B001C33SG2,5.0,1
B001C33UC4,5.0,1
B001C366GQ,5.0,1
B001C5WTJM,5.0,1
B001C5KK1G,5.0,1
B001C56GT6,5.0,1
B001C529S8,5.0,1
B001C505SO,5.0,1
B001C4YDGU,5.0,1
B001C4YD92,5.0,1
B001C4YD6A,5.0,1
B001C4UH10,5.0,1
B001C4O20W,5.0,1
B001C4HCXQ,5.0,1
B001C46LMO,5.0,1
B001C45V7U,5.0,1
B001C45V7A,4.0,1
B001C3YZC8,5.0,1
B001C3MHZA,5.0,1
B001C3MHXM,5.0,1
B001C3CMIC,5.0,1
B001C3BQ4I,5.0,1
B001C39SHA,5.0,1
B001C36HM4,5.0,1
B001BXW39G,5.0,1
B001BXU8TS,5.0,1
B001BS6Q2Q,5.0,1
B001BS1QAS,4.0,1
B001BRB1MW,4.0,1
B001BR978M,4.0,1
B001BR7KCC,5.0,1
B001BR7K9K,5.0,1
B001BR7J9G,5.0,1
B001BR7J8W,4.0,1
B001BR69O2,4.0,1
B001BR5BZA,5.0,1
B001BR4NCW,5.0,1
B001BR4LOC,5.0,1
B001BR3VJ8,5.0,1
B001BR3FG2,5.0,1
B001BR2QV2,5.0,1
B001BR2N3I,4.0,1
B001BQZHAU,5.0,1
B001BQXUCC,5.0,1
B001BQXRXO,5.0,1
B001BQXP8G,5.0,1
B001BQXO00,5.0,1
B001BS6F9A,5.0,1
B001BS8304,5.0,1
B001BXPQAO,5.0,1
B001BXO4V6,5.0,1
B001BX99DO,5.0,1
B001BX8E4E,4.0,1
B001BX3ODK,5.0,1
B001BX1U40,5.0,1
B001BWBBDG,5.0,1
B001BVNV4E,5.0,1
B001BVIYH8,5.0,1
B001BUGLPQ,5.0,1
B001BUAVFM,4.0,1
B001BTPEU0,5.0,1
B001BTN1PU,5.0,1
B001BTHER6,5.0,1
B001BSM8P0,5.0,1
B001BSIZV6,5.0,1
B001BSIY0I,4.0,1
B001BSIXYK,5.0,1
B001BSH4ZY,5.0,1
B001BSH4MM,5.0,1
B001BSH44K,4.0,1
B001BSFEHO,5.0,1
B001BSFDG6,5.0,1
B001BSFDFW,4.0,1
B001C62BYY,4.0,1
B001C7AQNG,5.0,1
B001CMV8M4,5.0,1
B001CLB67W,5.0,1
B001CL9XKO,5.0,1
B001CL4O7G,4.0,1
B001CKSZ4A,5.0,1
B001CK84IC,4.0,1
B001CK7PZK,5.0,1
B001CK6DP8,4.0,1
B001CK6BD2,5.0,1
B001CK5ZC0,5.0,1
B001CJZARG,5.0,1
B001CJKC8S,5.0,1
B001CITR1W,5.0,1
B001CIPTYG,4.0,1
B001CHP8AM,5.0,1
B001CHLBX0,5.0,1
B001CGR3KG,5.0,1
B001CGKABK,5.0,1
B001CGJSIQ,4.0,1
B001CGHRWU,5.0,1
B001CGEBPQ,5.0,1
B001CGDEGI,5.0,1
B001CG6T7E,4.0,1
B001CF7X9I,4.0,1
B001CN3YYI,5.0,1
B001CSCGCE,5.0,1
B001CSCFHU,5.0,1
B001CSC52A,5.0,1
B001CSAKJ0,5.0,1
B001CSADB0,4.0,1
B001CS97GW,5.0,1
B001CS44UG,5.0,1
B001CRUQMC,4.0,1
B001CQQNCU,5.0,1
B001CQMVYE,5.0,1
B001CQD2O2,5.0,1
B001CQ1Y2E,5.0,1
B001CPZGQ0,5.0,1
B001COZ4A4,5.0,1
B001COYPLS,5.0,1
B001COY6OE,5.0,1
B001COTI4C,5.0,1
B001CORE3E,5.0,1
B001COR2I6,5.0,1
B001CO6OZS,4.0,1
B001CO6NEU,5.0,1
B001CNK2LG,5.0,1
B001CN7XE0,5.0,1
B001CFDUD6,5.0,1
B001CF2FGY,4.0,1
B001C7ZRE4,4.0,1
B001CBDU30,5.0,1
B001CBDTTK,5.0,1
B001CBDTRC,5.0,1
B001CBDTPO,4.0,1
B001CBBYHE,5.0,1
B001CBBYD8,5.0,1
B001CBBY9C,5.0,1
B001CBBY10,5.0,1
B001CBBXYS,5.0,1
B001CBBXWA,5.0,1
B001CBBDBQ,5.0,1
B001CB3TQI,5.0,1
B001CAVG9G,5.0,1
B001CATDGY,5.0,1
B001CA9QR0,5.0,1
B001C9PF5S,5.0,1
B001C9LGMO,5.0,1
B001C9JE3W,4.0,1
B001C94YUU,5.0,1
B001C94YU0,5.0,1
B001C7ZU2S,5.0,1
B001CBDZV2,5.0,1
B001CBFMZO,5.0,1
B001CESKZU,4.0,1
B001CEJLGM,4.0,1
B001CEBOUS,5.0,1
B001CE9KD6,5.0,1
B001CE81JA,5.0,1
B001CE0DKU,5.0,1
B001CDAXDI,5.0,1
B001CD9ZSM,5.0,1
B001CD4Z5U,5.0,1
B001CD2IY0,5.0,1
B001CD1SYG,4.0,1
B001CD1N3W,5.0,1
B001CD1BGQ,5.0,1
B001CCYU7Y,5.0,1
B001CCYN4O,5.0,1
B001CCW918,5.0,1
B001CCUQ9A,5.0,1
B001CCRLFC,5.0,1
B001CCKNZC,5.0,1
B001CCICLY,5.0,1
B001CCGMXO,5.0,1
B001CBNGPC,5.0,1
B001CBL852,4.0,1
B001CBINU0,5.0,1
B001DKHREI,5.0,1
B001E8DIT2,5.0,1
B001E14LNG,5.0,1
B001E16A4O,4.0,1
B001E169TK,5.0,1
B001E15SJW,5.0,1
B001E15QJO,4.0,1
B001E15P9K,5.0,1
B001E15CCA,5.0,1
B001E159FK,5.0,1
B001E159EG,5.0,1
B001E1519O,4.0,1
B001E14Y1U,5.0,1
B001E14Y0G,5.0,1
B001E14XVQ,5.0,1
B001E14R7Q,5.0,1
B001E14LFY,5.0,1
B001E10MC0,5.0,1
B001E14JYC,5.0,1
B001E14JII,5.0,1
B001E14JFG,5.0,1
B001E14IYS,5.0,1
B001E14EMY,5.0,1
B001E147GC,5.0,1
B001E1467M,5.0,1
B001E1462W,5.0,1
B001E142XK,4.0,1
B001E142WQ,5.0,1
B001E142TE,5.0,1
B001E13VMS,5.0,1
B001E13T0M,5.0,1
B001E16ACQ,5.0,1
B001E16F0I,5.0,1
B001E16H8I,5.0,1
B001E1AKH2,5.0,1
B001E1AK3Q,5.0,1
B001E1AJN2,5.0,1
B001E1AJLE,5.0,1
B001E1AJA0,5.0,1
B001E193DY,4.0,1
B001E18XWG,5.0,1
B001E18WPY,5.0,1
B001E18WBI,5.0,1
B001E18VAU,5.0,1
B001E18MKY,5.0,1
B001E18KCY,5.0,1
B001E18JNE,5.0,1
B001E18HAE,5.0,1
B001E18DSA,5.0,1
B001E18CQI,5.0,1
B001E16YUY,5.0,1
B001E16OP4,5.0,1
B001E16MYC,5.0,1
B001E16MHO,5.0,1
B001E16HRE,5.0,1
B001E16HNI,4.0,1
B001E13JRK,5.0,1
B001E13754,5.0,1
B001E1373Q,5.0,1
B001E123UE,5.0,1
B001E123GI,5.0,1
B001E122AU,5.0,1
B001E1225U,5.0,1
B001E12110,4.0,1
B001E11YXG,4.0,1
B001E11V4I,5.0,1
B001E11T3Q,5.0,1
B001E11M5G,5.0,1
B001E11KAI,5.0,1
B001E11FSU,5.0,1
B001E11DPA,5.0,1
B001E11C2Y,5.0,1
B001E11AZ8,5.0,1
B001E115TO,5.0,1
B001E110T4,4.0,1
B001E110SK,5.0,1
B001E10WC0,5.0,1
B001E10VNU,5.0,1
B001E10V94,5.0,1
B001E10QW6,5.0,1
B001E10O9Q,4.0,1
B001E123I6,5.0,1
B001E1245S,5.0,1
B001E1246M,5.0,1
B001E1331W,5.0,1
B001E12ZYS,5.0,1
B001E12W8C,4.0,1
B001E12T3U,4.0,1
B001E12RW8,5.0,1
B001E12RE6,5.0,1
B001E12Q7Y,4.0,1
B001E12LRY,5.0,1
B001E12KXE,5.0,1
B001E12KWU,5.0,1
B001E12GO2,5.0,1
B001E12ELW,5.0,1
B001E12EL2,4.0,1
B001E12CBY,5.0,1
B001E12C6O,5.0,1
B001E12C14,5.0,1
B001E12BZ6,5.0,1
B001E1295S,5.0,1
B001E128JU,5.0,1
B001E126NI,4.0,1
B001E1268I,4.0,1
B001E124O4,5.0,1
B001E124KI,5.0,1
B001E124EY,5.0,1
B001E124EO,4.0,1
B001E1248A,4.0,1
B001E12480,5.0,1
B001E1CS9K,5.0,1
B001E1CZ7A,5.0,1
B001E1OY10,5.0,1
B001E769LC,5.0,1
B001E768GS,5.0,1
B001E767ZU,4.0,1
B001E767Z0,5.0,1
B001E767MI,5.0,1
B001E7678W,5.0,1
B001E766EC,4.0,1
B001E764XK,5.0,1
B001E763A4,5.0,1
B001E7296G,5.0,1
B001E728YO,4.0,1
B001E728SA,5.0,1
B001E728CQ,4.0,1
B001E724O8,5.0,1
B001E723BM,5.0,1
B001E70XVE,4.0,1
B001E6ZL9Y,5.0,1
B001E6WND6,5.0,1
B001E6VML0,4.0,1
B001E6V99A,5.0,1
B001E6UL76,4.0,1
B001E6UI2Y,5.0,1
B001E6UHUC,5.0,1
B001E6U0Z4,5.0,1
B001E76980,5.0,1
B001E76A66,4.0,1
B001E6TZMI,4.0,1
B001E76B3S,5.0,1
B001E8B7YA,5.0,1
B001E7Q4K8,4.0,1
B001E7K03U,5.0,1
B001E7BEBM,5.0,1
B001E7BDWW,5.0,1
B001E7BAQQ,5.0,1
B001E7B9EO,5.0,1
B001E77T70,5.0,1
B001E77SGW,5.0,1
B001E77PX8,5.0,1
B001E77O8Y,5.0,1
B001E77O6G,5.0,1
B001E77O3Y,5.0,1
B001E77NZ8,5.0,1
B001E77MFE,5.0,1
B001E77M6I,4.0,1
B001E76F52,5.0,1
B001E76EH6,5.0,1
B001E76E6W,5.0,1
B001E76DMW,5.0,1
B001E76D4A,4.0,1
B001E76CHS,4.0,1
B001E76BRO,5.0,1
B001E76BBK,4.0,1
B001E6U018,5.0,1
B001E6TXHU,5.0,1
B001E1TQ0O,4.0,1
B001E4HP0Y,4.0,1
B001E4CYP0,4.0,1
B001E48KI0,5.0,1
B001E43X6Y,5.0,1
B001E42UMW,4.0,1
B001E408JE,5.0,1
B001E3P58Y,5.0,1
B001E3E8T6,5.0,1
B001E3AUKW,5.0,1
B001E38RZW,5.0,1
B001E37E5G,5.0,1
B001E364OI,5.0,1
B001E336GM,5.0,1
B001E32QRC,5.0,1
B001E2LTS0,5.0,1
B001E2CP10,4.0,1
B001E2A300,5.0,1
B001E25OTA,5.0,1
B001E25K3K,4.0,1
B001E24TAU,5.0,1
B001E23IRU,5.0,1
B001E1ZKTK,5.0,1
B001E4EMUU,5.0,1
B001E4RZY0,5.0,1
B001E6TXBG,4.0,1
B001E4T8JU,4.0,1
B001E6QVGQ,5.0,1
B001E6QD14,5.0,1
B001E6OCVC,5.0,1
B001E6OCGW,5.0,1
B001E6OAQY,5.0,1
B001E6GEDQ,4.0,1
B001E6EY10,5.0,1
B001E6EN70,5.0,1
B001E684MA,5.0,1
B001E5XSX6,5.0,1
B001E5GFJK,5.0,1
B001E5ECHC,5.0,1
B001E5ECEK,5.0,1
B001E5EAII,5.0,1
B001E5EA2E,5.0,1
B001E5E9Z2,5.0,1
B001E5E2BI,5.0,1
B001E5D0SE,4.0,1
B001E5D0O8,4.0,1
B001E5D0MU,5.0,1
B001E534BC,5.0,1
B001E4X43Q,5.0,1
B001E4UQKU,4.0,1
B001E10MDO,5.0,1
B001E10I24,5.0,1
B001DKN2NI,5.0,1
B001DWGER2,5.0,1
B001DYK64M,5.0,1
B001DYI0WM,5.0,1
B001DYHM6M,5.0,1
B001DYHK00,4.0,1
B001DYFI54,4.0,1
B001DY7PVE,5.0,1
B001DY602E,5.0,1
B001DY2K6O,5.0,1
B001DY0FG6,5.0,1
B001DXP7GK,4.0,1
B001DXF742,4.0,1
B001DX9KJ0,5.0,1
B001DX59EK,5.0,1
B001DWAIG0,4.0,1
B001E10HDY,4.0,1
B001DW8OO8,5.0,1
B001DW64UO,5.0,1
B001DVVT6Y,5.0,1
B001DVTNO4,5.0,1
B001DVR5IK,5.0,1
B001DVPBKO,5.0,1
B001DV9UFG,5.0,1
B001DUW3OC,5.0,1
B001DUUOAW,5.0,1
B001DUU3SK,5.0,1
B001DYK7BE,5.0,1
B001DYM514,5.0,1
B001DYM5BY,5.0,1
B001DYM5M8,4.0,1
B001E0QFOK,5.0,1
B001E0OUZQ,5.0,1
B001E0OT1Q,5.0,1
B001E0OQP0,5.0,1
B001E0OQNW,5.0,1
B001E0C7UG,4.0,1
B001E09A8S,5.0,1
B001E07IFA,4.0,1
B001E04MKY,4.0,1
B001DZKLQO,5.0,1
B001DZF0R4,5.0,1
B001DZF0O2,5.0,1
B001DZEKXY,4.0,1
B001DZEI9K,5.0,1
B001DZDUVW,4.0,1
B001DZ7NHO,5.0,1
B001DZ7LZS,4.0,1
B001DZ5OB6,5.0,1
B001DZ5NYO,5.0,1
B001DZ3LES,5.0,1
B001DZ04J8,5.0,1
B001DYM9L0,4.0,1
B001DTTXP0,5.0,1
B001DTRHL2,5.0,1
B001DTOX8M,4.0,1
B001DNLO8K,5.0,1
B001DNJOS2,5.0,1
B001DNJOMS,5.0,1
B001DNJOB4,5.0,1
B001DNHWCM,5.0,1
B001DNHVO6,5.0,1
B001DNE24S,5.0,1
B001DNCF42,5.0,1
B001DN8082,5.0,1
B001DMMIWC,4.0,1
B001DM5OGO,5.0,1
B001DLTHFE,5.0,1
B001DLMP80,5.0,1
B001DLMMLU,4.0,1
B001DLJI9O,4.0,1
B001DLJBFU,5.0,1
B001DLJA4M,5.0,1
B001DLHCYM,5.0,1
B001DLFJQU,5.0,1
B001DLFBSQ,5.0,1
B001DL4Y7K,5.0,1
B001DL049C,4.0,1
B001DKXMQ0,5.0,1
B001DKRMCA,5.0,1
B001DKQGCW,4.0,1
B001DKOVHE,5.0,1
B001DNK1ZC,5.0,1
B001DNLOP8,5.0,1
B001DTNHIY,4.0,1
B001DNLOTE,5.0,1
B001DTL1PA,5.0,1
B001DTJFYE,4.0,1
B001DTHLXG,5.0,1
B001DSVL7O,4.0,1
B001DSRSO4,4.0,1
B001DSKY7M,5.0,1
B001DSK7AG,4.0,1
B001DSK79W,5.0,1
B001DSIF9Q,5.0,1
B001DSGYBM,5.0,1
B001DSCGVE,5.0,1
B001DR7NT0,5.0,1
B001DR24V2,5.0,1
B001DQVASQ,5.0,1
B001DQB00E,5.0,1
B001DQ9M22,5.0,1
B001DQ9M1S,5.0,1
B001DOV1GE,5.0,1
B001DOBRTK,5.0,1
B001DO9TOU,5.0,1
B001DO9G6Q,4.0,1
B001DO5U3O,5.0,1
B001DO41R0,5.0,1
B001DO3W7A,5.0,1
B001DNZTAE,5.0,1
B001E0QHES,5.0,1
B001E0QHW0,5.0,1
B001E0QHZ2,5.0,1
B001E0YVVE,5.0,1
B001E0YJJ8,5.0,1
B001E0YI6M,5.0,1
B001E0YHZ4,5.0,1
B001E0YH8Q,4.0,1
B001E0YGT6,5.0,1
B001E0YEDY,4.0,1
B001E0YDRG,5.0,1
B001E0YBI2,5.0,1
B001E0YAFG,5.0,1
B001E0Y7B8,5.0,1
B001E0Y722,5.0,1
B001E0XY8A,5.0,1
B001E0XY6M,5.0,1
B001E0XXM2,4.0,1
B001E0XX5O,5.0,1
B001E0XS9U,5.0,1
B001E0XNCW,5.0,1
B001E0XLGA,5.0,1
B001E0XL38,5.0,1
B001E0XJGC,5.0,1
B001E0XHH8,5.0,1
B001E0XD6I,5.0,1
B001E0XCO6,5.0,1
B001E0YPQ0,5.0,1
B001E0YX1M,5.0,1
B001E0X0U2,5.0,1
B001E10FCW,5.0,1
B001E10F18,5.0,1
B001E10EGY,5.0,1
B001E10BL2,5.0,1
B001E10B58,5.0,1
B001E10ARC,4.0,1
B001E109NM,5.0,1
B001E1087O,5.0,1
B001E107OI,5.0,1
B001E107K2,4.0,1
B001E10702,4.0,1
B001E0ZZZU,5.0,1
B001E0ZYJC,5.0,1
B001E0ZXSE,5.0,1
B001E0ZX9S,5.0,1
B001E0ZW6C,5.0,1
B001E0ZV18,5.0,1
B001E0ZUTG,5.0,1
B001E0ZNWU,5.0,1
B001E0ZK7I,4.0,1
B001E0ZJJM,5.0,1
B001E0ZI8O,5.0,1
B001E0ZHTE,5.0,1
B001E0ZHS0,5.0,1
B001E0ZD16,5.0,1
B001E0ZA0K,5.0,1
B001E0Z8NE,4.0,1
B001E0Z4QK,5.0,1
B001E0XBD8,5.0,1
B001E0X0G6,5.0,1
B001E0QI92,5.0,1
B001E0V9AK,5.0,1
B001E0V4A0,5.0,1
B001E0TBS2,5.0,1
B001E0TA1K,5.0,1
B001E0T88K,5.0,1
B001E0T7V8,5.0,1
B001E0T7PY,5.0,1
B001E0SYNU,4.0,1
B001E0SWXM,5.0,1
B001E0SWVO,5.0,1
B001E0SRS2,5.0,1
B001E0SRKU,5.0,1
B001E0SMQY,5.0,1
B001E0SKDE,5.0,1
B001E0SH32,5.0,1
B001E0SGNI,4.0,1
B001E0SECG,5.0,1
B001E0R6JI,5.0,1
B001E0R68E,4.0,1
B001E0R3LE,5.0,1
B001E0R2YC,5.0,1
B001E0R1YI,5.0,1
B001E0QYZK,5.0,1
B001E0QWZ2,5.0,1
B001E0QT78,4.0,1
B001E0QSZQ,5.0,1
B001E0V72U,5.0,1
B001E0V9R8,5.0,1
B001E0WVLQ,4.0,1
B001E0VDII,5.0,1
B001E0WM10,5.0,1
B001E0WLPM,5.0,1
B001E0WKPS,4.0,1
B001E0WK12,5.0,1
B001E0WJKO,5.0,1
B001E0WI0U,5.0,1
B001E0WHS8,5.0,1
B001E0WH6K,4.0,1
B001E0WFWQ,5.0,1
B001E0WE18,5.0,1
B001E0WCBA,5.0,1
B001E0WC2Y,5.0,1
B001E0W8MI,5.0,1
B001E0W6GQ,5.0,1
B001E0W65C,5.0,1
B001E0W5RG,5.0,1
B001E0W4DG,5.0,1
B001E0W2ZQ,5.0,1
B001E0W2P6,5.0,1
B001E0W1FW,5.0,1
B001E0W06W,5.0,1
B001E0VRFC,5.0,1
B001E0VP4U,5.0,1
B001E0VNE2,5.0,1
B001E0VJBO,5.0,1
B001BQT2ZQ,4.0,1
B001BQFBLU,4.0,1
B001A8EFQ6,5.0,1
B001A8DS28,5.0,1
B001A8DS00,5.0,1
B001A8C1ZI,5.0,1
B001A8BM6W,5.0,1
B001A89V1U,5.0,1
B001A886VG,5.0,1
B001A7YE86,5.0,1
B001A7Y5US,5.0,1
B001A7LVXM,5.0,1
B001A7HNHA,5.0,1
B0019X1U9C,5.0,1
B001A6ERIY,5.0,1
B001A6ERHA,5.0,1
B001A6DLT0,5.0,1
B001A67MN6,5.0,1
B001A664SU,5.0,1
B001A5ZT3W,5.0,1
B001A5Q01W,5.0,1
B001A5LUBM,5.0,1
B001A5JSRA,5.0,1
B001A8FTPM,5.0,1
B001A8G4JW,5.0,1
B001A8HCOI,5.0,1
B001AC3W7K,4.0,1
B001AC3V7Q,5.0,1
B001AC3STW,4.0,1
B001AC3STM,5.0,1
B001AC2TQ0,4.0,1
B001AC1YIY,5.0,1
B001AC1WR2,5.0,1
B001AC1WFY,5.0,1
B001AC0HCS,4.0,1
B001AC0GJW,5.0,1
B001ABYRVQ,5.0,1
B001ABYR5M,5.0,1
B001ABWRTA,5.0,1
B001ABWRN6,5.0,1
B001ABOUZY,5.0,1
B001AA78MW,5.0,1
B001AA25MK,5.0,1
B001A9YR40,5.0,1
B001A9JGF0,5.0,1
B001A9JG3C,5.0,1
B001A9DRBO,5.0,1
B001A9DRBE,5.0,1
B001A9CL5W,4.0,1
B001A8VJT2,5.0,1
B001A5JSQQ,5.0,1
B001A1P2F6,5.0,1
B001A1MS44,4.0,1
B001A1MJ66,5.0,1
B001A1M9E8,5.0,1
B001A1JU4U,4.0,1
B001A16TM6,5.0,1
B001A15HP6,5.0,1
B001A15H06,5.0,1
B001A12QPA,5.0,1
B001A11G24,5.0,1
B001A10G16,5.0,1
B001A0OHYE,5.0,1
B001A07CIM,5.0,1
B0019ZXING,5.0,1
B0019ZWK08,5.0,1
B0019ZF55A,5.0,1
B0019ZA0S2,5.0,1
B0019Z8HZK,5.0,1
B0019YTDK4,5.0,1
B0019YACX6,5.0,1
B0019Y8DZ0,5.0,1
B0019Y6RBM,5.0,1
B0019Y2DVU,5.0,1
B0019XV80S,5.0,1
B0019XUVJW,5.0,1
B001A50RWK,5.0,1
B001A4YQOG,5.0,1
B001A4X0C0,4.0,1
B001A4FD7K,5.0,1
B001A4AZNW,5.0,1
B001A44CB8,5.0,1
B001A4024E,4.0,1
B001A3JCP0,5.0,1
B001A3GWSU,4.0,1
B001A3F4JS,5.0,1
B001A3F3SK,4.0,1
B001A3F2ZE,5.0,1
B001A3D652,5.0,1
B001A3D51W,5.0,1
B001A3D4HM,5.0,1
B001A36I8Y,5.0,1
B001A35C22,4.0,1
B001A351J6,5.0,1
B001A34HFK,5.0,1
B001A24S2I,5.0,1
B001A238XS,5.0,1
B001A1RUUG,4.0,1
B001AC9CGU,4.0,1
B001AC9H5Q,5.0,1
B001ALLPAM,4.0,1
B001ALEK9U,5.0,1
B001ALBKUW,5.0,1
B001AL5WEC,5.0,1
B001AKWZD4,5.0,1
B001AKW80Y,5.0,1
B001AKQBRA,5.0,1
B001AKP5CM,5.0,1
B001AKOHAI,4.0,1
B001AKNQVY,5.0,1
B001AKNC9A,5.0,1
B001AKJI3O,5.0,1
B001AKJFBO,5.0,1
B001AKJEGU,5.0,1
B001AK42OO,5.0,1
B001AJPWGW,5.0,1
B001AJMGD4,5.0,1
B001AJ619Y,5.0,1
B001AJ4N7Q,5.0,1
B001AIT7XM,5.0,1
B001AIMCL6,5.0,1
B001ALGN04,5.0,1
B001ALRMA4,5.0,1
B001AI95H0,5.0,1
B001ALY22U,5.0,1
B001ANTRTQ,4.0,1
B001ANRPFE,5.0,1
B001ANN4PE,5.0,1
B001ANN454,5.0,1
B001ANIQMU,4.0,1
B001AN16RW,4.0,1
B001AMX1KS,4.0,1
B001AMWY0Q,5.0,1
B001AMTQN4,5.0,1
B001AMRLOA,5.0,1
B001AMRIB6,5.0,1
B001AMQYEI,4.0,1
B001AMMSDY,5.0,1
B001AML6R8,5.0,1
B001AMIMI4,5.0,1
B001AMBAEW,5.0,1
B001AM4NFA,5.0,1
B001AM26Q8,5.0,1
B001ALZKA8,5.0,1
B001AIDA76,5.0,1
B001AI6R1M,5.0,1
B001ACEGO8,5.0,1
B001ADWAH2,4.0,1
B001ADUARY,5.0,1
B001ADU8J4,5.0,1
B001ADU894,5.0,1
B001ADU65K,5.0,1
B001ADSKWG,5.0,1
B001ADSKDA,5.0,1
B001ADSIKU,5.0,1
B001ADSHSS,5.0,1
B001ADQWU8,5.0,1
B001ADOWDM,4.0,1
B001ADOW50,4.0,1
B001ADOUWK,5.0,1
B001ADH0RW,5.0,1
B001ADBV8Q,5.0,1
B001AD0RL8,5.0,1
B001ACT1M0,5.0,1
B001ACQHBS,5.0,1
B001ACQELQ,5.0,1
B001ACQ2H2,5.0,1
B001ACQ290,4.0,1
B001AEEK0G,5.0,1
B001AEP3IY,5.0,1
B001AI1ZVY,5.0,1
B001AEZ46U,5.0,1
B001AHX22A,5.0,1
B001AHV4MK,5.0,1
B001AHUBI8,5.0,1
B001AHUBG0,5.0,1
B001AHT364,5.0,1
B001AHS6AI,5.0,1
B001AHJ6C0,4.0,1
B001AHJ54E,5.0,1
B001AHER3S,5.0,1
B001AHBLNM,5.0,1
B001AHAQ3S,5.0,1
B001AH8E6O,5.0,1
B001AH5U3E,5.0,1
B001AGWZOM,5.0,1
B001AGSM6M,4.0,1
B001AGS25S,5.0,1
B001AGIKH8,5.0,1
B001AGF5DA,5.0,1
B001AG9YXW,4.0,1
B001AFDBFA,5.0,1
B001AFC39U,5.0,1
B001AFBUNK,5.0,1
B001AEZRIA,5.0,1
B0019X3VGM,5.0,1
B001BQD6U8,5.0,1
B00198505C,5.0,1
B00198UFQ6,5.0,1
B00198M3G6,5.0,1
B00198LIYY,5.0,1
B00198JG3Y,5.0,1
B00198JB16,5.0,1
B00198BY9I,4.0,1
B001989F8A,5.0,1
B001988CNO,5.0,1
B0019874YM,5.0,1
B001982802,5.0,1
B0019WWXE4,5.0,1
B001980Y3U,5.0,1
B00197SH1C,5.0,1
B00197PT40,5.0,1
B00197K8TQ,5.0,1
B00197BLCY,5.0,1
B001977Y16,5.0,1
B00196UWTS,5.0,1
B00196SUDS,5.0,1
B00196R6HO,5.0,1
B00196N78Q,5.0,1
B00198UGYC,5.0,1
B00198W38O,4.0,1
B00198W3JS,5.0,1
B00199CF22,5.0,1
B00199C8KG,4.0,1
B00199A30S,5.0,1
B001998E86,5.0,1
B001998CKQ,5.0,1
B00199754K,4.0,1
B00199745A,5.0,1
B0019973K6,5.0,1
B00199736A,4.0,1
B001996FPU,5.0,1
B0019955Q0,5.0,1
B0019952WC,5.0,1
B001994ZYS,4.0,1
B0019941K6,5.0,1
B001991S1Q,5.0,1
B001991QKY,5.0,1
B00198ZPSO,5.0,1
B00198ZOOE,5.0,1
B00198XSME,4.0,1
B00198WD7K,5.0,1
B00198W51E,5.0,1
B00196B42C,5.0,1
B0019694DS,5.0,1
B001967PN4,5.0,1
B00192JI1U,5.0,1
B00192ETC8,5.0,1
B00192E9XM,5.0,1
B00192ADQE,5.0,1
B001925LAM,5.0,1
B00191R4QW,5.0,1
B00191J3SO,5.0,1
B001918JDE,5.0,1
B001910MJI,5.0,1
B00190ZD3O,5.0,1
B00190S89U,5.0,1
B00190JY52,5.0,1
B0019061M6,5.0,1
B0018ZPBLE,4.0,1
B0018ZK36M,5.0,1
B0018ZHOO6,5.0,1
B0018Z5URE,5.0,1
B0018Z4G8I,5.0,1
B0018Z0N76,5.0,1
B0018Z0MVS,5.0,1
B0018YE3OQ,4.0,1
B0018X15U2,5.0,1
B0018X07BU,4.0,1
B0018V8JCQ,5.0,1
B00192JHXY,5.0,1
B001967PC0,4.0,1
B00192MVE6,4.0,1
B001967N3Q,5.0,1
B00196736I,5.0,1
B001965QMG,5.0,1
B0019647QM,5.0,1
B0019644SS,5.0,1
B0019608FQ,5.0,1
B00195T5U6,4.0,1
B00194TKJI,5.0,1
B00194EGDS,5.0,1
B00194E926,5.0,1
B00194DDM8,5.0,1
B00194D8MS,4.0,1
B00194CZG8,5.0,1
B00194CEXM,5.0,1
B0019494LC,5.0,1
B001947HBG,5.0,1
B001945PE2,4.0,1
B00193QISU,5.0,1
B0019368DA,5.0,1
B001933FTK,5.0,1
B00192PY1S,5.0,1
B00192OH3O,5.0,1
B00192OGVM,4.0,1
B00192MVOG,5.0,1
B00199RLNU,5.0,1
B0019A63Q0,5.0,1
B0019A82ZU,5.0,1
B0019QZHBQ,4.0,1
B0019QUB2G,5.0,1
B0019QJSBG,5.0,1
B0019QAMUM,4.0,1
B0019PSTYY,5.0,1
B0019NX61M,5.0,1
B0019N6TGQ,5.0,1
B0019MQU9I,5.0,1
B0019M5YHW,4.0,1
B0019LYSPM,5.0,1
B0019LXB14,5.0,1
B0019LWJA8,5.0,1
B0019LW4H6,5.0,1
B0019LVWC4,5.0,1
B0019LRHY6,4.0,1
B0019LNA0Q,5.0,1
B0019LLIUA,5.0,1
B0019ROHF2,5.0,1
B0019KVF0Y,5.0,1
B0019RPNFU,5.0,1
B0019WFEYU,5.0,1
B0019W8IPM,5.0,1
B0019W7SRQ,5.0,1
B0019VRMG4,5.0,1
B0019V3F3I,5.0,1
B0019UQM8Y,5.0,1
B0019UH7QU,5.0,1
B0019UARTO,5.0,1
B0019U8IPY,5.0,1
B0019U54TM,5.0,1
B0019THNGK,5.0,1
B0019SZIQI,4.0,1
B0019SVVNC,4.0,1
B0019SMEUG,5.0,1
B0019SBWOA,5.0,1
B0019SBTY8,5.0,1
B0019RWYM0,5.0,1
B0019RWYE8,5.0,1
B0019RV41W,5.0,1
B0019RUDDW,4.0,1
B0019RT9G4,5.0,1
B0019RPO8G,5.0,1
B0019KX92G,5.0,1
B0019KPLGS,5.0,1
B0019A8430,5.0,1
B0019DX9KK,5.0,1
B0019DVEY8,5.0,1
B0019DTOYU,5.0,1
B0019DKJTO,4.0,1
B0019D8MUM,5.0,1
B0019D71V8,5.0,1
B0019D5N1S,5.0,1
B0019D30G8,5.0,1
B0019CW4ES,5.0,1
B0019CSH5I,5.0,1
B0019CSFAU,5.0,1
B0019CS4BK,5.0,1
B0019CRIFI,4.0,1
B0019CRG1Y,5.0,1
B0019CR4D4,5.0,1
B0019CLBYC,4.0,1
B0019CHY8Y,5.0,1
B0019CFKSK,5.0,1
B0019BNAWE,4.0,1
B0019BLVEI,5.0,1
B0019ADNQ8,4.0,1
B0019ABTR8,5.0,1
B0019AABRC,5.0,1
B0019A861K,4.0,1
B0019EWQGC,5.0,1
B0019K38YU,5.0,1
B0019JF038,4.0,1
B0019J6HG2,5.0,1
B0019J4CVY,5.0,1
B0019IZGY2,5.0,1
B0019IQ04C,5.0,1
B0019INTY6,4.0,1
B0019IJDBY,5.0,1
B0019I86B2,5.0,1
B0019HP8PK,5.0,1
B0019GXV6E,5.0,1
B0019GX1RS,5.0,1
B0019GRSK4,5.0,1
B0019GROLC,5.0,1
B0019GLEGI,5.0,1
B0019GCPP2,5.0,1
B0019G8NKS,5.0,1
B0019FVH3Y,5.0,1
B0019F6SWE,4.0,1
B0019F0AHS,5.0,1
B001ANTSS6,4.0,1
B001BBONNC,5.0,1
B001BBRPSC,5.0,1
B001BBRPR8,5.0,1
B001BBRP32,5.0,1
B001BBRAG4,5.0,1
B001BBQO1Q,5.0,1
B001BBQCCC,5.0,1
B001BBQC2W,5.0,1
B001BBPU8Y,5.0,1
B001BBP1GU,4.0,1
B001BBP0PM,5.0,1
B001BBP0OS,5.0,1
B001BBP07U,5.0,1
B001BBP03Y,5.0,1
B001BBOMQK,4.0,1
B001BBOLHA,5.0,1
B001BBOG8E,4.0,1
B001BBO9XG,4.0,1
B001BBO9UY,4.0,1
B001BBMKIW,5.0,1
B001BBMFT6,4.0,1
B001BBJMD8,4.0,1
B001BBIT8M,5.0,1
B001BBISC4,5.0,1
B001BBHL1I,5.0,1
B001BBHKOG,5.0,1
B001BBRS2K,5.0,1
B001BBRVYK,5.0,1
B001BBS8I8,5.0,1
B001BBS8U6,5.0,1
B001BFCGY6,5.0,1
B001BENCDG,5.0,1
B001BENCCW,5.0,1
B001BEL7HY,5.0,1
B001BEJVK4,5.0,1
B001BEHCA0,5.0,1
B001BDYVVO,5.0,1
B001BDXOSA,5.0,1
B001BDVK2W,5.0,1
B001BDVH0W,5.0,1
B001BDTJCU,5.0,1
B001BDTJB6,5.0,1
B001BDKD02,4.0,1
B001BDF2TE,4.0,1
B001BCVF2S,5.0,1
B001BBY7QA,5.0,1
B001BBU6WY,5.0,1
B001BBU0O8,5.0,1
B001BBTXH8,5.0,1
B001BBTXDC,5.0,1
B001BBTX6E,5.0,1
B001BBTL4I,5.0,1
B001BBTJEU,5.0,1
B001BBST96,5.0,1
B001BBS93C,5.0,1
B001BBHJOC,5.0,1
B001BBFDHM,5.0,1
B001BBEHT2,4.0,1
B001B9DE6G,5.0,1
B001B9BC6K,5.0,1
B001B974KS,5.0,1
B001B8RN32,5.0,1
B001B8QFFO,5.0,1
B001B8PEV0,5.0,1
B001B8OH0O,4.0,1
B001B8MX0A,5.0,1
B001B8MMF6,5.0,1
B001B8MH7O,5.0,1
B001B8LQC6,5.0,1
B001B8LCMK,5.0,1
B001B89Y5C,5.0,1
B001B89Y3Y,5.0,1
B001B87SDC,5.0,1
B001B867E8,5.0,1
B001B85RDA,4.0,1
B001B831WY,5.0,1
B001B82D8W,5.0,1
B001B82APS,5.0,1
B001B81DJ2,5.0,1
B001B7REIC,5.0,1
B001B9BCJ2,5.0,1
B001B9DNBC,5.0,1
B001BB6EBG,5.0,1
B001BB53BI,5.0,1
B001BARNJY,5.0,1
B001BAKU08,5.0,1
B001BAJ2G6,4.0,1
B001BAHESY,5.0,1
B001BAHEPC,5.0,1
B001BAGWNC,5.0,1
B001BAGUZM,5.0,1
B001BAEVXA,5.0,1
B001BAEVX0,5.0,1
B001BADGFO,5.0,1
B001BA1C6Y,5.0,1
B001B9W2O6,5.0,1
B001B9QJ6S,5.0,1
B001B9KEEG,5.0,1
B001B9IKEW,5.0,1
B001B9H5PW,5.0,1
B001B9G6X4,5.0,1
B001B9G38W,5.0,1
B001B9G0W6,4.0,1
B001B9FGGM,5.0,1
B001B9FE50,5.0,1
B001BFFRKG,5.0,1
B001BFLD7W,4.0,1
B001BFLGEM,5.0,1
B001BO0HDY,4.0,1
B001BO01YY,5.0,1
B001BNYQWI,4.0,1
B001BNYLXW,5.0,1
B001BMQD0W,5.0,1
B001BMN594,4.0,1
B001BMN56M,5.0,1
B001BMMZEA,5.0,1
B001BMEW8M,5.0,1
B001BMDBVG,5.0,1
B001BLP2HI,5.0,1
B001BLOI8W,5.0,1
B001BLL42K,5.0,1
B001BLCCH6,5.0,1
B001BKU530,5.0,1
B001BKU4FY,5.0,1
B001BKU2LK,5.0,1
B001BKTROS,4.0,1
B001BKTKEK,5.0,1
B001BKTJIW,5.0,1
B001BKTINS,5.0,1
B001BKTHRU,5.0,1
B001BKTF2C,5.0,1
B001BO204S,5.0,1
B001BQ7ZV4,4.0,1
B001BPYAEA,5.0,1
B001BPWLCI,5.0,1
B001BPVCC8,4.0,1
B001BPRXG2,5.0,1
B001BPHIFI,5.0,1
B001BPEI3I,5.0,1
B001BPBUSO,4.0,1
B001BP9RVG,5.0,1
B001BP66TC,5.0,1
B001BOXJJ8,5.0,1
B001BOUN56,4.0,1
B001BONNO4,5.0,1
B001BONLSW,5.0,1
B001BOJUN2,4.0,1
B001BOHB9M,5.0,1
B001BODS94,5.0,1
B001BOC1J2,5.0,1
B001BOBQK2,5.0,1
B001BO2598,5.0,1
B001BKS21C,5.0,1
B001BKLIFO,5.0,1
B001BKLFDO,5.0,1
B001BKL00C,5.0,1
B001BKKXQY,5.0,1
B001BKK2AG,5.0,1
B001BKIBXG,5.0,1
B001BJYC9E,4.0,1
B001BJT6DQ,5.0,1
B001BJAOO6,5.0,1
B001BJ5OHS,5.0,1
B001BIZB04,5.0,1
B001BIXC4G,5.0,1
B001BIN2D2,5.0,1
B001BIJOK2,4.0,1
B001BHUFSS,4.0,1
B001BHUFQK,5.0,1
B001BHSEV8,5.0,1
B001BHRMP2,5.0,1
B001BHED7C,5.0,1
B001BGY05I,5.0,1
B001BFX1JK,5.0,1
B001BFRQLO,4.0,1
B001BFRMPY,5.0,1
B001BFOGSA,5.0,1
B001BFNG6I,5.0,1
B001BKLGHY,5.0,1
B001BKS0JQ,5.0,1
B001BKM4XY,4.0,1
B001BKRX3K,5.0,1
B001BKRH1I,5.0,1
B001BKRD6C,5.0,1
B001BKRCCW,4.0,1
B001BKQ4RG,5.0,1
B001BKPN8W,5.0,1
B001BKPLBQ,5.0,1
B001BKPKO4,5.0,1
B001BKPK4Y,5.0,1
B001BKPJAO,4.0,1
B001BKO69O,5.0,1
B001BKO5S6,5.0,1
B001BKNN5W,5.0,1
B001BKNJ9C,5.0,1
B001BKNIYS,5.0,1
B001BKN1YK,5.0,1
B001BKN13Q,5.0,1
B001BKN0NM,5.0,1
B001BKMZFG,4.0,1
B001BKM6ZA,5.0,1
B001BKM650,5.0,1
B001B7PREA,4.0,1
B001B7OTZ8,5.0,1
B001AXCPZ4,5.0,1
B001AXBNNO,5.0,1
B001AX9Y80,4.0,1
B001AX654Q,4.0,1
B001AX2B8U,4.0,1
B001AX0UCY,5.0,1
B001AWS6H6,5.0,1
B001AWPU0M,5.0,1
B001AWPF5W,5.0,1
B001AWOUNU,4.0,1
B001AWJJN6,5.0,1
B001AWJGZ2,5.0,1
B001AW1N8K,5.0,1
B001AW03M2,5.0,1
B001AVP288,5.0,1
B001AVK9X6,5.0,1
B001AVC9Q6,4.0,1
B001AVBJ3A,5.0,1
B001AV8I7U,5.0,1
B001AV1UIE,5.0,1
B001AUYSU2,5.0,1
B001AUYAIW,5.0,1
B001AXBNRK,4.0,1
B001AXDA6M,5.0,1
B001AUPMTI,5.0,1
B001AXFTO8,4.0,1
B001AZLZDK,5.0,1
B001AZLLFM,5.0,1
B001AYZCGC,5.0,1
B001AYYWY0,5.0,1
B001AYWVVG,5.0,1
B001AYU34S,5.0,1
B001AYU2E4,5.0,1
B001AYHZHG,5.0,1
B001AYACNK,4.0,1
B001AY8BDI,5.0,1
B001AY39JO,4.0,1
B001AY0DPW,5.0,1
B001AY0D6Q,5.0,1
B001AXYIKY,5.0,1
B001AXWTNM,5.0,1
B001AXWNGU,5.0,1
B001AXU6BO,5.0,1
B001AXR22U,5.0,1
B001AXQYV0,5.0,1
B001AXP98Y,5.0,1
B001AXOD0O,5.0,1
B001AUUCPW,5.0,1
B001AUHKR0,5.0,1
B001AZMG8S,4.0,1
B001AQVHXW,4.0,1
B001AQT2VQ,4.0,1
B001AQR402,5.0,1
B001AQO1R6,5.0,1
B001AQMW7C,5.0,1
B001AQM0TW,4.0,1
B001AQII16,5.0,1
B001AQI7LW,5.0,1
B001AQHS1M,5.0,1
B001AQAZCQ,5.0,1
B001AQ9N8I,5.0,1
B001AQ8BPY,5.0,1
B001AQ8276,4.0,1
B001AQ7S08,5.0,1
B001AQ7OMA,5.0,1
B001AQ4SBK,5.0,1
B001AQ4R4S,4.0,1
B001AQ4CFM,5.0,1
B001AQ4AQ8,5.0,1
B001AQ11XS,5.0,1
B001APA3PG,4.0,1
B001AP334O,5.0,1
B001AP1RCY,4.0,1
B001AO9EUC,5.0,1
B001AQUWOM,5.0,1
B001AUAYL4,4.0,1
B001AQWNDU,5.0,1
B001ATON4E,5.0,1
B001ATKIPW,5.0,1
B001ATEALA,5.0,1
B001ATB914,5.0,1
B001AT8WWS,5.0,1
B001AT3PDY,5.0,1
B001ASV67M,5.0,1
B001ASTYJO,5.0,1
B001ASSJPO,5.0,1
B001ASQPFU,4.0,1
B001ASP2CW,5.0,1
B001ASJQXS,5.0,1
B001AS9PL6,5.0,1
B001AS8ROW,5.0,1
B001AS6ZEQ,5.0,1
B001AS52UY,5.0,1
B001ARZ6EM,5.0,1
B001ARUXV8,5.0,1
B001ARR68G,5.0,1
B001ARN1AS,5.0,1
B001AR4NG4,5.0,1
B001AR1LLY,5.0,1
B001AQYYQO,5.0,1
B001AQXCWG,5.0,1
B001B7M95A,5.0,1
B001B4HEBC,5.0,1
B001B4G5QM,5.0,1
B001B4EBOK,5.0,1
B001B4E7BM,5.0,1
B001B4DST4,4.0,1
B001B45BWG,5.0,1
B001B45B6M,5.0,1
B001B4560S,5.0,1
B001B423PO,5.0,1
B001B3XYCG,5.0,1
B001B3PL7M,5.0,1
B001B3JM7C,5.0,1
B001B3JGWI,5.0,1
B001B3FWN0,4.0,1
B001B3C2HY,5.0,1
B001B37WOC,5.0,1
B001B36MPM,5.0,1
B001B34UNS,4.0,1
B001B2WQBM,4.0,1
B001B2WA0O,5.0,1
B001B2UBNC,5.0,1
B001B2SU6M,4.0,1
B001B2S2SS,5.0,1
B001B2RLNU,5.0,1
B001B2QJO2,5.0,1
B001B2N7R4,4.0,1
B001B4HED0,5.0,1
B001B2N3FU,5.0,1
B001B4O9EM,4.0,1
B001B7K46G,5.0,1
B001B7HTJQ,5.0,1
B001B7FO34,5.0,1
B001B76HSK,5.0,1
B001B769K6,4.0,1
B001B6GMM2,5.0,1
B001B6F282,5.0,1
B001B6BVQY,4.0,1
B001B66ONO,5.0,1
B001B66OMK,5.0,1
B001B5ZFMQ,5.0,1
B001B5YFGI,5.0,1
B001B5JVDK,4.0,1
B001B5DFRI,4.0,1
B001B5CRD6,5.0,1
B001B58GUE,5.0,1
B001B58GRW,5.0,1
B001B4SESE,5.0,1
B001B4P5W2,5.0,1
B001B4P55O,4.0,1
B001B2N57Q,5.0,1
B001B2L1CM,5.0,1
B001B12EME,5.0,1
B001B0XQ40,5.0,1
B001B0WZ06,5.0,1
B001B0WYLQ,5.0,1
B001B0WWFE,5.0,1
B001B0WGXM,5.0,1
B001B0W222,4.0,1
B001B0UR4C,4.0,1
B001B0TQY4,4.0,1
B001B0SYCO,5.0,1
B001B0S8BG,5.0,1
B001B0S3WU,5.0,1
B001B0QKUM,5.0,1
B001B0OH4I,5.0,1
B001B0MEAW,5.0,1
B001B0I6E0,5.0,1
B001B0C1SM,5.0,1
B001B0BDEK,5.0,1
B001B06EQ2,5.0,1
B001B04URC,4.0,1
B001B00NL4,5.0,1
B001AZX98O,5.0,1
B001AZX3WQ,5.0,1
B001AZTH7Q,5.0,1
B001AZSLKA,5.0,1
B001AZRXOA,4.0,1
B001AZPS56,5.0,1
B001AZOVIG,4.0,1
B001B10R4Q,4.0,1
B001B13WIO,5.0,1
B001B2KXF8,5.0,1
B001B17ACS,5.0,1
B001B2116I,5.0,1
B001B1Z4EE,4.0,1
B001B1XTNW,5.0,1
B001B1UOQC,4.0,1
B001B1UHF0,4.0,1
B001B1T2QK,5.0,1
B001B1SW3Y,5.0,1
B001B1SVEO,5.0,1
B001B1SRRU,4.0,1
B001B1QKH4,5.0,1
B001B1QFCO,5.0,1
B001B1QEX4,5.0,1
B001B1OJ5Y,5.0,1
B001B1OFBW,5.0,1
B001B1M8SO,5.0,1
B001B1M21M,5.0,1
B001B1HL5O,5.0,1
B001B1GSVW,4.0,1
B001B1ETE0,5.0,1
B001B1ESX2,5.0,1
B001B1BLTQ,5.0,1
B001B1AK16,4.0,1
B001E8BDQC,5.0,1
B001E8E7GK,5.0,1
B001L9SVAA,5.0,1
B001IYZOTY,5.0,1
B001IWPMFM,5.0,1
B001IWC4FI,5.0,1
B001IV56DQ,4.0,1
B001IUMPY0,5.0,1
B001ISRHZO,5.0,1
B001IRD96Q,4.0,1
B001IQ2E54,5.0,1
B001IPQD48,5.0,1
B001IPMIJW,5.0,1
B001IP8SM8,5.0,1
B001IOR0Y6,5.0,1
B001INI7HG,5.0,1
B001IN65SE,5.0,1
B001IMJPJ6,4.0,1
B001IM2OTY,5.0,1
B001ILYRJU,5.0,1
B001ILV8RE,4.0,1
B001ILOPOC,4.0,1
B001ILOEE8,5.0,1
B001ILMFJO,4.0,1
B001ILHN3M,5.0,1
B001IZ31KM,4.0,1
B001IZ3R0G,5.0,1
B001IZ3ZIK,5.0,1
B001IZ46LK,5.0,1
B001J5N2BY,5.0,1
B001J53PKM,5.0,1
B001J4ZGPK,4.0,1
B001J4YTJE,5.0,1
B001J4TGT2,5.0,1
B001J43KM6,5.0,1
B001J341H0,5.0,1
B001J2ZXNW,5.0,1
B001J2ZXN2,5.0,1
B001J2ZXJ6,5.0,1
B001J2UCCO,4.0,1
B001J20QJ8,5.0,1
B001J1QURQ,5.0,1
B001J1EDFC,5.0,1
B001J0R34Q,4.0,1
B001J0OIXK,4.0,1
B001IZYQFQ,5.0,1
B001IZYQBU,5.0,1
B001IZYQB0,5.0,1
B001IZR4L4,5.0,1
B001IZL4OW,5.0,1
B001IK8YUY,5.0,1
B001IK8QUW,5.0,1
B001IK4S90,5.0,1
B001IAI4WC,5.0,1
B001IA2EG4,5.0,1
B001I9XYZ0,5.0,1
B001I80XZK,5.0,1
B001I80NO6,4.0,1
B001I7YDSE,5.0,1
B001I7YBJA,5.0,1
B001I7WSTK,5.0,1
B001I7I5KG,5.0,1
B001I7FT6E,5.0,1
B001I6WXBE,5.0,1
B001I6U6HM,5.0,1
B001I6U3O8,5.0,1
B001I6S9G2,4.0,1
B001I6S0XY,5.0,1
B001I6PXK2,5.0,1
B001I6PW12,5.0,1
B001I6PU14,4.0,1
B001I6O3SA,5.0,1
B001I4I3N8,5.0,1
B001I4GRFE,4.0,1
B001I4DDK6,5.0,1
B001I45NMM,5.0,1
B001I3Y5JA,5.0,1
B001I3X4DI,5.0,1
B001I3CD4O,4.0,1
B001I37ONO,5.0,1
B001IACV7G,5.0,1
B001IAIJCW,5.0,1
B001IK49PS,5.0,1
B001IAL4L0,5.0,1
B001IJWIZ2,5.0,1
B001IJWH2G,5.0,1
B001IJUT26,4.0,1
B001IJURBO,5.0,1
B001IJS93W,5.0,1
B001IJQUFQ,5.0,1
B001IJQS8K,5.0,1
B001IJ9346,5.0,1
B001IIO6R6,5.0,1
B001IIO66W,5.0,1
B001IIDOCY,5.0,1
B001II5Q7U,5.0,1
B001II11R4,5.0,1
B001IHR3UE,5.0,1
B001IF25AY,5.0,1
B001IEJ0CQ,5.0,1
B001IDZ4WC,5.0,1
B001IDVH9Q,5.0,1
B001IDS1TU,5.0,1
B001IBAKBY,5.0,1
B001IB3ZVG,5.0,1
B001IAVNGQ,5.0,1
B001IAUP7O,5.0,1
B001IAULGY,5.0,1
B001IAUJN4,5.0,1
B001IAQINO,5.0,1
B001J6JLU4,5.0,1
B001J6O3KW,5.0,1
B001J6O65E,5.0,1
B001JC0MI8,4.0,1
B001JBC4L2,4.0,1
B001JBC4EY,5.0,1
B001JBC44Y,5.0,1
B001JBC3FY,5.0,1
B001JBC32W,5.0,1
B001JBC2VE,5.0,1
B001JBC2K0,5.0,1
B001JBB1S4,5.0,1
B001JBB1IO,5.0,1
B001JBB0JE,5.0,1
B001JBAZMC,5.0,1
B001JB8Z9M,5.0,1
B001JB8YY8,5.0,1
B001JB8YXE,5.0,1
B001JB8YSO,5.0,1
B001JB8Y8O,5.0,1
B001JB749E,5.0,1
B001JB746W,5.0,1
B001JB731I,4.0,1
B001JB56HG,5.0,1
B001JB563A,5.0,1
B001JB55RC,5.0,1
B001JB55O0,5.0,1
B001JB559K,5.0,1
B001JAH2YW,5.0,1
B001JBXHLI,5.0,1
B001JCZ648,5.0,1
B001JAH2XS,5.0,1
B001JD68F8,5.0,1
B001JIAN2W,5.0,1
B001JI3UTA,5.0,1
B001JI1KRO,4.0,1
B001JI0KW0,5.0,1
B001JHZJ8Q,5.0,1
B001JHZDMI,5.0,1
B001JHP88C,4.0,1
B001JHFJK4,5.0,1
B001JGXYDO,5.0,1
B001JGUWIE,5.0,1
B001JG5HU2,5.0,1
B001JFDOCG,4.0,1
B001JF0MRG,5.0,1
B001JF0MQW,5.0,1
B001JEV18Q,5.0,1
B001JEC8TW,5.0,1
B001JE35B2,4.0,1
B001JDKNOU,5.0,1
B001JDDUZ4,5.0,1
B001JDDDNI,5.0,1
B001JDD4NM,5.0,1
B001JDC1LI,5.0,1
B001JDBDSU,5.0,1
B001JD9NBY,5.0,1
B001JD79XS,5.0,1
B001JAH2Y2,5.0,1
B001JAH2XI,4.0,1
B001J727KO,5.0,1
B001J9PA8I,5.0,1
B001J9NDCS,5.0,1
B001J9NDCI,5.0,1
B001J9ND82,5.0,1
B001J9LK32,5.0,1
B001J9KAQU,5.0,1
B001J9BN2A,4.0,1
B001J8OUMG,5.0,1
B001J8L9TS,5.0,1
B001J8GR1S,5.0,1
B001J85O26,5.0,1
B001J7O4IM,5.0,1
B001J7L4N0,5.0,1
B001J7H71I,5.0,1
B001J7FDFU,5.0,1
B001J7F2PQ,5.0,1
B001J7EVA8,5.0,1
B001J7EUDQ,5.0,1
B001J7EOLY,5.0,1
B001J7A6LG,5.0,1
B001J79RK2,4.0,1
B001J74H8Y,5.0,1
B001J73QS6,5.0,1
B001J73M44,4.0,1
B001J9PBLO,5.0,1
B001JAH2VU,4.0,1
B001J9Q4YC,5.0,1
B001JAH2UQ,5.0,1
B001JAH2U6,5.0,1
B001JAH2S8,5.0,1
B001JAH2OC,5.0,1
B001JAH2LK,5.0,1
B001JAH2JC,5.0,1
B001JAH2GU,5.0,1
B001JAH2EM,5.0,1
B001JAH2DS,4.0,1
B001JAH2CO,5.0,1
B001JA1PQ8,5.0,1
B001JA1CSE,5.0,1
B001J9ZPJM,5.0,1
B001J9ZI6C,5.0,1
B001J9ZG6O,5.0,1
B001J9XIQO,5.0,1
B001J9VYL0,5.0,1
B001J9UYWA,5.0,1
B001J9UPWY,5.0,1
B001J9TR9G,5.0,1
B001J9TM3M,5.0,1
B001J9T0KM,5.0,1
B001J9S4PY,5.0,1
B001J9RAMC,5.0,1
B001J9RA8G,5.0,1
B001J9R9NC,5.0,1
B001I2DNQW,5.0,1
B001I1ORKY,4.0,1
B001JICUXM,5.0,1
B001GVN1JE,5.0,1
B001GY9T9W,5.0,1
B001GXOQV4,5.0,1
B001GXKGVI,5.0,1
B001GXFPO6,5.0,1
B001GXFFLO,5.0,1
B001GXEWTU,4.0,1
B001GXDAVG,5.0,1
B001GXCNEG,5.0,1
B001GWXPO4,4.0,1
B001GWII3W,5.0,1
B001GWCC02,5.0,1
B001GW869S,5.0,1
B001GV3E1E,5.0,1
B001GUR7WC,5.0,1
B001GTZCT8,5.0,1
B001GTX77C,5.0,1
B001GTW6WE,5.0,1
B001GTRKCK,4.0,1
B001GTMEJ4,5.0,1
B001GTKJI2,5.0,1
B001GTIDY4,5.0,1
B001GTBL16,5.0,1
B001GT36DC,5.0,1
B001GZK5K8,5.0,1
B001GZMNJO,5.0,1
B001GZPGR0,5.0,1
B001H5AOHG,4.0,1
B001H54VQQ,5.0,1
B001H54UU8,4.0,1
B001H54RW4,5.0,1
B001H4YSHE,5.0,1
B001H4EPD6,5.0,1
B001H4AP4O,5.0,1
B001H42NS0,5.0,1
B001H3JPVO,5.0,1
B001H2QR5W,5.0,1
B001H28LY2,5.0,1
B001H1OVJW,4.0,1
B001H1IKVW,5.0,1
B001H0POD0,5.0,1
B001H09X3W,4.0,1
B001H05J62,5.0,1
B001H03CFW,5.0,1
B001GZY9U0,5.0,1
B001GZY9I2,5.0,1
B001GZY946,5.0,1
B001GZRJL6,5.0,1
B001GZRAAG,4.0,1
B001GSQAZY,5.0,1
B001GSQ8W4,4.0,1
B001GSO39Y,5.0,1
B001GQ3H9S,5.0,1
B001GQ2ELA,5.0,1
B001GQ2EGU,4.0,1
B001GQ2EGA,4.0,1
B001GQ0IN6,5.0,1
B001GPWJAW,5.0,1
B001GPJ0KY,5.0,1
B001GPIRR6,5.0,1
B001GP83T8,5.0,1
B001GOA17G,5.0,1
B001GNWA0I,5.0,1
B001GNQZL8,5.0,1
B001GNBVT4,5.0,1
B001GN783M,5.0,1
B001GN5EEW,5.0,1
B001GN014U,5.0,1
B001GMZ830,5.0,1
B001GMYSM2,4.0,1
B001GMYEW6,5.0,1
B001GMTHJG,4.0,1
B001GQ7KBE,5.0,1
B001GQLP9W,5.0,1
B001GSO2NQ,5.0,1
B001GSM3QE,5.0,1
B001GSM2D8,5.0,1
B001GSK3UM,5.0,1
B001GSJZI8,5.0,1
B001GSJG1Y,5.0,1
B001GSJEVG,5.0,1
B001GSG8LU,5.0,1
B001GS8OM6,5.0,1
B001GS8OJO,5.0,1
B001GS6PUO,5.0,1
B001GS6PJA,4.0,1
B001GS6PGS,5.0,1
B001GS2NDM,5.0,1
B001GS0CF8,5.0,1
B001GS09JM,5.0,1
B001GRS0FI,5.0,1
B001GRQFF0,5.0,1
B001GRPQRS,5.0,1
B001GRNMX8,5.0,1
B001GRNJYK,5.0,1
B001H5U8A4,5.0,1
B001H6DV2U,5.0,1
B001H6E1OC,5.0,1
B001HTAJA4,5.0,1
B001HT04PY,5.0,1
B001HSYUT6,5.0,1
B001HS2ITA,5.0,1
B001HRO074,5.0,1
B001HQQ07I,5.0,1
B001HPOBDY,5.0,1
B001HOA8LE,5.0,1
B001HNJ7VM,5.0,1
B001HNB954,5.0,1
B001HMNXBI,5.0,1
B001HLJZTS,5.0,1
B001HLFQ46,5.0,1
B001HLCCSE,5.0,1
B001HLA4LG,5.0,1
B001HL9ANY,5.0,1
B001HL3UTE,5.0,1
B001HKXI42,5.0,1
B001HKQ8IU,5.0,1
B001HKF1MY,5.0,1
B001HKE5KI,5.0,1
B001HKE2E2,5.0,1
B001HKCAC8,4.0,1
B001HT8KIC,5.0,1
B001HTB6PG,5.0,1
B001HJWPQK,4.0,1
B001I17FSK,5.0,1
B001HYC3QW,4.0,1
B001HXHNY0,5.0,1
B001HX47YY,5.0,1
B001HX47CQ,5.0,1
B001HX3AUQ,5.0,1
B001HX3AH4,5.0,1
B001HX3AG0,5.0,1
B001HX3AB0,4.0,1
B001HX39ZC,4.0,1
B001HWNZHA,5.0,1
B001HWC68O,5.0,1
B001HW8GCO,5.0,1
B001HW7SYQ,5.0,1
B001HW5OGA,5.0,1
B001HW1CK2,5.0,1
B001HV0Q1Y,5.0,1
B001HV0PEM,5.0,1
B001HUXME8,5.0,1
B001HU43G4,5.0,1
B001HK05IE,5.0,1
B001HJU2VA,5.0,1
B001HBE6H4,5.0,1
B001HBC01S,5.0,1
B001HBB3ZC,5.0,1
B001HAQSUS,4.0,1
B001HAQA6K,4.0,1
B001HADFNQ,5.0,1
B001HA5TCG,4.0,1
B001H9WQYQ,5.0,1
B001H9NQN6,5.0,1
B001H9NOGK,5.0,1
B001H9NNYI,5.0,1
B001H9A0MQ,5.0,1
B001H99QEE,5.0,1
B001H97OM0,5.0,1
B001H968YK,4.0,1
B001H95WTW,5.0,1
B001H941XK,5.0,1
B001H8E4AG,5.0,1
B001H88LL4,5.0,1
B001H81KT4,5.0,1
B001H7Z4CY,5.0,1
B001H7W3AA,5.0,1
B001H7PYSI,5.0,1
B001H7NK5C,5.0,1
B001H7NJO4,5.0,1
B001H6LIM0,4.0,1
B001H6HOJQ,5.0,1
B001H6HIVU,4.0,1
B001HBHLKI,5.0,1
B001HBR0TA,4.0,1
B001HJQQUG,5.0,1
B001HJOLE4,5.0,1
B001HJML2I,4.0,1
B001HILO9A,5.0,1
B001HHYO6Q,5.0,1
B001HHDK98,4.0,1
B001HH8YNA,5.0,1
B001HFWEJC,5.0,1
B001HETL3U,5.0,1
B001HE44K0,4.0,1
B001HDIQLY,5.0,1
B001HDD1GY,4.0,1
B001HC4E1G,5.0,1
B001HBXAVC,5.0,1
B001HBXATO,5.0,1
B001HBV302,5.0,1
B001HBRZPE,5.0,1
B001HBR1X0,5.0,1
B001HBR0V8,4.0,1
B001JIBJSO,5.0,1
B001JIG9QQ,5.0,1
B001E8HJ9C,5.0,1
B001KYRN1O,4.0,1
B001KYRYUY,5.0,1
B001KYRXBE,5.0,1
B001KYRX8W,5.0,1
B001KYRVMU,5.0,1
B001KYRUAS,4.0,1
B001KYRTOA,5.0,1
B001KYRTE0,4.0,1
B001KYRR8I,5.0,1
B001KYRPO4,5.0,1
B001KYROUO,4.0,1
B001KYRND2,5.0,1
B001KYRMIS,5.0,1
B001KXZXTY,5.0,1
B001KYRMGK,5.0,1
B001KYRLB6,4.0,1
B001KYQNT2,5.0,1
B001KYQMIO,5.0,1
B001KYQKT0,5.0,1
B001KYQH6Q,5.0,1
B001KYQGG2,5.0,1
B001KYQG6W,5.0,1
B001KYQFNQ,5.0,1
B001KYQF4A,5.0,1
B001KYQEY6,5.0,1
B001KYQDVA,5.0,1
B001KYQDKG,5.0,1
B001KYRYWC,5.0,1
B001KYRZ1M,5.0,1
B001KYS0LG,4.0,1
B001KYU49M,5.0,1
B001KYU442,5.0,1
B001KYU3WK,5.0,1
B001KYU2YO,5.0,1
B001KYU2MG,5.0,1
B001KYU2K8,4.0,1
B001KYU1HC,5.0,1
B001KYTZPQ,5.0,1
B001KYTZ60,4.0,1
B001KYTYC0,5.0,1
B001KYTXWQ,5.0,1
B001KYTVY6,4.0,1
B001KYTVTQ,5.0,1
B001KYTVLE,5.0,1
B001KYTVGO,5.0,1
B001KYTV32,5.0,1
B001KYTTZW,5.0,1
B001KYTTXE,5.0,1
B001KYTQEG,5.0,1
B001KYT1SM,4.0,1
B001KYT01A,4.0,1
B001KYS822,4.0,1
B001KYS4XA,5.0,1
B001KYS13I,5.0,1
B001KYS0RU,5.0,1
B001KYQCBQ,5.0,1
B001KYQC1Q,5.0,1
B001KYQAP4,4.0,1
B001KYO0VU,5.0,1
B001KYO0BK,5.0,1
B001KYNZY8,4.0,1
B001KYNZAC,5.0,1
B001KYNYHQ,5.0,1
B001KYNYEE,5.0,1
B001KYNY9Y,5.0,1
B001KYNXZE,5.0,1
B001KYNXFO,5.0,1
B001KYNXBS,5.0,1
B001KYNX2C,5.0,1
B001KYNWUK,5.0,1
B001KYNWS2,5.0,1
B001KYNW8W,5.0,1
B001KYNUZ2,5.0,1
B001KYH7SS,5.0,1
B001KYGUAY,5.0,1
B001KYGL1C,4.0,1
B001KYDMZA,5.0,1
B001KYD0AM,5.0,1
B001KYCIY6,5.0,1
B001KYABWC,5.0,1
B001KYAAF0,5.0,1
B001KY83KE,5.0,1
B001KY7S96,4.0,1
B001KY5FK0,5.0,1
B001KY0ISE,4.0,1
B001KYO0GK,5.0,1
B001KYO2BS,4.0,1
B001KYQAA4,5.0,1
B001KYO49S,5.0,1
B001KYQA2W,5.0,1
B001KYQ9SM,5.0,1
B001KYQ9GE,4.0,1
B001KYQ8OM,5.0,1
B001KYQ8N8,5.0,1
B001KYQ702,5.0,1
B001KYQ63A,5.0,1
B001KYQ5S6,5.0,1
B001KYQ4YG,4.0,1
B001KYQ3U6,5.0,1
B001KYQ34M,5.0,1
B001KYQ32O,5.0,1
B001KYQ2M0,4.0,1
B001KYQ2KW,4.0,1
B001KYQ2HU,5.0,1
B001KYPZ7I,5.0,1
B001KYPYMY,5.0,1
B001KYOHF4,5.0,1
B001KYOH4U,5.0,1
B001KYOA6K,5.0,1
B001KYO9JS,4.0,1
B001KYO9C0,5.0,1
B001KYO6YG,5.0,1
B001L2MPW2,5.0,1
B001L2MFP4,5.0,1
B001L2DYVI,5.0,1
B001L2DC5Q,5.0,1
B001L2C5RW,5.0,1
B001L2BSCK,5.0,1
B001L2AE0W,5.0,1
B001L2AE0M,5.0,1
B001L29584,5.0,1
B001L28BNO,5.0,1
B001L286P2,5.0,1
B001L26F96,4.0,1
B001L1ZLII,4.0,1
B001L1R6SQ,5.0,1
B001L177JO,5.0,1
B001L151TM,5.0,1
B001L14XIM,5.0,1
B001L14VQG,5.0,1
B001L13LDK,5.0,1
B001L13IK6,5.0,1
B001L11T2A,5.0,1
B001L11RRW,4.0,1
B001L11PSS,5.0,1
B001L3I3W2,5.0,1
B001L0ZO9K,4.0,1
B001L3Z190,4.0,1
B001L9KCFC,5.0,1
B001L98GGE,5.0,1
B001L89Z6U,5.0,1
B001L82JMM,5.0,1
B001L80DBG,5.0,1
B001L7WQC6,5.0,1
B001L7V6N6,5.0,1
B001L7V0Q4,5.0,1
B001L7PJF2,5.0,1
B001L7PFCO,5.0,1
B001L79V56,4.0,1
B001L70FN8,5.0,1
B001L6QGS2,5.0,1
B001L56RWI,5.0,1
B001L56DS6,5.0,1
B001L567BE,5.0,1
B001L54QJE,5.0,1
B001L4JFQY,4.0,1
B001L4GM7Y,5.0,1
B001L45G3U,5.0,1
B001L453SI,5.0,1
B001L0ZUMQ,5.0,1
B001L0XVRW,5.0,1
B001KYU6X6,5.0,1
B001KYVVRQ,5.0,1
B001KYVTAU,5.0,1
B001KYVT1Y,5.0,1
B001KYVSF6,4.0,1
B001KYVSCE,5.0,1
B001KYVRU2,4.0,1
B001KYVQY4,5.0,1
B001KYVQ8U,4.0,1
B001KYVPS6,5.0,1
B001KYVO64,5.0,1
B001KYVO32,4.0,1
B001KYVNW4,5.0,1
B001KYVNPG,4.0,1
B001KYVNCE,5.0,1
B001KYVMXE,5.0,1
B001KYVMU2,5.0,1
B001KYVK7C,5.0,1
B001KYVK4K,5.0,1
B001KYVJFK,5.0,1
B001KYUD52,5.0,1
B001KYUB2W,5.0,1
B001KYU9UG,4.0,1
B001KYVX7O,5.0,1
B001L0VUZW,5.0,1
B001KYW0WQ,5.0,1
B001KZNS5S,5.0,1
B001KZMCUA,5.0,1
B001KZE4V0,5.0,1
B001KZE4GU,5.0,1
B001KZD8UI,5.0,1
B001KZAGCG,5.0,1
B001KZAFW2,5.0,1
B001KZ41B8,5.0,1
B001KZ3M1I,5.0,1
B001KZ1WCO,5.0,1
B001KZ1VP2,5.0,1
B001KZ0HAC,5.0,1
B001KZ08NI,5.0,1
B001KYZWL2,5.0,1
B001KYYU4M,5.0,1
B001KYWEKE,5.0,1
B001KYWDFA,5.0,1
B001KYWCIS,4.0,1
B001KYW990,5.0,1
B001KYW8D2,4.0,1
B001KYW6L6,5.0,1
B001KYW1U2,5.0,1
B001KY0HYY,5.0,1
B001KXSFEY,5.0,1
B001JJBCBM,5.0,1
B001JYYBMY,5.0,1
B001JZ0B54,5.0,1
B001JZ0AGE,4.0,1
B001JZ04XS,5.0,1
B001JYYYJ4,5.0,1
B001JYYWD2,5.0,1
B001JYYRK0,5.0,1
B001JYYNZ4,5.0,1
B001JYYIWM,5.0,1
B001JYYI72,5.0,1
B001JYYCA0,5.0,1
B001JYYBRO,5.0,1
B001JYYB7E,5.0,1
B001KXQY4W,5.0,1
B001JYWT78,4.0,1
B001JYTUCU,4.0,1
B001JYSLZ2,5.0,1
B001JYQT6A,5.0,1
B001JYO0GG,5.0,1
B001JYMA22,4.0,1
B001JYLPR8,5.0,1
B001JYAA2E,5.0,1
B001JYA9HK,5.0,1
B001JY6RNK,5.0,1
B001JZ0CRQ,5.0,1
B001JZ0IES,5.0,1
B001JZ0PQE,5.0,1
B001JZQT6E,5.0,1
B001JZPWGC,5.0,1
B001JZKDS4,5.0,1
B001JZ5TBK,5.0,1
B001JZ5M4Y,4.0,1
B001JZ5M4E,5.0,1
B001JZ461E,5.0,1
B001JZ3YOO,5.0,1
B001JZ3WFA,5.0,1
B001JZ3U0C,5.0,1
B001JZ3RWS,4.0,1
B001JZ3ONU,4.0,1
B001JZ3MBE,5.0,1
B001JZ3ILI,5.0,1
B001JZ2M2E,5.0,1
B001JZ2FUS,5.0,1
B001JZ21D4,5.0,1
B001JZ0SFW,5.0,1
B001JTYY0S,5.0,1
B001JTWWDY,5.0,1
B001JQ36A0,4.0,1
B001JPKMC6,5.0,1
B001JPJZH4,5.0,1
B001JPFWBM,5.0,1
B001JPF29E,5.0,1
B001JPBRN4,5.0,1
B001JOMS6K,5.0,1
B001JOBHRQ,5.0,1
B001JO818O,4.0,1
B001JLIMAO,5.0,1
B001JLCKRA,5.0,1
B001JKTE1Q,5.0,1
B001JKK6U4,5.0,1
B001JKHGZW,5.0,1
B001JKGKUO,5.0,1
B001JKGE28,4.0,1
B001JKDEFS,5.0,1
B001JKCI28,5.0,1
B001JJUP3S,5.0,1
B001JJS50S,5.0,1
B001JJRDX8,4.0,1
B001JJOW1E,4.0,1
B001JJNTT0,5.0,1
B001JJED54,5.0,1
B001JPOYNE,5.0,1
B001JQ3Z60,5.0,1
B001JTS5GM,5.0,1
B001JQ4IHU,5.0,1
B001JTRKTK,5.0,1
B001JTQW0I,5.0,1
B001JTE6ZG,4.0,1
B001JTCJ6E,5.0,1
B001JT9E3U,4.0,1
B001JT8ORW,5.0,1
B001JSSWJS,5.0,1
B001JSQJBG,5.0,1
B001JSP8XQ,5.0,1
B001JROBEE,5.0,1
B001JR4EUK,5.0,1
B001JQLO1S,5.0,1
B001JQLO0E,5.0,1
B001JQLNSC,5.0,1
B001JQLNBO,5.0,1
B001JQIVZA,5.0,1
B001JQFCS4,4.0,1
B001JQFCOI,5.0,1
B001JQF2P2,5.0,1
B001JQEC12,5.0,1
B001JQDCOK,4.0,1
B001JZZWQW,5.0,1
B001K0043M,5.0,1
B001K0044G,5.0,1
B001KSMTW8,5.0,1
B001KQU7LU,5.0,1
B001KQSNVQ,5.0,1
B001KQDRJY,5.0,1
B001KQ7TE8,5.0,1
B001KPTHS0,5.0,1
B001KPOEHO,5.0,1
B001KPJ2GM,4.0,1
B001KPG2FG,5.0,1
B001KOXB10,5.0,1
B001KOTRMM,5.0,1
B001KOTRFY,5.0,1
B001KOTQT6,5.0,1
B001KOTQSM,5.0,1
B001KOTQO6,5.0,1
B001KOTQM8,5.0,1
B001KOTQIC,5.0,1
B001KOTQDW,5.0,1
B001KOTQC8,5.0,1
B001KNVD4I,5.0,1
B001KT5Q18,5.0,1
B001KNULUK,5.0,1
B001KTYTZ2,4.0,1
B001KXGF8C,4.0,1
B001KWXRUW,5.0,1
B001KWOELI,5.0,1
B001KWHXNE,5.0,1
B001KWHWNK,5.0,1
B001KWGGXM,5.0,1
B001KWFCL4,5.0,1
B001KWEM1U,5.0,1
B001KWEM1A,5.0,1
B001KWEEH2,5.0,1
B001KWDBBM,4.0,1
B001KWD6OE,5.0,1
B001KWCEYM,5.0,1
B001KWB86M,5.0,1
B001KWAKL6,5.0,1
B001KW95SK,4.0,1
B001KW8DCO,4.0,1
B001KW73FW,5.0,1
B001KW72BC,4.0,1
B001KW3O1Y,5.0,1
B001KV3QW2,5.0,1
B001KUWXJA,5.0,1
B001KUVUJO,5.0,1
B001KUSM4K,5.0,1
B001KUQOPY,5.0,1
B001K01ZJO,5.0,1
B001KE7R3S,4.0,1
B001KDFTM0,5.0,1
B001KBCEKW,4.0,1
B001KAZCCA,5.0,1
B001KAFDV0,5.0,1
B001KAD4D4,5.0,1
B001KA66OS,4.0,1
B001KA5JOG,5.0,1
B001K93ZY8,5.0,1
B001K87D92,5.0,1
B001K7IITW,5.0,1
B001K7HVTK,4.0,1
B001K6EOJ6,5.0,1
B001K4H4JA,5.0,1
B001K3XY68,4.0,1
B001K3A6NC,5.0,1
B001K30DXA,5.0,1
B001K2RCKI,5.0,1
B001K0N560,5.0,1
B001K0MZES,5.0,1
B001K0HNOA,5.0,1
B001K0F1QM,5.0,1
B001K0BHYM,5.0,1
B001K0BGIE,5.0,1
B001KEDBT2,4.0,1
B001KNTRGE,5.0,1
B001KNTMDW,4.0,1
B001KNTKGG,5.0,1
B001KNNGMA,5.0,1
B001KNLDKW,5.0,1
B001KNBYJC,5.0,1
B001KN9AFC,5.0,1
B001KN96H4,5.0,1
B001KN7JFK,4.0,1
B001KN78EW,4.0,1
B001KN62UI,5.0,1
B001KN536C,5.0,1
B001KMWJEC,5.0,1
B001KKOBEU,5.0,1
B001KKO0SC,5.0,1
B001KKDP6K,5.0,1
B001KK5TGO,5.0,1
B001KJXM6Y,5.0,1
B001KJAYKQ,5.0,1
B001KJ8Z5M,4.0,1
B001KJ8YVC,5.0,1
B001KIMY7S,5.0,1
B001GMS8WI,5.0,1
B001EYP65U,5.0,1
B001F0JATG,5.0,1
B001F0HA0C,4.0,1
B001F0CMA0,5.0,1
B001F0BTR2,5.0,1
B001F081LY,5.0,1
B001F058ME,5.0,1
B001EZZSQG,5.0,1
B001EYWM8E,5.0,1
B001EYFBXM,5.0,1
B001ET7EM8,5.0,1
B001EYE71E,5.0,1
B001EYDF26,5.0,1
B001EYBS84,5.0,1
B001EYB2EE,4.0,1
B001EY9LUG,5.0,1
B001EY90J8,5.0,1
B001EXZ96C,4.0,1
B001EXS1F8,5.0,1
B001F0KXSS,5.0,1
B001F0M04S,4.0,1
B001F0M74Q,4.0,1
B001F0MYZS,5.0,1
B001F1CVM8,5.0,1
B001F14X6A,5.0,1
B001F0S2PO,5.0,1
B001F0RMS2,4.0,1
B001F0RAUC,5.0,1
B001F0RAMA,5.0,1
B001F0RADE,5.0,1
B001F0R9RG,4.0,1
B001F0QXZA,5.0,1
B001F0QXYQ,4.0,1
B001F0QXU0,5.0,1
B001F0QXRS,5.0,1
B001F0QXOG,5.0,1
B001F0QXF0,5.0,1
B001F0QX78,4.0,1
B001F0QX6E,4.0,1
B001F0QX4G,5.0,1
B001F0QX3M,4.0,1
B001F0QX2I,5.0,1
B001F0QWSI,5.0,1
B001F0QVAC,5.0,1
B001F0QV7K,5.0,1
B001F0MZJ8,5.0,1
B001EXRYV0,5.0,1
B001EXQKWE,5.0,1
B001EXPW0A,5.0,1
B001EVPFC2,4.0,1
B001EVEQCC,5.0,1
B001EV99IS,5.0,1
B001EUJZLU,5.0,1
B001EUEC86,5.0,1
B001EUB1C6,5.0,1
B001EU7WOW,5.0,1
B001EU5S6Q,4.0,1
B001ETUSZI,5.0,1
B001ETUEY8,5.0,1
B001ET7MOI,5.0,1
B001ET7MHU,4.0,1
B001ET7MCK,5.0,1
B001ET7LYY,5.0,1
B001ET7LEY,5.0,1
B001ET7LBM,5.0,1
B001ET7KQ8,4.0,1
B001ET7KNG,5.0,1
B001ET7K5Y,5.0,1
B001ET7K3G,5.0,1
B001ET7JGY,5.0,1
B001ET7IVU,5.0,1
B001ET7HDE,5.0,1
B001ET7FWM,5.0,1
B001ET7FSG,5.0,1
B001ET7FIG,5.0,1
B001EVITT8,5.0,1
B001EVQVN4,5.0,1
B001EVV4VI,5.0,1
B001EX3BXK,5.0,1
B001EWHIJE,4.0,1
B001EWF300,5.0,1
B001EWF2N8,5.0,1
B001EWF2JW,5.0,1
B001EWF2E2,5.0,1
B001EWF2A6,5.0,1
B001EWF1YS,5.0,1
B001EWF1TI,5.0,1
B001EWF1NY,5.0,1
B001EWF1BG,5.0,1
B001EWF152,5.0,1
B001EWF148,4.0,1
B001EWF13E,5.0,1
B001EWF0SA,5.0,1
B001EWF0OY,5.0,1
B001EWF0NK,5.0,1
B001EWET7I,5.0,1
B001EWEP5E,5.0,1
B001EWC2LS,5.0,1
B001EW8IO8,5.0,1
B001EW0JO0,5.0,1
B001EVX722,5.0,1
B001F1S5GE,5.0,1
B001F1SBE0,5.0,1
B001F1SV22,5.0,1
B001FB5PD0,5.0,1
B001FB5O1I,5.0,1
B001FB5NJG,5.0,1
B001FB5N9Q,4.0,1
B001FB5MOM,5.0,1
B001FB5MM4,5.0,1
B001FB5MJW,5.0,1
B001FB5MCO,5.0,1
B001FB5MAG,5.0,1
B001FB5M4W,5.0,1
B001FB5M1U,5.0,1
B001FB5LWK,5.0,1
B001FB5LTS,5.0,1
B001FB5LRA,5.0,1
B001FB5IJQ,5.0,1
B001FB5IHS,5.0,1
B001FB5HLA,5.0,1
B001FB5H8I,5.0,1
B001FB5H88,5.0,1
B001FAWMNW,5.0,1
B001FAM24G,5.0,1
B001FAK3LK,5.0,1
B001FB5O68,4.0,1
B001FB5PGW,4.0,1
B001FKOO1K,5.0,1
B001FJZFQY,4.0,1
B001FJ2TAO,5.0,1
B001FIOLJW,5.0,1
B001FHAPRU,4.0,1
B001FECMT2,5.0,1
B001FDKQUA,5.0,1
B001FDE8RM,5.0,1
B001FDE8R2,4.0,1
B001FDBYT2,4.0,1
B001FD7X10,5.0,1
B001FD4N6S,5.0,1
B001FD2I8I,5.0,1
B001FC2OPG,5.0,1
B001FBR092,5.0,1
B001FBILTK,4.0,1
B001FBD5CI,5.0,1
B001FB7538,4.0,1
B001FB646M,5.0,1
B001FB5TRC,5.0,1
B001FB5Q84,5.0,1
B001FA3TAW,5.0,1
B001F1U6LQ,5.0,1
B001F51RRE,5.0,1
B001F51PSU,5.0,1
B001F4YHP4,5.0,1
B001F4T50G,5.0,1
B001F4R1VG,5.0,1
B001F3I22O,5.0,1
B001F3GOP6,5.0,1
B001F3BADM,5.0,1
B001F3B1KY,5.0,1
B001F38X64,5.0,1
B001F385D0,5.0,1
B001F36VRC,5.0,1
B001F32VA8,4.0,1
B001F2F4GC,5.0,1
B001F23FK4,5.0,1
B001F1Y4FA,5.0,1
B001F1XYNI,5.0,1
B001F1XMB2,5.0,1
B001F1XD02,4.0,1
B001F1WGXM,5.0,1
B001F1VDB8,5.0,1
B001F1VD86,5.0,1
B001F51PYE,5.0,1
B001F8XX64,5.0,1
B001F51TA4,5.0,1
B001F8XK58,5.0,1
B001F8U1GE,5.0,1
B001F8RR3Y,4.0,1
B001F8PXV2,5.0,1
B001F8FNSA,5.0,1
B001F89NE0,5.0,1
B001F7S5ZE,5.0,1
B001F7Q1SW,5.0,1
B001F7O39G,5.0,1
B001F7JDYG,5.0,1
B001F7EB5W,5.0,1
B001F7CTME,5.0,1
B001F7C75I,5.0,1
B001F7C65E,4.0,1
B001F7BDXU,5.0,1
B001F73TOQ,5.0,1
B001F6M722,5.0,1
B001F6JD10,4.0,1
B001F6HA1A,5.0,1
B001F653G4,4.0,1
B001F60QM0,4.0,1
B001F5T7RG,4.0,1
B001F51WEM,4.0,1
B001F51WDS,5.0,1
B001ET7EXW,5.0,1
B001ET7EKK,5.0,1
B001GMOKE8,5.0,1
B001EHASF0,4.0,1
B001EJOOUS,5.0,1
B001EJOORG,5.0,1
B001EJOOLW,5.0,1
B001EJONTU,5.0,1
B001EJMUQ8,5.0,1
B001EJKBJ6,5.0,1
B001EJIRYC,5.0,1
B001EJGORE,5.0,1
B001EJAMBI,5.0,1
B001EHM6M8,4.0,1
B001EHHVT6,5.0,1
B001EHCUIS,5.0,1
B001EHA7S8,5.0,1
B001ET7EK0,4.0,1
B001EH9LY4,4.0,1
B001EH90IQ,5.0,1
B001EFKEL0,5.0,1
B001EF0YWE,5.0,1
B001EEYQC4,5.0,1
B001EES68O,5.0,1
B001EEPRK4,4.0,1
B001EDS1LM,5.0,1
B001ED9WV0,5.0,1
B001ED8KAY,5.0,1
B001EJOP02,4.0,1
B001EJOP2A,5.0,1
B001EJOP34,5.0,1
B001EJOP4S,5.0,1
B001EJOS22,5.0,1
B001EJOS1I,5.0,1
B001EJOS0Y,5.0,1
B001EJORXM,5.0,1
B001EJORVO,5.0,1
B001EJORQE,4.0,1
B001EJORPA,5.0,1
B001EJORO6,5.0,1
B001EJORLO,5.0,1
B001EJORL4,4.0,1
B001EJORJG,5.0,1
B001EJORE6,5.0,1
B001EJORC8,5.0,1
B001EJOR8M,5.0,1
B001EJOR6E,4.0,1
B001EJOR5K,5.0,1
B001EJOR50,5.0,1
B001EJOR4G,5.0,1
B001EJOQZG,5.0,1
B001EJOQTM,5.0,1
B001EJOQJ2,5.0,1
B001EJOPRA,5.0,1
B001EJOPE8,5.0,1
B001EJOP7A,4.0,1
B001ED7PGE,5.0,1
B001ED56P6,5.0,1
B001ED1JJS,5.0,1
B001EBGVWK,5.0,1
B001EBET74,4.0,1
B001EBE80C,4.0,1
B001EBCA7U,5.0,1
B001EB6O9U,5.0,1
B001E96P14,5.0,1
B001E96OZG,5.0,1
B001E96NRU,5.0,1
B001E96M8K,5.0,1
B001E96LXG,5.0,1
B001E96LTK,5.0,1
B001E95J3O,5.0,1
B001E95F10,5.0,1
B001E91OMY,5.0,1
B001E90C18,5.0,1
B001E8YQ8Y,5.0,1
B001E8XYS2,4.0,1
B001E8KEV2,5.0,1
B001E8JOI6,5.0,1
B001E8IRFC,5.0,1
B001E8IQRG,5.0,1
B001E8IQOY,5.0,1
B001E8I8H4,5.0,1
B001EBGRZQ,4.0,1
B001EBIA9M,5.0,1
B001ECZP9Y,4.0,1
B001EBJBOA,4.0,1
B001ECZNJG,5.0,1
B001ECVI22,5.0,1
B001ECVI04,5.0,1
B001ECQDVI,5.0,1
B001ECQ9I0,5.0,1
B001ECQ9DU,5.0,1
B001ECQ534,5.0,1
B001ECQ3WW,5.0,1
B001ECQ3LS,5.0,1
B001ECQ3DQ,5.0,1
B001ECQ32C,4.0,1
B001ECK5SU,5.0,1
B001ECIHLW,5.0,1
B001ECGWUA,5.0,1
B001ECFR2Y,5.0,1
B001EBUTY6,5.0,1
B001EBQ8SW,5.0,1
B001EBPLO4,4.0,1
B001EBM5CU,5.0,1
B001EBLI6E,5.0,1
B001EBLGHA,5.0,1
B001EBLBO8,5.0,1
B001EK3V8S,5.0,1
B001EL0JO6,5.0,1
B001ET76KI,4.0,1
B001ET73AQ,5.0,1
B001ET72E8,5.0,1
B001ET7202,5.0,1
B001ET71YE,4.0,1
B001ET71O4,5.0,1
B001ET71NK,5.0,1
B001ET71KS,5.0,1
B001ET71IU,5.0,1
B001ET70VS,4.0,1
B001ET70JU,5.0,1
B001ET6ZB4,5.0,1
B001ET6Z8M,5.0,1
B001ET6Z32,5.0,1
B001ET6Z28,4.0,1
B001ET6YZG,5.0,1
B001ET6Y5G,5.0,1
B001ET6X9S,5.0,1
B001ET6WVM,5.0,1
B001ET6AJ6,4.0,1
B001ESOKPI,5.0,1
B001ESNLVC,5.0,1
B001ESIZHC,4.0,1
B001ESE2II,5.0,1
B001ET76EO,4.0,1
B001ET76SK,4.0,1
B001ESC1SG,5.0,1
B001ET7EI2,5.0,1
B001ET7EHS,5.0,1
B001ET7DIS,5.0,1
B001ET7DE2,5.0,1
B001ET7BRG,5.0,1
B001ET7BPI,5.0,1
B001ET7BOE,5.0,1
B001ET7BN0,4.0,1
B001ET7BM6,5.0,1
B001ET7BLC,5.0,1
B001ET7BK8,5.0,1
B001ET7ANQ,5.0,1
B001ET7AK4,5.0,1
B001ET7ACC,5.0,1
B001ET79OQ,5.0,1
B001ET79HS,5.0,1
B001ET79GO,4.0,1
B001ET78OC,5.0,1
B001ET78O2,4.0,1
B001ET78ME,5.0,1
B001ET78JC,5.0,1
B001ET78EW,4.0,1
B001ET781U,5.0,1
B001ET77U2,5.0,1
B001ET77OS,5.0,1
B001ET77IY,5.0,1
B001ESE25G,5.0,1
B001ESA372,4.0,1
B001ELA7FW,5.0,1
B001EO5X3U,5.0,1
B001EO3EUO,5.0,1
B001EO0YXY,5.0,1
B001EO0EMK,4.0,1
B001ENVRJK,5.0,1
B001ENTYFE,5.0,1
B001ENQUOM,5.0,1
B001ENH2J4,4.0,1
B001ENG2CM,5.0,1
B001ENFSF4,5.0,1
B001ENB8GC,5.0,1
B001EN55MA,5.0,1
B001EN41HU,5.0,1
B001EN33JM,5.0,1
B001EN1C54,5.0,1
B001EMRP0G,5.0,1
B001ELZR4S,5.0,1
B001ELTPB4,5.0,1
B001ELSAQ0,5.0,1
B001ELMY6C,5.0,1
B001ELJNZC,5.0,1
B001ELJ8FW,5.0,1
B001ELJ88E,5.0,1
B001ELEATQ,5.0,1
B001ELDGQE,5.0,1
B001ELCLTM,5.0,1
B001ELCKYI,4.0,1
B001EO5WTK,5.0,1
B001EO6POQ,4.0,1
B001ES9EYA,4.0,1
B001ES8GLW,5.0,1
B001ES8GD0,5.0,1
B001ES6Y84,4.0,1
B001ES6XMQ,5.0,1
B001EROI4M,5.0,1
B001ERM09C,5.0,1
B001ERIYCE,4.0,1
B001ERIO9C,5.0,1
B001ERGY94,5.0,1
B001ERFJSG,4.0,1
B001EREV58,5.0,1
B001ERD3IO,5.0,1
B001ERBYL2,5.0,1
B001ER8XUM,5.0,1
B001EQHW5K,5.0,1
B001EQ0GZ8,5.0,1
B001EPHN1Y,5.0,1
B001EP4NLM,5.0,1
B001EP2O7C,5.0,1
B001EOJ2Z0,5.0,1
B001EOFRTU,5.0,1
B001EOA29K,5.0,1
B001FLFUOO,5.0,1
B001FM5MPA,4.0,1
B001G7PWM2,5.0,1
B001G7PYEI,5.0,1
B001G7PXNK,5.0,1
B001G7PXLC,5.0,1
B001G7PXKS,5.0,1
B001G7PXCQ,5.0,1
B001G7PX9Y,5.0,1
B001G7PX1C,5.0,1
B001G7PX08,5.0,1
B001G7PWQ8,5.0,1
B001G7PWPE,4.0,1
B001G7PWEA,5.0,1
B001G7PVUU,5.0,1
B001G7PVRS,5.0,1
B001G7PVP0,5.0,1
B001G7PVH8,5.0,1
B001G7PV8W,5.0,1
B001G7PUTM,5.0,1
B001G7PUCO,5.0,1
B001G7PTWK,5.0,1
B001G7PTQQ,5.0,1
B001G7PTLG,5.0,1
B001G7PT5M,5.0,1
B001G7PT52,5.0,1
B001G7PZK6,4.0,1
B001G8SZQQ,5.0,1
B001G8OTZC,5.0,1
B001G8NDEA,4.0,1
B001G8K8AC,5.0,1
B001G8E1K0,5.0,1
B001G857A8,5.0,1
B001G7QZ28,5.0,1
B001G7Q6MC,5.0,1
B001G7Q28U,5.0,1
B001G7Q0NC,5.0,1
B001G7Q0N2,5.0,1
B001G7Q0KK,5.0,1
B001G7Q0HI,5.0,1
B001G7Q0EG,5.0,1
B001G7Q0DM,5.0,1
B001G7Q0BO,5.0,1
B001G7Q0AU,5.0,1
B001G7Q09G,5.0,1
B001G7Q04G,5.0,1
B001G7PZYW,5.0,1
B001G7PZTC,5.0,1
B001G7PZT2,5.0,1
B001G7PZPG,5.0,1
B001G7PSVM,5.0,1
B001G7PRD6,4.0,1
B001G7PLRI,5.0,1
B001G7PLGO,5.0,1
B001G7PKZG,5.0,1
B001G7PJSE,5.0,1
B001G7PJRK,5.0,1
B001G7PJR0,5.0,1
B001G7PJQ6,5.0,1
B001G7PJPM,5.0,1
B001G7PJLG,5.0,1
B001G7PJIY,5.0,1
B001G7PJCU,5.0,1
B001G7PJ98,5.0,1
B001G7PJ7U,5.0,1
B001G7PJ52,5.0,1
B001G7PIVC,5.0,1
B001G7PIV2,5.0,1
B001G7PIUI,4.0,1
B001G7PITO,4.0,1
B001G7EIB8,5.0,1
B001G7B2Q2,5.0,1
B001G78WNS,5.0,1
B001G78QRA,5.0,1
B001G78O9U,5.0,1
B001G774X2,4.0,1
B001G771Q2,5.0,1
B001G7PLRS,5.0,1
B001G7PR36,5.0,1
B001G7PLU0,5.0,1
B001G7PQUU,5.0,1
B001G7PQPK,5.0,1
B001G7PQNM,5.0,1
B001G7PQIM,5.0,1
B001G7PQE6,5.0,1
B001G7PQC8,5.0,1
B001G7PPQA,5.0,1
B001G7PPP6,5.0,1
B001G7PPO2,4.0,1
B001G7PPCE,5.0,1
B001G7PP38,4.0,1
B001G7PORA,5.0,1
B001G7PO66,5.0,1
B001G7PO5W,5.0,1
B001G7PNUI,5.0,1
B001G7PNBC,4.0,1
B001G7PN7Q,5.0,1
B001G7PMYU,5.0,1
B001G7PMIG,5.0,1
B001G7PM7M,5.0,1
B001G7PM3Q,5.0,1
B001G7PM04,4.0,1
B001G8VRKC,5.0,1
B001G8W9AO,5.0,1
B001GKM78Q,5.0,1
B001GKISGQ,5.0,1
B001GKG23C,5.0,1
B001GKB7ZA,4.0,1
B001GK986K,5.0,1
B001GK9720,5.0,1
B001GJSX1W,5.0,1
B001GJQUSA,5.0,1
B001GJQU0S,5.0,1
B001GJMSVS,5.0,1
B001GIOW8G,4.0,1
B001GIOVZ0,4.0,1
B001GIOVC8,5.0,1
B001GIOVAU,4.0,1
B001GIOV4Q,5.0,1
B001GIOV4G,5.0,1
B001GIOV3W,5.0,1
B001GIOV3M,5.0,1
B001GIOUZG,5.0,1
B001GIOUXS,4.0,1
B001GIOUW4,5.0,1
B001GH363E,5.0,1
B001GGNC66,5.0,1
B001GGL4Q6,4.0,1
B001GG6808,5.0,1
B001GG3U36,5.0,1
B001GG04QM,5.0,1
B001GKLQSI,5.0,1
B001GKNP14,5.0,1
B001GFJ60S,5.0,1
B001GKNSG6,5.0,1
B001GMOIM2,5.0,1
B001GMN7HO,5.0,1
B001GMN1NE,5.0,1
B001GMFE0C,5.0,1
B001GMAVW8,5.0,1
B001GMANJ4,5.0,1
B001GMANE4,5.0,1
B001GM70EU,5.0,1
B001GLR1WW,5.0,1
B001GLN5RW,5.0,1
B001GKRSZ8,5.0,1
B001GKRP6A,5.0,1
B001GKQJ4O,5.0,1
B001GKPUEY,5.0,1
B001GKPOU4,5.0,1
B001GKP2IS,5.0,1
B001GFJRDO,5.0,1
B001GBH0QO,5.0,1
B001GBFJBW,5.0,1
B001GBFJ26,5.0,1
B001GBF8SG,4.0,1
B001GBDJRI,5.0,1
B001GBD5AO,5.0,1
B001GBCWQM,5.0,1
B001GAOHWA,5.0,1
B001GAFF3A,5.0,1
B001GAANDM,5.0,1
B001GA73DK,5.0,1
B001G9MAD4,5.0,1
B001G9KCQQ,5.0,1
B001G9IB78,5.0,1
B001G98EM0,4.0,1
B001G9406E,5.0,1
B001G91OP4,5.0,1
B001G91M4M,4.0,1
B001G8ZRAS,5.0,1
B001G8WS7I,5.0,1
B001G8WRRY,5.0,1
B001G8WF4O,5.0,1
B001G8WF3A,5.0,1
B001G8WEIG,5.0,1
B001GBGSDU,5.0,1
B001GBINFQ,5.0,1
B001GFH13C,4.0,1
B001GBJ0JE,4.0,1
B001GFAM3I,5.0,1
B001GF7V8C,5.0,1
B001GF40IQ,5.0,1
B001GEXJW0,4.0,1
B001GESCQ8,5.0,1
B001GEP8AQ,5.0,1
B001GECYIU,5.0,1
B001GE93SY,5.0,1
B001GDSW3W,5.0,1
B001GDSVSS,5.0,1
B001GDR5QW,5.0,1
B001GDNDZE,4.0,1
B001GCVUA0,5.0,1
B001GCVH80,5.0,1
B001GCVH7Q,4.0,1
B001GCVH7G,5.0,1
B001GCVH6W,4.0,1
B001GCVH4O,5.0,1
B001GCVH44,5.0,1
B001GCU86W,5.0,1
B001GCKN08,5.0,1
B001GCBWRQ,4.0,1
B001GBXMF2,5.0,1
B001GBU29G,5.0,1
B001G751NW,5.0,1
B001G737VK,5.0,1
B001FVPPXA,5.0,1
B001FVKCOM,5.0,1
B001FVB7TQ,5.0,1
B001FV9QW6,5.0,1
B001FV5XA0,5.0,1
B001FV26W8,5.0,1
B001FV14B2,4.0,1
B001FV0PYE,5.0,1
B001FUPCOI,5.0,1
B001FUHCB4,5.0,1
B001FUG5D0,5.0,1
B001FU7IPY,5.0,1
B001FU3PTW,5.0,1
B001FTSQGK,5.0,1
B001FTFTK6,5.0,1
B001FTF1A4,5.0,1
B001FTF0N2,5.0,1
B001FTF05K,4.0,1
B001FTEZUG,5.0,1
B001FTDBTW,4.0,1
B001FTD8RW,5.0,1
B001FTBWNO,5.0,1
B001FTARW6,5.0,1
B001FVQMKA,5.0,1
B001FWXH2K,4.0,1
B001FWXH16,5.0,1
B001FWXGYE,5.0,1
B001FWXGMG,4.0,1
B001FWXGIK,5.0,1
B001FWXGGC,5.0,1
B001FWXG8A,4.0,1
B001FWXG5I,5.0,1
B001FWXG4Y,5.0,1
B001FWXG3A,5.0,1
B001FWXFXQ,5.0,1
B001FWXFUE,4.0,1
B001FWXFQ8,5.0,1
B001FW0WB4,4.0,1
B001FVZG2A,5.0,1
B001FVSX2U,4.0,1
B001FVSEI8,5.0,1
B001FVRNZS,5.0,1
B001FVRNZI,5.0,1
B001FVQWAK,5.0,1
B001FVQOJY,5.0,1
B001FTA6FE,4.0,1
B001FTA4II,5.0,1
B001FPXT02,5.0,1
B001FPVO5E,5.0,1
B001FPVNQO,5.0,1
B001FPTQLS,5.0,1
B001FPECXU,5.0,1
B001FP8V00,5.0,1
B001FOS1XS,5.0,1
B001FOS0NO,5.0,1
B001FORJYU,5.0,1
B001FORJV8,5.0,1
B001FORJTA,5.0,1
B001FORJT0,5.0,1
B001FORJG8,5.0,1
B001FORJEK,4.0,1
B001FORJDQ,5.0,1
B001FORJB8,5.0,1
B001FORJ90,5.0,1
B001FORJ36,5.0,1
B001FORJ18,5.0,1
B001FORIJG,5.0,1
B001FORIGE,5.0,1
B001FORIBO,4.0,1
B001FOQYQY,5.0,1
B001FOQYOG,5.0,1
B001FOHGC0,5.0,1
B001FO6UXG,5.0,1
B001FNJNCM,4.0,1
B001FQKR2O,5.0,1
B001FT85DY,5.0,1
B001FQKR6U,5.0,1
B001FSPBF0,5.0,1
B001FSPAU6,5.0,1
B001FSNBXY,5.0,1
B001FSNB5C,5.0,1
B001FSKD7G,5.0,1
B001FSK70E,5.0,1
B001FSHQWQ,4.0,1
B001FSGRD0,5.0,1
B001FSESKY,5.0,1
B001FSD7M4,5.0,1
B001FSD7L0,5.0,1
B001FSD79M,5.0,1
B001FSD6UC,5.0,1
B001FSB7HG,5.0,1
B001FSB7CQ,5.0,1
B001FS9OKS,5.0,1
B001FS529A,5.0,1
B001FS2I5Q,5.0,1
B001FRY75G,5.0,1
B001FRPVVU,5.0,1
B001FRPAV6,5.0,1
B001FRNU36,5.0,1
B001FRH442,5.0,1
B001FWXH2U,5.0,1
B001G72N9M,5.0,1
B001G2JT26,4.0,1
B001G2F34Y,4.0,1
B001G2D95E,5.0,1
B001G2CH7K,5.0,1
B001G2B258,4.0,1
B001G2AUUQ,5.0,1
B001G1ESWS,4.0,1
B001G13UMC,5.0,1
B001G12TSI,5.0,1
B001G11ZSI,5.0,1
B001G11O6Q,4.0,1
B001G104DK,5.0,1
B001G0MLBY,4.0,1
B001G0MLBE,4.0,1
B001G0MLAA,5.0,1
B001G0ML9G,4.0,1
B001G0ML7I,5.0,1
B001G0ML6Y,5.0,1
B001G0ML64,5.0,1
B001G0JE00,5.0,1
B001G0IS1Q,5.0,1
B001G2GFFU,5.0,1
B001G2LOEC,5.0,1
B001FZ0266,5.0,1
B001G6XDRO,5.0,1
B001G6V8SK,5.0,1
B001G6QI94,5.0,1
B001G6QH40,5.0,1
B001G6FYWG,5.0,1
B001G664KM,5.0,1
B001G60I9A,4.0,1
B001G60I6S,5.0,1
B001G60I2W,5.0,1
B001G60I2C,5.0,1
B001G60HY6,5.0,1
B001G60HWS,5.0,1
B001G5JD9W,5.0,1
B001G5H67I,5.0,1
B001G5BYQM,5.0,1
B001G54D38,5.0,1
B001G3N354,5.0,1
B001G353D4,5.0,1
B001G2WU4U,5.0,1
B001FWXHFC,5.0,1
B001FWXJM8,5.0,1
B001FWXJLY,5.0,1
B001FWXJB4,5.0,1
B001FWXJAU,5.0,1
B001FWXJ96,5.0,1
B001FWXJ5U,5.0,1
B001FWXJ28,5.0,1
B001FWXJ14,4.0,1
B001FWXIS8,5.0,1
B001FWXIQ0,5.0,1
B001FWXILK,5.0,1
B001FWXIHY,5.0,1
B001FWXIHE,5.0,1
B001FWXIDI,5.0,1
B001FWXI74,5.0,1
B001FWXI4C,5.0,1
B001FWXI42,5.0,1
B001FWXI2Y,5.0,1
B001FWXI2E,5.0,1
B001FWXHZM,5.0,1
B001FWXHZC,5.0,1
B001FWXHWU,4.0,1
B001FWXHU2,5.0,1
B001FWXHKM,5.0,1
B001FWXJTG,5.0,1
B001FWXJUU,5.0,1
B001FWXJW8,5.0,1
B001FYX1I8,5.0,1
B001FYT3SA,5.0,1
B001FYSZ4I,4.0,1
B001FXUL0K,5.0,1
B001FXN92C,5.0,1
B001FX2964,4.0,1
B001FWXMT8,4.0,1
B001FWXMKW,5.0,1
B001FWXMB6,4.0,1
B001FWXM4S,5.0,1
B001FWXKIG,5.0,1
B001FWXKI6,5.0,1
B001FWXKH2,5.0,1
B001FWXKDG,5.0,1
B001FWXKA4,5.0,1
B001FWXK40,5.0,1
B001FWXK2C,5.0,1
B001FWXK1S,5.0,1
B001FWXJZ0,5.0,1
B001FWXJWS,5.0,1
B002E4H8DM,5.0,1
B0018V3WUK,5.0,1
B00384HBJ8,5.0,1
B0038B0DZK,5.0,1
B0038AU82O,5.0,1
B0038AICP4,5.0,1
B0038A5NBA,5.0,1
B00389Y5VU,5.0,1
B00389T3LW,4.0,1
B00388U0JW,5.0,1
B00385VAGM,5.0,1
B003850GG2,5.0,1
B00384UQR2,4.0,1
B00384JB6Y,5.0,1
B0037MMK56,5.0,1
B00384E4SY,5.0,1
B00384DYZI,5.0,1
B003847HDS,5.0,1
B003846XBU,5.0,1
B003843UKW,4.0,1
B0038422II,4.0,1
B003841RES,5.0,1
B00383W3JW,5.0,1
B00383W2X4,4.0,1
B00383W036,4.0,1
B00383VV0O,5.0,1
B00383OCW8,4.0,1
B0038B8C4E,5.0,1
B0038B8XYS,4.0,1
B0038BB3KY,5.0,1
B0038JZCO4,5.0,1
B0038JVW84,5.0,1
B0038JVRXY,5.0,1
B0038JVLWQ,5.0,1
B0038JVKYA,4.0,1
B0038JTYGG,5.0,1
B0038JTY7A,5.0,1
B0038JI7HI,5.0,1
B0038IUIKS,5.0,1
B0038IGY4C,4.0,1
B0038IF8PI,5.0,1
B0038I8J9A,4.0,1
B0038HT2K6,5.0,1
B0038FUEFU,4.0,1
B0038EX67E,5.0,1
B0038EVDY2,5.0,1
B0038CTM92,5.0,1
B0038BWQH8,5.0,1
B0038BINVQ,5.0,1
B0038BF2QK,5.0,1
B0038BEX2Y,5.0,1
B0038BDEMY,5.0,1
B0037UB4QO,5.0,1
B0037U38XG,4.0,1
B0037TZK88,4.0,1
B0037TZI5S,5.0,1
B0037TWT00,4.0,1
B0037TTQ92,5.0,1
B0037TPJNY,5.0,1
B0037T0BXW,5.0,1
B0037S2Q5O,5.0,1
B0037QG7GU,5.0,1
B0037PLU0E,4.0,1
B0037NDOSW,5.0,1
B0037NDB12,5.0,1
B0037NAIUE,5.0,1
B0037N80RM,5.0,1
B0037N70IW,5.0,1
B0037MQPFM,5.0,1
B0037MQM46,5.0,1
B0037MQAHA,5.0,1
B0037MP4GI,5.0,1
B0037U848U,5.0,1
B003825K5C,5.0,1
B0037UV0TK,5.0,1
B00381D6WW,5.0,1
B00381A7PG,5.0,1
B00380IS8U,4.0,1
B0037ZRQFC,5.0,1
B0037ZG09K,5.0,1
B0037ZE7CM,5.0,1
B0037ZAHA8,5.0,1
B0037Z3FB6,5.0,1
B0037YLJ8S,5.0,1
B0037XY4EK,5.0,1
B0037XGLLY,5.0,1
B0037X9KKS,5.0,1
B0037WXB5E,5.0,1
B0037WW394,4.0,1
B0037WFQ34,5.0,1
B0037WA0VW,5.0,1
B0037W6PKW,5.0,1
B0037W38WU,5.0,1
B0037VNV0K,5.0,1
B0037VDZUG,4.0,1
B0037V7IQS,5.0,1
B0038K13Y6,5.0,1
B0038K163E,5.0,1
B0038K1AAS,5.0,1
B00392FQ96,4.0,1
B00392DYPE,4.0,1
B00392C8RE,5.0,1
B00392C7MA,5.0,1
B0039284FE,4.0,1
B00390NZVE,5.0,1
B00390KQ84,5.0,1
B003905H6K,4.0,1
B003905436,5.0,1
B0038ZKUIQ,5.0,1
B0038Z8UKQ,5.0,1
B0038Z60GM,5.0,1
B0038Z2YP8,5.0,1
B0038VPB8E,4.0,1
B0038UTQHW,5.0,1
B0038T47IG,5.0,1
B0038RECL0,5.0,1
B0038REARG,4.0,1
B00392E6II,5.0,1
B0038R6P4C,5.0,1
B00392FXAS,5.0,1
B003981CI4,5.0,1
B003981CE8,5.0,1
B003981CCA,5.0,1
B003981C4I,4.0,1
B003981C3Y,4.0,1
B003977MXE,5.0,1
B003964SRI,5.0,1
B003962I1Q,5.0,1
B00395YY46,5.0,1
B00395AM4M,5.0,1
B00395A0NK,5.0,1
B003953F7I,5.0,1
B003950EFO,5.0,1
B00394Y9QA,5.0,1
B00394XP4W,4.0,1
B00394IGL4,5.0,1
B00394GU1C,5.0,1
B00394FFYK,5.0,1
B003946KMQ,5.0,1
B00393LCKW,5.0,1
B00392XYH2,5.0,1
B00392J4P8,4.0,1
B00392HITW,5.0,1
B00392G1DG,5.0,1
B0038QZJGI,5.0,1
B0038K1BCA,5.0,1
B0038NJ4LW,5.0,1
B0038MUCXM,4.0,1
B0038MF4ZI,5.0,1
B0038MC1TU,5.0,1
B0038LIA3W,5.0,1
B0038LGGL0,5.0,1
B0038LGB88,5.0,1
B0038LE52M,5.0,1
B0038L86OK,5.0,1
B0038L7D5I,4.0,1
B0038L767I,5.0,1
B0038KZD3I,5.0,1
B0038KV1G6,5.0,1
B0038KTCIU,5.0,1
B0038KOXBQ,4.0,1
B0038KEXHA,5.0,1
B0038KBOFE,4.0,1
B0038K4Z0A,5.0,1
B0038K4VLS,5.0,1
B0038K4RWG,5.0,1
B0038K3HYK,5.0,1
B0038K3FBA,5.0,1
B0038K39AM,5.0,1
B0038K1BKM,5.0,1
B0038NGOGA,4.0,1
B0038NLFIW,5.0,1
B0038NNENQ,5.0,1
B0038QLBCY,5.0,1
B0038Q1R14,5.0,1
B0038Q03FA,5.0,1
B0038PZQR6,5.0,1
B0038PYANW,5.0,1
B0038PORJY,4.0,1
B0038PH8O0,5.0,1
B0038PG6PM,4.0,1
B0038P80I8,5.0,1
B0038P0IGA,5.0,1
B0038ODASY,5.0,1
B0038O779C,5.0,1
B0038O53SE,5.0,1
B0038O4X7G,5.0,1
B0038O44T8,4.0,1
B0038O43T4,5.0,1
B0038O3N0E,5.0,1
B0038NZT2U,5.0,1
B0038NZLRS,5.0,1
B0038NQEOC,5.0,1
B0038NNSAA,5.0,1
B0037MMLWS,5.0,1
B003981CL6,5.0,1
B003760FHC,5.0,1
B003760EEG,5.0,1
B003760DYC,5.0,1
B0037603LA,5.0,1
B00375ZPH8,5.0,1
B00375ZP7I,5.0,1
B00375ZP0A,5.0,1
B00375ZMU8,5.0,1
B00375ZM9E,5.0,1
B00375ZINO,5.0,1
B00375ZEVK,5.0,1
B00375ZE2Y,5.0,1
B00375YYFC,5.0,1
B00375YUJC,4.0,1
B00375YRKE,5.0,1
B00375YR4A,5.0,1
B00375YEBG,5.0,1
B00375YE5C,5.0,1
B00375YCEU,5.0,1
B00375YBEQ,5.0,1
B00375Y6A0,5.0,1
B00375Y30S,5.0,1
B00375Y24A,5.0,1
B00375Y21S,5.0,1
B00375XZ8O,5.0,1
B003760PZE,5.0,1
B00376192M,5.0,1
B003764BMC,5.0,1
B003763ML8,5.0,1
B003763MF4,5.0,1
B003763HIQ,4.0,1
B003763EV6,5.0,1
B003763A60,5.0,1
B0037639OS,5.0,1
B0037634AM,5.0,1
B0037630WO,5.0,1
B003762YVC,5.0,1
B003762XSG,5.0,1
B003762TAS,5.0,1
B003762O8K,4.0,1
B003762HR8,5.0,1
B003762E9Y,5.0,1
B003762CQE,4.0,1
B0037629SU,5.0,1
B00376291M,4.0,1
B0037625LG,4.0,1
B003761VMU,4.0,1
B003761R1K,5.0,1
B003761QNE,5.0,1
B003761PMQ,5.0,1
B003761IU0,5.0,1
B003761A1M,5.0,1
B00375XXZ4,5.0,1
B00375XVEM,4.0,1
B00375UMXK,4.0,1
B00375UJ88,5.0,1
B00375UIWA,5.0,1
B00375UIR0,4.0,1
B00375UD7A,4.0,1
B00375U7AI,5.0,1
B00375U654,5.0,1
B00375U5Q4,5.0,1
B00375TUM4,4.0,1
B00375TFTC,5.0,1
B00375T5G0,5.0,1
B00375T3L2,4.0,1
B00375T362,5.0,1
B00375ST44,5.0,1
B00375SR2I,5.0,1
B00375SP3E,5.0,1
B00375SMCI,5.0,1
B00375RF8K,5.0,1
B00375RE8G,5.0,1
B00375RDJG,5.0,1
B00375RCJ2,5.0,1
B00375RBOS,5.0,1
B00375RAUI,5.0,1
B00375UM6M,5.0,1
B00375UNN4,5.0,1
B00375XLBK,5.0,1
B00375UNVQ,5.0,1
B00375X3PO,5.0,1
B00375X1EW,5.0,1
B00375X138,5.0,1
B00375X0KC,5.0,1
B00375WX8W,5.0,1
B00375WWCE,5.0,1
B00375WVUC,5.0,1
B00375WUSK,5.0,1
B00375WCMY,4.0,1
B00375W8WS,5.0,1
B00375W6SO,5.0,1
B00375W346,5.0,1
B00375W1NE,4.0,1
B00375W18E,5.0,1
B00375VZZO,4.0,1
B00375VZ36,5.0,1
B00375VRWK,5.0,1
B00375VQY4,5.0,1
B00375VPUE,5.0,1
B00375VN2Y,5.0,1
B00375VIHO,5.0,1
B00375VE5U,5.0,1
B00375VAQS,4.0,1
B00375V0MC,5.0,1
B00375UOMY,5.0,1
B003764C6M,4.0,1
B0037LIZA6,5.0,1
B0037LG6HA,5.0,1
B0037LERAS,5.0,1
B0037LECYE,5.0,1
B0037IOZOO,5.0,1
B0037I6OXE,5.0,1
B0037I5Z4S,4.0,1
B0037GWYEO,5.0,1
B0037GEM0I,5.0,1
B0037FZOB0,5.0,1
B0037FYQVY,5.0,1
B0037ENQAC,5.0,1
B0037ENC9M,5.0,1
B0037E2NX8,5.0,1
B0037DD1QC,5.0,1
B0037CJHQQ,4.0,1
B0037BV59O,5.0,1
B0037BT2VW,5.0,1
B0037BMSSG,5.0,1
B0037BE4DI,5.0,1
B0037BC9I0,4.0,1
B0037B89V6,5.0,1
B0037LKWC0,5.0,1
B0037AYJ0C,5.0,1
B0037LMOHG,5.0,1
B0037MLQ56,4.0,1
B0037MJJYG,4.0,1
B0037MJ9LO,5.0,1
B0037MJ5TU,5.0,1
B0037MI25S,5.0,1
B0037MHWNG,4.0,1
B0037MHDBC,5.0,1
B0037MHC18,5.0,1
B0037MGRXC,5.0,1
B0037MGO9Y,5.0,1
B0037MGNWM,5.0,1
B0037MGJNA,4.0,1
B0037MGI6I,5.0,1
B0037MFNZ0,4.0,1
B0037MEVV2,4.0,1
B0037MDARI,5.0,1
B0037MD4WO,4.0,1
B0037MCW5O,5.0,1
B0037MAVUW,5.0,1
B0037M4TPA,5.0,1
B0037M1ZNY,5.0,1
B0037M1HVY,5.0,1
B0037LOM6M,5.0,1
B0037LOH76,5.0,1
B0037LMXNQ,5.0,1
B0037B1VHU,5.0,1
B0037AVGT4,5.0,1
B003764EIS,5.0,1
B003774LK8,5.0,1
B00376OSWU,5.0,1
B00376NEFW,5.0,1
B00376K85G,5.0,1
B00376JK82,5.0,1
B00376IZ88,5.0,1
B00376GOUE,5.0,1
B00376C8PE,5.0,1
B003766T9U,5.0,1
B003766QGQ,5.0,1
B003766OYU,5.0,1
B003766NUA,5.0,1
B003766KUI,5.0,1
B003766JKE,5.0,1
B003766GZW,4.0,1
B003765NVA,5.0,1
B003765KPO,5.0,1
B003765FP4,5.0,1
B0037658F6,5.0,1
B003765568,5.0,1
B003764YFG,5.0,1
B003764T06,5.0,1
B003764Q9A,5.0,1
B003764N5M,5.0,1
B003764JVA,5.0,1
B00376Y2VW,5.0,1
B0037AKUSW,5.0,1
B0037A7CY2,5.0,1
B0037A75NA,5.0,1
B0037A61SU,5.0,1
B0037A4P4M,5.0,1
B00379L2XU,4.0,1
B00379I9ZO,5.0,1
B00379G87U,5.0,1
B00378UQ5Q,5.0,1
B00378HO2E,5.0,1
B00378FSXQ,5.0,1
B0037858ZY,5.0,1
B00377XHNK,5.0,1
B00377P52G,5.0,1
B00377O2XE,5.0,1
B00377J6EY,4.0,1
B00377GT3U,5.0,1
B00377CP24,5.0,1
B00377CLC8,5.0,1
B00377C42A,4.0,1
B00377AM9M,5.0,1
B003778WMQ,4.0,1
B003778V22,4.0,1
B003981CIO,5.0,1
B003981CVQ,5.0,1
B003BMLHL0,5.0,1
B003AYEUWM,5.0,1
B003B2QL0M,5.0,1
B003B2MFD4,5.0,1
B003B286M8,5.0,1
B003B1XFFM,4.0,1
B003B1TBYQ,5.0,1
B003B19FWO,5.0,1
B003B0BSCU,5.0,1
B003B08VAW,5.0,1
B003AZ0DUE,5.0,1
B003AYZF4O,5.0,1
B003AYVBHY,5.0,1
B003AYT5I6,5.0,1
B003AYEUS6,5.0,1
B003AYEUKE,4.0,1
B003AYEUI6,5.0,1
B003AYBAG6,5.0,1
B003AY9XOM,4.0,1
B003AXZP7M,5.0,1
B003AXZJWI,5.0,1
B003AXXIZI,5.0,1
B003AXW3A4,5.0,1
B003AXV030,5.0,1
B003B36764,5.0,1
B003B3676O,5.0,1
B003B3OKT0,4.0,1
B003B6JY7A,5.0,1
B003B6B19O,4.0,1
B003B5ZQ3C,5.0,1
B003B5QRIK,5.0,1
B003B5QOQ0,4.0,1
B003B5MQ9Y,4.0,1
B003B5M4MI,5.0,1
B003B5KL8M,5.0,1
B003B4X1MQ,5.0,1
B003B4WB0O,4.0,1
B003B4TZ4E,5.0,1
B003B4RYFG,5.0,1
B003B4QIOE,5.0,1
B003B4PHUK,4.0,1
B003B4HY1U,5.0,1
B003B4BAFG,5.0,1
B003B41IJ4,4.0,1
B003B406LK,5.0,1
B003B3WAW4,5.0,1
B003B3UDV4,5.0,1
B003B3UDKU,5.0,1
B003B3Q3LI,4.0,1
B003AXUSPQ,5.0,1
B003AXQQXY,4.0,1
B003AXEGTU,5.0,1
B003AU0VM4,5.0,1
B003ATTINS,5.0,1
B003ATPARG,5.0,1
B003ATP9A4,4.0,1
B003ATP878,5.0,1
B003ATP6DE,5.0,1
B003ATNC6W,5.0,1
B003ATNBHW,5.0,1
B003ATLNHW,5.0,1
B003ATLM5U,5.0,1
B003ATJNTW,5.0,1
B003ATHKBU,5.0,1
B003ATHK4C,5.0,1
B003ATHJTS,5.0,1
B003ATHJSE,5.0,1
B003ATG9CQ,5.0,1
B003ATFQAC,5.0,1
B003ATFN32,5.0,1
B003ATF8YQ,5.0,1
B003ATCCLS,5.0,1
B003ATAOQS,5.0,1
B003ATZIAA,4.0,1
B003AXDFUG,4.0,1
B003AX8LJG,5.0,1
B003AX6WBA,5.0,1
B003AX6W7E,5.0,1
B003AX4VAY,5.0,1
B003AWWO0O,5.0,1
B003AVNSIW,5.0,1
B003AVNLMU,5.0,1
B003AVNK1M,5.0,1
B003AVNK1C,5.0,1
B003AVNK12,5.0,1
B003AVNG3E,5.0,1
B003AV5MZ4,5.0,1
B003AV1PZA,5.0,1
B003AV00F6,5.0,1
B003AUU4A8,5.0,1
B003AUM5KU,5.0,1
B003AUF74G,5.0,1
B003AUB33K,5.0,1
B003AU9QM0,5.0,1
B003AU7ZZ0,4.0,1
B003AU41PW,5.0,1
B003B6K1VI,5.0,1
B003BKGGP4,4.0,1
B003BK1W76,5.0,1
B003BJV0F6,5.0,1
B003BJR29O,5.0,1
B003BJR0UA,5.0,1
B003BJQZ1U,5.0,1
B003BJQT3O,5.0,1
B003BIUEN6,5.0,1
B003BIUEKE,5.0,1
B003BIQWV4,5.0,1
B003BIQV42,5.0,1
B003BIPBSO,4.0,1
B003BIOX38,5.0,1
B003BIOV80,5.0,1
B003BIOBSK,5.0,1
B003BIMBUU,5.0,1
B003BIM79K,5.0,1
B003BIKUJY,5.0,1
B003BIKU2G,5.0,1
B003BIKISW,4.0,1
B003BHY3R0,5.0,1
B003BHXN6C,5.0,1
B003BHLOUE,4.0,1
B003BHLJ1I,5.0,1
B003BHKJG4,5.0,1
B003BGUO38,4.0,1
B003BGUO2O,5.0,1
B003BKCQUS,5.0,1
B003BKHKZO,5.0,1
B003BGA98I,5.0,1
B003BKOZG6,5.0,1
B003BMLFSK,5.0,1
B003BMLEKY,5.0,1
B003BMJIMK,5.0,1
B003BMJGVI,5.0,1
B003BMJGN6,5.0,1
B003BMJE8I,5.0,1
B003BMI9E8,5.0,1
B003BMI7FY,4.0,1
B003BMI6MI,4.0,1
B003BMI5S8,5.0,1
B003BMI4TS,4.0,1
B003BMI4E8,4.0,1
B003BMG9LI,5.0,1
B003BMF6U8,5.0,1
B003BMF1LC,5.0,1
B003BMDYDO,4.0,1
B003BMA784,5.0,1
B003BM9HQ2,5.0,1
B003BM5WE8,5.0,1
B003BLV76Q,5.0,1
B003BLGNTM,5.0,1
B003BLBAIG,5.0,1
B003BL6GQM,5.0,1
B003BL0GYA,4.0,1
B003BKTUP2,5.0,1
B003BGMY2C,5.0,1
B003BG8ZW0,5.0,1
B003B6LHCA,4.0,1
B003BACTGO,5.0,1
B003B9IH5M,5.0,1
B003B9B506,4.0,1
B003B95O4Y,4.0,1
B003B95GVA,5.0,1
B003B8G5LG,5.0,1
B003B7YFCS,5.0,1
B003B7VD1E,4.0,1
B003B7TSHU,5.0,1
B003B7Q1SO,5.0,1
B003B7OND4,5.0,1
B003B72CJ6,5.0,1
B003B6XJGW,4.0,1
B003B6TNXU,4.0,1
B003B6R698,5.0,1
B003B6P3RK,5.0,1
B003B6OOLG,5.0,1
B003B6OLJG,5.0,1
B003B6OISA,5.0,1
B003B6OIDA,4.0,1
B003B6N65G,5.0,1
B003BACOQ4,5.0,1
B003BAEMHI,4.0,1
B003BFXXKU,4.0,1
B003BAEZMA,5.0,1
B003BFSKNK,5.0,1
B003BFPBIW,5.0,1
B003BEAWHS,5.0,1
B003BEAV9W,5.0,1
B003BE8UNQ,5.0,1
B003BE8SCO,4.0,1
B003BE6L6E,4.0,1
B003BE523W,5.0,1
B003BE51X8,5.0,1
B003BE3FWW,5.0,1
B003BE345U,5.0,1
B003BDA0G2,4.0,1
B003BD7CU4,5.0,1
B003BD5UC6,5.0,1
B003BCYQM2,5.0,1
B003BCY5RS,5.0,1
B003BCWLTM,4.0,1
B003BCVSIW,4.0,1
B003BB3DCW,5.0,1
B003BANBTI,5.0,1
B003BAGW7Q,5.0,1
B003ATAJD6,5.0,1
B003ATA9S6,4.0,1
B003981CWU,5.0,1
B0039UTO5A,5.0,1
B0039UT9RI,5.0,1
B0039UP1N4,5.0,1
B0039ULBWO,5.0,1
B0039UEBUS,5.0,1
B0039RVY2E,5.0,1
B0039RS0GW,5.0,1
B0039ROQQK,5.0,1
B0039QWNSE,5.0,1
B0039QW8S4,5.0,1
B0039QW2U8,5.0,1
B0039QQF10,5.0,1
B0039QJ8Z0,5.0,1
B0039QBT2U,5.0,1
B0039Q5UES,5.0,1
B0039Q5TT4,5.0,1
B0039PO2OS,5.0,1
B0039PIF6E,4.0,1
B0039PIEK6,5.0,1
B0039VG9YI,5.0,1
B0039VLZ1A,5.0,1
B0039VMUV4,5.0,1
B003A3E3UW,5.0,1
B003A39622,5.0,1
B003A2VVM6,5.0,1
B003A2V2DY,5.0,1
B003A2TH0O,4.0,1
B003A2NIFY,5.0,1
B003A1M4PK,4.0,1
B003A16G2C,5.0,1
B003A164M4,5.0,1
B003A0PA4S,5.0,1
B003A0MHOY,5.0,1
B003A0JGAC,5.0,1
B003A0FUMK,5.0,1
B003A0EHEW,5.0,1
B003A08HPW,5.0,1
B0039Z6WDW,4.0,1
B0039Z5HTW,5.0,1
B0039YQGGQ,4.0,1
B0039XJL82,5.0,1
B0039XDZ3Y,5.0,1
B0039X9ULK,4.0,1
B0039X7CXS,5.0,1
B0039X23DC,4.0,1
B0039PAVJI,5.0,1
B0039P5C1A,5.0,1
B0039K7YB6,5.0,1
B0039K6GC4,5.0,1
B0039K4504,5.0,1
B0039K3WA8,5.0,1
B0039K2MIG,5.0,1
B0039K0DOG,5.0,1
B0039HU4I4,4.0,1
B0039HGZPU,4.0,1
B0039GLA10,5.0,1
B0039GJXR8,5.0,1
B0039G9JRW,4.0,1
B0039F1PC0,5.0,1
B0039D51PY,5.0,1
B0039CPZDI,5.0,1
B0039CPNHQ,5.0,1
B0039BWL2C,5.0,1
B0039BUWO6,5.0,1
B0039BUP16,5.0,1
B0039BFSR2,5.0,1
B0039AFHKG,5.0,1
B0039A719Q,5.0,1
B0039K6ZCK,5.0,1
B0039KA9YU,5.0,1
B0039OIKLK,5.0,1
B0039KB4MQ,4.0,1
B0039OD5ME,5.0,1
B0039OC3RM,5.0,1
B0039O9CQW,5.0,1
B0039O4WZ8,5.0,1
B0039NUHDK,5.0,1
B0039NSIMM,5.0,1
B0039NQECI,5.0,1
B0039NQE6O,5.0,1
B0039NQE1O,5.0,1
B0039NKZ4Q,5.0,1
B0039N0JHY,5.0,1
B0039MYGSS,5.0,1
B0039MWR20,5.0,1
B0039MRJQY,5.0,1
B0039MNZFS,5.0,1
B0039M6M1W,4.0,1
B0039M6H08,4.0,1
B0039M38S2,4.0,1
B0039M0GXM,5.0,1
B0039LX1BM,5.0,1
B0039L77PS,5.0,1
B0039L60UQ,5.0,1
B0039L47EW,5.0,1
B0039KRKLK,5.0,1
B0039KOLOY,4.0,1
B0039KLZ9S,4.0,1
B0039KHPO2,5.0,1
B003A3EMOO,5.0,1
B003A48J0Q,5.0,1
B003AO4SPQ,5.0,1
B003AO07Q0,4.0,1
B003AN3O0M,5.0,1
B003AMW0JY,5.0,1
B003AM9BKU,5.0,1
B003ALOMFU,5.0,1
B003ALNWRE,5.0,1
B003ALJGGK,5.0,1
B003ALF6O6,5.0,1
B003AL4D3Q,4.0,1
B003AL025Y,5.0,1
B003AL01EG,5.0,1
B003AKZEOY,5.0,1
B003AKC33O,5.0,1
B003AK8D1A,5.0,1
B003AK6K6A,5.0,1
B003AK58DG,5.0,1
B003AK4UV2,5.0,1
B003AJYS7E,5.0,1
B003AJJG62,5.0,1
B003AORK8S,5.0,1
B003AJ2948,5.0,1
B003AOZQF2,5.0,1
B003AT91CG,5.0,1
B003AT90ZE,5.0,1
B003AT6XBI,4.0,1
B003AT6I4U,4.0,1
B003AT6I1S,5.0,1
B003AT324E,5.0,1
B003AT2Q50,5.0,1
B003AT1EP8,4.0,1
B003AT0G7K,5.0,1
B003ASY1BI,4.0,1
B003ASUD38,5.0,1
B003ASFW8Y,5.0,1
B003ARVWSO,5.0,1
B003ARUW9E,5.0,1
B003ARL89W,5.0,1
B003ARKVO0,5.0,1
B003ARJRWM,4.0,1
B003ARHQ1Q,5.0,1
B003ARGZQS,4.0,1
B003AR69Q4,5.0,1
B003AQO7M8,5.0,1
B003AQM4EQ,5.0,1
B003AQI7EC,5.0,1
B003AQGWKS,4.0,1
B003AQF2IG,5.0,1
B003AJIHDU,5.0,1
B003AJ0U4Y,5.0,1
B003A4FLQQ,5.0,1
B003A9V7OG,5.0,1
B003A9T65I,5.0,1
B003A9T5Z4,5.0,1
B003A9SO7E,5.0,1
B003A9IA2I,5.0,1
B003A8GETA,5.0,1
B003A8CM64,5.0,1
B003A8AHVQ,5.0,1
B003A88MKO,4.0,1
B003A7WON6,5.0,1
B003A7HMCE,5.0,1
B003A7HBF2,5.0,1
B003A71FA4,5.0,1
B003A6ZFJC,4.0,1
B003A6XPC6,5.0,1
B003A6WY1O,4.0,1
B003A6UQLY,5.0,1
B003A6QPQO,5.0,1
B003A64V3S,5.0,1
B003A5QJDO,5.0,1
B003A5OAQW,5.0,1
B003A5EYN6,5.0,1
B003A5B4NE,5.0,1
B003A4P7LK,5.0,1
B003A4HSLC,5.0,1
B003A9V7F0,5.0,1
B003A9V8FE,5.0,1
B003A9WWP4,5.0,1
B003AH1DXI,5.0,1
B003AGU50Q,5.0,1
B003AGT1RY,5.0,1
B003AGHMCU,5.0,1
B003AGFMLI,5.0,1
B003AGAZ6U,5.0,1
B003AGAYWK,4.0,1
B003AG5XJO,5.0,1
B003AFZ7OQ,5.0,1
B003AFCL1I,4.0,1
B003AF3HHU,5.0,1
B003ADOCGM,5.0,1
B003AC96BY,5.0,1
B003ABYQOW,5.0,1
B003ABTAMA,5.0,1
B003ABRGT4,5.0,1
B003ABQIHU,5.0,1
B003AAR10E,5.0,1
B003AAB79U,5.0,1
B003AA1U4C,5.0,1
B003A9YJUU,5.0,1
B003A9YI06,5.0,1
B003A9XZ14,5.0,1
B003A9WXGW,5.0,1
B00375R5V2,4.0,1
B00375P91K,5.0,1
B00338DDNM,5.0,1
B0033BIN52,5.0,1
B0033B8KG4,5.0,1
B0033A9O42,4.0,1
B0033A0V9O,5.0,1
B00339YQ28,4.0,1
B00339GMDO,4.0,1
B003399UC4,5.0,1
B00338QQZE,5.0,1
B00338NTP4,5.0,1
B00338BU50,5.0,1
B0032MYWHA,5.0,1
B00338A2JA,4.0,1
B00337MSHU,5.0,1
B003379C88,5.0,1
B00336Z8QE,5.0,1
B00336Z7O2,5.0,1
B00336Z7GA,5.0,1
B00336Z602,5.0,1
B00336Y1O4,5.0,1
B0033BRPRO,5.0,1
B0033BW65U,5.0,1
B0033BYIRY,5.0,1
B0033CODAK,4.0,1
B0033RDB8K,5.0,1
B0033RD8EW,5.0,1
B0033R83Q0,5.0,1
B0033R7EVA,5.0,1
B0033R7ETW,4.0,1
B0033R5EEO,5.0,1
B0033R3OCI,5.0,1
B0033R1M5Y,5.0,1
B0033QZOCW,5.0,1
B0033PCWI2,5.0,1
B0033OU7IK,4.0,1
B0033O9K60,5.0,1
B0033NAJH0,5.0,1
B0033MP002,5.0,1
B0033MHDJI,5.0,1
B0033LMXV2,5.0,1
B0033HO2TC,5.0,1
B0033E803E,5.0,1
B0033E648C,5.0,1
B0033D0HRC,5.0,1
B0033CWU6Y,5.0,1
B0033CV4WA,5.0,1
B0033CTGGQ,5.0,1
B00336WAL0,5.0,1
B00336T3LK,5.0,1
B00336O806,5.0,1
B0032XD73Y,5.0,1
B0032W865Y,5.0,1
B0032VHPIY,5.0,1
B0032UDR8M,4.0,1
B0032U4ICQ,4.0,1
B0032SZWC8,5.0,1
B0032SBIXK,5.0,1
B0032S0HZK,5.0,1
B0032RJTFU,5.0,1
B0032RIXOS,4.0,1
B0032RHQ78,5.0,1
B0032RHE48,4.0,1
B0032QEVHC,5.0,1
B0032PMUGC,5.0,1
B0032PHKCQ,5.0,1
B0032PHAG2,4.0,1
B0032PBQSK,5.0,1
B0032P8T9O,5.0,1
B0032P80D4,5.0,1
B0032P6X1A,5.0,1
B0032OXTJK,5.0,1
B0032OD9A4,5.0,1
B0032WNUT6,4.0,1
B0032XJ7VU,5.0,1
B00336A4P4,5.0,1
B00333SA26,5.0,1
B00333DATO,5.0,1
B00333C6XK,5.0,1
B00332EXAK,5.0,1
B00331N7ZS,4.0,1
B00331JAHC,5.0,1
B00331J9JQ,5.0,1
B00331J6NK,5.0,1
B00331F0BC,5.0,1
B0033084VG,5.0,1
B0033066VG,5.0,1
B003301I5U,4.0,1
B0032ZKXFC,5.0,1
B0032ZJLGE,5.0,1
B0032ZFGJ0,5.0,1
B0032ZE4SE,5.0,1
B0032YYYB2,5.0,1
B0032YWYDM,4.0,1
B0032YVXP2,5.0,1
B0032Y95WK,5.0,1
B0033RDFMM,5.0,1
B0033RP7HI,4.0,1
B0034E6YEK,5.0,1
B0034E6IAA,5.0,1
B0034E4RHG,5.0,1
B0034E32E0,5.0,1
B0034E2YKI,4.0,1
B0034E2OA8,5.0,1
B0034E17X8,5.0,1
B0034E14WW,5.0,1
B0034E1486,5.0,1
B0034E13LE,4.0,1
B0034E11RU,5.0,1
B0034DPFFA,5.0,1
B0034DKW9E,5.0,1
B0034DHPG2,5.0,1
B0034DH706,5.0,1
B0034DDE0S,4.0,1
B0034DD2AA,5.0,1
B0034CUC0Y,5.0,1
B0034CMVYO,4.0,1
B0034C806C,5.0,1
B0034E6VQ6,5.0,1
B0034E8B50,5.0,1
B0034E8IDK,5.0,1
B0034K81YK,5.0,1
B0034K6BSI,4.0,1
B0034K5IGE,4.0,1
B0034K4VCQ,5.0,1
B0034K32XA,5.0,1
B0034K0X7I,4.0,1
B0034K0X5U,5.0,1
B0034K0X3M,5.0,1
B0034JXB5K,5.0,1
B0034JXB46,4.0,1
B0034JM5JI,5.0,1
B0034IMMXI,5.0,1
B0034HYUOS,5.0,1
B0034GLUK6,5.0,1
B0034GK9I0,5.0,1
B0034GGO0W,5.0,1
B0034GEY36,4.0,1
B0034GCREO,5.0,1
B0034GCO06,5.0,1
B0034GALVA,5.0,1
B0034G1TL6,4.0,1
B0034EAHYI,4.0,1
B0034BCIKW,5.0,1
B0034B4YDG,4.0,1
B0033RY5IK,5.0,1
B00340Y5JU,5.0,1
B00340HSNU,4.0,1
B00340CRTU,5.0,1
B003407PA6,4.0,1
B0033ZW8EK,5.0,1
B0033ZUB6W,4.0,1
B0033ZPOUA,4.0,1
B0033ZONE8,4.0,1
B0033YAT1U,5.0,1
B0033XULPU,4.0,1
B0033XLKRI,5.0,1
B0033WSXVU,5.0,1
B0033WI5E0,5.0,1
B0033W7ZL4,4.0,1
B0033UYAHI,5.0,1
B0033UTH0I,5.0,1
B0033TIM1E,5.0,1
B0033T1WHU,5.0,1
B0033SDT0E,5.0,1
B0033S6YLA,4.0,1
B00341M1ZY,4.0,1
B0034AA0O4,5.0,1
B00342BSMA,5.0,1
B0034802US,4.0,1
B00347ETE4,5.0,1
B00347AJZC,5.0,1
B00347A8FI,4.0,1
B00347A8AS,5.0,1
B00347A5K6,5.0,1
B003477CPC,4.0,1
B003475QQY,5.0,1
B003473DCI,5.0,1
B00346UWI2,5.0,1
B00346UETO,5.0,1
B00346QX1C,5.0,1
B0034650QG,5.0,1
B00345Y9SC,5.0,1
B003453B0O,5.0,1
B00344XCV8,5.0,1
B00343S61K,5.0,1
B00343O9NE,5.0,1
B0032OAQ5K,5.0,1
B00375P2T4,5.0,1
B0031LUKYG,5.0,1
B0031NK5OO,5.0,1
B0031N5P1C,5.0,1
B0031MMKIO,5.0,1
B0031MM3O0,4.0,1
B0031MKD6K,5.0,1
B0031MIBGY,5.0,1
B0031MGYSG,4.0,1
B0031MGQBQ,5.0,1
B0031MEVJK,5.0,1
B0031MCXF4,5.0,1
B0031MA8II,4.0,1
B0031MA8CY,5.0,1
B0031M6OJA,5.0,1
B0032MVV3S,5.0,1
B0031KQDY8,5.0,1
B0031KK30I,5.0,1
B0031KI210,5.0,1
B0031KB4OW,5.0,1
B0031KA89E,5.0,1
B0031JDNJC,4.0,1
B0031HG6MK,5.0,1
B0031HCX54,5.0,1
B0031H8VGE,4.0,1
B0031FQ262,5.0,1
B0031EW4GA,5.0,1
B0031NLCE6,5.0,1
B0031O0HTG,5.0,1
B0031O0I72,5.0,1
B0031TRKKA,5.0,1
B0031TLQ78,4.0,1
B0031TLJO8,5.0,1
B0031T3T78,5.0,1
B0031SXLQ8,5.0,1
B0031SUAVW,5.0,1
B0031SSZTQ,5.0,1
B0031RBGI4,5.0,1
B0031R5XJ2,5.0,1
B0031R5QHG,5.0,1
B0031R4GM2,5.0,1
B0031R1ETK,5.0,1
B0031QWBUC,5.0,1
B0031QS20U,4.0,1
B0031QL2C0,5.0,1
B0031QK1SQ,5.0,1
B0031QIJ7Q,5.0,1
B0031QIE1W,4.0,1
B0031QG8GK,5.0,1
B0031OXUXG,5.0,1
B0031O1XUS,5.0,1
B0031EMVOK,5.0,1
B0031DRVQE,5.0,1
B0031DL1XI,4.0,1
B00314JPU8,5.0,1
B003124UKA,5.0,1
B00311IQWY,5.0,1
B00311D0SE,5.0,1
B0031191W8,5.0,1
B003117YHC,5.0,1
B003116ICE,5.0,1
B00310Y8OA,5.0,1
B00310X166,5.0,1
B00310OFIE,5.0,1
B0030ZVTNE,5.0,1
B0030ZRQRW,5.0,1
B0030ZJT4U,5.0,1
B0030YZ2E2,5.0,1
B0030YS84I,5.0,1
B0030XQ26A,5.0,1
B0030X6LX4,5.0,1
B0030X4HFI,5.0,1
B0030VX2Y2,5.0,1
B00313XAKU,5.0,1
B0031557I6,5.0,1
B0031DF8LY,5.0,1
B003156NIO,5.0,1
B0031C7LIS,5.0,1
B0031C0J5K,4.0,1
B0031B5KJG,5.0,1
B0031B5KEQ,5.0,1
B0031B4NRQ,5.0,1
B0031B3RYQ,5.0,1
B0031AVA96,4.0,1
B0031A9ZBQ,5.0,1
B0031A51OG,5.0,1
B00317LK26,5.0,1
B00317G2QK,5.0,1
B00317FUBS,5.0,1
B00317FQQW,5.0,1
B00317833U,5.0,1
B003176DIM,5.0,1
B003172FY8,5.0,1
B00316GH2U,5.0,1
B00315RF1I,4.0,1
B00315DQAW,5.0,1
B003156OQK,5.0,1
B003156OHE,5.0,1
B003156OGU,5.0,1
B003156NPC,5.0,1
B0031TUT9O,5.0,1
B0031TVQZU,5.0,1
B0032FDL6U,5.0,1
B0032FC0V2,4.0,1
B0032FARPS,5.0,1
B0032F6GA8,5.0,1
B0032F0ZDM,5.0,1
B0032F0ZDC,5.0,1
B0032EYH8W,5.0,1
B0032EWC4S,5.0,1
B0032E2JDC,4.0,1
B0032DEQSE,5.0,1
B0032DE3ZK,5.0,1
B0032D3Q5S,5.0,1
B0032D3II8,4.0,1
B0032D233E,5.0,1
B0032CZT4A,5.0,1
B0032CYY9Q,5.0,1
B0032CYJU0,5.0,1
B0032CYCQ6,5.0,1
B0032CY5HC,5.0,1
B0032CY586,5.0,1
B0032CSROO,5.0,1
B0032CPWRE,5.0,1
B0032CKPX0,5.0,1
B0032FCUKI,5.0,1
B0032FK84I,5.0,1
B0032C8780,5.0,1
B0032GLQ3O,5.0,1
B0032MVUNY,4.0,1
B0032LQETU,5.0,1
B0032LPDA6,5.0,1
B0032L6DBY,5.0,1
B0032JY2VO,5.0,1
B0032JRSRY,5.0,1
B0032JMI4C,5.0,1
B0032JLDHU,5.0,1
B0032JJTSK,5.0,1
B0032JFJEI,5.0,1
B0032HKHDS,5.0,1
B0032HJ5BS,4.0,1
B0032HIMCG,4.0,1
B0032HGXWC,5.0,1
B0032HD2DU,5.0,1
B0032HBI0E,4.0,1
B0032H853C,5.0,1
B0032GX0OM,5.0,1
B0032GX0M4,5.0,1
B0032GUYAU,5.0,1
B0032GTDFW,5.0,1
B0032GPWJS,5.0,1
B0032GPMVQ,5.0,1
B0032CCMFE,5.0,1
B0032C1156,4.0,1
B0031U07HC,5.0,1
B00322WLSM,5.0,1
B00320UQOA,5.0,1
B00320T40M,5.0,1
B00320N3CC,4.0,1
B00320KZB4,4.0,1
B0031ZZBFA,5.0,1
B0031Z6MA8,5.0,1
B0031YZ2GO,5.0,1
B0031YYEVS,5.0,1
B0031YWLDG,4.0,1
B0031YR1RW,5.0,1
B0031YINX8,5.0,1
B0031YCQYK,4.0,1
B0031Y7P9G,5.0,1
B0031Y0Y1C,4.0,1
B0031Y0U8E,5.0,1
B0031XJZW2,5.0,1
B0031X6XZE,4.0,1
B0031WN1EQ,4.0,1
B0031WJRCG,5.0,1
B0031VZI2A,5.0,1
B0031VYUS8,5.0,1
B0031VKFIM,4.0,1
B0031U1T8S,5.0,1
B00322SHGM,5.0,1
B0032BLSYQ,5.0,1
B0032B7DZO,5.0,1
B0032B7DMW,4.0,1
B0032B7BWY,5.0,1
B0032AM8IW,4.0,1
B0032AM79C,5.0,1
B0032AM77Y,5.0,1
B0032AM77O,5.0,1
B0032AM76U,5.0,1
B0032AM76A,5.0,1
B0032AIBVK,5.0,1
B0032A2RLU,5.0,1
B00329Y2BO,5.0,1
B00329VDTS,5.0,1
B00329UX1C,5.0,1
B00329O6FQ,5.0,1
B00328MN1Q,5.0,1
B00328DQ2Q,5.0,1
B00326ZGFI,5.0,1
B003265O7I,4.0,1
B003263NGM,5.0,1
B00325RUH6,4.0,1
B00325R7P6,5.0,1
B00325MQBG,5.0,1
B00325CQ16,5.0,1
B00324F0GU,5.0,1
B0034K9AQ8,4.0,1
B0034KBXTU,5.0,1
B0036G4RL8,5.0,1
B0036G6V4E,5.0,1
B0036G6TH8,5.0,1
B0036G6QLM,5.0,1
B0036G6O5U,5.0,1
B0036G6MPM,5.0,1
B0036G69NW,5.0,1
B0036G5BAE,4.0,1
B0036G550U,5.0,1
B0036G4QDW,5.0,1
B0034KDUV4,5.0,1
B0036G3DZO,5.0,1
B0036G30ZM,5.0,1
B0036G2TCM,5.0,1
B0036G2SGO,4.0,1
B0036G2GK2,4.0,1
B0036G0WUI,5.0,1
B0036FZCA4,4.0,1
B0036FZ8MG,5.0,1
B0036FWSJ2,5.0,1
B0036G8K8O,5.0,1
B0036G8RL4,5.0,1
B0036GAADW,5.0,1
B0036GAAG4,5.0,1
B0036MWJI0,5.0,1
B0036MWIHM,5.0,1
B0036ML9BI,5.0,1
B0036MDUHY,4.0,1
B0036LEX62,5.0,1
B0036KX5RQ,5.0,1
B0036KQJ0Q,5.0,1
B0036KEARK,5.0,1
B0036JSYL4,4.0,1
B0036JQNW6,5.0,1
B0036JQ4ZC,5.0,1
B0036JOIM8,5.0,1
B0036JL3NU,5.0,1
B0036JIYK0,5.0,1
B0036J4UMG,4.0,1
B0036IGI0O,5.0,1
B0036I0XQO,5.0,1
B0036GAM7G,5.0,1
B0036GAJ56,5.0,1
B0036GAJ24,5.0,1
B0036GAEXI,4.0,1
B0036FTE4E,5.0,1
B0036FTE2G,5.0,1
B0036BFLPE,5.0,1
B0036BEQ8C,5.0,1
B0036BBQMG,5.0,1
B0036B89ZS,5.0,1
B0036B81BK,4.0,1
B0036B81A6,5.0,1
B0036B5PIM,5.0,1
B0036B2QRA,5.0,1
B0036AX0YY,5.0,1
B0036AS0UI,5.0,1
B0036AN828,4.0,1
B0036AIXXC,5.0,1
B00369E0EE,5.0,1
B00368YKPE,5.0,1
B00368WNIU,5.0,1
B00368QW9Q,5.0,1
B00368PUYO,5.0,1
B00367OYPG,5.0,1
B00367N4T8,4.0,1
B00367KLR6,5.0,1
B003678SJ4,5.0,1
B0036768DM,5.0,1
B0036725M0,5.0,1
B00366YS44,5.0,1
B0036BETXY,5.0,1
B0036BGLDU,5.0,1
B0036FTE1M,5.0,1
B0036BO7OU,5.0,1
B0036FTDY0,5.0,1
B0036FTDP4,5.0,1
B0036FS6LG,5.0,1
B0036FQTY2,5.0,1
B0036FQCUI,5.0,1
B0036FNQES,5.0,1
B0036FBG7M,4.0,1
B0036F7OMI,5.0,1
B0036F53BM,5.0,1
B0036F33KK,5.0,1
B0036EEYRW,4.0,1
B0036DJTGY,5.0,1
B0036DFFSA,5.0,1
B0036CY9ZQ,4.0,1
B0036CSKOC,5.0,1
B0036CQF0S,4.0,1
B0036CO9FG,4.0,1
B0036C90H8,4.0,1
B0036C73DG,5.0,1
B0036C53P6,5.0,1
B0036NICNU,5.0,1
B0036NX33E,5.0,1
B0036OHPHS,4.0,1
B00371YK3W,5.0,1
B00371UIQU,5.0,1
B00371SW72,5.0,1
B00371SV6Y,5.0,1
B00371MB3I,5.0,1
B00371DQHS,5.0,1
B00371C002,5.0,1
B00371AE1O,5.0,1
B00370STDU,5.0,1
B00370SPL6,5.0,1
B00370IZQQ,5.0,1
B0036ZY0M0,5.0,1
B0036ZXA58,5.0,1
B0036ZUBVE,5.0,1
B0036ZR3M4,4.0,1
B0036ZMVT4,5.0,1
B0036ZBR76,4.0,1
B0036ZBR6M,5.0,1
B0036ZBQQ8,4.0,1
B0036ZBQJU,4.0,1
B0036ZBIGG,5.0,1
B0036ZBIFM,5.0,1
B0036ZBIFC,5.0,1
B0036ZBIF2,5.0,1
B0036ZBIEI,5.0,1
B00371WO6M,5.0,1
B0036Z8B20,5.0,1
B00375P1Z4,5.0,1
B00375OVGE,5.0,1
B00375L8XS,5.0,1
B00375L8R4,5.0,1
B00375L8OW,5.0,1
B00375KWJ4,5.0,1
B00375KWG2,4.0,1
B00375KUWI,5.0,1
B00375FVRW,5.0,1
B00375FPI2,5.0,1
B003756MFC,4.0,1
B003755T4W,5.0,1
B00374HKVS,5.0,1
B00373S1LW,5.0,1
B00373OK0S,5.0,1
B00373NQ6W,5.0,1
B00373N7G6,5.0,1
B00373L0FG,4.0,1
B00373J4WW,5.0,1
B00373F9RQ,5.0,1
B00373D9P0,4.0,1
B0036Z5YVQ,5.0,1
B0036OJD9Q,4.0,1
B0036V6A6S,5.0,1
B0036V0KTG,5.0,1
B0036UU8GM,5.0,1
B0036USA62,5.0,1
B0036UG3TS,5.0,1
B0036UC3L0,4.0,1
B0036U6M9Y,5.0,1
B0036S5PZI,5.0,1
B0036QT39O,5.0,1
B0036QGNQ0,5.0,1
B0036QBIVU,4.0,1
B0036QA3ZW,5.0,1
B0036Q9ZHY,5.0,1
B0036Q9PO2,5.0,1
B0036Q9E9S,5.0,1
B0036Q7MTW,5.0,1
B0036Q4MTK,5.0,1
B0036Q3548,5.0,1
B0036OMS2K,4.0,1
B0036VC0YE,5.0,1
B0036Z5S94,5.0,1
B0036VJH8G,5.0,1
B0036Z4MPK,4.0,1
B0036Z4BAG,5.0,1
B0036Z48J0,5.0,1
B0036Z3EWM,5.0,1
B0036Z1W9Y,4.0,1
B0036Z1W94,5.0,1
B0036YYBC0,4.0,1
B0036YMH7Q,5.0,1
B0036YK4N0,5.0,1
B0036YDYPA,5.0,1
B0036YCGSQ,5.0,1
B0036YCFIM,5.0,1
B0036YB4HU,5.0,1
B0036XWLDC,5.0,1
B0036XUVX4,5.0,1
B0036XP7EC,4.0,1
B0036XMOJ8,5.0,1
B0036WKPGI,5.0,1
B0036WFWAW,4.0,1
B0036WEBQS,5.0,1
B0036WBYUY,4.0,1
B0036W6F12,4.0,1
B0036W0RSE,5.0,1
B0036VZKQ4,5.0,1
B0036VURV2,4.0,1
B0036VMCSS,5.0,1
B00366V17Q,5.0,1
B00357DUYS,5.0,1
B003565TF2,4.0,1
B0035636ZC,4.0,1
B0035618TS,5.0,1
B00355Z8CM,5.0,1
B00355Z5ZM,5.0,1
B00355YIYG,5.0,1
B00355X89C,5.0,1
B00355VPO2,5.0,1
B00355GLSW,4.0,1
B00355FYRQ,5.0,1
B00355EX28,5.0,1
B00355CHUI,5.0,1
B00355CH2G,5.0,1
B00355CBK4,4.0,1
B003554VHA,5.0,1
B003552FF0,5.0,1
B003552FDM,4.0,1
B003552FDC,4.0,1
B003552FC8,4.0,1
B003552FB4,4.0,1
B003552FAU,5.0,1
B003551DBM,4.0,1
B003550UX4,5.0,1
B00356FSWQ,5.0,1
B00357L7WK,5.0,1
B00354VV1K,5.0,1
B00359HSX0,4.0,1
B0035CTXQ2,5.0,1
B0035CTHKO,5.0,1
B0035COXHQ,5.0,1
B0035CLPKY,5.0,1
B0035CLJSW,5.0,1
B0035C3D22,4.0,1
B0035BBHB2,5.0,1
B0035B9G4M,5.0,1
B0035B8BUC,5.0,1
B0035B8B9S,5.0,1
B0035B8ALM,5.0,1
B0035B4FOI,5.0,1
B0035B2NEC,5.0,1
B0035B2N74,5.0,1
B0035B0NU8,5.0,1
B0035AKBP6,4.0,1
B0035AK7JQ,5.0,1
B00359UXQE,5.0,1
B00359Q6EW,5.0,1
B00359I5FU,5.0,1
B00354S22Q,4.0,1
B0035D45LE,5.0,1
B0034TX7KY,5.0,1
B0034RULTG,5.0,1
B0034RN94A,4.0,1
B0034PS2YY,4.0,1
B0034PQAI4,5.0,1
B0034PQ6J2,5.0,1
B0034POTBY,5.0,1
B0034PEKJK,5.0,1
B0034LSNZQ,5.0,1
B0034L3MES,5.0,1
B0034L1BNC,5.0,1
B0034KZXVY,4.0,1
B0034KZXTG,4.0,1
B0034KZXO6,4.0,1
B0034KZXMS,5.0,1
B0034KZXKA,4.0,1
B0034KZXJG,5.0,1
B0034KZWYM,5.0,1
B0034KUL7A,4.0,1
B0034KSJB0,5.0,1
B0034KOTO6,5.0,1
B0034KN0XW,5.0,1
B0034KL0SY,4.0,1
B0034KJ7FM,5.0,1
B0034KFW60,5.0,1
B0034TRW6E,5.0,1
B0034UXEV0,5.0,1
B00354QIEU,5.0,1
B0034VP2L4,5.0,1
B00354Q7SM,4.0,1
B00354MPLK,5.0,1
B00354MBNM,4.0,1
B00354BH0K,5.0,1
B00354B5AC,5.0,1
B00353OP64,5.0,1
B00353KHEI,5.0,1
B00352F1TU,5.0,1
B003523VTW,5.0,1
B00351YHXC,5.0,1
B00351U3LC,5.0,1
B00351TSR2,5.0,1
B00351SOMM,5.0,1
B00351PRAO,5.0,1
B00351L4MY,4.0,1
B00351FU3S,4.0,1
B00351A3NK,5.0,1
B00350RLKO,5.0,1
B00350M5XC,5.0,1
B0034Z90U4,4.0,1
B0034Z1BRY,5.0,1
B0034YUS9M,4.0,1
B0034YT5GY,5.0,1
B0034YQO18,5.0,1
B0034X7BDO,5.0,1
B0034X47JU,5.0,1
B0035D1OMW,5.0,1
B003628H4A,5.0,1
B00361VBZ8,5.0,1
B0036024NC,5.0,1
B0035ZYIMS,5.0,1
B0035ZDK2C,5.0,1
B0035ZBYXY,5.0,1
B0035ZBYXO,5.0,1
B0035YJE0A,5.0,1
B0035YE5YU,5.0,1
B0035YBT44,5.0,1
B0035YAX5U,5.0,1
B0035Y9BG2,5.0,1
B0035Y1JY4,4.0,1
B0035XUO3W,5.0,1
B0035XKEPU,5.0,1
B0035WY95C,4.0,1
B0035WJ7O0,5.0,1
B0035WD0SE,5.0,1
B0035W7Z3K,5.0,1
B0035VBO7E,5.0,1
B0035V4PWU,5.0,1
B0035UWO4C,5.0,1
B0035UWK78,5.0,1
B0035UEPSA,5.0,1
B003620FPY,5.0,1
B00362HGSI,4.0,1
B0035TVWNM,5.0,1
B00366T0VU,5.0,1
B00366R8ZK,5.0,1
B00366O7DQ,5.0,1
B00366O7CW,5.0,1
B00366JMU4,5.0,1
B00366JMMM,4.0,1
B00366JMKO,5.0,1
B00366JMIQ,5.0,1
B00366JMG8,5.0,1
B00366HD7I,5.0,1
B00365XMNI,5.0,1
B00365SHKQ,5.0,1
B00365JJK8,5.0,1
B00365C770,5.0,1
B00365A5EW,5.0,1
B0036531YI,5.0,1
B00363ZN00,4.0,1
B00363HW18,5.0,1
B00363HQZU,5.0,1
B00363GY7G,5.0,1
B00363GOLC,4.0,1
B0036314Q2,5.0,1
B0035TXJSS,5.0,1
B0035TTWTS,5.0,1
B0035DNHM2,5.0,1
B0035LCSQU,5.0,1
B0035LCSG0,4.0,1
B0035KGTMU,5.0,1
B0035KD2SY,5.0,1
B0035J90F4,5.0,1
B0035IRUC0,5.0,1
B0035IP5QI,5.0,1
B0035IP5Q8,5.0,1
B0035ILYPY,5.0,1
B0035HJPQA,5.0,1
B0035HGHIE,5.0,1
B0035HAFKA,5.0,1
B0035H3IG8,5.0,1
B0035GO1SI,5.0,1
B0035GLR0S,4.0,1
B0035GF28Q,5.0,1
B0035GEV7Y,4.0,1
B0035GEQDI,4.0,1
B0035FZS3Q,5.0,1
B0035FZRYQ,5.0,1
B0035FZRVO,5.0,1
B0035FZRPU,5.0,1
B0035FZRC8,5.0,1
B0035FJVZW,5.0,1
B0035EJPO0,5.0,1
B0035TSOII,5.0,1
B0035LCW98,5.0,1
B0035S4LM2,5.0,1
B0035S2QEC,5.0,1
B0035RRS46,4.0,1
B0035RKPV4,5.0,1
B0035RKOM4,5.0,1
B0035RIRK0,4.0,1
B0035RIR2S,4.0,1
B0035RGW4S,4.0,1
B0035RF86G,5.0,1
B0035RF578,5.0,1
B0035RE31C,4.0,1
B0035RDYBM,5.0,1
B0035RBYW8,5.0,1
B0035R3EOE,5.0,1
B0035R0XZ2,5.0,1
B0035QSSXW,5.0,1
B0035QHMVQ,5.0,1
B0035N3RQI,5.0,1
B0035N2VF6,5.0,1
B0035N2782,4.0,1
B0035MQPNG,5.0,1
B0035M33RC,5.0,1
B0035M1ONW,5.0,1
B0035LNHAG,5.0,1
B003BMLGTS,5.0,1
B003BMLHQK,5.0,1
B003HUJO48,5.0,1
B003HY61D6,5.0,1
B003HVRVZQ,5.0,1
B003HVI09M,5.0,1
B003HVESA2,4.0,1
B003HV7QW4,5.0,1
B003HV7OQ2,4.0,1
B003HV5VBW,4.0,1
B003HV5VA8,5.0,1
B003HV4014,5.0,1
B003HUP2KI,5.0,1
B003HUP0G4,5.0,1
B003HUNE6C,5.0,1
B003HGMGIS,5.0,1
B003HUJMEU,5.0,1
B003HTXOOK,5.0,1
B003HTWJ78,5.0,1
B003HSTGAW,5.0,1
B003HS3J5K,5.0,1
B003HP1JCI,4.0,1
B003HOZINA,5.0,1
B003HOW018,5.0,1
B003HODR2E,5.0,1
B003HOC9DW,5.0,1
B003I1BAHK,4.0,1
B003I4PGFE,5.0,1
B003I3SWB0,5.0,1
B003I3PL14,4.0,1
B003I3LWQM,4.0,1
B003I3B4PQ,5.0,1
B003I39R1O,5.0,1
B003I39R0A,5.0,1
B003I39QQ0,5.0,1
B003I36I7U,5.0,1
B003I36HWG,5.0,1
B003I36HUS,5.0,1
B003I36HPS,4.0,1
B003I36HGC,5.0,1
B003I34F66,5.0,1
B003I34EUI,4.0,1
B003I329AK,5.0,1
B003I20Z5W,5.0,1
B003HO4Q0Q,5.0,1
B003HO4I0E,5.0,1
B003HLIDQW,5.0,1
B003HLI3FS,5.0,1
B003HLH4GW,5.0,1
B003HLH3D6,5.0,1
B003HLF1TO,5.0,1
B003HLDWS6,5.0,1
B003HLDAQA,5.0,1
B003HLD5JW,5.0,1
B003HLD592,5.0,1
B003HLC8JK,4.0,1
B003HL94ZG,5.0,1
B003HL83NA,4.0,1
B003HL6MHE,5.0,1
B003HL38T4,5.0,1
B003HL33F8,5.0,1
B003HKTWTK,4.0,1
B003HKEFCE,5.0,1
B003HINK8G,5.0,1
B003HIG0NS,4.0,1
B003HO1G9K,5.0,1
B003HLIJ6Q,5.0,1
B003HNVSFS,5.0,1
B003HNU9P8,5.0,1
B003HNR9N8,5.0,1
B003HNCWRG,5.0,1
B003HMRY34,4.0,1
B003HM47B6,5.0,1
B003HLYUKK,4.0,1
B003HLTX8Y,5.0,1
B003HLTD16,5.0,1
B003HLSZYM,5.0,1
B003HLSV4Q,5.0,1
B003HLSUOM,5.0,1
B003HLQZD0,5.0,1
B003HLQZ80,5.0,1
B003HLOTPQ,5.0,1
B003HLOT5Q,5.0,1
B003HLN1T6,5.0,1
B003HLMQ5Q,5.0,1
B003HLL42C,4.0,1
B003HLL0Q2,5.0,1
B003HLL06C,5.0,1
B003HLKY2I,5.0,1
B003HLJL4U,5.0,1
B003I4VJGO,5.0,1
B003I94164,5.0,1
B003I93VZQ,5.0,1
B003I93VCO,5.0,1
B003I93UBQ,4.0,1
B003I93LM4,4.0,1
B003I92UG2,4.0,1
B003I92NVY,5.0,1
B003I92I5U,5.0,1
B003I92G8Y,5.0,1
B003I92F8A,5.0,1
B003I929GS,5.0,1
B003I9262A,5.0,1
B003I921GQ,5.0,1
B003I91SMO,5.0,1
B003I91GP8,5.0,1
B003I91GM6,4.0,1
B003I91GE4,5.0,1
B003I90MTE,5.0,1
B003I90MDA,4.0,1
B003I907ZI,5.0,1
B003I907TY,5.0,1
B003I8YCBO,5.0,1
B003I8Y7Z0,5.0,1
B003I8Y7QO,5.0,1
B003I8MFB8,4.0,1
B003I8ME1Y,4.0,1
B003I8M2MU,5.0,1
B003I8KDAI,5.0,1
B003I93YIK,5.0,1
B003I948GW,5.0,1
B003I948WG,5.0,1
B003I999FM,5.0,1
B003I99876,5.0,1
B003I996QE,5.0,1
B003I994L6,5.0,1
B003I991PK,5.0,1
B003I98SCM,4.0,1
B003I98PBG,5.0,1
B003I98L7O,5.0,1
B003I985NE,5.0,1
B003I97UXA,5.0,1
B003I97J4A,5.0,1
B003I97HRE,5.0,1
B003I97ANU,5.0,1
B003I979C2,5.0,1
B003I96WS4,5.0,1
B003I96QWG,4.0,1
B003I964IC,5.0,1
B003I960MW,5.0,1
B003I95WTY,4.0,1
B003I95JK6,5.0,1
B003I95FTQ,5.0,1
B003I94UZ6,5.0,1
B003I94SBC,5.0,1
B003I94NOE,5.0,1
B003I94JHK,5.0,1
B003I94IYE,5.0,1
B003I8K7OA,5.0,1
B003I8K600,5.0,1
B003I5OO3S,5.0,1
B003I81U8M,5.0,1
B003I81TSS,5.0,1
B003I80W72,5.0,1
B003I7XVG2,5.0,1
B003I7UZWU,4.0,1
B003I7RWXK,5.0,1
B003I7P2A0,4.0,1
B003I7OPRQ,4.0,1
B003I7AXF4,5.0,1
B003I6WAG0,4.0,1
B003I6PFL2,5.0,1
B003I6LCB4,5.0,1
B003I6G5S4,5.0,1
B003I5ZPRW,5.0,1
B003I5VOH2,5.0,1
B003I5VN7S,5.0,1
B003I5U87E,4.0,1
B003I5U6VW,5.0,1
B003I5QP3U,4.0,1
B003I5QP0I,4.0,1
B003I81U6O,4.0,1
B003I81UHI,5.0,1
B003I82220,4.0,1
B003I8IJYA,4.0,1
B003I8IGX4,5.0,1
B003I8IFA8,5.0,1
B003I8IDFA,5.0,1
B003I8GO56,5.0,1
B003I8GNCA,5.0,1
B003I8F3XU,5.0,1
B003I8F2QI,5.0,1
B003I8EYTY,4.0,1
B003I8EXB8,5.0,1
B003I8EUWU,5.0,1
B003I8ET6W,5.0,1
B003I8CVIU,5.0,1
B003I8CSKQ,4.0,1
B003I89KMK,4.0,1
B003I89IPE,4.0,1
B003I89I36,5.0,1
B003I89HHS,4.0,1
B003I87ADQ,5.0,1
B003I83HBK,5.0,1
B003I83GZC,5.0,1
B003HGY00K,4.0,1
B003HGIAHO,5.0,1
B003I99ES4,5.0,1
B003GDKNHI,5.0,1
B003GI4HG6,5.0,1
B003GHT55U,4.0,1
B003GFIT72,5.0,1
B003GF4PQQ,5.0,1
B003GF1YD8,5.0,1
B003GESDJW,5.0,1
B003GE043U,5.0,1
B003GDKO4U,5.0,1
B003GDKNXC,5.0,1
B003GDH2KY,5.0,1
B003HG7X5O,4.0,1
B003GDCZU6,5.0,1
B003GDCYWA,5.0,1
B003GDAV4I,5.0,1
B003GD9F1I,5.0,1
B003GD9EJQ,4.0,1
B003GD04GS,5.0,1
B003GCY0GO,5.0,1
B003GCTHG2,5.0,1
B003GCMYF8,5.0,1
B003GCECK8,5.0,1
B003GC4HAI,5.0,1
B003GAK0SS,5.0,1
B003GAHNKG,5.0,1
B003GKOB4W,4.0,1
B003GKPIIU,5.0,1
B003GLH7VK,5.0,1
B003GVX8OU,5.0,1
B003GU0SLC,5.0,1
B003GTYTJA,5.0,1
B003GTTAH6,4.0,1
B003GTR1J0,5.0,1
B003GRSYLG,4.0,1
B003GRMW3M,5.0,1
B003GRMV9C,4.0,1
B003GRLHBU,5.0,1
B003GRJAZU,5.0,1
B003GQE4TS,5.0,1
B003GQ7RBK,5.0,1
B003GPOJJE,4.0,1
B003GPN7AG,5.0,1
B003GNSROE,4.0,1
B003GMYZ0K,4.0,1
B003GLOU7Y,5.0,1
B003GLN7OG,5.0,1
B003GLN3QS,4.0,1
B003GABF0A,5.0,1
B003G9PCVY,5.0,1
B003FZZBPG,5.0,1
B003FZGF4W,5.0,1
B003FZDZSG,5.0,1
B003FZDCY8,5.0,1
B003FZCISE,5.0,1
B003FZ95G2,4.0,1
B003FZ763Q,5.0,1
B003FZ759Q,5.0,1
B003FZ3BW6,5.0,1
B003FZ0AES,5.0,1
B003FYW9NY,5.0,1
B003FY9C9S,5.0,1
B003FY8GYK,5.0,1
B003FXNR18,4.0,1
B003FXLUP8,5.0,1
B003FXD272,5.0,1
B003FWIM5K,4.0,1
B003FWGS4W,5.0,1
B003FWCHLU,5.0,1
B003FW102C,5.0,1
B003FZGPO2,5.0,1
B003G0698I,4.0,1
B003G089AO,5.0,1
B003G8UG9I,5.0,1
B003G8SYFG,5.0,1
B003G8LTRQ,5.0,1
B003G8JSJM,5.0,1
B003G8JS10,5.0,1
B003G8FBWU,5.0,1
B003G8A9OA,5.0,1
B003G83P5U,5.0,1
B003G7LI14,4.0,1
B003G7J0AA,4.0,1
B003G5VO7Y,5.0,1
B003G523HE,5.0,1
B003G51MQW,5.0,1
B003G4NBWG,4.0,1
B003G4N9R8,4.0,1
B003G4JYCW,5.0,1
B003G469PM,5.0,1
B003G3D230,5.0,1
B003G25RDE,5.0,1
B003G1LATA,5.0,1
B003GW0TQO,5.0,1
B003H8CL22,4.0,1
B003H8AN54,5.0,1
B003H8AFZC,4.0,1
B003H85VVU,5.0,1
B003H7Y0Z4,5.0,1
B003H7GK20,5.0,1
B003H7GJO4,5.0,1
B003H7FGPM,5.0,1
B003H7DGN6,5.0,1
B003H7DGBS,5.0,1
B003H7DG7W,5.0,1
B003H79LS0,5.0,1
B003H78JDI,5.0,1
B003H77HSG,5.0,1
B003H77HMW,5.0,1
B003H739PG,5.0,1
B003H72MTA,5.0,1
B003H726D2,4.0,1
B003H6MCSW,5.0,1
B003H6IX3K,5.0,1
B003H8CNXO,5.0,1
B003HG7TYO,5.0,1
B003HG13GE,5.0,1
B003HFTSNA,5.0,1
B003HFQN1K,5.0,1
B003HFNH2I,4.0,1
B003HFELPA,5.0,1
B003HESLV6,5.0,1
B003HEQJZQ,5.0,1
B003HEQJ7Y,5.0,1
B003HEQI2K,5.0,1
B003HEPFQK,4.0,1
B003HEOFJS,5.0,1
B003HEODMM,5.0,1
B003HENCRO,5.0,1
B003HENAU8,5.0,1
B003HELASM,5.0,1
B003HE5J02,5.0,1
B003HDON7I,5.0,1
B003HD27XA,5.0,1
B003HACWVK,5.0,1
B003H9ONS6,5.0,1
B003H9IYZY,5.0,1
B003H8QE84,5.0,1
B003H8PJ6M,5.0,1
B003H8LO3E,4.0,1
B003H8FG0G,5.0,1
B003H6DT7A,5.0,1
B003GWFDB0,5.0,1
B003H2B02U,5.0,1
B003H2AUZ8,5.0,1
B003H2AUWQ,5.0,1
B003H255BC,5.0,1
B003H22JOI,5.0,1
B003H1OYB0,5.0,1
B003H1MY4O,5.0,1
B003H0Y05G,5.0,1
B003H0CQNO,5.0,1
B003GZNZF8,5.0,1
B003GZ5ZXI,5.0,1
B003GYOLDE,5.0,1
B003GYOL9S,4.0,1
B003GYO6NO,4.0,1
B003GYMIR0,5.0,1
B003GYGHEU,5.0,1
B003GY6C6S,5.0,1
B003GXC1AK,5.0,1
B003GX92EI,4.0,1
B003GX238A,5.0,1
B003GWW5FM,5.0,1
B003H2AV20,5.0,1
B003H2DVTK,5.0,1
B003H65A1S,5.0,1
B003H2E77U,5.0,1
B003H659UA,5.0,1
B003H64A0U,5.0,1
B003H649OW,4.0,1
B003H607NE,4.0,1
B003H607FW,5.0,1
B003H5T9JS,4.0,1
B003H4RG1W,5.0,1
B003H4NKPS,5.0,1
B003H4KJD4,5.0,1
B003H3TRQU,4.0,1
B003H3QDT4,5.0,1
B003H3OODG,5.0,1
B003H3NODM,4.0,1
B003H3LNMG,4.0,1
B003H3I38I,4.0,1
B003H3EBW0,5.0,1
B003H35TVM,4.0,1
B003H35OH6,5.0,1
B003H2TSAQ,5.0,1
B003H2MYLQ,5.0,1
B003H2F5CQ,5.0,1
B003H2ESMY,5.0,1
B003H2EJZU,5.0,1
B003I99AD8,5.0,1
B003I99IJY,5.0,1
B003JKD6TA,4.0,1
B003JKJKYU,5.0,1
B003JKIEI8,4.0,1
B003JKID1G,5.0,1
B003JKIA9Q,5.0,1
B003JKHCWW,4.0,1
B003JKH7L8,4.0,1
B003JKFYKO,5.0,1
B003JKFFW6,5.0,1
B003JKFDEQ,4.0,1
B003JKFACG,5.0,1
B003JKEEPU,4.0,1
B003JKDVY0,5.0,1
B003JKD7OY,4.0,1
B003JKCYDY,5.0,1
B003JCOOR6,5.0,1
B003JKC7VS,5.0,1
B003JKC4KW,4.0,1
B003JKBZ7A,5.0,1
B003JK9PZE,5.0,1
B003JK9BT4,5.0,1
B003JK8TVA,5.0,1
B003JK867C,5.0,1
B003JKJLK8,5.0,1
B003JKUD96,5.0,1
B003JLF90I,4.0,1
B003JN0DDO,5.0,1
B003JMYTO4,5.0,1
B003JMYL1A,5.0,1
B003JMYL0G,5.0,1
B003JMYF0M,5.0,1
B003JMWSAQ,4.0,1
B003JMWPV8,5.0,1
B003JMWGBC,5.0,1
B003JMWG5I,5.0,1
B003JMWF2M,5.0,1
B003JMNC38,5.0,1
B003JM8GGG,5.0,1
B003JM0YB6,5.0,1
B003JM0W7C,4.0,1
B003JM0SFS,4.0,1
B003JLUM3C,5.0,1
B003JLTC1U,5.0,1
B003JLT9CW,4.0,1
B003JLSIG0,4.0,1
B003JLQROU,5.0,1
B003JLPJ9Y,4.0,1
B003JK85CS,5.0,1
B003JK6JY4,5.0,1
B003JK6IZY,5.0,1
B003JIIKV6,5.0,1
B003JI680G,5.0,1
B003JHY78W,5.0,1
B003JHXLRA,5.0,1
B003JH7HNO,4.0,1
B003JH7HJ8,5.0,1
B003JFIF4Q,5.0,1
B003JFIETW,5.0,1
B003JF2I3A,4.0,1
B003JEX236,5.0,1
B003JEVD6Y,5.0,1
B003JEV3UA,5.0,1
B003JEHP4S,5.0,1
B003JE2Z6Q,5.0,1
B003JDE4G6,5.0,1
B003JDB0Y0,5.0,1
B003JCQZQ4,5.0,1
B003JCQZLY,5.0,1
B003JIDRWS,5.0,1
B003JIK8DO,4.0,1
B003JK6IO0,5.0,1
B003JIMBYS,4.0,1
B003JK62YQ,5.0,1
B003JK4Y3C,5.0,1
B003JK4XJC,5.0,1
B003JK4WM0,5.0,1
B003JK4TTG,5.0,1
B003JK2SB2,4.0,1
B003JK1QNI,5.0,1
B003JK0SZK,5.0,1
B003JJZ1E4,5.0,1
B003JJX32G,5.0,1
B003JJX2C2,5.0,1
B003JJX2AE,5.0,1
B003JJX1KA,5.0,1
B003JJX1IC,5.0,1
B003JJWZPW,5.0,1
B003JJWZA2,5.0,1
B003JJTEH4,4.0,1
B003JJ3S7Q,5.0,1
B003JJ1WTC,5.0,1
B003JIWZQC,5.0,1
B003JIVM9I,4.0,1
B003JIUZO6,5.0,1
B003JIMXI2,5.0,1
B003JN0GHW,5.0,1
B003JN0L5E,5.0,1
B003JRK9O8,5.0,1
B003JQXV6M,5.0,1
B003JQXSQK,5.0,1
B003JQXQUI,5.0,1
B003JQWNIE,5.0,1
B003JQUHFA,5.0,1
B003JQTO2W,5.0,1
B003JQQ9EI,5.0,1
B003JQO3TG,5.0,1
B003JQN6JY,4.0,1
B003JQN5CW,5.0,1
B003JQMZAK,5.0,1
B003JPBC1O,5.0,1
B003JPAR6A,5.0,1
B003JP8ZXM,5.0,1
B003JP5IYG,5.0,1
B003JP56NY,5.0,1
B003JP4Y50,5.0,1
B003JP2U38,4.0,1
B003JP2M9A,5.0,1
B003JP1ZPM,5.0,1
B003JP1CQE,5.0,1
B003JOSESO,5.0,1
B003JORM7S,5.0,1
B003JOGD50,5.0,1
B003JRK7V8,5.0,1
B003JRUVRS,5.0,1
B003JO93PM,5.0,1
B003JSSI4A,4.0,1
B003JVCY3I,5.0,1
B003JV8I6K,4.0,1
B003JUSSJI,5.0,1
B003JUI7M6,5.0,1
B003JUI3UC,5.0,1
B003JUH218,4.0,1
B003JU8Q1S,5.0,1
B003JU02OM,4.0,1
B003JTZJLY,4.0,1
B003JTXO4S,5.0,1
B003JTVWW4,5.0,1
B003JTVW8I,5.0,1
B003JTVS50,5.0,1
B003JTVHU6,4.0,1
B003JTT77Q,5.0,1
B003JTRH3W,5.0,1
B003JTP0D6,5.0,1
B003JTOZ64,5.0,1
B003JTKUN6,5.0,1
B003JTKSJ2,5.0,1
B003JTIWPO,5.0,1
B003JTA2ZW,5.0,1
B003JT6W42,5.0,1
B003JT1UDA,5.0,1
B003JO6O5Y,5.0,1
B003JN0MRQ,4.0,1
B003JN613K,5.0,1
B003JN4Y98,5.0,1
B003JN4MUY,5.0,1
B003JN4JYS,4.0,1
B003JN4JTS,5.0,1
B003JN496Q,5.0,1
B003JN39QW,5.0,1
B003JN34VM,4.0,1
B003JN33RW,5.0,1
B003JN2SVO,5.0,1
B003JN2SJG,5.0,1
B003JN2QDE,5.0,1
B003JN2QAC,5.0,1
B003JN2N9G,4.0,1
B003JN2LFW,4.0,1
B003JN2GIY,5.0,1
B003JN2GCU,5.0,1
B003JN0W12,5.0,1
B003JN0UO6,5.0,1
B003JN0UGE,5.0,1
B003JN63P6,5.0,1
B003JO2G74,5.0,1
B003JN64NW,5.0,1
B003JO2CA0,5.0,1
B003JO0DUG,5.0,1
B003JNVPU4,5.0,1
B003JNP4WO,5.0,1
B003JNBW16,5.0,1
B003JNBVZS,5.0,1
B003JN8C46,5.0,1
B003JN86II,4.0,1
B003JN81HO,5.0,1
B003JN7WLK,5.0,1
B003JN7P0S,4.0,1
B003JN7MDI,4.0,1
B003JN7M1K,5.0,1
B003JN6NPG,5.0,1
B003JN6KKE,5.0,1
B003JN6K8Q,5.0,1
B003JN6FS6,5.0,1
B003JN6EW8,5.0,1
B003JN6CRU,5.0,1
B003JN6BH6,5.0,1
B003JN695A,5.0,1
B003JCP2O0,5.0,1
B003JCOG74,4.0,1
B003I99L1O,5.0,1
B003IIRLTE,5.0,1
B003IM5UNO,4.0,1
B003ILQ188,5.0,1
B003ILK9GS,5.0,1
B003ILH5C4,5.0,1
B003IL02IS,5.0,1
B003IKINBM,5.0,1
B003IJAVSQ,5.0,1
B003IJ7K5S,5.0,1
B003IJ2QJS,5.0,1
B003IIX558,5.0,1
B003IIWICE,5.0,1
B003IIT08Y,4.0,1
B003IISS1O,5.0,1
B003IIRPJ0,5.0,1
B003IIMJTQ,5.0,1
B003JCN5GM,5.0,1
B003IIJRQ4,5.0,1
B003II49VC,5.0,1
B003II39EK,5.0,1
B003IHVKQK,5.0,1
B003IHVHBS,5.0,1
B003IHURXM,5.0,1
B003IHOBUC,5.0,1
B003IHH8WK,5.0,1
B003IGULPC,5.0,1
B003IGJ6NU,4.0,1
B003IGHT1G,4.0,1
B003IGGKQ6,5.0,1
B003IMDEPA,5.0,1
B003IOKSWA,5.0,1
B003IOF2TE,5.0,1
B003IODHQ4,4.0,1
B003IO7NJG,5.0,1
B003IO3YCQ,5.0,1
B003IO20TO,5.0,1
B003IN74HI,5.0,1
B003IN5VQY,5.0,1
B003IN4WIW,5.0,1
B003IN3OXG,5.0,1
B003IN3OWW,5.0,1
B003IN2BIK,4.0,1
B003IMX1A8,4.0,1
B003IMRY6A,5.0,1
B003IMPTNK,5.0,1
B003IMNOSC,5.0,1
B003IMNKF4,5.0,1
B003IMM6OK,5.0,1
B003IMKDJU,5.0,1
B003IMIHNO,5.0,1
B003IMIHGG,4.0,1
B003IMH708,4.0,1
B003IMFYKS,5.0,1
B003IMDY8M,5.0,1
B003IMDEQY,5.0,1
B003IGBNRW,5.0,1
B003IGB3B8,5.0,1
B003IGAUU8,5.0,1
B003I9GD3I,5.0,1
B003I9FSZ2,4.0,1
B003I9ESLW,5.0,1
B003I9ED8K,5.0,1
B003I9EASI,5.0,1
B003I9EAAQ,4.0,1
B003I9E5X8,5.0,1
B003I9DZMU,5.0,1
B003I9DZ20,5.0,1
B003I9D5YS,4.0,1
B003I9CY8Q,5.0,1
B003I9CVP2,5.0,1
B003I9CUXA,5.0,1
B003I9CTD6,5.0,1
B003I9CQ16,5.0,1
B003I9CP08,5.0,1
B003I9CKSA,5.0,1
B003I9CK6C,5.0,1
B003I9C7DS,5.0,1
B003I9BHUC,5.0,1
B003I9B0XQ,5.0,1
B003I9B05O,5.0,1
B003I9AS7A,5.0,1
B003I9A8AM,5.0,1
B003I9A3R0,4.0,1
B003I99Z1K,5.0,1
B003I99XQC,5.0,1
B003I99UBA,5.0,1
B003I9GF9U,5.0,1
B003IFIDFS,5.0,1
B003I9GH7A,5.0,1
B003IF9794,5.0,1
B003IEO9CU,5.0,1
B003IE0OCY,4.0,1
B003IDW8X8,5.0,1
B003IDKOWA,5.0,1
B003IDC1IK,4.0,1
B003IDBNVG,5.0,1
B003IDAA8I,5.0,1
B003ICB0YW,5.0,1
B003IBCM2C,5.0,1
B003IAZLXK,5.0,1
B003IAQIC8,5.0,1
B003IAF4CI,4.0,1
B003IAEKBO,5.0,1
B003I9KMR6,5.0,1
B003I9KI3E,5.0,1
B003I9KEQK,5.0,1
B003I9K0HS,5.0,1
B003I9IUKW,5.0,1
B003I9IHX2,5.0,1
B003I9I35E,5.0,1
B003I9HY8G,5.0,1
B003I9HXC8,5.0,1
B003I9H1DE,4.0,1
B003I9GN2O,4.0,1
B003I9GLTE,5.0,1
B003I9GJZA,5.0,1
B003IPGLOS,5.0,1
B003IPITXO,5.0,1
B003IPK7PW,5.0,1
B003JBTWR4,4.0,1
B003JBRVJ0,5.0,1
B003JBQC7C,5.0,1
B003JBOVQQ,4.0,1
B003JBMY24,4.0,1
B003JBKP8Y,5.0,1
B003JBGTW0,5.0,1
B003JBGM5E,5.0,1
B003JBGM40,5.0,1
B003JBF1LK,5.0,1
B003JBEWV0,5.0,1
B003JBCZOG,4.0,1
B003JBCVMM,4.0,1
B003JB2M5I,5.0,1
B003JAX884,5.0,1
B003J9SHV8,5.0,1
B003J9S61E,5.0,1
B003J9QXXC,5.0,1
B003JBTSU0,5.0,1
B003JBTX00,5.0,1
B003J9MK7K,4.0,1
B003JBTX6O,5.0,1
B003JCN3Z0,4.0,1
B003JCN184,5.0,1
B003JCMTIW,5.0,1
B003JCM2Q6,5.0,1
B003JCLOZG,4.0,1
B003JCLOMY,5.0,1
B003JCLKVO,5.0,1
B003JCKQDW,5.0,1
B003JCIR1K,5.0,1
B003JCIL34,4.0,1
B003JCGMXK,5.0,1
B003JCF326,5.0,1
B003JCDE9K,5.0,1
B003JCCYV4,4.0,1
B003JCCYGY,5.0,1
B003JC17H6,5.0,1
B003JBZ4HG,5.0,1
B003JBX7KC,5.0,1
B003JBX4TG,5.0,1
B003JBX4NW,5.0,1
B003JBX3WE,5.0,1
B003JBVOAM,5.0,1
B003J9PKPE,5.0,1
B003IPKUDG,5.0,1
B003IVWYLG,5.0,1
B003IUTT2Y,5.0,1
B003IUIMZY,5.0,1
B003IRU4R6,5.0,1
B003IRS1NU,4.0,1
B003IRQ7L8,5.0,1
B003IROC6A,4.0,1
B003IRNT4G,4.0,1
B003IRM230,5.0,1
B003IRKTA8,5.0,1
B003IQVDWC,5.0,1
B003IQSIO8,5.0,1
B003IQRKAG,5.0,1
B003IQN46A,5.0,1
B003IQM6YG,5.0,1
B003IQLKYS,5.0,1
B003IQEFRC,5.0,1
B003IQ2M4U,5.0,1
B003IPXNF8,5.0,1
B003IPUD92,5.0,1
B003IPTHK8,5.0,1
B003IPS8OE,4.0,1
B003IVFB98,5.0,1
B003IWB08S,4.0,1
B003IWKS40,5.0,1
B003J8P44M,5.0,1
B003J8JS9O,5.0,1
B003J8ID4A,5.0,1
B003J8ICGY,5.0,1
B003J8GKMC,5.0,1
B003J82MLU,4.0,1
B003J7NNKA,5.0,1
B003J6RD0M,5.0,1
B003J5GRY6,5.0,1
B003J4ZARC,5.0,1
B003J469LI,4.0,1
B003J44NMU,5.0,1
B003J44EC4,5.0,1
B003J44E7O,5.0,1
B003J42FFC,4.0,1
B003J40Y8W,5.0,1
B003J40DYC,4.0,1
B003J40DKG,5.0,1
B003J40DJM,5.0,1
B003J40CYI,5.0,1
B003J3YACY,4.0,1
B003J1YPG2,5.0,1
B003IZL3B4,5.0,1
B003IY0FHI,5.0,1
B003FV6I0C,5.0,1
B003FU2KG4,4.0,1
B003CQYQKE,5.0,1
B003CSPWD2,5.0,1
B003CSLKSS,4.0,1
B003CRF28I,4.0,1
B003CRDOQU,5.0,1
B003CR56ZM,5.0,1
B003CR4PHM,5.0,1
B003CR4G8A,4.0,1
B003CR3L2W,5.0,1
B003CQZ1XU,5.0,1
B003CQYQ3G,5.0,1
B003CIU4PS,4.0,1
B003CQXKEM,4.0,1
B003CQ1G0W,5.0,1
B003CPZIBG,5.0,1
B003CPZ7E4,5.0,1
B003CPYSUI,5.0,1
B003CPJVSW,5.0,1
B003COO930,4.0,1
B003CODFJE,4.0,1
B003COD7SS,5.0,1
B003COCI06,5.0,1
B003CO09U2,5.0,1
B003CSR1C2,5.0,1
B003CSSRN4,5.0,1
B003CSTN1O,5.0,1
B003CSZRDW,5.0,1
B003CYKP56,5.0,1
B003CYKP42,5.0,1
B003CYKOXO,5.0,1
B003CYKOX4,5.0,1
B003CYKOBQ,5.0,1
B003CYKOAW,5.0,1
B003CYKO7K,4.0,1
B003CYKO6G,5.0,1
B003CYKDD0,5.0,1
B003CYKD8A,5.0,1
B003CXBSOE,4.0,1
B003CWH76S,5.0,1
B003CWH72M,5.0,1
B003CV7H14,4.0,1
B003CUZW8U,5.0,1
B003CUPDDE,4.0,1
B003CUK3EI,5.0,1
B003CTIDAK,4.0,1
B003CTBQ40,5.0,1
B003CT8ZCG,5.0,1
B003CT0WN6,5.0,1
B003CNRXHU,5.0,1
B003CNISG0,5.0,1
B003CNF9RQ,5.0,1
B003CJ1IWK,5.0,1
B003CJ15F0,4.0,1
B003CJ0RO0,5.0,1
B003CJ0I0I,5.0,1
B003CJ0EKW,5.0,1
B003CJ06OQ,5.0,1
B003CJ0344,4.0,1
B003CJ02SQ,4.0,1
B003CIZM2S,4.0,1
B003CIZHTQ,5.0,1
B003CIZ8CC,5.0,1
B003CIYS96,5.0,1
B003CIYM5G,5.0,1
B003CIXZCM,5.0,1
B003CIXEOG,5.0,1
B003CIXEIC,5.0,1
B003CIX5BI,5.0,1
B003CIVW0Y,5.0,1
B003CIVRFY,4.0,1
B003CIVMCW,5.0,1
B003CIV2Q8,5.0,1
B003CIUS1I,5.0,1
B003CIUHL4,4.0,1
B003CJ2FLS,5.0,1
B003CN9D82,5.0,1
B003CN9AMQ,5.0,1
B003CN0RSC,5.0,1
B003CMNXXE,5.0,1
B003CMLL3S,5.0,1
B003CMA3P0,4.0,1
B003CM4PE0,5.0,1
B003CM1USO,5.0,1
B003CLSPO2,5.0,1
B003CJXT1I,5.0,1
B003CJLF14,5.0,1
B003CJH96O,5.0,1
B003CJE45I,5.0,1
B003CJC0GS,5.0,1
B003CJBYC4,4.0,1
B003CJBWSU,5.0,1
B003CJ9OIU,5.0,1
B003CJ9H6E,5.0,1
B003CJ84J0,5.0,1
B003CJ82L0,4.0,1
B003CJ7W4I,5.0,1
B003CJ77AM,4.0,1
B003CJ5QHI,4.0,1
B003CJ5E3Y,5.0,1
B003CJ59C0,5.0,1
B003CJ542A,4.0,1
B003CJ45I4,4.0,1
B003CYKP60,5.0,1
B003CYM78O,5.0,1
B003CYMHBQ,5.0,1
B003DKVYSQ,5.0,1
B003DKVHXI,5.0,1
B003DKUY1E,5.0,1
B003DKT28K,5.0,1
B003DKSRTA,5.0,1
B003DKO8QQ,4.0,1
B003DKLC5Q,5.0,1
B003DKKQIU,5.0,1
B003DKCIWC,5.0,1
B003DKAGCQ,5.0,1
B003DIG1RM,4.0,1
B003DHXSWO,5.0,1
B003DHXODW,5.0,1
B003DHTFNA,5.0,1
B003DH9P62,5.0,1
B003DH9A0S,5.0,1
B003DGYDJC,5.0,1
B003DGO5H2,5.0,1
B003DGIJCO,5.0,1
B003DDDX2I,4.0,1
B003DD4HLY,4.0,1
B003DCVR5E,5.0,1
B003DCM92Y,4.0,1
B003DCKGFQ,5.0,1
B003DKVYMM,5.0,1
B003DKW1X8,5.0,1
B003DCE88C,5.0,1
B003DQOQOY,4.0,1
B003DQKJBS,5.0,1
B003DQFMWE,5.0,1
B003DQDJN8,5.0,1
B003DQAIHI,5.0,1
B003DQA8BO,5.0,1
B003DQA89Q,5.0,1
B003DQ7VSW,4.0,1
B003DQ4H2A,5.0,1
B003DQ3HQW,5.0,1
B003DQ23DA,5.0,1
B003DPKMSY,4.0,1
B003DMGNHQ,5.0,1
B003DM2T8S,4.0,1
B003DM2IMA,5.0,1
B003DLOQOE,5.0,1
B003DLJ2WA,5.0,1
B003DLH8JY,5.0,1
B003DKWD4U,5.0,1
B003DKWCVE,5.0,1
B003DCF6R4,4.0,1
B003DCD1IA,4.0,1
B003CYYTVC,4.0,1
B003D35U3I,5.0,1
B003D2ZM64,5.0,1
B003D2YXG4,5.0,1
B003D2X8V0,5.0,1
B003D2WL5O,5.0,1
B003D2VDC6,5.0,1
B003D2JXL4,4.0,1
B003D1YPIQ,5.0,1
B003D1YEVE,5.0,1
B003D1WF1U,5.0,1
B003D1SXVQ,5.0,1
B003D1RVXW,5.0,1
B003D1RU38,5.0,1
B003D1RRA4,5.0,1
B003D1P6VQ,4.0,1
B003D1NDIE,5.0,1
B003D1KV2K,5.0,1
B003D1HNMQ,5.0,1
B003D0NY5M,5.0,1
B003D0GYAE,5.0,1
B003D0CUBG,5.0,1
B003CZXDZ4,5.0,1
B003CZ2166,4.0,1
B003CZ03XY,5.0,1
B003CYYU7U,4.0,1
B003D3XH24,5.0,1
B003D5I5KQ,5.0,1
B003DBVVBA,5.0,1
B003DBUKTY,5.0,1
B003DBTTGY,5.0,1
B003DA4O7E,5.0,1
B003D8VOFQ,5.0,1
B003D8VHA8,4.0,1
B003D8TTBC,5.0,1
B003D8SYFO,5.0,1
B003D8QRPS,4.0,1
B003D8PHLI,4.0,1
B003D8NZLC,4.0,1
B003D7YPEE,5.0,1
B003D7R3G6,4.0,1
B003D7LDIK,5.0,1
B003D7LDH6,5.0,1
B003D7LDG2,5.0,1
B003D7LDE4,5.0,1
B003D7EDXM,5.0,1
B003D7C0P0,5.0,1
B003CITYZY,5.0,1
B003FTXU5K,4.0,1
B003BQOJI4,5.0,1
B003BQW0TO,5.0,1
B003BQS5N4,5.0,1
B003BQRR1K,5.0,1
B003BQP2OE,5.0,1
B003BQP280,5.0,1
B003BQOYI4,5.0,1
B003BQOVW8,5.0,1
B003BQORAE,5.0,1
B003BQOPQA,5.0,1
B003BQONY4,5.0,1
B003BQOM0O,5.0,1
B003BQNDK4,4.0,1
B003CITYTA,5.0,1
B003BQND5E,5.0,1
B003BQN9PS,5.0,1
B003BQN1AQ,5.0,1
B003BQLITC,5.0,1
B003BQL79S,5.0,1
B003BQL46Y,5.0,1
B003BQL2HA,5.0,1
B003BQL072,5.0,1
B003BQKZT6,4.0,1
B003BQK294,5.0,1
B003BQXHXM,4.0,1
B003BR094Q,4.0,1
B003BR11XE,5.0,1
B003BXAYI6,5.0,1
B003BWYV90,5.0,1
B003BWYV5E,4.0,1
B003BWVEQ8,5.0,1
B003BWVEGI,5.0,1
B003BWPEMS,5.0,1
B003BWFZJA,5.0,1
B003BWA1NA,5.0,1
B003BW30AQ,5.0,1
B003BVH3G4,4.0,1
B003BVFA8C,5.0,1
B003BV7UDK,5.0,1
B003BT5EYO,5.0,1
B003BSR1AK,5.0,1
B003BS682C,5.0,1
B003BS232G,4.0,1
B003BRTNE8,5.0,1
B003BRSUY2,5.0,1
B003BRSUUG,5.0,1
B003BRR6HY,5.0,1
B003BRLDXM,5.0,1
B003BQJMUE,5.0,1
B003BQJHU4,5.0,1
B003BOID88,5.0,1
B003BOH3S4,4.0,1
B003BOGKCE,4.0,1
B003BOGJIE,5.0,1
B003BOGFDI,4.0,1
B003BOERTM,5.0,1
B003BOERE2,4.0,1
B003BOEMVA,4.0,1
B003BOELMU,4.0,1
B003BOCO3I,5.0,1
B003BN22S6,4.0,1
B003BMTFSC,5.0,1
B003BMR2VO,5.0,1
B003BMPFHM,5.0,1
B003BMPEAK,5.0,1
B003BMPE1E,5.0,1
B003BMPAW2,5.0,1
B003BMP9FK,5.0,1
B003BMNKXS,4.0,1
B003BMNKUG,5.0,1
B003BMNJTI,5.0,1
B003BMNJP2,4.0,1
B003BMNIF8,5.0,1
B003BMNG28,5.0,1
B003BMNE8E,5.0,1
B003BOICVG,5.0,1
B003BQJFP6,5.0,1
B003BOISQU,5.0,1
B003BQJE8O,5.0,1
B003BQJ87Q,5.0,1
B003BQJ4MK,5.0,1
B003BQJ0Y2,5.0,1
B003BQHR9M,4.0,1
B003BQHMMY,4.0,1
B003BQHJIG,5.0,1
B003BQFV36,5.0,1
B003BQFUHS,5.0,1
B003BQFQ18,5.0,1
B003BQFKHI,5.0,1
B003BQF9JM,5.0,1
B003BQ1WDY,5.0,1
B003BPYFTI,5.0,1
B003BOOXV4,5.0,1
B003BONXE2,5.0,1
B003BONUMM,5.0,1
B003BONU5O,5.0,1
B003BONTNC,5.0,1
B003BOK7JG,4.0,1
B003BOK6IS,5.0,1
B003BOJZR6,5.0,1
B003BXIE1U,4.0,1
B003BZBD0W,4.0,1
B003BZLLEK,5.0,1
B003CHU2HY,5.0,1
B003CHP5OE,5.0,1
B003CHOZ90,4.0,1
B003CHNNPC,5.0,1
B003CHNHA8,5.0,1
B003CHN05K,5.0,1
B003CHJBD0,5.0,1
B003CHJ8XS,5.0,1
B003CHBAE8,5.0,1
B003CHB908,4.0,1
B003CHA26U,5.0,1
B003CH60DE,5.0,1
B003CH2IR6,5.0,1
B003CH2HO0,5.0,1
B003CH2GH8,5.0,1
B003CGWOG2,5.0,1
B003CGWIW2,4.0,1
B003CGN8SA,5.0,1
B003CGMCY6,5.0,1
B003CGK7I4,4.0,1
B003CGF69E,5.0,1
B003CFB9PK,4.0,1
B003CFB8LU,4.0,1
B003CHQZ1Q,4.0,1
B003CHU2NS,5.0,1
B003CFB2PC,5.0,1
B003CHUE7M,5.0,1
B003CITLQQ,5.0,1
B003CITKFS,5.0,1
B003CITJYA,5.0,1
B003CITE5E,5.0,1
B003CIRX34,4.0,1
B003CIRM6W,5.0,1
B003CILP9M,4.0,1
B003CILN3K,5.0,1
B003CIL5X8,4.0,1
B003CIKPWA,5.0,1
B003CIK5AW,5.0,1
B003CIK084,5.0,1
B003CIICFC,4.0,1
B003CID0ZE,5.0,1
B003CICN8O,5.0,1
B003CICKBE,5.0,1
B003CI937I,4.0,1
B003CI76K4,5.0,1
B003CI1ROU,5.0,1
B003CHW6SC,4.0,1
B003CHVES0,5.0,1
B003CFB8JW,5.0,1
B003CFB2P2,5.0,1
B003C3J78S,5.0,1
B003C2U7Z6,5.0,1
B003C2SSU2,5.0,1
B003C2FLO8,5.0,1
B003C26QOM,5.0,1
B003C24IHY,5.0,1
B003C22XRQ,5.0,1
B003C22LAA,5.0,1
B003C20AFS,5.0,1
B003C208AA,5.0,1
B003C1YCT4,5.0,1
B003C1WTRQ,5.0,1
B003C1WTGC,5.0,1
B003C1S8JO,5.0,1
B003C1NCI6,5.0,1
B003C1HOKS,4.0,1
B003C1GF2G,5.0,1
B003C1FCWU,5.0,1
B003C1BZ08,5.0,1
B003C1A1SU,5.0,1
B003C17YLC,5.0,1
B003C384XC,5.0,1
B003CEGQVS,5.0,1
B003CEGH44,5.0,1
B003CE9M4Q,5.0,1
B003CE7EDC,5.0,1
B003CD0XJK,5.0,1
B003CCIVO0,5.0,1
B003CCHRDQ,5.0,1
B003CBF53G,4.0,1
B003CAM3RS,5.0,1
B003CA9PP6,5.0,1
B003CA4J0W,5.0,1
B003C8J224,5.0,1
B003C8IOFK,5.0,1
B003C7GDRC,5.0,1
B003C5T4E8,5.0,1
B003C5S39K,5.0,1
B003C5KMLC,5.0,1
B003C5J9TS,5.0,1
B003C5FSZW,5.0,1
B003C5FJJ2,5.0,1
B003C5DMKA,5.0,1
B003C55AQ4,5.0,1
B003C4FRA4,5.0,1
B003C3X770,4.0,1
B003DQOQQC,5.0,1
B003DQOQVC,4.0,1
B003ETX5VK,5.0,1
B003EW0AN8,5.0,1
B003EVQHEK,5.0,1
B003EVP0A2,5.0,1
B003EVII24,4.0,1
B003EV0QNS,4.0,1
B003EUZD1E,5.0,1
B003EURN4E,5.0,1
B003EUGELW,5.0,1
B003EUD6UE,5.0,1
B003EUCJES,5.0,1
B003EU43MO,5.0,1
B003EU00VM,5.0,1
B003ETWOX0,5.0,1
B003DQWPBU,4.0,1
B003ESIQLK,5.0,1
B003ESI4LW,5.0,1
B003ESEVJQ,5.0,1
B003ES7HRE,5.0,1
B003EPRC90,4.0,1
B003EPLOBW,5.0,1
B003EOR87W,4.0,1
B003EOLJUE,5.0,1
B003EOC4JO,5.0,1
B003EW249Q,5.0,1
B003EW7VOE,5.0,1
B003EX4QJQ,5.0,1
B003EXD99O,5.0,1
B003F2KFKA,5.0,1
B003F2G8AQ,5.0,1
B003F2E7YU,4.0,1
B003F1XV6Q,5.0,1
B003F1WHA2,4.0,1
B003F1P2CM,5.0,1
B003F1OK6G,5.0,1
B003F1MJHI,5.0,1
B003F1M2CU,4.0,1
B003F1FUEW,5.0,1
B003F1CQOY,4.0,1
B003F1AQVE,5.0,1
B003F168BG,5.0,1
B003F12YVO,4.0,1
B003F0UC4G,5.0,1
B003F06IZS,4.0,1
B003EZ9BB2,5.0,1
B003EO1ZXU,4.0,1
B003ENYFGA,5.0,1
B003ENY5KG,5.0,1
B003EHSVVQ,4.0,1
B003EHC7CU,5.0,1
B003EH9X7M,5.0,1
B003EH1TDI,5.0,1
B003EH0RWM,4.0,1
B003EGY3QY,5.0,1
B003EGY328,5.0,1
B003EGWQM2,4.0,1
B003EGUSFO,5.0,1
B003EGSAPO,5.0,1
B003EGSABS,5.0,1
B003EERKK2,5.0,1
B003EDH44K,5.0,1
B003EDH3QO,5.0,1
B003EDH3KK,4.0,1
B003EDH3K0,5.0,1
B003EDH3JG,5.0,1
B003EDFKDC,4.0,1
B003EDFJW4,5.0,1
B003EDFJTM,4.0,1
B003EHYPES,5.0,1
B003EI2LVG,5.0,1
B003ENR0J4,5.0,1
B003EI6QH6,5.0,1
B003ENNYCG,5.0,1
B003EN17FC,5.0,1
B003EMWTL4,4.0,1
B003EMUO8Y,4.0,1
B003EMPNW6,5.0,1
B003EMO48K,5.0,1
B003EMKNWG,5.0,1
B003EMKNPS,4.0,1
B003EMIOLI,5.0,1
B003EMF87Q,5.0,1
B003EMETYO,5.0,1
B003EM8A8K,5.0,1
B003EM7PX6,4.0,1
B003EM1H6C,4.0,1
B003ELL2Z4,4.0,1
B003ELGMB8,5.0,1
B003EL9GXO,5.0,1
B003EKHLG4,5.0,1
B003EJZDHO,5.0,1
B003EIG6OE,4.0,1
B003EI7TZO,5.0,1
B003F2O1OQ,5.0,1
B003F2QD9C,5.0,1
B003F2X9Q2,5.0,1
B003FLT4IU,5.0,1
B003FL68ZC,5.0,1
B003FKZS9K,5.0,1
B003FJYMZW,5.0,1
B003FJHXNA,5.0,1
B003FJ9UHM,5.0,1
B003FIQBYS,5.0,1
B003FIL3JG,5.0,1
B003FIDZC4,5.0,1
B003FI144A,5.0,1
B003FHZWNA,5.0,1
B003FHPB2W,5.0,1
B003FH7DBY,5.0,1
B003FH77EW,5.0,1
B003FFAL8I,5.0,1
B003FF1HIG,4.0,1
B003FDDPWO,5.0,1
B003FD7VWE,4.0,1
B003FD7T4Y,5.0,1
B003FD7Q6A,5.0,1
B003FCSDRM,5.0,1
B003FCL4NW,4.0,1
B003FNBIVY,5.0,1
B003FTUQ5M,4.0,1
B003FTU9GS,4.0,1
B003FTU0M6,5.0,1
B003FTSOI8,4.0,1
B003FTRVS2,5.0,1
B003FTCJL6,5.0,1
B003FSZ540,5.0,1
B003FRNNNQ,5.0,1
B003FRKCLM,5.0,1
B003FRI47G,5.0,1
B003FQVNCU,4.0,1
B003FQ5GR8,5.0,1
B003FPSWM0,5.0,1
B003FPS2J8,4.0,1
B003FP5LGU,5.0,1
B003FP1VDM,5.0,1
B003FP1AHE,5.0,1
B003FOEU2M,4.0,1
B003FO6MUK,5.0,1
B003FNSXVC,5.0,1
B003FNCQ2Y,4.0,1
B003F33OVQ,5.0,1
B003F7VF18,5.0,1
B003F7VEOG,5.0,1
B003F7TD6C,5.0,1
B003F7ES12,5.0,1
B003F6VJHO,4.0,1
B003F6A5O2,5.0,1
B003F6A5LA,5.0,1
B003F6A5BK,5.0,1
B003F692K0,5.0,1
B003F685KI,5.0,1
B003F6856C,5.0,1
B003F667SA,5.0,1
B003F64LTC,5.0,1
B003F64FNO,5.0,1
B003F64C5A,5.0,1
B003F62CHK,4.0,1
B003F62C7A,5.0,1
B003F5ZCTG,5.0,1
B003F42CLI,4.0,1
B003F7Z3UM,5.0,1
B003F8HTTE,5.0,1
B003FBRVGW,5.0,1
B003FBRVGM,5.0,1
B003FBRTRS,5.0,1
B003FBRTMI,5.0,1
B003FBOJ62,4.0,1
B003FBOBAQ,5.0,1
B003FBKBFK,5.0,1
B003F9VGNS,5.0,1
B003F9G6GK,5.0,1
B003F9C27M,5.0,1
B003F8UT46,5.0,1
B003F8USWY,5.0,1
B003F8USMY,5.0,1
B003F8USJ2,4.0,1
B003F8USG0,5.0,1
B003F8USCY,5.0,1
B003F8QOJA,5.0,1
B003F8QOIQ,5.0,1
B003F8QO2M,5.0,1
B003F8QNP0,5.0,1
B003F8QNAU,5.0,1
B003F8QI8C,5.0,1
B003EDFJRY,5.0,1
B003EDFJOM,5.0,1
B003E0Z4XG,5.0,1
B003E0YXGK,5.0,1
B003E0YXAQ,5.0,1
B003E0YWSE,5.0,1
B003E0YL8U,5.0,1
B003E0YGUI,4.0,1
B003E0YF3Q,5.0,1
B003E0YE8M,5.0,1
B003E0Y1DK,5.0,1
B003E0Y0MM,5.0,1
B003E0XTYM,5.0,1
B003E0XS52,5.0,1
B003E0XNFM,5.0,1
B003E0X8UM,4.0,1
B003E0X8EI,5.0,1
B003E0X72Q,5.0,1
B003E0X6M2,5.0,1
B003E0X3RU,5.0,1
B003E0X3OS,5.0,1
B003E0X352,5.0,1
B003E0X26W,5.0,1
B003E0X1X6,5.0,1
B003E0WG6O,5.0,1
B003E0W664,5.0,1
B003E0VW78,4.0,1
B003E0VTJY,5.0,1
B003E0Z1RK,5.0,1
B003E0ZBRA,5.0,1
B003E0VOPS,5.0,1
B003E0ZMN8,5.0,1
B003E13BL2,4.0,1
B003E133Q0,5.0,1
B003E1326G,5.0,1
B003E131ZS,5.0,1
B003E131PI,5.0,1
B003E12X6G,5.0,1
B003E12VYA,5.0,1
B003E11XQW,5.0,1
B003E11W0O,5.0,1
B003E11UUG,5.0,1
B003E1183U,5.0,1
B003E114QQ,5.0,1
B003E114IO,5.0,1
B003E112QI,5.0,1
B003E110OW,5.0,1
B003E10YN0,4.0,1
B003E10YBM,5.0,1
B003E10WX2,5.0,1
B003E10WRI,5.0,1
B003E10QQA,5.0,1
B003E10KD4,5.0,1
B003E10E7G,4.0,1
B003E100MK,5.0,1
B003E0ZV2K,4.0,1
B003E0ZQ0W,5.0,1
B003E0VT6M,5.0,1
B003E13WGQ,4.0,1
B003DWFIQ8,5.0,1
B003DWDA5E,5.0,1
B003DW9SW8,4.0,1
B003DW98XM,5.0,1
B003DW7Z4Q,5.0,1
B003DW65IS,4.0,1
B003DW2EF6,4.0,1
B003DW1WHC,5.0,1
B003DVHCS6,5.0,1
B003DTEW0O,5.0,1
B003DSYZMU,5.0,1
B003DSX80U,5.0,1
B003DSX7VA,5.0,1
B003DSDLF2,5.0,1
B003DSDE7C,5.0,1
B003DSDCLK,5.0,1
B003DSD9OK,4.0,1
B003DS98D6,5.0,1
B003DS2S9M,4.0,1
B003DRS1RG,5.0,1
B003DRJHAG,4.0,1
B003DR8OXM,4.0,1
B003DR0UAM,4.0,1
B003DQZ1I4,5.0,1
B003DQXZFU,5.0,1
B003DX05XI,5.0,1
B003DXF64Q,5.0,1
B003E0VML4,4.0,1
B003DXGKVE,5.0,1
B003E0VMJQ,5.0,1
B003E0VLYM,4.0,1
B003E0VLOC,4.0,1
B003E0VJMQ,4.0,1
B003E0UAO4,5.0,1
B003E0UA6C,5.0,1
B003E0U7P6,5.0,1
B003E0T68K,5.0,1
B003E0S5Q4,5.0,1
B003E0S3YS,5.0,1
B003E0KHG0,5.0,1
B003E0FYHW,5.0,1
B003E0FAIA,5.0,1
B003E0ERGQ,5.0,1
B003E0E53G,5.0,1
B003E06C2S,5.0,1
B003E051N4,5.0,1
B003DZU33S,5.0,1
B003DZNC0E,5.0,1
B003DZ8B0A,5.0,1
B003DYQAL8,5.0,1
B003DYE4UW,5.0,1
B003DXVI5C,5.0,1
B003DXSHXS,5.0,1
B003DXPQ3C,5.0,1
B003DXNSNC,4.0,1
B003DXJN7C,5.0,1
B003DXIIDW,5.0,1
B003E13RVQ,5.0,1
B003EDFJKQ,4.0,1
B003EBG4LG,5.0,1
B003EB8QRG,5.0,1
B003EB1GE6,5.0,1
B003EB14UM,5.0,1
B003EAU8RI,5.0,1
B003EAIU6O,5.0,1
B003EA4GKI,5.0,1
B003E9TZ2I,5.0,1
B003E8N5HK,4.0,1
B003E8CGH0,5.0,1
B003E88YB2,5.0,1
B003E85IUM,5.0,1
B003E83CNC,5.0,1
B003E81ES2,5.0,1
B003E7UNHQ,5.0,1
B003E77S92,5.0,1
B003E770ZE,5.0,1
B003E734AY,5.0,1
B003E71NKW,4.0,1
B003E6ZRG4,5.0,1
B003ECQCDA,5.0,1
B003ED7U6M,5.0,1
B003EDFJHY,4.0,1
B003EDFJCO,5.0,1
B003EDDHGO,5.0,1
B003EDBFZY,5.0,1
B003EDBF9U,4.0,1
B003EDA10E,4.0,1
B003ED9TA2,5.0,1
B003ED9SW6,5.0,1
B003ED7UQC,5.0,1
B003ED7UK8,5.0,1
B003ED7UC6,4.0,1
B003E6ZFSE,5.0,1
B003E6V3LW,4.0,1
B003E14DNW,5.0,1
B003E1GSDU,5.0,1
B003E1GN3K,4.0,1
B003E1F7S2,5.0,1
B003E1EUHQ,4.0,1
B003E1EPMQ,5.0,1
B003E1CWT4,5.0,1
B003E1AV2O,5.0,1
B003E19I50,5.0,1
B003E180BI,5.0,1
B003E17O6U,5.0,1
B003E1771M,5.0,1
B003E16ON4,5.0,1
B003E16MOU,5.0,1
B003E16M04,5.0,1
B003E16BK0,5.0,1
B003E16B5K,5.0,1
B003E1600G,5.0,1
B003E15ZXE,5.0,1
B003E15Y4Y,5.0,1
B003E15UES,5.0,1
B003E1583G,5.0,1
B003E1569C,5.0,1
B003E155DY,5.0,1
B003E154NA,5.0,1
B003E14WWY,5.0,1
B003E14VP2,4.0,1
B003E14MP6,5.0,1
B003E14GRA,5.0,1
B003E1GRDQ,4.0,1
B003E1GTKM,5.0,1
B003E1H406,4.0,1
B003E6PQ1A,5.0,1
B003E6PDK4,5.0,1
B003E6GVDC,5.0,1
B003E6CK5U,4.0,1
B003E6C8IY,5.0,1
B003E6956C,5.0,1
B003E5TRRK,5.0,1
B003E5S410,5.0,1
B003E3DKRA,4.0,1
B003E3B9B4,5.0,1
B003E39KWY,5.0,1
B003E27R8O,4.0,1
B003E25JFC,4.0,1
B003E24Y4O,5.0,1
B003E1VWZ4,5.0,1
B003E1RVWW,5.0,1
B003E1K78M,4.0,1
B003E1K75U,5.0,1
B003E1J97C,5.0,1
B003E1IUNQ,5.0,1
B003E1IRSO,5.0,1
B0030VQR08,5.0,1
B002E4ZPVO,5.0,1
B002NCLWR8,5.0,1
B002NDMVEK,5.0,1
B002NDMOZ6,5.0,1
B002NDJC4W,5.0,1
B002NCVJMG,5.0,1
B002NCVJEY,5.0,1
B002NCTFEA,5.0,1
B002NCTES2,4.0,1
B002NCREHU,5.0,1
B002NCPBUC,5.0,1
B002NCP8UU,5.0,1
B002NCNOGK,4.0,1
B002NCMJ20,5.0,1
B002MWXSQ2,4.0,1
B002NCLUDE,4.0,1
B002NCKR5Q,5.0,1
B002NCJOOG,5.0,1
B002NCHIZS,4.0,1
B002NC774A,5.0,1
B002NBZJIW,4.0,1
B002NBT5N2,5.0,1
B002NBSQUK,5.0,1
B002NBIIMQ,5.0,1
B002NBEYNI,5.0,1
B002N928B0,5.0,1
B002N92644,5.0,1
B002NDN248,5.0,1
B002NECFS6,4.0,1
B002NEDGTI,5.0,1
B002NKMG8O,4.0,1
B002NKM81O,4.0,1
B002NJMK1I,5.0,1
B002NJFGAK,5.0,1
B002NJDY8Q,4.0,1
B002NJBPG4,5.0,1
B002NJB0BO,5.0,1
B002NI44Q8,5.0,1
B002NHA75G,5.0,1
B002NH9CXY,5.0,1
B002NH8OMY,5.0,1
B002NH6N9A,5.0,1
B002NH2OTI,5.0,1
B002NGX0QA,5.0,1
B002NGOKDM,5.0,1
B002NGOCVM,5.0,1
B002NGMF70,5.0,1
B002NGL2D8,5.0,1
B002NGJI8Y,5.0,1
B002NGFWGG,4.0,1
B002NG81KU,5.0,1
B002NG81K0,5.0,1
B002NF0PBY,5.0,1
B002NEJ2DW,5.0,1
B002NEJ0DY,5.0,1
B002N6X83A,5.0,1
B002N1MZ48,4.0,1
B002N0F1Y0,5.0,1
B002MZTVR4,5.0,1
B002MZTI6I,5.0,1
B002MZRSZG,5.0,1
B002MZPY02,5.0,1
B002MZKOSY,5.0,1
B002MYILXA,5.0,1
B002MYGZ74,5.0,1
B002MYDCN4,5.0,1
B002MYC7XA,5.0,1
B002MYBFI8,5.0,1
B002MXVD90,5.0,1
B002MXFHS8,5.0,1
B002MX1CWS,5.0,1
B002MX1B0Q,5.0,1
B002MX1AZW,4.0,1
B002MX18YK,5.0,1
B002MX180Y,5.0,1
B002MX1552,5.0,1
B002MWZJFA,5.0,1
B002MWZFV8,5.0,1
B002N28WOE,4.0,1
B002N6NY6G,5.0,1
B002N2SZFU,5.0,1
B002N6B9WC,4.0,1
B002N5U6R2,5.0,1
B002N5MKLM,5.0,1
B002N5MKJO,5.0,1
B002N5MKGC,5.0,1
B002N5MKG2,4.0,1
B002N5MKFI,5.0,1
B002N5MK6M,5.0,1
B002N5MK3K,5.0,1
B002N5MK2Q,5.0,1
B002N5MK0I,5.0,1
B002N5MI78,4.0,1
B002N5MI1E,4.0,1
B002N4S5NK,5.0,1
B002N4II2I,5.0,1
B002N4AQWI,5.0,1
B002N46WHG,5.0,1
B002N42VIU,5.0,1
B002N42R0W,5.0,1
B002N3GL64,5.0,1
B002N38SE2,5.0,1
B002N31UCO,5.0,1
B002N2XR8K,5.0,1
B002N2UKQM,4.0,1
B002N2U7VK,5.0,1
B002NKMG98,5.0,1
B002NKMGAW,5.0,1
B002NKOWMC,5.0,1
B002O4LLGM,5.0,1
B002O46SW4,5.0,1
B002O1U0DA,5.0,1
B002O1EZHC,5.0,1
B002O0YCWQ,5.0,1
B002O0MMAA,4.0,1
B002O0MGQU,5.0,1
B002O0A2V6,5.0,1
B002O09F2I,5.0,1
B002O06CYM,4.0,1
B002O04IYI,5.0,1
B002O0085Q,5.0,1
B002NZUH76,5.0,1
B002NZPE8I,5.0,1
B002NZN9FS,4.0,1
B002NZ8C7I,5.0,1
B002NYPZDI,5.0,1
B002NYNWKQ,5.0,1
B002NYGGA4,4.0,1
B002NYFZYW,5.0,1
B002NY1HAI,5.0,1
B002NXU6Z6,5.0,1
B002NXO7LU,4.0,1
B002NX4E9A,4.0,1
B002NX0T7Q,5.0,1
B002NX0T3A,5.0,1
B002O4KUNW,5.0,1
B002O4MPQC,5.0,1
B002NX0NU4,5.0,1
B002OEBQW6,4.0,1
B002ODLQ0Y,5.0,1
B002ODC89M,4.0,1
B002ODC4IC,5.0,1
B002OD4ON0,5.0,1
B002OD36QQ,5.0,1
B002OCK98U,5.0,1
B002OCGVKK,4.0,1
B002OC8Q3A,5.0,1
B002OBWOMA,5.0,1
B002OBIUF0,4.0,1
B002OBBY7Q,5.0,1
B002O8QSVQ,5.0,1
B002O7BC3Q,5.0,1
B002O78KRW,5.0,1
B002O61J0I,5.0,1
B002O5YM9E,5.0,1
B002O5YH12,5.0,1
B002O5WEIK,5.0,1
B002O5DWD6,4.0,1
B002O4REFE,5.0,1
B002O4OGNW,5.0,1
B002NX0SVI,5.0,1
B002NWXWPS,4.0,1
B002NL6EZE,4.0,1
B002NR5XPK,5.0,1
B002NQGH9W,5.0,1
B002NQ8EAW,5.0,1
B002NPBRCU,4.0,1
B002NP861K,5.0,1
B002NP6GJY,5.0,1
B002NOQUWS,4.0,1
B002NNTHIS,5.0,1
B002NNPF2K,5.0,1
B002NNAPAM,5.0,1
B002NN9DRI,5.0,1
B002NN63UI,5.0,1
B002NMT7MU,5.0,1
B002NMOA6S,5.0,1
B002NLZTX2,5.0,1
B002NLUDQA,5.0,1
B002NLSUUG,4.0,1
B002NLR99Y,5.0,1
B002NLPQWQ,5.0,1
B002NLO8CA,4.0,1
B002NLN11Y,5.0,1
B002NLK33S,5.0,1
B002NL9H30,5.0,1
B002NL7HXM,4.0,1
B002NL6VGQ,4.0,1
B002NR8J2E,5.0,1
B002NWXD0M,4.0,1
B002NRBWX2,5.0,1
B002NWT41O,5.0,1
B002NWSOQU,5.0,1
B002NWS8QQ,5.0,1
B002NWOCFW,5.0,1
B002NWFM3I,5.0,1
B002NV9CCG,4.0,1
B002NV85EM,4.0,1
B002NV2R2I,5.0,1
B002NUT5OM,4.0,1
B002NU6IKG,5.0,1
B002NU67YI,5.0,1
B002NU67X4,5.0,1
B002NU67SY,5.0,1
B002NU67KW,4.0,1
B002NTKOVQ,5.0,1
B002NTGOQA,5.0,1
B002NSBVLY,5.0,1
B002NS8H02,5.0,1
B002NS42RY,4.0,1
B002NRM7TA,4.0,1
B002MWZFH2,5.0,1
B002MWXQ0A,5.0,1
B002LMN8H2,5.0,1
B002LMTPS8,4.0,1
B002LMTO7U,5.0,1
B002LMSRIM,5.0,1
B002LMRMS8,4.0,1
B002LMQHIE,5.0,1
B002LMQAZO,5.0,1
B002LMPZUA,5.0,1
B002LMPEZ6,5.0,1
B002LMORP4,5.0,1
B002LMORC2,4.0,1
B002LMOLVY,5.0,1
B002LMNE4O,5.0,1
B002LMN8QI,5.0,1
B002LMN4OO,5.0,1
B002MWXMT0,5.0,1
B002LMMNVO,5.0,1
B002LMMGXE,5.0,1
B002LMMBFM,5.0,1
B002LMLQ44,5.0,1
B002LMLJXC,4.0,1
B002LML69Y,5.0,1
B002LML5HM,5.0,1
B002LML4YQ,5.0,1
B002LMK7MQ,5.0,1
B002LMK3RA,5.0,1
B002LMJNAI,5.0,1
B002LMIVNI,5.0,1
B002LMIOL2,4.0,1
B002LMHSB4,5.0,1
B002LMTRWC,5.0,1
B002LNC3Z4,5.0,1
B002LN8Y3O,5.0,1
B002LN8PNI,5.0,1
B002LN8PN8,5.0,1
B002LN6I8C,5.0,1
B002LN4U82,5.0,1
B002LN4OYM,5.0,1
B002LN3Q46,5.0,1
B002LN3B0A,5.0,1
B002LN23ZE,5.0,1
B002LN23CC,4.0,1
B002LN1WAG,4.0,1
B002LN1NJQ,5.0,1
B002LN1FJE,5.0,1
B002LN0P8Q,5.0,1
B002LN0BG2,5.0,1
B002LMZZQO,5.0,1
B002LMZZIM,5.0,1
B002LMZYCY,4.0,1
B002LMZH62,5.0,1
B002LMXTW6,5.0,1
B002LMVRRA,5.0,1
B002LMUY7O,5.0,1
B002LMHN4G,5.0,1
B002LMHIZU,5.0,1
B002LM9QKA,5.0,1
B002LM9N94,5.0,1
B002LM9GXC,5.0,1
B002LM9GUA,5.0,1
B002LM9AOC,5.0,1
B002LM82KA,5.0,1
B002LM82IM,5.0,1
B002LM81XS,5.0,1
B002LM81DS,5.0,1
B002LM7XKU,5.0,1
B002LM600O,5.0,1
B002LM5ZBO,5.0,1
B002LM5YVU,4.0,1
B002LM5QW2,5.0,1
B002LM5PXW,4.0,1
B002LM5LLI,5.0,1
B002LM5K0A,5.0,1
B002LM3WAU,5.0,1
B002LM3V8S,5.0,1
B002LM3UG6,5.0,1
B002LM3P16,5.0,1
B002LM3H6O,4.0,1
B002LM3H1E,5.0,1
B002LM9NOE,5.0,1
B002LMBD0G,5.0,1
B002LMHIOG,5.0,1
B002LMBF6I,5.0,1
B002LMHGRA,5.0,1
B002LMGTLY,5.0,1
B002LMGQ1C,5.0,1
B002LMGJJG,4.0,1
B002LMFY4W,4.0,1
B002LMFR9O,5.0,1
B002LMFBLI,5.0,1
B002LMFALO,4.0,1
B002LMEKSI,5.0,1
B002LMEA9C,5.0,1
B002LME4TI,5.0,1
B002LME45C,5.0,1
B002LME1ZU,4.0,1
B002LMDCLO,5.0,1
B002LMDBW4,5.0,1
B002LMD99O,5.0,1
B002LMD90S,5.0,1
B002LMD85O,5.0,1
B002LMD48U,5.0,1
B002LMD3O0,5.0,1
B002LMCG16,5.0,1
B002LMCFOO,5.0,1
B002LMBYMS,5.0,1
B002LMBRL6,5.0,1
B002LMBLC6,5.0,1
B002LOA3TG,5.0,1
B002LOHSJY,5.0,1
B002LQ0Y9S,5.0,1
B002MK8DS2,4.0,1
B002MJG5VU,5.0,1
B002MHVYN6,5.0,1
B002MH61UM,5.0,1
B002MH5E3C,5.0,1
B002MGPTG0,5.0,1
B002MG8WC8,5.0,1
B002MG5QMW,5.0,1
B002MFWMM0,5.0,1
B002MFSK8K,5.0,1
B002MFLWW6,5.0,1
B002MDDEZG,5.0,1
B002MDBWIM,5.0,1
B002MC2WV4,5.0,1
B002MBVUUY,5.0,1
B002MBH4X6,5.0,1
B002MBC882,5.0,1
B002MBC7TM,5.0,1
B002MA0GIC,5.0,1
B002M9YFTY,5.0,1
B002M99TQS,5.0,1
B002M89F2M,5.0,1
B002M6HFGC,5.0,1
B002M65MV2,5.0,1
B002M54PB6,5.0,1
B002M44NYG,5.0,1
B002M40WXM,5.0,1
B002MJL9CK,5.0,1
B002MKBQDG,4.0,1
B002M3ZEQ8,5.0,1
B002ML8O8K,5.0,1
B002MWVTXQ,5.0,1
B002MWU1XK,5.0,1
B002MWTYV0,5.0,1
B002MWTXTS,4.0,1
B002MWTV9A,5.0,1
B002MWTUMI,4.0,1
B002MWTU6E,5.0,1
B002MWS3H6,5.0,1
B002MWS0C4,5.0,1
B002MVSM96,5.0,1
B002MVHG9S,5.0,1
B002MVAZTG,4.0,1
B002MUVFTQ,5.0,1
B002MUQAGY,5.0,1
B002MTO364,5.0,1
B002MRIPWY,5.0,1
B002MRCBMO,5.0,1
B002MR8HHM,5.0,1
B002MQI1RY,5.0,1
B002MPD0RG,5.0,1
B002MNXXF2,5.0,1
B002MN70M4,5.0,1
B002MLQTQE,5.0,1
B002MLE20Y,4.0,1
B002MLB52M,5.0,1
B002M3UBSE,5.0,1
B002LQA4H0,5.0,1
B002LYS7GW,5.0,1
B002LYS7GC,4.0,1
B002LYS5CS,5.0,1
B002LYS3ZC,5.0,1
B002LYS28K,5.0,1
B002LYS1LS,5.0,1
B002LWJ59W,5.0,1
B002LVNEDQ,5.0,1
B002LV2EVE,5.0,1
B002LU8SV0,5.0,1
B002LTV5MA,5.0,1
B002LTRP06,5.0,1
B002LTO6EY,5.0,1
B002LTNYOM,5.0,1
B002LTLRPU,5.0,1
B002LT19X0,5.0,1
B002LRYG0A,5.0,1
B002LRSUZW,5.0,1
B002LRSRZK,5.0,1
B002LQLG2C,4.0,1
B002LQE7Z0,5.0,1
B002LYTVIA,5.0,1
B002LYW4CU,5.0,1
B002M3SOV0,5.0,1
B002LYWWNG,5.0,1
B002M301OI,5.0,1
B002M2TU64,5.0,1
B002M2T564,5.0,1
B002M2DD44,5.0,1
B002M27GDI,5.0,1
B002M239IE,4.0,1
B002M0EA0C,5.0,1
B002M08BRU,5.0,1
B002M06MGM,5.0,1
B002LZQ1RI,5.0,1
B002LZP1MY,4.0,1
B002LZ3VU8,5.0,1
B002LZ3AMC,5.0,1
B002LZ398W,4.0,1
B002LZ27CG,4.0,1
B002LZ271W,5.0,1
B002LZ1MW2,5.0,1
B002LYZGIO,5.0,1
B002LYXUNC,4.0,1
B002LYXF9Q,5.0,1
B002OEBQWQ,5.0,1
B002OEBRA2,5.0,1
B002Q80FXG,4.0,1
B002Q8U69E,5.0,1
B002Q8FZ86,5.0,1
B002Q85WFC,5.0,1
B002Q82OJE,5.0,1
B002Q82EJY,4.0,1
B002Q82CX2,5.0,1
B002Q821ME,5.0,1
B002Q81QE8,5.0,1
B002Q80KJ0,5.0,1
B002Q4UC74,5.0,1
B002Q80AGS,5.0,1
B002Q806SK,5.0,1
B002Q7ZWNU,5.0,1
B002Q7Z33Y,5.0,1
B002Q7Y5R4,5.0,1
B002Q7XWLE,5.0,1
B002Q7XTWQ,4.0,1
B002Q7XTL2,5.0,1
B002Q7WWGK,5.0,1
B002Q7WAR6,5.0,1
B002Q7VPPO,5.0,1
B002Q7V88I,4.0,1
B002QB068C,5.0,1
B002QB9KAC,5.0,1
B002QBCU4U,5.0,1
B002QDLCI8,4.0,1
B002QDLAUS,4.0,1
B002QDLA6W,5.0,1
B002QDL6LG,5.0,1
B002QDKFW2,5.0,1
B002QDKEWI,5.0,1
B002QDK072,5.0,1
B002QDCPG6,5.0,1
B002QD41CC,5.0,1
B002QCVZMM,4.0,1
B002QCK83E,5.0,1
B002QBZN3A,5.0,1
B002QBTUXO,5.0,1
B002QBT4CQ,5.0,1
B002QBRFKY,5.0,1
B002QBG5H8,5.0,1
B002Q7UJMY,5.0,1
B002Q7UJ60,5.0,1
B002Q7UIRA,5.0,1
B002Q65KWY,4.0,1
B002Q65358,5.0,1
B002Q63UPS,5.0,1
B002Q63KS0,5.0,1
B002Q623DI,4.0,1
B002Q61Q86,5.0,1
B002Q61FE6,5.0,1
B002Q5Y5NU,4.0,1
B002Q5V0I8,5.0,1
B002Q5TUH6,5.0,1
B002Q5OILO,5.0,1
B002Q5MPR8,4.0,1
B002Q5KPAC,5.0,1
B002Q5DAB8,5.0,1
B002Q56OSY,5.0,1
B002Q53388,4.0,1
B002Q52O8S,5.0,1
B002Q52NL6,5.0,1
B002Q4X4KG,5.0,1
B002Q4UCJW,5.0,1
B002Q4UCII,5.0,1
B002Q4UCHY,5.0,1
B002Q678JW,5.0,1
B002Q7UHZI,5.0,1
B002Q67KIQ,5.0,1
B002Q7U87A,5.0,1
B002Q7U74E,5.0,1
B002Q7U6BS,4.0,1
B002Q7SZCA,5.0,1
B002Q7SKG6,5.0,1
B002Q7S746,5.0,1
B002Q7S3NQ,5.0,1
B002Q7RRVK,5.0,1
B002Q7RNAA,5.0,1
B002Q7OIQW,5.0,1
B002Q7MD3C,5.0,1
B002Q7L6TY,5.0,1
B002Q7KARS,5.0,1
B002Q7K3L6,5.0,1
B002Q774DG,4.0,1
B002Q74DNU,5.0,1
B002Q70QHM,5.0,1
B002Q6X7DI,5.0,1
B002Q6RYT6,5.0,1
B002Q6NUTY,4.0,1
B002Q6N64S,4.0,1
B002Q6LFVY,5.0,1
B002Q6A880,5.0,1
B002Q699JO,5.0,1
B002QDM6DS,5.0,1
B002QDN98O,5.0,1
B002QIAEF0,5.0,1
B002QI8J2K,5.0,1
B002QI7XBS,5.0,1
B002QI6MLK,5.0,1
B002QI6JWW,4.0,1
B002QI6JVS,4.0,1
B002QI6JE0,5.0,1
B002QI636E,5.0,1
B002QI4R9E,4.0,1
B002QI2WCS,4.0,1
B002QI2UA2,5.0,1
B002QI2TEO,4.0,1
B002QI1ET0,5.0,1
B002QI1E1I,5.0,1
B002QI0CUM,5.0,1
B002QHFK6Y,5.0,1
B002QH7CDI,4.0,1
B002QGIEH2,5.0,1
B002QGEMQ4,5.0,1
B002QGCQOE,5.0,1
B002QG8R4W,5.0,1
B002QFWTSS,4.0,1
B002QFW4OM,5.0,1
B002QFAWOQ,5.0,1
B002QF1V0A,5.0,1
B002QI8JDO,5.0,1
B002QJIZZU,5.0,1
B002QJLPXY,5.0,1
B002QTNNI4,4.0,1
B002QTLNNG,5.0,1
B002QTLNI6,4.0,1
B002QS5TJQ,5.0,1
B002QQXUEE,5.0,1
B002QPDESW,5.0,1
B002QOVVNS,5.0,1
B002QNY2P8,5.0,1
B002QNFZLS,5.0,1
B002QNAFVI,5.0,1
B002QN2JD0,5.0,1
B002QMYSK8,5.0,1
B002QMEC72,5.0,1
B002QM9OS4,5.0,1
B002QM4W0O,5.0,1
B002QM2SLY,5.0,1
B002QM2PHQ,5.0,1
B002QM0UBE,5.0,1
B002QLTJZ8,5.0,1
B002QKVXQ2,5.0,1
B002QKUQGK,4.0,1
B002QKEC6U,4.0,1
B002QJZ9D6,5.0,1
B002QENNLQ,5.0,1
B002QEH9UC,5.0,1
B002QDN9B6,5.0,1
B002QDVEVI,5.0,1
B002QDV2NS,5.0,1
B002QDUTN2,5.0,1
B002QDUKZ4,5.0,1
B002QDU6Z8,5.0,1
B002QDU6J4,5.0,1
B002QDU5H2,5.0,1
B002QDTW3K,5.0,1
B002QDTR6W,4.0,1
B002QDRVD8,5.0,1
B002QDRJ5S,5.0,1
B002QDRHTG,4.0,1
B002QDQX1E,4.0,1
B002QDQF5S,5.0,1
B002QDPVCG,5.0,1
B002QDPLXA,5.0,1
B002QDP3TM,5.0,1
B002QDONI4,5.0,1
B002QDNGSC,4.0,1
B002QDN9KC,5.0,1
B002QDVER2,5.0,1
B002QDWJPS,5.0,1
B002QEH9R0,5.0,1
B002QDWYNK,5.0,1
B002QEFM3I,5.0,1
B002QE7GDC,5.0,1
B002QE710K,5.0,1
B002QE5922,4.0,1
B002QE55DU,5.0,1
B002QE4YHS,5.0,1
B002QE4PKY,5.0,1
B002QE43D8,5.0,1
B002QE3384,5.0,1
B002QE2PZQ,5.0,1
B002QE1ZIO,5.0,1
B002QE0UEO,5.0,1
B002QE0PV2,4.0,1
B002QE0PNA,5.0,1
B002QE004E,5.0,1
B002QDZYS2,5.0,1
B002QDYKS2,4.0,1
B002QDY65O,5.0,1
B002QDY0SW,5.0,1
B002QDY02S,5.0,1
B002QDXI0S,4.0,1
B002Q4UC92,5.0,1
B002Q4UC4M,5.0,1
B002OEBRBG,5.0,1
B002P22QJE,5.0,1
B002P19NWS,5.0,1
B002OXS4U4,4.0,1
B002OW5N7M,5.0,1
B002OVSGMC,4.0,1
B002OVNXEI,5.0,1
B002OVL8UY,5.0,1
B002OVAS96,5.0,1
B002OVAS8W,5.0,1
B002OV8RBW,5.0,1
B002OV6ZHA,5.0,1
B002OUSKT2,5.0,1
B002Q4UBVG,4.0,1
B002OU7NJK,5.0,1
B002OU6J5E,5.0,1
B002OU0MU2,5.0,1
B002OTCVI4,5.0,1
B002OTAASM,5.0,1
B002OSX85K,5.0,1
B002OSWT46,4.0,1
B002OSWSZG,5.0,1
B002OSWSXS,4.0,1
B002OSR1Q2,4.0,1
B002OSFX1C,5.0,1
B002OSFCNG,5.0,1
B002P31ZEK,5.0,1
B002P35U9Q,5.0,1
B002P9O1FE,5.0,1
B002P9LOZY,5.0,1
B002P94TXS,5.0,1
B002P8WRW4,5.0,1
B002P8C3HS,5.0,1
B002P88BME,5.0,1
B002P87X2S,5.0,1
B002P757GS,5.0,1
B002P6EYM2,5.0,1
B002P66358,5.0,1
B002P63NHY,5.0,1
B002P626CM,4.0,1
B002P5YRLG,4.0,1
B002P5YN6A,5.0,1
B002P5WGF0,4.0,1
B002P5VOFI,5.0,1
B002P5GY44,4.0,1
B002P50ZP8,5.0,1
B002P4WR1O,5.0,1
B002P406O4,5.0,1
B002P3X0FM,5.0,1
B002P3K6LS,4.0,1
B002P3AI6G,4.0,1
B002OSDICS,5.0,1
B002OS82VK,5.0,1
B002OS7KNG,5.0,1
B002OHY9NQ,4.0,1
B002OHR1QS,4.0,1
B002OHQZME,5.0,1
B002OHQO66,4.0,1
B002OHH4U6,5.0,1
B002OHDKXQ,5.0,1
B002OH4X4Q,5.0,1
B002OH41D4,5.0,1
B002OG8USC,4.0,1
B002OG70ZG,5.0,1
B002OFZ70M,5.0,1
B002OFUOEG,5.0,1
B002OFT7Z8,5.0,1
B002OFRW0A,5.0,1
B002OFI5Y2,5.0,1
B002OF0FT0,5.0,1
B002OEC7EW,5.0,1
B002OEC7DI,5.0,1
B002OEC70G,5.0,1
B002OEC6Y8,5.0,1
B002OEC6WU,5.0,1
B002OEBZ7C,5.0,1
B002OEBYWI,4.0,1
B002OIFOQ6,5.0,1
B002OJBK18,5.0,1
B002OS33F0,5.0,1
B002OS1PT6,5.0,1
B002OS08QW,5.0,1
B002ORVRL8,5.0,1
B002OQ7HSG,5.0,1
B002OPZEJQ,4.0,1
B002OPXLUU,5.0,1
B002OPMMT6,5.0,1
B002OOWLUC,4.0,1
B002OOTFBA,4.0,1
B002ONZ204,5.0,1
B002ONYJQ2,5.0,1
B002ONUKI8,5.0,1
B002ONTR8M,5.0,1
B002OMY9OK,5.0,1
B002OM39XC,5.0,1
B002OLKANU,5.0,1
B002OL5TLI,5.0,1
B002OKZU40,5.0,1
B002OKYAQO,5.0,1
B002OKNPQA,5.0,1
B002OKNBRI,5.0,1
B002OKFBUS,5.0,1
B002P9ZH66,5.0,1
B002PAIICA,5.0,1
B002PAT9ZA,5.0,1
B002PXRQAC,5.0,1
B002PWZ8OO,5.0,1
B002PWH1YE,4.0,1
B002PWFGEG,5.0,1
B002PVTOWC,5.0,1
B002PVQSHQ,5.0,1
B002PVCE2E,5.0,1
B002PV041C,5.0,1
B002PUX3XO,5.0,1
B002PUUXY6,4.0,1
B002PUOXTW,5.0,1
B002PUEWX4,5.0,1
B002PTTQZO,4.0,1
B002PTSKRO,4.0,1
B002PTSKR4,5.0,1
B002PTR99E,4.0,1
B002PTLL20,5.0,1
B002PTIAE2,5.0,1
B002PSK9MO,5.0,1
B002PS83S6,5.0,1
B002PS0R2G,5.0,1
B002PR53HQ,5.0,1
B002PQT1NE,5.0,1
B002PQP9Z8,4.0,1
B002PQP9YE,5.0,1
B002PQ3PMW,5.0,1
B002PX2QS4,5.0,1
B002PXUATQ,5.0,1
B002PXYERA,5.0,1
B002Q4MHIQ,5.0,1
B002Q483KW,5.0,1
B002Q3IREK,5.0,1
B002Q3950K,5.0,1
B002Q2NK7A,5.0,1
B002Q2KDU2,4.0,1
B002Q2J060,5.0,1
B002Q2FAN2,5.0,1
B002Q1XS0A,5.0,1
B002Q1VP0K,5.0,1
B002Q1HULS,5.0,1
B002Q1EKXE,5.0,1
B002Q0K3IG,4.0,1
B002PZN87U,5.0,1
B002PZJMUC,4.0,1
B002PZGAXY,5.0,1
B002PZEARM,5.0,1
B002PZCNGM,5.0,1
B002PZAC74,5.0,1
B002PZ997S,5.0,1
B002PYE48I,5.0,1
B002PY8RCW,5.0,1
B002PY3RYA,5.0,1
B002PY3RW2,4.0,1
B002PY1XPA,5.0,1
B002PNZEKQ,5.0,1
B002PAZZS0,5.0,1
B002PIVDI8,5.0,1
B002PIIUA2,5.0,1
B002PIFHHG,5.0,1
B002PIASDE,5.0,1
B002PI5P0U,5.0,1
B002PHV2TE,5.0,1
B002PHRLEY,5.0,1
B002PHN5P8,5.0,1
B002PHN5NU,5.0,1
B002PHN5NA,5.0,1
B002PHH7TI,5.0,1
B002PGX1TE,5.0,1
B002PFFTOK,5.0,1
B002PF32FI,5.0,1
B002PF1QR4,4.0,1
B002PEFWQ6,5.0,1
B002PEFDZ6,5.0,1
B002PDEEEI,5.0,1
B002PCUIXU,5.0,1
B002PCUHXQ,5.0,1
B002PCSGCK,5.0,1
B002PBJ9QI,5.0,1
B002PBET36,4.0,1
B002PBBDSU,5.0,1
B002PB617S,5.0,1
B002PIY2EU,5.0,1
B002PJ3CAO,5.0,1
B002PNY5YM,5.0,1
B002PJ8236,4.0,1
B002PNUZB4,5.0,1
B002PNQZI6,5.0,1
B002PNMQ8E,5.0,1
B002PNHM06,5.0,1
B002PNHAK8,5.0,1
B002PNH5Z8,5.0,1
B002PNBGEE,5.0,1
B002PMMKZ4,5.0,1
B002PMMKYU,5.0,1
B002PML1JU,4.0,1
B002PM8JX6,5.0,1
B002PLW0VY,5.0,1
B002PL8V6C,4.0,1
B002PKEMI4,5.0,1
B002PKB610,4.0,1
B002PK50NU,5.0,1
B002PK4E5A,4.0,1
B002PJOW1C,4.0,1
B002PJMYTO,4.0,1
B002PJC412,5.0,1
B002LM3G1K,5.0,1
B002LM2MMY,5.0,1
B002GQ8VFM,5.0,1
B002GW0RAI,5.0,1
B002GV1YFG,4.0,1
B002GTCJZ2,5.0,1
B002GT4VI0,5.0,1
B002GT4VC6,4.0,1
B002GSDS4Y,5.0,1
B002GQSHBU,5.0,1
B002GQQ9C4,5.0,1
B002GQOIA4,4.0,1
B002GQJPXO,5.0,1
B002GQFPOW,5.0,1
B002GQ9AIY,5.0,1
B002GQ50WY,5.0,1
B002G4S1SQ,4.0,1
B002GQ3S7S,5.0,1
B002GQ3F3U,5.0,1
B002GQ1IHA,5.0,1
B002GQ12QM,5.0,1
B002GQ12JY,4.0,1
B002GPZRCI,4.0,1
B002GPZE8U,5.0,1
B002GPXB7Q,5.0,1
B002GPODRS,5.0,1
B002GPIIG0,5.0,1
B002GPFX2M,5.0,1
B002GP94BI,5.0,1
B002GP80EK,5.0,1
B002GWC4IQ,5.0,1
B002GWM666,5.0,1
B002GWOF8I,5.0,1
B002H0P7RM,5.0,1
B002H0OR2S,5.0,1
B002H0DDUU,5.0,1
B002H0D6MK,4.0,1
B002H03ER2,4.0,1
B002H00AVU,5.0,1
B002H005OW,5.0,1
B002H00092,4.0,1
B002GZZZIO,5.0,1
B002GZY2K6,5.0,1
B002GZW7RG,5.0,1
B002GZW5PU,5.0,1
B002GZU53E,5.0,1
B002GZS0NG,4.0,1
B002GZRYJM,5.0,1
B002GZRWYY,5.0,1
B002GZRSW0,5.0,1
B002GZRPJ6,4.0,1
B002GZQOWU,4.0,1
B002GZQDOY,5.0,1
B002GZMWPI,5.0,1
B002GYFQX4,5.0,1
B002GOWEQG,4.0,1
B002GF74AQ,5.0,1
B002GF6N9Y,4.0,1
B002GEUDPK,5.0,1
B002GEIE8I,5.0,1
B002GDQOMW,4.0,1
B002GCXRU0,5.0,1
B002GCISWC,5.0,1
B002GCIQYW,5.0,1
B002GCDR3C,4.0,1
B002GCDDPO,5.0,1
B002GCD7PU,5.0,1
B002G9TUK4,5.0,1
B002G9MQ00,5.0,1
B002G9J54A,5.0,1
B002G9GVK6,5.0,1
B002G98QBI,5.0,1
B002G7M6CU,5.0,1
B002G7H1MA,5.0,1
B002G6Z1PK,5.0,1
B002G69MVY,5.0,1
B002GH78ZA,5.0,1
B002GOWEI4,5.0,1
B002GOJPEA,5.0,1
B002GOI302,5.0,1
B002GOHKII,5.0,1
B002GOHIOY,4.0,1
B002GNVCCY,5.0,1
B002GMAA6Y,5.0,1
B002GM7YUY,5.0,1
B002GKPV3I,5.0,1
B002GKPS9K,5.0,1
B002GKGLAK,5.0,1
B002GK7CSA,4.0,1
B002GK79EC,5.0,1
B002GJZFBC,5.0,1
B002GJXHJE,5.0,1
B002GJVNZY,5.0,1
B002GJQH9G,5.0,1
B002GJMP0Q,5.0,1
B002GJFGIY,5.0,1
B002GJEQCG,5.0,1
B002GJ0IIM,4.0,1
B002GIZWHA,5.0,1
B002GIXGHS,5.0,1
B002H0RNS8,5.0,1
B002H0WLFI,4.0,1
B002H1IEVW,4.0,1
B002HM13YQ,5.0,1
B002HLWFDK,5.0,1
B002HKIGN4,5.0,1
B002HK2GJY,5.0,1
B002HJQ5BA,4.0,1
B002HJNSWE,5.0,1
B002HJNDW4,5.0,1
B002HJLZ92,5.0,1
B002HJ88DS,5.0,1
B002HJ64MK,4.0,1
B002HIX4FQ,5.0,1
B002HIORIY,5.0,1
B002HIAGG6,4.0,1
B002HIA13Y,5.0,1
B002HHOLRW,5.0,1
B002HHIZ7O,5.0,1
B002HHIYVQ,5.0,1
B002HHIYTS,5.0,1
B002HHHLR4,5.0,1
B002HHHL8S,5.0,1
B002HHHKTI,5.0,1
B002HHFHYI,5.0,1
B002HLZVFO,5.0,1
B002HM1Q4S,5.0,1
B002HHDKZ6,5.0,1
B002HM1TJK,4.0,1
B002HSSCQ2,5.0,1
B002HSS8XY,5.0,1
B002HSQHKK,5.0,1
B002HREPGE,5.0,1
B002HQR9N6,5.0,1
B002HQNU2A,5.0,1
B002HQKEFQ,5.0,1
B002HPLBOA,5.0,1
B002HP6QUO,5.0,1
B002HOH5OG,5.0,1
B002HO017O,5.0,1
B002HNLNPY,4.0,1
B002HNJK8G,5.0,1
B002HNJC52,4.0,1
B002HM5CWU,5.0,1
B002HM5CIY,5.0,1
B002HM5C2A,5.0,1
B002HM5BPI,5.0,1
B002HM3GBO,5.0,1
B002HH151M,5.0,1
B002HEL0QK,5.0,1
B002HDX1TK,5.0,1
B002HCRGEC,4.0,1
B002H9Y986,5.0,1
B002H9STJQ,5.0,1
B002H9SFDQ,5.0,1
B002H9N02M,5.0,1
B002H9K45S,5.0,1
B002H6YS1W,5.0,1
B002H6X6SI,5.0,1
B002H6SWQE,5.0,1
B002H6STYY,5.0,1
B002H6SSWW,5.0,1
B002H6RI5U,4.0,1
B002H6RDUU,4.0,1
B002H6P5GO,4.0,1
B002H6P528,5.0,1
B002H6P4P6,4.0,1
B002H6P0JQ,5.0,1
B002H3W40M,5.0,1
B002H3KWT2,5.0,1
B002H3JGVM,5.0,1
B002HE9F76,5.0,1
B002HEW7ZS,5.0,1
B002HGDM0K,5.0,1
B002HEW81Q,5.0,1
B002HGDINQ,5.0,1
B002HGDH8W,5.0,1
B002HGBQ5I,4.0,1
B002HGBNII,5.0,1
B002HG9W3Q,5.0,1
B002HG9SMQ,5.0,1
B002HG7RQ0,5.0,1
B002HG7MLK,5.0,1
B002HG5YJ2,5.0,1
B002HG4L9G,5.0,1
B002HG4KCO,5.0,1
B002HG2X0K,5.0,1
B002HFZCOU,5.0,1
B002HFYJCG,5.0,1
B002HFSH7E,5.0,1
B002HFOMQO,4.0,1
B002HFMVDK,5.0,1
B002HFL46A,5.0,1
B002HFDZVC,4.0,1
B002HF0Q46,5.0,1
B002HF0K6A,5.0,1
B002HF0858,5.0,1
B002HEW8PW,4.0,1
B002HEW8DY,4.0,1
B002HEW8CU,4.0,1
B002G5328E,5.0,1
B002EPDGH8,5.0,1
B002ES3AWQ,5.0,1
B002ES2S10,5.0,1
B002ERXEU0,5.0,1
B002ERSKKY,5.0,1
B002ERFDV8,5.0,1
B002EQWI8A,5.0,1
B002EQCLHS,5.0,1
B002EQ948C,5.0,1
B002EPZKGI,5.0,1
B002EPY9L0,5.0,1
B002EPFA6I,5.0,1
B002G4HA88,4.0,1
B002EOSVUQ,5.0,1
B002ENRXD8,5.0,1
B002EN11HM,5.0,1
B002ELLJIA,5.0,1
B002ELKCFG,5.0,1
B002ELDQ0Y,5.0,1
B002ELD1IG,5.0,1
B002EL4SN8,4.0,1
B002EKWJXK,5.0,1
B002EJJ67S,5.0,1
B002EJ1U22,5.0,1
B002ES7JQY,5.0,1
B002ESPIEY,5.0,1
B002ESURM2,5.0,1
B002F3XJ30,5.0,1
B002F3XFQ6,5.0,1
B002F3X7X2,5.0,1
B002F3TKP6,5.0,1
B002F3R4RM,5.0,1
B002F3BP36,5.0,1
B002F3ALAE,5.0,1
B002F34WRW,5.0,1
B002F3011I,5.0,1
B002F0J1EY,5.0,1
B002EZMXWW,5.0,1
B002EZH3ZE,4.0,1
B002EY3J2Q,5.0,1
B002EX7M7K,4.0,1
B002EX6EXS,5.0,1
B002EIOFKM,5.0,1
B002EIK1JQ,5.0,1
B002EIJT76,5.0,1
B002ECOD50,4.0,1
B002ECF8FE,5.0,1
B002EC34BE,5.0,1
B002EC06TM,5.0,1
B002EBKW2O,4.0,1
B002EBEWP2,5.0,1
B002EBEWJI,5.0,1
B002EAWY12,5.0,1
B002EAV9IQ,5.0,1
B002EANR7M,5.0,1
B002EAEFXW,5.0,1
B002EACYIK,5.0,1
B002EA44XI,5.0,1
B002E9VJMS,5.0,1
B002E9MGBQ,5.0,1
B002E9IQRY,5.0,1
B002E9A1EA,5.0,1
B002E76UVU,5.0,1
B002E6O7L6,5.0,1
B002E5S43O,5.0,1
B002E5M91M,5.0,1
B002E5ICXQ,5.0,1
B002E4ZPWI,5.0,1
B002ECO3Z0,5.0,1
B002ECX3HY,5.0,1
B002ED0ABU,5.0,1
B002EHYTBS,5.0,1
B002EHIH8O,5.0,1
B002EHH3WA,5.0,1
B002EHG4KC,5.0,1
B002EHEZ4Y,5.0,1
B002EHBLVE,5.0,1
B002EHBKZ6,5.0,1
B002EHBKPG,5.0,1
B002EH9E1I,5.0,1
B002EH9D0A,5.0,1
B002EEEWRM,5.0,1
B002EDVF3C,5.0,1
B002EDTY9O,5.0,1
B002EDRJ0K,5.0,1
B002EDRICO,5.0,1
B002EDM0GS,5.0,1
B002ED83BY,5.0,1
B002ED7SEW,5.0,1
B002ED6F50,5.0,1
B002ED67QM,4.0,1
B002ED51B4,5.0,1
B002ED28UQ,4.0,1
B002ED0RGS,5.0,1
B002F40F54,5.0,1
B002F4XRO0,5.0,1
B002FVZ5LG,5.0,1
B002FVR2LW,5.0,1
B002FURBXW,4.0,1
B002FSRMEW,5.0,1
B002FSLD2E,4.0,1
B002FRQ5PK,5.0,1
B002FRO1DI,5.0,1
B002FRK8LM,5.0,1
B002FRINPU,5.0,1
B002FRIEQI,4.0,1
B002FQE6K2,5.0,1
B002FQ816C,5.0,1
B002FQ4PJE,5.0,1
B002FQ0PUM,5.0,1
B002FPX11S,5.0,1
B002FPTT3W,5.0,1
B002FPKX7I,5.0,1
B002FP7RPO,5.0,1
B002FOYZ5U,4.0,1
B002FOSTMK,5.0,1
B002FOQTMC,5.0,1
B002FOQPNK,5.0,1
B002FOHT94,5.0,1
B002FOHSVS,5.0,1
B002FOEHBW,5.0,1
B002FVR6D6,5.0,1
B002FW19CE,4.0,1
B002FKZ7BK,5.0,1
B002FW2IUQ,5.0,1
B002G3PTJQ,5.0,1
B002G3NL0U,5.0,1
B002G10L32,5.0,1
B002G0WQXG,5.0,1
B002G0UZM0,5.0,1
B002G0UYHG,4.0,1
B002G0T7OM,4.0,1
B002G08TBO,5.0,1
B002FZOXRO,5.0,1
B002FZOK7C,5.0,1
B002FZO12G,5.0,1
B002FZHGE6,5.0,1
B002FZH6PK,5.0,1
B002FZDIMU,4.0,1
B002FZAIT6,5.0,1
B002FZA9B8,5.0,1
B002FZ8KZK,5.0,1
B002FZ4MDO,5.0,1
B002FX595Q,4.0,1
B002FX1K72,4.0,1
B002FW6WP8,5.0,1
B002FOAWAC,4.0,1
B002FKX27G,5.0,1
B002F57QEQ,5.0,1
B002FA0F30,4.0,1
B002F90RPC,4.0,1
B002F8XFQG,5.0,1
B002F8MBUM,5.0,1
B002F8MB7U,5.0,1
B002F8I8S6,5.0,1
B002F8E5T2,5.0,1
B002F8DXZE,5.0,1
B002F8DVEW,5.0,1
B002F8CXP0,5.0,1
B002F8BQ3A,5.0,1
B002F8A2US,5.0,1
B002F885KW,5.0,1
B002F87DSC,5.0,1
B002F85WGC,5.0,1
B002F85JD8,5.0,1
B002F85IVQ,5.0,1
B002F7VVG8,5.0,1
B002F6QQYQ,5.0,1
B002F5C2H2,4.0,1
B002F5BVNI,5.0,1
B002F9ZF54,5.0,1
B002FAVO4O,4.0,1
B002FKWZ0G,5.0,1
B002FKUZ80,4.0,1
B002FKT0MC,4.0,1
B002FKLOWQ,5.0,1
B002FKDFU0,4.0,1
B002FKCQLO,5.0,1
B002FK93RE,5.0,1
B002FK2YZW,5.0,1
B002FK17BE,4.0,1
B002FIZHTO,5.0,1
B002FI4YRK,5.0,1
B002FHTE12,5.0,1
B002FHHSTC,5.0,1
B002FFWB9Q,5.0,1
B002FDLMI4,5.0,1
B002FBXPJU,5.0,1
B002FBKHVO,5.0,1
B002FBDYNW,5.0,1
B002FBDUFO,5.0,1
B002FB09DA,4.0,1
B002HTNJ96,5.0,1
B002L30SRY,5.0,1
B002L5L04M,4.0,1
B002L4ZDS2,4.0,1
B002L4JBXK,5.0,1
B002L463VS,4.0,1
B002L46020,5.0,1
B002L3YLJU,4.0,1
B002L3T208,5.0,1
B002L3CU3Y,4.0,1
B002L36PPS,5.0,1
B002L34E6K,5.0,1
B002L32GKG,5.0,1
B002L2TJ3Y,5.0,1
B002L2OPD8,5.0,1
B002L2OOWA,5.0,1
B002L2OBNC,5.0,1
B002L29MW2,5.0,1
B002L15WPE,5.0,1
B002L15WOU,5.0,1
B002L0Y0UI,5.0,1
B002L0RMRG,5.0,1
B002KYKW5W,5.0,1
B002L5Y5X0,4.0,1
B002L6G6M2,5.0,1
B002L6R5M2,5.0,1
B002L6R7KC,5.0,1
B002LBAUZ6,5.0,1
B002LASAWM,5.0,1
B002LARQDQ,5.0,1
B002LAO1EI,5.0,1
B002LA7WDU,5.0,1
B002LA240G,5.0,1
B002LA22P8,5.0,1
B002LA1D3A,5.0,1
B002LA193E,5.0,1
B002LA04QM,5.0,1
B002LA0336,4.0,1
B002LA021Y,5.0,1
B002L9ZBEI,5.0,1
B002L9Z9MC,5.0,1
B002L9YL6W,5.0,1
B002L9WCJK,5.0,1
B002L9PC1K,4.0,1
B002L993EM,5.0,1
B002L97PZG,5.0,1
B002L97LZU,5.0,1
B002L8MLNS,5.0,1
B002L845UK,5.0,1
B002L7U7N0,4.0,1
B002L7MNGE,5.0,1
B002L7LJ82,5.0,1
B002L7LB6W,5.0,1
B002KXNWY6,5.0,1
B002KVGVGO,5.0,1
B002KVF5W0,5.0,1
B002KK5I4Q,4.0,1
B002KJ8XFS,5.0,1
B002KIS3W2,5.0,1
B002KIO34E,5.0,1
B002KID1V0,5.0,1
B002KHTV4W,5.0,1
B002KGZD2C,5.0,1
B002KFE5ZO,4.0,1
B002KFAWY2,5.0,1
B002KF9TJ6,5.0,1
B002KF1XNG,4.0,1
B002KF1RRS,5.0,1
B002KF0KKS,5.0,1
B002KEJG40,5.0,1
B002KD973Q,5.0,1
B002KCE19C,4.0,1
B002KC1SH0,5.0,1
B002KC17YY,5.0,1
B002KBB2N6,5.0,1
B002KANWSA,5.0,1
B002KK3AAU,5.0,1
B002KLE84Q,4.0,1
B002KV7STI,5.0,1
B002KMQBJ0,4.0,1
B002KV5JQW,5.0,1
B002KUZX7S,5.0,1
B002KSWX1O,5.0,1
B002KRMJTG,5.0,1
B002KRMJI2,5.0,1
B002KRMGJE,5.0,1
B002KPZV3E,5.0,1
B002KP4CIY,5.0,1
B002KO5KZO,5.0,1
B002KO2TZ8,5.0,1
B002KNQVMG,5.0,1
B002KNL3OC,4.0,1
B002KNJ76S,5.0,1
B002KN5AK0,5.0,1
B002KN2VHK,5.0,1
B002KN0P1E,5.0,1
B002KMXHU6,4.0,1
B002KMU89Y,4.0,1
B002LBYPG6,5.0,1
B002LC1KDQ,5.0,1
B002LC7ACQ,5.0,1
B002LHMAXK,5.0,1
B002LHKTGK,5.0,1
B002LHKSWK,5.0,1
B002LHITS0,5.0,1
B002LHISXQ,5.0,1
B002LHISLI,5.0,1
B002LHIRS2,5.0,1
B002LHIRQO,5.0,1
B002LHGMXO,5.0,1
B002LHGJUU,5.0,1
B002LHGJIM,4.0,1
B002LGK7YK,5.0,1
B002LFVVD2,5.0,1
B002LFRRIK,5.0,1
B002LEJLUS,5.0,1
B002LEGL5Q,5.0,1
B002LEEVAS,5.0,1
B002LE98DS,4.0,1
B002LE97IY,5.0,1
B002LE8PCI,5.0,1
B002LE8PAA,5.0,1
B002LE8P28,5.0,1
B002LHMA62,5.0,1
B002LE560M,5.0,1
B002LHNVQU,5.0,1
B002LLPOJS,5.0,1
B002LLCUVI,5.0,1
B002LL78VA,5.0,1
B002LKBT48,5.0,1
B002LKBAR4,5.0,1
B002LK5UZW,5.0,1
B002LK27VW,4.0,1
B002LJYH7A,5.0,1
B002LJLKRK,4.0,1
B002LJ55C6,5.0,1
B002LIU3GA,4.0,1
B002LITTC4,5.0,1
B002LITTBK,5.0,1
B002LIQVFW,5.0,1
B002LIOW9Y,5.0,1
B002LIIJS4,5.0,1
B002LIGRYW,5.0,1
B002LHPOVU,5.0,1
B002LHPMHG,5.0,1
B002LHPD1Q,5.0,1
B002LHOLX2,5.0,1
B002LHOLWI,5.0,1
B002LHOK9M,5.0,1
B002LHOI0I,5.0,1
B002LE6MBY,5.0,1
B002LE52UQ,5.0,1
B002LC7I3M,5.0,1
B002LDZHT8,4.0,1
B002LDYIHU,5.0,1
B002LDY6AE,4.0,1
B002LDY122,4.0,1
B002LDY0TQ,4.0,1
B002LDY0BO,5.0,1
B002LDXXOO,5.0,1
B002LDXXK8,5.0,1
B002LDXUMY,5.0,1
B002LDWKUC,5.0,1
B002LDVWLA,5.0,1
B002LDVW0G,5.0,1
B002LDVSDM,5.0,1
B002LDVNJQ,4.0,1
B002LDV0DK,5.0,1
B002LDUKKO,5.0,1
B002LDR6OM,5.0,1
B002LDR5YS,4.0,1
B002LDPAHW,5.0,1
B002LDP72U,5.0,1
B002LCW5H6,5.0,1
B002LCVJ28,5.0,1
B002LDZGSA,5.0,1
B002LDZJDM,5.0,1
B002LE4Z1S,4.0,1
B002LDZJJQ,5.0,1
B002LE4UTA,5.0,1
B002LE347E,4.0,1
B002LE32MQ,4.0,1
B002LE32H6,4.0,1
B002LE312W,4.0,1
B002LE2S4Y,5.0,1
B002LE2O5M,4.0,1
B002LE1PIE,4.0,1
B002LE1AFC,5.0,1
B002LE19O4,5.0,1
B002LE19DA,5.0,1
B002LE17YQ,5.0,1
B002LE15Z2,4.0,1
B002LE125A,5.0,1
B002LE0IKU,5.0,1
B002LDZV9E,4.0,1
B002LDZQTY,5.0,1
B002LDZPYA,5.0,1
B002LDZP36,5.0,1
B002KANW4O,5.0,1
B002KA1ED0,4.0,1
B002ISXAP4,5.0,1
B002ISC52S,5.0,1
B002ISBN1C,5.0,1
B002IRQY4Y,4.0,1
B002IQOS0M,5.0,1
B002IP6ER8,5.0,1
B002ILN7L8,5.0,1
B002IJT1RO,5.0,1
B002IJJ4EY,4.0,1
B002IJEL8S,5.0,1
B002IJBSMU,5.0,1
B002IJ7QZS,5.0,1
B002IJ41X8,4.0,1
B002IIQRCM,5.0,1
B002IGVDMS,5.0,1
B002IGITC0,4.0,1
B002IFX3F4,5.0,1
B002IFOQFA,4.0,1
B002IFBU7W,5.0,1
B002IF3Q3S,5.0,1
B002ISX4UK,5.0,1
B002IF204E,4.0,1
B002IT40P2,4.0,1
B002IY76WG,5.0,1
B002IY58SA,5.0,1
B002IXHNMA,5.0,1
B002IXAS3Q,5.0,1
B002IX40HQ,5.0,1
B002IWTEPK,5.0,1
B002IVJS52,5.0,1
B002IVHPUM,5.0,1
B002IVG9AE,5.0,1
B002IV76A6,5.0,1
B002IV6L66,5.0,1
B002IUTT6Q,4.0,1
B002IUTO6Q,5.0,1
B002IUT4Z2,4.0,1
B002IUM1TS,5.0,1
B002IUHWQA,5.0,1
B002IU3CAK,5.0,1
B002ITN8I2,5.0,1
B002ITLXVG,5.0,1
B002ITLXTI,5.0,1
B002ITELV0,5.0,1
B002IT6HH6,5.0,1
B002IF2JY0,5.0,1
B002I85UNE,5.0,1
B002I7WF7E,5.0,1
B002I7VTO4,5.0,1
B002I7PBDE,5.0,1
B002I6T7IA,5.0,1
B002I61AI0,5.0,1
B002I5HHLA,5.0,1
B002I53W50,5.0,1
B002I4ZXEO,5.0,1
B002I4P4LQ,5.0,1
B002I0QP6S,5.0,1
B002I0FL8Q,5.0,1
B002HZRNJ2,5.0,1
B002HZJ12Y,5.0,1
B002HZ00OW,4.0,1
B002HY2AFA,5.0,1
B002HWS7TK,5.0,1
B002HWS7L8,5.0,1
B002HWPTQO,4.0,1
B002HWP6V2,5.0,1
B002HWMQC4,5.0,1
B002HWIHA4,5.0,1
B002HUI3FK,5.0,1
B002HUDVES,5.0,1
B002I846NO,5.0,1
B002I8AKTS,5.0,1
B002IEZDVW,5.0,1
B002I8U8KO,5.0,1
B002IEPA2O,5.0,1
B002IEDX64,4.0,1
B002ICIVF4,5.0,1
B002IBQ0G2,5.0,1
B002IBN6YQ,5.0,1
B002IB6BXO,5.0,1
B002IB4KDC,5.0,1
B002IB2F0M,5.0,1
B002IB2D1S,5.0,1
B002IAZ4TW,5.0,1
B002IARJQI,5.0,1
B002IAES7Q,5.0,1
B002IAD7LO,5.0,1
B002IA104U,5.0,1
B002I9Y0Z2,5.0,1
B002I9T03O,5.0,1
B002I9QSYI,4.0,1
B002I9N0XK,5.0,1
B002I9LTUQ,5.0,1
B002I9LETM,5.0,1
B002I971H6,5.0,1
B002I971G2,5.0,1
B002I91U6E,5.0,1
B002IZ5VEA,5.0,1
B002IZDRCS,5.0,1
B002K9MUI4,5.0,1
B002K3ZEII,4.0,1
B002K3P2DK,5.0,1
B002K3J9E8,5.0,1
B002K3IQN8,4.0,1
B002K34WEA,4.0,1
B002K24AFM,5.0,1
B002K0UNR8,5.0,1
B002JZMGKG,5.0,1
B002JYZMC6,5.0,1
B002JYVN60,5.0,1
B002JYE722,5.0,1
B002JY2OG8,5.0,1
B002JXYD4U,5.0,1
B002JXFWLI,4.0,1
B002JWLT8O,5.0,1
B002JWDGBC,5.0,1
B002JWC0R8,5.0,1
B002JW0106,4.0,1
B002JVBXMC,4.0,1
B002JV8FXM,4.0,1
B002JTEJRA,5.0,1
B002JQPVYI,5.0,1
B002JQC47A,5.0,1
B002JQ8OME,5.0,1
B002K3X9H6,5.0,1
B002K41J8G,5.0,1
B002JPT6H2,4.0,1
B002K433EO,5.0,1
B002K8XXVS,5.0,1
B002K8W52G,5.0,1
B002K8J13M,5.0,1
B002K8H9S6,5.0,1
B002K78IZU,5.0,1
B002K76QKO,5.0,1
B002K6YGXE,5.0,1
B002K6N66W,4.0,1
B002K6A7G4,4.0,1
B002K68HU2,5.0,1
B002K68F3Q,5.0,1
B002K66EP2,5.0,1
B002K661I2,5.0,1
B002K64C10,4.0,1
B002K64544,5.0,1
B002K5PT7M,5.0,1
B002K5NZOG,5.0,1
B002K4NSLM,5.0,1
B002K4LVW0,4.0,1
B002K46JIQ,4.0,1
B002K46DJ6,5.0,1
B002K45BXU,5.0,1
B002JPFZ7C,5.0,1
B002IZNIU4,5.0,1
B002JD1HCQ,5.0,1
B002JC1BFA,5.0,1
B002JBOHXE,5.0,1
B002JBB4I0,5.0,1
B002JAVUN0,5.0,1
B002JATKK0,5.0,1
B002JAHNJA,5.0,1
B002JAFJ8M,4.0,1
B002JAEPV4,4.0,1
B002J9WRF6,5.0,1
B002J9QTIC,4.0,1
B002J9M332,5.0,1
B002J7UOSU,5.0,1
B002J7AZMU,5.0,1
B002J6G07A,5.0,1
B002J6DUUA,5.0,1
B002J34PZ2,5.0,1
B002J2NW2K,4.0,1
B002J2ERA6,5.0,1
B002J26LW8,4.0,1
B002J12TK2,5.0,1
B002J0M5HU,5.0,1
B002JCUL4M,5.0,1
B002JPCE8A,5.0,1
B002JE4E0C,5.0,1
B002JOW0SU,5.0,1
B002JOLS6K,5.0,1
B002JLAQ5M,5.0,1
B002JL5UX0,5.0,1
B002JL4AB8,5.0,1
B002JL3LF4,5.0,1
B002JKBQQ6,4.0,1
B002JK77F0,5.0,1
B002JK0DU6,5.0,1
B002JJVA7W,5.0,1
B002JIUXMG,5.0,1
B002JIHTYQ,4.0,1
B002JH3UK4,5.0,1
B002JFP3SI,5.0,1
B002JF8SXU,5.0,1
B002JEZBWM,5.0,1
B002JEUWQC,5.0,1
B002JEE826,5.0,1
B002JECOVS,5.0,1
B002JEA6QS,5.0,1
B002JEA4C4,5.0,1
B002QTPLLQ,5.0,1
B002QTPNMI,5.0,1
B0030UV2OU,5.0,1
B002XITYBS,5.0,1
B002XITZAI,5.0,1
B002XITZ8K,5.0,1
B002XITZ62,5.0,1
B002XITZ5I,5.0,1
B002XITZ44,5.0,1
B002XITYWC,5.0,1
B002XITYOA,5.0,1
B002XITYN6,5.0,1
B002XITYLI,5.0,1
B002XITYIG,5.0,1
B002XITYG8,5.0,1
B002XITYEK,5.0,1
B002XITYCC,4.0,1
B002XITYAE,5.0,1
B002XITY9A,4.0,1
B002XITY5O,4.0,1
B002XITY3Q,5.0,1
B002XITXWI,5.0,1
B002XITXVO,5.0,1
B002XITXTQ,5.0,1
B002XITWV0,5.0,1
B002XITWTC,4.0,1
B002XITWN8,5.0,1
B002XITWME,5.0,1
B002XITWLA,5.0,1
B002XHK4L8,5.0,1
B002XITZAS,4.0,1
B002XITZBM,4.0,1
B002XITZEY,5.0,1
B002XITZF8,5.0,1
B002XO7V58,5.0,1
B002XO6CMG,5.0,1
B002XO69ZQ,4.0,1
B002XO694M,5.0,1
B002XO68L6,4.0,1
B002XO67IA,5.0,1
B002XO5ZQA,5.0,1
B002XO4HVE,5.0,1
B002XO4C5K,5.0,1
B002XO4C0U,5.0,1
B002XO49SU,5.0,1
B002XO2GK8,5.0,1
B002XO2GA8,5.0,1
B002XO2E2S,5.0,1
B002XO0I94,4.0,1
B002XNZE5S,5.0,1
B002XNY2FG,5.0,1
B002XMQM5K,5.0,1
B002XML3HM,5.0,1
B002XMGRSC,4.0,1
B002XITZKI,5.0,1
B002XHJCSY,5.0,1
B002XHDN7A,5.0,1
B002XHC3FS,5.0,1
B002X9NSB4,5.0,1
B002X9LR94,5.0,1
B002X9LQGS,5.0,1
B002X9JPF2,5.0,1
B002X7ST9C,5.0,1
B002X7L7NW,5.0,1
B002X7982Y,5.0,1
B002X7982E,5.0,1
B002X7981A,4.0,1
B002X796DK,4.0,1
B002X5H34G,5.0,1
B002X4WQQM,5.0,1
B002X4V2WG,4.0,1
B002X4USNK,5.0,1
B002X4SPBC,5.0,1
B002X4M55O,5.0,1
B002X4G3JS,5.0,1
B002X45PJW,4.0,1
B002XGQPI0,5.0,1
B002X9PIRQ,5.0,1
B002XGPUAE,5.0,1
B002XGMGQ0,5.0,1
B002XGGLXE,5.0,1
B002XGGLV6,5.0,1
B002XGGLI4,5.0,1
B002XFCQJI,5.0,1
B002XFCC10,5.0,1
B002XFBS1U,5.0,1
B002XFAHJ4,5.0,1
B002XF9XDA,5.0,1
B002XF23ZU,5.0,1
B002XEWE1Y,5.0,1
B002XES23S,4.0,1
B002XE87WY,4.0,1
B002XDH0BO,5.0,1
B002XBURKC,5.0,1
B002XAMGRA,5.0,1
B002XAAYJW,5.0,1
B002XA629I,5.0,1
B002X9SILE,5.0,1
B002X9RHJS,4.0,1
B002X9PM5O,4.0,1
B002X9PM18,5.0,1
B002XO87GK,4.0,1
B002XO8ECM,5.0,1
B002XO8LXE,4.0,1
B002XWSG54,5.0,1
B002XVYZJG,5.0,1
B002XVVBX4,5.0,1
B002XUTPRE,4.0,1
B002XUNS5E,5.0,1
B002XUL8QK,5.0,1
B002XUL8P6,4.0,1
B002XTWTNW,4.0,1
B002XTOXN6,5.0,1
B002XQ1YOK,4.0,1
B002XQ1YO0,5.0,1
B002XQ1YKO,5.0,1
B002XQ1YJ0,5.0,1
B002XQ1YIG,5.0,1
B002XQ1YI6,5.0,1
B002XQ1YHW,5.0,1
B002XQ1YGI,5.0,1
B002XQ1YCM,5.0,1
B002XQ1YCC,5.0,1
B002XQ1Y72,5.0,1
B002XQ1Y5Y,5.0,1
B002XQ1Y40,5.0,1
B002XQ1Y2W,5.0,1
B002XQ1Y2C,4.0,1
B002XQ1Y1S,5.0,1
B002XQ1Y18,5.0,1
B002XQ1Y04,4.0,1
B002XY1VRW,5.0,1
B002Y4Q2X4,5.0,1
B002Y3RDEM,5.0,1
B002Y31EHY,5.0,1
B002Y2O012,4.0,1
B002Y2MNTS,5.0,1
B002Y29IYG,5.0,1
B002Y27O8S,5.0,1
B002Y27O10,5.0,1
B002Y26V5K,4.0,1
B002Y26S1W,4.0,1
B002Y26RWW,4.0,1
B002Y1V8MW,5.0,1
B002Y1UZSA,5.0,1
B002Y1OWSE,4.0,1
B002Y0ZI4W,5.0,1
B002XZ733M,5.0,1
B002XZ6Z68,5.0,1
B002XZ5USW,5.0,1
B002XZ4B7I,5.0,1
B002XYWB3K,5.0,1
B002XYW3O2,4.0,1
B002XYTS7M,5.0,1
B002XYHK4U,5.0,1
B002XQ1Y0Y,5.0,1
B002XQ1XZK,5.0,1
B002XQ1SM8,5.0,1
B002XQ1S50,5.0,1
B002XQ1S1O,5.0,1
B002XQ1RLU,5.0,1
B002XQ1REC,5.0,1
B002XQ1RD8,5.0,1
B002XQ1R0Q,5.0,1
B002XQ1R06,4.0,1
B002XPZ33O,5.0,1
B002XOV1LS,5.0,1
B002XOTF84,5.0,1
B002XORAVI,5.0,1
B002XONXBY,5.0,1
B002XON5PI,5.0,1
B002XOJBBA,5.0,1
B002XOHFYA,5.0,1
B002XOA8PI,5.0,1
B002XOA4FM,5.0,1
B002XOA3IU,5.0,1
B002XOA24U,5.0,1
B002XO9TVC,5.0,1
B002XO9PE8,5.0,1
B002XO9OCG,4.0,1
B002XO9MQ4,4.0,1
B002XQ1SIW,5.0,1
B002XQ1STQ,5.0,1
B002XQ1XWI,4.0,1
B002XQ1SV4,5.0,1
B002XQ1XS2,5.0,1
B002XQ1XQE,5.0,1
B002XQ1XPU,5.0,1
B002XQ1XG4,5.0,1
B002XQ1X1Y,5.0,1
B002XQ1WTM,5.0,1
B002XQ1VZC,4.0,1
B002XQ1VYI,5.0,1
B002XQ1VA2,5.0,1
B002XQ1V98,5.0,1
B002XQ1V52,5.0,1
B002XQ1UZ8,5.0,1
B002XQ1UWG,5.0,1
B002XQ1UCQ,5.0,1
B002XQ1U2Q,5.0,1
B002XQ1U1W,5.0,1
B002XQ1TNG,5.0,1
B002XQ1TEA,5.0,1
B002XQ1TE0,5.0,1
B002XQ1SXM,5.0,1
B002Y5IF8I,5.0,1
B002W701O4,5.0,1
B002W701H6,5.0,1
B002W701DK,5.0,1
B002W6ZYHO,5.0,1
B002W6ZYG0,5.0,1
B002W6ZYAQ,5.0,1
B002W5SRT2,5.0,1
B002W5IOFO,5.0,1
B002W5HEUK,5.0,1
B002W5EKMA,5.0,1
B002X1KCSO,5.0,1
B002W5B8UW,4.0,1
B002W5AQKA,5.0,1
B002W54YJO,4.0,1
B002W4OSLO,5.0,1
B002W4OLUM,5.0,1
B002W4J210,5.0,1
B002W49R74,5.0,1
B002W3LNYA,5.0,1
B002W33LQS,5.0,1
B002W2WX86,5.0,1
B002W2S3US,5.0,1
B002W701SK,5.0,1
B002W701V2,5.0,1
B002W7026Q,4.0,1
B002W7029S,5.0,1
B002WE1CXG,5.0,1
B002WDXYP6,5.0,1
B002WDVPMA,5.0,1
B002WDRL8C,5.0,1
B002WDPBR0,5.0,1
B002WDM6V4,5.0,1
B002WBMCQU,4.0,1
B002WBIBPG,5.0,1
B002WBDA7U,5.0,1
B002WAM086,4.0,1
B002W9SWNO,5.0,1
B002W9QWBS,4.0,1
B002W9JVO8,5.0,1
B002W9H6ZE,5.0,1
B002W8NQ4U,4.0,1
B002W8GJ80,5.0,1
B002W7UAH2,5.0,1
B002W7OGZY,5.0,1
B002W7ND3U,5.0,1
B002W7MEZ8,5.0,1
B002W7EUKK,5.0,1
B002W7BM2E,5.0,1
B002W702FM,5.0,1
B002W702BQ,4.0,1
B002W2KXG0,5.0,1
B002W26O36,5.0,1
B002W268J6,4.0,1
B002VUAIOA,5.0,1
B002VUAIFY,4.0,1
B002VUAI9U,5.0,1
B002VUAI4K,5.0,1
B002VUAHU0,5.0,1
B002VUAHS2,5.0,1
B002VUAHOQ,5.0,1
B002VUAHN2,4.0,1
B002VUAHIM,4.0,1
B002VUAGQA,5.0,1
B002VTZT04,5.0,1
B002VTT5AE,4.0,1
B002VTJVYE,5.0,1
B002VT8DPC,5.0,1
B002VSWD9A,4.0,1
B002VS9IPW,5.0,1
B002VS4CO4,5.0,1
B002VS2J9E,5.0,1
B002VRYCRM,5.0,1
B002VRPXZW,5.0,1
B002VRJN8K,5.0,1
B002VRIDE0,5.0,1
B002VRE1X2,5.0,1
B002VP3C7A,5.0,1
B002VNO3IE,5.0,1
B002VNIXEY,5.0,1
B002VMIN4K,4.0,1
B002VMBHJI,5.0,1
B002VUAIJU,5.0,1
B002VUAIP4,5.0,1
B002VUAISQ,5.0,1
B002W0NSQ4,5.0,1
B002W0MBDK,5.0,1
B002W0HDVK,5.0,1
B002W0BNAC,5.0,1
B002W0AZRO,5.0,1
B002W01YBA,5.0,1
B002VZWBSQ,4.0,1
B002VZ84ZA,4.0,1
B002VYUGZM,5.0,1
B002VWQZG8,5.0,1
B002VWL2N4,5.0,1
B002VWL29S,5.0,1
B002VWK9CY,5.0,1
B002VWK9AQ,5.0,1
B002VVIP7G,4.0,1
B002VUQKG0,4.0,1
B002VUP7KA,5.0,1
B002VUGP10,5.0,1
B002VUAKSE,5.0,1
B002VUAJUI,4.0,1
B002VUAIZY,5.0,1
B002VUAIWM,4.0,1
B002VUAIUE,5.0,1
B002WE60LK,5.0,1
B002WEEZ9E,5.0,1
B002WEJOUO,5.0,1
B002WVRY4U,5.0,1
B002WVPR3A,4.0,1
B002WVPLG8,5.0,1
B002WVK74O,5.0,1
B002WVHSV4,5.0,1
B002WVC7EC,5.0,1
B002WUWKAO,5.0,1
B002WUT5WA,5.0,1
B002WUS7NI,5.0,1
B002WULANM,5.0,1
B002WTSSEC,5.0,1
B002WTC5UU,4.0,1
B002WSYWXE,5.0,1
B002WSYIUG,4.0,1
B002WS3MTY,4.0,1
B002WR5RF2,5.0,1
B002WR257A,5.0,1
B002WR1LT8,5.0,1
B002WQLOAA,5.0,1
B002WQL7ES,5.0,1
B002WQKN0M,5.0,1
B002WQGLZS,5.0,1
B002WQ00KA,5.0,1
B002WQ00K0,5.0,1
B002WPR07C,5.0,1
B002WVQZO0,5.0,1
B002WW1NXM,5.0,1
B002WPFKB0,5.0,1
B002X1AHH0,4.0,1
B002X0L55O,5.0,1
B002X0BRFW,5.0,1
B002X066D0,5.0,1
B002WZPKJM,5.0,1
B002WZNZHG,5.0,1
B002WZM7Y8,5.0,1
B002WZI2CE,5.0,1
B002WZHXHO,5.0,1
B002WZHTXM,5.0,1
B002WZGFWS,5.0,1
B002WZG3P2,5.0,1
B002WZEZSY,4.0,1
B002WZEWPK,5.0,1
B002WZCX3I,5.0,1
B002WZ8Y9K,4.0,1
B002WYXN1A,4.0,1
B002WXSKWI,5.0,1
B002WXLG42,5.0,1
B002WWWHKU,5.0,1
B002WWVTOA,5.0,1
B002WWJJLA,5.0,1
B002WWGSQE,5.0,1
B002WWFPKY,5.0,1
B002WWBPH6,5.0,1
B002WPM9GO,5.0,1
B002WPCM48,5.0,1
B002WESGZS,5.0,1
B002WJHKOG,5.0,1
B002WJHJWE,5.0,1
B002WIZO9A,5.0,1
B002WIZNC8,5.0,1
B002WIBNAO,5.0,1
B002WI6BPG,5.0,1
B002WHPNUQ,5.0,1
B002WH00M2,5.0,1
B002WGXYTE,5.0,1
B002WGRI1O,5.0,1
B002WGN5UM,5.0,1
B002WGJOZW,5.0,1
B002WGJL5K,5.0,1
B002WGJKZQ,5.0,1
B002WFBRZ8,5.0,1
B002WFBKHI,5.0,1
B002WFBHV2,5.0,1
B002WFA0VA,5.0,1
B002WF9UN4,5.0,1
B002WF8RBU,5.0,1
B002WF4HYG,5.0,1
B002WEXYEG,5.0,1
B002WJHKIM,5.0,1
B002WJHKOQ,5.0,1
B002WJHKP0,5.0,1
B002WP7ZVI,5.0,1
B002WP2EOQ,5.0,1
B002WOYV7K,5.0,1
B002WOWWJE,5.0,1
B002WO8X06,5.0,1
B002WN3IF2,5.0,1
B002WN30A0,4.0,1
B002WN308M,4.0,1
B002WN306O,5.0,1
B002WN2XIU,5.0,1
B002WMWN22,5.0,1
B002WKT7F0,4.0,1
B002WKR2YS,5.0,1
B002WKN42M,4.0,1
B002WKN3AA,4.0,1
B002WKHM6G,5.0,1
B002WK1EPQ,5.0,1
B002WJXPAE,5.0,1
B002WJVT5M,5.0,1
B002WJOB6G,4.0,1
B002WJHKPU,5.0,1
B002Y5I7H2,4.0,1
B002ZWZKHO,4.0,1
B002ZZ5VSO,5.0,1
B002ZYW4ZS,4.0,1
B002ZYRB6U,5.0,1
B002ZY6TH2,5.0,1
B002ZXGYB4,5.0,1
B002ZXB0TU,5.0,1
B002ZX9OKC,5.0,1
B002ZX9OHK,5.0,1
B002ZX7VIY,5.0,1
B002ZX7VAW,5.0,1
B002ZX55XM,5.0,1
B002ZWV3EI,5.0,1
B002ZJFAG8,5.0,1
B002ZWQVO0,4.0,1
B002ZW6UNW,5.0,1
B002ZVZ6II,5.0,1
B002ZVZ5CK,5.0,1
B002ZVXHG6,5.0,1
B002ZVXHCU,5.0,1
B002ZVVWLS,5.0,1
B002ZVVW9U,5.0,1
B002ZVVW54,5.0,1
B002ZVV772,5.0,1
B002ZVV6LO,5.0,1
B002ZVV3Z8,5.0,1
B0030031VW,4.0,1
B00300428S,4.0,1
B00309WEZM,4.0,1
B00309VM6O,5.0,1
B00309U96S,5.0,1
B00309U83M,4.0,1
B00309S8B6,5.0,1
B00309QSJ0,4.0,1
B003091V0Q,5.0,1
B00308YDDE,5.0,1
B003085MRA,5.0,1
B00307S80O,5.0,1
B00307S80E,5.0,1
B00307HR92,5.0,1
B00306TFDE,5.0,1
B00306Q4L0,5.0,1
B00306M3E2,5.0,1
B003062QSU,5.0,1
B003062Q9E,4.0,1
B00305X1DU,5.0,1
B00305RH8A,4.0,1
B00305Q84E,5.0,1
B003054F9O,4.0,1
B00302QV0S,5.0,1
B00302G7D4,5.0,1
B003004EL8,5.0,1
B002ZVU1KG,5.0,1
B002ZVTRMO,5.0,1
B002ZVSOMI,5.0,1
B002ZP4RXY,4.0,1
B002ZP1URK,5.0,1
B002ZOZYJG,5.0,1
B002ZON0XS,5.0,1
B002ZOIX3U,4.0,1
B002ZNJYSY,5.0,1
B002ZNJUA6,5.0,1
B002ZNJU5G,5.0,1
B002ZNJNOY,5.0,1
B002ZNJK6A,5.0,1
B002ZNJJXO,5.0,1
B002ZNJJVG,5.0,1
B002ZNJJK2,4.0,1
B002ZNJIHQ,5.0,1
B002ZNJIFI,5.0,1
B002ZNJIF8,5.0,1
B002ZNJIDK,5.0,1
B002ZNJIC6,4.0,1
B002ZNJH8G,5.0,1
B002ZN7POE,5.0,1
B002ZJUVR6,5.0,1
B002ZJUEOQ,5.0,1
B002ZJSDSU,5.0,1
B002ZJOORE,5.0,1
B002ZJFBYE,5.0,1
B002ZP4O50,4.0,1
B002ZPJ13U,5.0,1
B002ZVSOA0,5.0,1
B002ZPRGPK,5.0,1
B002ZVSFTK,5.0,1
B002ZVSEGY,5.0,1
B002ZVSB6M,5.0,1
B002ZVS8LU,5.0,1
B002ZVQU5G,4.0,1
B002ZVQSTE,5.0,1
B002ZVK8GS,5.0,1
B002ZVI7B6,5.0,1
B002ZVG9QQ,5.0,1
B002ZVG9PC,5.0,1
B002ZVFRDM,5.0,1
B002ZVDGIU,5.0,1
B002ZUM33K,5.0,1
B002ZUK7PG,4.0,1
B002ZUFBH0,5.0,1
B002ZTK0BI,5.0,1
B002ZQ5BWE,5.0,1
B002ZPX5SC,4.0,1
B002ZPX5R8,4.0,1
B00309ZFXU,5.0,1
B0030A1BPU,5.0,1
B0030MGNG0,5.0,1
B0030M7R42,5.0,1
B0030M7ISW,5.0,1
B0030M6C8E,5.0,1
B0030M41SC,5.0,1
B0030LII64,5.0,1
B0030LERJQ,4.0,1
B0030LD9MM,5.0,1
B0030L7ME8,5.0,1
B0030KUJL2,5.0,1
B0030KMNMK,4.0,1
B0030J7XR6,5.0,1
B0030J5IFK,4.0,1
B0030J1A1G,5.0,1
B0030J05OE,5.0,1
B0030IZE0K,5.0,1
B0030IYD2A,5.0,1
B0030IX4IY,5.0,1
B0030IQG2K,4.0,1
B0030IMW3C,5.0,1
B0030IMVYC,5.0,1
B0030IMVW4,4.0,1
B0030IMVJ2,5.0,1
B0030IMV74,4.0,1
B0030IMV4M,5.0,1
B0030I63WI,4.0,1
B0030HU46K,5.0,1
B0030HTSP8,5.0,1
B0030MGN8S,5.0,1
B0030MGNII,4.0,1
B0030HOZMY,5.0,1
B0030MNYVC,5.0,1
B0030USOUU,5.0,1
B0030URT0G,5.0,1
B0030UQWBI,4.0,1
B0030UQNJE,5.0,1
B0030UNVWG,4.0,1
B0030UN7EI,5.0,1
B0030UBEW0,5.0,1
B0030U1XDK,5.0,1
B0030U1JZ2,5.0,1
B0030TZFWG,4.0,1
B0030TZF9E,5.0,1
B0030TXQBI,5.0,1
B0030TVPXO,5.0,1
B0030T18F4,4.0,1
B0030T1750,5.0,1
B0030SR4QW,5.0,1
B0030PNZHW,5.0,1
B0030MVAXQ,4.0,1
B0030MRQ0C,5.0,1
B0030MRPYY,5.0,1
B0030MPUGE,5.0,1
B0030HPVYU,5.0,1
B0030HMGLQ,5.0,1
B0030A1MOK,5.0,1
B0030EUAXK,5.0,1
B0030EQNY0,5.0,1
B0030EFGMK,5.0,1
B0030ED9MY,5.0,1
B0030EA152,5.0,1
B0030E3SZC,5.0,1
B0030DH2HI,4.0,1
B0030DH29G,5.0,1
B0030D81Z0,5.0,1
B0030D7M00,5.0,1
B0030CTP3S,5.0,1
B0030CPJEM,4.0,1
B0030CHG1Q,5.0,1
B0030CCIUA,5.0,1
B0030C42YA,5.0,1
B0030C26SE,5.0,1
B0030C0V1I,5.0,1
B0030BZ7EU,5.0,1
B0030BE386,5.0,1
B0030B3B5M,4.0,1
B0030AMM62,5.0,1
B0030A34NC,4.0,1
B0030ERN2Q,5.0,1
B0030EUVNE,5.0,1
B0030HMBJI,5.0,1
B0030HKZ7S,5.0,1
B0030HKOWO,5.0,1
B0030HKNYS,5.0,1
B0030HJBVO,5.0,1
B0030HBQFS,5.0,1
B0030H52OE,5.0,1
B0030H4WZE,5.0,1
B0030H4KSS,5.0,1
B0030H4GTQ,5.0,1
B0030H37HI,4.0,1
B0030H12D4,5.0,1
B0030H0SLG,5.0,1
B0030GYFPM,4.0,1
B0030GY9ZI,4.0,1
B0030GODO0,5.0,1
B0030GOCU0,5.0,1
B0030GH4KU,5.0,1
B0030GBTNI,5.0,1
B0030G9C3C,5.0,1
B0030G34NQ,5.0,1
B0030FY59Y,5.0,1
B0030FTOY0,5.0,1
B0030FH6V8,4.0,1
B0030FGO84,5.0,1
B0030FAAT8,4.0,1
B0030F2YW4,5.0,1
B0030F2XGQ,5.0,1
B0030F2XCU,5.0,1
B002ZJFAWC,5.0,1
B002ZJFA8G,5.0,1
B002YPNGPU,5.0,1
B002YVD3PC,5.0,1
B002YUUVBW,5.0,1
B002YURNFY,4.0,1
B002YUH60G,5.0,1
B002YSAZWO,5.0,1
B002YS1V4K,5.0,1
B002YRB9L6,5.0,1
B002YR5DDG,5.0,1
B002YR3RU2,5.0,1
B002YQ1S5E,5.0,1
B002YPVKSK,5.0,1
B002YPM2VO,5.0,1
B002ZJF9CS,5.0,1
B002YPLMI8,5.0,1
B002YPGQRA,5.0,1
B002YP2UD4,5.0,1
B002YOYZJ2,4.0,1
B002YOUJFG,5.0,1
B002YOL86A,5.0,1
B002YMAQYW,5.0,1
B002YM8Z1I,5.0,1
B002YLZCZQ,5.0,1
B002YLHY02,5.0,1
B002YKDIBM,5.0,1
B002YKBTIG,5.0,1
B002YK5JY6,4.0,1
B002YVJY4G,5.0,1
B002YVYC48,4.0,1
B002YYMWGK,4.0,1
B002YYORCM,4.0,1
B002Z35BDQ,5.0,1
B002Z34ULU,5.0,1
B002Z340H4,5.0,1
B002Z335C0,4.0,1
B002Z32PSK,5.0,1
B002Z312LQ,5.0,1
B002Z2UGSC,4.0,1
B002Z2OZPC,5.0,1
B002Z2A4MU,5.0,1
B002Z0UDFK,5.0,1
B002Z0U6XY,5.0,1
B002Z0SRS0,5.0,1
B002Z0SR8A,5.0,1
B002Z0SQM2,5.0,1
B002Z0QLTW,5.0,1
B002Z0QL4C,5.0,1
B002Z0C66O,5.0,1
B002Z07B4G,5.0,1
B002YZ8QWI,4.0,1
B002YZ89OI,5.0,1
B002YZ6UF8,5.0,1
B002YZ5NYC,5.0,1
B002YZ1AA8,5.0,1
B002YYQ522,5.0,1
B002YK5JD2,5.0,1
B002YK5IX8,5.0,1
B002YK54C8,5.0,1
B002YFP32E,5.0,1
B002YFA0YA,5.0,1
B002YF8YEI,5.0,1
B002YF70ZM,4.0,1
B002YEY1UK,5.0,1
B002YEWWO2,5.0,1
B002YEV9QO,5.0,1
B002YERQK2,5.0,1
B002YED16U,4.0,1
B002YE8NIQ,4.0,1
B002YDCYXC,5.0,1
B002YBYMFC,4.0,1
B002YBGHZK,5.0,1
B002YANE52,5.0,1
B002Y9LP5O,5.0,1
B002Y9CTMM,5.0,1
B002Y8UEIE,4.0,1
B002Y89FKW,5.0,1
B002Y85UEM,4.0,1
B002Y83QY8,5.0,1
B002Y7SL1M,5.0,1
B002Y67TI4,5.0,1
B002YFD75Y,5.0,1
B002YK509K,5.0,1
B002YFW28W,5.0,1
B002YJRKF8,5.0,1
B002YJD4B2,5.0,1
B002YJCZTO,5.0,1
B002YJC7TW,5.0,1
B002YJAQKO,5.0,1
B002YJ77CY,5.0,1
B002YIZ0GK,5.0,1
B002YIYUOI,4.0,1
B002YHUR6E,5.0,1
B002YHTPCQ,5.0,1
B002YGX776,4.0,1
B002YGPMY2,4.0,1
B002YG7K2E,5.0,1
B002YG2UDI,5.0,1
B002YFZ7DY,4.0,1
B002YFZ5MM,5.0,1
B002YFZ3PG,5.0,1
B002YFX3ZI,5.0,1
B002YFW2EG,5.0,1
B002Z3C710,5.0,1
B002Z3C8N2,5.0,1
B002ZEL33W,5.0,1
B002ZDLX42,4.0,1
B002ZDLP72,4.0,1
B002ZDIL4W,5.0,1
B002ZC8ZVM,5.0,1
B002ZBE4CM,5.0,1
B002ZBDWX4,5.0,1
B002ZBASRM,5.0,1
B002ZB9L9S,5.0,1
B002ZB2JQA,5.0,1
B002ZAUHAG,5.0,1
B002ZASR3K,4.0,1
B002ZASKUK,5.0,1
B002ZAKU2G,5.0,1
B002Z9FY78,5.0,1
B002Z8L5AO,5.0,1
B002Z7MKN6,5.0,1
B002Z7KTBQ,5.0,1
B002Z7KT7U,4.0,1
B002Z7KSBM,5.0,1
B002Z7KRKO,4.0,1
B002Z7KQBO,5.0,1
B002Z7GN9S,4.0,1
B002Z7FW3Q,4.0,1
B002Z7FW1S,5.0,1
B002ZEQAPS,5.0,1
B002Z7FVXW,5.0,1
B002ZFCUZG,5.0,1
B002ZJ7LBU,5.0,1
B002ZJ7L24,4.0,1
B002ZJ7HAA,5.0,1
B002ZJ5Q8U,5.0,1
B002ZJ5Q1C,5.0,1
B002ZIL0C2,5.0,1
B002ZHXO3G,5.0,1
B002ZHXK80,5.0,1
B002ZHWV8A,5.0,1
B002ZHSUGM,5.0,1
B002ZHIM2E,5.0,1
B002ZHGBOK,5.0,1
B002ZHCP5E,5.0,1
B002ZG97DS,5.0,1
B002ZG96SY,5.0,1
B002ZG96Q6,5.0,1
B002ZG8DJM,5.0,1
B002ZG8DI8,5.0,1
B002ZG8DHE,5.0,1
B002ZG8DE2,5.0,1
B002ZFYPHM,4.0,1
B002ZFU8VY,5.0,1
B002ZFTES2,5.0,1
B002ZFN6OA,5.0,1
B002Z7FVYG,5.0,1
B002Z7FVQY,5.0,1
B002Z3H9UY,5.0,1
B002Z7FTB6,5.0,1
B002Z7FSY4,5.0,1
B002Z7FSXU,5.0,1
B002Z7FSVC,5.0,1
B002Z7FSQM,5.0,1
B002Z7FSO4,5.0,1
B002Z7FSN0,5.0,1
B002Z7FSE4,5.0,1
B002Z7FS26,5.0,1
B002Z7FRYA,5.0,1
B002Z7CKFY,4.0,1
B002Z7AJGG,5.0,1
B002Z7AILC,5.0,1
B002Z7AHJ0,5.0,1
B002Z7AHHM,5.0,1
B002Z79HNC,4.0,1
B002Z79HLO,5.0,1
B002Z79H3C,5.0,1
B002Z79H1E,4.0,1
B002Z79GXS,5.0,1
B002Z6CDXO,5.0,1
B002Z5X3ZW,5.0,1
B002Z5FT0Y,5.0,1
B002Z7FTAM,5.0,1
B002Z7FTEI,5.0,1
B002Z7FVPK,4.0,1
B002Z7FTFC,5.0,1
B002Z7FVL4,5.0,1
B002Z7FVKU,5.0,1
B002Z7FVK0,5.0,1
B002Z7FVJQ,5.0,1
B002Z7FVJG,4.0,1
B002Z7FVFA,5.0,1
B002Z7FVBO,5.0,1
B002Z7FVB4,5.0,1
B002Z7FV3C,5.0,1
B002Z7FUWY,5.0,1
B002Z7FUKQ,5.0,1
B002Z7FUKG,5.0,1
B002Z7FUK6,5.0,1
B002Z7FUH4,5.0,1
B002Z7FUGA,5.0,1
B002Z7FUF6,4.0,1
B002Z7FUEM,5.0,1
B002Z7FUEC,5.0,1
B002Z7FUAQ,5.0,1
B002Z7FU9M,5.0,1
B002Z7FU7Y,5.0,1
B002Z7FU74,5.0,1
B002Z7FU6K,5.0,1
B002Z7FU10,5.0,1
B002Z7FTXY,5.0,1
B002Z7FTSE,5.0,1
B002Z7FTO8,5.0,1
B002Z7FTKW,5.0,1
B002VM9DAS,4.0,1
B002VM5FP0,5.0,1
B002VM4DP8,5.0,1
B002SIAHBO,4.0,1
B002SKQKCW,5.0,1
B002SKQJCS,4.0,1
B002SKQIQ0,4.0,1
B002SKOHX6,5.0,1
B002SKNVY2,5.0,1
B002SJYLL0,5.0,1
B002SJT9VM,5.0,1
B002SIIU1S,5.0,1
B002SIII9C,4.0,1
B002SIGIP8,5.0,1
B002SIEXBO,5.0,1
B002SIDEVO,5.0,1
B002SIBZNS,5.0,1
B002SIAGXI,5.0,1
B002S0P046,5.0,1
B002SIAFAC,5.0,1
B002SI747O,5.0,1
B002SI5YXU,5.0,1
B002SI5XWC,5.0,1
B002SI47F6,5.0,1
B002SI42JM,5.0,1
B002SI2LMM,4.0,1
B002SI1TDO,5.0,1
B002SI0EK8,5.0,1
B002SHZZEY,5.0,1
B002SGKBAI,5.0,1
B002SKROOU,5.0,1
B002SKS214,4.0,1
B002SKS2P0,5.0,1
B002SPX2U0,5.0,1
B002SPX09I,5.0,1
B002SPWST6,5.0,1
B002SPWMGU,5.0,1
B002SPVJ9G,5.0,1
B002SPVFI6,5.0,1
B002SPVCOS,5.0,1
B002SPVBJE,5.0,1
B002SPV6EE,5.0,1
B002SPV5Q8,5.0,1
B002SOHPOA,5.0,1
B002SMPN8C,5.0,1
B002SMNI4S,5.0,1
B002SMI8PM,4.0,1
B002SMDBW2,5.0,1
B002SMBW78,5.0,1
B002SL7DNQ,5.0,1
B002SL3BX2,4.0,1
B002SKX6E2,5.0,1
B002SKVUBI,5.0,1
B002SKSHL4,5.0,1
B002SKS764,5.0,1
B002SGJ8C0,5.0,1
B002SG95M8,5.0,1
B002SB8UGA,5.0,1
B002SB8U92,5.0,1
B002SB8U88,5.0,1
B002SAWAFS,5.0,1
B002SAWA26,5.0,1
B002SAOCO0,5.0,1
B002SAM20Q,5.0,1
B002S8VN8K,5.0,1
B002S8TVG6,5.0,1
B002S8TQIE,5.0,1
B002S8TQF2,5.0,1
B002S8S2CK,5.0,1
B002S8RVYU,5.0,1
B002S51D4M,5.0,1
B002S50SSE,5.0,1
B002S4U4MK,5.0,1
B002S4OXHM,4.0,1
B002S47NAG,5.0,1
B002S4040W,5.0,1
B002S3WA46,5.0,1
B002S2V660,4.0,1
B002S2V5FC,5.0,1
B002S0P0HS,5.0,1
B002S0P07I,4.0,1
B002SB8UHY,5.0,1
B002SG2LN8,4.0,1
B002SB8UK6,5.0,1
B002SG2LII,5.0,1
B002SG2LHY,5.0,1
B002SFPS9I,5.0,1
B002SFP2UI,5.0,1
B002SFE5WY,5.0,1
B002SEMC8Y,5.0,1
B002SDXQC6,5.0,1
B002SDLW8G,4.0,1
B002SDAZ4I,5.0,1
B002SD50AM,4.0,1
B002SCP3NC,5.0,1
B002SCO7VQ,4.0,1
B002SCO7HU,5.0,1
B002SCKP0S,5.0,1
B002SCITN8,5.0,1
B002SCF2CY,4.0,1
B002SCF2BU,5.0,1
B002SC1W8C,4.0,1
B002SBMUCU,5.0,1
B002SBDO20,5.0,1
B002SBC27S,5.0,1
B002SPXLR4,5.0,1
B002SPXT3U,5.0,1
B002SPYL4Q,5.0,1
B002SSROGK,5.0,1
B002SS9T2C,5.0,1
B002SS4IHS,5.0,1
B002SS3374,5.0,1
B002SS329S,5.0,1
B002SS1ON4,5.0,1
B002SS1OBQ,5.0,1
B002SS07B4,5.0,1
B002SS078W,5.0,1
B002SS06V0,4.0,1
B002SS06QU,5.0,1
B002SRYHXY,5.0,1
B002SRUG6Q,5.0,1
B002SRUFY4,5.0,1
B002SRU2TW,5.0,1
B002SRJS4W,5.0,1
B002SRHQ9Q,5.0,1
B002SRHQ8M,5.0,1
B002SRDLTA,5.0,1
B002SRDJ0Q,5.0,1
B002SR9CTS,5.0,1
B002SR9CSY,5.0,1
B002SSMGOA,4.0,1
B002STAGQE,5.0,1
B002STOQF6,5.0,1
B002T0047S,5.0,1
B002SZRCSI,5.0,1
B002SZPXZW,5.0,1
B002SZAC58,4.0,1
B002SYZLP0,4.0,1
B002SYKTCA,4.0,1
B002SWLXFY,5.0,1
B002SWJ0WM,4.0,1
B002SWIAIM,5.0,1
B002SW9N4M,5.0,1
B002SW8FIW,5.0,1
B002SW6FX4,5.0,1
B002SVRWSM,4.0,1
B002SVQV8Y,5.0,1
B002SVK84W,5.0,1
B002SVIP06,4.0,1
B002SVIL6E,5.0,1
B002SVI7AY,5.0,1
B002SVGET0,4.0,1
B002SVDY3O,5.0,1
B002SUIT4O,4.0,1
B002SR95X6,5.0,1
B002SR5I7I,4.0,1
B002SPYOCK,4.0,1
B002SQ4JC4,5.0,1
B002SQ4FAA,5.0,1
B002SQ4DPW,5.0,1
B002SQ2VFG,5.0,1
B002SQ2RK0,5.0,1
B002SQ2QBA,5.0,1
B002SQ2P9I,5.0,1
B002SQ2P0M,5.0,1
B002SQ1VY8,5.0,1
B002SQ1V2U,5.0,1
B002SQ1M2O,5.0,1
B002SQ1IH8,5.0,1
B002SQ1EN6,5.0,1
B002SQ1BU2,5.0,1
B002SQ1602,5.0,1
B002SQ0WP2,5.0,1
B002SQ0TN2,5.0,1
B002SQ0SJM,5.0,1
B002SQ0RH0,4.0,1
B002SPZJTW,4.0,1
B002SPZ7D0,5.0,1
B002SPZ1MW,5.0,1
B002SPYXFI,5.0,1
B002SQ4GP4,5.0,1
B002SQ4KWS,5.0,1
B002SR5HMO,5.0,1
B002SQ4MR6,5.0,1
B002SR5E18,5.0,1
B002SR4TD2,5.0,1
B002SR3JY2,4.0,1
B002SR3F0A,4.0,1
B002SR35QE,5.0,1
B002SR2ZEC,5.0,1
B002SR2YPC,5.0,1
B002SR00EY,5.0,1
B002SQZKMW,4.0,1
B002SQZE3C,4.0,1
B002SQXZD8,5.0,1
B002SQXZ92,5.0,1
B002SQNP7Y,5.0,1
B002SQMO6C,5.0,1
B002SQ8SGC,5.0,1
B002SQ70WA,5.0,1
B002SQ6Z8U,5.0,1
B002SQ59SW,5.0,1
B002SQ4XKC,5.0,1
B002SQ4W1M,5.0,1
B002SQ4R30,5.0,1
B002SQ4PSW,5.0,1
B002S0OZWO,5.0,1
B002VM4BXC,5.0,1
B002RBIKMK,5.0,1
B002RCZ6P8,5.0,1
B002RCXJEI,5.0,1
B002RCXJ0C,5.0,1
B002RCQJ2W,5.0,1
B002RCQIFU,5.0,1
B002RCJSSY,4.0,1
B002RCFG3K,5.0,1
B002RC6H6A,5.0,1
B002RBT6V4,5.0,1
B002RBHU2G,5.0,1
B002S0OZW4,5.0,1
B002RBFOD8,5.0,1
B002RASGY8,5.0,1
B002R9RO6U,5.0,1
B002R9KM14,5.0,1
B002R8ML2I,5.0,1
B002R8FQMK,5.0,1
B002R8DXYI,5.0,1
B002R88DX4,5.0,1
B002RCZ6X0,5.0,1
B002RCZ702,5.0,1
B002RCZ7DY,5.0,1
B002RCZGY4,5.0,1
B002RD6L8S,5.0,1
B002RD6ICM,5.0,1
B002RD5VZM,4.0,1
B002RD5IDC,5.0,1
B002RD4YG4,5.0,1
B002RD4YCS,5.0,1
B002RD4Y6E,5.0,1
B002RD4Y00,5.0,1
B002RD4XVK,5.0,1
B002RD4XQU,4.0,1
B002RD4XPQ,5.0,1
B002RD4XOW,5.0,1
B002RD4X1K,5.0,1
B002RD44M8,5.0,1
B002RD3ZYG,5.0,1
B002RD3Z3W,5.0,1
B002RD3924,5.0,1
B002RD3898,5.0,1
B002RD23H6,4.0,1
B002RD1X4A,4.0,1
B002RD1WWI,5.0,1
B002RD1MR8,5.0,1
B002RD1HB4,5.0,1
B002RD16K6,5.0,1
B002RD13B8,5.0,1
B002RCZIO2,5.0,1
B002R6VM84,5.0,1
B002QZFA02,5.0,1
B002QYL9O4,5.0,1
B002QY8MJ4,4.0,1
B002QY6N7C,5.0,1
B002QXTXKW,4.0,1
B002QXTXCK,5.0,1
B002QXQ72E,5.0,1
B002QXQ0F8,5.0,1
B002QXNYDE,5.0,1
B002QXKB8K,5.0,1
B002QXK34M,5.0,1
B002QXIKYM,5.0,1
B002QWKBKO,5.0,1
B002QWGRYI,5.0,1
B002QWD4MQ,5.0,1
B002QWAXJ8,4.0,1
B002QW5D9I,5.0,1
B002QV3332,5.0,1
B002QV0NOE,5.0,1
B002QUU5NO,4.0,1
B002QUL9WK,5.0,1
B002QU4ST6,5.0,1
B002R177NI,5.0,1
B002R60OOW,5.0,1
B002R5DZ26,4.0,1
B002R59OTE,5.0,1
B002R59OT4,5.0,1
B002R59IFO,5.0,1
B002R59I22,5.0,1
B002R3POWM,5.0,1
B002R3NTVA,5.0,1
B002R3HNKS,5.0,1
B002R392Y8,5.0,1
B002R2D03I,5.0,1
B002R2CRLO,4.0,1
B002R2AWES,5.0,1
B002R28VCI,5.0,1
B002R277S2,5.0,1
B002R25IE2,5.0,1
B002R25GH6,4.0,1
B002R23L0K,5.0,1
B002R23GTQ,4.0,1
B002R1CODG,5.0,1
B002RD6LTW,5.0,1
B002RD728Q,5.0,1
B002RD7DO4,5.0,1
B002RU1IBQ,5.0,1
B002RU18WK,5.0,1
B002RTXI7O,5.0,1
B002RTVM4A,5.0,1
B002RTVLZU,5.0,1
B002RTU95S,5.0,1
B002RTS1JO,5.0,1
B002RTP4WQ,4.0,1
B002RTM38O,5.0,1
B002RTJHKQ,4.0,1
B002RTIAWC,5.0,1
B002RTGD1M,5.0,1
B002RTEIJG,5.0,1
B002RTEFBC,5.0,1
B002RT72CQ,5.0,1
B002RT71LI,5.0,1
B002RT71KY,5.0,1
B002RT70SM,5.0,1
B002RSS9L0,5.0,1
B002RSOS0G,4.0,1
B002RU197O,5.0,1
B002RU1LZY,5.0,1
B002RUQR26,5.0,1
B002S01S60,5.0,1
B002RZZP8I,5.0,1
B002RZWA0E,5.0,1
B002RZW996,5.0,1
B002RZUC36,5.0,1
B002RXQ48K,5.0,1
B002RXJ0FY,5.0,1
B002RXEBXA,5.0,1
B002RWY55A,5.0,1
B002RWXLX2,4.0,1
B002RWWH6E,4.0,1
B002RWJM5S,5.0,1
B002RWETH4,5.0,1
B002RW9GWW,5.0,1
B002RW9FZA,5.0,1
B002RW9A6E,5.0,1
B002RW7O1W,5.0,1
B002RW7KNO,5.0,1
B002RW66GG,4.0,1
B002RW65Q2,4.0,1
B002RW64FY,4.0,1
B002RV7P80,5.0,1
B002RSNCCG,4.0,1
B002RD7F9M,5.0,1
B002RJPQ6A,5.0,1
B002RJKPKM,5.0,1
B002RILCY6,5.0,1
B002RHF7C0,5.0,1
B002RH5M0W,4.0,1
B002RH3SUS,5.0,1
B002RFHWIY,4.0,1
B002RESDP6,5.0,1
B002REANKY,5.0,1
B002RDJSWY,5.0,1
B002RDHQYG,5.0,1
B002RDHPQA,5.0,1
B002RDHDFS,5.0,1
B002RDH9J8,5.0,1
B002RDG0YI,4.0,1
B002RDG0XE,5.0,1
B002RDFOZY,5.0,1
B002RDFHHY,5.0,1
B002RDFC1A,5.0,1
B002RDFBMU,4.0,1
B002RDBMEG,5.0,1
B002RDBM3M,5.0,1
B002RDA4TK,5.0,1
B002RD9LLC,5.0,1
B002RD88J8,5.0,1
B002RKD91I,4.0,1
B002RSLDJK,5.0,1
B002RKEWO6,4.0,1
B002RSJL1C,4.0,1
B002RSG6HE,5.0,1
B002RSEAS6,4.0,1
B002RSDA2I,4.0,1
B002RSC7PY,5.0,1
B002RS6JLW,4.0,1
B002RS6JKS,5.0,1
B002RRT5YQ,5.0,1
B002RRLD6O,5.0,1
B002RR6HDI,5.0,1
B002RPJXHM,5.0,1
B002RPEI4A,5.0,1
B002RO7ZYQ,5.0,1
B002RNSB4A,5.0,1
B002RMX5YC,5.0,1
B002RMIOB6,5.0,1
B002RMHAZW,4.0,1
B002RL8NHC,5.0,1
B002RL8IVS,5.0,1
B002RKF3F8,4.0,1
B002T02UXY,4.0,1
B002T0EUQ4,5.0,1
B002UTO41A,4.0,1
B002UUWB2I,5.0,1
B002UUT4E6,5.0,1
B002UUP4G8,5.0,1
B002UU9C66,5.0,1
B002UU1LK6,5.0,1
B002UU1340,5.0,1
B002UTYY4M,5.0,1
B002UTXECK,5.0,1
B002UTRW9G,4.0,1
B002UTRJ6M,5.0,1
B002UTQHI8,5.0,1
B002UTQ89Q,5.0,1
B002T0S2PO,5.0,1
B002USSXR2,5.0,1
B002USK15E,5.0,1
B002USGZS6,5.0,1
B002USC9O0,5.0,1
B002USC9KE,5.0,1
B002USC95O,5.0,1
B002US3J0S,5.0,1
B002US1PQS,5.0,1
B002UR51XW,5.0,1
B002UQKDZY,5.0,1
B002UQHX5C,5.0,1
B002UUWG6Y,5.0,1
B002UUWZR4,4.0,1
B002UV3SII,5.0,1
B002UVI9QE,4.0,1
B002UZM35S,5.0,1
B002UZ8D16,5.0,1
B002UYQXTG,5.0,1
B002UYOIT8,5.0,1
B002UYM3W2,5.0,1
B002UYK6PS,4.0,1
B002UYJ352,5.0,1
B002UYH5RK,4.0,1
B002UY962C,5.0,1
B002UX3R6O,5.0,1
B002UX222O,5.0,1
B002UX1W9I,5.0,1
B002UWVP78,4.0,1
B002UWMY28,5.0,1
B002UWKNA8,5.0,1
B002UWHR6Q,5.0,1
B002UWHHNY,5.0,1
B002UWEHTQ,5.0,1
B002UVZYM6,5.0,1
B002UVWLMW,5.0,1
B002UVUHZ0,5.0,1
B002UVPOZI,5.0,1
B002UVOYZY,5.0,1
B002UVMY06,4.0,1
B002UQCN0W,5.0,1
B002UQ6YBQ,5.0,1
B002UQ4TMC,5.0,1
B002ULASZ4,5.0,1
B002UL8S7O,4.0,1
B002UL8RQ6,5.0,1
B002UL6P56,5.0,1
B002UL5ZLQ,5.0,1
B002UL5ZL6,4.0,1
B002UL5YVM,5.0,1
B002UL5YSU,5.0,1
B002UL53PE,5.0,1
B002UL4D9G,5.0,1
B002UL35OK,5.0,1
B002UL35LS,5.0,1
B002UL354A,4.0,1
B002UL34TQ,4.0,1
B002UKP1UM,5.0,1
B002UKP17U,5.0,1
B002UKP0RG,5.0,1
B002UJJ6WC,5.0,1
B002UJFAEU,5.0,1
B002UJ13CS,5.0,1
B002UITVQO,5.0,1
B002UIJTS4,5.0,1
B002UHR4SC,5.0,1
B002UHIRJM,5.0,1
B002UGVYWU,4.0,1
B002UGF5XY,5.0,1
B002UL8SJW,5.0,1
B002ULATV2,5.0,1
B002UOHL5G,5.0,1
B002ULCGYU,5.0,1
B002UODYMU,5.0,1
B002UNFQ0Y,5.0,1
B002UNCQRA,5.0,1
B002UNC91S,5.0,1
B002UNAZKA,5.0,1
B002UN68MY,5.0,1
B002UN4SX0,4.0,1
B002UN4MWC,5.0,1
B002UN4KYM,5.0,1
B002UMN7DS,5.0,1
B002UM8IT6,5.0,1
B002ULRSF2,5.0,1
B002ULRKMS,5.0,1
B002ULRKH8,5.0,1
B002ULPQSS,5.0,1
B002ULPH46,5.0,1
B002ULMLEU,5.0,1
B002ULIVM6,5.0,1
B002ULIGNK,5.0,1
B002ULFEUS,5.0,1
B002ULFEN0,5.0,1
B002ULEKUI,4.0,1
B002ULDAZ4,5.0,1
B002UZUT86,5.0,1
B002UZUV7A,5.0,1
B002VECKHE,5.0,1
B002VECK8S,5.0,1
B002VECJWA,5.0,1
B002VECJSE,4.0,1
B002VECJQG,5.0,1
B002VECJO8,5.0,1
B002VECJLG,4.0,1
B002VECJK2,4.0,1
B002VECJJS,5.0,1
B002VECJFW,5.0,1
B002VECJEI,4.0,1
B002VECJCA,5.0,1
B002VECJAC,5.0,1
B002VECJ9S,5.0,1
B002VECJ7A,5.0,1
B002VECJ6Q,5.0,1
B002VECJ52,5.0,1
B002VECJ34,5.0,1
B002VECIYE,5.0,1
B002VECITY,5.0,1
B002VECISA,5.0,1
B002VECIJY,5.0,1
B002VECIFS,5.0,1
B002VECIDK,5.0,1
B002VECKD8,5.0,1
B002VEUTQS,4.0,1
B002VECAH4,5.0,1
B002VFP1EW,5.0,1
B002VLWWSY,4.0,1
B002VLOM82,5.0,1
B002VLMNLK,5.0,1
B002VL18IE,5.0,1
B002VKNI8S,5.0,1
B002VKNGGM,5.0,1
B002VKEML0,5.0,1
B002VKA52A,5.0,1
B002VJVTXK,5.0,1
B002VJO9SW,5.0,1
B002VIOTXS,5.0,1
B002VIJH5S,5.0,1
B002VHZ802,5.0,1
B002VHSD8Q,5.0,1
B002VHPP96,5.0,1
B002VH8ONU,5.0,1
B002VH6QJY,4.0,1
B002VH112G,5.0,1
B002VGH5JA,5.0,1
B002VG4AM0,4.0,1
B002VG0Q6E,5.0,1
B002VECICG,4.0,1
B002VDP8JC,4.0,1
B002V03LMQ,5.0,1
B002V9KJIG,5.0,1
B002V7X6MY,5.0,1
B002V7VKAO,5.0,1
B002V7S8W2,5.0,1
B002V7F83Y,5.0,1
B002V75VS6,5.0,1
B002V6Z6CI,4.0,1
B002V6804O,4.0,1
B002V67PZO,4.0,1
B002V59PK8,5.0,1
B002V512DG,4.0,1
B002V4QCCI,5.0,1
B002V4EH7U,5.0,1
B002V42MSG,5.0,1
B002V3TV2W,5.0,1
B002V3GGOS,5.0,1
B002V2TRPY,5.0,1
B002V1ZD7Q,5.0,1
B002V1O08Y,5.0,1
B002V15JUW,4.0,1
B002V0AVIS,5.0,1
B002V07LRC,4.0,1
B002V07H5S,5.0,1
B002V058DG,5.0,1
B002VA4FWQ,5.0,1
B002VDN4V6,4.0,1
B002VA4G0C,5.0,1
B002VDIY0W,5.0,1
B002VDCMN2,5.0,1
B002VD12AG,4.0,1
B002VD0ZR2,5.0,1
B002VCZBOK,5.0,1
B002VCSHLY,5.0,1
B002VC2VAM,5.0,1
B002VC1F9U,5.0,1
B002VC1EZ0,4.0,1
B002VBZFDS,5.0,1
B002VBZF42,4.0,1
B002VBUJ1G,5.0,1
B002VBTR6E,5.0,1
B002VBRQ6M,5.0,1
B002VBRQ2G,5.0,1
B002VBRPX6,4.0,1
B002VBRPW2,5.0,1
B002VAAMYG,5.0,1
B002VA8LDK,5.0,1
B002VA7GLI,5.0,1
B002VA4G16,5.0,1
B002VA4G0M,5.0,1
B002UFRYWK,5.0,1
B002UF2BE6,5.0,1
B002TJL45U,5.0,1
B002TJC2ME,5.0,1
B002TJ1U22,5.0,1
B002TJ1FMW,5.0,1
B002TIS8LY,4.0,1
B002TIQN8O,5.0,1
B002TIQN66,5.0,1
B002TIQ1T0,5.0,1
B002TIFJ8O,5.0,1
B002TH8AEA,5.0,1
B002TFEYV0,4.0,1
B002TEJA0G,5.0,1
B002TEJ6D2,4.0,1
B002TEEM7W,5.0,1
B002TEBNQA,5.0,1
B002TEBNO2,5.0,1
B002TE8124,5.0,1
B002TDYB0Q,5.0,1
B002TDY9YO,5.0,1
B002TDY95S,5.0,1
B002TDX8O6,5.0,1
B002TDSKXU,5.0,1
B002TJCOSG,5.0,1
B002TJL48C,5.0,1
B002TO5AYG,4.0,1
B002TNZQ2S,4.0,1
B002TNOCSM,5.0,1
B002TMRKBY,5.0,1
B002TLUDAK,4.0,1
B002TLUD9G,5.0,1
B002TLT5WW,5.0,1
B002TLT3QK,5.0,1
B002TLT3I8,5.0,1
B002TLT3CO,5.0,1
B002TLT37O,5.0,1
B002TLRU7Y,4.0,1
B002TKZBO4,5.0,1
B002TKVO3Q,5.0,1
B002TKU7KW,5.0,1
B002TKU2G6,5.0,1
B002TKS0EM,5.0,1
B002TKM4Y4,4.0,1
B002TKF0PE,5.0,1
B002TK7GAQ,5.0,1
B002TK07ZC,5.0,1
B002TK04SC,4.0,1
B002TDSKXK,5.0,1
B002TD8ERW,5.0,1
B002T5L0EE,5.0,1
B002T5KVL2,5.0,1
B002T5KA8G,4.0,1
B002T5IL8C,4.0,1
B002T5IKLK,5.0,1
B002T5GKE4,5.0,1
B002T5FKY0,4.0,1
B002T5EQ2M,5.0,1
B002T5EKBY,5.0,1
B002T5DOIY,5.0,1
B002T55MB6,5.0,1
B002T4MNVY,5.0,1
B002T4MBWU,5.0,1
B002T425QM,5.0,1
B002T3ZW04,5.0,1
B002T3Y6SI,5.0,1
B002T3UMS6,5.0,1
B002T3STP4,5.0,1
B002T3RH0W,5.0,1
B002T1NTLA,5.0,1
B002T1ED38,5.0,1
B002T5KXLU,5.0,1
B002T5L1U2,5.0,1
B002T5ME8A,5.0,1
B002TD8EP4,5.0,1
B002TBF42C,5.0,1
B002TAKE3M,5.0,1
B002TAI6NM,5.0,1
B002TAGDNW,5.0,1
B002TA105I,5.0,1
B002T9GYBY,5.0,1
B002T9BGW6,5.0,1
B002T9BB8A,5.0,1
B002T96PP4,5.0,1
B002T96DNI,5.0,1
B002T95E38,5.0,1
B002T94EM0,5.0,1
B002T91T5K,5.0,1
B002T8YJLM,5.0,1
B002T7FSJU,5.0,1
B002T75W0U,4.0,1
B002T6Z13O,5.0,1
B002T6XB8G,4.0,1
B002T6RWP4,5.0,1
B002T66CT6,4.0,1
B002T5Q558,5.0,1
B002T5NU0G,4.0,1
B002UEULLM,5.0,1
B002UDAONS,5.0,1
B002UD54IS,4.0,1
B002UD52OE,4.0,1
B002UD0FZU,5.0,1
B002UC8VCU,5.0,1
B002UBY2XI,5.0,1
B002UBY2PQ,4.0,1
B002UBWKXM,5.0,1
B002UBU7X2,5.0,1
B002UBRKM8,5.0,1
B002UBQE48,5.0,1
B002UB3AFY,5.0,1
B002U9PDSS,5.0,1
B002U8W422,5.0,1
B002U8RX50,5.0,1
B002U7JHAU,5.0,1
B002U7E9YO,5.0,1
B002U7DIQY,5.0,1
B002U7A754,5.0,1
B002U79OQC,5.0,1
B002U72DL0,4.0,1
B002U70IQM,5.0,1
B002U57HZE,5.0,1
B002U54BHG,5.0,1
B002U53EZG,5.0,1
B002U508WI,5.0,1
B002U50292,5.0,1
B002U4YG0E,5.0,1
B002U4KTMS,5.0,1
B002UD9Y02,5.0,1
B002U3I156,5.0,1
B002UDZ1FO,5.0,1
B002UEOFMI,5.0,1
B002UEODWU,5.0,1
B002UEMSO0,4.0,1
B002UEMOCQ,5.0,1
B002UEMDMW,4.0,1
B002UELYTU,5.0,1
B002UEKWYS,5.0,1
B002UEKWJI,5.0,1
B002UEKTM8,5.0,1
B002UEKT0U,5.0,1
B002UEKS0Q,5.0,1
B002UEKDR4,5.0,1
B002UEIHZO,5.0,1
B002UEIAY2,5.0,1
B002UEIA06,5.0,1
B002UEI83A,5.0,1
B002UEHVKG,5.0,1
B002UEH72I,5.0,1
B002UEGYJ0,5.0,1
B002UEGWN8,5.0,1
B002UEGSKU,5.0,1
B002UEGNRS,5.0,1
B002UEGKPI,5.0,1
B002UECXPY,4.0,1
B002UEBXSC,5.0,1
B002U4J6MC,5.0,1
B002U35VYA,5.0,1
B002TOFHOO,5.0,1
B002TWCE1K,4.0,1
B002TW92CE,5.0,1
B002TW2GM2,5.0,1
B002TV7AT2,5.0,1
B002TV7A10,5.0,1
B002TV2AU6,5.0,1
B002TUQFI0,5.0,1
B002TUE53W,5.0,1
B002TTHU5S,5.0,1
B002TT7PD0,5.0,1
B002TT76YS,5.0,1
B002TT3J2Q,5.0,1
B002TSUWHM,5.0,1
B002TSA93O,5.0,1
B002TSA93E,5.0,1
B002TSA92U,4.0,1
B002TS9750,5.0,1
B002TS2YOG,4.0,1
B002TRJA94,5.0,1
B002TRFX7M,5.0,1
B002TRD7N4,5.0,1
B002TQSZP0,5.0,1
B002TQSZH8,5.0,1
B002TP49TM,5.0,1
B002TOMMN8,5.0,1
B002TW9XTQ,5.0,1
B002TWJKI0,5.0,1
B002U2YGTC,5.0,1
B002TWNNQK,5.0,1
B002U2UJBQ,5.0,1
B002U2SQ7A,5.0,1
B002U2PZOW,5.0,1
B002U1YJZO,5.0,1
B002U1X7XE,5.0,1
B002U1WVGI,5.0,1
B002U1LKD8,5.0,1
B002U1C10Y,5.0,1
B002U1C0FK,5.0,1
B002U1C064,5.0,1
B002TZXY6G,5.0,1
B002TZULPS,5.0,1
B002TZS4QG,4.0,1
B002TZMV74,5.0,1
B002TYIRY6,5.0,1
B002TYGPOA,5.0,1
B002TY8SC2,5.0,1
B002TY3RDM,4.0,1
B002TXLS2A,5.0,1
B002TXK3VM,4.0,1
B002TXHU0Y,5.0,1
B002TXBXWK,5.0,1
B002TXBLMC,5.0,1
B002TWPW0K,5.0,1
B0018TQFAG,4.0,1
B000GCR6DQ,4.0,1
B000GCTDC8,5.0,1
B000GCTBSY,5.0,1
B000GCTBFW,5.0,1
B000GCTAQ2,5.0,1
B000GCT6FW,5.0,1
B000GCT2ZG,5.0,1
B000GCT27O,4.0,1
B000GCT1HK,4.0,1
B000GCT1E8,5.0,1
B000GCT18Y,4.0,1
B000GCSZY0,5.0,1
B000GCSWTS,5.0,1
B000GCR640,5.0,1
B000GCQX6M,4.0,1
B000GCQW4K,5.0,1
B000GCQV1E,5.0,1
B000GCQUY2,5.0,1
B000GCLU88,5.0,1
B000GCLRC2,4.0,1
B000GCLDC6,5.0,1
B000GCL6MS,5.0,1
B000GCJW56,5.0,1
B000GCUHCS,5.0,1
B000GCUPF2,5.0,1
B000GCXTG4,4.0,1
B000GCXT6Y,4.0,1
B000GCWQUO,5.0,1
B000GCWQOA,5.0,1
B000GCWFRS,5.0,1
B000GCWDOS,4.0,1
B000GCW3UC,4.0,1
B000GCW2LM,5.0,1
B000GCW2DU,5.0,1
B000GCW262,5.0,1
B000GCW1HC,4.0,1
B000GCW0RI,5.0,1
B000GCVY9S,5.0,1
B000GCVXLM,5.0,1
B000GCV45W,5.0,1
B000GCUU70,4.0,1
B000GCUT08,5.0,1
B000GCUSVS,4.0,1
B000GCE3BO,5.0,1
B000GCCDAM,5.0,1
B000G9O8R6,5.0,1
B000G7IKBI,5.0,1
B000G6ZLAW,5.0,1
B000G6XJ3S,5.0,1
B000G6RVWI,5.0,1
B000G67JU2,5.0,1
B000G66Z9S,5.0,1
B000G52BHE,5.0,1
B000G3LRAI,4.0,1
B000G3KRFY,4.0,1
B000G3JU1Q,5.0,1
B000G3FRJA,5.0,1
B000G3E20U,5.0,1
B000G309DY,4.0,1
B000G2VJI4,5.0,1
B000G2SFX6,5.0,1
B000G2GZTC,4.0,1
B000G1YBMG,5.0,1
B000G1Q7T6,5.0,1
B000G1O3HE,5.0,1
B000G1KQ2A,5.0,1
B000G1JX74,4.0,1
B000G1G7IC,4.0,1
B000G1DYWE,5.0,1
B000G1664W,5.0,1
B000G81I9I,5.0,1
B000GC9KNU,5.0,1
B000G9U90G,5.0,1
B000GC9IG4,4.0,1
B000GC7L18,4.0,1
B000GBLLTC,5.0,1
B000GBLJA8,5.0,1
B000GB0F2Q,5.0,1
B000GAYPHS,5.0,1
B000GAXI1M,4.0,1
B000GATTAQ,5.0,1
B000GARXFO,5.0,1
B000GAQS7S,5.0,1
B000GAQ95O,5.0,1
B000GAQ8ZK,4.0,1
B000GAPTVY,4.0,1
B000GAP3HO,5.0,1
B000GAO93I,5.0,1
B000GAO90G,5.0,1
B000GACZM0,5.0,1
B000GABNTG,5.0,1
B000GA0SJW,4.0,1
B000G9Z1ZY,5.0,1
B000G9Y5R4,5.0,1
B000G9WVFW,5.0,1
B000GCXUQI,5.0,1
B000GCXVYO,5.0,1
B000GCY2XI,5.0,1
B000GHVJFW,4.0,1
B000GHVIOO,5.0,1
B000GHVI8K,5.0,1
B000GHVHFY,5.0,1
B000GHVGWI,5.0,1
B000GHVDI0,5.0,1
B000GHUIPY,5.0,1
B000GHUF34,4.0,1
B000GHT92C,5.0,1
B000GHRBN6,5.0,1
B000GHR910,5.0,1
B000GHPGMY,4.0,1
B000GHPGJC,5.0,1
B000GHNLTY,4.0,1
B000GHNLNU,4.0,1
B000GHJAPS,5.0,1
B000GHJAP8,4.0,1
B000GHJAAI,5.0,1
B000GHIVGW,5.0,1
B000GHGY3O,5.0,1
B000GHFIRC,5.0,1
B000GHF444,5.0,1
B000GHF2O6,5.0,1
B000GHDNRY,5.0,1
B000GHBVRS,4.0,1
B000GGTY96,5.0,1
B000GGQ4WG,5.0,1
B000GHVJUW,5.0,1
B000GGNZQ4,5.0,1
B000GHVK8I,5.0,1
B000GHXTOQ,5.0,1
B000GHWXU2,5.0,1
B000GHWXGQ,5.0,1
B000GHWXA2,5.0,1
B000GHWX34,5.0,1
B000GHWX0M,5.0,1
B000GHWVUY,5.0,1
B000GHWVEU,4.0,1
B000GHWV7M,4.0,1
B000GHWV1I,5.0,1
B000GHWU7I,5.0,1
B000GHWSGG,5.0,1
B000GHWQ4U,5.0,1
B000GHVV78,4.0,1
B000GHVUNI,5.0,1
B000GHVL50,5.0,1
B000GHVL1Y,5.0,1
B000GHVKII,5.0,1
B000GHVKD8,5.0,1
B000GGOEN2,5.0,1
B000GGMN0S,5.0,1
B000GCZYKS,4.0,1
B000GEQJX2,5.0,1
B000GEN8Q8,5.0,1
B000GEN89A,5.0,1
B000GEN7VO,5.0,1
B000GEJTO8,5.0,1
B000GEJRS6,4.0,1
B000GEJPL0,5.0,1
B000GEGELY,5.0,1
B000GEGDTC,5.0,1
B000GEEUN8,5.0,1
B000GEETR0,5.0,1
B000GED4RG,5.0,1
B000GDQYII,5.0,1
B000GDP9V6,5.0,1
B000GDCTDM,5.0,1
B000GDC4GE,4.0,1
B000GDAZ38,5.0,1
B000GD9A16,5.0,1
B000GD5SXK,5.0,1
B000GD03DK,5.0,1
B000GD02LI,5.0,1
B000GCZZ6Q,5.0,1
B000GETWKE,5.0,1
B000GEW9Z4,5.0,1
B000GGM1FA,5.0,1
B000GEWA0S,5.0,1
B000GGC4LQ,5.0,1
B000GGC4I4,5.0,1
B000GG9BXU,5.0,1
B000GG97NE,5.0,1
B000GG97B6,5.0,1
B000GG7NTY,5.0,1
B000GG7F24,4.0,1
B000GG68HW,5.0,1
B000GG2HIG,5.0,1
B000GG0VQ6,5.0,1
B000GFZWCK,5.0,1
B000GFUUMW,4.0,1
B000GFUUM2,5.0,1
B000GFJUIW,5.0,1
B000GFDANS,4.0,1
B000GFD5VA,5.0,1
B000GF7MZU,4.0,1
B000GF3QEQ,5.0,1
B000GF1GPW,5.0,1
B000GEZWVW,5.0,1
B000GEZWS0,5.0,1
B000GEY5HE,5.0,1
B000G13JGK,5.0,1
B000FPI3M2,5.0,1
B000FQ5SQK,5.0,1
B000FQ5NA6,5.0,1
B000FQ5GYO,5.0,1
B000FQ4YR4,5.0,1
B000FQ2HFU,4.0,1
B000FQ1A12,5.0,1
B000FQ0QOY,5.0,1
B000FQ0QO4,5.0,1
B000FPYY0C,5.0,1
B000FPUKF0,4.0,1
B000FPRJ3G,5.0,1
B000FPOA7Y,5.0,1
B000FPEOLG,4.0,1
B000FPB2GG,5.0,1
B000FP6C20,5.0,1
B000FP5LKY,5.0,1
B000FP4A10,5.0,1
B000FP3VDS,5.0,1
B000FP3MB4,5.0,1
B000FP3G9C,4.0,1
B000FP3F5W,5.0,1
B000FP35DO,4.0,1
B000FP359I,5.0,1
B000FOYTBW,5.0,1
B000FOX0XK,5.0,1
B000FQ5TA0,4.0,1
B000FQ5VG2,5.0,1
B000FQNP9W,5.0,1
B000FQNP6K,5.0,1
B000FQNOAC,5.0,1
B000FQNINA,4.0,1
B000FQNDSK,4.0,1
B000FQND80,5.0,1
B000FQN9SY,4.0,1
B000FQN77M,5.0,1
B000FQN2OK,4.0,1
B000FQN2EA,5.0,1
B000FQN2E0,5.0,1
B000FQMMXW,5.0,1
B000FQMMWS,4.0,1
B000FQFTI2,4.0,1
B000FQCGWO,5.0,1
B000FQAM8Y,5.0,1
B000FQ86SC,5.0,1
B000FQ677O,5.0,1
B000FQ672E,5.0,1
B000FQ5WP2,5.0,1
B000FQ5W6Q,5.0,1
B000FQ5W5C,4.0,1
B000FOWJFU,4.0,1
B000FOUSQC,5.0,1
B000FOU2K4,4.0,1
B000FL9ENS,5.0,1
B000FL9EJW,5.0,1
B000FL9EDS,5.0,1
B000FL5OWS,4.0,1
B000FL5OVY,5.0,1
B000FL5OUA,5.0,1
B000FL5OTG,4.0,1
B000FL5L1M,5.0,1
B000FL5KNG,5.0,1
B000FL5C5M,5.0,1
B000FL446K,5.0,1
B000FL444M,5.0,1
B000FL3RKE,5.0,1
B000FL3RK4,5.0,1
B000FL222S,4.0,1
B000FL222I,4.0,1
B000FL221Y,5.0,1
B000FL21ZQ,4.0,1
B000FL21YM,5.0,1
B000FL1YW2,4.0,1
B000FL1YJU,5.0,1
B000FL1Y6I,4.0,1
B000FL1Y5O,5.0,1
B000FLCYU8,5.0,1
B000FLDJ7A,5.0,1
B000FOE1W4,5.0,1
B000FODYUE,5.0,1
B000FODYT0,5.0,1
B000FOAC7C,5.0,1
B000FO6MCQ,5.0,1
B000FNSJSM,5.0,1
B000FNM9X8,5.0,1
B000FNKLCY,4.0,1
B000FNKL4M,5.0,1
B000FNHV7W,5.0,1
B000FNGJJI,5.0,1
B000FN8EXC,5.0,1
B000FN8C3Y,5.0,1
B000FMTYMI,5.0,1
B000FMJAAY,5.0,1
B000FM0YCM,4.0,1
B000FLYE0G,5.0,1
B000FLY1UE,5.0,1
B000FLUCJS,5.0,1
B000FLSCPE,4.0,1
B000FLG7G0,5.0,1
B000FQNQXC,5.0,1
B000FQNREA,4.0,1
B000FQNSYO,5.0,1
B000FXWC8K,5.0,1
B000FXV538,5.0,1
B000FXV51U,5.0,1
B000FXV50Q,5.0,1
B000FXV4XO,5.0,1
B000FXV4XE,5.0,1
B000FXT2T2,5.0,1
B000FXT2Q0,5.0,1
B000FXT2O2,5.0,1
B000FX2XV6,5.0,1
B000FW9KUO,4.0,1
B000FVZBRQ,5.0,1
B000FVXU7E,5.0,1
B000FVXHA4,4.0,1
B000FVUD7O,5.0,1
B000FVUD74,5.0,1
B000FVHRSM,5.0,1
B000FVEL22,5.0,1
B000FVEGLI,5.0,1
B000FVB2KG,4.0,1
B000FVB2I8,5.0,1
B000FVB26A,5.0,1
B000FVB20G,4.0,1
B000FVAS56,5.0,1
B000FVAFWW,5.0,1
B000FXV84O,5.0,1
B000FXY2WO,5.0,1
B000FUJEHU,5.0,1
B000FXY2X8,5.0,1
B000G0X8AI,5.0,1
B000G0W52A,5.0,1
B000G0UPMM,5.0,1
B000G0SU7Y,5.0,1
B000G0PBLC,5.0,1
B000G0JZXC,4.0,1
B000G0JPXM,5.0,1
B000G0GWVK,5.0,1
B000G0FBXK,5.0,1
B000G0FBWG,5.0,1
B000G0FBW6,5.0,1
B000G04YXI,5.0,1
B000G01AB2,5.0,1
B000G014Z4,5.0,1
B000FZXE44,5.0,1
B000FZVX7O,5.0,1
B000FZDPXE,5.0,1
B000FZ50OQ,5.0,1
B000FZ50N2,5.0,1
B000FZ3AN4,4.0,1
B000FZ33D6,5.0,1
B000FXY2ZQ,5.0,1
B000FUTUYW,5.0,1
B000FUIZKC,5.0,1
B000FQOOFG,5.0,1
B000FT4TY4,5.0,1
B000FT1IW0,4.0,1
B000FSZMZU,5.0,1
B000FSYY8Q,5.0,1
B000FSFC6O,4.0,1
B000FSCC3K,5.0,1
B000FS05W0,4.0,1
B000FRYGWQ,4.0,1
B000FRL7MI,5.0,1
B000FQVR8S,4.0,1
B000FQVR4M,4.0,1
B000FQVQG6,5.0,1
B000FQVQFM,5.0,1
B000FQVQF2,5.0,1
B000FQVHUQ,5.0,1
B000FQTRQW,5.0,1
B000FQSFN8,5.0,1
B000FQSASI,5.0,1
B000FQS59C,5.0,1
B000FQS3V2,5.0,1
B000FQRANY,4.0,1
B000FT2WXO,5.0,1
B000FT4U84,5.0,1
B000FUIV88,5.0,1
B000FTDIEQ,5.0,1
B000FU597E,5.0,1
B000FU28XC,5.0,1
B000FU0WFI,5.0,1
B000FU0UI2,5.0,1
B000FU0UH8,5.0,1
B000FU0776,5.0,1
B000FTYRJG,5.0,1
B000FTYPB6,4.0,1
B000FTVC30,5.0,1
B000FTV1O0,5.0,1
B000FTUZ6A,4.0,1
B000FTSMF6,4.0,1
B000FTS0EO,5.0,1
B000FTQQJ0,5.0,1
B000FTQGQ8,5.0,1
B000FTQGHW,5.0,1
B000FTOMLO,4.0,1
B000FTO9EE,5.0,1
B000FTN1JS,5.0,1
B000FTIYR2,5.0,1
B000FTIWUG,5.0,1
B000FTHI0Q,5.0,1
B000FTEAAC,5.0,1
B000GHYPDU,5.0,1
B000GHYRVU,4.0,1
B000H6HV5O,5.0,1
B000H6ZSVI,5.0,1
B000H6ZRSW,5.0,1
B000H6ZR4G,5.0,1
B000H6UIUO,5.0,1
B000H6R1ZE,5.0,1
B000H6NS8I,4.0,1
B000H6LWC2,5.0,1
B000H6JSTQ,5.0,1
B000H6JPJY,4.0,1
B000H6HVW2,4.0,1
B000H6HV4A,5.0,1
B000H6G8M6,5.0,1
B000H6ESW8,4.0,1
B000H6CAOG,4.0,1
B000H6AFIE,4.0,1
B000H6AFH0,5.0,1
B000H69AJ4,5.0,1
B000H5N500,5.0,1
B000H6ZTAI,5.0,1
B000H6ZTKS,5.0,1
B000H6ZVSS,5.0,1
B000H73EI6,5.0,1
B000H73BUC,5.0,1
B000H73954,5.0,1
B000H73788,5.0,1
B000H724ZK,5.0,1
B000H720X6,5.0,1
B000H71XZ2,5.0,1
B000H71XOI,5.0,1
B000H71T3I,5.0,1
B000H71R80,4.0,1
B000H71Q8G,5.0,1
B000H71Q3G,5.0,1
B000H71P6O,5.0,1
B000H71O92,5.0,1
B000H71O7E,5.0,1
B000H71IA2,5.0,1
B000H71DKW,5.0,1
B000H71BDG,5.0,1
B000H707MM,4.0,1
B000H706AK,5.0,1
B000H5B2K0,5.0,1
B000H49G1I,5.0,1
B000H3GDSI,5.0,1
B000H3GD7Y,5.0,1
B000H3GC84,5.0,1
B000H3GBJO,5.0,1
B000H3GAOK,5.0,1
B000H3GAKY,5.0,1
B000H3GAH2,5.0,1
B000H3GABS,5.0,1
B000H3FBKY,5.0,1
B000H3F4WO,5.0,1
B000H3EPYM,5.0,1
B000H3EPWY,5.0,1
B000H3EP9M,5.0,1
B000H3EP92,5.0,1
B000H3EOFC,5.0,1
B000H3EMG8,5.0,1
B000H3DZQQ,5.0,1
B000H3DAMA,5.0,1
B000H3DA0W,5.0,1
B000H3D87W,5.0,1
B000H3CPRG,5.0,1
B000H3CPFS,4.0,1
B000H3CPDU,5.0,1
B000H3CP5S,5.0,1
B000H3CNDC,5.0,1
B000H3CMRE,5.0,1
B000H3CMQK,5.0,1
B000H3GE5K,5.0,1
B000H3QL9Y,5.0,1
B000H3GGB2,5.0,1
B000H3PH8U,4.0,1
B000H3PH3K,5.0,1
B000H3OPHY,5.0,1
B000H3MVVQ,4.0,1
B000H3M120,5.0,1
B000H3M0XK,5.0,1
B000H3JQLO,5.0,1
B000H3IK5W,5.0,1
B000H3IIP4,4.0,1
B000H3I43U,5.0,1
B000H3I430,4.0,1
B000H3I41C,5.0,1
B000H3I3W2,5.0,1
B000H3I3FO,5.0,1
B000H3I28M,5.0,1
B000H3I232,5.0,1
B000H3I1WY,4.0,1
B000H3I1FQ,5.0,1
B000H3I1FG,5.0,1
B000H3I1DS,4.0,1
B000H3I0M0,5.0,1
B000H3HBV6,4.0,1
B000H3HBKW,5.0,1
B000H3GUA4,5.0,1
B000H3GS7Y,4.0,1
B000H73HP6,5.0,1
B000HD411Y,5.0,1
B000HCXYEU,5.0,1
B000HCXL84,4.0,1
B000HCWZKY,5.0,1
B000HCVLS6,5.0,1
B000HBWR30,5.0,1
B000HBWQYK,5.0,1
B000HBV682,5.0,1
B000HBV65A,5.0,1
B000HBRKC8,5.0,1
B000HBP6XS,5.0,1
B000HBP6C4,5.0,1
B000HB0048,4.0,1
B000HAYC4S,5.0,1
B000HAVHDM,5.0,1
B000HAVCCS,5.0,1
B000HA8P78,4.0,1
B000H9AZKY,5.0,1
B000H967NS,5.0,1
B000HCXYGS,5.0,1
B000HD7IJG,5.0,1
B000H94KCI,5.0,1
B000HHNPA8,5.0,1
B000HHNP4O,5.0,1
B000HHMKAY,5.0,1
B000HHM770,4.0,1
B000HHM3XI,5.0,1
B000HHAPHY,5.0,1
B000HH1FDM,5.0,1
B000HH0CN6,5.0,1
B000HGZDMM,5.0,1
B000HGWA6E,5.0,1
B000HGUB10,5.0,1
B000HGS4EG,5.0,1
B000HGQ88K,4.0,1
B000HGLMWM,4.0,1
B000HGL3RQ,5.0,1
B000HGHJ5G,5.0,1
B000HGHGXG,5.0,1
B000HGGP8I,5.0,1
B000HFR88K,5.0,1
B000HFP4N6,5.0,1
B000HFMMCC,5.0,1
B000HFI5IW,4.0,1
B000HFAPF8,5.0,1
B000HF3QMC,5.0,1
B000H966OS,5.0,1
B000H73MAG,5.0,1
B000H76QXG,5.0,1
B000H76P5K,4.0,1
B000H75DJ4,4.0,1
B000H75DHG,5.0,1
B000H75DEE,5.0,1
B000H759WU,5.0,1
B000H757YA,5.0,1
B000H74Z66,5.0,1
B000H74Z02,5.0,1
B000H74YN0,5.0,1
B000H74WGE,5.0,1
B000H74PWA,5.0,1
B000H74KDE,5.0,1
B000H7406Q,5.0,1
B000H7403Y,4.0,1
B000H73VKM,5.0,1
B000H73UQC,5.0,1
B000H73TDQ,5.0,1
B000H73T2M,5.0,1
B000H73S8C,5.0,1
B000H73P9E,5.0,1
B000H76P8W,5.0,1
B000H8KM6W,5.0,1
B000H76VEA,5.0,1
B000H8DVQA,5.0,1
B000H8DUX4,4.0,1
B000H8DUHA,5.0,1
B000H8C80U,5.0,1
B000H8C7OM,5.0,1
B000H8C7F6,5.0,1
B000H8AHY4,4.0,1
B000H8ADDE,5.0,1
B000H8ADB6,5.0,1
B000H8ADAW,5.0,1
B000H8ACUS,5.0,1
B000H8ACDU,4.0,1
B000H88QTC,5.0,1
B000H88QGA,5.0,1
B000H88PNO,5.0,1
B000H86C66,5.0,1
B000H7WQ08,4.0,1
B000H7O5NE,5.0,1
B000H7MW52,5.0,1
B000H7LV2M,5.0,1
B000H7H6KS,5.0,1
B000H7H5CM,5.0,1
B000H7C1YY,5.0,1
B000H7AFP6,5.0,1
B000H77TJG,5.0,1
B000H3CMNI,5.0,1
B000H3CM6A,5.0,1
B000GHYSFA,5.0,1
B000GIXA1C,5.0,1
B000GJS14C,5.0,1
B000GJQAHW,5.0,1
B000GJOWDQ,5.0,1
B000GJ7C2Y,5.0,1
B000GJ5EVA,5.0,1
B000GJ5EUG,5.0,1
B000GJ52ZS,5.0,1
B000GJ3F4S,5.0,1
B000GJ3F16,5.0,1
B000GJ3ETO,5.0,1
B000GJ01JK,5.0,1
B000GIW748,5.0,1
B000H3BZCW,4.0,1
B000GISWT2,5.0,1
B000GIPN6C,5.0,1
B000GIP9BG,5.0,1
B000GIOBW4,5.0,1
B000GINPHG,5.0,1
B000GIL18G,5.0,1
B000GIL11S,5.0,1
B000GIL0T6,5.0,1
B000GIJ27S,5.0,1
B000GIJ1WY,5.0,1
B000GIJ1QK,4.0,1
B000GJSJOE,5.0,1
B000GJT7ZO,5.0,1
B000GJT9KW,5.0,1
B000GK413G,5.0,1
B000GLA0XK,5.0,1
B000GL8ZVE,5.0,1
B000GL783K,4.0,1
B000GL76R8,5.0,1
B000GL76JG,5.0,1
B000GL6UWK,5.0,1
B000GL571U,5.0,1
B000GL52GK,5.0,1
B000GKVRO2,5.0,1
B000GKTNNO,5.0,1
B000GKPHXY,5.0,1
B000GKOWIK,4.0,1
B000GKN1NC,5.0,1
B000GKN1HI,5.0,1
B000GKKXGK,5.0,1
B000GKII9Y,5.0,1
B000GKF3C4,4.0,1
B000GKF306,5.0,1
B000GKF2XY,5.0,1
B000GKF2UW,5.0,1
B000GKEZB4,5.0,1
B000GKDB50,5.0,1
B000GK9JQU,4.0,1
B000GIJ1PQ,5.0,1
B000GIJ1GU,5.0,1
B000GIH2O8,5.0,1
B000GI0SE4,4.0,1
B000GI0RQS,5.0,1
B000GI0P7O,5.0,1
B000GI0OD4,4.0,1
B000GI0OAC,4.0,1
B000GI0NOY,5.0,1
B000GHZLME,5.0,1
B000GHZ9JY,5.0,1
B000GHYXNC,5.0,1
B000GHYXBO,5.0,1
B000GHYXBE,5.0,1
B000GHYWZG,5.0,1
B000GHYWMY,5.0,1
B000GHYWCO,5.0,1
B000GHYWAG,5.0,1
B000GHYVY8,5.0,1
B000GHYVVQ,4.0,1
B000GHYUVC,5.0,1
B000GHYUOY,5.0,1
B000GHYUMG,5.0,1
B000GHYU76,5.0,1
B000GHYTV8,5.0,1
B000GHYTPE,5.0,1
B000GHYTHW,5.0,1
B000GHYT7M,5.0,1
B000GI0SBW,5.0,1
B000GI0T9I,5.0,1
B000GIH2NE,5.0,1
B000GIH1YY,5.0,1
B000GIH1VW,5.0,1
B000GIH1LM,5.0,1
B000GIH1E4,5.0,1
B000GI5JW0,5.0,1
B000GI3UIA,5.0,1
B000GI3UDK,4.0,1
B000GI3UCQ,4.0,1
B000GI3UCG,5.0,1
B000GI3TV8,5.0,1
B000GI3TP4,5.0,1
B000GI3TOK,5.0,1
B000GI3TMW,5.0,1
B000GI0X8K,4.0,1
B000GI0WTA,5.0,1
B000GI0WMM,5.0,1
B000GI0WL8,5.0,1
B000GI0WJA,5.0,1
B000GI0WI6,5.0,1
B000GI0WB8,5.0,1
B000GI0VA0,5.0,1
B000GI0V8C,5.0,1
B000GLA3O6,5.0,1
B000GLA55I,5.0,1
B000H0VVU6,5.0,1
B000H0U25Q,4.0,1
B000H0S2JE,5.0,1
B000GZDWJ0,5.0,1
B000GZBWYC,5.0,1
B000GZBW4C,5.0,1
B000GZBAJO,5.0,1
B000GZ9XOS,5.0,1
B000GZ9JEC,4.0,1
B000GZ9JA6,5.0,1
B000GZ9J9M,5.0,1
B000GZ9IUC,5.0,1
B000GZ7G92,4.0,1
B000GYVNHY,5.0,1
B000GXHJR8,5.0,1
B000GX8UGC,5.0,1
B000GX8UA8,5.0,1
B000GX575E,5.0,1
B000GX56XM,5.0,1
B000GX56VY,5.0,1
B000GX3ZD0,4.0,1
B000H0W1V4,5.0,1
B000H0WEOS,5.0,1
B000GWZN22,5.0,1
B000H0XV36,4.0,1
B000H3BZCC,5.0,1
B000H3AZA0,5.0,1
B000H38ZCU,5.0,1
B000H36ZZY,5.0,1
B000H34EYI,5.0,1
B000H31CDE,5.0,1
B000H30FOG,4.0,1
B000H30FO6,5.0,1
B000H30FGO,5.0,1
B000H30FFK,5.0,1
B000H30EWE,5.0,1
B000H30ET2,5.0,1
B000H30ENI,5.0,1
B000H30EE2,5.0,1
B000H2QQAE,5.0,1
B000H2QQ7C,5.0,1
B000H2QQ6S,5.0,1
B000H2P0VA,5.0,1
B000H2P0TW,5.0,1
B000H2J4XK,5.0,1
B000H2J4Q2,5.0,1
B000H2BPHI,4.0,1
B000H296GU,5.0,1
B000H14SA0,5.0,1
B000H0Y5CC,4.0,1
B000GX2YVY,5.0,1
B000GWQLAK,5.0,1
B000GLA774,5.0,1
B000GQ1PMK,4.0,1
B000GPWCIM,5.0,1
B000GPWCBE,5.0,1
B000GPWBO2,5.0,1
B000GPUW1Q,4.0,1
B000GPTSRK,5.0,1
B000GPTLZE,4.0,1
B000GPO96U,4.0,1
B000GPMACK,5.0,1
B000GPBMVA,5.0,1
B000GP9P82,5.0,1
B000GP9BRM,4.0,1
B000GP78O0,5.0,1
B000GP30GA,5.0,1
B000GP2M8C,5.0,1
B000GOL6AI,5.0,1
B000GOIYQM,5.0,1
B000GLRR54,5.0,1
B000GLNQHM,5.0,1
B000GLGBQU,4.0,1
B000GLEMO8,5.0,1
B000GLEMKW,4.0,1
B000GLEM52,5.0,1
B000GLDTFQ,5.0,1
B000GLCUTC,5.0,1
B000GLCHX6,4.0,1
B000GLB3DG,4.0,1
B000GQ2U24,5.0,1
B000GWPDYK,5.0,1
B000GQ3JLK,5.0,1
B000GWP28W,4.0,1
B000GWKY1C,4.0,1
B000GWKVV0,5.0,1
B000GWJEHW,5.0,1
B000GWFBLK,5.0,1
B000GVQUZM,4.0,1
B000GV85IM,4.0,1
B000GV2QB4,5.0,1
B000GUKT0U,5.0,1
B000GUDDNK,5.0,1
B000GU8QK0,5.0,1
B000GU8HWM,5.0,1
B000GU4TRY,5.0,1
B000GTGVNU,5.0,1
B000GTBLTY,5.0,1
B000GTAUQY,5.0,1
B000GTAFLO,5.0,1
B000GSB1TU,5.0,1
B000GRXG5S,5.0,1
B000GRCAAU,5.0,1
B000GRB3RQ,5.0,1
B000GR5PKC,5.0,1
B000GR5PK2,5.0,1
B000GR5958,5.0,1
B000FKMI78,5.0,1
B000FKLN9M,5.0,1
B000CSVJRS,5.0,1
B000DN7BTC,5.0,1
B000DN6I3W,5.0,1
B000DLB2BC,5.0,1
B000DLB2AI,5.0,1
B000DLB23K,5.0,1
B000DINCOA,5.0,1
B000DEN0YQ,5.0,1
B000CSZSQQ,5.0,1
B000CSYXZ8,5.0,1
B000CSXHD2,5.0,1
B000CSWOE0,5.0,1
B000CSWM9M,4.0,1
B000CSSO1M,5.0,1
B000CONG6O,5.0,1
B000CSQV2Q,5.0,1
B000CSOWBS,5.0,1
B000CSNAG6,5.0,1
B000CSLIJ2,5.0,1
B000CS7HBK,5.0,1
B000CRT9QC,5.0,1
B000CRT9OY,5.0,1
B000CROIU4,4.0,1
B000CRHC2A,5.0,1
B000CRHBI0,5.0,1
B000CRDN8W,4.0,1
B000DZE7FG,5.0,1
B000DZEMKG,5.0,1
B000DZG0Y2,4.0,1
B000DZL5ZQ,5.0,1
B000E28WJU,5.0,1
B000E264QI,5.0,1
B000E264PE,4.0,1
B000E243UM,5.0,1
B000E209XW,5.0,1
B000E1ZWH6,5.0,1
B000E1PIZW,5.0,1
B000E1HEWW,5.0,1
B000E1FERY,5.0,1
B000E1ER9A,5.0,1
B000E1EE3E,5.0,1
B000E1D95S,5.0,1
B000E1C300,5.0,1
B000E1ADPC,5.0,1
B000E19ARO,4.0,1
B000E177MY,5.0,1
B000E16DLU,5.0,1
B000E159FG,5.0,1
B000E0K7Q8,5.0,1
B000E0K7P4,5.0,1
B000E0IO1I,5.0,1
B000E0DPEY,5.0,1
B000DZTAUI,5.0,1
B000DZTA94,5.0,1
B000DZR5K0,5.0,1
B000DZQSPS,5.0,1
B000CRBGD6,4.0,1
B000CR4N86,5.0,1
B000CQYLKW,5.0,1
B000CQYLEI,4.0,1
B000CQYL2A,5.0,1
B000CQYIWI,5.0,1
B000CQYIHS,5.0,1
B000CQYGV6,5.0,1
B000CQY1SY,5.0,1
B000CQW5DW,5.0,1
B000CQU386,5.0,1
B000CQPHDC,4.0,1
B000CQM56O,5.0,1
B000CQH0I2,5.0,1
B000CQEXOQ,5.0,1
B000CQ36SK,5.0,1
B000CQ36RG,5.0,1
B000CQ36JO,5.0,1
B000CQ2TP6,5.0,1
B000CPIQZO,5.0,1
B000CPIL9K,5.0,1
B000CP8BWC,5.0,1
B000CP2MEA,5.0,1
B000CQYMGA,5.0,1
B000CR4LG0,5.0,1
B000CQYOEA,5.0,1
B000CR4LBA,5.0,1
B000CR4KT8,4.0,1
B000CR4K6Q,4.0,1
B000CR4HV4,4.0,1
B000CR4HDM,4.0,1
B000CR3XYQ,5.0,1
B000CR3KT4,5.0,1
B000CR2INI,5.0,1
B000CR2HJS,5.0,1
B000CR2GR6,4.0,1
B000CR2GFI,5.0,1
B000CR2DOW,5.0,1
B000CR2BVC,4.0,1
B000CR1UX2,5.0,1
B000CR0KJ2,5.0,1
B000CR0J2A,5.0,1
B000CR0IIA,5.0,1
B000CR0ICQ,5.0,1
B000CR0GZA,5.0,1
B000CR0GFA,4.0,1
B000CR0F1U,5.0,1
B000E39PPO,5.0,1
B000EECUFA,5.0,1
B000EDYPFY,5.0,1
B000ED70VK,5.0,1
B000EBTOL6,5.0,1
B000EBMQCU,5.0,1
B000EBKXF2,5.0,1
B000EBFJTW,5.0,1
B000EBBI4W,4.0,1
B000EB7TAY,5.0,1
B000EB7K4O,5.0,1
B000EB5PW8,4.0,1
B000EAIF7Q,5.0,1
B000E9Q9KM,5.0,1
B000E9DWPM,5.0,1
B000E9C4JC,5.0,1
B000E93XGA,5.0,1
B000E8XO7E,5.0,1
B000E84XX8,4.0,1
B000E80J22,4.0,1
B000E80EDQ,5.0,1
B000E80EA4,5.0,1
B000EE8Z4U,5.0,1
B000EEDXW4,5.0,1
B000E7YL4U,5.0,1
B000EERA0U,5.0,1
B000EGKAIC,4.0,1
B000EGKA0K,5.0,1
B000EGK52S,5.0,1
B000EGK514,4.0,1
B000EGJIKS,4.0,1
B000EGIWRI,5.0,1
B000EGIQGK,5.0,1
B000EGILHO,5.0,1
B000EGIFQG,5.0,1
B000EGIFIY,5.0,1
B000EGIFCA,4.0,1
B000EGIF84,5.0,1
B000EGIEFS,5.0,1
B000EGIEEY,5.0,1
B000EG85NO,5.0,1
B000EG4FCY,5.0,1
B000EG1P3G,5.0,1
B000EFZI7G,5.0,1
B000EF3M9M,5.0,1
B000EF1FW8,5.0,1
B000EEZB1U,5.0,1
B000EETZY4,5.0,1
B000E7ZOPA,5.0,1
B000E7YKD2,5.0,1
B000E3BZNE,4.0,1
B000E7SRX6,5.0,1
B000E73VYG,5.0,1
B000E6JPRE,5.0,1
B000E66OWI,4.0,1
B000E62TKE,4.0,1
B000E5S87S,5.0,1
B000E5S1W0,4.0,1
B000E5KTTI,5.0,1
B000E5GIZM,4.0,1
B000E5EGDS,4.0,1
B000E4JPB2,5.0,1
B000E49T7W,5.0,1
B000E49T4U,5.0,1
B000E48PIG,5.0,1
B000E3YSL0,5.0,1
B000E3WXF8,5.0,1
B000E3WMB8,5.0,1
B000E3W9OI,4.0,1
B000E3UNX2,5.0,1
B000E3TX2E,5.0,1
B000E3FEC2,5.0,1
B000E3C024,4.0,1
B000E7P7DE,5.0,1
B000E7SSEE,5.0,1
B000E7YKCI,5.0,1
B000E7YK2S,5.0,1
B000E7YK28,5.0,1
B000E7YK1Y,5.0,1
B000E7YJTM,5.0,1
B000E7YJT2,5.0,1
B000E7YJRE,5.0,1
B000E7YJNS,5.0,1
B000E7WIKO,4.0,1
B000E7WI9K,5.0,1
B000E7WG9W,4.0,1
B000E7VK9E,5.0,1
B000E7UFMM,5.0,1
B000E7UE5U,5.0,1
B000E7UDZ6,5.0,1
B000E7UDY2,5.0,1
B000E7UDVU,5.0,1
B000E7UDUQ,5.0,1
B000E7UDNI,5.0,1
B000E7STNE,5.0,1
B000E7SSJE,5.0,1
B000CORRLY,4.0,1
B000COHGLK,5.0,1
B000FKLN56,4.0,1
B000C235R6,5.0,1
B000C2ZKU6,5.0,1
B000C2YYQM,4.0,1
B000C2IZRG,5.0,1
B000C2IDEQ,5.0,1
B000C238QO,5.0,1
B000C238PA,5.0,1
B000C238P0,5.0,1
B000C238NW,4.0,1
B000C2378I,5.0,1
B000C2376U,5.0,1
B000C236PM,5.0,1
B000C235UI,5.0,1
B000COHG3S,5.0,1
B000C232MY,5.0,1
B000C232CY,5.0,1
B000C232CO,5.0,1
B000C230SU,5.0,1
B000C230RQ,5.0,1
B000C230QW,5.0,1
B000C230JY,5.0,1
B000C21CM6,4.0,1
B000C21CIK,5.0,1
B000C21BEK,5.0,1
B000C21BE0,5.0,1
B000C33MP0,5.0,1
B000C4DJCK,5.0,1
B000C4E92Y,5.0,1
B000CBQOA2,5.0,1
B000CBQI6W,4.0,1
B000CBQHZY,5.0,1
B000CBQ63M,5.0,1
B000CBOT7C,4.0,1
B000CBLIW6,5.0,1
B000CBHY7O,4.0,1
B000CBHOX8,4.0,1
B000CBFZIY,4.0,1
B000CBFZHU,5.0,1
B000CBDUYK,5.0,1
B000CBCRFS,5.0,1
B000CA3FIM,5.0,1
B000C7QV7W,5.0,1
B000C60KW0,5.0,1
B000C5YBKI,5.0,1
B000C4RRD2,5.0,1
B000C4Q300,5.0,1
B000C4MDSG,5.0,1
B000C21BCC,4.0,1
B000C21B36,5.0,1
B000C21AEG,4.0,1
B000C21398,5.0,1
B000C2130C,5.0,1
B000C212Y4,5.0,1
B000C212PS,5.0,1
B000C212LW,4.0,1
B000C212KS,5.0,1
B000C212GW,5.0,1
B000C211JA,5.0,1
B000C21122,4.0,1
B000C210GO,5.0,1
B000C210F0,5.0,1
B000C210BY,5.0,1
B000C20ZME,5.0,1
B000C20ZHO,5.0,1
B000C20ZEW,4.0,1
B000C20Z6A,5.0,1
B000C20Z60,5.0,1
B000C1ZFK2,5.0,1
B000C1ZFCA,5.0,1
B000C1ZDZO,4.0,1
B000C1ZDUE,5.0,1
B000C1ZC96,5.0,1
B000C1ZC82,5.0,1
B000C21384,4.0,1
B000C21A5K,5.0,1
B000C213BG,5.0,1
B000C219KG,5.0,1
B000C219DS,5.0,1
B000C218XY,5.0,1
B000C218K2,4.0,1
B000C218D4,5.0,1
B000C217QC,5.0,1
B000C2171C,5.0,1
B000C2163G,5.0,1
B000C215SC,5.0,1
B000C2150K,5.0,1
B000C214OC,5.0,1
B000C214H4,5.0,1
B000C214G0,5.0,1
B000C214FQ,5.0,1
B000C214DI,4.0,1
B000C2143I,5.0,1
B000C213Y8,5.0,1
B000C213TS,5.0,1
B000C213SE,5.0,1
B000C213PC,5.0,1
B000CBR7EO,4.0,1
B000CBXDT2,5.0,1
B000CL992C,5.0,1
B000CL6H6S,5.0,1
B000CL5732,5.0,1
B000CKKMYM,4.0,1
B000CKBK2A,5.0,1
B000CK5N78,5.0,1
B000CK2AAG,5.0,1
B000CK1X5E,5.0,1
B000CK0D4Q,5.0,1
B000CJOGSG,5.0,1
B000CJ9L72,4.0,1
B000CIIG7O,5.0,1
B000CIFGJK,5.0,1
B000CIECZE,5.0,1
B000CIDYRG,5.0,1
B000CIBVHQ,5.0,1
B000CGD0CC,5.0,1
B000CGB312,5.0,1
B000CFRCU4,4.0,1
B000CFKFMQ,5.0,1
B000CFI20S,5.0,1
B000CEZ3YC,5.0,1
B000CET15Y,5.0,1
B000CET12C,5.0,1
B000CESZQK,5.0,1
B000CESYSO,4.0,1
B000CESYI4,5.0,1
B000CESY7A,5.0,1
B000CLJ1WA,5.0,1
B000COH65G,5.0,1
B000COF38S,4.0,1
B000CNTQL4,5.0,1
B000CNOBG4,5.0,1
B000CNO4BQ,5.0,1
B000CNMM7E,5.0,1
B000CNMM6U,5.0,1
B000CNMM56,5.0,1
B000CNMM0G,5.0,1
B000CNKF8M,5.0,1
B000CNKC6M,5.0,1
B000CNKC3K,4.0,1
B000CNKC30,5.0,1
B000CNJA6K,5.0,1
B000CNJ88K,5.0,1
B000CMUEPC,5.0,1
B000CMSW74,5.0,1
B000CMKJNE,5.0,1
B000CMKGHS,5.0,1
B000CMKFQU,5.0,1
B000CLL2HC,5.0,1
B000CER21O,5.0,1
B000CC1E9M,5.0,1
B000CDCNKA,5.0,1
B000CD7TK4,5.0,1
B000CD5H80,5.0,1
B000CD5GI6,5.0,1
B000CD5GEK,5.0,1
B000CD5EJC,5.0,1
B000CD59QA,5.0,1
B000CD3RX2,4.0,1
B000CD3HDM,4.0,1
B000CD3FB6,5.0,1
B000CD32K0,5.0,1
B000CCZ8CG,5.0,1
B000CCXN5A,5.0,1
B000CCXN1O,5.0,1
B000CCXMY2,5.0,1
B000CCOUWK,5.0,1
B000CCN1VQ,5.0,1
B000CCK54C,5.0,1
B000CCFTO8,5.0,1
B000CC9ERG,5.0,1
B000CC89M2,5.0,1
B000CDCN64,5.0,1
B000CDHIWI,5.0,1
B000CER03Y,5.0,1
B000CDIQGA,5.0,1
B000CEQZE4,5.0,1
B000CEQZD0,5.0,1
B000CEQZ9Y,5.0,1
B000CEQZ6M,4.0,1
B000CEOTBU,5.0,1
B000CEOSPC,5.0,1
B000CEOQVI,4.0,1
B000CEOD7A,4.0,1
B000CENSC6,5.0,1
B000CEMSWM,5.0,1
B000CEMS7W,4.0,1
B000CEF7UC,5.0,1
B000CEERRQ,5.0,1
B000CEDVGE,5.0,1
B000CED1AU,4.0,1
B000CECRK0,5.0,1
B000CEBTVS,5.0,1
B000CEAWZW,5.0,1
B000CEAWKC,5.0,1
B000CEAML6,5.0,1
B000CEAENM,5.0,1
B000CE8QY6,5.0,1
B000CE8L7S,5.0,1
B000CE89BQ,5.0,1
B000CDY8EY,5.0,1
B000CDY66Y,5.0,1
B000CDT6UA,5.0,1
B000EGMBJI,4.0,1
B000EGMBT8,5.0,1
B000EGMCBU,5.0,1
B000FBF518,5.0,1
B000FBUQMQ,4.0,1
B000FBP18U,5.0,1
B000FBNYUC,5.0,1
B000FBMS36,5.0,1
B000FBMNZO,5.0,1
B000FBMLAG,5.0,1
B000FBL0S0,4.0,1
B000FBK5JU,5.0,1
B000FBHC9Q,5.0,1
B000FBF66C,4.0,1
B000FAMG7U,4.0,1
B000FAKUKU,4.0,1
B000FAIQZG,5.0,1
B000FAFDUC,5.0,1
B000FAE2G8,5.0,1
B000FAE25Y,5.0,1
B000FAD88G,5.0,1
B000FAC28I,5.0,1
B000FA9B4Q,5.0,1
B000FA86M4,5.0,1
B000FA7S1O,4.0,1
B000FBUV5S,5.0,1
B000FBUVFS,5.0,1
B000FBWVJM,5.0,1
B000FFWLT8,4.0,1
B000FFVRKC,5.0,1
B000FFUHYO,5.0,1
B000FF9ON4,4.0,1
B000FF3R8C,5.0,1
B000FEY01G,5.0,1
B000FERGEO,5.0,1
B000FELXG6,5.0,1
B000FEI06W,4.0,1
B000FE7FHC,5.0,1
B000FE0ERU,5.0,1
B000FDZEBM,5.0,1
B000FDXSGU,5.0,1
B000FDXM0C,5.0,1
B000FDSW2K,5.0,1
B000FDMLUY,5.0,1
B000FDFO2G,5.0,1
B000FDCXZ2,5.0,1
B000FD856S,5.0,1
B000FD7E38,5.0,1
B000FCTGDA,5.0,1
B000FCRQ8W,5.0,1
B000FCQ0Y8,5.0,1
B000FCNM1M,4.0,1
B000FCGF0C,5.0,1
B000FCEI06,5.0,1
B000FA2990,5.0,1
B000F9RLY4,4.0,1
B000F5VX4C,5.0,1
B000F5QQFS,5.0,1
B000F5QPWM,5.0,1
B000F5QPUO,4.0,1
B000F5K7SA,5.0,1
B000F5IM96,5.0,1
B000F5CDP0,5.0,1
B000F4Y2QE,5.0,1
B000F4XWJW,5.0,1
B000F4XOZY,5.0,1
B000F4IO22,5.0,1
B000F4IL48,5.0,1
B000F4GLPO,5.0,1
B000F4GLN6,5.0,1
B000F4GLJA,5.0,1
B000F4EPLQ,5.0,1
B000F4EMOQ,5.0,1
B000F4EBTW,4.0,1
B000F4D0XA,5.0,1
B000F4D0IU,5.0,1
B000F4D0DK,5.0,1
B000F5UF5U,4.0,1
B000F630TC,4.0,1
B000F94KYS,5.0,1
B000F8TT7W,4.0,1
B000F8TT4K,5.0,1
B000F8HYK6,5.0,1
B000F8FJZ8,5.0,1
B000F7WVGE,5.0,1
B000F7V6I8,4.0,1
B000F7RCGS,5.0,1
B000F7R52E,5.0,1
B000F7MJDO,5.0,1
B000F7IAGO,5.0,1
B000F7E7EI,5.0,1
B000F7E7A2,5.0,1
B000F78HVC,5.0,1
B000F6NUQA,5.0,1
B000F6LYMC,5.0,1
B000F6LYJA,5.0,1
B000F6LYIG,4.0,1
B000F6K0M2,5.0,1
B000F6H016,5.0,1
B000F68MDG,4.0,1
B000F675M0,4.0,1
B000F65JVY,5.0,1
B000FFXG38,5.0,1
B000FFZ1XQ,5.0,1
B000FFZ1Z4,5.0,1
B000FKHY3G,5.0,1
B000FKHXMS,5.0,1
B000FKHXLO,5.0,1
B000FKHXGY,5.0,1
B000FKHU7Q,5.0,1
B000FKHNPA,5.0,1
B000FKHLB6,5.0,1
B000FKHL8E,5.0,1
B000FKHIFK,5.0,1
B000FKGT46,5.0,1
B000FKGT2S,4.0,1
B000FKGSFG,5.0,1
B000FKGSF6,5.0,1
B000FKGROS,5.0,1
B000FKGRMU,5.0,1
B000FKGRM0,5.0,1
B000FKGR52,5.0,1
B000FKGKAY,5.0,1
B000FKGJ6Y,4.0,1
B000FKGJ2S,4.0,1
B000FKGHMK,5.0,1
B000FKGG76,5.0,1
B000FKGF36,5.0,1
B000FKEU06,4.0,1
B000FK88U4,5.0,1
B000FK3D68,5.0,1
B000FKHXZA,5.0,1
B000FKJLT6,4.0,1
B000FKJLUK,4.0,1
B000FKLMXO,5.0,1
B000FKLMXE,4.0,1
B000FKLMWU,5.0,1
B000FKLMVG,5.0,1
B000FKLMN4,5.0,1
B000FKLMK2,5.0,1
B000FKLLXU,5.0,1
B000FKLL3K,5.0,1
B000FKLCH0,5.0,1
B000FKK0BE,5.0,1
B000FKK03M,5.0,1
B000FKK01Y,5.0,1
B000FKK00U,5.0,1
B000FKJZKQ,5.0,1
B000FKJZDS,5.0,1
B000FKJZ2Y,5.0,1
B000FKJYDY,5.0,1
B000FKJR9A,5.0,1
B000FKJR2C,5.0,1
B000FKJPR4,5.0,1
B000FKJPQU,5.0,1
B000FKJPAG,5.0,1
B000FKJP10,4.0,1
B000FK1Y6O,5.0,1
B000FJVP46,5.0,1
B000FFZ28A,5.0,1
B000FH6QHY,5.0,1
B000FH0WGU,5.0,1
B000FH0QVQ,5.0,1
B000FH0P2G,5.0,1
B000FGZ3GA,4.0,1
B000FGZ338,5.0,1
B000FGXJLQ,5.0,1
B000FGXBJ6,5.0,1
B000FGXB4G,5.0,1
B000FGXAVU,5.0,1
B000FGWPE8,5.0,1
B000FGW99Y,5.0,1
B000FGW14M,5.0,1
B000FGW13S,5.0,1
B000FGW0R0,5.0,1
B000FGW0J8,5.0,1
B000FGE5L4,5.0,1
B000FGD3E4,5.0,1
B000FGBW0Q,5.0,1
B000FGAGDA,5.0,1
B000FG8SXU,5.0,1
B000FH9G58,5.0,1
B000FHD7AI,4.0,1
B000FHDA28,5.0,1
B000FJUCLS,5.0,1
B000FJU2AE,5.0,1
B000FJS8PK,5.0,1
B000FJS3QE,4.0,1
B000FJR09A,4.0,1
B000FJQXHK,5.0,1
B000FJQP3W,5.0,1
B000FJQFH8,5.0,1
B000FJOUAC,4.0,1
B000FJGGCC,4.0,1
B000FJA9TI,5.0,1
B000FJ4CO6,5.0,1
B000FJ2I1K,5.0,1
B000FJ17YO,4.0,1
B000FIZB60,5.0,1
B000FIZB5G,5.0,1
B000FIOYN6,5.0,1
B000FINKN6,5.0,1
B000FINKFY,5.0,1
B000FII2C0,4.0,1
B000FIDOC8,5.0,1
B000FI2X4S,5.0,1
B000FI0ZTI,5.0,1
B000FHEPVS,5.0,1
B000F3SBNK,5.0,1
B000F3Q0WE,5.0,1
B000EP5XC6,5.0,1
B000EOZM0A,5.0,1
B000EOWXY8,5.0,1
B000EOPKX4,5.0,1
B000EOP2J6,5.0,1
B000EON3RY,5.0,1
B000EOJ7A6,5.0,1
B000EOGZYC,5.0,1
B000EOGB9Q,4.0,1
B000EOEBCA,5.0,1
B000EODU40,5.0,1
B000EODF9U,5.0,1
B000EO8T78,5.0,1
B000EO8QV2,5.0,1
B000EO70I2,5.0,1
B000EO67V8,4.0,1
B000ENZ4SQ,4.0,1
B000ENR64G,5.0,1
B000ENOTV4,5.0,1
B000ENMPNS,5.0,1
B000ENMLG4,4.0,1
B000ENKO1S,5.0,1
B000EP5D6M,5.0,1
B000EP6NNO,5.0,1
B000EN9PUE,5.0,1
B000EP7B58,5.0,1
B000ERAGJO,4.0,1
B000EQYWMM,5.0,1
B000EQYOKC,5.0,1
B000EQYM22,4.0,1
B000EQX8E0,5.0,1
B000EQWXXM,5.0,1
B000EQT0X8,5.0,1
B000EQDKF2,5.0,1
B000EQBILA,5.0,1
B000EQ89O4,5.0,1
B000EQ89IA,4.0,1
B000EQ46PU,5.0,1
B000EQ3P98,5.0,1
B000EPZSNK,5.0,1
B000EPWMM0,5.0,1
B000EPIQGG,5.0,1
B000EPHVOY,4.0,1
B000EPCZVI,5.0,1
B000EP98NQ,5.0,1
B000EP98NG,5.0,1
B000EP8FQM,5.0,1
B000EP7CAW,5.0,1
B000EP7CAC,5.0,1
B000EN9KHW,5.0,1
B000ERHO2Q,5.0,1
B000EIA3X2,5.0,1
B000EHYZIW,5.0,1
B000EHYOGA,4.0,1
B000EHIW04,5.0,1
B000EH4TQA,5.0,1
B000EH0EP0,5.0,1
B000EGSBQU,4.0,1
B000EGR396,5.0,1
B000EGQ2WK,5.0,1
B000EGPSMA,5.0,1
B000EGPL9U,5.0,1
B000EGP4JW,5.0,1
B000EGOL9Q,5.0,1
B000EGOF7O,5.0,1
B000EGO9JS,5.0,1
B000EGN0UM,5.0,1
B000EGN0P2,5.0,1
B000EGN0GG,5.0,1
B000EI9OLE,5.0,1
B000EIF96I,4.0,1
B000EN9C0C,5.0,1
B000EIHT7U,4.0,1
B000EN7IQM,5.0,1
B000EN7CL8,4.0,1
B000EN7ABA,4.0,1
B000EN3HWG,5.0,1
B000EN38M0,5.0,1
B000EN0V1G,5.0,1
B000EMDKM4,5.0,1
B000EMCBLA,5.0,1
B000EM9K4G,5.0,1
B000EM9DH0,5.0,1
B000ELR1OI,5.0,1
B000ELN6TM,5.0,1
B000ELGO6E,5.0,1
B000EL1PJK,5.0,1
B000EKGG40,5.0,1
B000EK03BW,4.0,1
B000EJWBRM,5.0,1
B000EJUMA0,5.0,1
B000EJ2TD8,5.0,1
B000EIJHL6,4.0,1
B000ERITCA,4.0,1
B000F0COGI,5.0,1
B000F00N9S,5.0,1
B000EZX3FA,5.0,1
B000EZV5OQ,5.0,1
B000EZOC00,5.0,1
B000EZMJLO,5.0,1
B000EZMDP6,5.0,1
B000EYOTHM,5.0,1
B000EY8YPU,4.0,1
B000EX07TC,4.0,1
B000EWSIMQ,5.0,1
B000EWQIX2,5.0,1
B000EW51LC,5.0,1
B000EW00DG,5.0,1
B000EVL3BK,5.0,1
B000EVKYF6,5.0,1
B000EVKY8S,5.0,1
B000EVKXO8,5.0,1
B000EVKXG6,4.0,1
B000EVKX6G,5.0,1
B000EVJN2Q,5.0,1
B000EVIVOW,5.0,1
B000F0AF32,5.0,1
B000EVIVN8,5.0,1
B000F3N6RG,5.0,1
B000F3LPLA,4.0,1
B000F3J5R6,5.0,1
B000F3IHWK,5.0,1
B000F3EVWK,5.0,1
B000F3EVSE,4.0,1
B000F3DXFQ,5.0,1
B000F39BP2,5.0,1
B000F33W3E,5.0,1
B000F32MGC,5.0,1
B000F3189O,5.0,1
B000F2XXPC,5.0,1
B000F2FTGI,4.0,1
B000F1ZS38,5.0,1
B000F1T44C,5.0,1
B000F1OVRC,5.0,1
B000F1LXF0,4.0,1
B000F13XJO,5.0,1
B000F10KKO,5.0,1
B000F0Z096,4.0,1
B000EVIUX4,5.0,1
B000ES4KO0,5.0,1
B000ETVRMW,5.0,1
B000ETTNQY,5.0,1
B000ETTNNC,5.0,1
B000ETPHGY,5.0,1
B000ETPH7S,5.0,1
B000ETPGK6,5.0,1
B000ETPC3M,5.0,1
B000ETP91C,5.0,1
B000ETNK8G,5.0,1
B000ETNEL4,5.0,1
B000ETNALI,5.0,1
B000ETN2K2,5.0,1
B000ETN25C,5.0,1
B000ETL510,5.0,1
B000ETL4QQ,5.0,1
B000ETL4MK,5.0,1
B000ETL13M,5.0,1
B000ETL0NS,5.0,1
B000ETKYLM,4.0,1
B000ETKH28,5.0,1
B000ETJ4E0,5.0,1
B000ETJ2EW,5.0,1
B000ETIZCM,5.0,1
B000ETIWB6,5.0,1
B000ETIKSQ,5.0,1
B000ESQQH4,5.0,1
B000ESM6DM,5.0,1
B000ES86L8,5.0,1
B000ETTPMG,5.0,1
B000ETVRO0,5.0,1
B000ETVRPY,5.0,1
B000EVGQBW,4.0,1
B000EVGQ3A,5.0,1
B000EVGPS6,4.0,1
B000EVGPOK,5.0,1
B000EVGPAY,5.0,1
B000EVGOY6,5.0,1
B000EVGOSM,5.0,1
B000EVFJJW,5.0,1
B000EVEKWE,5.0,1
B000EVEKL0,5.0,1
B000EVEK9M,5.0,1
B000EVDEGW,5.0,1
B000EVD8GI,5.0,1
B000EUFYHU,5.0,1
B000EU671C,5.0,1
B000EU1PP0,5.0,1
B000EU1PL4,5.0,1
B000EU025O,5.0,1
B000EU01DC,5.0,1
B000ETXVL2,5.0,1
B000ETXVIU,5.0,1
B000ETXVHQ,5.0,1
B000ETXVGW,5.0,1
B000HHODJ0,5.0,1
B000HHPK5G,5.0,1
B000C1ZBGU,4.0,1
B000LSVJ0Q,4.0,1
B000LSKSFS,4.0,1
B000LSINUK,4.0,1
B000LSC05O,5.0,1
B000LSBZ8W,5.0,1
B000LRP9AS,5.0,1
B000LRM4Y2,5.0,1
B000LRLPA6,5.0,1
B000LRLOCU,5.0,1
B000LRKRFA,5.0,1
B000LRHF64,5.0,1
B000LRG6T6,5.0,1
B000LGFQC0,5.0,1
B000LRFOG2,5.0,1
B000LRDY7S,5.0,1
B000LRC1XG,5.0,1
B000LR9ZSU,4.0,1
B000LR9ZOE,4.0,1
B000LR5872,5.0,1
B000LR57Z0,5.0,1
B000LQX8A2,5.0,1
B000LQUB52,5.0,1
B000LQT6XU,5.0,1
B000LQMTAM,5.0,1
B000LQMHRW,5.0,1
B000LSVJ1U,4.0,1
B000LSVJ2O,5.0,1
B000LSVKKK,5.0,1
B000LT7S0K,4.0,1
B000LW4A08,5.0,1
B000LVWA7Y,5.0,1
B000LVW2UY,5.0,1
B000LVW1SC,5.0,1
B000LVW1PK,5.0,1
B000LVUGLQ,4.0,1
B000LVSDJS,5.0,1
B000LVE7UW,5.0,1
B000LUXRYA,5.0,1
B000LUWG4M,5.0,1
B000LUP27U,4.0,1
B000LUNAOW,5.0,1
B000LULBSO,5.0,1
B000LUK4WS,5.0,1
B000LUEFT6,5.0,1
B000LUA0AY,5.0,1
B000LU8XX0,5.0,1
B000LU7Y8K,5.0,1
B000LTO5QU,5.0,1
B000LTKD7K,5.0,1
B000LTKD52,5.0,1
B000LQHJ4S,5.0,1
B000LQFVUM,5.0,1
B000LQASFA,5.0,1
B000LNHB5S,5.0,1
B000LNEAZM,5.0,1
B000LN3BIY,5.0,1
B000LM7NE8,5.0,1
B000LM2JVU,4.0,1
B000LLYPYK,5.0,1
B000LLYKD6,5.0,1
B000LLS3TI,5.0,1
B000LKJMTY,5.0,1
B000LJS5VQ,5.0,1
B000LJRAR6,5.0,1
B000LJR6EI,5.0,1
B000LJLU6I,4.0,1
B000LJJZFQ,5.0,1
B000LJFRVM,5.0,1
B000LJC2QA,5.0,1
B000LICJ3W,5.0,1
B000LI9XJ0,5.0,1
B000LHTPGM,5.0,1
B000LGM1LY,5.0,1
B000LNGBN6,4.0,1
B000LNHBIK,5.0,1
B000LQ3X6G,5.0,1
B000LNHBMQ,5.0,1
B000LPZLXU,5.0,1
B000LPVZF8,4.0,1
B000LPUQ7G,5.0,1
B000LPSZDI,5.0,1
B000LPS3XK,5.0,1
B000LPMYTO,5.0,1
B000LPLE5Y,5.0,1
B000LPLE4K,5.0,1
B000LPJFTG,5.0,1
B000LPJBBI,4.0,1
B000LPJAMS,5.0,1
B000LPA6BM,5.0,1
B000LP9848,5.0,1
B000LP8MK4,5.0,1
B000LP8LPU,5.0,1
B000LOYXCQ,5.0,1
B000LOYQPA,5.0,1
B000LOV65S,5.0,1
B000LOT24A,4.0,1
B000LOIRKK,5.0,1
B000LOCQ9S,5.0,1
B000LOAIUM,5.0,1
B000LOA6P4,5.0,1
B000LO1X7Y,5.0,1
B000LNXZI0,5.0,1
B000LNPGNW,5.0,1
B000LNK0GU,5.0,1
B000LW7V0O,5.0,1
B000LWCWP8,5.0,1
B000LWGSA8,5.0,1
B000MARAME,5.0,1
B000MAOWWK,5.0,1
B000MAOWV6,5.0,1
B000MAOWNO,5.0,1
B000MAOE8C,5.0,1
B000MAOE78,5.0,1
B000MAL9QC,5.0,1
B000MAJA68,5.0,1
B000MAF8DC,5.0,1
B000MAF89Q,4.0,1
B000MAF87I,5.0,1
B000M9WF4I,5.0,1
B000M9OCQC,5.0,1
B000M9LTZY,4.0,1
B000M930DS,5.0,1
B000M90AGI,5.0,1
B000M8XUUW,5.0,1
B000M8WVGG,4.0,1
B000M8ASNE,5.0,1
B000M88BW4,4.0,1
B000M84B4G,5.0,1
B000M7N5BW,5.0,1
B000M7M1PS,4.0,1
B000M76PCI,5.0,1
B000MAQVOC,5.0,1
B000MATBE4,5.0,1
B000M6LUZ6,5.0,1
B000MATJXM,4.0,1
B000MFL2FK,5.0,1
B000MFKMAQ,4.0,1
B000MFK0J4,5.0,1
B000MFJRP2,5.0,1
B000MFJRG6,5.0,1
B000MFJR9S,5.0,1
B000MFJR8O,5.0,1
B000MFI16I,4.0,1
B000MFI0SM,5.0,1
B000MFI0NM,5.0,1
B000MFHK6K,5.0,1
B000MF3NLQ,4.0,1
B000MEVDNM,5.0,1
B000METLZY,5.0,1
B000MES6I2,5.0,1
B000ME2S8Q,5.0,1
B000MDHUGW,4.0,1
B000MDC6IE,5.0,1
B000MDC4V8,5.0,1
B000MCCLMQ,5.0,1
B000MC7EC8,5.0,1
B000MAZJOU,5.0,1
B000MAWJQQ,4.0,1
B000MAUZZS,5.0,1
B000M6SFWC,5.0,1
B000M64TOA,5.0,1
B000LWVMFE,4.0,1
B000M0VS5O,5.0,1
B000M0J950,5.0,1
B000M04Q12,5.0,1
B000M04P3G,5.0,1
B000M002A6,5.0,1
B000LZY208,4.0,1
B000LZW5N4,5.0,1
B000LZR81S,4.0,1
B000LZMTBC,5.0,1
B000LZLKHQ,5.0,1
B000LZLI3M,5.0,1
B000LZA7T8,5.0,1
B000LZ8UC4,5.0,1
B000LZ3KWE,5.0,1
B000LYK40G,5.0,1
B000LY4MCM,5.0,1
B000LY15H2,5.0,1
B000LXXEWW,5.0,1
B000LX6YVK,5.0,1
B000LX5PTC,5.0,1
B000LX4P16,5.0,1
B000LX4LUQ,4.0,1
B000LX1A6O,5.0,1
B000M0M1MI,5.0,1
B000M12WTE,5.0,1
B000M5UTDG,5.0,1
B000M5PQSO,4.0,1
B000M5G5A2,5.0,1
B000M5FRE2,5.0,1
B000M5FQO8,5.0,1
B000M5BST0,5.0,1
B000M599DW,5.0,1
B000M57TCA,5.0,1
B000M52TC0,5.0,1
B000M514VC,5.0,1
B000M4ZGFS,5.0,1
B000M4PPQS,5.0,1
B000M3Z6OK,5.0,1
B000M3YWC2,5.0,1
B000M3VZ40,5.0,1
B000M3OOHU,5.0,1
B000M3N2T6,5.0,1
B000M3LRCK,5.0,1
B000M3K0FK,5.0,1
B000M3EKQA,5.0,1
B000M3CUR6,5.0,1
B000M2HZB8,5.0,1
B000M1KN3Q,4.0,1
B000LG5GIO,5.0,1
B000MFN0Y6,5.0,1
B000KRU2EM,5.0,1
B000KU53BQ,4.0,1
B000KU2QQQ,5.0,1
B000KU2QHU,5.0,1
B000KU2AJO,5.0,1
B000KU2AHQ,5.0,1
B000KTXB7U,5.0,1
B000KSZR5A,5.0,1
B000KSXEOQ,5.0,1
B000KSRRWG,5.0,1
B000KS9WOC,5.0,1
B000KRMS6M,5.0,1
B000KRHSMG,4.0,1
B000KQL4PY,5.0,1
B000KQJ9LA,5.0,1
B000KQEH3K,5.0,1
B000KQEENI,5.0,1
B000KQEE3S,5.0,1
B000KQD51U,5.0,1
B000KQCD86,5.0,1
B000KQCCU0,5.0,1
B000KQCBXS,4.0,1
B000KQBTJK,5.0,1
B000KQB0U8,5.0,1
B000KQADK6,5.0,1
B000KU70QC,5.0,1
B000KU93KI,5.0,1
B000KX18VC,5.0,1
B000KWTGAS,5.0,1
B000KWQ19C,4.0,1
B000KWO4LO,4.0,1
B000KWNK8C,5.0,1
B000KWN56O,5.0,1
B000KWLSTK,5.0,1
B000KWLML4,4.0,1
B000KWLDX6,4.0,1
B000KWJQMG,5.0,1
B000KWJPOA,5.0,1
B000KVUL9O,5.0,1
B000KVAQS0,5.0,1
B000KVA9DW,5.0,1
B000KV890C,5.0,1
B000KV6BQ6,4.0,1
B000KUY59C,5.0,1
B000KUWEHM,5.0,1
B000KUU83Y,5.0,1
B000KUTC7C,5.0,1
B000KUT5SS,5.0,1
B000KUC314,5.0,1
B000KQ93Z2,4.0,1
B000KQ8FGK,5.0,1
B000KOK6BO,5.0,1
B000KOJNPY,4.0,1
B000KOJN8G,5.0,1
B000KOIB6G,5.0,1
B000KOI5D0,5.0,1
B000KOHSUQ,5.0,1
B000KOHG94,5.0,1
B000KO9494,4.0,1
B000KNELMK,5.0,1
B000KNDK54,5.0,1
B000KNAECQ,5.0,1
B000KMPZJ4,5.0,1
B000KM478Y,5.0,1
B000KM3SO8,5.0,1
B000KLPC1G,5.0,1
B000KLKXV0,5.0,1
B000KL5QXK,5.0,1
B000KL4QF4,4.0,1
B000KL0SL0,5.0,1
B000KKVCTI,5.0,1
B000KKTT1Q,5.0,1
B000KOK2IQ,4.0,1
B000KOM67G,5.0,1
B000KQ8EO8,4.0,1
B000KOM98C,5.0,1
B000KQ7V7E,5.0,1
B000KQ7M0K,5.0,1
B000KQ7386,5.0,1
B000KQ0LJ4,5.0,1
B000KPVPR2,5.0,1
B000KPRBO8,5.0,1
B000KPOC9K,5.0,1
B000KPKC2G,5.0,1
B000KP5BA4,5.0,1
B000KOWLGC,4.0,1
B000KOWFBI,5.0,1
B000KOW4B4,5.0,1
B000KOUDNU,5.0,1
B000KOU6L4,5.0,1
B000KOSBU2,5.0,1
B000KOS85A,5.0,1
B000KOS6XE,5.0,1
B000KOQGX6,4.0,1
B000KOQFEG,5.0,1
B000KOQ8WU,5.0,1
B000KOQ8Q6,4.0,1
B000KOOC50,5.0,1
B000KONT7C,5.0,1
B000KOMA9U,5.0,1
B000KX62LS,5.0,1
B000LCYQQQ,5.0,1
B000LBUB9I,5.0,1
B000LAVFV2,5.0,1
B000LA4LM2,5.0,1
B000L9YXEY,4.0,1
B000L9WV3Y,5.0,1
B000L9TX76,4.0,1
B000L9Q1MG,5.0,1
B000L9PTCO,5.0,1
B000L9NR6Y,5.0,1
B000L9HQHK,5.0,1
B000L8FZA6,4.0,1
B000L8FEB6,5.0,1
B000L8DT4U,5.0,1
B000L6XZ2S,5.0,1
B000L6XZ1E,5.0,1
B000L6S73U,5.0,1
B000L6OHAM,5.0,1
B000L6MI0S,4.0,1
B000L6MGC8,5.0,1
B000L6MFV0,5.0,1
B000L6M83U,5.0,1
B000L6KBSY,5.0,1
B000L6K81O,5.0,1
B000L6K580,5.0,1
B000L6K526,4.0,1
B000LCAP34,5.0,1
B000LCZI18,5.0,1
B000L6IARI,4.0,1
B000LD3IKU,5.0,1
B000LF4AFU,5.0,1
B000LF301U,5.0,1
B000LEJAQU,5.0,1
B000LEJ9NY,5.0,1
B000LEJ8TO,4.0,1
B000LEHQ34,5.0,1
B000LEDTZS,5.0,1
B000LEDQW4,5.0,1
B000LDTHLY,5.0,1
B000LDF7CC,5.0,1
B000LD8Z4E,4.0,1
B000LD8WX8,4.0,1
B000LD6RDU,5.0,1
B000LD6RD0,5.0,1
B000LD56IC,5.0,1
B000LD5592,5.0,1
B000LD535S,5.0,1
B000LD3J3Q,5.0,1
B000L6I7WG,5.0,1
B000L3JZGQ,5.0,1
B000L1Z9HC,4.0,1
B000L1XLOU,5.0,1
B000L1TKD6,5.0,1
B000L1POUE,5.0,1
B000L0HOVW,4.0,1
B000KZ8G3I,5.0,1
B000KZ6B1W,5.0,1
B000KZ55NW,5.0,1
B000KZ3ONK,5.0,1
B000KZ3OB2,5.0,1
B000KZ3N2W,4.0,1
B000KZ3LBK,5.0,1
B000KZ2NSC,5.0,1
B000KYW35Q,4.0,1
B000KYW1LW,5.0,1
B000KYULVO,4.0,1
B000KYULPK,4.0,1
B000KYTZ48,5.0,1
B000KYQWLW,5.0,1
B000KYOF16,5.0,1
B000L23KSQ,5.0,1
B000L3NSX2,5.0,1
B000L6HQ0U,5.0,1
B000L42B84,5.0,1
B000L6HP3S,4.0,1
B000L6FH3I,5.0,1
B000L69Q4Y,5.0,1
B000L596WM,5.0,1
B000L596T0,4.0,1
B000L596KO,5.0,1
B000L5960E,5.0,1
B000L5954G,5.0,1
B000L594AQ,5.0,1
B000L57HWS,5.0,1
B000L57HI2,5.0,1
B000L55H6G,5.0,1
B000L55H02,5.0,1
B000L55G4Y,5.0,1
B000L55DME,5.0,1
B000L55DEC,4.0,1
B000L53G0A,5.0,1
B000L53EXE,5.0,1
B000L53ETI,4.0,1
B000L53ESO,5.0,1
B000L53ERA,5.0,1
B000L53EHK,5.0,1
B000L48KUW,5.0,1
B000MFN0NM,4.0,1
B000HHQ0SW,5.0,1
B000N4CQ1E,5.0,1
B000N5782K,5.0,1
B000N547R4,5.0,1
B000N53QDA,5.0,1
B000N53AZE,5.0,1
B000N4P84Q,4.0,1
B000N4GAB6,5.0,1
B000N4EM84,5.0,1
B000N4ELB2,5.0,1
B000N4EEFA,5.0,1
B000N4E2RA,5.0,1
B000N4CQ2I,5.0,1
B000N4CQ28,5.0,1
B000N2L2AW,5.0,1
B000N4AO18,5.0,1
B000N4ANYQ,4.0,1
B000N49MJ8,5.0,1
B000N49AHW,5.0,1
B000N48SX4,5.0,1
B000N44NTW,5.0,1
B000N43XES,5.0,1
B000N43XDE,5.0,1
B000N43BG8,5.0,1
B000N42A1U,5.0,1
B000N3ZRD4,4.0,1
B000N3ST5C,5.0,1
B000N578BG,4.0,1
B000N58DBK,5.0,1
B000N5O5KS,5.0,1
B000N8OE4W,5.0,1
B000N8JYWO,5.0,1
B000N8JEW4,4.0,1
B000N8E8S4,5.0,1
B000N7VLEO,5.0,1
B000N7MJBI,5.0,1
B000N796A0,5.0,1
B000N6OSE0,5.0,1
B000N6KCFO,5.0,1
B000N69P84,5.0,1
B000N67I88,5.0,1
B000N64NXG,5.0,1
B000N62U8G,5.0,1
B000N5Y2B0,5.0,1
B000N5X3JC,4.0,1
B000N5X0KE,5.0,1
B000N5WTNS,4.0,1
B000N5TVLG,5.0,1
B000N5TVKW,5.0,1
B000N5TV52,5.0,1
B000N5S0MW,5.0,1
B000N5S0BI,5.0,1
B000N5PUNY,5.0,1
B000N3S9RK,5.0,1
B000N3REI0,5.0,1
B000N3QXJG,5.0,1
B000N2N6PQ,5.0,1
B000N2N63I,5.0,1
B000N2N3OA,5.0,1
B000N2MZL2,5.0,1
B000N2MYKO,5.0,1
B000N2MY9K,5.0,1
B000N2MY7C,5.0,1
B000N2MXLE,5.0,1
B000N2MWVA,5.0,1
B000N2MWFG,5.0,1
B000N2MVDY,5.0,1
B000N2MVA2,5.0,1
B000N2MUXU,5.0,1
B000N2MUXA,5.0,1
B000N2MUU8,5.0,1
B000N2MPAS,5.0,1
B000N2MOVS,5.0,1
B000N2MM2E,4.0,1
B000N2MLV6,5.0,1
B000N2LV9E,5.0,1
B000N2LTYQ,5.0,1
B000N2LRO8,4.0,1
B000N2L4Q4,5.0,1
B000N2L35Q,5.0,1
B000N2L34W,5.0,1
B000N2L31K,5.0,1
B000N2N6JM,5.0,1
B000N2N6YM,5.0,1
B000N3HZ8O,5.0,1
B000N2O4O8,5.0,1
B000N2ZS2K,5.0,1
B000N2YU38,5.0,1
B000N2U8SO,5.0,1
B000N2TR2W,4.0,1
B000N2QA5O,5.0,1
B000N2Q8QU,5.0,1
B000N2Q680,5.0,1
B000N2Q65S,5.0,1
B000N2Q4XC,5.0,1
B000N2Q3FQ,5.0,1
B000N2Q1V2,5.0,1
B000N2OKT2,5.0,1
B000N2OJ5C,5.0,1
B000N2OE2K,5.0,1
B000N2ODZ8,5.0,1
B000N2OCZO,5.0,1
B000N2OCQ8,5.0,1
B000N2OC6S,5.0,1
B000N2OC2M,4.0,1
B000N2OB3W,5.0,1
B000N2OB3M,5.0,1
B000N2O5AQ,5.0,1
B000N2O5AG,5.0,1
B000N8OY9C,5.0,1
B000N8QWIS,4.0,1
B000N93A1E,5.0,1
B000NG84HC,5.0,1
B000NG699C,5.0,1
B000NG6956,5.0,1
B000NG694W,5.0,1
B000NG4732,5.0,1
B000NG46RO,5.0,1
B000NG46NS,5.0,1
B000NFEWOW,5.0,1
B000NFCXJS,4.0,1
B000NFCXCU,4.0,1
B000NFCX3O,4.0,1
B000NEFZ3K,5.0,1
B000NEANPU,5.0,1
B000NE9Z5Y,5.0,1
B000NE84P6,5.0,1
B000NE81TK,4.0,1
B000NE6EA8,4.0,1
B000NE6DJU,5.0,1
B000NE6AB6,5.0,1
B000NE2KG0,5.0,1
B000NE2KF6,5.0,1
B000NDYLRC,5.0,1
B000NDKY6O,5.0,1
B000ND9S3Y,5.0,1
B000ND507W,5.0,1
B000NCZ69A,5.0,1
B000NG7B8A,5.0,1
B000NG90O8,5.0,1
B000NCZ48I,5.0,1
B000NG9840,5.0,1
B000NHVWKM,5.0,1
B000NHVJT6,5.0,1
B000NHTWG8,5.0,1
B000NHTHMC,5.0,1
B000NHQS0Q,4.0,1
B000NHPYWE,5.0,1
B000NHPL5E,5.0,1
B000NGRTIC,4.0,1
B000NGQ8LQ,5.0,1
B000NGJ0CU,5.0,1
B000NGH4KK,5.0,1
B000NGFFBK,5.0,1
B000NGF3YE,4.0,1
B000NGDSP0,4.0,1
B000NGD1J8,5.0,1
B000NGB92E,5.0,1
B000NGAYWU,4.0,1
B000NGAYWK,5.0,1
B000NGAQKA,5.0,1
B000NG9POS,4.0,1
B000NCZ62M,5.0,1
B000N93WAI,5.0,1
B000NBSTT0,4.0,1
B000NBBWA8,5.0,1
B000NBBB3G,4.0,1
B000NBB9YM,5.0,1
B000NBB3BQ,5.0,1
B000NBB3B6,5.0,1
B000NBB2NA,5.0,1
B000NBB2MQ,5.0,1
B000NB72BG,4.0,1
B000NB6WX0,4.0,1
B000NB6AAA,5.0,1
B000NATYQ8,5.0,1
B000N9OGDK,5.0,1
B000N9OBWQ,5.0,1
B000N9OBNA,5.0,1
B000N9F2HE,5.0,1
B000N97I4Y,5.0,1
B000N97CS6,4.0,1
B000N967O6,5.0,1
B000N967NM,5.0,1
B000NBT00W,5.0,1
B000NCYYQQ,5.0,1
B000NBZTWA,5.0,1
B000NCYYP2,5.0,1
B000NCY56U,5.0,1
B000NCX3SG,5.0,1
B000NCX1RO,5.0,1
B000NCX160,4.0,1
B000NCWXUK,5.0,1
B000NCWOW2,5.0,1
B000NCV6N0,5.0,1
B000NCV5ZE,5.0,1
B000NCV3EC,4.0,1
B000NCTUOC,5.0,1
B000NCSFMA,4.0,1
B000NCRBV6,5.0,1
B000NCR5KI,5.0,1
B000NCO7JA,4.0,1
B000NCMBE8,5.0,1
B000NCBKHM,4.0,1
B000NC9WY0,5.0,1
B000NC5IDE,5.0,1
B000NC3HVO,5.0,1
B000NC2MQK,5.0,1
B000NC0RWQ,5.0,1
B000NC02XU,5.0,1
B000NBZVA0,4.0,1
B000NBZV5U,5.0,1
B000N2L2V6,5.0,1
B000N2L22A,5.0,1
B000MG0OTE,5.0,1
B000MQ7RQC,4.0,1
B000MQUE2G,5.0,1
B000MQPUF2,5.0,1
B000MQNGM6,5.0,1
B000MQM6KO,5.0,1
B000MQBXCG,5.0,1
B000MQB966,5.0,1
B000MQAI3G,5.0,1
B000MQAH1E,5.0,1
B000MQ8Q5I,5.0,1
B000MQ8Q1C,5.0,1
B000MQ760Y,5.0,1
B000MPQ0ZM,5.0,1
B000MPO3RY,5.0,1
B000MPFLW0,5.0,1
B000MOROO4,5.0,1
B000MOQZK8,4.0,1
B000MNF870,5.0,1
B000MNDC4G,5.0,1
B000MNBLWQ,5.0,1
B000MN99MU,5.0,1
B000MN8CUU,5.0,1
B000MN5Z4Q,5.0,1
B000MQXH84,5.0,1
B000MQYY3G,5.0,1
B000MQZ1S8,5.0,1
B000MQZC6Y,5.0,1
B000MUQHFK,5.0,1
B000MUOMES,5.0,1
B000MUERSE,4.0,1
B000MU6L7E,5.0,1
B000MU4FV8,5.0,1
B000MTU2XY,4.0,1
B000MTSLKU,5.0,1
B000MTO6M2,5.0,1
B000MTNZ3I,5.0,1
B000MTLVXY,5.0,1
B000MTJ3AW,5.0,1
B000MTCL8S,5.0,1
B000MT1LOI,4.0,1
B000MSU4C4,5.0,1
B000MSHWM4,5.0,1
B000MSHWLU,5.0,1
B000MSB0V8,4.0,1
B000MS5M94,4.0,1
B000MS3XOA,5.0,1
B000MS1YX2,5.0,1
B000MS1YRI,5.0,1
B000MS1YOG,5.0,1
B000MS0FBO,5.0,1
B000MRK5LK,5.0,1
B000MQZCM8,4.0,1
B000MN2GES,5.0,1
B000MN2GBQ,5.0,1
B000MILOT6,5.0,1
B000MILMMA,5.0,1
B000MILLWQ,5.0,1
B000MIKGKY,5.0,1
B000MIJ3SA,5.0,1
B000MIJ3OO,5.0,1
B000MIIBME,5.0,1
B000MIIBCE,5.0,1
B000MIH4TU,5.0,1
B000MIH4PY,5.0,1
B000MIH40Y,4.0,1
B000MIH30U,5.0,1
B000MIH2ZG,5.0,1
B000MIH0KS,5.0,1
B000MIGZ7W,4.0,1
B000MI41AU,5.0,1
B000MI1CO8,5.0,1
B000MHX7UQ,5.0,1
B000MH5KYM,5.0,1
B000MH1YX8,5.0,1
B000MGSKYK,5.0,1
B000MGGL0A,4.0,1
B000MG61XM,5.0,1
B000MILNV0,4.0,1
B000MIM7K6,4.0,1
B000MMXBCK,5.0,1
B000MMO2SW,5.0,1
B000MMNSE6,5.0,1
B000MMLPHS,5.0,1
B000MMJUTS,5.0,1
B000MLHOFQ,5.0,1
B000MLFSEU,5.0,1
B000MLEMD8,4.0,1
B000MLD96Y,5.0,1
B000ML9MV0,5.0,1
B000ML9MNI,4.0,1
B000ML5J4O,5.0,1
B000ML4KPS,5.0,1
B000MKSZC8,4.0,1
B000MKP5QC,5.0,1
B000MKLQME,5.0,1
B000MKKZI0,4.0,1
B000MKKX3W,4.0,1
B000MK2J16,5.0,1
B000MJ7Y1W,5.0,1
B000MJ632S,5.0,1
B000MJ4GRW,4.0,1
B000MUQO30,5.0,1
B000MURLNW,5.0,1
B000N2JIXK,5.0,1
B000N2JIWQ,5.0,1
B000N2JIW6,5.0,1
B000N2JI3U,5.0,1
B000N2JC0E,5.0,1
B000N2JC04,5.0,1
B000N2JBV4,5.0,1
B000N2J90W,4.0,1
B000N2IT4O,4.0,1
B000N2IS7M,4.0,1
B000N2INLI,5.0,1
B000N2IH96,5.0,1
B000N2IH1Y,5.0,1
B000N2IFXO,5.0,1
B000N2FA7I,5.0,1
B000N2F8FM,5.0,1
B000N2F2F8,4.0,1
B000N2EW5E,5.0,1
B000N2DDFE,5.0,1
B000N2BA9A,5.0,1
B000N29RRW,5.0,1
B000N27OO0,5.0,1
B000N2JIX0,5.0,1
B000N2JJ0M,5.0,1
B000N2JJ3Y,5.0,1
B000N2KYOM,5.0,1
B000N2KVTU,5.0,1
B000N2KVS6,5.0,1
B000N2KUPA,5.0,1
B000N2KSPC,5.0,1
B000N2KSOI,5.0,1
B000N2KMQ2,5.0,1
B000N2KMO4,5.0,1
B000N2KMI0,4.0,1
B000N2KLX6,5.0,1
B000N2KJXS,5.0,1
B000N2JZO2,4.0,1
B000N2JQJ6,5.0,1
B000N2JQAA,5.0,1
B000N2JLA0,5.0,1
B000N2JL3M,5.0,1
B000N2JK0Q,4.0,1
B000N2JJZ2,5.0,1
B000N2JJI4,5.0,1
B000N2JJFW,5.0,1
B000N2JJ84,5.0,1
B000N24JKC,5.0,1
B000N1ZSVM,4.0,1
B000MURS80,5.0,1
B000MX055A,5.0,1
B000MWWX8I,5.0,1
B000MWKPAQ,5.0,1
B000MVVKEW,4.0,1
B000MVV3ZI,5.0,1
B000MVS65S,5.0,1
B000MVQPTC,5.0,1
B000MVIDE2,5.0,1
B000MVDCXY,5.0,1
B000MV4AK8,5.0,1
B000MV304U,5.0,1
B000MUZ9VI,5.0,1
B000MUWUW4,5.0,1
B000MUVFHU,5.0,1
B000MUU4VI,5.0,1
B000MUTLTE,5.0,1
B000MUTEBY,5.0,1
B000MUT9F0,5.0,1
B000MUSGH2,4.0,1
B000MURVPK,5.0,1
B000MX04EC,5.0,1
B000MX0KE6,4.0,1
B000N1XXGY,5.0,1
B000N1HZRW,5.0,1
B000N19MJG,5.0,1
B000MZ8LIQ,4.0,1
B000MZ30IC,5.0,1
B000MZ1TTY,5.0,1
B000MYQXPA,5.0,1
B000MYGECM,4.0,1
B000MXFANM,5.0,1
B000MXE0VK,5.0,1
B000MXDNPY,5.0,1
B000MXDNCC,5.0,1
B000MXD98K,5.0,1
B000MXD0NO,5.0,1
B000MXBYOQ,5.0,1
B000MXBYNW,5.0,1
B000MXAOH4,5.0,1
B000MXAAZU,5.0,1
B000MX2CTM,4.0,1
B000MX2CT2,5.0,1
B000KKPI52,5.0,1
B000KKPGI6,5.0,1
B000KKOBQE,5.0,1
B000INJMSU,5.0,1
B000IOHOIY,5.0,1
B000IOHO84,5.0,1
B000IOHO6Q,5.0,1
B000IOHNVC,4.0,1
B000IOFRKQ,5.0,1
B000IOFRGU,5.0,1
B000IOATJU,5.0,1
B000IOAT2W,5.0,1
B000IO8L6S,5.0,1
B000IO8KGY,5.0,1
B000IO6OCG,5.0,1
B000IO3GRM,5.0,1
B000INICW2,4.0,1
B000INECLM,5.0,1
B000INCW96,5.0,1
B000IN5SQU,5.0,1
B000IN2CMI,5.0,1
B000IN2AVG,5.0,1
B000IN1CIS,5.0,1
B000IN0C7A,5.0,1
B000IMZMNK,5.0,1
B000IMZM9E,5.0,1
B000IMXW7I,4.0,1
B000IOHOUM,5.0,1
B000IOHQ9Q,4.0,1
B000IOJLAI,4.0,1
B000IROWGS,5.0,1
B000IRNEJY,5.0,1
B000IRMYZ4,5.0,1
B000IRMYUO,4.0,1
B000IRL856,5.0,1
B000IRL5V8,5.0,1
B000IQU2F4,5.0,1
B000IQU2AO,5.0,1
B000IQSTV8,5.0,1
B000IOU7JM,5.0,1
B000IOSJII,4.0,1
B000IOQNU4,5.0,1
B000IOQ9W6,5.0,1
B000IOQ99Y,5.0,1
B000IOOLOE,5.0,1
B000IOOL7G,5.0,1
B000IOOKJK,5.0,1
B000IOOK0O,5.0,1
B000IOOJJQ,5.0,1
B000ION5PA,5.0,1
B000IOLAF2,5.0,1
B000IOLAE8,5.0,1
B000IOJMFC,5.0,1
B000IMXCLE,5.0,1
B000IMXCKU,5.0,1
B000IKAIM2,5.0,1
B000IKAHW8,5.0,1
B000IK927E,5.0,1
B000IK8RNY,5.0,1
B000IK269U,5.0,1
B000IJJ0V8,5.0,1
B000IJ6VZ6,5.0,1
B000IIHQXS,5.0,1
B000II7HVY,5.0,1
B000II5NLK,4.0,1
B000II5FZO,5.0,1
B000II3R54,4.0,1
B000II3LU0,5.0,1
B000II3BDC,5.0,1
B000II1Z3U,5.0,1
B000II1OR2,5.0,1
B000II1JDQ,5.0,1
B000IHX0VG,5.0,1
B000IHT862,5.0,1
B000IHS3UE,5.0,1
B000IHS3JK,4.0,1
B000IHLGTE,5.0,1
B000IHE8FS,5.0,1
B000IHC6HK,5.0,1
B000IG8SW8,5.0,1
B000IG8SVO,5.0,1
B000IKAI7M,5.0,1
B000IKCS7U,4.0,1
B000IMWI82,5.0,1
B000IKCWXU,5.0,1
B000IMWI50,5.0,1
B000IMWI3M,5.0,1
B000IMW3D2,5.0,1
B000IMS0ZW,5.0,1
B000IMPTGA,5.0,1
B000IMPCVC,5.0,1
B000IMO3N0,5.0,1
B000IMLMJ8,5.0,1
B000IMJRTU,5.0,1
B000IMITUI,5.0,1
B000ILRS56,5.0,1
B000ILPLXC,5.0,1
B000ILPLEQ,5.0,1
B000ILMJ1O,5.0,1
B000ILF85S,5.0,1
B000ILBC6M,5.0,1
B000IL7DZ6,5.0,1
B000IL7DMY,5.0,1
B000IKEBNO,5.0,1
B000IKEBI4,5.0,1
B000IKEAKI,5.0,1
B000IKE9TA,5.0,1
B000IT5134,5.0,1
B000IT6RFA,4.0,1
B000IT6VKQ,5.0,1
B000J36ANE,5.0,1
B000J2TB1I,5.0,1
B000J2JYWE,4.0,1
B000J2H0BQ,5.0,1
B000J2GTLI,5.0,1
B000J2G77E,5.0,1
B000J2EPI2,5.0,1
B000J2EPHS,5.0,1
B000J2EPFU,5.0,1
B000J2C8ZO,5.0,1
B000J2BM8S,4.0,1
B000J2A8CO,5.0,1
B000J287D6,5.0,1
B000J242Z8,5.0,1
B000J1ADHK,5.0,1
B000J1ACWG,5.0,1
B000J195MY,5.0,1
B000J1737I,5.0,1
B000J170IU,4.0,1
B000J12P1C,5.0,1
B000J10JHO,5.0,1
B000J10JHE,5.0,1
B000J2V99U,5.0,1
B000J3GUB6,5.0,1
B000J10IMA,4.0,1
B000J3GUT8,5.0,1
B000J4IRM0,4.0,1
B000J4FEVM,5.0,1
B000J4DNME,4.0,1
B000J4DNIS,5.0,1
B000J47AH8,5.0,1
B000J42LT0,5.0,1
B000J42I6G,5.0,1
B000J3ZU58,5.0,1
B000J3ZACG,5.0,1
B000J3SN9S,5.0,1
B000J3QLTW,5.0,1
B000J3NAKA,5.0,1
B000J3NAJQ,5.0,1
B000J3NAJG,5.0,1
B000J3MMKO,5.0,1
B000J3MEN4,4.0,1
B000J3M79U,5.0,1
B000J3M6UU,5.0,1
B000J3LOP8,5.0,1
B000J3LOOY,4.0,1
B000J3L1HY,5.0,1
B000J3KOBI,5.0,1
B000J3JFW2,5.0,1
B000J3J0TK,5.0,1
B000J3J0HM,5.0,1
B000J10IV6,5.0,1
B000J10IFM,4.0,1
B000IWUIRK,5.0,1
B000IWTCW2,4.0,1
B000IWT9J8,5.0,1
B000IVCC34,5.0,1
B000IVB122,5.0,1
B000IVB0ZA,4.0,1
B000IV974G,5.0,1
B000IV6ZLY,5.0,1
B000IUTDW8,5.0,1
B000IUPERG,5.0,1
B000ITXOJM,5.0,1
B000ITWTGQ,5.0,1
B000ITWDE4,5.0,1
B000ITWD62,5.0,1
B000ITUANU,4.0,1
B000ITSZBO,5.0,1
B000ITSYPG,5.0,1
B000ITSD34,5.0,1
B000ITOJEG,5.0,1
B000ITN758,5.0,1
B000ITMKNS,5.0,1
B000ITIWX0,5.0,1
B000ITGSHW,5.0,1
B000ITCR5Y,4.0,1
B000IT9XQU,5.0,1
B000IT85B4,5.0,1
B000IWWAOY,4.0,1
B000IX2OCQ,5.0,1
B000J10IAM,5.0,1
B000IX2OG2,5.0,1
B000J10I9S,5.0,1
B000J10I2A,5.0,1
B000J0ZF6U,5.0,1
B000J0TG6A,5.0,1
B000J0N40Y,5.0,1
B000J0JQDS,4.0,1
B000IZSEEG,5.0,1
B000IZ930K,5.0,1
B000IZ7TUG,5.0,1
B000IZ5NJU,5.0,1
B000IZ03LS,5.0,1
B000IYZS64,5.0,1
B000IYXR1C,5.0,1
B000IY0VIY,5.0,1
B000IY06BQ,4.0,1
B000IXXC40,5.0,1
B000IXX8CQ,5.0,1
B000IXVJ2W,5.0,1
B000IXSWJA,5.0,1
B000IXLOPE,5.0,1
B000IXJS70,5.0,1
B000IG6SRA,5.0,1
B000IG4THG,5.0,1
B000KKO33K,5.0,1
B000HTYSZW,5.0,1
B000HYUFCW,5.0,1
B000HYSQ7S,5.0,1
B000HY7ZMK,5.0,1
B000HX54I8,5.0,1
B000HX2SVE,4.0,1
B000HX26AM,5.0,1
B000HX13HO,5.0,1
B000HX13HE,5.0,1
B000HW59HA,5.0,1
B000HVBBS2,5.0,1
B000HTWCBO,5.0,1
B000HTRB4W,5.0,1
B000HT2MAU,5.0,1
B000HS6OXW,5.0,1
B000HS1XA6,5.0,1
B000HS1WZM,5.0,1
B000HRMF2M,5.0,1
B000HQVNFS,5.0,1
B000HPXSKM,5.0,1
B000HYUFFO,5.0,1
B000HYUFRC,5.0,1
B000HYUSD8,5.0,1
B000HYWCY6,5.0,1
B000I20YTM,5.0,1
B000I1RABS,5.0,1
B000I1PTTS,5.0,1
B000I1PNBW,5.0,1
B000I1OECQ,5.0,1
B000I1OE9Y,5.0,1
B000I1MHDY,5.0,1
B000I0ZGMO,5.0,1
B000I0XM9I,5.0,1
B000I0VHSG,5.0,1
B000I0QS9O,5.0,1
B000I0PZK2,5.0,1
B000I0KH1E,4.0,1
B000I0357M,5.0,1
B000HZXOCE,5.0,1
B000HZXNY8,5.0,1
B000HZR0XS,5.0,1
B000HZQO4E,5.0,1
B000HZPI4Q,5.0,1
B000HZNP5U,5.0,1
B000HZNJO2,5.0,1
B000HZD0GY,5.0,1
B000HZCFUG,5.0,1
B000HZBRQY,5.0,1
B000HZ6C4G,4.0,1
B000HP7IS0,4.0,1
B000HP5GB6,5.0,1
B000HL6CEK,5.0,1
B000HKVQYM,4.0,1
B000HKVBJC,5.0,1
B000HKTBJE,5.0,1
B000HKTBGC,5.0,1
B000HKPV8E,5.0,1
B000HKHPI8,5.0,1
B000HKGVXI,5.0,1
B000HKAQBQ,5.0,1
B000HJXGF0,5.0,1
B000HJXFJW,4.0,1
B000HJX2T0,5.0,1
B000HJ4IRA,4.0,1
B000HIJB3W,5.0,1
B000HIJAOW,5.0,1
B000HI8P7U,5.0,1
B000HHZOE8,5.0,1
B000HHZ8Z8,4.0,1
B000HHXA26,5.0,1
B000HHSU4O,5.0,1
B000HHS1LG,4.0,1
B000HHQP50,5.0,1
B000HKXUIM,5.0,1
B000HLAJPI,5.0,1
B000HP25UQ,5.0,1
B000HP0210,5.0,1
B000HP01SY,4.0,1
B000HOXZGU,5.0,1
B000HOP2FM,5.0,1
B000HMHT9G,5.0,1
B000HLWEOC,4.0,1
B000HLVXPS,5.0,1
B000HLVXIK,5.0,1
B000HLPKPC,5.0,1
B000HLHAIC,5.0,1
B000HLH99W,4.0,1
B000HLH80M,5.0,1
B000HLH4AG,4.0,1
B000HLFMQO,5.0,1
B000HLF3VS,5.0,1
B000HLF3MC,5.0,1
B000HLEZRQ,5.0,1
B000HLEZ5S,5.0,1
B000HLCLT0,5.0,1
B000HLCHJO,5.0,1
B000HLCFFU,5.0,1
B000HLAMJ6,5.0,1
B000HLAKBQ,4.0,1
B000I25WR6,4.0,1
B000I2XH9G,5.0,1
B000ID1HIS,5.0,1
B000ICPN8E,5.0,1
B000ICLJNC,5.0,1
B000IBLJM4,5.0,1
B000IB0H8Q,5.0,1
B000IB0GQ4,4.0,1
B000IB0GI2,5.0,1
B000IB0FTC,5.0,1
B000IB0FOW,5.0,1
B000IB0FJ2,5.0,1
B000IB0FII,5.0,1
B000IB0FGA,5.0,1
B000IB0FFQ,5.0,1
B000IB0FEM,5.0,1
B000IAZ78W,4.0,1
B000IARPDW,4.0,1
B000IAOPEE,5.0,1
B000IAOPDK,5.0,1
B000IALMJK,5.0,1
B000I9USSM,5.0,1
B000I8ALNK,5.0,1
B000I88SU8,5.0,1
B000ID2Z7K,5.0,1
B000I87CMI,5.0,1
B000ID55ZO,5.0,1
B000IFJM5Q,4.0,1
B000IFGZI8,5.0,1
B000IFBFV0,4.0,1
B000IFBC40,5.0,1
B000IF5JP8,5.0,1
B000IF3P2M,5.0,1
B000IF1WKO,5.0,1
B000IEQLFQ,4.0,1
B000IEQFO8,5.0,1
B000IEOKVI,5.0,1
B000IEMFYC,5.0,1
B000IELKL6,5.0,1
B000IEKPYO,5.0,1
B000IEDGNQ,5.0,1
B000IEBSFO,4.0,1
B000IE1XKE,5.0,1
B000IE17P0,5.0,1
B000IDY1VI,5.0,1
B000IDPDHO,5.0,1
B000ID8YES,5.0,1
B000I88OD4,4.0,1
B000I85ZYK,5.0,1
B000I5L1P0,5.0,1
B000I5K3RM,4.0,1
B000I5JB0W,5.0,1
B000I5JANA,5.0,1
B000I5J6XO,4.0,1
B000I5IXNS,5.0,1
B000I51MWC,5.0,1
B000I4ZTQI,4.0,1
B000I4YTB4,5.0,1
B000I4YT32,5.0,1
B000I4Y7K2,4.0,1
B000I4D8G6,5.0,1
B000I4A1AW,5.0,1
B000I46O6W,4.0,1
B000I3YWJ4,5.0,1
B000I3W9XK,5.0,1
B000I3OUFA,5.0,1
B000I3M4XA,5.0,1
B000I3CKIE,5.0,1
B000I32638,5.0,1
B000I2YXMQ,4.0,1
B000I2YX9Y,4.0,1
B000I5KKDO,5.0,1
B000I5MRQM,5.0,1
B000I85ZP4,5.0,1
B000I5NCOI,5.0,1
B000I84E10,4.0,1
B000I844DI,5.0,1
B000I806EY,5.0,1
B000I7ZMKS,5.0,1
B000I7WMH4,4.0,1
B000I7W1SO,5.0,1
B000I7MEIQ,4.0,1
B000I6P290,5.0,1
B000I6LNW0,5.0,1
B000I6LHL2,4.0,1
B000I6L4WO,5.0,1
B000I6IFV2,5.0,1
B000I6IFUI,5.0,1
B000I6H0I6,5.0,1
B000I6F4B6,5.0,1
B000I6DCVA,5.0,1
B000I68MZQ,5.0,1
B000I67M5M,4.0,1
B000I64AIY,5.0,1
B000I63VKM,4.0,1
B000I63GFM,5.0,1
B000I61VHM,5.0,1
B000I60USS,5.0,1
B000I5Z4YY,5.0,1
B000J4MQ68,5.0,1
B000J5K600,5.0,1
B000J64Q5U,4.0,1
B000K2NKSW,4.0,1
B000K3RWFI,5.0,1
B000K3JN3M,5.0,1
B000K3F80O,5.0,1
B000K3ET8Q,5.0,1
B000K3C74E,5.0,1
B000K397II,5.0,1
B000K38C6G,5.0,1
B000K33PMC,5.0,1
B000K2YLG2,5.0,1
B000K2LUC0,5.0,1
B000J66G4E,4.0,1
B000K2JQPS,5.0,1
B000K2J914,5.0,1
B000K2I122,5.0,1
B000K2H3VC,5.0,1
B000K2H3SU,5.0,1
B000K28PJG,5.0,1
B000K25XSC,5.0,1
B000K23TUQ,5.0,1
B000K21TOY,5.0,1
B000K21RUU,5.0,1
B000K21MIW,5.0,1
B000K1V3GE,5.0,1
B000K4ZUJC,5.0,1
B000K52D6O,4.0,1
B000K5E830,5.0,1
B000K5FMEE,5.0,1
B000K7GYNU,4.0,1
B000K7F580,4.0,1
B000K7E7Y8,5.0,1
B000K7CXHG,5.0,1
B000K7946E,5.0,1
B000K6UUIQ,5.0,1
B000K6TTF6,5.0,1
B000K6SPV0,5.0,1
B000K6LWJC,5.0,1
B000K6L6F2,5.0,1
B000K6CXCC,5.0,1
B000K6B198,5.0,1
B000K5NNKY,5.0,1
B000K5L3X8,5.0,1
B000K5JBXW,5.0,1
B000K5JBQO,5.0,1
B000K5HCMY,5.0,1
B000K5FMGW,5.0,1
B000K1GCE2,5.0,1
B000K1CZ5M,5.0,1
B000K19TH4,5.0,1
B000JYZR14,5.0,1
B000JYZOGW,5.0,1
B000JYZGP6,5.0,1
B000JYYXQY,5.0,1
B000JYY53U,5.0,1
B000JYXZ86,5.0,1
B000JYXYW8,5.0,1
B000JYXYQO,5.0,1
B000JYWZ46,5.0,1
B000JYNW0C,5.0,1
B000JYNLWQ,5.0,1
B000JYNIII,5.0,1
B000JYNHK2,5.0,1
B000JYNGEY,5.0,1
B000JYNEHS,5.0,1
B000JYNEFA,5.0,1
B000JYNDVK,5.0,1
B000JYM9NI,5.0,1
B000JYJIE6,5.0,1
B000JYJFGC,4.0,1
B000JXVLZG,5.0,1
B000JWW1C4,5.0,1
B000JWQ3XM,4.0,1
B000JYZPBG,5.0,1
B000K19K1E,5.0,1
B000JYZSHC,5.0,1
B000K1439S,5.0,1
B000K0OQEG,5.0,1
B000JZV9WE,5.0,1
B000JZREY6,5.0,1
B000JZQM7Q,4.0,1
B000JZQE7Y,5.0,1
B000JZQ8BQ,5.0,1
B000JZPN8U,5.0,1
B000JZO9RG,5.0,1
B000JZLWVC,4.0,1
B000JZ8R3S,4.0,1
B000JZ41XI,5.0,1
B000JZ3RZG,5.0,1
B000JZ3JTK,5.0,1
B000JZ3B5W,5.0,1
B000JZ37JM,5.0,1
B000JZ13YI,5.0,1
B000JZ124E,5.0,1
B000JZ0REK,5.0,1
B000JZ0QQO,5.0,1
B000JZ0K7E,5.0,1
B000JYZZ2U,5.0,1
B000JYZY80,5.0,1
B000K7J3KQ,4.0,1
B000K7J3LU,5.0,1
B000KI9JZY,4.0,1
B000KI6SS0,4.0,1
B000KI53ZE,5.0,1
B000KI1K6A,5.0,1
B000KI0RA0,5.0,1
B000KHVKMK,5.0,1
B000KHVKH0,4.0,1
B000KHKLIY,4.0,1
B000KHIQ1I,5.0,1
B000KHGE76,5.0,1
B000KHDPJ6,5.0,1
B000KH9D1A,5.0,1
B000KGVO7W,5.0,1
B000KGTQ0Y,4.0,1
B000KGTMVM,5.0,1
B000KGILL4,5.0,1
B000KGIL3C,5.0,1
B000KGCFFC,4.0,1
B000KG06N0,5.0,1
B000KFRORW,4.0,1
B000KIBCEA,5.0,1
B000KIBOMK,5.0,1
B000KEY94Y,5.0,1
B000KIGI1C,5.0,1
B000KKN8VI,5.0,1
B000KKKXIY,4.0,1
B000KKDZQ6,4.0,1
B000KKC66Q,4.0,1
B000KKATD8,4.0,1
B000KKA3I4,5.0,1
B000KK1A4U,5.0,1
B000KJZS9O,5.0,1
B000KJYPSO,5.0,1
B000KJY2KU,5.0,1
B000KJWF9U,5.0,1
B000KJW9DM,5.0,1
B000KJQXR0,5.0,1
B000KJQOR4,5.0,1
B000KJQJJM,5.0,1
B000KITHRE,5.0,1
B000KIKE94,5.0,1
B000KIKD72,4.0,1
B000KIGKI8,5.0,1
B000KEYC82,5.0,1
B000KEXUPI,5.0,1
B000KBC5YS,4.0,1
B000KB2DE0,4.0,1
B000KAMAKI,5.0,1
B000KAKXUC,5.0,1
B000KA96KU,5.0,1
B000KA8W78,5.0,1
B000KA5RQ2,5.0,1
B000K9E8YA,5.0,1
B000K9BNF2,5.0,1
B000K92QZ8,5.0,1
B000K91XIE,5.0,1
B000K8TXUA,5.0,1
B000K8R4GA,5.0,1
B000K8EGCU,5.0,1
B000K8CHSK,5.0,1
B000K8ANZE,5.0,1
B000K899Y0,5.0,1
B000K7YN88,5.0,1
B000K7UFGM,4.0,1
B000K7P2V0,4.0,1
B000K7O5MW,5.0,1
B000K7NWBM,5.0,1
B000K7MDW6,5.0,1
B000K7MDU8,5.0,1
B000KBB60W,5.0,1
B000KBD58I,5.0,1
B000KBFCM0,5.0,1
B000KEWM3Y,4.0,1
B000KEWLZ8,5.0,1
B000KEUGUU,5.0,1
B000KEP3NU,5.0,1
B000KEOVWY,5.0,1
B000KEOO12,5.0,1
B000KEDJHM,5.0,1
B000KE51SM,4.0,1
B000KE2MDE,5.0,1
B000KE1AMS,4.0,1
B000KDZXCC,4.0,1
B000KDZES0,5.0,1
B000KDZE8U,5.0,1
B000KDYQR0,5.0,1
B000KDYQ98,5.0,1
B000KDYPXU,4.0,1
B000KDWVIG,5.0,1
B000KDRIAC,5.0,1
B000KCWA2Y,5.0,1
B000KCTHPW,5.0,1
B000KBN86M,5.0,1
B000KBMD22,5.0,1
B000KBFCMK,5.0,1
B000JWO84I,5.0,1
B000JWO82A,5.0,1
B000JWO7US,5.0,1
B000JKLOOC,4.0,1
B000JKEZS4,4.0,1
B000JKEA16,5.0,1
B000JKE9UI,5.0,1
B000JKE9U8,5.0,1
B000JKE12Y,5.0,1
B000JK6ZP0,5.0,1
B000JK6YNI,5.0,1
B000JK6Y7Y,5.0,1
B000JK4STU,5.0,1
B000JK4OQW,5.0,1
B000JK4OM6,5.0,1
B000JK4LK6,4.0,1
B000JK4KJI,5.0,1
B000JK4EFS,5.0,1
B000JK2QCQ,4.0,1
B000JK2OZK,5.0,1
B000JK2LP8,4.0,1
B000JK2L2Q,4.0,1
B000JK2KW2,5.0,1
B000JK2JIW,5.0,1
B000JK0MU4,5.0,1
B000JK0HWC,5.0,1
B000JJLODE,5.0,1
B000JJLE9S,5.0,1
B000JJJ8U0,5.0,1
B000JKIE1S,5.0,1
B000JIQSKY,5.0,1
B000JL5Q6I,5.0,1
B000JL5Q22,4.0,1
B000JL5PSM,4.0,1
B000JL5M4O,4.0,1
B000JL5L7M,5.0,1
B000JL5JXS,5.0,1
B000JL5IIY,5.0,1
B000JL3XR2,5.0,1
B000JL3WWS,5.0,1
B000JL3WAU,5.0,1
B000JL3SOK,5.0,1
B000JL3REG,5.0,1
B000JL3PJ8,5.0,1
B000JL3LE2,5.0,1
B000JL1QW6,5.0,1
B000JL1LFI,5.0,1
B000JL1KWM,5.0,1
B000JL1FYA,5.0,1
B000JL1FQS,5.0,1
B000JL1F7W,5.0,1
B000JL0DCA,4.0,1
B000JKWO7S,4.0,1
B000JKVU9Q,5.0,1
B000JJHCD0,5.0,1
B000JINKYQ,5.0,1
B000JL5SSY,5.0,1
B000JFLHEE,5.0,1
B000JFHA5E,5.0,1
B000JFFTGQ,5.0,1
B000JFFS12,5.0,1
B000JFC8H4,5.0,1
B000JF33B4,5.0,1
B000JF093Y,5.0,1
B000JEYL7U,5.0,1
B000JEUUKC,5.0,1
B000JEOKW6,5.0,1
B000JEN3CO,5.0,1
B000JEKYM6,4.0,1
B000JEFVD8,5.0,1
B000JEEI96,4.0,1
B000JDPWEC,5.0,1
B000JDCUAG,5.0,1
B000JDCFB0,5.0,1
B000JD9TPA,4.0,1
B000JD7SEY,5.0,1
B000JD4JS2,5.0,1
B000JD4DCO,5.0,1
B000JCYQNQ,5.0,1
B000JCGQK2,5.0,1
B000JCDUW4,4.0,1
B000JBWZU8,4.0,1
B000JBWZRG,5.0,1
B000J6DQM4,5.0,1
B000J6C2CE,5.0,1
B000JFKZNI,5.0,1
B000JFO76E,5.0,1
B000JILSYU,5.0,1
B000JIKY4U,5.0,1
B000JIKXZ0,4.0,1
B000JIKVCK,5.0,1
B000JIK6FM,5.0,1
B000JIK45Y,5.0,1
B000JIK0VW,5.0,1
B000JIIRE4,5.0,1
B000JIIL86,5.0,1
B000JIGV3S,5.0,1
B000JIGMBE,5.0,1
B000JIGM6O,5.0,1
B000JIFVWK,5.0,1
B000JICH4A,5.0,1
B000JICH2M,5.0,1
B000JHHAJ8,5.0,1
B000JGZ55U,5.0,1
B000JGM0BM,5.0,1
B000JGHSLY,5.0,1
B000JG5PJQ,5.0,1
B000JG5PJ6,5.0,1
B000JG3T4O,4.0,1
B000JG1MWK,5.0,1
B000JL5R7G,5.0,1
B000JL5TFQ,4.0,1
B000JR51BW,5.0,1
B000JR508Q,5.0,1
B000JR4YY2,5.0,1
B000JR4YMY,5.0,1
B000JR3B4G,5.0,1
B000JR39G6,4.0,1
B000JR39F2,5.0,1
B000JR2WJG,5.0,1
B000JR2WBO,5.0,1
B000JR2PXO,5.0,1
B000JQYVRI,5.0,1
B000JQYTN4,4.0,1
B000JQY592,4.0,1
B000JQFZTG,5.0,1
B000JPI91S,5.0,1
B000JP0RJ0,5.0,1
B000JONUVS,5.0,1
B000JO4JXG,5.0,1
B000JO4IKU,5.0,1
B000JNS7H6,5.0,1
B000JNPIWI,5.0,1
B000JNNO8S,5.0,1
B000JNMDIU,4.0,1
B000JR591E,5.0,1
B000JR6UY4,5.0,1
B000JMHHNW,5.0,1
B000JR6VWK,5.0,1
B000JWM8AY,5.0,1
B000JWM7W8,5.0,1
B000JWK3TW,5.0,1
B000JWBTJK,5.0,1
B000JWBOKY,5.0,1
B000JW8YDE,5.0,1
B000JW6X82,4.0,1
B000JVTIGC,5.0,1
B000JVGIXI,5.0,1
B000JVA816,5.0,1
B000JUYYC6,4.0,1
B000JUVJBA,4.0,1
B000JUEVRY,4.0,1
B000JTNKWM,5.0,1
B000JSW93O,4.0,1
B000JRUI4M,5.0,1
B000JR8H90,5.0,1
B000JR78UO,5.0,1
B000JR77U0,5.0,1
B000JR70FW,5.0,1
B000JR6XQE,5.0,1
B000JR6X96,4.0,1
B000JM87MM,5.0,1
B000JL5UDC,5.0,1
B000JL8TI0,5.0,1
B000JL8T1C,5.0,1
B000JL8R9G,5.0,1
B000JL8Q0G,5.0,1
B000JL8PSY,5.0,1
B000JL8OUI,4.0,1
B000JL8OQM,5.0,1
B000JL8O6W,5.0,1
B000JL8F52,5.0,1
B000JL80TI,5.0,1
B000JL7ZV2,5.0,1
B000JL7YC2,5.0,1
B000JL7X5U,4.0,1
B000JL7VZM,4.0,1
B000JL7SSM,4.0,1
B000JL7SPA,5.0,1
B000JL7NDW,5.0,1
B000JL68CY,5.0,1
B000JL5VOA,5.0,1
B000JL5UGY,5.0,1
B000JLAQ4U,5.0,1
B000JM87LI,5.0,1
B000JM71EM,5.0,1
B000JLVKUO,5.0,1
B000JLOT0C,5.0,1
B000JLKBOA,5.0,1
B000JLEZVK,5.0,1
B000JLEZCE,5.0,1
B000JLEX8U,5.0,1
B000JLEX4E,5.0,1
B000JLEVJG,5.0,1
B000JLCW60,5.0,1
B000JLCW0G,4.0,1
B000JLCVI4,5.0,1
B000JLCU3A,5.0,1
B000JLCTOU,5.0,1
B000JLCTDQ,5.0,1
B000JLCR2Y,5.0,1
B000JLAX3Y,5.0,1
B000JLAWMQ,4.0,1
B000JLAWLW,5.0,1
B000JLAVAE,5.0,1
B000JLAUFU,5.0,1
B000JLAR7G,5.0,1
B000C1ZC14,4.0,1
B000C1ZAJ8,5.0,1
B00021VRU4,5.0,1
B00021W1CW,5.0,1
B00021W0Y6,5.0,1
B00021W0NC,5.0,1
B00021W0IC,4.0,1
B00021W0I2,5.0,1
B00021W082,5.0,1
B00021W06Y,5.0,1
B00021W05K,5.0,1
B00021VYBQ,5.0,1
B00021VVKA,5.0,1
B00021VTV6,5.0,1
B00021VQNC,5.0,1
B00021CUG4,5.0,1
B00021VQ3W,5.0,1
B00021VOKW,5.0,1
B00021VOKC,5.0,1
B00021VNGC,5.0,1
B00021VN4Y,5.0,1
B00021VLY6,5.0,1
B00021VLKU,5.0,1
B00021VLH8,4.0,1
B00021VLGO,5.0,1
B00021VL9G,5.0,1
B00021VL6Y,5.0,1
B00021VJYS,5.0,1
B00021VJUC,5.0,1
B00021W1F4,5.0,1
B00021W1NG,5.0,1
B00021W1PY,5.0,1
B00022C37O,5.0,1
B00022C36U,4.0,1
B00022BKPU,5.0,1
B00022BC2G,5.0,1
B00022BAZK,5.0,1
B00022B2DA,5.0,1
B00022AUVU,5.0,1
B0002269UQ,5.0,1
B000225ZUG,5.0,1
B0002227PC,5.0,1
B00021XPX6,5.0,1
B00021WYVA,5.0,1
B00021WWTE,5.0,1
B00021WV3G,5.0,1
B00021WT5Q,5.0,1
B00021W7K8,5.0,1
B00021W4CY,5.0,1
B00021W4BA,5.0,1
B00021VI1W,5.0,1
B00021UQ6U,5.0,1
B00021PE2Q,5.0,1
B00021DK68,5.0,1
B00021DH8O,4.0,1
B00021DH70,5.0,1
B00021DGUI,5.0,1
B00021DGM6,5.0,1
B00021DFEK,5.0,1
B00021DEZ0,5.0,1
B00021DEVE,4.0,1
B00021DEP0,5.0,1
B00021DBWG,5.0,1
B00021DBF8,5.0,1
B00021DBC6,5.0,1
B00021DAL8,4.0,1
B00021DAH2,5.0,1
B00021D9YG,5.0,1
B00021D6I0,4.0,1
B00021D5PE,5.0,1
B00021D4YQ,5.0,1
B00021D144,4.0,1
B00021CXZM,5.0,1
B00021CX1Q,5.0,1
B00021CWYO,5.0,1
B00021CWQW,5.0,1
B00021CV3G,5.0,1
B00021CUWI,5.0,1
B00021CUUA,5.0,1
B00021DLN0,4.0,1
B00021DN5G,4.0,1
B00021PDOK,5.0,1
B00021DP5Y,5.0,1
B00021PDKO,5.0,1
B00021PD72,5.0,1
B00021PCZU,5.0,1
B00021PBWO,5.0,1
B00021PBCO,5.0,1
B00021P80E,5.0,1
B00021LUHY,5.0,1
B00021E9EK,5.0,1
B00021E9DQ,5.0,1
B00021E8BE,5.0,1
B00021E66Q,5.0,1
B00021E5XU,5.0,1
B00021E1IO,5.0,1
B00021DZ2C,5.0,1
B00021DXOM,4.0,1
B00021DXK6,5.0,1
B00021DVSK,5.0,1
B00021DV94,5.0,1
B00021DTQY,5.0,1
B00021DTHI,5.0,1
B00021DSVK,5.0,1
B00021DSSS,5.0,1
B00021DPUO,4.0,1
B00021DPTK,4.0,1
B00022C64O,5.0,1
B00022DM74,5.0,1
B00022DM7E,5.0,1
B00027C9B4,5.0,1
B00027BSJ8,5.0,1
B00027987W,5.0,1
B00027987M,5.0,1
B00027985E,5.0,1
B000277XOM,5.0,1
B000277XMY,5.0,1
B000277XJW,5.0,1
B000277XJ2,5.0,1
B000277ILA,5.0,1
B000273RII,5.0,1
B000273ENG,5.0,1
B000273ELS,5.0,1
B000271B1I,5.0,1
B00026YM60,4.0,1
B00026YLV6,5.0,1
B00026S7VG,4.0,1
B00026FVN8,5.0,1
B00026FVFQ,4.0,1
B00026FV8I,5.0,1
B00026E74C,5.0,1
B000265D0O,5.0,1
B000260QGA,5.0,1
B00025X7KS,5.0,1
B00027CR7K,5.0,1
B00025X1CW,5.0,1
B00027D1R0,5.0,1
B00028MOYU,5.0,1
B00028MCOM,5.0,1
B00028F4H4,5.0,1
B00028F4BK,5.0,1
B00028F37A,5.0,1
B00028F2W6,5.0,1
B00028F2JO,5.0,1
B00028F2AS,5.0,1
B00028F2AI,5.0,1
B00028F25I,5.0,1
B00028F0S2,5.0,1
B00028F0CI,5.0,1
B00028EZVA,4.0,1
B00028EYFC,5.0,1
B00028EYDY,5.0,1
B00028EY5M,5.0,1
B000288CUU,5.0,1
B000285IQQ,5.0,1
B00027TS7W,5.0,1
B00027TRJ6,5.0,1
B00027TRB4,5.0,1
B00027TM64,5.0,1
B00027TGMY,5.0,1
B00027D74W,5.0,1
B00025X1F4,5.0,1
B00025X1AY,5.0,1
B00022DMLU,5.0,1
B00023IXMW,4.0,1
B00023EPZ6,5.0,1
B00023EOUW,5.0,1
B00023EOSO,5.0,1
B00023EMLS,4.0,1
B00023EMC2,5.0,1
B00023DIBS,5.0,1
B00023CJQS,4.0,1
B00023AQQ8,5.0,1
B00023AQPY,4.0,1
B00023AOAG,5.0,1
B00023AJE2,5.0,1
B00023AJAQ,5.0,1
B00023AHTY,5.0,1
B000235UKU,4.0,1
B0002352YO,4.0,1
B00022WA72,5.0,1
B00022UF6U,5.0,1
B00022UF5G,5.0,1
B00022UBFA,5.0,1
B00022DX2S,5.0,1
B00022DPVW,5.0,1
B00022DMQK,4.0,1
B00023EPZG,4.0,1
B00023IZY8,5.0,1
B00025WXIK,5.0,1
B00025WX2Q,5.0,1
B00025UYAY,5.0,1
B00025OT3C,5.0,1
B00025HDYO,5.0,1
B00025H6QY,5.0,1
B00025H5W4,5.0,1
B00025H5LU,5.0,1
B00025H4X4,5.0,1
B00025H2N6,5.0,1
B00025G25A,4.0,1
B00025G1VK,5.0,1
B00025G1TM,4.0,1
B00025G1QK,5.0,1
B00025C09C,5.0,1
B00024YUD2,5.0,1
B00024L6WU,5.0,1
B00024EAH8,5.0,1
B000244BBI,5.0,1
B00024458C,5.0,1
B00023XXE0,5.0,1
B00023T5WE,5.0,1
B00023QSVA,5.0,1
B00023QRIE,5.0,1
B00021CUM8,5.0,1
B00021CT2O,4.0,1
B00028N2RI,5.0,1
B0001K0PTK,5.0,1
B0001M3K6I,5.0,1
B0001M1QAA,5.0,1
B0001M0XWC,5.0,1
B0001LONR4,5.0,1
B0001LAEZ4,5.0,1
B0001KOQ0Y,5.0,1
B0001KOQ0O,4.0,1
B0001KOCL2,4.0,1
B0001KBP1C,5.0,1
B0001K55RC,5.0,1
B0001K55PO,4.0,1
B0001K0POK,4.0,1
B00021CPKK,5.0,1
B0001J3RGY,5.0,1
B0001IPZBK,5.0,1
B0001IPZ92,5.0,1
B0001IPZ7E,5.0,1
B0001IEWSC,4.0,1
B0001HYMLA,5.0,1
B0001HYML0,5.0,1
B0001HQ2WC,4.0,1
B0001GL79G,5.0,1
B0001M3KHM,5.0,1
B0001M3KKE,4.0,1
B0001M3V3A,5.0,1
B0001TP2H6,5.0,1
B0001TORA4,5.0,1
B0001TOJ0M,5.0,1
B0001TM8WI,4.0,1
B0001TJXLW,5.0,1
B0001TJ0RY,5.0,1
B0001TIKG6,5.0,1
B0001RHIGQ,5.0,1
B0001QNL0Y,5.0,1
B0001NLVYK,5.0,1
B0001NAYJS,5.0,1
B0001NAY3E,5.0,1
B0001N65BY,4.0,1
B0001N4AKW,5.0,1
B0001N4AK2,5.0,1
B0001N4AJI,5.0,1
B0001MSG8U,5.0,1
B0001MF8R2,5.0,1
B0001MDN4C,5.0,1
B0001M7DIO,5.0,1
B0001M7D84,5.0,1
B0001M7D66,4.0,1
B0001M3VCQ,5.0,1
B0001M3V3U,5.0,1
B0001G7JMU,5.0,1
B0001G7JGQ,5.0,1
B0001EKW9O,5.0,1
B0001EKVNQ,5.0,1
B0001EKT4C,5.0,1
B0001EKSZC,5.0,1
B0001EKSKW,5.0,1
B0001EKSJ8,5.0,1
B0001EKS6G,5.0,1
B0001EKS3O,5.0,1
B0001EJO34,5.0,1
B0001DTYVM,5.0,1
B0001CI3ME,5.0,1
B0001BOU0O,5.0,1
B0001BOJGO,5.0,1
B0001BOJ5U,5.0,1
B0001BOGGM,5.0,1
B0001BOFPO,5.0,1
B0001BOB76,5.0,1
B0001BO8F6,5.0,1
B0001BO6HG,5.0,1
B0001BNYZ6,5.0,1
B0001BNWKI,5.0,1
B0001EKWA8,5.0,1
B0001EKXTS,5.0,1
B0001G7JB6,5.0,1
B0001EKXUC,5.0,1
B0001G7ICQ,4.0,1
B0001G7GIW,5.0,1
B0001G7F38,5.0,1
B0001G79PM,4.0,1
B0001G79P2,5.0,1
B0001G79ES,5.0,1
B0001G74ZW,5.0,1
B0001G734Y,5.0,1
B0001G727M,5.0,1
B0001G6Z66,5.0,1
B0001FBYP4,5.0,1
B0001FBVIE,5.0,1
B0001EL7CU,5.0,1
B0001EL1FS,4.0,1
B0001EL176,4.0,1
B0001EL16W,4.0,1
B0001EL0W2,5.0,1
B0001EKZ0A,5.0,1
B0001EKY38,4.0,1
B0001TPZRS,5.0,1
B0001TQ6JE,4.0,1
B00021A7W8,5.0,1
B00021A0CA,5.0,1
B000219ZNA,4.0,1
B0002182MK,5.0,1
B0002182L6,5.0,1
B000217ZQY,5.0,1
B000217Z6Y,5.0,1
B000217YBA,4.0,1
B000217Q18,5.0,1
B000217N98,5.0,1
B000217MY4,5.0,1
B000217LOA,4.0,1
B000217I9I,5.0,1
B000217D1G,5.0,1
B0002177Y4,5.0,1
B0002176OA,5.0,1
B00021760Y,5.0,1
B00021719A,4.0,1
B000216TFM,4.0,1
B000216TES,5.0,1
B000216R2C,5.0,1
B0002162VI,5.0,1
B000214D5A,4.0,1
B00020YY28,5.0,1
B00020VHMI,5.0,1
B00020VHF0,5.0,1
B00021ACRI,5.0,1
B00020URDI,5.0,1
B00021CNRK,5.0,1
B00021CKHS,5.0,1
B00021CD5C,5.0,1
B00021C5WI,4.0,1
B00021C5TQ,5.0,1
B00021C2O4,5.0,1
B00021C0JQ,5.0,1
B00021BZ8S,5.0,1
B00021BYR0,5.0,1
B00021BYP2,5.0,1
B00021BX0S,5.0,1
B00021BWXQ,4.0,1
B00021BTPC,5.0,1
B00021BQDW,4.0,1
B00021BIGW,5.0,1
B00021BCRW,5.0,1
B00021BA38,4.0,1
B00021B36M,5.0,1
B00021AQVA,5.0,1
B00021AO3U,4.0,1
B00021AO1M,5.0,1
B00021AFM0,5.0,1
B00020URGA,4.0,1
B00020NYLU,5.0,1
B0001YQTL4,5.0,1
B0001YO0XS,5.0,1
B0001YNYBM,5.0,1
B0001YA6VI,5.0,1
B0001XQNPW,5.0,1
B0001XOGDS,5.0,1
B0001XLYRO,5.0,1
B0001XLSQG,5.0,1
B0001XLSP2,5.0,1
B0001XLSOS,5.0,1
B0001XE0GQ,5.0,1
B0001XE08Y,4.0,1
B0001WHY0G,5.0,1
B0001VUENQ,5.0,1
B0001VNWSU,5.0,1
B0001V55HG,4.0,1
B0001TSX0Y,5.0,1
B0001TSJS0,5.0,1
B0001TS1E2,5.0,1
B0001TS1CY,5.0,1
B0001TRDEG,5.0,1
B0001TRDBO,5.0,1
B0001YOUFG,5.0,1
B0001Z5YR8,5.0,1
B00020NL0Y,5.0,1
B0001Z5YZK,5.0,1
B00020LHWS,4.0,1
B00020HO1Q,5.0,1
B00020EY8W,5.0,1
B00020EI06,5.0,1
B00020E252,4.0,1
B00020E1QM,5.0,1
B000200JK4,5.0,1
B0001ZZUFO,5.0,1
B0001ZZPAO,5.0,1
B0001ZZOBE,4.0,1
B0001ZZCVG,5.0,1
B0001ZWPIO,4.0,1
B0001ZWMN2,5.0,1
B0001ZWMMI,4.0,1
B0001ZWM8C,5.0,1
B0001ZQKSK,5.0,1
B0001ZA4K0,5.0,1
B0001Z984I,4.0,1
B0001Z982U,5.0,1
B0001Z602G,5.0,1
B0001Z5ZVI,5.0,1
B0001Z5ZHM,4.0,1
B00028N2UU,5.0,1
B00030533G,5.0,1
B0002SI2XW,5.0,1
B0002T54M8,4.0,1
B0002T54D2,5.0,1
B0002T549Q,4.0,1
B0002T2QO2,4.0,1
B0002SVNWE,5.0,1
B0002SVDS8,5.0,1
B0002SV87Y,5.0,1
B0002SIT2G,5.0,1
B0002SIS68,4.0,1
B0002SHLBG,5.0,1
B0002JMMY6,5.0,1
B0002SGR7K,5.0,1
B0002SGOBO,5.0,1
B0002RXMUQ,4.0,1
B0002RUOKW,5.0,1
B0002QPMVO,5.0,1
B0002QPITU,5.0,1
B0002QPITA,5.0,1
B0002Q9YYK,5.0,1
B0002Q9YYA,5.0,1
B0002Q7GJ0,5.0,1
B0002Q2PI2,5.0,1
B0002Q2PHS,4.0,1
B0002T54XC,5.0,1
B0002T58NS,5.0,1
B0002TECA8,4.0,1
B0002TG94A,5.0,1
B0002V43HI,5.0,1
B0002V324S,5.0,1
B0002UW3FS,5.0,1
B0002UOIUQ,5.0,1
B0002UNJMO,5.0,1
B0002UNJLK,5.0,1
B0002UNJLA,5.0,1
B0002UM1GE,5.0,1
B0002UM1G4,4.0,1
B0002UL2TG,5.0,1
B0002UL2SW,5.0,1
B0002UF85U,5.0,1
B0002U26T6,5.0,1
B0002U26SW,5.0,1
B0002TRE8A,5.0,1
B0002TR4OE,4.0,1
B0002TR4KI,4.0,1
B0002TLWVK,4.0,1
B0002TLKDK,5.0,1
B0002TGUOY,5.0,1
B0002TG94U,5.0,1
B0002PU6XY,5.0,1
B0002POG3K,4.0,1
B0002KHAZQ,4.0,1
B0002KAISC,5.0,1
B0002KAIRI,5.0,1
B0002KAICI,5.0,1
B0002JVPO4,5.0,1
B0002JVKKS,4.0,1
B0002JVILE,5.0,1
B0002JV5DU,5.0,1
B0002JTCPS,5.0,1
B0002JTC2G,5.0,1
B0002JRDMW,4.0,1
B0002JMY94,4.0,1
B0002JMXMC,5.0,1
B0002JMW82,4.0,1
B0002JMVG0,5.0,1
B0002JMV7O,5.0,1
B0002JMT7G,5.0,1
B0002JMSSQ,4.0,1
B0002JMSG8,5.0,1
B0002JMRIM,5.0,1
B0002JMQHE,4.0,1
B0002JMP98,4.0,1
B0002KHAX8,4.0,1
B0002KIWT4,5.0,1
B0002KIX2U,5.0,1
B0002OTHBW,4.0,1
B0002OSCR2,5.0,1
B0002ONG6Y,5.0,1
B0002ONFCY,5.0,1
B0002OCQ74,5.0,1
B0002OCQ4W,5.0,1
B0002O2EA8,5.0,1
B0002NXRM8,5.0,1
B0002ML8CA,5.0,1
B0002MJCD2,5.0,1
B0002MJCCI,5.0,1
B0002MIR42,5.0,1
B0002M6578,5.0,1
B0002M656Y,5.0,1
B0002LK6TC,5.0,1
B0002LK106,5.0,1
B0002KWSOE,5.0,1
B0002KU742,5.0,1
B0002KQHGO,5.0,1
B0002KQHF0,5.0,1
B0002KQFEI,5.0,1
B0002KIXH0,4.0,1
B0002VAVQA,5.0,1
B0002VAVQU,5.0,1
B0002Z8RHQ,5.0,1
B0002Z8P8C,5.0,1
B0002Z8P1Y,5.0,1
B0002Z8OQU,4.0,1
B0002Z8ODS,5.0,1
B0002Z8N1Q,5.0,1
B0002Z8MZI,5.0,1
B0002Z8LR2,5.0,1
B0002Z8K2I,5.0,1
B0002Z8JAQ,4.0,1
B0002Z8J0G,5.0,1
B0002Z8HCQ,5.0,1
B0002Z8H4E,5.0,1
B0002Z8GUO,5.0,1
B0002Z8GL8,5.0,1
B0002Z8GKE,5.0,1
B0002Z8FVY,5.0,1
B0002Z8FJG,5.0,1
B0002Z8FG4,5.0,1
B0002Z8FFU,5.0,1
B0002Z8S6G,5.0,1
B0002Z8EWO,5.0,1
B0002Z8TBK,5.0,1
B000300Q1U,4.0,1
B0003009UI,4.0,1
B0002ZZSLY,4.0,1
B0002ZZRBK,5.0,1
B0002ZWG6Y,5.0,1
B0002ZLJI0,5.0,1
B0002ZJW0C,4.0,1
B0002ZH876,5.0,1
B0002ZBB06,5.0,1
B0002Z99MS,5.0,1
B0002Z93YC,5.0,1
B0002Z93D8,5.0,1
B0002Z939C,4.0,1
B0002Z938S,5.0,1
B0002Z92B6,5.0,1
B0002Z91N0,5.0,1
B0002Z90T0,5.0,1
B0002Z8XVG,5.0,1
B0002Z8XRU,5.0,1
B0002Z8XIE,5.0,1
B0002Z8WZS,5.0,1
B0002Z8V7C,5.0,1
B0002Z8UWS,4.0,1
B0002Z8U32,4.0,1
B0002Z8TME,5.0,1
B0002Z8TEC,5.0,1
B0002Z8F3W,5.0,1
B0002Z8E92,4.0,1
B0002VAZDE,5.0,1
B0002XL1VC,5.0,1
B0002XI1Z6,5.0,1
B0002XHZL2,5.0,1
B0002XHXZU,4.0,1
B0002XHCS8,5.0,1
B0002X8WAU,5.0,1
B0002X6GIA,5.0,1
B0002WTGB0,5.0,1
B0002WRKXG,5.0,1
B0002W327Y,5.0,1
B0002W09VG,5.0,1
B0002VYRVU,4.0,1
B0002VQ4IE,5.0,1
B0002VNKPO,4.0,1
B0002VJTGS,4.0,1
B0002VJ32S,5.0,1
B0002VHQBS,5.0,1
B0002VHPPA,5.0,1
B0002VG6RI,5.0,1
B0002VETQS,4.0,1
B0002VDYV4,4.0,1
B0002XKLZ4,5.0,1
B0002XP58C,5.0,1
B0002Z8E7Y,5.0,1
B0002Z8DCK,5.0,1
B0002Z7NPS,5.0,1
B0002Z0UO4,5.0,1
B0002Z0Q6Q,5.0,1
B0002Z0PMQ,5.0,1
B0002Z0OCM,5.0,1
B0002YYE1U,5.0,1
B0002YLX3M,5.0,1
B0002YLWZ6,5.0,1
B0002YE906,5.0,1
B0002YE8QQ,4.0,1
B0002YE8PM,5.0,1
B0002YE8KM,5.0,1
B0002Y5JRS,5.0,1
B0002Y5JKA,5.0,1
B0002Y5IF6,5.0,1
B0002Y5H1G,5.0,1
B0002Y2EJ4,5.0,1
B0002JMP8O,5.0,1
B0002JKQ9O,5.0,1
B0002DLQIA,5.0,1
B0002DMPXK,5.0,1
B0002DMOYK,5.0,1
B0002DMCVA,5.0,1
B0002DM5GW,5.0,1
B0002DM3P0,5.0,1
B0002DM350,5.0,1
B0002DM2OC,5.0,1
B0002DLZWM,5.0,1
B0002DLRYI,5.0,1
B0002DLRAM,5.0,1
B0002DLR7U,5.0,1
B0002DLQDA,5.0,1
B0002JJDE8,5.0,1
B0002DLKZY,5.0,1
B0002DLJGE,5.0,1
B0002DLILU,5.0,1
B0002DLEMI,4.0,1
B0002DL0OU,5.0,1
B0002DKQEA,4.0,1
B0002DKNZW,5.0,1
B0002DKN6Q,4.0,1
B0002CZK6K,5.0,1
B0002DMQSO,5.0,1
B0002DMTZ4,4.0,1
B0002DO3MG,5.0,1
B0002DO2ZY,5.0,1
B0002DNZBQ,5.0,1
B0002DNZ8Y,5.0,1
B0002DNYJE,5.0,1
B0002DNVV0,5.0,1
B0002DNSQS,5.0,1
B0002DNR3M,5.0,1
B0002DNPZM,4.0,1
B0002DNPLQ,5.0,1
B0002DNNCW,5.0,1
B0002DNKHA,5.0,1
B0002DNH3C,5.0,1
B0002DNE5I,5.0,1
B0002DNADE,4.0,1
B0002DN6TC,4.0,1
B0002DN24Q,5.0,1
B0002DMZZI,5.0,1
B0002DMXLY,5.0,1
B0002DMWU6,5.0,1
B0002DMU7G,5.0,1
B0002DMU6M,5.0,1
B0002CR108,5.0,1
B0002CP222,5.0,1
B0002CP1K0,5.0,1
B00028PZVY,5.0,1
B00028POBK,5.0,1
B00028P32U,5.0,1
B00028OV82,4.0,1
B00028OV7S,5.0,1
B00028OV64,5.0,1
B00028OV4Q,5.0,1
B00028OV46,4.0,1
B00028OUK6,5.0,1
B00028OUH4,5.0,1
B00028OUGU,5.0,1
B00028OTZ2,4.0,1
B00028OTXO,5.0,1
B00028OTVQ,5.0,1
B00028OTUC,5.0,1
B00028OTA2,4.0,1
B00028ORM2,5.0,1
B00028OQZU,5.0,1
B00028O63C,5.0,1
B00028NXFO,5.0,1
B00028NQ4C,5.0,1
B00028NOB2,5.0,1
B00028NO7G,5.0,1
B00028NO6C,5.0,1
B00028NMP0,4.0,1
B00028NMG4,4.0,1
B00028PZUK,5.0,1
B00028Q14Y,5.0,1
B00028Q3U6,5.0,1
B0002CK880,5.0,1
B0002CK7AY,5.0,1
B0002CD0A8,5.0,1
B0002C8062,5.0,1
B0002C72CA,5.0,1
B0002C72B6,5.0,1
B0002BQJQQ,5.0,1
B0002BB75O,5.0,1
B0002AQRFK,5.0,1
B0002AOQ4O,5.0,1
B0002AOP40,4.0,1
B0002AOO50,5.0,1
B0002A65PW,5.0,1
B00029V17K,5.0,1
B00029V0P8,5.0,1
B00029V0EO,5.0,1
B00029UZ22,4.0,1
B00029RCOG,5.0,1
B00029JM9O,5.0,1
B00029DZBU,5.0,1
B00028QF36,4.0,1
B00028Q7IO,4.0,1
B00028Q3XS,5.0,1
B00028Q3X8,5.0,1
B0002DO43O,5.0,1
B0002DO452,5.0,1
B0002DO4OI,5.0,1
B0002J3AW4,4.0,1
B0002J3A4C,5.0,1
B0002J37F4,5.0,1
B0002IXM6O,5.0,1
B0002ISOOE,4.0,1
B0002IPU2S,5.0,1
B0002IOTU2,5.0,1
B0002IJGAK,4.0,1
B0002IEU2Y,5.0,1
B0002IEU0Q,4.0,1
B0002IEU06,5.0,1
B0002I3ZVQ,4.0,1
B0002I3ZAM,5.0,1
B0002I0UK0,5.0,1
B0002H8CLK,5.0,1
B0002H87KQ,5.0,1
B0002H85AI,5.0,1
B0002H858K,5.0,1
B0002H8562,4.0,1
B0002H854O,5.0,1
B0002H3RNI,5.0,1
B0002GVJXE,5.0,1
B0002GTU7Q,5.0,1
B0002GRPXW,4.0,1
B0002GRONS,5.0,1
B0002GRO92,5.0,1
B0002GRLAO,5.0,1
B0002GRKUA,5.0,1
B0002J3HGI,5.0,1
B0002J5HAC,4.0,1
B0002GRCTE,5.0,1
B0002JB3JG,5.0,1
B0002JHCRI,4.0,1
B0002JH93K,4.0,1
B0002JH75A,5.0,1
B0002JGUPS,5.0,1
B0002JC0BG,5.0,1
B0002JC070,5.0,1
B0002JBZJY,5.0,1
B0002JBZIK,5.0,1
B0002JBY5O,5.0,1
B0002JBVQ6,5.0,1
B0002JBUAS,5.0,1
B0002JBPYY,5.0,1
B0002JBPTY,5.0,1
B0002JBMM4,5.0,1
B0002JBKEY,5.0,1
B0002JBJ5E,5.0,1
B0002JBCU6,5.0,1
B0002JBBCU,5.0,1
B0002JB9FO,5.0,1
B0002JB5ZS,5.0,1
B0002JB4L8,5.0,1
B0002JB3WI,5.0,1
B0002JB3LE,4.0,1
B0002GRJUQ,5.0,1
B0002GR85M,5.0,1
B0002DO4P2,5.0,1
B0002F1MTG,5.0,1
B0002EZXVA,5.0,1
B0002EZXV0,5.0,1
B0002EXPUQ,5.0,1
B0002ERLT2,5.0,1
B0002EPSYC,4.0,1
B0002EPS5G,5.0,1
B0002EPS3S,5.0,1
B0002EJQ40,5.0,1
B0002EBHP6,5.0,1
B0002EAZ2M,5.0,1
B0002EAZ1S,5.0,1
B0002DUGD6,5.0,1
B0002DTVR8,5.0,1
B0002DTULU,5.0,1
B0002DTSXK,4.0,1
B0002DTSWQ,4.0,1
B0002DTQYQ,5.0,1
B0002DOZD8,5.0,1
B0002DOYG6,5.0,1
B0002DOWF4,5.0,1
B0002DO5FG,5.0,1
B0002F1I4K,5.0,1
B0002F1NN6,5.0,1
B0002F1QSS,4.0,1
B0002GR69U,5.0,1
B0002GQVDW,5.0,1
B0002GQS8U,5.0,1
B0002GQQ3C,5.0,1
B0002GQ88U,5.0,1
B0002GQ812,4.0,1
B0002GQ6VO,5.0,1
B0002GQ3JY,5.0,1
B0002GQ2KY,5.0,1
B0002GQ05Q,5.0,1
B0002GPEIA,5.0,1
B0002GPC0A,5.0,1
B0002GP6MY,5.0,1
B0002GP6L0,5.0,1
B0002FEK3G,4.0,1
B0002FBFYI,4.0,1
B0002F4MBG,5.0,1
B0002F2B78,5.0,1
B0002F29XE,5.0,1
B0002F1XG8,5.0,1
B0002F1V1K,5.0,1
B0002F1RVO,5.0,1
B0001BNT7Y,4.0,1
B0001BNSQG,5.0,1
B0001BNRI0,5.0,1
B000052Y1M,5.0,1
B000052Y0I,5.0,1
B000052XZQ,5.0,1
B000052WZ7,4.0,1
B000050RO8,4.0,1
B00004XRY5,5.0,1
B00004VBMM,5.0,1
B00004TZYD,5.0,1
9790790813,5.0,1
B0000281UM,5.0,1
B000027S8A,4.0,1
B000025MVI,4.0,1
B000025034,5.0,1
B000024BMM,5.0,1
B00000JK0Q,5.0,1
B00000JGVY,4.0,1
B000007X34,4.0,1
B000007T5X,5.0,1
B000006J86,5.0,1
B0000065GY,5.0,1
B000052Y1R,5.0,1
B000052Y6R,5.0,1
B0000530GT,5.0,1
B0000530FF,5.0,1
B0000530CC,5.0,1
B00005306O,5.0,1
B00005303R,5.0,1
B00005303E,5.0,1
B000053038,5.0,1
B000053031,5.0,1
B00005302F,5.0,1
B000052ZOT,5.0,1
B000052ZAX,5.0,1
B000052ZA2,5.0,1
B000052ZA0,5.0,1
B000052Z8Y,5.0,1
B000052Z5H,5.0,1
B000052YQV,5.0,1
B000052YQR,5.0,1
B000052YQQ,5.0,1
B000052YQK,5.0,1
B000052YP1,5.0,1
B000052YMM,4.0,1
B000052YJA,5.0,1
B000052YH3,4.0,1
B000005SIP,4.0,1
B000005LJT,5.0,1
9790795351,5.0,1
9790795114,4.0,1
9790795084,5.0,1
9790795076,5.0,1
9790794800,4.0,1
9790794614,5.0,1
979079455X,5.0,1
9790794363,5.0,1
9790794282,5.0,1
9790794258,4.0,1
979079410X,4.0,1
9790793871,5.0,1
9790793839,5.0,1
9790793782,5.0,1
9790793227,5.0,1
9790793111,5.0,1
9790793073,4.0,1
9790793030,5.0,1
9790793014,5.0,1
9790792824,5.0,1
9790792719,5.0,1
9790792646,5.0,1
9790792190,4.0,1
9790792115,5.0,1
9790791968,5.0,1
9790791526,5.0,1
9790791402,5.0,1
9790795424,5.0,1
979079570X,4.0,1
9895514042,5.0,1
9866379841,5.0,1
9839215027,5.0,1
9790801637,5.0,1
9790801556,5.0,1
979080153X,5.0,1
9790801483,4.0,1
9790800916,5.0,1
9790800126,5.0,1
9790799799,5.0,1
9790799551,4.0,1
9790799233,5.0,1
9790798288,5.0,1
9790798261,5.0,1
9790797885,5.0,1
9790797818,5.0,1
9790797397,5.0,1
9790797079,5.0,1
9790796684,5.0,1
979079651X,5.0,1
979079634X,5.0,1
B0000530II,5.0,1
B0000530KT,5.0,1
B0000530NG,5.0,1
B00005JD3M,5.0,1
B00005J3BB,5.0,1
B00005BJ91,5.0,1
B00005BJ8X,5.0,1
B00005BHRE,5.0,1
B00005B701,4.0,1
B00005B5DI,5.0,1
B00005B12Q,5.0,1
B00005B0AF,5.0,1
B00005AW82,5.0,1
B00005AUVY,5.0,1
B00005A3GJ,5.0,1
B000059RU9,5.0,1
B000059GDC,5.0,1
B000058E4E,4.0,1
B000056OWV,5.0,1
B000054P4U,5.0,1
B0000549ZU,5.0,1
B00005426X,5.0,1
B000053L66,5.0,1
B000053878,5.0,1
B0000537W4,4.0,1
B0000537SZ,5.0,1
B0000537S5,5.0,1
B00005J8DK,5.0,1
B00005JHWM,5.0,1
B0000537HZ,5.0,1
B00005K9DM,5.0,1
B00005UN93,5.0,1
B00005T7CX,5.0,1
B00005RHEV,4.0,1
B00005REB3,5.0,1
B00005REAK,4.0,1
B00005RE9X,4.0,1
B00005QT2I,5.0,1
B00005QIOX,5.0,1
B00005NWXX,5.0,1
B00005NWXV,5.0,1
B00005NVG5,5.0,1
B00005NQB7,5.0,1
B00005NJ7C,5.0,1
B00005NHF7,4.0,1
B00005ND0S,5.0,1
B00005NBG8,5.0,1
B00005NAU0,5.0,1
B00005NAPK,5.0,1
B00005N9BR,5.0,1
B00005M1W7,5.0,1
B00005M1W2,5.0,1
B00005M1VY,5.0,1
B00005LZPK,4.0,1
B00005LZM8,5.0,1
B00005LOHJ,5.0,1
B0000537NV,5.0,1
B0000530U0,5.0,1
B0000532VQ,5.0,1
B0000532OD,5.0,1
B0000532KI,5.0,1
B0000532KF,5.0,1
B0000532AC,5.0,1
B00005322G,5.0,1
B00005320M,4.0,1
B00005320H,5.0,1
B0000531Y8,5.0,1
B0000531XW,5.0,1
B0000531UL,5.0,1
B0000531SE,5.0,1
B0000531RF,4.0,1
B0000531NQ,5.0,1
B0000531M3,5.0,1
B0000531LB,4.0,1
B0000531KW,4.0,1
B0000531KM,4.0,1
B0000531KK,5.0,1
B0000531ID,5.0,1
B0000531FC,5.0,1
B0000532VP,5.0,1
B0000532VS,5.0,1
B00005376E,5.0,1
B0000532XV,5.0,1
B0000536I0,4.0,1
B00005369O,5.0,1
B000053679,5.0,1
B00005366Y,5.0,1
B00005365L,5.0,1
B00005360X,5.0,1
B00005360V,4.0,1
B00005360R,5.0,1
B0000535YK,5.0,1
B0000535VQ,5.0,1
B0000535TF,4.0,1
B0000535SP,5.0,1
B0000535SF,5.0,1
B0000535SE,5.0,1
B0000535RY,5.0,1
B0000535RS,4.0,1
B0000535EO,4.0,1
B000053495,5.0,1
B00005337S,4.0,1
B00005337I,5.0,1
B00005337D,5.0,1
B00005331A,5.0,1
B0000532ZL,5.0,1
B0000532ZI,5.0,1
B0000532Y3,5.0,1
9790791224,5.0,1
9790790783,5.0,1
B0001BNPF0,4.0,1
9788071554,5.0,1
9788071511,5.0,1
9788071465,5.0,1
978807118X,5.0,1
9788071171,5.0,1
9788071163,4.0,1
9758086243,4.0,1
9748668525,5.0,1
9745343412,5.0,1
9742126046,4.0,1
979079021X,5.0,1
9602344954,5.0,1
9573086514,5.0,1
951311290X,5.0,1
9511181572,5.0,1
9510213861,5.0,1
9509369934,5.0,1
9502737628,4.0,1
9029300388,5.0,1
9788071856,5.0,1
9788072283,5.0,1
9788072372,5.0,1
9788077625,5.0,1
9788077315,5.0,1
9788077021,5.0,1
9788076203,5.0,1
9788076025,5.0,1
978807572X,5.0,1
9788075681,5.0,1
9788075649,5.0,1
9788075584,5.0,1
9788075363,4.0,1
9788074405,5.0,1
9788074367,4.0,1
9788074049,5.0,1
9788073883,5.0,1
9788073492,4.0,1
9788073328,5.0,1
978807328X,5.0,1
9788073247,5.0,1
9788073239,5.0,1
978807314X,5.0,1
9788072992,5.0,1
9788072976,5.0,1
9788072828,5.0,1
8934903716,4.0,1
1987958179,5.0,1
1906987238,5.0,1
1879187396,5.0,1
1457982633,5.0,1
1451646526,4.0,1
1304665704,5.0,1
1304651347,5.0,1
1304651118,5.0,1
130465110X,5.0,1
1304651088,5.0,1
1304622460,5.0,1
1304622452,5.0,1
1304622223,5.0,1
130451112X,5.0,1
1304488608,5.0,1
1304196062,5.0,1
1304196046,5.0,1
1304174905,5.0,1
130414674X,5.0,1
1304146537,5.0,1
130414089X,5.0,1
1304139220,5.0,1
1304139212,5.0,1
0762451459,5.0,1
0733001998,4.0,1
1929099886,4.0,1
832900094X,5.0,1
8096398741,5.0,1
8072222120,5.0,1
7899120217,5.0,1
7885223639,4.0,1
788522323X,5.0,1
7883633309,4.0,1
7883527428,4.0,1
753865058X,4.0,1
6175005589,5.0,1
6175005570,5.0,1
6169040335,5.0,1
6117036094,5.0,1
5357956014,5.0,1
5357955972,5.0,1
5357955832,5.0,1
5357955751,5.0,1
5357955743,5.0,1
4057362967,5.0,1
4057362886,4.0,1
4057362843,5.0,1
978807801X,5.0,1
9788078389,5.0,1
9790786077,5.0,1
9790785682,5.0,1
9790785410,5.0,1
9790785356,5.0,1
9790785240,5.0,1
9790784570,4.0,1
9790784120,4.0,1
9790783825,5.0,1
9790783779,5.0,1
9790783728,5.0,1
979078368X,5.0,1
9790783647,5.0,1
9790783388,4.0,1
9790782977,5.0,1
9790782969,5.0,1
9790782950,5.0,1
9790782942,5.0,1
9790782918,5.0,1
9790782314,5.0,1
9790782306,5.0,1
9790781849,5.0,1
9790781210,5.0,1
9790780753,5.0,1
9790785828,5.0,1
9790786522,5.0,1
9790780400,4.0,1
9790786557,5.0,1
9790790074,5.0,1
9790789858,5.0,1
9790789564,5.0,1
979078953X,5.0,1
9790789351,5.0,1
9790789297,5.0,1
9790789033,5.0,1
9790788991,4.0,1
9790788770,5.0,1
9790788711,5.0,1
9790788584,5.0,1
9790788002,5.0,1
9790787936,5.0,1
9790787863,5.0,1
9790787626,5.0,1
9790787383,5.0,1
9790787308,5.0,1
9790787294,5.0,1
9790787286,5.0,1
9790787049,4.0,1
9790786794,5.0,1
9790786727,5.0,1
9790780621,5.0,1
9790780117,5.0,1
9790773587,5.0,1
9790773145,5.0,1
979077267X,5.0,1
9790772645,5.0,1
9790772564,5.0,1
9790772289,5.0,1
9790771983,5.0,1
9790771584,5.0,1
9790771517,4.0,1
9790771479,5.0,1
9790771444,5.0,1
9790771339,5.0,1
9790770995,5.0,1
9790770898,5.0,1
9790770839,5.0,1
9790770138,4.0,1
979077012X,5.0,1
978982064X,5.0,1
9788080901,5.0,1
9788080685,5.0,1
9788080669,5.0,1
978808043X,4.0,1
9788080227,5.0,1
9788078907,5.0,1
979077348X,5.0,1
979077365X,5.0,1
9790773668,5.0,1
9790779798,5.0,1
9790779755,5.0,1
9790779291,5.0,1
9790779097,5.0,1
9790779070,5.0,1
9790778740,5.0,1
9790778554,5.0,1
9790777981,5.0,1
9790777949,5.0,1
9790777019,4.0,1
9790776977,5.0,1
9790776691,5.0,1
9790776292,5.0,1
9790776209,5.0,1
9790775989,5.0,1
9790775571,5.0,1
9790775253,5.0,1
9790774907,5.0,1
9790774842,5.0,1
9790774516,5.0,1
9790774397,5.0,1
9790774389,5.0,1
9790774060,5.0,1
9790773870,5.0,1
9790773730,4.0,1
9790773676,5.0,1
B00005V5OY,5.0,1
B00005V9TR,5.0,1
B00005Y2CL,5.0,1
B00016AJVS,5.0,1
B00015X75Y,5.0,1
B00015WOFS,5.0,1
B00015WOEE,5.0,1
B00015WOE4,4.0,1
B00015JO92,5.0,1
B00015JO60,4.0,1
B00015JNNO,5.0,1
B00015JNN4,5.0,1
B00015HO6C,5.0,1
B00015HNX6,5.0,1
B00015HBEW,5.0,1
B00015EBL8,5.0,1
B00015E29Y,5.0,1
B00005Y3YR,5.0,1
B00015E1CW,5.0,1
B00015E11I,5.0,1
B00015DYRK,5.0,1
B00015DY02,4.0,1
B00015DXAS,5.0,1
B000158BX2,5.0,1
B000155N7O,5.0,1
B00016KML0,5.0,1
B00016QHN2,4.0,1
B00016QOOO,5.0,1
B00016WSR6,4.0,1
B00016WSK8,5.0,1
B00016WSBC,5.0,1
B00016WRLS,5.0,1
B00016WP9C,5.0,1
B00016WN08,5.0,1
B00016W5CY,5.0,1
B00016R5HO,4.0,1
B00016R5BK,5.0,1
B00016R574,5.0,1
B00016QW8M,5.0,1
B00016QW8C,5.0,1
B00016QW7S,5.0,1
B00016QTAI,5.0,1
B00016QSAO,5.0,1
B00016QS5O,5.0,1
B00016QRXC,5.0,1
B00016QRV4,5.0,1
B00016QRTQ,5.0,1
B00016QP3O,5.0,1
B00016QP34,5.0,1
B00016QP16,5.0,1
B000155LJ4,5.0,1
B00014TSJY,5.0,1
B00014TRS6,5.0,1
B000143RL4,5.0,1
B000143R4G,5.0,1
B000143R3W,5.0,1
B000143QJ2,5.0,1
B000143N7M,5.0,1
B000143MG4,5.0,1
B000143LAG,5.0,1
B000143HGY,5.0,1
B000143EV2,4.0,1
B000143D0Y,5.0,1
B0001439IU,5.0,1
B0001439HQ,5.0,1
B0001438VS,5.0,1
B000143606,5.0,1
B0001434A8,5.0,1
B00014345I,5.0,1
B0001432DW,5.0,1
B0001432C8,5.0,1
B00014321O,5.0,1
B0001431TM,5.0,1
B0001431CY,5.0,1
B000142YTA,5.0,1
B000142VDE,5.0,1
B000142TS6,5.0,1
B000142P4E,5.0,1
B000142OF4,5.0,1
B000143RI2,5.0,1
B000143RLO,5.0,1
B00014TNHG,5.0,1
B00014M2VU,5.0,1
B00014ICSW,5.0,1
B00014I930,5.0,1
B00014HW2E,5.0,1
B00014HDPA,4.0,1
B00014HA3U,5.0,1
B00014HA2G,5.0,1
B00014GVQ2,5.0,1
B00014GT8W,5.0,1
B00014GER8,4.0,1
B00014GD0Q,4.0,1
B00014DZMA,5.0,1
B00014DN54,5.0,1
B000146MA2,5.0,1
B000144LBY,4.0,1
B000144L1E,5.0,1
B000143RWI,5.0,1
B000143RPA,5.0,1
B000143ROQ,4.0,1
B00016WSWG,5.0,1
B00016WW2C,5.0,1
B00016X01Y,5.0,1
B0001A9OD8,5.0,1
B00019MKN0,4.0,1
B00019HVFC,5.0,1
B00019A9AQ,5.0,1
B000199BPA,5.0,1
B000196DRY,5.0,1
B000196DRE,5.0,1
B000196DPQ,5.0,1
B000196DPG,5.0,1
B000195US2,4.0,1
B000195UMI,5.0,1
B000195U1O,5.0,1
B000195S7A,5.0,1
B000195RSA,5.0,1
B000195NTS,5.0,1
B000195NOI,4.0,1
B000195NLG,4.0,1
B000195MWG,5.0,1
B000195KLE,5.0,1
B000195K5U,5.0,1
B000195K14,5.0,1
B000195JFQ,5.0,1
B000195JC4,5.0,1
B000195ILQ,5.0,1
B000195HSU,4.0,1
B000195FCI,5.0,1
B000195F1E,4.0,1
B00019YZDI,4.0,1
B0001AD4PM,5.0,1
B0001AD4QQ,5.0,1
B0001BNO74,5.0,1
B0001BNNZM,5.0,1
B0001BNLZO,5.0,1
B0001BNLUO,5.0,1
B0001BNKXC,5.0,1
B0001BNKL4,5.0,1
B0001B57CY,5.0,1
B0001AVSVY,5.0,1
B0001ARFLQ,5.0,1
B0001AQCZ6,5.0,1
B0001AQCQ0,5.0,1
B0001AQCDI,5.0,1
B0001AQCCE,5.0,1
B0001AQC5Q,4.0,1
B0001AQC42,5.0,1
B0001APXRY,5.0,1
B0001AFL4O,5.0,1
B0001AFIFQ,5.0,1
B0001AF6OY,4.0,1
B0001AD4XE,5.0,1
B0001AD4VQ,5.0,1
B0001AD4UC,5.0,1
B000195BMC,4.0,1
B00016X0HS,5.0,1
B00017XRY8,4.0,1
B00017XPL8,5.0,1
B00017XNEM,5.0,1
B00017XKOU,5.0,1
B00017XJRI,5.0,1
B00017XJ64,5.0,1
B00017XHG6,5.0,1
B00017XEZK,5.0,1
B00017XA9K,5.0,1
B00017X9TG,5.0,1
B00017UZDE,5.0,1
B00017UZ66,4.0,1
B000177FUK,5.0,1
B000172RTO,5.0,1
B000172RI0,5.0,1
B000172RFS,4.0,1
B000172R8U,5.0,1
B00016XIY8,5.0,1
B00016XCEO,5.0,1
B00016XBEA,5.0,1
B00016X9M4,4.0,1
B00016X9BA,5.0,1
B00016X98S,5.0,1
B00016X7Q2,5.0,1
B00016X67C,5.0,1
B00016X41A,4.0,1
B00017XQAS,4.0,1
B00017Y0V2,5.0,1
B00019510O,5.0,1
B00017Y1KC,5.0,1
B0001950NC,5.0,1
B000194Y7U,5.0,1
B000194Y6G,5.0,1
B00018QGDG,5.0,1
B00018H72A,5.0,1
B00018D4DQ,4.0,1
B000189L8I,4.0,1
B000189520,5.0,1
B0001886DO,5.0,1
B0001886D4,5.0,1
B000181TE2,5.0,1
B000181T9C,4.0,1
B000181SU2,5.0,1
B000181SQQ,5.0,1
B00017YIFU,5.0,1
B00017YI4Q,5.0,1
B00017YFH6,5.0,1
B00017YBPM,5.0,1
B00017YAL2,4.0,1
B00017Y9KO,5.0,1
B00017Y48Q,5.0,1
B00017Y3QO,5.0,1
B000142J2W,4.0,1
B000142IFU,4.0,1
B00008WZ0G,5.0,1
B00008RGPP,5.0,1
B00008RGPO,5.0,1
B00008ODBN,4.0,1
B00008O2X3,4.0,1
B00008MOQZ,5.0,1
B00008MOQI,5.0,1
B00008MOQG,4.0,1
B00008LUPB,5.0,1
B00008KA8H,5.0,1
B00008J2XR,5.0,1
B00008J2WO,4.0,1
B00008IHNY,5.0,1
B00008I8PL,5.0,1
B00008DHS2,5.0,1
B00008CMOX,5.0,1
B00008AJJV,5.0,1
B000087LQ5,5.0,1
B00007LVDA,5.0,1
B00008ZZ26,5.0,1
B000092R44,5.0,1
B00007J4WF,4.0,1
B000093HKN,5.0,1
B0000C1I9G,4.0,1
B0000AS54T,4.0,1
B0000APP9X,5.0,1
B0000AN9LP,5.0,1
B0000AMKXD,5.0,1
B0000ALPQI,5.0,1
B0000AKMX3,5.0,1
B0000AJ3PY,5.0,1
B0000ABPLA,5.0,1
B0000A6062,4.0,1
B0000A605Y,4.0,1
B0000A4EW2,5.0,1
B00009WHTI,5.0,1
B00009TWME,5.0,1
B00009TWMB,5.0,1
B00009M8JE,5.0,1
B00009M8JC,5.0,1
B000094OWL,5.0,1
B000094OWB,5.0,1
B000094OWA,5.0,1
B00007L1HT,5.0,1
B00007EFLK,5.0,1
B000069A4J,5.0,1
B000069A4A,5.0,1
B000069A3I,5.0,1
B000069A33,5.0,1
B0000691J8,5.0,1
B000068PVL,5.0,1
B000068LU0,5.0,1
B000068CXN,5.0,1
B0000683OF,4.0,1
B000067O3M,5.0,1
B000067O3L,5.0,1
B000066SY6,5.0,1
B000066RKV,5.0,1
B00006498Q,5.0,1
B000063WU2,5.0,1
B000063JEH,5.0,1
B000063JEB,5.0,1
B000063JE5,5.0,1
B000063D0A,5.0,1
B0000638XJ,5.0,1
B0000636YQ,4.0,1
B0000636YM,5.0,1
B00006347A,5.0,1
B0000632EJ,5.0,1
B000062R6J,5.0,1
B00005YIMG,5.0,1
B000069A4I,5.0,1
B000069C8A,5.0,1
B00007EFL3,5.0,1
B000069C8B,5.0,1
B00007EFL1,5.0,1
B00007EFKK,5.0,1
B00007EFKI,4.0,1
B00007EFKH,5.0,1
B000078CXO,5.0,1
B00006RH53,5.0,1
B00006P03Y,5.0,1
B00006LLNN,4.0,1
B00006LHYR,5.0,1
B00006L9KY,5.0,1
B00006K142,5.0,1
B00006IV52,5.0,1
B00006ISEC,5.0,1
B00006IQLO,5.0,1
B00006FRW6,4.0,1
B00006EPHQ,4.0,1
B00006CTGY,5.0,1
B00006AKYY,4.0,1
B00006AGFW,5.0,1
B00006AG74,4.0,1
B00006AG72,5.0,1
B000069YV9,4.0,1
B000069R7Q,5.0,1
B000069J49,5.0,1
B0000C6HHU,5.0,1
B00013V0A0,5.0,1
B00013MT1O,5.0,1
B00012WYI8,4.0,1
B00012US9U,4.0,1
B00012URW8,4.0,1
B00012URS2,5.0,1
B00012URN2,4.0,1
B00012URGE,5.0,1
B00012JY5Y,4.0,1
B00012FM8C,4.0,1
B00012FM4Q,5.0,1
B00012FM32,5.0,1
B000127KAU,4.0,1
B000126R0Y,5.0,1
B00011THGG,4.0,1
B00011R556,5.0,1
B00011QUXE,5.0,1
B00011QUVQ,5.0,1
B00011QTRQ,5.0,1
B00011QTR6,4.0,1
B00011QSWM,5.0,1
B00011K1KW,5.0,1
B00011JYY6,5.0,1
B00011JXHY,5.0,1
B00013MT7I,5.0,1
B00013V0AU,5.0,1
B00011JXBU,4.0,1
B000142GZM,5.0,1
B0001429SG,5.0,1
B00014268E,5.0,1
B00014253A,5.0,1
B0001422YM,5.0,1
B0001422RO,5.0,1
B0001422P6,5.0,1
B0001421PC,5.0,1
B000141YBY,5.0,1
B000141XOC,4.0,1
B000141UXG,5.0,1
B000141UUY,5.0,1
B000141U8G,5.0,1
B000141T28,5.0,1
B000141PIG,5.0,1
B000141PDQ,5.0,1
B000141P8Q,5.0,1
B000141LU8,5.0,1
B000141LO4,5.0,1
B000141J1Y,5.0,1
B000141HE8,5.0,1
B0001418RE,5.0,1
B00011JXFQ,5.0,1
B00011JTIC,5.0,1
B0000C88FT,4.0,1
B0000XMQUO,5.0,1
B0000XMQMC,5.0,1
B0000X071O,5.0,1
B0000WANB4,4.0,1
B0000V82AE,5.0,1
B0000UJJTS,5.0,1
B0000TPBDC,5.0,1
B0000JJE3A,4.0,1
B0000DZP4C,5.0,1
B0000DZGVG,5.0,1
B0000DJEJZ,5.0,1
B0000DIWH3,5.0,1
B0000DI4UG,5.0,1
B0000DGBFD,5.0,1
B0000DG6CR,5.0,1
B0000DG6CO,5.0,1
B0000DBPHM,5.0,1
B0000DBNEZ,5.0,1
B0000DBNEW,5.0,1
B0000D9PQJ,4.0,1
B0000CFNSU,5.0,1
B0000CFNSO,5.0,1
B0000CES5I,4.0,1
B0000CE75R,5.0,1
B0000Y3I00,5.0,1
B00011JP36,5.0,1
B00011JKU4,5.0,1
B00011JKE0,4.0,1
B00011JK6S,5.0,1
B0000ZLEWS,5.0,1
B0000YV9JW,5.0,1
B0000YV8NO,5.0,1
B0000YV8N4,4.0,1
B0000YV7XK,4.0,1
B0000YV74E,5.0,1
B0000YV6JA,5.0,1
B0000YV6FY,4.0,1
B0000YV6FO,5.0,1
B0000YV5R8,5.0,1
B0000YUXQM,4.0,1
B0000YUXJE,5.0,1
B0000YTOP8,4.0,1
B0000YI9GI,5.0,1
B0000YI8VY,5.0,1
B0000YAE1Q,5.0,1
B0000Y3J6I,4.0,1
B000302QMM,5.0,1
B0003055ZW,4.0,1
B000C1Z9U8,4.0,1
B000AADFWU,5.0,1
B000AADFCA,5.0,1
B000AADEYO,5.0,1
B000AAAX70,5.0,1
B000AAAX6G,5.0,1
B000AAAWKI,5.0,1
B000AAAVKO,5.0,1
B000AAA1KO,5.0,1
B000AA9IDK,4.0,1
B000AA9I4E,4.0,1
B000AA9HPO,5.0,1
B000A38NR4,5.0,1
B000AA9HIG,5.0,1
B000AA5WOY,5.0,1
B000AA5WCG,5.0,1
B000AA5VRM,4.0,1
B000AA5VJA,5.0,1
B000A8OHK6,5.0,1
B000A84954,5.0,1
B000A8492W,5.0,1
B000A8490E,5.0,1
B000A82J38,5.0,1
B000A82J2Y,5.0,1
B000A80444,5.0,1
B000AADG10,5.0,1
B000AADG7O,5.0,1
B000AAN2QY,4.0,1
B000AAQD38,5.0,1
B000AIZ1P6,5.0,1
B000AIKGEM,5.0,1
B000AIJAGC,5.0,1
B000AIJAFS,5.0,1
B000AIHLX6,5.0,1
B000AIFQF6,5.0,1
B000AIFQEM,5.0,1
B000AIAJE4,5.0,1
B000AFLOUK,5.0,1
B000AFKG9A,5.0,1
B000AFKG8Q,5.0,1
B000AFIM0U,5.0,1
B000AFILZG,5.0,1
B000ADDVDU,5.0,1
B000ACSRDA,5.0,1
B000ACB0IY,5.0,1
B000ACAVC0,5.0,1
B000ABOM8K,5.0,1
B000ABH7GE,4.0,1
B000ABAUMC,5.0,1
B000AAS18S,5.0,1
B000A7OWUW,5.0,1
B000A7MG96,5.0,1
B000A3ZNA4,5.0,1
B000A3ZN5O,5.0,1
B000A3ZMKA,5.0,1
B000A3ZMI2,5.0,1
B000A3ZME6,4.0,1
B000A3Z6D8,5.0,1
B000A3XI06,5.0,1
B000A3XHYS,4.0,1
B000A3XHPM,5.0,1
B000A3XHNY,5.0,1
B000A3XHMK,5.0,1
B000A3XHGG,5.0,1
B000A3XHG6,4.0,1
B000A3XHD4,5.0,1
B000A3XHA2,5.0,1
B000A3XGZS,5.0,1
B000A3XGXU,5.0,1
B000A3WXHU,4.0,1
B000A3WQUE,5.0,1
B000A3VH5O,5.0,1
B000A3V31M,5.0,1
B000A3V2YK,5.0,1
B000A3V2XG,5.0,1
B000A3V2QI,5.0,1
B000A3V21S,5.0,1
B000A3POR6,5.0,1
B000A3NJLE,4.0,1
B000A3NJKA,5.0,1
B000A3ZN86,5.0,1
B000A408JY,5.0,1
B000A408S0,4.0,1
B000A7I88O,5.0,1
B000A7DEFQ,5.0,1
B000A79NV0,4.0,1
B000A77E9S,5.0,1
B000A6OC58,4.0,1
B000A6NQ4G,5.0,1
B000A6L8KA,5.0,1
B000A6KY4G,5.0,1
B000A6KW16,5.0,1
B000A6KVD0,5.0,1
B000A6JERY,5.0,1
B000A6JEQK,5.0,1
B000A65ANQ,5.0,1
B000A5CQGQ,4.0,1
B000A4VAV4,5.0,1
B000A4TQTC,5.0,1
B000A44D2C,5.0,1
B000A44CX2,5.0,1
B000A44CWI,4.0,1
B000A409MA,5.0,1
B000A409GQ,5.0,1
B000A409DY,5.0,1
B000A409C0,5.0,1
B000A4095M,5.0,1
B000AKYKOM,5.0,1
B000ALAU54,4.0,1
B000ALBL5M,5.0,1
B000AY0YQQ,5.0,1
B000AVV77E,5.0,1
B000AV31DM,5.0,1
B000AV1EDG,5.0,1
B000AUZ4D8,5.0,1
B000AUTGUU,5.0,1
B000AUTG8W,5.0,1
B000AUG5RC,5.0,1
B000ASDX4M,5.0,1
B000ASB5MO,5.0,1
B000AR9GIU,5.0,1
B000AR9GH6,5.0,1
B000AR81X6,5.0,1
B000AQSA06,5.0,1
B000AQQCLU,5.0,1
B000AQOD70,4.0,1
B000AQOCQ2,5.0,1
B000AQOC62,5.0,1
B000AQKLWQ,5.0,1
B000AQI74A,5.0,1
B000AYJDYU,5.0,1
B000AZ3R6O,5.0,1
B000AZ4FOM,5.0,1
B000B60JSG,5.0,1
B000B60IY6,5.0,1
B000B60EMM,5.0,1
B000B5YLAE,5.0,1
B000B5SSH6,5.0,1
B000B5RYSA,5.0,1
B000B5PRK2,5.0,1
B000B5PRFM,5.0,1
B000B5P50Y,4.0,1
B000B5NENE,5.0,1
B000B5NEIO,5.0,1
B000B41F4A,5.0,1
B000B3ZC7M,5.0,1
B000B3ZC40,5.0,1
B000B3NPDA,5.0,1
B000B3KE20,5.0,1
B000B3IEX6,4.0,1
B000B3D12K,5.0,1
B000B1XAFK,5.0,1
B000B1X3HU,5.0,1
B000B0Z8LK,5.0,1
B000AZR9ZY,5.0,1
B000AZB5JU,5.0,1
B000AQHMJ6,5.0,1
B000AQG66G,5.0,1
B000AMB07A,5.0,1
B000AM8XTI,5.0,1
B000AM842E,5.0,1
B000AM17WI,5.0,1
B000ALY44W,5.0,1
B000ALY3OS,5.0,1
B000ALWYY4,5.0,1
B000ALMR2S,5.0,1
B000ALILJG,5.0,1
B000ALILBO,5.0,1
B000ALIL82,5.0,1
B000ALFVLC,5.0,1
B000ALFUTA,4.0,1
B000ALFTU0,5.0,1
B000ALDKQK,5.0,1
B000ALDJX4,5.0,1
B000ALDJS4,5.0,1
B000ALDIPI,4.0,1
B000ALBNBY,5.0,1
B000ALBMQK,5.0,1
B000ALBLX4,5.0,1
B000ALBLDO,5.0,1
B000ALBLAC,5.0,1
B000AQFZV8,5.0,1
B000AMDOYM,5.0,1
B000AQFJYG,5.0,1
B000AQAHQG,4.0,1
B000AP8FAW,5.0,1
B000AP53IY,5.0,1
B000AOP3M6,5.0,1
B000AOJIJK,5.0,1
B000AOAI7G,5.0,1
B000AO8UDU,5.0,1
B000AO802G,4.0,1
B000AO2RBG,5.0,1
B000ANNT2S,4.0,1
B000ANEA8A,5.0,1
B000ANE9GS,4.0,1
B000ANARS2,4.0,1
B000ANAR9Q,5.0,1
B000AN1XFS,5.0,1
B000AN1CV8,5.0,1
B000AMWHLI,5.0,1
B000AMVSRC,5.0,1
B000AMNMI0,5.0,1
B000A38XYW,4.0,1
B000A35L4C,5.0,1
B000B62AOW,4.0,1
B0009QH7HY,5.0,1
B0009R34F2,4.0,1
B0009R34AC,5.0,1
B0009R349I,5.0,1
B0009R33YE,5.0,1
B0009R33WQ,5.0,1
B0009R33OE,5.0,1
B0009R15KS,5.0,1
B0009R15IU,4.0,1
B0009R15I0,5.0,1
B0009QZZ9G,5.0,1
B0009QQI1K,5.0,1
B0009QK4G0,5.0,1
B0009QB0F4,5.0,1
B0009QB0AO,5.0,1
B0009Q95G0,4.0,1
B0009Q05MS,5.0,1
B0009PVV4K,5.0,1
B0009PVF8W,5.0,1
B0009PTUMU,5.0,1
B0009PSDKU,5.0,1
B0009PN5E4,5.0,1
B0009OUB4M,5.0,1
B0009OMOZG,5.0,1
B0009OMOXI,5.0,1
B0009R34GG,4.0,1
B0009R34LG,4.0,1
B0009R35BK,5.0,1
B0009R35HY,5.0,1
B0009S9H02,4.0,1
B0009S3KEG,5.0,1
B0009S3GOU,5.0,1
B0009S3FEG,5.0,1
B0009S1KQ6,5.0,1
B0009RVB3O,5.0,1
B0009RV7PG,4.0,1
B0009RV634,5.0,1
B0009RT776,5.0,1
B0009RT6WW,5.0,1
B0009RSQN2,5.0,1
B0009RFASQ,5.0,1
B0009RFAIQ,5.0,1
B0009RFAHW,5.0,1
B0009RFAHC,5.0,1
B0009RF8BK,5.0,1
B0009R5CP2,5.0,1
B0009R5C98,5.0,1
B0009R5BVM,5.0,1
B0009R5BOO,5.0,1
B0009R5B76,4.0,1
B0009R367S,5.0,1
B0009OMNPW,5.0,1
B0009OMNNO,5.0,1
B0009OMNIO,5.0,1
B0009MI8AS,5.0,1
B0009MHTQW,5.0,1
B0009MHNVI,5.0,1
B0009MHK6Q,5.0,1
B0009MGF3A,5.0,1
B0009MGD46,5.0,1
B0009MCWBY,5.0,1
B0009MCSSG,4.0,1
B0009M1BEI,5.0,1
B0009LIZFC,4.0,1
B0009LIU2U,5.0,1
B0009LC4H2,5.0,1
B0009LAHRG,5.0,1
B0009KX2GU,5.0,1
B0009K7PWW,5.0,1
B0009JUW2S,4.0,1
B0009JTU6M,5.0,1
B0009JTHC4,5.0,1
B0009JRRDK,5.0,1
B0009JRQZO,5.0,1
B0009JRQWM,5.0,1
B0009JRNZM,5.0,1
B0009JRH1M,5.0,1
B0009JRF8M,5.0,1
B0009JP33Q,5.0,1
B0009MHX04,5.0,1
B0009MJAC8,5.0,1
B0009OMNH0,5.0,1
B0009OE9O0,5.0,1
B0009OE9HM,5.0,1
B0009OAZYI,4.0,1
B0009OAZXO,5.0,1
B0009OAILI,4.0,1
B0009OAIA4,5.0,1
B0009OAHR8,5.0,1
B0009OAHOQ,5.0,1
B0009OAHAU,5.0,1
B0009OAHAA,5.0,1
B0009OAH9G,5.0,1
B0009OAH8W,5.0,1
B0009OAGZQ,5.0,1
B0009OAGOM,5.0,1
B0009OAGO2,5.0,1
B0009O1IDU,5.0,1
B0009NCQ0U,5.0,1
B0009N5S9Q,5.0,1
B0009N5E0E,5.0,1
B0009N56EI,5.0,1
B0009N4K0O,5.0,1
B0009N35R8,5.0,1
B0009MU6ZS,5.0,1
B0009MU6YE,5.0,1
B0009MSHTA,5.0,1
B0009MJZ46,4.0,1
B0009MJYCO,5.0,1
B0009S9ZTA,4.0,1
B0009SV1YW,5.0,1
B0009YGKJ2,5.0,1
B0009YDOJQ,5.0,1
B0009YDOJG,5.0,1
B0009YDOFU,5.0,1
B0009YDOFK,5.0,1
B0009YDO46,5.0,1
B0009YDO00,5.0,1
B0009Y9CH4,4.0,1
B0009Y6RFY,5.0,1
B0009Y50SE,5.0,1
B0009Y4YNQ,5.0,1
B0009Y2EUQ,5.0,1
B0009Y01LU,5.0,1
B0009XYYS2,5.0,1
B0009XWXCQ,5.0,1
B0009XWKJW,5.0,1
B0009XTEQO,5.0,1
B0009XT0GS,5.0,1
B0009XSIAW,5.0,1
B0009XPAIA,5.0,1
B0009XPAHQ,4.0,1
B0009XNWWG,5.0,1
B0009XNWVC,5.0,1
B0009XLSL8,5.0,1
B0009XJNLA,5.0,1
B0009YS41E,5.0,1
B000A09PD8,5.0,1
B000A2T45K,5.0,1
B000A2QJVW,5.0,1
B000A2HKQA,5.0,1
B000A2EYE6,5.0,1
B000A2BRJG,5.0,1
B000A2BRDC,5.0,1
B000A28046,4.0,1
B000A26IKO,4.0,1
B000A26GSS,5.0,1
B000A24O6O,5.0,1
B000A24LLW,5.0,1
B000A22K7O,5.0,1
B000A1MFU2,5.0,1
B000A1KDZQ,5.0,1
B000A1KDZG,5.0,1
B000A1IVEG,5.0,1
B000A1EP5U,5.0,1
B000A173U4,5.0,1
B000A0YN7G,5.0,1
B000A0RJYK,5.0,1
B000A0OOKC,5.0,1
B000A0LNLU,5.0,1
B000A0JR9A,5.0,1
B000A0IH9G,4.0,1
B000A0G2QQ,5.0,1
B000A0ATEW,5.0,1
B0009XJNJM,4.0,1
B0009XH70E,5.0,1
B0009VRA30,5.0,1
B0009VQ9NC,5.0,1
B0009VPG72,5.0,1
B0009VO98Y,5.0,1
B0009VO8MG,5.0,1
B0009VO8JE,5.0,1
B0009VNIB8,5.0,1
B0009VFE74,5.0,1
B0009VEMS6,5.0,1
B0009VCUX0,5.0,1
B0009VCUVM,5.0,1
B0009VCULW,5.0,1
B0009VCUKI,4.0,1
B0009VA4J2,5.0,1
B0009VA46K,5.0,1
B0009V63G0,4.0,1
B0009U7XVK,5.0,1
B0009TTFG2,5.0,1
B0009TRD5W,4.0,1
B0009TRC4Y,5.0,1
B0009TRBE0,5.0,1
B0009TNCXE,5.0,1
B0009TNBLW,5.0,1
B0009TNA04,5.0,1
B0009SV228,5.0,1
B0009VS7MS,5.0,1
B0009VS8IG,4.0,1
B0009XH6RI,5.0,1
B0009VS8K4,5.0,1
B0009XG87W,5.0,1
B0009XEDII,5.0,1
B0009X66C4,4.0,1
B0009X66BK,5.0,1
B0009X4CHK,5.0,1
B0009X4CH0,5.0,1
B0009X0SBY,5.0,1
B0009WY5SW,4.0,1
B0009WY5SM,5.0,1
B0009WY5MI,4.0,1
B0009WY57I,5.0,1
B0009WY55U,4.0,1
B0009WY54Q,5.0,1
B0009WY546,5.0,1
B0009WY51Y,5.0,1
B0009WY50K,5.0,1
B0009WMENU,5.0,1
B0009WKSK6,4.0,1
B0009WFCWU,5.0,1
B0009WFCRA,5.0,1
B0009WAER8,5.0,1
B0009W8MJA,5.0,1
B0009W5J5K,5.0,1
B0009W4M44,5.0,1
B0009VV55O,4.0,1
B000B6215K,5.0,1
B00030BAP6,5.0,1
B000BTIOCQ,5.0,1
B000BUDBUU,4.0,1
B000BU813W,5.0,1
B000BU7SCM,5.0,1
B000BU5ITC,5.0,1
B000BTSVHY,5.0,1
B000BTSLIS,5.0,1
B000BTO4LG,5.0,1
B000BTLQHG,5.0,1
B000BTLIT2,5.0,1
B000BTJTVQ,4.0,1
B000BP1RDS,4.0,1
B000BTHR8I,5.0,1
B000BTHR1A,5.0,1
B000BTFIV6,5.0,1
B000BTEYGG,5.0,1
B000BTDH2S,5.0,1
B000BTDCWI,5.0,1
B000BTCVP2,5.0,1
B000BTBPBS,5.0,1
B000BTB7Y8,5.0,1
B000BUE79Y,5.0,1
B000BUQQFW,5.0,1
B000BYLVVM,4.0,1
B000BYLVOE,5.0,1
B000BX8B7K,5.0,1
B000BX62K8,5.0,1
B000BX4NWW,5.0,1
B000BWYL48,4.0,1
B000BWP27S,5.0,1
B000BWI5J0,5.0,1
B000BWHHYY,5.0,1
B000BWEH38,5.0,1
B000BWA4M6,5.0,1
B000BW90BW,5.0,1
B000BW3GEY,5.0,1
B000BW3FZY,4.0,1
B000BW28SO,5.0,1
B000BW10JC,5.0,1
B000BVYPFO,5.0,1
B000BVXPSM,5.0,1
B000BVX8HU,5.0,1
B000BVFXB4,4.0,1
B000BVEE82,5.0,1
B000BVEE6O,5.0,1
B000BVDIM0,4.0,1
B000BUT9P6,5.0,1
B000BT64JG,4.0,1
B000BS6XMA,5.0,1
B000BS6NFC,5.0,1
B000BR648O,4.0,1
B000BR610A,5.0,1
B000BR60SI,5.0,1
B000BR60LA,5.0,1
B000BR60HO,5.0,1
B000BR5ZMA,5.0,1
B000BR5ZE8,4.0,1
B000BR5XUY,5.0,1
B000BR44ZO,5.0,1
B000BR436Y,5.0,1
B000BR42BA,5.0,1
B000BR357W,5.0,1
B000BQM7AY,5.0,1
B000BPZ2RU,4.0,1
B000BPOE6K,5.0,1
B000BPEEQK,5.0,1
B000BPBFL2,5.0,1
B000BP934I,5.0,1
B000BP81JQ,4.0,1
B000BP81J6,5.0,1
B000BP3YPW,5.0,1
B000BP3UP6,5.0,1
B000BP21LA,5.0,1
B000BP1UKI,5.0,1
B000BR61FK,5.0,1
B000BR6UFQ,4.0,1
B000BRYOP4,4.0,1
B000BR7F3M,5.0,1
B000BRU8TA,5.0,1
B000BRQ8OO,5.0,1
B000BRPHTG,5.0,1
B000BROHYC,5.0,1
B000BROGSO,5.0,1
B000BRNIQA,5.0,1
B000BRLWUO,5.0,1
B000BRL4KC,5.0,1
B000BRL4F2,5.0,1
B000BRKW6E,5.0,1
B000BRKSAO,5.0,1
B000BRK3GI,5.0,1
B000BRK2QY,5.0,1
B000BRGUA6,5.0,1
B000BRG4LG,5.0,1
B000BRCSR0,4.0,1
B000BR996S,5.0,1
B000BR98UK,5.0,1
B000BR94RW,5.0,1
B000BR92QK,5.0,1
B000BR91XE,5.0,1
B000BR91MU,5.0,1
B000BR8X6K,5.0,1
B000BR8BDA,4.0,1
B000BR7ZFK,5.0,1
B000BR7Y4M,4.0,1
B000BR7XNY,5.0,1
B000BR7TZQ,5.0,1
B000BYNENU,5.0,1
B000BYOSE4,4.0,1
B000BYPO3S,5.0,1
B000C1Z1JW,5.0,1
B000C1Z1CO,5.0,1
B000C1Z1CE,5.0,1
B000C1Z17Y,5.0,1
B000C1Z160,5.0,1
B000C1Z15G,5.0,1
B000C1W6KY,5.0,1
B000C1W60Y,5.0,1
B000C1W5DC,5.0,1
B000C1W5AU,5.0,1
B000C1W3LQ,5.0,1
B000C1W2ZI,5.0,1
B000C1W2YY,5.0,1
B000C1W1VS,5.0,1
B000C1W1UY,5.0,1
B000C1W0KU,5.0,1
B000C1W0IM,5.0,1
B000C1W0B4,5.0,1
B000C1VYVQ,5.0,1
B000C1VYB6,5.0,1
B000C1Z1FQ,5.0,1
B000C1Z1P6,5.0,1
B000C1VX58,5.0,1
B000C1Z1X8,5.0,1
B000C1Z9SK,5.0,1
B000C1Z9MQ,5.0,1
B000C1Z976,5.0,1
B000C1Z8V8,5.0,1
B000C1Z8OA,5.0,1
B000C1Z8MC,5.0,1
B000C1Z8J0,5.0,1
B000C1Z8BI,5.0,1
B000C1Z7CS,5.0,1
B000C1Z6LK,5.0,1
B000C1Z6LA,5.0,1
B000C1Z6A6,5.0,1
B000C1Z69C,4.0,1
B000C1Z65G,5.0,1
B000C1Z638,5.0,1
B000C1Z5WK,5.0,1
B000C1Z5NE,5.0,1
B000C1Z58Y,5.0,1
B000C1Z56G,5.0,1
B000C1Z55W,5.0,1
B000C1Z4N0,5.0,1
B000C1Z3HC,5.0,1
B000C1Z3D6,5.0,1
B000C1Z2JG,5.0,1
B000C1Z2GY,5.0,1
B000C1Z2FU,4.0,1
B000C1Z27I,4.0,1
B000C1VXEY,5.0,1
B000C1VX4Y,5.0,1
B000C1UDB8,5.0,1
B000C1UCQY,5.0,1
B000C1UCAA,5.0,1
B000C1UBM4,5.0,1
B000C1UBC4,5.0,1
B000C1UB6U,5.0,1
B000C1UB10,5.0,1
B000C1J1KC,5.0,1
B000C1DR9I,5.0,1
B000BZZRPC,5.0,1
B000BZXNHQ,5.0,1
B000BZWUIY,5.0,1
B000BZJUMI,4.0,1
B000BZ9H0S,5.0,1
B000BZ9D7K,5.0,1
B000BYTCAE,5.0,1
B000BYSU16,5.0,1
B000BYSP48,5.0,1
B000BYSKEI,5.0,1
B000BYSKBQ,5.0,1
B000BYQFWC,4.0,1
B000BYQC98,5.0,1
B000C1UCXM,5.0,1
B000C1UDDQ,5.0,1
B000C1VX1M,5.0,1
B000C1UDS6,5.0,1
B000C1VWQI,5.0,1
B000C1VWP4,5.0,1
B000C1VWL8,5.0,1
B000C1VWK4,5.0,1
B000C1VVAU,5.0,1
B000C1VV3M,5.0,1
B000C1VV28,5.0,1
B000C1VUTC,4.0,1
B000C1VUMO,5.0,1
B000C1VTPC,5.0,1
B000C1VTOI,5.0,1
B000C1VT1Q,5.0,1
B000C1VSKI,5.0,1
B000C1VSJO,5.0,1
B000C1VSIA,5.0,1
B000C1VSH6,5.0,1
B000C1UFOI,5.0,1
B000C1UFGG,5.0,1
B000C1UFCU,5.0,1
B000C1UF5W,5.0,1
B000C1UEU8,5.0,1
B000C1UEI0,5.0,1
B000C1UE9E,4.0,1
B000C1UE62,5.0,1
B000C1UE58,5.0,1
B000BP1S4G,5.0,1
B000BP0VXU,4.0,1
B000B641JO,5.0,1
B000B9SIPE,5.0,1
B000B9Y91Q,5.0,1
B000B9WF8A,5.0,1
B000B9WCAQ,5.0,1
B000B9VFGI,5.0,1
B000B9V14O,5.0,1
B000B9UYYM,4.0,1
B000B9UUEQ,5.0,1
B000B9T1BY,5.0,1
B000B9SQ2O,5.0,1
B000B9SIRM,5.0,1
B000B9SIRC,5.0,1
B000B9RME2,5.0,1
B000BP0RRK,5.0,1
B000B9RJ86,5.0,1
B000B9RJ0E,5.0,1
B000B9PSFM,4.0,1
B000B9PSCA,5.0,1
B000B9NXKY,5.0,1
B000B9NXIQ,5.0,1
B000B9NXH2,4.0,1
B000B9NXFE,5.0,1
B000B9NXF4,5.0,1
B000B9NX22,5.0,1
B000B9NA3O,5.0,1
B000B9Y9AM,5.0,1
B000BAT6NG,5.0,1
B000BAVLNO,4.0,1
B000BAWMU0,5.0,1
B000BFJWSU,4.0,1
B000BF2M1O,5.0,1
B000BF1QUM,5.0,1
B000BF1FQC,5.0,1
B000BEQGQM,5.0,1
B000BDJEZS,5.0,1
B000BD2L8U,5.0,1
B000BD2K6S,5.0,1
B000BD287E,5.0,1
B000BD09TI,5.0,1
B000BCN0HC,5.0,1
B000BCMR7Q,5.0,1
B000BCL07O,5.0,1
B000BC5D4U,5.0,1
B000BC38R4,5.0,1
B000BC1UF6,5.0,1
B000BBS3S4,5.0,1
B000BBBH50,5.0,1
B000BB78HQ,5.0,1
B000BB6EMG,5.0,1
B000BB5QM0,5.0,1
B000BAX1B4,5.0,1
B000B9N0UM,5.0,1
B000B9N0U2,5.0,1
B000B9N0S4,5.0,1
B000B7KEFI,5.0,1
B000B7KE76,4.0,1
B000B7KD0O,4.0,1
B000B7CBK4,4.0,1
B000B790SA,5.0,1
B000B78Y4Q,4.0,1
B000B6N49M,5.0,1
B000B6LFT8,4.0,1
B000B6KEHM,4.0,1
B000B6ITJM,5.0,1
B000B6D6N6,5.0,1
B000B68ZA0,5.0,1
B000B67BLE,5.0,1
B000B67A7O,4.0,1
B000B679AM,5.0,1
B000B677Y0,5.0,1
B000B65N00,4.0,1
B000B65FQC,4.0,1
B000B65EOK,5.0,1
B000B65E4U,5.0,1
B000B65C10,5.0,1
B000B65B3Y,5.0,1
B000B7SCRU,4.0,1
B000B9N0RA,5.0,1
B000B7VE8E,4.0,1
B000B9L68A,4.0,1
B000B9L5YU,5.0,1
B000B9L5RC,5.0,1
B000B9J3OE,4.0,1
B000B9J3KS,5.0,1
B000B9J3GW,5.0,1
B000B9J35S,5.0,1
B000B9H4G8,5.0,1
B000B9G87O,5.0,1
B000B9G6VW,4.0,1
B000B91LEY,4.0,1
B000B8YYN0,4.0,1
B000B8YCLY,5.0,1
B000B8WXOM,5.0,1
B000B8VB7W,4.0,1
B000B8N4NQ,4.0,1
B000B8AUWY,5.0,1
B000B8AFL0,5.0,1
B000B88PFS,5.0,1
B000B7VPJW,5.0,1
B000BFNNS0,4.0,1
B000BGN5DW,5.0,1
B000BNQ4JC,5.0,1
B000BNFEW0,5.0,1
B000BME31E,5.0,1
B000BMBVAA,5.0,1
B000BMASBI,5.0,1
B000BM8T7S,4.0,1
B000BM4MK6,5.0,1
B000BLN02S,5.0,1
B000BLMKI8,4.0,1
B000BLL98K,4.0,1
B000BLJM34,5.0,1
B000BLCP4C,5.0,1
B000BL71ZU,5.0,1
B000BL6VCO,5.0,1
B000BL63I6,5.0,1
B000BL5O0Y,5.0,1
B000BL4QWG,5.0,1
B000BL4PW2,5.0,1
B000BL3MFS,4.0,1
B000BL3L2W,5.0,1
B000BL3924,5.0,1
B000BL2KJM,5.0,1
B000BL2DUS,4.0,1
B000BL27EU,5.0,1
B000BL27EK,5.0,1
B000BL279K,5.0,1
B000BL1D90,5.0,1
B000BNYGRE,5.0,1
B000BL0N4Q,4.0,1
B000BNYH8C,5.0,1
B000BOZ7S0,5.0,1
B000BOZ5JQ,5.0,1
B000BOZ0VO,4.0,1
B000BOA4GU,5.0,1
B000BOA2YY,5.0,1
B000BOA24O,5.0,1
B000BOA230,5.0,1
B000BOA1JU,5.0,1
B000BO8RYQ,5.0,1
B000BO8RFK,5.0,1
B000BO8P5C,4.0,1
B000BO8NP4,5.0,1
B000BO8N2W,5.0,1
B000BO7DYG,5.0,1
B000BO6FUY,5.0,1
B000BO6FLI,5.0,1
B000BO6FCC,5.0,1
B000BO6F4U,5.0,1
B000BO52B2,5.0,1
B000BO51LI,5.0,1
B000BO4YMA,5.0,1
B000BO4XU8,4.0,1
B000BO4XO4,5.0,1
B000BO1VK8,5.0,1
B000BO1PI6,5.0,1
B000BL11UG,5.0,1
B000BL0G98,5.0,1
B000BGQ75U,5.0,1
B000BIREFK,5.0,1
B000BIRDXS,5.0,1
B000BIPQKK,5.0,1
B000BIPIRQ,5.0,1
B000BIGWQ2,5.0,1
B000BIDC0Q,5.0,1
B000BI89CM,4.0,1
B000BHBNLC,5.0,1
B000BHB0I8,4.0,1
B000BH4ZW6,4.0,1
B000BH4HGU,5.0,1
B000BH2V8G,5.0,1
B000BH2V86,4.0,1
B000BH1NQ2,5.0,1
B000BH1NPS,4.0,1
B000BH1MJK,5.0,1
B000BH1MHC,5.0,1
B000BH0V74,5.0,1
B000BGWGNC,5.0,1
B000BGV57U,5.0,1
B000BGRBGE,5.0,1
B000BGQ98A,5.0,1
B000BGQ78C,5.0,1
B000BIRHPM,5.0,1
B000BIUGWI,5.0,1
B000BL0G8E,5.0,1
B000BL0AF8,5.0,1
B000BL0AAI,4.0,1
B000BKZ3FG,5.0,1
B000BKYQA4,5.0,1
B000BKYQ9U,4.0,1
B000BKYQ90,5.0,1
B000BKYQ68,4.0,1
B000BKVU12,5.0,1
B000BKVIF0,5.0,1
B000BKPGL2,5.0,1
B000BKNAXS,5.0,1
B000BKLBD4,5.0,1
B000BKJXHK,5.0,1
B000BKD7W2,5.0,1
B000BK61CK,5.0,1
B000BK4VCM,5.0,1
B000BK3WPE,5.0,1
B000BK2CKK,5.0,1
B000BJQYFA,5.0,1
B000BJOPWY,5.0,1
B000BJE9ZW,4.0,1
B000BJ5TLA,5.0,1
B000BJ0VJK,5.0,1
B000BIYO58,5.0,1
B000BIVY06,5.0,1
B000BIVI02,5.0,1
B0009JOKIK,5.0,1
B0009JN7A2,5.0,1
B0009JHXMU,5.0,1
B0006MVSDU,5.0,1
B0006NXQC0,5.0,1
B0006NXPMQ,5.0,1
B0006NXASU,5.0,1
B0006NNHVU,5.0,1
B0006NJ052,5.0,1
B0006NF8CG,5.0,1
B0006N29DW,5.0,1
B0006MX3RY,5.0,1
B0006MVTKC,5.0,1
B0006MVST4,5.0,1
B0006MVS26,4.0,1
B0006LJ23O,5.0,1
B0006MVS1M,5.0,1
B0006MQ5GU,5.0,1
B0006MLT34,5.0,1
B0006M6WLI,5.0,1
B0006M557U,5.0,1
B0006M38P6,5.0,1
B0006M2FBY,5.0,1
B0006LWVAK,5.0,1
B0006LV9V2,5.0,1
B0006LV9SK,5.0,1
B0006LV9RQ,5.0,1
B0006LUW3S,5.0,1
B0006LQQ3S,5.0,1
B0006LPC06,5.0,1
B0006NXV7A,5.0,1
B0006NY0U2,5.0,1
B0006NY20A,5.0,1
B0006NY33G,4.0,1
B0006O0WBM,5.0,1
B0006O0VYA,5.0,1
B0006O0KQO,5.0,1
B0006O03AC,5.0,1
B0006NZO7U,5.0,1
B0006NZKYW,5.0,1
B0006NZI5S,5.0,1
B0006NZFQA,5.0,1
B0006NZFQ0,5.0,1
B0006NZEZW,5.0,1
B0006NZ5Q0,5.0,1
B0006NZ3LM,5.0,1
B0006NYUE8,5.0,1
B0006NYUDY,4.0,1
B0006NYRT6,5.0,1
B0006NYF52,5.0,1
B0006NYF3E,5.0,1
B0006NYETE,5.0,1
B0006NYET4,5.0,1
B0006NYER6,5.0,1
B0006NY4RQ,4.0,1
B0006NY408,5.0,1
B0006NY3UO,5.0,1
B0006NY3UE,5.0,1
B0006LPBZC,5.0,1
B0006LPBYS,5.0,1
B0006LPBLG,5.0,1
B0006LNFXW,5.0,1
B0006LNEDI,5.0,1
B0006LNDQ6,5.0,1
B0006LNDI4,5.0,1
B0006LMY0C,5.0,1
B0006LMV96,5.0,1
B0006LMUX8,5.0,1
B0006LMUS8,4.0,1
B0006LMFMO,5.0,1
B0006LMDK8,5.0,1
B0006LLZ1Q,5.0,1
B0006LLYP8,5.0,1
B0006LLXRM,5.0,1
B0006LLXE0,5.0,1
B0006LLX6I,5.0,1
B0006LLX68,5.0,1
B0006LLLJM,4.0,1
B0006LJVIK,5.0,1
B0006LJD88,5.0,1
B0006LJCYI,4.0,1
B0006LJCDE,5.0,1
B0006LJBXK,5.0,1
B0006LNH4Y,4.0,1
B0006LP986,5.0,1
B0006LNIAM,4.0,1
B0006LP95E,4.0,1
B0006LP3PU,5.0,1
B0006LP3IW,5.0,1
B0006LO5LS,5.0,1
B0006LNV90,5.0,1
B0006LNSES,4.0,1
B0006LNQDG,5.0,1
B0006LNO88,5.0,1
B0006LNNES,5.0,1
B0006LNN4S,5.0,1
B0006LNM0S,5.0,1
B0006LNLXQ,5.0,1
B0006LNKB4,5.0,1
B0006LNJXS,5.0,1
B0006LNJAQ,5.0,1
B0006LNJ8S,5.0,1
B0006LNIZC,5.0,1
B0006LNIYI,4.0,1
B0006LNIWK,5.0,1
B0006LNIM0,5.0,1
B0006LNIBQ,4.0,1
B0006O0ZVY,5.0,1
B0006TVDT2,5.0,1
B0006TU3GG,4.0,1
B0006SVZ8C,5.0,1
B0006SDSFA,5.0,1
B0006Q8ERY,5.0,1
B0006Q8DUM,4.0,1
B0006Q23I0,5.0,1
B0006Q1KRK,5.0,1
B0006Q0ILY,4.0,1
B0006Q05XU,5.0,1
B0006Q05NK,5.0,1
B0006Q03VE,4.0,1
B0006Q03TQ,5.0,1
B0006Q03FA,5.0,1
B0006Q01XY,4.0,1
B0006Q01W0,5.0,1
B0006Q01UC,5.0,1
B0006Q016G,5.0,1
B0006Q00MQ,5.0,1
B0006PWQI8,5.0,1
B0006PS6JQ,5.0,1
B0006PS3XA,5.0,1
B0006PS3JE,4.0,1
B0006PRWYQ,5.0,1
B0006TV9IC,5.0,1
B0006TVHRA,5.0,1
B0006PRUQ6,5.0,1
B0006V9VD0,5.0,1
B0006V85BO,5.0,1
B0006V7GLE,5.0,1
B0006V6I7M,5.0,1
B0006V6BLA,5.0,1
B0006V6BGA,5.0,1
B0006V681I,5.0,1
B0006V62VE,4.0,1
B0006V62Q4,5.0,1
B0006V5W10,5.0,1
B0006V38IY,5.0,1
B0006V34CE,4.0,1
B0006V2X0I,5.0,1
B0006V2LEG,4.0,1
B0006URNDQ,5.0,1
B0006U6QFM,5.0,1
B0006U6HF6,4.0,1
B0006U6HCE,5.0,1
B0006U6HBA,5.0,1
B0006U57PC,4.0,1
B0006U4Z5A,5.0,1
B0006U4RIA,5.0,1
B0006U4GGI,5.0,1
B0006U3NSU,5.0,1
B0006PRV6K,5.0,1
B0006O2HU6,5.0,1
B0006ON2B4,5.0,1
B0006OMXAA,5.0,1
B0006OMG52,5.0,1
B0006OLA6S,5.0,1
B0006OLA68,4.0,1
B0006OJREU,4.0,1
B0006OE7MW,5.0,1
B0006OE7J0,5.0,1
B0006ODQHO,5.0,1
B0006ODQC4,5.0,1
B0006ODPWU,5.0,1
B0006ODPOS,5.0,1
B0006OD4GC,5.0,1
B0006OD46C,5.0,1
B0006OCD46,5.0,1
B0006OCBWU,5.0,1
B0006OCBWK,5.0,1
B0006OCBWA,5.0,1
B0006OC8YQ,5.0,1
B0006O5ECO,5.0,1
B0006O4P9M,5.0,1
B0006O4OFW,5.0,1
B0006O4L8W,5.0,1
B0006O2MJ2,5.0,1
B0006ON26E,5.0,1
B0006ON2CS,5.0,1
B0006ON2J6,5.0,1
B0006PQD8W,5.0,1
B0006PLMOM,5.0,1
B0006PLM9M,5.0,1
B0006PKEWS,5.0,1
B0006PKDT2,5.0,1
B0006PKBQC,5.0,1
B0006PJT7Y,4.0,1
B0006PJSU2,5.0,1
B0006PJSJ8,5.0,1
B0006PJSIE,5.0,1
B0006PJRZ8,5.0,1
B0006PJRWQ,5.0,1
B0006PJRBC,5.0,1
B0006PJQZ4,5.0,1
B0006PJQYA,5.0,1
B0006PJQWM,5.0,1
B0006PJQPE,5.0,1
B0006PIRSG,4.0,1
B0006OU07I,4.0,1
B0006OO8SU,5.0,1
B0006ONHN2,5.0,1
B0006ON2JQ,5.0,1
B0006LJ4BE,5.0,1
B0006LJ1Y4,5.0,1
B0009JFDWW,5.0,1
B00065AS1U,5.0,1
B000674YD6,5.0,1
B000674Y72,4.0,1
B00066N9HE,4.0,1
B00066N9GU,4.0,1
B00066N9DS,5.0,1
B00066MI4Y,5.0,1
B00066DBZO,5.0,1
B00066D5MS,5.0,1
B000666WR8,5.0,1
B00065JBVS,5.0,1
B00064Z2DA,5.0,1
B0006LJ1US,5.0,1
B00064Z1WM,5.0,1
B00064YRGI,5.0,1
B00064XVB0,5.0,1
B00064OI4O,5.0,1
B00064LBXU,5.0,1
B00064GLDK,5.0,1
B00064GJHS,5.0,1
B00064CCRY,5.0,1
B00064CAWQ,5.0,1
B00064A81G,5.0,1
B00063VX8Y,5.0,1
B00063VPGE,5.0,1
B000674YGI,4.0,1
B00067CU14,5.0,1
B00067GJI4,5.0,1
B00068TCHS,5.0,1
B00068T8SQ,5.0,1
B00068K416,4.0,1
B000689ZX4,5.0,1
B000689ZPW,5.0,1
B000689ZOS,5.0,1
B000689YYO,4.0,1
B000689WQ4,5.0,1
B000684HTQ,5.0,1
B000684HIW,5.0,1
B000684HEG,4.0,1
B000684H46,5.0,1
B00067XYLO,5.0,1
B00067XLO4,5.0,1
B00067XLD0,5.0,1
B00067XK40,4.0,1
B00067XK0E,5.0,1
B00067WRC6,5.0,1
B00067TN5A,5.0,1
B00067TN50,5.0,1
B00067PPXE,5.0,1
B00067NE7S,5.0,1
B00063MC7U,5.0,1
B00063M2OI,5.0,1
B00062AB0G,5.0,1
B00062A8U4,5.0,1
B00062A8SG,5.0,1
B00062A2ZK,5.0,1
B000621X4E,5.0,1
B000621X3A,5.0,1
B000621S0S,4.0,1
B000620NGI,5.0,1
B00061YTFA,5.0,1
B00061MTFM,4.0,1
B00061EPK4,5.0,1
B0004F5MKO,4.0,1
B00042YIN4,5.0,1
B0003MJKNS,5.0,1
B0003MJILW,5.0,1
B0003MG8P6,5.0,1
B00032PPI2,5.0,1
B00032OQDM,4.0,1
B00030NZ7M,5.0,1
B00030BCY0,5.0,1
B00030BCTA,4.0,1
B00062AA7U,5.0,1
B00062AD8G,5.0,1
B00063KP4C,5.0,1
B00062ADKO,5.0,1
B00063IV7U,5.0,1
B00063EQGK,5.0,1
B00063DZSU,5.0,1
B000638OJ0,5.0,1
B0006386BQ,4.0,1
B000630EB6,5.0,1
B000630E70,5.0,1
B00062XRFW,5.0,1
B00062OWWE,5.0,1
B00062OU08,5.0,1
B00062OO0Y,4.0,1
B00062OKDK,5.0,1
B00062OJ54,4.0,1
B00062OH74,5.0,1
B00062OFGC,4.0,1
B00062OF7Q,4.0,1
B00062OCRE,5.0,1
B00062O0HG,4.0,1
B00062O04O,5.0,1
B00062MLJA,4.0,1
B00068YA20,5.0,1
B0006902FI,5.0,1
B000694TQQ,5.0,1
B0006IBGNQ,5.0,1
B0006HRC62,5.0,1
B0006HRC4Y,5.0,1
B0006HL7LI,5.0,1
B0006HHKBY,5.0,1
B0006HG416,5.0,1
B0006HG3Z8,5.0,1
B0006HCQ0O,5.0,1
B0006GZADU,5.0,1
B0006GWQBO,5.0,1
B0006GVOIK,5.0,1
B0006G8D7A,5.0,1
B0006G80QE,5.0,1
B0006G5L70,5.0,1
B0006G4MH0,5.0,1
B0006G3XMK,5.0,1
B0006G3XH0,5.0,1
B0006G2XXK,5.0,1
B0006G2XSU,5.0,1
B0006FZLOO,5.0,1
B0006FZLNA,5.0,1
B0006FZJDM,5.0,1
B0006FZH7K,4.0,1
B0006FZH34,5.0,1
B0006FZF90,5.0,1
B0006FZF0O,5.0,1
B0006I4YF8,5.0,1
B0006IC3BA,5.0,1
B0006FV3PK,5.0,1
B0006IC478,5.0,1
B0006LCRKY,4.0,1
B0006L4ZTK,5.0,1
B0006JMYZO,5.0,1
B0006IXTNQ,5.0,1
B0006IXS4G,5.0,1
B0006IST8Q,5.0,1
B0006IQMXK,5.0,1
B0006IO7BO,5.0,1
B0006IMEDC,5.0,1
B0006IJ7IC,5.0,1
B0006IJ7GO,5.0,1
B0006IJ7GE,5.0,1
B0006IJ7F0,5.0,1
B0006IJ7EG,5.0,1
B0006IJ7BE,5.0,1
B0006IJ6IS,4.0,1
B0006IJ6HY,5.0,1
B0006IDTKY,5.0,1
B0006ICEPU,5.0,1
B0006ICDBA,5.0,1
B0006ICCXE,5.0,1
B0006IC47I,5.0,1
B0006FZE9Q,5.0,1
B0006FTDP2,5.0,1
B0006BDNDE,5.0,1
B0006BCVGY,5.0,1
B0006BCV9G,5.0,1
B0006BBZFM,5.0,1
B0006BBZF2,4.0,1
B0006B94MI,5.0,1
B0006B4XQK,5.0,1
B0006B4X9C,4.0,1
B0006B4WY8,5.0,1
B0006B460I,4.0,1
B0006B3W8A,5.0,1
B0006B12LE,5.0,1
B0006B0VZ2,5.0,1
B0006B0TX6,5.0,1
B0006AC994,5.0,1
B0006A09UK,5.0,1
B0006A01E4,5.0,1
B00069ZYPQ,5.0,1
B00069OXZ8,5.0,1
B00069CNQO,5.0,1
B0006BDLCM,5.0,1
B0006FT316,5.0,1
B0006BE7L6,4.0,1
B0006FO98I,5.0,1
B0006FNGYQ,5.0,1
B0006FNG3W,4.0,1
B0006FNFZG,5.0,1
B0006FNFX8,5.0,1
B0006FMR9Q,5.0,1
B0006FMR14,4.0,1
B0006FMQYM,5.0,1
B0006FMQ06,5.0,1
B0006FMPSO,4.0,1
B0006FMPA2,5.0,1
B0006FMK9S,5.0,1
B0006FMJKI,5.0,1
B0006DPOXO,5.0,1
B0006DPNN0,5.0,1
B0006BKG8O,5.0,1
B0006BKG7U,4.0,1
B0006BKG7K,5.0,1
B0006BGSX6,5.0,1
B0006BEQK8,5.0,1
B0006BECWK,5.0,1
B0006BECPM,5.0,1
B0006BE7MK,5.0,1
B0006VNJBA,5.0,1
B0006VNP1E,5.0,1
B0008EM344,5.0,1
B0008FV40M,5.0,1
B0008F6Z7O,5.0,1
B0008F6OL6,5.0,1
B0008F6HNQ,5.0,1
B0008F5TRG,5.0,1
B0008F5TBC,5.0,1
B0008EZSSW,5.0,1
B0008ENT60,4.0,1
B0008ENQBS,5.0,1
B00086GDAW,5.0,1
B00082ZSRK,5.0,1
B00081YPQ6,5.0,1
B00081UY0M,5.0,1
B00081UPPQ,5.0,1
B00081RIE2,5.0,1
B00081NUOE,5.0,1
B00081NFCQ,5.0,1
B00081J4Q2,5.0,1
B00081J4PS,5.0,1
B00081J4HQ,5.0,1
B0008GNK3U,5.0,1
B0008GO9AS,5.0,1
B00097FGYE,5.0,1
B00097E258,5.0,1
B000978WT0,5.0,1
B000977PMA,5.0,1
B000977NUE,5.0,1
B000971QA2,5.0,1
B000970ESC,5.0,1
B000970E7S,5.0,1
B000960QKO,5.0,1
B00095MA8Q,5.0,1
B00094O6I4,5.0,1
B00094GFXI,5.0,1
B000932QKK,5.0,1
B00092ZERS,5.0,1
B00092QIIW,5.0,1
B00092P040,5.0,1
B00092O56O,4.0,1
B00092437K,5.0,1
B000923XXK,5.0,1
B00091V4SC,5.0,1
B0008KLB3C,5.0,1
B0008KLAW4,5.0,1
B0008IVKKI,5.0,1
B00081FQ7S,5.0,1
B000812ZYU,4.0,1
B0007Y3TDO,5.0,1
B0007XY70Y,5.0,1
B0007XWA12,5.0,1
B0007XW97M,5.0,1
B0007XUIEI,5.0,1
B0007XSNL8,5.0,1
B0007XR1UM,4.0,1
B0007XMDPA,4.0,1
B0007XMDOQ,5.0,1
B0007XL26G,5.0,1
B0007XKKQE,5.0,1
B0007XKGUE,5.0,1
B0007XG9UK,5.0,1
B0007X9C4U,4.0,1
B0007X74EA,5.0,1
B0007X74CC,5.0,1
B0007X749K,5.0,1
B0007WTA1Q,4.0,1
B0007W7AK4,5.0,1
B0007W1R3K,4.0,1
B0007W1NKW,5.0,1
B0007W1NIY,5.0,1
B0007XY7JU,5.0,1
B0007Y3UF6,5.0,1
B00080HE88,5.0,1
B0007Y5BW6,5.0,1
B000809N1E,5.0,1
B000809N14,5.0,1
B0008042OW,5.0,1
B0007ZW6DW,5.0,1
B0007ZU1JS,5.0,1
B0007ZU09O,5.0,1
B0007ZT6UI,5.0,1
B0007ZSU5K,5.0,1
B0007ZNHGM,5.0,1
B0007ZN9II,5.0,1
B0007ZJAOA,5.0,1
B0007ZHINA,5.0,1
B0007ZG2YG,5.0,1
B0007ZG1G0,5.0,1
B0007ZFFP8,5.0,1
B0007Z66PQ,5.0,1
B0007YX8VM,5.0,1
B0007YT4SI,4.0,1
B0007YT0IW,4.0,1
B0007YJ5NC,4.0,1
B0007YJ5N2,4.0,1
B00097HPRK,4.0,1
B00097HPZM,5.0,1
B000981EAS,5.0,1
B0009HL9FE,5.0,1
B0009HJ3SO,5.0,1
B0009HITR0,5.0,1
B0009HGFSA,5.0,1
B0009HGFAI,5.0,1
B0009HGF9O,5.0,1
B0009HGF7Q,4.0,1
B0009HG2QA,5.0,1
B0009HBOOK,5.0,1
B0009H7LX8,5.0,1
B0009GZ2YE,5.0,1
B0009GGY8M,4.0,1
B0009G7EVI,5.0,1
B0009G0HQW,5.0,1
B0009G03ZW,4.0,1
B0009FGWM6,4.0,1
B0009FBM4O,5.0,1
B0009F9WQO,5.0,1
B0009F3SYQ,5.0,1
B0009F3RG0,5.0,1
B0009F3OYU,5.0,1
B0009F3OY0,5.0,1
B0009F3OWC,5.0,1
B0009HM8O0,5.0,1
B0009JDUAO,5.0,1
B0009J8P1S,5.0,1
B0009J2IM0,5.0,1
B0009IW998,4.0,1
B0009ION7O,5.0,1
B0009ION74,5.0,1
B0009ION1K,5.0,1
B0009ION10,5.0,1
B0009IL3BS,5.0,1
B0009I4MKC,5.0,1
B0009I4MHU,4.0,1
B0009I4MHA,5.0,1
B0009I4MCK,5.0,1
B0009I4LV2,5.0,1
B0009I4LQC,5.0,1
B0009I4LEY,5.0,1
B0009I4KZO,5.0,1
B0009I4KJU,5.0,1
B0009I4KGS,4.0,1
B0009I4K5Y,5.0,1
B0009I4K4K,5.0,1
B0009I4JZA,5.0,1
B0009I4JPU,5.0,1
B0009I4JLE,5.0,1
B0009F3O9U,5.0,1
B0009EGBEG,5.0,1
B0009DY8C4,5.0,1
B0009DY2PC,5.0,1
B0009DW2EA,5.0,1
B0009DU6ZM,4.0,1
B0009DU6QQ,5.0,1
B0009DSQO0,5.0,1
B0009BX7LE,4.0,1
B0009BH80K,5.0,1
B0009BH7TC,4.0,1
B0009A1BQI,5.0,1
B0009A0U6U,5.0,1
B00099YMJ2,5.0,1
B00099XNVU,5.0,1
B00099XN2O,5.0,1
B00099XKIQ,5.0,1
B00099XKC2,5.0,1
B00099I630,5.0,1
B00099E9CM,4.0,1
B00099E9BI,5.0,1
B00099E90O,4.0,1
B0009EILJE,5.0,1
B0009F3O40,4.0,1
B0009EILXU,5.0,1
B0009F3O2C,5.0,1
B0009F3NEG,5.0,1
B0009F3M5G,5.0,1
B0009F0OQQ,4.0,1
B0009EXP0O,5.0,1
B0009EXOLY,5.0,1
B0009EXO5A,5.0,1
B0009EXO0K,5.0,1
B0009EXO0A,5.0,1
B0009ET8W8,5.0,1
B0009ET76A,4.0,1
B0009ET756,5.0,1
B0009ET5OE,5.0,1
B0009ET5F8,5.0,1
B0009ET4R2,5.0,1
B0009ET43Q,5.0,1
B0009ET3Z0,5.0,1
B0009ET3PU,5.0,1
B0009ET3LO,5.0,1
B0009ET3J6,5.0,1
B0009EIM8O,5.0,1
B0009EILY4,5.0,1
B0007VZUFW,5.0,1
B0007CO8ZE,5.0,1
B0007CO8MW,5.0,1
B0007CHJCS,4.0,1
B0007CG6VI,5.0,1
B0007CG6UE,5.0,1
B0007CG366,5.0,1
B0007A95WM,5.0,1
B0007A95VS,5.0,1
B00079VND2,5.0,1
B00079RYWQ,5.0,1
B00079HYIA,5.0,1
B000798AII,5.0,1
B000792R6O,5.0,1
B00078ZRI0,5.0,1
B00078ZRFI,5.0,1
B00078XJS0,5.0,1
B00078X36I,5.0,1
B00078X2XC,5.0,1
B00078X2PA,5.0,1
B00078V9FU,5.0,1
B0007852ZI,5.0,1
B000778ERM,4.0,1
B00076WXU2,5.0,1
B0007CO8NG,5.0,1
B0007CO90S,4.0,1
B00076VKH4,5.0,1
B0007CO9C6,5.0,1
B0007CXY2W,5.0,1
B0007CXXW8,5.0,1
B0007CXXTQ,5.0,1
B0007CXXSM,5.0,1
B0007CXXQO,5.0,1
B0007CXXH8,4.0,1
B0007CXXA0,5.0,1
B0007CXX4G,5.0,1
B0007CXX32,5.0,1
B0007CXX28,5.0,1
B0007CXX0U,5.0,1
B0007CXWW4,5.0,1
B0007CXWVK,4.0,1
B0007CXWUQ,5.0,1
B0007CXWS8,5.0,1
B0007CXWRY,5.0,1
B0007CXWMO,5.0,1
B0007CXWLK,5.0,1
B0007CXWG0,4.0,1
B0007CXWFG,5.0,1
B0007CXWDS,4.0,1
B0007CXWD8,5.0,1
B0007CXW7Y,5.0,1
B0007CXBD4,5.0,1
B0007CWVJ4,4.0,1
B00076VKG0,5.0,1
B000703G6I,4.0,1
B0006ZYQ6I,5.0,1
B0006ZWUWK,5.0,1
B0006ZWUUM,5.0,1
B0006ZSYX4,5.0,1
B0006ZSHJU,5.0,1
B0006ZNOCU,5.0,1
B0006ZL30K,5.0,1
B0006ZKYXM,5.0,1
B0006ZHL1K,4.0,1
B0006ZHJI0,5.0,1
B0006ZHIYK,4.0,1
B0006ZHIIG,5.0,1
B0006ZHF7K,4.0,1
B0006ZEVVI,5.0,1
B0006Z4NDO,5.0,1
B0006Z4AQ4,5.0,1
B0006Z0PNG,5.0,1
B0006VZ7N8,4.0,1
B0006VWX1M,5.0,1
B0006VSW8A,5.0,1
B0006VR7IQ,5.0,1
B0006VR68C,5.0,1
B0006VR380,5.0,1
B0006VNTE2,5.0,1
B000703GFE,5.0,1
B00070FXEQ,5.0,1
B00076R4BA,4.0,1
B00076MO42,5.0,1
B00076MO3I,5.0,1
B00076MO24,5.0,1
B00076MO1K,5.0,1
B00076MO10,5.0,1
B00076MNWU,5.0,1
B00076MNSO,5.0,1
B00076KR3W,5.0,1
B00076KPGQ,5.0,1
B00076HNGG,5.0,1
B00076HMSA,5.0,1
B00075QF1Q,4.0,1
B00074XFGU,5.0,1
B00074UBK8,5.0,1
B00074QA12,5.0,1
B00074PCNY,5.0,1
B00073SJ62,5.0,1
B00073JW7C,5.0,1
B00073IY3K,5.0,1
B00073IQZQ,5.0,1
B00070Q4Y4,4.0,1
B00070PJMM,4.0,1
B00070KT68,4.0,1
B00070HGSW,4.0,1
B0007CXYC2,5.0,1
B0007VUASE,4.0,1
B0007RXH24,5.0,1
B0007RTWLY,4.0,1
B0007RHMDO,5.0,1
B0007QMOOW,5.0,1
B0007Q3ECS,5.0,1
B0007Q1CFO,4.0,1
B0007Q1CEU,5.0,1
B0007PITH4,5.0,1
B0007PIP46,5.0,1
B0007PIMQW,5.0,1
B0007PIMQC,5.0,1
B0007PHHS6,5.0,1
B0007PHHR2,5.0,1
B0007PF7LU,5.0,1
B0007OEROO,4.0,1
B0007ODM4A,5.0,1
B0007O96PE,5.0,1
B0007O1QUM,5.0,1
B0007NZPNW,5.0,1
B0007NO9X4,5.0,1
B0007NO8LM,5.0,1
B0007NO8F8,5.0,1
B0007NL09U,4.0,1
B0007RTWRS,5.0,1
B0007SKE9M,5.0,1
B0007VB1WS,5.0,1
B0007V9VKC,5.0,1
B0007V839M,5.0,1
B0007V2X5W,5.0,1
B0007V2X4S,4.0,1
B0007V0EA8,5.0,1
B0007UVTPS,5.0,1
B0007UVTNK,5.0,1
B0007UO02W,5.0,1
B0007UMC7C,5.0,1
B0007UENZG,5.0,1
B0007UD8PW,5.0,1
B0007UAYUO,5.0,1
B0007U940U,5.0,1
B0007U93EC,5.0,1
B0007U8DWK,5.0,1
B0007U6Z0W,5.0,1
B0007TZ6EO,4.0,1
B0007TZ5H2,4.0,1
B0007T83BC,5.0,1
B0007T5V6M,5.0,1
B0007T5V3K,5.0,1
B0007T5V1W,5.0,1
B0007N5EJC,5.0,1
B0007DIKCU,5.0,1
B0007DHMF6,5.0,1
B0007DHMEM,5.0,1
B0007DGMSO,5.0,1
B0007D8GDS,5.0,1
B0007D8EBM,5.0,1
B0007D8EBC,4.0,1
B0007D7BMU,5.0,1
B0007D79NG,5.0,1
B0007D79I6,4.0,1
B0007D7936,5.0,1
B0007D3BO2,5.0,1
B0007D3AY8,5.0,1
B0007D3AVG,5.0,1
B0007D39IA,5.0,1
B0007D37NW,5.0,1
B0007D35S4,5.0,1
B0007D00IM,5.0,1
B0007CZWHC,5.0,1
B0007CXYWM,5.0,1
B0007CXYTU,5.0,1
B0007CXYNQ,5.0,1
B0007CXYG8,5.0,1
B0007CXYFY,5.0,1
B0007DHMO2,5.0,1
B0007DIROG,5.0,1
B0007G7OTC,5.0,1
B0007MXYZ4,5.0,1
B0007MXP3A,4.0,1
B0007MXOZE,5.0,1
B0007MXOWC,4.0,1
B0007MXORW,5.0,1
B0007MF0AQ,4.0,1
B0007MCQTE,5.0,1
B0007LA0I4,5.0,1
B0007KTJHS,4.0,1
B0007KQDUO,4.0,1
B0007KO2P2,5.0,1
B0007KK8I2,5.0,1
B0007KIWO4,4.0,1
B0007KIGEK,5.0,1
B0007KH1VE,4.0,1
B0007IOYDY,5.0,1
B0007IMY9A,5.0,1
B0007IMSSW,5.0,1
B0007IJJKW,5.0,1
B0007ICRJ2,5.0,1
B0007ICRHY,5.0,1
B0007IB89C,5.0,1
B0007GI446,5.0,1
B0007GCC7Q,5.0,1
B000NHXVCY,5.0,1
B0018TNJBE,5.0,1
B001183NTA,5.0,1
B001180AL4,5.0,1
B00117ZUV0,5.0,1
B00117X71U,5.0,1
B00117TRFU,5.0,1
B00117OE12,5.0,1
B00117GCFS,5.0,1
B00117GC1W,5.0,1
B00117EPW0,5.0,1
B00117DJ4K,5.0,1
B00117DGTI,5.0,1
B001172OP0,4.0,1
B0011706HS,4.0,1
B00116XN6K,4.0,1
B00116AWRS,5.0,1
B001167HDK,5.0,1
B0011606TW,4.0,1
B00115YSD8,5.0,1
B00115YPWM,4.0,1
B00115X15E,5.0,1
B00115UPK8,5.0,1
B00115THL6,5.0,1
B00115SXQG,5.0,1
B00118WJWM,5.0,1
B00118Y4O8,5.0,1
B001190IM4,5.0,1
B0011DK10O,4.0,1
B0011DJDTO,5.0,1
B0011DJC4A,5.0,1
B0011DJAAQ,5.0,1
B0011DHVCK,5.0,1
B0011DHP6W,4.0,1
B0011DHI14,5.0,1
B0011DHEVI,5.0,1
B0011DFVSQ,4.0,1
B0011CFZA6,5.0,1
B0011BOH06,5.0,1
B0011BOGYI,5.0,1
B0011AH6I2,5.0,1
B00119VA0I,5.0,1
B00119TRC6,5.0,1
B00119TMTE,5.0,1
B00119TC1M,5.0,1
B00119BGP2,5.0,1
B00115RHRM,5.0,1
B00115MUE2,5.0,1
B00113IF0M,5.0,1
B00113IENK,5.0,1
B00113GEBE,5.0,1
B00113GDYM,5.0,1
B00113GDVU,5.0,1
B00113F1Z4,5.0,1
B00113EZOM,5.0,1
B00113EZJC,4.0,1
B00113EZFG,5.0,1
B00113EZ0Q,5.0,1
B00113EYXO,5.0,1
B00113BPMM,4.0,1
B001139H68,4.0,1
B001136D8I,5.0,1
B001131DHE,5.0,1
B00112RRGG,5.0,1
B00112HRQQ,5.0,1
B00112HRMA,5.0,1
B00112HR2A,5.0,1
B00112HQXA,5.0,1
B00112HQV2,5.0,1
B00112HQAI,5.0,1
B00112HQ94,5.0,1
B00112HQ4O,5.0,1
B00112FMH2,5.0,1
B00112DXWS,5.0,1
B00113IEZS,5.0,1
B00115FBUW,5.0,1
B00113IFAC,5.0,1
B00115F4MC,5.0,1
B00115BY6C,5.0,1
B001151CQE,5.0,1
B00114SX12,5.0,1
B00114SX0I,4.0,1
B00114RF2K,5.0,1
B00113V9VY,4.0,1
B00113R7U6,5.0,1
B00113OX58,5.0,1
B00113OUKQ,5.0,1
B00113NR6E,5.0,1
B00113NL2Y,5.0,1
B00113LGQ2,4.0,1
B00113LFZO,5.0,1
B00113KBVS,5.0,1
B00113KBSG,5.0,1
B00113KBIQ,5.0,1
B00113KB0E,5.0,1
B00113KAZU,5.0,1
B00113KAU0,5.0,1
B00113JCNG,5.0,1
B0011DKYBA,5.0,1
B0011DL0NQ,4.0,1
B0011DL22U,5.0,1
B0011Y60PS,5.0,1
B0011X6OSC,4.0,1
B0011X4YTI,4.0,1
B0011WKED4,5.0,1
B0011WEAF2,4.0,1
B0011WE304,5.0,1
B0011WDIXW,5.0,1
B0011W90KC,5.0,1
B0011W8CZG,5.0,1
B0011W526I,5.0,1
B0011W47SW,4.0,1
B0011W0X6W,5.0,1
B0011V6WFO,4.0,1
B0011V4O5Y,5.0,1
B0011UYQGW,5.0,1
B0011UY5B8,5.0,1
B0011UVE7G,5.0,1
B0011UV9N0,4.0,1
B0011USZOQ,5.0,1
B0011US6CW,5.0,1
B0011UQI22,4.0,1
B0011UP9QI,5.0,1
B0011UP5PS,5.0,1
B0011UP5D0,4.0,1
B0011UMNZ8,5.0,1
B0011UDQZE,5.0,1
B0011U3SSE,5.0,1
B0011U1AHU,4.0,1
B0011TUOWS,5.0,1
B0011XVNI8,5.0,1
B0011YHKHK,5.0,1
B0011YZNZ6,5.0,1
B0011ZNFIW,5.0,1
B0011ZK9TA,5.0,1
B0011ZIPZK,5.0,1
B0011ZIL2C,4.0,1
B0011ZIJZQ,5.0,1
B0011ZGSPE,4.0,1
B0011ZGPWA,4.0,1
B0011ZGHSC,5.0,1
B0011ZEUJK,5.0,1
B0011ZEU36,5.0,1
B0011ZEL62,4.0,1
B0011Z9N8I,5.0,1
B0011Z4IO2,5.0,1
B0011Z4INS,5.0,1
B0011Z4IG0,5.0,1
B0011Z4H34,4.0,1
B0011Z4GB2,5.0,1
B0011Z2JW0,5.0,1
B0011Z2JK2,5.0,1
B0011Z2JDO,5.0,1
B0011Z2HYU,5.0,1
B0011Z0G8E,4.0,1
B0011S1ZVS,4.0,1
B0011DL9JQ,5.0,1
B0011FVYIK,5.0,1
B0011FRPG0,4.0,1
B0011FQ98U,4.0,1
B0011FPJUO,5.0,1
B0011ELC60,5.0,1
B0011EJGV8,5.0,1
B0011E76BU,4.0,1
B0011DTFHY,5.0,1
B0011DSZKC,5.0,1
B0011DRYK4,4.0,1
B0011DRUOO,4.0,1
B0011DRT04,5.0,1
B0011DQNJM,4.0,1
B0011DQMHK,5.0,1
B0011DQCU2,5.0,1
B0011DNXZY,4.0,1
B0011DN4VW,4.0,1
B0011DN30O,5.0,1
B0011DMZXU,5.0,1
B0011DMONG,5.0,1
B0011DMMZG,5.0,1
B0011FUT18,4.0,1
B0011S1E3W,5.0,1
B0011G0MPA,5.0,1
B0011S160I,5.0,1
B0011S0HS0,5.0,1
B0011ON8U8,4.0,1
B0011OKHKM,5.0,1
B0011NPB5Y,5.0,1
B0011NMPBM,5.0,1
B0011NMO7C,5.0,1
B0011NL0NG,5.0,1
B0011NJ32G,5.0,1
B0011NJ2SQ,5.0,1
B0011NF6NQ,5.0,1
B0011N3YAI,5.0,1
B0011N3UI4,5.0,1
B0011MRXT2,4.0,1
B0011MP5NI,5.0,1
B0011MOVGU,5.0,1
B0011MHPOK,5.0,1
B0011GJQWK,5.0,1
B0011GJLO8,5.0,1
B0011GI99Q,4.0,1
B0011GDKM2,5.0,1
B0011G48FA,5.0,1
B0011G0MT6,5.0,1
B00112DWZ6,5.0,1
B00112DVFM,5.0,1
B0011ZV1Q0,5.0,1
B0010SUDI0,5.0,1
B0010SWHVG,4.0,1
B0010SWFHW,5.0,1
B0010SWEH8,5.0,1
B0010SWDRY,5.0,1
B0010SWD56,5.0,1
B0010SVS1Q,4.0,1
B0010SUH0Y,5.0,1
B0010SUGVO,4.0,1
B0010SUFLU,5.0,1
B0010SUEXY,5.0,1
B0010SU4WA,5.0,1
B00112DTZ4,5.0,1
B0010S8TJU,5.0,1
B0010S3M4M,5.0,1
B0010R44G8,5.0,1
B0010QWZ5G,5.0,1
B0010Q7VCS,5.0,1
B0010PT6UE,5.0,1
B0010PM3GI,5.0,1
B0010P34IE,5.0,1
B0010OVICY,5.0,1
B0010OKOEW,5.0,1
B0010ODRKU,5.0,1
B0010OCBXO,4.0,1
B0010SWICO,5.0,1
B0010SXEEU,5.0,1
B0010SXG8O,5.0,1
B0010SXGRA,5.0,1
B0010WADKY,5.0,1
B0010W8XVU,5.0,1
B0010W0G7O,5.0,1
B0010V9HYI,5.0,1
B0010V1LJ2,5.0,1
B0010TR7M4,5.0,1
B0010TAO38,5.0,1
B0010T93PI,5.0,1
B0010T11K8,5.0,1
B0010T11CG,5.0,1
B0010T10XG,5.0,1
B0010T0ZZU,5.0,1
B0010T0YIS,5.0,1
B0010SYWLE,4.0,1
B0010SYV0Q,5.0,1
B0010SYU16,4.0,1
B0010SYTC6,5.0,1
B0010SYSZE,5.0,1
B0010SXHX8,5.0,1
B0010SXHVK,5.0,1
B0010SXHS8,4.0,1
B0010SXH06,5.0,1
B0010OC4PE,5.0,1
B0010O76I4,5.0,1
B0010NPG5U,5.0,1
B0010H3W1G,5.0,1
B0010H1YFC,5.0,1
B0010H0R78,5.0,1
B0010GZSDM,5.0,1
B0010GYUGS,5.0,1
B0010GY18U,5.0,1
B0010GXM08,5.0,1
B0010GWZXS,5.0,1
B0010GW4N4,4.0,1
B0010GTZKY,5.0,1
B0010G6Y7Q,4.0,1
B0010FNYUM,5.0,1
B0010EKY6U,5.0,1
B0010EK5R8,5.0,1
B0010EIDMW,4.0,1
B0010ED3Q8,4.0,1
B0010CI2UW,4.0,1
B0010CDYYG,4.0,1
B0010BW5FQ,5.0,1
B0010H3ZA4,4.0,1
B0010NJOVW,5.0,1
B0010MGUD8,4.0,1
B0010MGT70,5.0,1
B0010LBHVY,5.0,1
B0010L9FN6,5.0,1
B0010L3FF0,5.0,1
B0010KFM9I,5.0,1
B0010HGBZU,5.0,1
B0010H98OG,4.0,1
B0010H97II,5.0,1
B0010H8XH4,5.0,1
B0010H8TKU,5.0,1
B0010H8R2A,5.0,1
B0010H8JNW,4.0,1
B0010H7KW8,5.0,1
B0010H7DTS,4.0,1
B0010H7D52,5.0,1
B0010H76Z4,4.0,1
B0010H765O,5.0,1
B0010H708M,5.0,1
B0010H5TIK,5.0,1
B0010H5P7K,5.0,1
B0010H40TO,5.0,1
B0010WENK0,5.0,1
B0010WJAOO,5.0,1
B0010WR65E,5.0,1
B00112AG9G,5.0,1
B00112AFFQ,5.0,1
B001129DYU,5.0,1
B0011294U8,5.0,1
B00112947Q,5.0,1
B001129476,4.0,1
B0011293UO,5.0,1
B0011293AO,5.0,1
B00112935Y,5.0,1
B001129340,5.0,1
B0011292DW,5.0,1
B00112929G,5.0,1
B0011291RY,4.0,1
B001128UR6,4.0,1
B001126YQA,4.0,1
B001126YBK,5.0,1
B001126WOE,5.0,1
B001126WCG,5.0,1
B001120006,5.0,1
B00111NWB6,5.0,1
B00111KCZU,4.0,1
B00111K53E,4.0,1
B00111JX5A,5.0,1
B00112AFQU,5.0,1
B00111CSSO,5.0,1
B00112AHCW,5.0,1
B00112DTY0,5.0,1
B00112DTEU,5.0,1
B00112DT18,4.0,1
B00112DSAK,4.0,1
B00112DS64,5.0,1
B00112CCSY,5.0,1
B00112C374,5.0,1
B00112BX5M,5.0,1
B00112BWB2,4.0,1
B00112BWA8,5.0,1
B00112BW8K,4.0,1
B00112BU9G,5.0,1
B00112BTP6,5.0,1
B00112BT5Q,4.0,1
B00112BSXO,5.0,1
B00112BSSY,5.0,1
B00112BSMU,5.0,1
B00112BSFC,5.0,1
B00112BRSU,5.0,1
B00112BQUE,4.0,1
B00112BQRC,5.0,1
B00112AJLQ,5.0,1
B00112AJAC,5.0,1
B00112AJ1Q,5.0,1
B00112AI08,5.0,1
B00112AHQI,5.0,1
B00111GNFI,5.0,1
B0010WS0PE,5.0,1
B0010ZKHW0,5.0,1
B0010ZJ9K6,5.0,1
B0010ZIIJE,5.0,1
B0010ZEV0E,5.0,1
B0010ZETYM,5.0,1
B0010ZD9XY,5.0,1
B0010Z9SPC,5.0,1
B0010Z309C,5.0,1
B0010YYGB4,5.0,1
B0010YK280,5.0,1
B0010Y9VGE,5.0,1
B0010XXWTW,5.0,1
B0010XRKBI,5.0,1
B0010XRG1W,5.0,1
B0010XP4B6,4.0,1
B0010XP470,5.0,1
B0010XNXU0,5.0,1
B0010X97JQ,4.0,1
B0010X4YEE,5.0,1
B0010X3530,5.0,1
B0010ZJ9L0,5.0,1
B0010ZLY0Y,5.0,1
B0011120HS,5.0,1
B0010ZNHDG,5.0,1
B0011120GO,5.0,1
B00110U7G0,5.0,1
B00110U7BK,5.0,1
B00110U66G,5.0,1
B00110S2U8,5.0,1
B00110S24O,5.0,1
B00110Q8IG,4.0,1
B00110OLIU,5.0,1
B00110OLCQ,5.0,1
B00110OKDQ,5.0,1
B00110OK0E,5.0,1
B00110NAPA,5.0,1
B00110KSTQ,5.0,1
B00110KST6,5.0,1
B00110EN4C,5.0,1
B00110CIE4,5.0,1
B0011045AY,5.0,1
B001104590,5.0,1
B00110242U,5.0,1
B0010ZYJFG,5.0,1
B0010ZWHIM,4.0,1
B0011ZV1L0,5.0,1
B00134EPS0,5.0,1
B0012RUSVQ,5.0,1
B0012RX3C2,5.0,1
B0012RWSUK,5.0,1
B0012RWQRA,4.0,1
B0012RWPXA,5.0,1
B0012RWP3U,5.0,1
B0012RWNKK,5.0,1
B0012RVBNU,5.0,1
B0012RVAM2,5.0,1
B0012RV6JO,5.0,1
B0012RV068,5.0,1
B0012RUWGC,5.0,1
B0012M4LUA,5.0,1
B0012RUOSS,5.0,1
B0012RUL68,5.0,1
B0012RUKQ4,5.0,1
B0012RUKGO,5.0,1
B0012RT5M4,5.0,1
B0012RT484,5.0,1
B0012RSUG6,5.0,1
B0012RSUES,5.0,1
B0012RR7AQ,5.0,1
B0012RX9D0,5.0,1
B0012RXANO,5.0,1
B0012RXB88,5.0,1
B0012U451W,5.0,1
B0012TZPRG,5.0,1
B0012TEJAK,5.0,1
B0012TEFIG,5.0,1
B0012SNACE,4.0,1
B0012SFQ4O,4.0,1
B0012SEIOS,4.0,1
B0012SE1NQ,5.0,1
B0012SC3NQ,5.0,1
B0012SADGK,5.0,1
B0012S4Y1U,5.0,1
B0012S0BAI,5.0,1
B0012S0540,5.0,1
B0012S010S,5.0,1
B0012RYKDI,5.0,1
B0012RY6JQ,4.0,1
B0012RXUOS,5.0,1
B0012RXRGY,5.0,1
B0012RXEQW,5.0,1
B0012RQYXM,5.0,1
B0012ON0YG,5.0,1
B0012O2TNO,5.0,1
B0012O07XI,5.0,1
B0012NZW7K,5.0,1
B0012NZ9XM,5.0,1
B0012NZ9S2,5.0,1
B0012NVSYQ,4.0,1
B0012NVEMC,5.0,1
B0012NUGSA,5.0,1
B0012NMDIQ,4.0,1
B0012NKLX0,4.0,1
B0012NGZCG,5.0,1
B0012NETG0,5.0,1
B0012NE1Z4,5.0,1
B0012N2DXG,5.0,1
B0012N29F8,4.0,1
B0012MJA1K,5.0,1
B0012M8Y1C,5.0,1
B0012M50W8,5.0,1
B0012OPG84,5.0,1
B0012RGKP4,5.0,1
B0012RGJZU,5.0,1
B0012REOVQ,5.0,1
B0012RCWM4,5.0,1
B0012RCWLA,5.0,1
B0012RBTC8,5.0,1
B0012QX4BS,5.0,1
B0012QU2TK,5.0,1
B0012QTS36,5.0,1
B0012QPH3Q,5.0,1
B0012QPH2C,4.0,1
B0012QOBL0,5.0,1
B0012QOAXE,4.0,1
B0012QNYPY,5.0,1
B0012QD8HI,5.0,1
B0012QB5F0,5.0,1
B0012QB2KS,5.0,1
B0012Q6XIY,5.0,1
B0012Q3YSQ,5.0,1
B0012Q1LCW,4.0,1
B0012Q0TQG,5.0,1
B0012PB3LC,5.0,1
B0012P1NR6,5.0,1
B0012U5IS6,5.0,1
B0012UB38K,5.0,1
B00131R0C6,5.0,1
B0012ZY4NG,4.0,1
B0012ZX9VE,5.0,1
B0012ZQOXE,5.0,1
B0012ZMDCU,5.0,1
B0012ZM1G8,5.0,1
B0012ZKB1U,4.0,1
B0012ZI0UE,5.0,1
B0012ZHK7S,5.0,1
B0012ZHGUY,5.0,1
B0012ZHE6U,5.0,1
B0012YX1LI,5.0,1
B0012YVYE4,4.0,1
B0012YQ5O8,5.0,1
B0012YK5RQ,5.0,1
B0012YEDL0,5.0,1
B0012Y1DFY,5.0,1
B0012Y130Y,5.0,1
B0012XYVN6,5.0,1
B00131YNUI,4.0,1
B001321X96,5.0,1
B00133WWB8,5.0,1
B00133VMQ4,5.0,1
B00133S5TG,5.0,1
B00133HK38,5.0,1
B00133FNMI,4.0,1
B00133EVE4,5.0,1
B00133DRG2,4.0,1
B00133DRF8,5.0,1
B00133CBBE,5.0,1
B00133CBAK,5.0,1
B00133AUMQ,4.0,1
B00133AULW,5.0,1
B001337HVI,5.0,1
B00133649O,5.0,1
B0013360MU,5.0,1
B001333DP2,5.0,1
B0013323BC,5.0,1
B00132RCF0,5.0,1
B00132NW3Q,5.0,1
B00132FZOA,5.0,1
B00132CNYU,5.0,1
B00132CNB8,5.0,1
B00132C8TK,4.0,1
B0013298MU,4.0,1
B001325KWC,5.0,1
B0012XYM8K,5.0,1
B0012XPTSC,5.0,1
B0012UDATA,5.0,1
B0012X3XT4,5.0,1
B0012X3TDY,4.0,1
B0012X3TDO,5.0,1
B0012WXQ4C,4.0,1
B0012WTHQS,5.0,1
B0012WNR8C,5.0,1
B0012WJQKA,5.0,1
B0012W5CDK,5.0,1
B0012VYR4G,4.0,1
B0012VV9AG,5.0,1
B0012VV8LQ,4.0,1
B0012VS1XO,5.0,1
B0012VRI7O,5.0,1
B0012VQS48,5.0,1
B0012V9HK0,5.0,1
B0012V90QQ,4.0,1
B0012V4UF2,5.0,1
B0012UWMFS,5.0,1
B0012UT0FI,4.0,1
B0012USP0Y,5.0,1
B0012UQIA8,5.0,1
B0012UQHEU,5.0,1
B0012UK5SO,5.0,1
B0012UFIP4,4.0,1
B0012X3WFE,5.0,1
B0012X3YPW,5.0,1
B0012X3ZPG,5.0,1
B0012XM55C,4.0,1
B0012XLU1W,5.0,1
B0012XLSW8,5.0,1
B0012XK8OC,5.0,1
B0012XK4QO,5.0,1
B0012XK2MU,5.0,1
B0012XJY6A,5.0,1
B0012XI5CO,5.0,1
B0012XHZ6G,5.0,1
B0012XHW7S,5.0,1
B0012XAQEE,5.0,1
B0012XAQ2G,5.0,1
B0012XANKG,5.0,1
B0012X9U3M,5.0,1
B0012X8YHU,5.0,1
B0012X6KSU,5.0,1
B0012X6GYI,5.0,1
B0012X6GHU,4.0,1
B0012X6GCK,5.0,1
B0012X5VOO,5.0,1
B0012X5V2Q,5.0,1
B0012X5U1I,5.0,1
B0012X5RHK,4.0,1
B0012X5RFC,5.0,1
B0012X5OMS,5.0,1
B0012X400A,5.0,1
B0012M4OE8,4.0,1
B0012M334U,5.0,1
B0011ZWYGG,5.0,1
B001282GJ2,5.0,1
B001281IDC,5.0,1
B001280GH6,5.0,1
B001280GGC,5.0,1
B001280G2G,5.0,1
B001280BVM,4.0,1
B001280BSK,5.0,1
B001280BFS,5.0,1
B00127ZF32,5.0,1
B00127Z84S,5.0,1
B00127YLXW,5.0,1
B00127YHDG,5.0,1
B0012LWHZC,5.0,1
B00127X16K,5.0,1
B00127X11K,5.0,1
B00127X10Q,4.0,1
B00127EYCA,5.0,1
B0012774JU,5.0,1
B00126YP7K,4.0,1
B00126XROC,4.0,1
B00126V8YS,5.0,1
B00126TGTC,5.0,1
B0012839AM,5.0,1
B001283P1U,4.0,1
B001283RI6,5.0,1
B00128CV8I,4.0,1
B00128CUIE,4.0,1
B00128CJLM,5.0,1
B00128AKWW,5.0,1
B00128AF9K,5.0,1
B001288REU,5.0,1
B001288QN2,5.0,1
B0012888FI,5.0,1
B001287N40,5.0,1
B0012876KQ,5.0,1
B0012876BU,5.0,1
B001287390,5.0,1
B001286TF4,5.0,1
B001285UUY,5.0,1
B001285RX4,5.0,1
B001284ML2,5.0,1
B001283RP4,5.0,1
B00126S15C,5.0,1
B00125ZDPE,5.0,1
B00125LEDY,5.0,1
B00122F1V8,5.0,1
B00122CLAC,5.0,1
B00121UYMU,5.0,1
B00121OBOM,5.0,1
B00121H5QS,5.0,1
B00121FO7A,5.0,1
B00121DS2I,4.0,1
B0012188I2,5.0,1
B0012187M4,5.0,1
B0012187EW,5.0,1
B0012186X4,5.0,1
B001216X6Q,4.0,1
B001216C94,4.0,1
B001216C62,4.0,1
B001216C58,5.0,1
B001214P0W,5.0,1
B001214OXU,5.0,1
B001211NSY,5.0,1
B00120Y2SI,5.0,1
B00120XWQG,5.0,1
B00120W2L2,5.0,1
B00120RHKS,5.0,1
B00120R6MW,5.0,1
B00120HWV2,5.0,1
B00120B7ZE,5.0,1
B001206CH2,5.0,1
B00122ECTK,5.0,1
B00125JEAE,5.0,1
B00122GFSQ,5.0,1
B0012576EK,5.0,1
B001254VTS,5.0,1
B001252DAW,5.0,1
B001250TW6,5.0,1
B00124ZPHQ,5.0,1
B00124Y5ZY,5.0,1
B00124MJ52,5.0,1
B00124KFJY,4.0,1
B00124H56U,5.0,1
B0012429A2,5.0,1
B00123ZM7A,5.0,1
B00123MF84,5.0,1
B00123H4G2,5.0,1
B00123E6CM,5.0,1
B00123BDAA,5.0,1
B001238GKK,5.0,1
B001238GJG,5.0,1
B001236DEQ,5.0,1
B001234AF0,4.0,1
B001231S1Y,5.0,1
B001231KR6,5.0,1
B00122Z63Q,5.0,1
B00122Y7PE,5.0,1
B00122I0FM,5.0,1
B00128D1U0,5.0,1
B00128ECAI,5.0,1
B00128EXVG,5.0,1
B0012IUFOU,5.0,1
B0012IPMQ6,5.0,1
B0012IPMLQ,5.0,1
B0012INLQE,4.0,1
B0012IK66C,4.0,1
B0012IJB2W,5.0,1
B0012HRAC6,4.0,1
B0012HMTLI,5.0,1
B0012HL6OY,5.0,1
B0012HFKS2,5.0,1
B0012HDGPQ,5.0,1
B0012HDFSY,5.0,1
B0012H5ORO,5.0,1
B0012H4HMW,5.0,1
B0012GZDAS,4.0,1
B0012GW0O0,5.0,1
B0012GVT92,5.0,1
B0012GU0EM,5.0,1
B0012GS7EC,5.0,1
B0012GRUJA,5.0,1
B0012GOSTA,5.0,1
B0012GOJ4Y,5.0,1
B0012GO2IC,5.0,1
B0012GMVI0,5.0,1
B0012GMTOQ,5.0,1
B0012IPR9I,5.0,1
B0012IVH2O,5.0,1
B0012FE0MQ,5.0,1
B0012IW034,4.0,1
B0012LU4BG,5.0,1
B0012LK2IG,5.0,1
B0012KZGBA,5.0,1
B0012KTWKQ,4.0,1
B0012KTM4M,5.0,1
B0012KRR1W,4.0,1
B0012KQV1O,5.0,1
B0012KQHLI,5.0,1
B0012KPQZQ,5.0,1
B0012KPISG,5.0,1
B0012KJE5Y,4.0,1
B0012KIBIA,5.0,1
B0012KHLOU,5.0,1
B0012KH08C,5.0,1
B0012KF6NS,4.0,1
B0012KD96O,5.0,1
B0012KCU3M,5.0,1
B0012KCU3C,5.0,1
B0012KB3BM,4.0,1
B0012K5M5A,5.0,1
B0012K4W24,4.0,1
B0012JY4RS,5.0,1
B0012JP9CW,5.0,1
B0012JGKAM,5.0,1
B0012J961C,5.0,1
B0012FEWVU,5.0,1
B0012FBAN8,5.0,1
B00128F6US,5.0,1
B0012BUPAQ,5.0,1
B0012BUIZS,5.0,1
B0012BS9P4,5.0,1
B0012BRPXG,5.0,1
B0012BQMLM,4.0,1
B0012BB3LG,5.0,1
B0012AXJFA,5.0,1
B0012AU3T0,5.0,1
B0012AQLSC,4.0,1
B0012ALMHW,5.0,1
B0012AL5UQ,5.0,1
B0012AFOXA,5.0,1
B0012AD8QK,5.0,1
B0012A677W,5.0,1
B00129MCS6,5.0,1
B00129M5UG,4.0,1
B00129FLR0,4.0,1
B00129EENW,5.0,1
B00129BSRC,5.0,1
B00128WKIO,4.0,1
B00128TX20,5.0,1
B00128T01O,5.0,1
B00128J1WW,5.0,1
B00128GQL6,5.0,1
B00128G198,5.0,1
B00128F6XK,5.0,1
B0012BUMJK,5.0,1
B0012F51Z6,5.0,1
B0012EXHEY,5.0,1
B0012ED1Y0,5.0,1
B0012EBS4U,5.0,1
B0012EB8KE,5.0,1
B0012E9KNQ,5.0,1
B0012E9G0I,4.0,1
B0012E0RRY,5.0,1
B0012DOZU0,5.0,1
B0012DJFLY,5.0,1
B0012DJ5D2,5.0,1
B0012DDFPG,4.0,1
B0012D88QC,5.0,1
B0012D4BXG,4.0,1
B0012C7ZYY,5.0,1
B0012BZVPU,5.0,1
B0012BZE6G,4.0,1
B0012BWBN0,5.0,1
B0012BVSV6,5.0,1
B0012BUSG2,5.0,1
B0010BUY2M,5.0,1
B0010BKP4Y,5.0,1
B000XEFBHU,5.0,1
B000XGPXSU,4.0,1
B000XGDEUY,5.0,1
B000XGALUA,5.0,1
B000XGA25O,5.0,1
B000XF1BUK,5.0,1
B000XEZ83M,5.0,1
B000XEVNJA,5.0,1
B000XEFF44,5.0,1
B000XEFEK4,5.0,1
B000XEFEDQ,5.0,1
B000XEF9AO,5.0,1
B000XE7WPO,5.0,1
B000XEF6D4,5.0,1
B000XEF67U,4.0,1
B000XEF4DG,5.0,1
B000XEF47M,5.0,1
B000XEF1N4,5.0,1
B000XEDED8,5.0,1
B000XEDC7G,5.0,1
B000XEDB36,5.0,1
B000XED4ME,5.0,1
B000XED28U,5.0,1
B000XH34B2,5.0,1
B000XHFSMU,5.0,1
B000XHWS2S,5.0,1
B000XRSASY,5.0,1
B000XRCD7I,5.0,1
B000XR8J80,4.0,1
B000XQQ442,5.0,1
B000XQM950,5.0,1
B000XQETQC,5.0,1
B000XQCQA8,5.0,1
B000XQBV3G,5.0,1
B000XQ5SF8,5.0,1
B000XQ3X5K,5.0,1
B000XQ3X4G,5.0,1
B000XQ3WMO,4.0,1
B000XQ327Y,5.0,1
B000XPX1K8,4.0,1
B000XPQ3P8,5.0,1
B000XPQ312,5.0,1
B000XOPVHU,5.0,1
B000XO0KBM,5.0,1
B000XKRQZ4,5.0,1
B000XI93OS,5.0,1
B000XECZHE,5.0,1
B000XECXVM,5.0,1
B000XECXEY,5.0,1
B000XE9HHU,5.0,1
B000XE9HFW,5.0,1
B000XE9H6G,5.0,1
B000XE9GNU,5.0,1
B000XE9DT2,5.0,1
B000XE98LK,5.0,1
B000XE986K,5.0,1
B000XE92Y8,4.0,1
B000XE92PC,4.0,1
B000XE8ZHI,5.0,1
B000XE8XT8,5.0,1
B000XE8X9I,4.0,1
B000XE8WLC,5.0,1
B000XE8VFE,4.0,1
B000XE8V6S,5.0,1
B000XE8UFA,5.0,1
B000XE8LP4,5.0,1
B000XE8FXM,4.0,1
B000XE8FTG,5.0,1
B000XE8D9S,5.0,1
B000XE8B68,4.0,1
B000XE819U,5.0,1
B000XE817M,5.0,1
B000XE80HS,5.0,1
B000XE7XYY,4.0,1
B000XE9KHM,5.0,1
B000XE9NCY,5.0,1
B000XEBM1Y,5.0,1
B000XE9NFQ,5.0,1
B000XEBKWA,5.0,1
B000XEBK7K,5.0,1
B000XEBJBC,5.0,1
B000XEBFIO,5.0,1
B000XEBE3K,5.0,1
B000XEBB9M,5.0,1
B000XEB930,5.0,1
B000XEB70U,5.0,1
B000XEB6N8,5.0,1
B000XEB6KG,5.0,1
B000XEB64W,5.0,1
B000XEB5YS,5.0,1
B000XEAZHQ,5.0,1
B000XEAYUY,5.0,1
B000XEAV2K,5.0,1
B000XEAUVM,5.0,1
B000XEASIC,5.0,1
B000XEARV0,4.0,1
B000XE9NSI,5.0,1
B000XRTFZQ,5.0,1
B000XRZWNK,4.0,1
B000XS51PI,5.0,1
B000Y1NBU6,5.0,1
B000Y1JNRQ,5.0,1
B000Y1DOBM,5.0,1
B000Y1CM60,5.0,1
B000Y1AZA0,5.0,1
B000Y19CZ4,5.0,1
B000Y12MK6,5.0,1
B000Y0ZPU6,5.0,1
B000Y0XMW4,5.0,1
B000Y0IYE0,5.0,1
B000Y0A2N6,5.0,1
B000Y09S8G,5.0,1
B000Y09CJQ,4.0,1
B000Y07L2Q,5.0,1
B000Y05J66,5.0,1
B000Y04ZC0,4.0,1
B000Y001UK,5.0,1
B000XZYKU8,5.0,1
B000XZUBX8,5.0,1
B000XZOLY8,5.0,1
B000XZKZTI,5.0,1
B000XZHY06,5.0,1
B000XYRPQK,5.0,1
B000XYPDAA,5.0,1
B000XYNZPK,4.0,1
B000XYF8SC,5.0,1
B000Y1ZGJU,4.0,1
B000XYBFZW,5.0,1
B000Y9YP3A,5.0,1
B000Y9LSLM,5.0,1
B000Y9IO2S,4.0,1
B000Y96JSO,5.0,1
B000Y96HQ8,5.0,1
B000Y94I32,4.0,1
B000Y8ZPL2,5.0,1
B000Y8KFYO,4.0,1
B000Y8GJ6M,5.0,1
B000Y8GI4U,5.0,1
B000Y7G8FU,5.0,1
B000Y6WZK8,5.0,1
B000Y4Q1UU,5.0,1
B000Y4LCKE,5.0,1
B000Y4KBPQ,5.0,1
B000Y3PNKU,5.0,1
B000Y3NG90,5.0,1
B000Y3M6UK,5.0,1
B000Y34QNA,4.0,1
B000Y2CLDI,5.0,1
B000XYD7BM,5.0,1
B000XYA04Y,5.0,1
B000XSAFQ8,5.0,1
B000XU5RPK,5.0,1
B000XTPD64,5.0,1
B000XTLX7M,5.0,1
B000XTLX3Q,4.0,1
B000XTJRVQ,4.0,1
B000XTHQ96,4.0,1
B000XTHPSI,4.0,1
B000XTHOU2,5.0,1
B000XTBEYE,5.0,1
B000XTBEO4,4.0,1
B000XTA9O0,5.0,1
B000XSSJIE,5.0,1
B000XSQV0C,5.0,1
B000XSQUQM,5.0,1
B000XSORB2,5.0,1
B000XSOR12,5.0,1
B000XSO1E0,5.0,1
B000XSMQO2,5.0,1
B000XSMQL0,5.0,1
B000XSLQWU,5.0,1
B000XSK6OO,4.0,1
B000XSHIK4,4.0,1
B000XSFS1K,4.0,1
B000XSFHUC,5.0,1
B000XSFGM6,5.0,1
B000XSBDUK,5.0,1
B000XSB2DS,5.0,1
B000XTRPLA,4.0,1
B000XU639O,5.0,1
B000XY8OVA,4.0,1
B000XU66VO,5.0,1
B000XY4MRA,4.0,1
B000XY09O0,5.0,1
B000XXZ1D0,5.0,1
B000XXZ1BM,5.0,1
B000XXTB2C,4.0,1
B000XXTB18,5.0,1
B000XXTB0Y,5.0,1
B000XWNNJK,5.0,1
B000XWLLAS,4.0,1
B000XVHY7S,4.0,1
B000XVG5WS,5.0,1
B000XVDODG,5.0,1
B000XVBRM6,4.0,1
B000XVA7H2,5.0,1
B000XV8PLW,5.0,1
B000XV4XUO,5.0,1
B000XV4TEO,4.0,1
B000XUUTGW,5.0,1
B000XUUT94,5.0,1
B000XUGRR2,5.0,1
B000XUBJXY,5.0,1
B000XUA9US,5.0,1
B000XU9USK,4.0,1
B000XU6UCO,5.0,1
B000XE7X5S,5.0,1
B000XE7TL6,5.0,1
B0010BI01E,5.0,1
B000WZL7KK,4.0,1
B000WZT8U6,5.0,1
B000WZSZ82,5.0,1
B000WZSYS8,4.0,1
B000WZSWRQ,4.0,1
B000WZR92K,5.0,1
B000WZQZ34,4.0,1
B000WZP6V6,5.0,1
B000WZP6GG,5.0,1
B000WZP54E,5.0,1
B000WZNJFQ,5.0,1
B000WZNIW0,5.0,1
B000WZLA6Q,5.0,1
B000WZL5DY,5.0,1
B000XE7THA,4.0,1
B000WZL0CK,5.0,1
B000WZCJAW,5.0,1
B000WZ17ZU,5.0,1
B000WY8M6S,5.0,1
B000WY3AQK,5.0,1
B000WY2AG6,5.0,1
B000WXZE3I,5.0,1
B000WXYCP4,5.0,1
B000WXTEW0,5.0,1
B000WXKZHS,5.0,1
B000WXKXNE,4.0,1
B000X06YIY,5.0,1
B000X0LOQG,5.0,1
B000X0MFD2,5.0,1
B000X0TANK,5.0,1
B000X2WMDS,5.0,1
B000X2UD20,4.0,1
B000X2NPN4,5.0,1
B000X2HA6W,5.0,1
B000X2FQ0E,5.0,1
B000X2DR1O,5.0,1
B000X2DOEE,5.0,1
B000X2DMBY,4.0,1
B000X2CB66,5.0,1
B000X2BVR6,5.0,1
B000X24FW4,5.0,1
B000X20EP6,5.0,1
B000X204RE,5.0,1
B000X1VL9K,5.0,1
B000X1QG4A,5.0,1
B000X1J6GU,5.0,1
B000X1HAWC,5.0,1
B000X1FR7C,5.0,1
B000X1F7L8,5.0,1
B000X1DKGM,5.0,1
B000X1CG3A,5.0,1
B000WXKM80,5.0,1
B000WXHJNG,5.0,1
B000WXFHSK,5.0,1
B000WS4OWA,5.0,1
B000WS24CC,5.0,1
B000WS18OW,5.0,1
B000WR8YAY,5.0,1
B000WR47YG,5.0,1
B000WR2DEC,5.0,1
B000WR0M5Y,4.0,1
B000WR0D58,5.0,1
B000WQWHDA,4.0,1
B000WQMLPO,5.0,1
B000WQM55U,5.0,1
B000WQLV82,5.0,1
B000WQLRGI,5.0,1
B000WQJWK6,5.0,1
B000WQJVWA,5.0,1
B000WQG7GS,5.0,1
B000WQG4VG,5.0,1
B000WQEGH0,5.0,1
B000WQEFXU,5.0,1
B000WQBS80,5.0,1
B000WQ7TEW,5.0,1
B000WQ5TOE,5.0,1
B000WQ4CK6,5.0,1
B000WPQ2R8,5.0,1
B000WPNOGU,5.0,1
B000WP2ZR4,5.0,1
B000WS4MUE,5.0,1
B000WXFCI0,5.0,1
B000WS8CKA,5.0,1
B000WXDT1W,5.0,1
B000WXDO2Q,5.0,1
B000WWR27K,5.0,1
B000WWAG0A,5.0,1
B000WW7BH6,5.0,1
B000WW5XZI,5.0,1
B000WW3E86,4.0,1
B000WW1A5A,5.0,1
B000WW19AG,5.0,1
B000WVME1U,5.0,1
B000WVGW1S,5.0,1
B000WVEO2C,5.0,1
B000WUPN5A,5.0,1
B000WUL4TO,5.0,1
B000WUJUTK,4.0,1
B000WUDMTE,5.0,1
B000WUAPEO,5.0,1
B000WTD1OG,4.0,1
B000WTBGF2,4.0,1
B000WSP63G,4.0,1
B000WSEKM4,5.0,1
B000WSBJUA,5.0,1
B000WSAHZI,5.0,1
B000X2WXVO,5.0,1
B000X3QTEU,4.0,1
B000XE3YE2,5.0,1
B000XE3W30,5.0,1
B000XE3W0S,5.0,1
B000XE3B2W,5.0,1
B000XE29MU,5.0,1
B000XE27JU,5.0,1
B000XE26JQ,5.0,1
B000XE25T2,5.0,1
B000XE24KW,5.0,1
B000XE20HO,5.0,1
B000XE1YJ4,5.0,1
B000XE1V7Y,5.0,1
B000XE1S0E,5.0,1
B000XE1P3Y,5.0,1
B000XE13OU,5.0,1
B000XE0QX4,5.0,1
B000XE0LR0,5.0,1
B000XE0LM0,5.0,1
B000XE0DKU,5.0,1
B000XDZT1O,5.0,1
B000XDZFZ4,5.0,1
B000XDZDIS,5.0,1
B000XE3XOS,5.0,1
B000XE3ZU0,5.0,1
B000XDZ2I4,5.0,1
B000XE4676,5.0,1
B000XE7TFW,4.0,1
B000XE7Q64,5.0,1
B000XE7PH4,5.0,1
B000XE7880,5.0,1
B000XE77Y0,5.0,1
B000XE77PE,5.0,1
B000XE6VVU,4.0,1
B000XE6MJQ,5.0,1
B000XE6B60,5.0,1
B000XE6B4C,5.0,1
B000XE6AE8,5.0,1
B000XE69TY,5.0,1
B000XE68M2,4.0,1
B000XE662Y,5.0,1
B000XE5R3S,4.0,1
B000XE5MK6,5.0,1
B000XE4XLU,5.0,1
B000XE4T1Y,5.0,1
B000XE4OU0,5.0,1
B000XE4AGS,5.0,1
B000XE4ACC,5.0,1
B000XE471Q,5.0,1
B000XE46BC,5.0,1
B000XDZ4UK,5.0,1
B000X3R0HA,5.0,1
B000XAU7NC,4.0,1
B000XAPTAI,5.0,1
B000XAJNO6,5.0,1
B000XAISB0,4.0,1
B000X9UJM2,5.0,1
B000X9RKX8,5.0,1
B000X9QCDM,5.0,1
B000X9PMRY,5.0,1
B000X9NIDY,4.0,1
B000X9N5M8,4.0,1
B000X9L5KW,5.0,1
B000X9KEY0,5.0,1
B000X9H78Q,5.0,1
B000X849X8,4.0,1
B000X7OP2E,4.0,1
B000X7ESCQ,5.0,1
B000X76Y64,4.0,1
B000X6FACE,5.0,1
B000X67RQ6,5.0,1
B000X5U4PS,5.0,1
B000X5H6Z4,5.0,1
B000X4UT9U,4.0,1
B000X4OGRG,4.0,1
B000X44J3M,5.0,1
B000X3XRBS,5.0,1
B000X3STZM,5.0,1
B000XASZ7C,4.0,1
B000XAXE78,5.0,1
B000XDZ1SK,5.0,1
B000XAXX3I,4.0,1
B000XDYYYM,5.0,1
B000XDYVW2,5.0,1
B000XDYPYG,4.0,1
B000XDYI7U,5.0,1
B000XDYC26,5.0,1
B000XDYB36,5.0,1
B000XDXOQQ,5.0,1
B000XDXM0E,5.0,1
B000XDXH8Q,4.0,1
B000XDXFRO,5.0,1
B000XDXCWC,5.0,1
B000XDXABU,5.0,1
B000XDTHTE,5.0,1
B000XBGENI,5.0,1
B000XBCR3Y,5.0,1
B000XBCEXM,5.0,1
B000XBA8E4,5.0,1
B000XB7ZP4,5.0,1
B000XB6BQI,5.0,1
B000XB6BOK,5.0,1
B000XB2IF6,4.0,1
B000XB2D5G,5.0,1
B000XB26YY,4.0,1
B000XAYYRW,4.0,1
B000YA3K76,5.0,1
B000YA5I4Y,5.0,1
B000Z6I8MQ,5.0,1
B000Z916S6,5.0,1
B000Z912IK,5.0,1
B000Z90BAA,5.0,1
B000Z90AA6,5.0,1
B000Z8ZQ9W,5.0,1
B000Z8ZFZM,5.0,1
B000Z8XF8Q,5.0,1
B000Z8WXRK,5.0,1
B000Z8WL54,5.0,1
B000Z8FG60,5.0,1
B000Z7Z1FM,5.0,1
B000Z6ID7G,4.0,1
B000Z6I6Y6,4.0,1
B000YA82TW,5.0,1
B000Z6I6C8,4.0,1
B000Z6I24A,5.0,1
B000Z6HZWA,5.0,1
B000Z6HENU,4.0,1
B000Z6GSJG,5.0,1
B000Z6GR3S,5.0,1
B000Z6GL84,5.0,1
B000Z6GJPO,5.0,1
B000Z6GJ6S,5.0,1
B000Z6GHJM,5.0,1
B000Z6F7PW,4.0,1
B000Z6F61C,5.0,1
B000Z91OU6,5.0,1
B000Z91R7Q,5.0,1
B000Z92E32,4.0,1
B000ZHP526,5.0,1
B000ZHEBG2,5.0,1
B000ZH7PCO,5.0,1
B000ZH7OJS,5.0,1
B000ZH76S2,5.0,1
B000ZH29CU,5.0,1
B000ZFWNSW,5.0,1
B000ZFRRNS,5.0,1
B000ZFJQEQ,5.0,1
B000ZFGCSY,5.0,1
B000ZFB5O0,5.0,1
B000ZEBRTO,5.0,1
B000ZEAB00,5.0,1
B000ZC00TY,5.0,1
B000ZBTMQM,4.0,1
B000Z9SPYE,4.0,1
B000Z9Q1OK,5.0,1
B000Z97842,5.0,1
B000Z94KTS,4.0,1
B000Z93RL0,4.0,1
B000Z92WPW,5.0,1
B000Z6F4YQ,5.0,1
B000Z63WJU,5.0,1
B000Z63UW4,5.0,1
B000Z63U4M,5.0,1
B000Z63RQS,5.0,1
B000Z63QYG,4.0,1
B000Z63QK0,5.0,1
B000Z63LO6,5.0,1
B000Z61V70,5.0,1
B000Z61V0C,5.0,1
B000Z61UZS,5.0,1
B000Z61UZ8,5.0,1
B000Z61TG8,5.0,1
B000Z61SO6,5.0,1
B000Z61RQU,5.0,1
B000Z61QMK,5.0,1
B000Z61OUY,5.0,1
B000Z61OJU,5.0,1
B000Z61O4U,4.0,1
B000Z61N1E,5.0,1
B000Z61N0K,5.0,1
B000Z61JAE,5.0,1
B000Z61HHY,5.0,1
B000Z63Y3O,5.0,1
B000Z6F27U,5.0,1
B000Z63YMA,5.0,1
B000Z6F1PS,5.0,1
B000Z6EZ4G,5.0,1
B000Z6D5WO,4.0,1
B000Z6D3CG,5.0,1
B000Z6CW2S,5.0,1
B000Z6CT1C,5.0,1
B000Z6BFJ4,5.0,1
B000Z6B14I,5.0,1
B000Z65GZ8,5.0,1
B000Z65GH6,5.0,1
B000Z65GG2,5.0,1
B000Z65GAS,5.0,1
B000Z65FSQ,5.0,1
B000Z65CTI,5.0,1
B000Z65CIE,5.0,1
B000Z659IC,4.0,1
B000Z659H8,4.0,1
B000Z65928,5.0,1
B000Z6566C,5.0,1
B000ZHTIK6,5.0,1
B000ZHTILA,4.0,1
B00106BVBK,5.0,1
B00106AF0S,5.0,1
B00106891A,5.0,1
B0010688AW,5.0,1
B00106885M,5.0,1
B0010687ZI,5.0,1
B0010666W4,4.0,1
B001063KEQ,5.0,1
B001061IKO,5.0,1
B001057JNU,5.0,1
B00104UJJW,5.0,1
B00104OB1O,5.0,1
B00104MB2A,5.0,1
B00104M1WK,5.0,1
B00104H7TM,5.0,1
B00104GW70,5.0,1
B00104F8P2,5.0,1
B00103MD42,5.0,1
B00103MB30,5.0,1
B00103H2WU,5.0,1
B00103H2GG,4.0,1
B00103DB66,5.0,1
B00102G1PA,4.0,1
B00102AP66,5.0,1
B00106AFC6,5.0,1
B00106CJD4,5.0,1
B001023ZJA,5.0,1
B00106DWMQ,5.0,1
B0010BEJ64,4.0,1
B0010BD38Y,5.0,1
B0010B4ZK4,5.0,1
B0010B4UFE,5.0,1
B0010ARID6,5.0,1
B0010AQSPU,5.0,1
B0010A6LAC,4.0,1
B0010A6KDU,5.0,1
B0010A6JXG,5.0,1
B0010A4RF8,5.0,1
B0010A30UQ,5.0,1
B00109PKVO,4.0,1
B00108LRJO,5.0,1
B00107DCW0,5.0,1
B001072O38,5.0,1
B00106X6CC,5.0,1
B00106R3XU,5.0,1
B00106O6AI,5.0,1
B00106LSL8,5.0,1
B00106GW14,5.0,1
B001028N1U,5.0,1
B00101WM8Q,5.0,1
B000ZI9PNA,5.0,1
B000ZN4BFC,4.0,1
B000ZN32HU,5.0,1
B000ZN0CH8,5.0,1
B000ZMZF58,5.0,1
B000ZMER8O,5.0,1
B000ZM2HJ0,5.0,1
B000ZLZEX2,5.0,1
B000ZLXTPC,5.0,1
B000ZLXT34,4.0,1
B000ZLXKXI,5.0,1
B000ZLU4RS,5.0,1
B000ZLTUQE,5.0,1
B000ZKT6JG,5.0,1
B000ZKNTIK,5.0,1
B000ZKMH56,4.0,1
B000ZKHV7A,5.0,1
B000ZKDMKA,5.0,1
B000ZK6BNU,5.0,1
B000ZJ1EME,5.0,1
B000ZJ0AJM,5.0,1
B000ZIVK06,5.0,1
B000ZIT3CS,5.0,1
B000ZIBREU,5.0,1
B000ZN4AVW,5.0,1
B000ZNSUFO,5.0,1
B00101WLEG,5.0,1
B000ZNV812,4.0,1
B00100GZDU,5.0,1
B000ZX7Q9A,5.0,1
B000ZX6WWM,5.0,1
B000ZX5N2C,5.0,1
B000ZWLOKI,5.0,1
B000ZV5QRG,5.0,1
B000ZV0COS,5.0,1
B000ZSX3X8,4.0,1
B000ZST8NW,4.0,1
B000ZSSSXS,4.0,1
B000ZQDW36,5.0,1
B000ZQAXG0,5.0,1
B000ZPU5N2,5.0,1
B000ZPT5IS,5.0,1
B000ZPR9ZO,5.0,1
B000ZPOHI6,5.0,1
B000ZPOCZY,5.0,1
B000ZOYDAE,5.0,1
B000ZOW478,5.0,1
B000ZO5PIS,5.0,1
B000ZNYYGS,5.0,1
B000Z608XI,5.0,1
B000Z607L6,5.0,1
B000Z6068U,4.0,1
B000YHWRRI,5.0,1
B000YHUV0S,5.0,1
B000YHUS38,4.0,1
B000YHTH2G,4.0,1
B000YHTFQY,4.0,1
B000YHST2A,5.0,1
B000YHRDAE,4.0,1
B000YHRAZ2,5.0,1
B000YHRAQ6,5.0,1
B000YHR8MC,4.0,1
B000YHP7FM,5.0,1
B000YHN9NO,5.0,1
B000YHFW4S,5.0,1
B000YHCX6I,5.0,1
B000YHCEO4,5.0,1
B000YHB0B2,5.0,1
B000YH7ELM,4.0,1
B000YGPVAO,4.0,1
B000YGP5BY,5.0,1
B000YGO84Y,5.0,1
B000YGKOL0,5.0,1
B000YGKOKG,5.0,1
B000YHUWCA,5.0,1
B000YHWTP8,5.0,1
B000YGIQ06,5.0,1
B000YHWUAM,5.0,1
B000YLBZ8G,5.0,1
B000YL5A5K,5.0,1
B000YL47G8,5.0,1
B000YL3QBA,5.0,1
B000YKGGNQ,5.0,1
B000YJWSOS,5.0,1
B000YJPVXI,5.0,1
B000YJMPPA,5.0,1
B000YJM1FY,5.0,1
B000YJ46CK,5.0,1
B000YJ3UNQ,4.0,1
B000YJ31NA,5.0,1
B000YJ21M2,5.0,1
B000YJ0UT8,5.0,1
B000YIYRZ2,4.0,1
B000YIYNBK,5.0,1
B000YIWCGI,5.0,1
B000YIWBTG,4.0,1
B000YIUWHE,4.0,1
B000YICBMI,5.0,1
B000YGIQ1U,5.0,1
B000YGIPCA,5.0,1
B000YM577A,4.0,1
B000YDHLQY,5.0,1
B000YDG8LS,5.0,1
B000YDFND2,5.0,1
B000YDFN5A,5.0,1
B000YDD0M8,5.0,1
B000YDAZD0,5.0,1
B000YDAWIS,4.0,1
B000YD6B7Y,5.0,1
B000YD0XMI,5.0,1
B000YCEIWU,5.0,1
B000YCAGG2,4.0,1
B000YC1CRO,5.0,1
B000YBUY9C,5.0,1
B000YB7U44,5.0,1
B000YB6UWM,5.0,1
B000YB5SFM,5.0,1
B000YB2X3W,5.0,1
B000YB28P0,5.0,1
B000YAXV8E,5.0,1
B000YAGB4K,5.0,1
B000YAEUFC,5.0,1
B000YADKNU,5.0,1
B000YAA74K,5.0,1
B000YA8Q4S,4.0,1
B000YA8PT4,4.0,1
B000YA8IW8,5.0,1
B000YDHJE8,5.0,1
B000YDHS2Q,5.0,1
B000YGIPBQ,4.0,1
B000YDI9OM,5.0,1
B000YGI6O2,5.0,1
B000YGABD6,4.0,1
B000YFZR40,5.0,1
B000YFV83O,5.0,1
B000YFU8G2,5.0,1
B000YFNU12,4.0,1
B000YFITI6,5.0,1
B000YFC8HY,5.0,1
B000YEP674,5.0,1
B000YEL79A,5.0,1
B000YEL6ZK,5.0,1
B000YEK5WK,4.0,1
B000YEI9HS,5.0,1
B000YEI9AA,5.0,1
B000YE4SDM,4.0,1
B000YDUBGG,5.0,1
B000YDMJ34,5.0,1
B000YDL5O8,5.0,1
B000YDKZ3U,5.0,1
B000YDJVT4,5.0,1
B000YDJOWS,4.0,1
B000YDJK5O,4.0,1
B000YDJI0G,5.0,1
B000YDII2A,5.0,1
B000YDIAX2,5.0,1
B000Z6061W,5.0,1
B000Z4T35Y,4.0,1
B000Z4SU3K,5.0,1
B000Z4SP2Q,5.0,1
B000Z4SB8E,5.0,1
B000Z4QGBS,5.0,1
B000Z4P8GC,5.0,1
B000Z4ONBS,5.0,1
B000Z4NACG,4.0,1
B000Z4N3KA,5.0,1
B000Z4N1GG,5.0,1
B000Z4JYIU,4.0,1
B000Z4GK00,5.0,1
B000Z4GJJ2,5.0,1
B000Z4DQSY,5.0,1
B000Z48FT4,4.0,1
B000Z40LG4,5.0,1
B000Z40LFU,5.0,1
B000Z3YVWK,5.0,1
B000Z3TACG,5.0,1
B000Z3TA08,5.0,1
B000Z3R8IY,5.0,1
B000Z3IYDC,5.0,1
B000Z3DTZK,5.0,1
B000Z4U5MY,5.0,1
B000Z10VH6,5.0,1
B000Z4W45A,5.0,1
B000Z604RI,5.0,1
B000Z600TK,5.0,1
B000Z600AE,5.0,1
B000Z5ZYME,4.0,1
B000Z5ZXQG,5.0,1
B000Z5ZUVO,5.0,1
B000Z5ZTCY,4.0,1
B000Z5ZSYI,5.0,1
B000Z5YFSS,4.0,1
B000Z5YF42,4.0,1
B000Z5YDUS,5.0,1
B000Z5YDJ4,4.0,1
B000Z5YD3U,5.0,1
B000Z5YD26,5.0,1
B000Z5YCW2,5.0,1
B000Z5YCLS,5.0,1
B000Z5YCK4,4.0,1
B000Z5YBYG,4.0,1
B000Z5YB7S,5.0,1
B000Z5YA2O,4.0,1
B000Z5Y9N4,5.0,1
B000Z5Y9H0,5.0,1
B000Z5Y4B6,4.0,1
B000Z5Y2KO,5.0,1
B000Z5NU70,5.0,1
B000Z5CT7C,5.0,1
B000Z59E8Y,5.0,1
B000Z1GAA8,4.0,1
B000YZO700,5.0,1
B000YMRBFG,5.0,1
B000YRRRZ0,5.0,1
B000YRNYPC,5.0,1
B000YRMGS8,5.0,1
B000YRKD06,5.0,1
B000YQW4WW,5.0,1
B000YQG2AC,5.0,1
B000YQEBFA,5.0,1
B000YQDX9K,5.0,1
B000YQ3KPM,5.0,1
B000YPZLLY,5.0,1
B000YPZLB4,4.0,1
B000YPJABQ,5.0,1
B000YPEZOI,5.0,1
B000YPC9VO,5.0,1
B000YOQJOI,5.0,1
B000YOPPCK,5.0,1
B000YOOXQY,5.0,1
B000YOJXNM,5.0,1
B000YN5D5A,5.0,1
B000YN1PWK,5.0,1
B000YMY9UQ,5.0,1
B000YMS10U,5.0,1
B000YRNZ4C,5.0,1
B000YRRSRW,5.0,1
B000YZNSY6,5.0,1
B000YRTCV2,5.0,1
B000YZNOT0,5.0,1
B000YZGT92,4.0,1
B000YZBVCW,5.0,1
B000YZ4N3G,5.0,1
B000YYTLKC,5.0,1
B000YYR1JK,5.0,1
B000YYHAT6,4.0,1
B000YYDGUS,5.0,1
B000YYDGRG,5.0,1
B000YYCCWG,5.0,1
B000YYCBL8,5.0,1
B000YXWVWI,5.0,1
B000YWUQXA,5.0,1
B000YV8QW4,5.0,1
B000YV66N0,5.0,1
B000YURQNU,5.0,1
B000YTZH2I,4.0,1
B000YTHT06,5.0,1
B000YTDXWO,5.0,1
B000YTA57K,5.0,1
B000YT2VAE,5.0,1
B000YRXHH2,5.0,1
B000YRUADQ,5.0,1
B00134D6BM,5.0,1
B00134HI5M,4.0,1
B000WP2AF6,5.0,1
B00175W3NE,5.0,1
B00175UJDK,5.0,1
B00175T3D2,5.0,1
B00175OFCG,5.0,1
B00175M2SK,5.0,1
B00175LV9G,5.0,1
B00173CI0E,5.0,1
B001739LWC,5.0,1
B0017388E4,4.0,1
B001737AY8,5.0,1
B001735UPE,5.0,1
B001731WG0,5.0,1
B00172ZXBQ,5.0,1
B00172ZX6G,5.0,1
B0016RMIPQ,5.0,1
B00172ZX2K,5.0,1
B00172Z6KY,4.0,1
B00172YS3K,5.0,1
B00172YCOU,5.0,1
B00172YCOA,5.0,1
B00172WCWY,5.0,1
B00172WCW4,5.0,1
B00172VV80,5.0,1
B00172UMA8,5.0,1
B00172SE1M,4.0,1
B00172NNC2,5.0,1
B00172NN22,5.0,1
B00175WOMY,5.0,1
B00175YVNO,5.0,1
B001760VYG,5.0,1
B001792A42,5.0,1
B001790OF4,5.0,1
B00178VTBI,5.0,1
B00178SHRC,4.0,1
B00178RB9W,5.0,1
B00178N0U6,5.0,1
B00178JN5W,5.0,1
B00178I4PC,5.0,1
B00178HIWM,4.0,1
B001781PDA,5.0,1
B00177EKRE,5.0,1
B001777JA4,5.0,1
B001770726,5.0,1
B00176WRYS,5.0,1
B00176WQMG,4.0,1
B00176WODM,4.0,1
B00176KW9A,4.0,1
B00176KQIC,5.0,1
B00176KMZO,4.0,1
B00176IRII,4.0,1
B00176IIPA,5.0,1
B00176IIAA,4.0,1
B00176FR4U,5.0,1
B001769HYG,5.0,1
B001766WF8,5.0,1
B001764O2Q,5.0,1
B00172M9Q8,5.0,1
B00172M6Y8,5.0,1
B00172LM8O,4.0,1
B00170DUXQ,4.0,1
B00170CZV4,4.0,1
B00170BJSO,5.0,1
B00170BJF2,5.0,1
B001707W26,5.0,1
B001707T06,5.0,1
B001707R58,5.0,1
B001707P5U,5.0,1
B001707O6U,5.0,1
B001706SGC,5.0,1
B001701YFC,4.0,1
B001701Y0M,5.0,1
B0016ZZBV6,5.0,1
B0016ZTZUE,5.0,1
B0016ZQD68,5.0,1
B0016ZNJYM,5.0,1
B0016ZMQOG,5.0,1
B0016YEKR8,4.0,1
B0016WLSIE,5.0,1
B0016WJPQ6,4.0,1
B0016WH99Q,5.0,1
B0016VEI6Y,5.0,1
B0016VCGYK,4.0,1
B0016VCFSW,5.0,1
B0016V6JR0,5.0,1
B00170D5UY,4.0,1
B00170FF2K,5.0,1
B00172IES0,5.0,1
B00170M8TI,5.0,1
B00172I5ZM,5.0,1
B00172I5U2,5.0,1
B00172I5IE,5.0,1
B00172GLG2,5.0,1
B00172E4ZW,5.0,1
B00172DINQ,4.0,1
B00172BJOQ,4.0,1
B00171IVV6,5.0,1
B00171GLJU,5.0,1
B00171GHLW,4.0,1
B00171ET1W,5.0,1
B00171EHNC,5.0,1
B00171AHE0,5.0,1
B001717IZQ,5.0,1
B0017162NU,5.0,1
B0017160SM,4.0,1
B001715TNO,5.0,1
B00171461K,5.0,1
B001712SKQ,4.0,1
B001711I5W,5.0,1
B00170ZQRE,5.0,1
B00170R0B4,5.0,1
B001792AQA,5.0,1
B001793HAI,5.0,1
B0017K7XNY,5.0,1
B0017K0EMG,5.0,1
B0017JYD10,5.0,1
B0017JVEB2,5.0,1
B0017JVDKO,4.0,1
B0017JV8U4,4.0,1
B0017JV3SG,5.0,1
B0017JV3HC,5.0,1
B0017JV2K0,5.0,1
B0017JV1BA,5.0,1
B0017JV0GG,4.0,1
B0017JUYKY,5.0,1
B0017JUY7C,5.0,1
B0017JUVCK,5.0,1
B0017JUUZS,5.0,1
B0017JUUVM,5.0,1
B0017JTJ7I,5.0,1
B0017JTE8C,5.0,1
B0017JTCLQ,5.0,1
B0017JT90U,5.0,1
B0017JT6IK,5.0,1
B0017JT6E4,5.0,1
B0017JT58G,5.0,1
B0017JT2RU,5.0,1
B0017K6GAK,5.0,1
B0017JT16C,5.0,1
B0017K81ZI,5.0,1
B0017LDBGQ,5.0,1
B0017L4U7A,5.0,1
B0017L3FBW,5.0,1
B0017L05V0,4.0,1
B0017KHYB0,5.0,1
B0017KH9PG,4.0,1
B0017KGC8G,5.0,1
B0017KGC18,5.0,1
B0017KGBUK,4.0,1
B0017KGBU0,5.0,1
B0017KG7OK,5.0,1
B0017KG7B8,5.0,1
B0017KELUC,5.0,1
B0017KELTS,5.0,1
B0017KD8C4,5.0,1
B0017KCLH2,5.0,1
B0017K8Y46,5.0,1
B0017K8HOS,5.0,1
B0017K823Y,5.0,1
B0017JSYI8,5.0,1
B001796B38,5.0,1
B0017HECSG,4.0,1
B0017HDHUU,5.0,1
B0017HDHT6,5.0,1
B0017H86MY,5.0,1
B0017H7Z94,5.0,1
B0017H09TM,4.0,1
B0017GYMD2,5.0,1
B0017GTQPG,5.0,1
B0017GOY9O,5.0,1
B0017GEICM,5.0,1
B0017GE8P4,5.0,1
B0017DQGFW,5.0,1
B0017DLG48,4.0,1
B0017DKNQ0,5.0,1
B0017DJIZW,5.0,1
B0017DI5XI,5.0,1
B0017DGTY0,4.0,1
B0017DCVYM,4.0,1
B0017CUSSO,5.0,1
B0017BF6HS,4.0,1
B0017AV8EO,5.0,1
B0017ASIOM,5.0,1
B0017AOES6,5.0,1
B001797BBY,5.0,1
B0017HDHWI,5.0,1
B0017HFMEO,5.0,1
B0017JRMWC,5.0,1
B0017HGLY4,5.0,1
B0017JRIRG,5.0,1
B0017JR8CG,5.0,1
B0017JR6K0,5.0,1
B0017JR41G,5.0,1
B0017JPFM6,5.0,1
B0017JPDOG,5.0,1
B0017JPDEQ,5.0,1
B0017JOZ0O,5.0,1
B0017JDUJQ,5.0,1
B0017J22UO,5.0,1
B0017ISBOG,4.0,1
B0017IMP70,4.0,1
B0017ICWLO,5.0,1
B0017I8UAG,5.0,1
B0017I7CFK,5.0,1
B0017I6SMS,5.0,1
B0017I52CU,5.0,1
B0017I4Z00,5.0,1
B0017I1TJ0,4.0,1
B0017I1T8G,5.0,1
B0017I1PW6,5.0,1
B0017HZUHI,4.0,1
B0017HIL6K,5.0,1
B0016SJ3D0,5.0,1
B0017LIABC,5.0,1
B0016A0GAW,5.0,1
B0016B9NA0,5.0,1
B0016B891E,5.0,1
B0016B3TPU,5.0,1
B0016B1WC2,5.0,1
B0016B1PXS,5.0,1
B0016AVCG4,5.0,1
B0016AJTTG,5.0,1
B0016AJR8Y,5.0,1
B0016A7YDY,4.0,1
B0016A7V0K,5.0,1
B0016A4SII,5.0,1
B00169ZBW6,5.0,1
B0016RD4TK,5.0,1
B00169V684,5.0,1
B00169OYF6,5.0,1
B00169NG5U,5.0,1
B00169NEVG,5.0,1
B00169ND3A,5.0,1
B00169NC9U,5.0,1
B00169NC5Y,5.0,1
B00169MELW,5.0,1
B00169M5IE,5.0,1
B00169M55M,5.0,1
B00169M3ZE,5.0,1
B0016BAEC6,5.0,1
B0016BCL68,4.0,1
B0016GGAAG,5.0,1
B0016FXK8W,5.0,1
B0016FXGSQ,5.0,1
B0016FWFEW,5.0,1
B0016FV4EY,5.0,1
B0016FTQ80,5.0,1
B0016FTOIM,5.0,1
B0016DCQ3E,5.0,1
B0016D4X62,5.0,1
B0016D0CJ4,5.0,1
B0016CUBQO,5.0,1
B0016CP1B4,5.0,1
B0016BXTZ0,4.0,1
B0016BVVJ6,5.0,1
B0016BNCES,4.0,1
B0016BJU3A,4.0,1
B0016BJQJS,5.0,1
B0016BJ4IG,5.0,1
B0016BHZ2I,5.0,1
B0016BHVZ4,5.0,1
B0016BHMOO,5.0,1
B0016BHLJK,4.0,1
B0016BHJE2,5.0,1
B00169M3DQ,5.0,1
B00169M2MI,5.0,1
B00166WFVY,5.0,1
B00166V7AO,4.0,1
B00166TVHK,5.0,1
B00166TMS8,5.0,1
B00166SZVS,5.0,1
B00166L3O4,5.0,1
B00166K8SQ,5.0,1
B00166IKWM,5.0,1
B00166HMTO,5.0,1
B00166FA4S,5.0,1
B0016664DO,5.0,1
B00166061K,5.0,1
B001652BY6,5.0,1
B00164YIQQ,5.0,1
B00164UWAC,5.0,1
B00164R7KU,5.0,1
B00164Q21K,5.0,1
B00164D6ZA,5.0,1
B001643E9I,5.0,1
B00164325O,5.0,1
B00166YKBM,5.0,1
B001677NJM,5.0,1
B00169K3F6,4.0,1
B001679RGE,5.0,1
B00169K27K,5.0,1
B00169K1T4,5.0,1
B00169K1Q2,5.0,1
B00169K18A,5.0,1
B00169K13A,5.0,1
B00169K0X6,5.0,1
B00169G2EM,5.0,1
B00169G1RU,5.0,1
B00169G19S,5.0,1
B00169181O,5.0,1
B00168ZAWI,4.0,1
B00168X60G,5.0,1
B00168BSLA,5.0,1
B001680D7A,5.0,1
B00167YXWW,5.0,1
B00167TKOI,4.0,1
B00167RSZQ,5.0,1
B0016H3T9K,4.0,1
B0016H7QDA,5.0,1
B0016P11W4,5.0,1
B0016OZG8K,4.0,1
B0016OZG7Q,5.0,1
B0016OO4VA,5.0,1
B0016NRED6,4.0,1
B0016NREBI,5.0,1
B0016NNRRS,5.0,1
B0016NEN0S,5.0,1
B0016N8A84,5.0,1
B0016N6Q9Y,5.0,1
B0016N2FS0,4.0,1
B0016MXBHU,4.0,1
B0016MOR32,5.0,1
B0016MOEF8,5.0,1
B0016MNRW4,5.0,1
B0016MM05O,5.0,1
B0016MLW6W,5.0,1
B0016MLU5U,5.0,1
B0016MLIN4,5.0,1
B0016MJSV8,4.0,1
B0016MJSSG,4.0,1
B0016M56MS,5.0,1
B0016M55QK,5.0,1
B0016M51ZK,5.0,1
B0016M50QU,5.0,1
B0016M351C,5.0,1
B0016M31H0,5.0,1
B0016M2Y0K,4.0,1
B0016P0HC4,5.0,1
B0016M26LC,5.0,1
B0016P2JFW,5.0,1
B0016QYRMO,4.0,1
B0016QYRCE,4.0,1
B0016QTR7E,5.0,1
B0016Q707S,5.0,1
B0016Q6P0Q,5.0,1
B0016Q50SY,5.0,1
B0016Q4S4G,4.0,1
B0016Q3NTC,5.0,1
B0016Q3GLW,5.0,1
B0016Q23UC,4.0,1
B0016Q05XE,5.0,1
B0016Q03IG,5.0,1
B0016Q03FY,5.0,1
B0016Q0246,5.0,1
B0016PW95C,5.0,1
B0016PO0UY,5.0,1
B0016PFEG8,5.0,1
B0016PCX6C,5.0,1
B0016PB98U,5.0,1
B0016P7FQ0,5.0,1
B0016P7FLU,5.0,1
B0016P6RHS,5.0,1
B0016H89PY,5.0,1
B0016JBEUO,5.0,1
B0016JB5MG,5.0,1
B0016JA0D6,5.0,1
B0016J9ZUK,4.0,1
B0016J7LX8,5.0,1
B0016J6YXG,5.0,1
B0016J6R4C,4.0,1
B0016J6008,4.0,1
B0016J5OFK,5.0,1
B0016J5A8G,5.0,1
B0016J4Y7O,5.0,1
B0016J2W82,5.0,1
B0016J1GWK,5.0,1
B0016IQWPM,5.0,1
B0016IQWOI,5.0,1
B0016IME40,5.0,1
B0016HOW3M,5.0,1
B0016HG00K,4.0,1
B0016HF4YI,4.0,1
B0016HBP00,5.0,1
B0016HBOSI,5.0,1
B0016HAVN2,5.0,1
B0016H89QI,4.0,1
B0016JHW8M,5.0,1
B0016K9B3U,5.0,1
B0016K9CES,5.0,1
B0016M035I,5.0,1
B0016M01Z0,5.0,1
B0016LZJHG,5.0,1
B0016LY6C0,5.0,1
B0016LY0R6,5.0,1
B0016LUHYQ,5.0,1
B0016LUHXW,5.0,1
B0016LSPV8,4.0,1
B0016LRJTW,5.0,1
B0016LPO5S,4.0,1
B0016LPK34,4.0,1
B0016L6Y20,5.0,1
B0016L6VYQ,5.0,1
B0016L5GOM,5.0,1
B0016L3PLI,5.0,1
B0016L23AM,5.0,1
B0016L22OE,4.0,1
B0016KZKMG,5.0,1
B0016KZ490,4.0,1
B0016KYW6G,4.0,1
B0016KX1SG,5.0,1
B0016KVLKQ,5.0,1
B0016KVGU6,5.0,1
B0017LLCSK,5.0,1
B0018DRFDS,4.0,1
B0018DO3EC,5.0,1
B0018DO2V6,4.0,1
B0018DN57I,4.0,1
B0018DMI80,4.0,1
B0018DM6VY,5.0,1
B0018DJEXW,5.0,1
B0018DI6NG,5.0,1
B0018DE77A,4.0,1
B0018DE69O,4.0,1
B0018DCJIY,5.0,1
B0018DCJIO,5.0,1
B0018DAUFS,5.0,1
B0018D99GE,4.0,1
B0018CI88U,5.0,1
B0018CG7MY,5.0,1
B0018CDHEU,5.0,1
B0018CCV2Y,5.0,1
B0018C9EI8,4.0,1
B0018C652Q,5.0,1
B0018C4LHC,5.0,1
B0018C3UBA,5.0,1
B0018C12TM,5.0,1
B0018C0MQ6,4.0,1
B0018E3O00,5.0,1
B0018E5BOM,5.0,1
B0018EE2EW,5.0,1
B0018KJB9C,5.0,1
B0018KBH0S,4.0,1
B0018JYG7A,5.0,1
B0018JWMN0,5.0,1
B0018JKLGA,4.0,1
B0018JJONQ,5.0,1
B0018JEZN0,5.0,1
B0018JEWIS,5.0,1
B0018J8C2A,5.0,1
B0018J0VJM,5.0,1
B0018IZQ2U,4.0,1
B0018IYVV2,5.0,1
B0018I90G8,5.0,1
B0018I15ZW,5.0,1
B0018HUHAM,5.0,1
B0018HRKZC,5.0,1
B0018HRCFU,5.0,1
B0018HNE70,5.0,1
B0018HNDT4,5.0,1
B0018GFO9W,5.0,1
B0018GF0TQ,4.0,1
B0018EKHPU,4.0,1
B0018EEZI0,5.0,1
B0018C0IOW,5.0,1
B0018C0IM4,5.0,1
B0018C0HMK,5.0,1
B0018BT952,5.0,1
B0018BPN4S,5.0,1
B0018BO9L6,5.0,1
B0018BMCTM,5.0,1
B0018BAT38,5.0,1
B0018B9LF0,4.0,1
B0018B9IU8,5.0,1
B0018B4KJM,5.0,1
B0018AZW4A,5.0,1
B0018AYJ7G,5.0,1
B0018AS2FQ,4.0,1
B0018AJP02,5.0,1
B0018ADM2O,5.0,1
B0018AAJR0,5.0,1
B0018A8N5K,5.0,1
B0018A6K7S,5.0,1
B0018A2XR4,5.0,1
B00188Z1D4,5.0,1
B00188WQ2S,4.0,1
B00188LZT8,5.0,1
B00188HMIQ,5.0,1
B00188HMH2,5.0,1
B0018BQE32,4.0,1
B0018BT9XE,5.0,1
B0018C0HDY,4.0,1
B0018BTBQY,4.0,1
B0018BYKE2,5.0,1
B0018BYJXY,5.0,1
B0018BYJIO,5.0,1
B0018BYJ4I,5.0,1
B0018BYGXW,5.0,1
B0018BYG32,5.0,1
B0018BWP6M,5.0,1
B0018BWO4K,5.0,1
B0018BWNNW,5.0,1
B0018BWMIS,4.0,1
B0018BWKAS,5.0,1
B0018BW5HG,5.0,1
B0018BVFPE,5.0,1
B0018BVDZ6,5.0,1
B0018BVDT2,5.0,1
B0018BVC7A,4.0,1
B0018BVB9O,5.0,1
B0018BTF4W,5.0,1
B0018BTEUW,4.0,1
B0018BTD1W,5.0,1
B0018KOSMM,5.0,1
B0018LBRKC,5.0,1
B0018QJV0A,5.0,1
B0018QJRUO,5.0,1
B0018QJO02,5.0,1
B0018QHY0Y,5.0,1
B0018QHXV4,5.0,1
B0018QHX8C,5.0,1
B0018QHX4Q,5.0,1
B0018QHUOO,5.0,1
B0018QHUG2,4.0,1
B0018QHSTQ,5.0,1
B0018QG58Q,5.0,1
B0018QEBIC,5.0,1
B0018QE7MM,5.0,1
B0018QE416,5.0,1
B0018QE3PS,5.0,1
B0018QE13C,5.0,1
B0018QBQ9O,5.0,1
B0018QB928,5.0,1
B0018QB3VK,5.0,1
B0018Q5PL4,4.0,1
B0018Q3T6W,4.0,1
B0018Q3RX2,5.0,1
B0018Q1PZE,5.0,1
B0018PY200,4.0,1
B0018PRAYU,4.0,1
B0018PKPF6,5.0,1
B0018QSYTO,5.0,1
B0018QUNN4,5.0,1
B0018PH1NK,5.0,1
B0018QV3EM,5.0,1
B0018TC992,5.0,1
B0018T7AE6,5.0,1
B0018SKXGE,5.0,1
B0018SE982,5.0,1
B0018SDEWY,5.0,1
B0018SAXM8,4.0,1
B0018SAIXC,5.0,1
B0018S7WO0,5.0,1
B0018S5E36,4.0,1
B0018S5DW8,5.0,1
B0018S4VHQ,5.0,1
B0018S3NPC,4.0,1
B0018RWD1I,5.0,1
B0018RK9FA,5.0,1
B0018RFJZA,5.0,1
B0018RDOCA,5.0,1
B0018RACQQ,4.0,1
B0018R951E,5.0,1
B0018R318C,4.0,1
B0018R2PCU,5.0,1
B0018QZDDO,5.0,1
B0018QXR5U,5.0,1
B0018QWOH2,5.0,1
B0018QWFIK,5.0,1
B0018QVR84,5.0,1
B0018QVR66,5.0,1
B0018PJ2EG,5.0,1
B0018PFTGQ,4.0,1
B0018LEKR4,4.0,1
B0018N5F94,5.0,1
B0018N5346,5.0,1
B0018N43H4,5.0,1
B0018N1TVC,5.0,1
B0018N1AZM,4.0,1
B0018N0WJ2,5.0,1
B0018MVU3U,5.0,1
B0018MVNKK,5.0,1
B0018MU13U,5.0,1
B0018MQK4Y,5.0,1
B0018MOTA6,5.0,1
B0018MO41A,5.0,1
B0018ML0VC,5.0,1
B0018MKBP8,5.0,1
B0018MHFF2,5.0,1
B0018ME4SS,4.0,1
B0018MBRXS,5.0,1
B0018M1VCK,5.0,1
B0018LPKTG,4.0,1
B0018LPKLO,5.0,1
B0018LNFWK,5.0,1
B0018LK3WU,4.0,1
B0018LIBBU,4.0,1
B0018LFI34,5.0,1
B0018N57TM,5.0,1
B0018N5H92,5.0,1
B0018PC0D6,5.0,1
B0018NH65U,5.0,1
B0018PBYXI,5.0,1
B0018P6DWA,5.0,1
B0018P5KS8,5.0,1
B0018P50CE,4.0,1
B0018P4FSO,5.0,1
B0018P45VG,5.0,1
B0018P42BY,5.0,1
B0018P12AI,5.0,1
B0018OTNXW,5.0,1
B0018OSPA4,5.0,1
B0018OPSWW,5.0,1
B0018OL4FM,4.0,1
B0018OHSH0,4.0,1
B0018NXIGQ,5.0,1
B0018NTKRC,5.0,1
B0018NSYU6,5.0,1
B0018NSKKA,5.0,1
B0018NRN44,5.0,1
B0018NRKT2,4.0,1
B0018NQB4C,5.0,1
B0018NP1WU,5.0,1
B0018NNY7Y,5.0,1
B0018NNW3U,4.0,1
B0018NNR9O,5.0,1
B00188HMGS,5.0,1
B00188CHAE,5.0,1
B0017QSVY8,5.0,1
B0017RAAW8,5.0,1
B0017R7YK4,4.0,1
B0017QWVQC,5.0,1
B0017QT6RY,5.0,1
B0017QT5YS,5.0,1
B0017QT2N2,5.0,1
B0017QT26E,5.0,1
B0017QSVYS,5.0,1
B00188CDDA,5.0,1
B0017QPN4Y,5.0,1
B0017QPMWM,5.0,1
B0017QPMIG,5.0,1
B0017QPLHI,5.0,1
B0017QO3P4,5.0,1
B0017QO2KA,5.0,1
B0017QNKSU,5.0,1
B0017QL8TS,5.0,1
B0017QK8I0,5.0,1
B0017QK7F4,5.0,1
B0017RDT6M,5.0,1
B0017REX5S,5.0,1
B0017RFYRO,5.0,1
B0017T1N1I,5.0,1
B0017SRE6C,5.0,1
B0017SPQP8,5.0,1
B0017SMVLK,5.0,1
B0017SBZYE,5.0,1
B0017SBZ62,5.0,1
B0017S5EZ0,5.0,1
B0017S4GXG,5.0,1
B0017S35YW,4.0,1
B0017S2NUY,5.0,1
B0017S2NOA,5.0,1
B0017RZHWQ,5.0,1
B0017RX26Y,4.0,1
B0017RV3Y2,4.0,1
B0017RSLCE,5.0,1
B0017RRYBS,5.0,1
B0017RQM02,4.0,1
B0017RPSUW,5.0,1
B0017RM2QU,5.0,1
B0017RLR3E,5.0,1
B0017RKO88,5.0,1
B0017RJEFM,5.0,1
B0017RGUG8,5.0,1
B0017RGNN8,5.0,1
B0017QF0EW,5.0,1
B0017O5T18,5.0,1
B0017M6AFY,5.0,1
B0017M4MRC,5.0,1
B0017M2DBE,5.0,1
B0017M0DZM,5.0,1
B0017LZBL4,5.0,1
B0017LXTQS,5.0,1
B0017LW8LU,5.0,1
B0017LW8II,5.0,1
B0017LW8E2,5.0,1
B0017LW7Z2,5.0,1
B0017LW7UM,5.0,1
B0017LUYAM,4.0,1
B0017LUXOO,5.0,1
B0017LUXD0,5.0,1
B0017LUVPU,5.0,1
B0017LUVC8,5.0,1
B0017LTC1Y,4.0,1
B0017LSUC6,5.0,1
B0017LQOV0,4.0,1
B0017LQOH4,5.0,1
B0017LQOCE,5.0,1
B0017LQNFW,5.0,1
B0017NA0Y0,4.0,1
B0017O61ZG,5.0,1
B0017QEG10,5.0,1
B0017OA94U,5.0,1
B0017QDHTC,5.0,1
B0017Q3U7Q,4.0,1
B0017PWOXI,5.0,1
B0017PUB3I,5.0,1
B0017PSQFI,5.0,1
B0017PS1IA,5.0,1
B0017PR4UG,5.0,1
B0017PPU98,5.0,1
B0017PHUIW,5.0,1
B0017P9GZW,5.0,1
B0017P6UUG,4.0,1
B0017P5N0Y,5.0,1
B0017P5MK0,5.0,1
B0017P458K,5.0,1
B0017P209Q,5.0,1
B0017OR1HI,5.0,1
B0017OR1H8,5.0,1
B0017OP2TW,5.0,1
B0017ONDM0,5.0,1
B0017ONANW,5.0,1
B0017OLQ06,5.0,1
B0017OIK96,5.0,1
B0017T41I0,5.0,1
B0017T96D0,5.0,1
B0017TD9DI,5.0,1
B00185PIPS,5.0,1
B00185KKK6,4.0,1
B00185G2ZI,5.0,1
B0018451T2,5.0,1
B001841HGS,5.0,1
B00183ZFV2,5.0,1
B00183YRJ8,4.0,1
B00183WDNA,5.0,1
B00183SD7U,5.0,1
B00183AB1Q,5.0,1
B001836QA6,5.0,1
B001834RRU,5.0,1
B001831D2W,5.0,1
B00182JYOM,5.0,1
B00182HUBG,4.0,1
B00182G968,5.0,1
B00182FYNC,5.0,1
B00182D94I,5.0,1
B0018235L0,4.0,1
B001821H5Q,5.0,1
B00185NQ5C,5.0,1
B00185RDVU,5.0,1
B00181ZSFW,5.0,1
B00185SNJ6,5.0,1
B001884FTK,5.0,1
B00187VN8M,5.0,1
B00187NKJM,5.0,1
B00187DJ6G,5.0,1
B00187B6CA,5.0,1
B001874YPG,5.0,1
B001874OT2,5.0,1
B001873ZCE,5.0,1
B001871DZK,5.0,1
B00186XQME,5.0,1
B00186RDM8,4.0,1
B00186OENY,5.0,1
B00186KT10,5.0,1
B00186JR7W,5.0,1
B00186EGIC,5.0,1
B00186BIM4,5.0,1
B001867M42,5.0,1
B001860B4K,5.0,1
B00185YUW0,5.0,1
B00185YC46,4.0,1
B00185UVQE,5.0,1
B001821GZ2,5.0,1
B0017TJA8Q,5.0,1
B0017X4BS6,5.0,1
B0017WW68Y,4.0,1
B0017WVUJU,5.0,1
B0017WUID4,5.0,1
B0017WSH2S,5.0,1
B0017WR89G,5.0,1
B0017WPDTS,4.0,1
B0017WJCUO,5.0,1
B0017VWL4E,4.0,1
B0017VR5WM,5.0,1
B0017VOU20,5.0,1
B0017VNJ0O,5.0,1
B0017VL9V0,4.0,1
B0017VHOXC,5.0,1
B0017UGJSE,4.0,1
B0017UDDJW,5.0,1
B0017UC168,5.0,1
B0017U9A6M,5.0,1
B0017U1OQQ,5.0,1
B0017TZ918,5.0,1
B0017TTSCO,4.0,1
B0017TSPVY,5.0,1
B0017TPXQO,5.0,1
B0017TLUNE,5.0,1
B0017X015S,5.0,1
B0017XA7XO,5.0,1
B00181ZQEK,5.0,1
B00181UJCY,5.0,1
B00181SO8A,5.0,1
B00181JH5E,5.0,1
B00181ERRW,5.0,1
B00181D8Z4,4.0,1
B00181D8A4,5.0,1
B00180USRG,4.0,1
B00180UBF0,5.0,1
B001801QWM,5.0,1
B0017ZMJI8,5.0,1
B0017ZLYP2,5.0,1
B0017ZI036,5.0,1
B0017Z5RZ0,5.0,1
B0017Z3BDA,4.0,1
B0017Z30XG,5.0,1
B0017Z0OO4,5.0,1
B0017YZKVC,5.0,1
B0017YYW52,5.0,1
B00163Y4BG,5.0,1
B00163QV9Y,5.0,1
B00163PO6K,5.0,1
B0013NC79A,5.0,1
B0013QRQCK,5.0,1
B0013QJL96,5.0,1
B0013PU7U4,5.0,1
B0013OOCG0,5.0,1
B0013OHCGC,5.0,1
B0013NXI9I,5.0,1
B0013NT8BU,4.0,1
B0013NE3JM,5.0,1
B0013NE20W,5.0,1
B0013ND5ZA,5.0,1
B0013ND3UC,5.0,1
B0013NBW9G,5.0,1
B0013FXVPW,5.0,1
B0013N893I,5.0,1
B0013N1QS8,5.0,1
B0013N1QLU,4.0,1
B0013N0CY2,4.0,1
B0013N0AI0,5.0,1
B0013MXNTE,5.0,1
B0013MWW46,4.0,1
B0013MVH2E,5.0,1
B0013MU2SY,5.0,1
B0013MU2G6,5.0,1
B0013MRRJG,5.0,1
B0013QRR10,5.0,1
B0013QYC2W,5.0,1
B0013R0L3U,5.0,1
B0013R2BKG,4.0,1
B0013THRMG,5.0,1
B0013TFWQ4,5.0,1
B0013T8AFE,5.0,1
B0013T231Q,5.0,1
B0013T1XNU,4.0,1
B0013T00D4,4.0,1
B0013SYDU6,5.0,1
B0013SV5YI,5.0,1
B0013SOVJ4,5.0,1
B0013SOVI0,5.0,1
B0013SOVH6,5.0,1
B0013SONU6,5.0,1
B0013SOMYS,5.0,1
B0013SL7G4,5.0,1
B0013SL7FA,5.0,1
B0013SJCES,4.0,1
B0013SDFD2,5.0,1
B0013S8HT4,5.0,1
B0013RSJCA,5.0,1
B0013RQW7O,5.0,1
B0013RQOYK,5.0,1
B0013RP49G,5.0,1
B0013LKZZU,5.0,1
B0013IK1LG,5.0,1
B0013IGXTK,4.0,1
B0013I56T8,5.0,1
B0013HWU5W,5.0,1
B0013HV170,5.0,1
B0013HN6E6,5.0,1
B0013HFYJG,5.0,1
B0013H8INK,5.0,1
B0013H228W,5.0,1
B0013GNAIE,5.0,1
B0013GNAG6,5.0,1
B0013GMDT6,5.0,1
B0013GFTWO,5.0,1
B0013GFECO,5.0,1
B0013GEALA,5.0,1
B0013GALZO,4.0,1
B0013GAHT4,4.0,1
B0013G8O62,5.0,1
B0013G8FZC,5.0,1
B0013G6VEO,5.0,1
B0013G6QO4,5.0,1
B0013G4S62,5.0,1
B0013G3NZ4,4.0,1
B0013G37WI,5.0,1
B0013G1UVI,5.0,1
B0013G00AK,5.0,1
B0013IM6T6,5.0,1
B0013LKZYG,5.0,1
B0013ISWG2,4.0,1
B0013LCJCW,5.0,1
B0013L9DYO,5.0,1
B0013L7HDI,5.0,1
B0013L4FX8,4.0,1
B0013L097Y,5.0,1
B0013L095G,4.0,1
B0013KXLSE,4.0,1
B0013KTM28,5.0,1
B0013KSSDW,5.0,1
B0013KEA52,5.0,1
B0013KC2V6,5.0,1
B0013KA0E2,5.0,1
B0013KA0DS,5.0,1
B0013KA0AQ,5.0,1
B0013K3FZS,5.0,1
B0013K3FYY,5.0,1
B0013JZXW2,5.0,1
B0013JNO46,5.0,1
B0013JBBOG,5.0,1
B0013J4YF4,4.0,1
B0013J3Q0S,4.0,1
B0013IZI96,5.0,1
B0013TK1OC,4.0,1
B0013TKEBW,5.0,1
B00145F8UW,5.0,1
B00145BGSA,5.0,1
B00145B77K,5.0,1
B00145B6PI,5.0,1
B0014506DQ,5.0,1
B00144UBHS,4.0,1
B00144PC72,5.0,1
B00144PC5E,5.0,1
B00144P3PS,5.0,1
B00144N3EQ,5.0,1
B00144MRO8,5.0,1
B00144I6KM,5.0,1
B00144HPL8,5.0,1
B00144G62M,5.0,1
B001443PHQ,5.0,1
B001441ZJ6,5.0,1
B001441XFM,5.0,1
B001441WX0,5.0,1
B00143WT88,5.0,1
B00143WQNG,5.0,1
B00143V5D8,5.0,1
B00143UGE2,5.0,1
B00143UGDI,5.0,1
B00143SLTO,5.0,1
B00143QAO2,5.0,1
B00143OF2G,5.0,1
B00142RO7K,5.0,1
B00145DXPO,5.0,1
B00142PYMM,4.0,1
B00146B396,5.0,1
B0014AYODY,5.0,1
B0014AYG6Y,5.0,1
B0014AX458,5.0,1
B0014AWKN0,4.0,1
B0014AWI7I,5.0,1
B0014AUZBE,5.0,1
B0014AUSCU,5.0,1
B0014AU7ZI,5.0,1
B0014ATVDM,4.0,1
B0014ATINU,5.0,1
B0014ATGSC,5.0,1
B0014AR7CE,5.0,1
B0014APH7Q,4.0,1
B00149WZFE,5.0,1
B00149U6QY,4.0,1
B00149U6IW,5.0,1
B00149RO78,5.0,1
B00149OM7S,5.0,1
B00149NV0M,4.0,1
B00149GFLO,4.0,1
B00148RKM8,5.0,1
B00147XG7W,5.0,1
B00147ISCU,5.0,1
B00146ERQ2,5.0,1
B00142Q002,5.0,1
B00142PVBG,5.0,1
B0013TNMEI,5.0,1
B0013YTSBO,5.0,1
B0013YRKRI,5.0,1
B0013YQ2NQ,4.0,1
B0013Y79MY,5.0,1
B0013Y73FW,5.0,1
B0013Y70DW,5.0,1
B0013Y6D94,4.0,1
B0013XNI70,5.0,1
B0013XI22Q,5.0,1
B0013WKP4A,5.0,1
B0013WJOYC,5.0,1
B0013WJAHI,4.0,1
B0013WI0EC,5.0,1
B0013WED6G,5.0,1
B0013VHC24,4.0,1
B0013VEJMU,5.0,1
B0013VD9S0,5.0,1
B0013V8LCY,5.0,1
B0013V0SAW,5.0,1
B0013UZ8YE,5.0,1
B0013UXFVC,5.0,1
B0013URQQM,5.0,1
B0013TZKT8,5.0,1
B0013TQW4A,5.0,1
B0013YTCDS,5.0,1
B0013YU44E,5.0,1
B00142I5UU,5.0,1
B0013Z0IQW,5.0,1
B00142FYUO,5.0,1
B00142E5SG,5.0,1
B001429YIC,5.0,1
B001428WYO,5.0,1
B001426V4C,5.0,1
B00141VFT4,5.0,1
B00141DCPY,5.0,1
B00141DB6E,4.0,1
B00140Z6PE,4.0,1
B00140XDK4,5.0,1
B00140QWPW,5.0,1
B00140P70I,5.0,1
B00140N8BI,5.0,1
B00140N7U0,5.0,1
B0013ZGS6Q,5.0,1
B0013ZEOYY,4.0,1
B0013ZASRG,5.0,1
B0013Z9IKY,5.0,1
B0013Z9IK4,5.0,1
B0013Z41S8,5.0,1
B0013Z3RAG,5.0,1
B0013Z1P0U,5.0,1
B0013FW9GO,5.0,1
B00163OW68,5.0,1
B0013AJO62,5.0,1
B0013B2H24,5.0,1
B0013B210C,5.0,1
B0013B03IE,5.0,1
B0013B01KO,5.0,1
B0013AV7A8,5.0,1
B0013AV6X6,5.0,1
B0013APGQE,5.0,1
B0013ANTPE,5.0,1
B0013AL9G0,5.0,1
B0013FSN28,5.0,1
B0013AG122,5.0,1
B0013AG0GO,5.0,1
B00139ZWJQ,5.0,1
B00139ZE6M,5.0,1
B00139YIG4,5.0,1
B00139VO6Q,5.0,1
B00139UCNC,4.0,1
B00139UABG,5.0,1
B00139M87K,5.0,1
B00139L3AS,5.0,1
B0013B2H7E,5.0,1
B0013B2H8I,5.0,1
B0013B2XWI,5.0,1
B0013B3CSW,5.0,1
B0013CTX6G,5.0,1
B0013CTWOE,4.0,1
B0013CTUK0,5.0,1
B0013CTTN8,4.0,1
B0013COM2G,5.0,1
B0013CJH8K,5.0,1
B0013CJ6PO,5.0,1
B0013CDZZ6,5.0,1
B0013CBVCA,5.0,1
B0013CBU12,5.0,1
B0013C6BT8,5.0,1
B0013BWSIC,5.0,1
B0013BUNT8,5.0,1
B0013BTRQ8,5.0,1
B0013BPPZU,5.0,1
B0013BM7R4,5.0,1
B0013BL53Q,4.0,1
B0013BCE4U,5.0,1
B0013B8B6U,5.0,1
B0013B6SQU,5.0,1
B0013B69VO,5.0,1
B0013B48LM,5.0,1
B00139L0HY,5.0,1
B00139KOIU,5.0,1
B001364J66,5.0,1
B001362G0M,5.0,1
B001362FRQ,5.0,1
B001362FN0,4.0,1
B001360GHW,5.0,1
B00135RFI6,5.0,1
B00135NDZA,5.0,1
B00135MUEA,5.0,1
B00135HMZW,5.0,1
B00135FHIQ,5.0,1
B00135DM38,5.0,1
B001358BOI,5.0,1
B0013537A6,5.0,1
B00134XBD0,5.0,1
B00134WXKC,5.0,1
B00134WTFG,4.0,1
B00134VC4U,4.0,1
B00134THQK,4.0,1
B00134S4W8,5.0,1
B00134Q0CO,5.0,1
B00134PV0Q,5.0,1
B00134PIJA,5.0,1
B00134O5MQ,5.0,1
B00134MPB4,5.0,1
B00134M50A,5.0,1
B00134M3IY,5.0,1
B0013664XW,5.0,1
B00139EUGC,5.0,1
B00139EUF8,5.0,1
B001395GBK,5.0,1
B001394KGW,5.0,1
B001392KNW,5.0,1
B001392GJK,5.0,1
B001391O2A,5.0,1
B00138Y04K,5.0,1
B00138R0XI,5.0,1
B00138P5C6,5.0,1
B00138KURQ,5.0,1
B0013897M0,5.0,1
B001384FC2,5.0,1
B00137WF20,5.0,1
B00137WCH8,5.0,1
B00137WBWY,4.0,1
B00137UEWI,5.0,1
B00137SDBW,4.0,1
B00137QAG2,5.0,1
B00137PL2G,5.0,1
B00137KWJS,5.0,1
B00137BYB8,5.0,1
B00136U5I2,5.0,1
B001366M9I,4.0,1
B001366JFA,5.0,1
B0013CVK9Y,5.0,1
B0013CVKUI,4.0,1
B0013FG6W2,5.0,1
B0013FG5CI,5.0,1
B0013FG57S,5.0,1
B0013FG53W,5.0,1
B0013FG3Z2,5.0,1
B0013FFYXE,5.0,1
B0013FFUR4,5.0,1
B0013FE6N8,5.0,1
B0013FDWII,4.0,1
B0013FDUF8,5.0,1
B0013FDM8I,5.0,1
B0013F7LFI,5.0,1
B0013F2D9C,5.0,1
B0013ES612,5.0,1
B0013ENXLU,4.0,1
B0013ENXLA,5.0,1
B0013ENXH4,5.0,1
B0013ENX9W,5.0,1
B0013EMDYS,5.0,1
B0013EM70S,5.0,1
B0013ELHE0,5.0,1
B0013EKXDQ,5.0,1
B0013FG6OK,5.0,1
B0013EKRE6,5.0,1
B0013FH680,5.0,1
B0013FP8BM,5.0,1
B0013FP16Y,5.0,1
B0013FOUR0,5.0,1
B0013FNB84,4.0,1
B0013FNB7U,5.0,1
B0013FMRVG,5.0,1
B0013FL9OW,5.0,1
B0013FKYZM,5.0,1
B0013FKXYO,5.0,1
B0013FKTCA,5.0,1
B0013FKSSK,5.0,1
B0013FKNNK,5.0,1
B0013FKMWW,5.0,1
B0013FJ56G,5.0,1
B0013FJ0XO,5.0,1
B0013FIY4K,5.0,1
B0013FIX0A,5.0,1
B0013FIWU6,5.0,1
B0013FHFN6,4.0,1
B0013FHEO6,5.0,1
B0013FHEKA,5.0,1
B0013FHCXE,5.0,1
B0013FH8E2,5.0,1
B0013FH82O,5.0,1
B0013EKSD6,5.0,1
B0013EKPOS,5.0,1
B0013CVO4U,5.0,1
B0013D1BLK,4.0,1
B0013D17J6,5.0,1
B0013D16CO,5.0,1
B0013D16AG,4.0,1
B0013D15UC,5.0,1
B0013D15KC,5.0,1
B0013CZPIG,4.0,1
B0013CZARC,4.0,1
B0013CZ9I2,5.0,1
B0013CZ9DW,5.0,1
B0013CZ76G,5.0,1
B0013CZ4Y6,5.0,1
B0013CZ4P0,5.0,1
B0013CZ3M4,5.0,1
B0013CZ34C,5.0,1
B0013CXDBM,4.0,1
B0013CXD08,4.0,1
B0013CXCXG,5.0,1
B0013CXBN2,5.0,1
B0013CXB3M,5.0,1
B0013CXADS,5.0,1
B0013CVQKC,5.0,1
B0013D1C8W,4.0,1
B0013EKOTO,5.0,1
B0013EKOR6,5.0,1
B0013EJP6M,5.0,1
B0013EJL2U,5.0,1
B0013EJ4N6,5.0,1
B0013EJ2S8,5.0,1
B0013EIX8S,5.0,1
B0013EIV1M,5.0,1
B0013EITEG,5.0,1
B0013EHX0C,5.0,1
B0013EH00A,5.0,1
B0013EGWNQ,4.0,1
B0013EGU8I,5.0,1
B0013EGTW0,5.0,1
B0013EFCB4,4.0,1
B0013EF2H8,5.0,1
B0013EF1DS,5.0,1
B0013EBLNC,5.0,1
B0013E6C8G,4.0,1
B0013E65GU,5.0,1
B0013E2R6C,5.0,1
B0013DZA9O,5.0,1
B0013DV462,5.0,1
B0013DU6KW,5.0,1
B0013DU3Y6,5.0,1
B0013DFHI8,5.0,1
B0013D79CK,5.0,1
B0014B0C8E,5.0,1
B0014B0D2E,5.0,1
B0014B0HXE,5.0,1
B0015KAN1K,5.0,1
B0015KHKWU,5.0,1
B0015KHGK6,5.0,1
B0015KDZRY,5.0,1
B0015KDOAM,5.0,1
B0015KDNJ4,5.0,1
B0015KDN1M,5.0,1
B0015KDLZ0,5.0,1
B0015KCR1O,4.0,1
B0015KAMDY,5.0,1
B0014B0RDY,5.0,1
B0015K1KHQ,5.0,1
B0015JU136,4.0,1
B0015JTKZG,5.0,1
B0015JLAX6,5.0,1
B0015JAVOU,4.0,1
B0015J0XNY,5.0,1
B0015IVA6E,5.0,1
B0015IG4KG,5.0,1
B0015I36CA,5.0,1
B0015I0SRG,5.0,1
B0015KI0UG,5.0,1
B0015KIJF2,5.0,1
B0015KINIK,5.0,1
B0015PYBZY,5.0,1
B0015PH9IA,4.0,1
B0015OJE20,5.0,1
B0015OINNQ,5.0,1
B0015OFDTI,5.0,1
B0015O81VK,5.0,1
B0015NOT76,5.0,1
B0015N9WIM,5.0,1
B0015MU098,5.0,1
B0015MTZK8,5.0,1
B0015MQZTM,4.0,1
B0015MQUJ2,5.0,1
B0015MOQ3O,5.0,1
B0015MLMV8,5.0,1
B0015MG4FM,5.0,1
B0015M4GO8,5.0,1
B0015LUVD4,5.0,1
B0015LIY88,5.0,1
B0015KZ6BW,5.0,1
B0015KXNPS,5.0,1
B0015KT1UE,5.0,1
B0015KS6BO,5.0,1
B0015KNR0Y,5.0,1
B0015KITJI,4.0,1
B0015HZB7Y,5.0,1
B0015HXJR8,4.0,1
B00159X2LE,4.0,1
B00159CBVQ,5.0,1
B00159AIOI,5.0,1
B00158WRYI,5.0,1
B00158WANG,5.0,1
B00158URJU,5.0,1
B00158U5AG,5.0,1
B00158SRQU,5.0,1
B00158QS5W,5.0,1
B00158QGG8,4.0,1
B00158Q0Q4,5.0,1
B00158OODA,5.0,1
B00158OFO8,5.0,1
B00158IMDI,5.0,1
B00158DMRO,4.0,1
B00157UN9A,5.0,1
B00155T406,4.0,1
B00155O19U,5.0,1
B00155HXN6,5.0,1
B00155GJUE,5.0,1
B00154U898,4.0,1
B00154T1OQ,5.0,1
B00159L4BE,5.0,1
B00159ZNB6,5.0,1
B0015A4IFM,4.0,1
B0015HKL7O,5.0,1
B0015HKJUS,5.0,1
B0015H49MM,5.0,1
B0015GTS2O,5.0,1
B0015GKO5E,5.0,1
B0015GHKFQ,5.0,1
B0015GFOW2,4.0,1
B0015G5Y0Y,4.0,1
B0015G4400,4.0,1
B0015ETAGU,5.0,1
B0015E5VYK,5.0,1
B0015E5UFA,5.0,1
B0015DYMHI,5.0,1
B0015DWOAU,5.0,1
B0015DVKK0,5.0,1
B0015DTL10,5.0,1
B0015DQDOI,5.0,1
B0015DHI42,5.0,1
B0015DFFL0,5.0,1
B0015DCQ3K,5.0,1
B0015CUFTS,5.0,1
B0015CSFGS,5.0,1
B0015AHWB4,5.0,1
B0015QAYFE,5.0,1
B0015QGXQS,5.0,1
B0015QJDHE,5.0,1
B001615ZWK,5.0,1
B001615Z9S,5.0,1
B00160U5LW,4.0,1
B00160LM46,5.0,1
B00160JOIW,4.0,1
B0015ZUFOA,4.0,1
B0015ZGWWE,5.0,1
B0015Z7A52,5.0,1
B0015Z5PJA,5.0,1
B0015Z4M6W,5.0,1
B0015Z2NC2,5.0,1
B0015Z1XJQ,5.0,1
B0015Z1OMM,5.0,1
B0015Z04J6,5.0,1
B0015YZC8K,5.0,1
B0015YU9HO,5.0,1
B0015YTYS4,5.0,1
B0015YPJ60,5.0,1
B0015YIVBK,4.0,1
B0015YD6TM,5.0,1
B0015Y9ALU,5.0,1
B0015Y6XCO,5.0,1
B0015XYQVA,4.0,1
B001617TQK,4.0,1
B001617U5A,4.0,1
B0015XWV58,5.0,1
B00163OTWA,5.0,1
B00163NKVG,5.0,1
B00163NKKM,5.0,1
B00163LCR0,5.0,1
B00163JJH0,5.0,1
B00163HBPW,4.0,1
B001633CIW,5.0,1
B00162NOGI,5.0,1
B00162KHU4,4.0,1
B00162CW0C,5.0,1
B00162B46A,5.0,1
B00161MB5O,5.0,1
B00161JILY,5.0,1
B00161DUWM,5.0,1
B00161DE6E,5.0,1
B00161D6JY,5.0,1
B00161D3HY,5.0,1
B00161AP9I,5.0,1
B001617ZSC,5.0,1
B001617UZ0,5.0,1
B0015XYQR4,5.0,1
B0015TDIWM,5.0,1
B0015TDI2C,5.0,1
B0015TDDX6,5.0,1
B0015TCRDI,5.0,1
B0015TBGH6,4.0,1
B0015TBAD6,5.0,1
B0015T97A4,5.0,1
B0015T8BZG,5.0,1
B0015SZLK0,4.0,1
B0015SXZ3U,5.0,1
B0015SXYEK,5.0,1
B0015SVWSU,5.0,1
B0015S881E,5.0,1
B0015RD0PY,4.0,1
B0015RBYRU,4.0,1
B0015R9S9Q,5.0,1
B0015R5EBW,5.0,1
B0015R3TH8,5.0,1
B0015QWWU4,5.0,1
B0015QUUNK,5.0,1
B0015TEG6E,5.0,1
B0015TF6RC,5.0,1
B0015XWPJA,4.0,1
B0015TGKPE,4.0,1
B0015XSQUC,5.0,1
B0015XQJ88,5.0,1
B0015XN6X4,5.0,1
B0015XF2CW,4.0,1
B0015XA8QC,5.0,1
B0015X83SW,5.0,1
B0015WUQXS,5.0,1
B0015WUCKA,5.0,1
B0015WS8Q0,5.0,1
B0015WOW1U,5.0,1
B0015VW3V2,5.0,1
B0015VNFGE,5.0,1
B0015VE9M8,4.0,1
B0015VAXT6,5.0,1
B0015V2HNQ,5.0,1
B0015UZ9Y6,4.0,1
B0015UYC1M,5.0,1
B0015UP6I0,4.0,1
B0015UHB3I,5.0,1
B0015U34IY,5.0,1
B0015TGQ9Y,5.0,1
B00154P37U,5.0,1
B0014JSZ2Q,4.0,1
B0014JSYIG,5.0,1
B0014JRT0U,5.0,1
B0014JR04K,4.0,1
B0014JPQP0,4.0,1
B0014JNG3O,5.0,1
B0014JMRZW,5.0,1
B0014JJR32,5.0,1
B0014HR3WG,5.0,1
B0014HR30I,4.0,1
B0014HP0AI,5.0,1
B0014HMZ88,5.0,1
B0014HKS28,5.0,1
B0014HHK2Y,5.0,1
B0014HASLE,5.0,1
B0014H7F8S,4.0,1
B0014H7F8I,5.0,1
B0014GV8FA,5.0,1
B0014GRO4O,5.0,1
B0014GFRD4,4.0,1
B0014JT4EO,5.0,1
B0014JT4SU,4.0,1
B0014FR7YW,5.0,1
B0014JTEX0,5.0,1
B0014LW9EY,5.0,1
B0014LVWHE,5.0,1
B0014LTM2Q,4.0,1
B0014LQ9KE,5.0,1
B0014KT0J2,5.0,1
B0014KRL0C,5.0,1
B0014KPV7C,5.0,1
B0014KNZCA,4.0,1
B0014KNQGK,5.0,1
B0014KNBLA,5.0,1
B0014KM2JC,5.0,1
B0014KLSRY,5.0,1
B0014KLQM6,5.0,1
B0014KIZ3E,4.0,1
B0014K3VRO,5.0,1
B0014K3T30,5.0,1
B0014K3O9Y,5.0,1
B0014K0I7U,4.0,1
B0014JY6ZQ,5.0,1
B0014JXZ6W,5.0,1
B0014JV86G,5.0,1
B0014JV816,5.0,1
B0014FY4VG,5.0,1
B0014FDAGG,5.0,1
B0014LZUV8,4.0,1
B0014C9SVK,5.0,1
B0014C8CO4,5.0,1
B0014C7NE4,5.0,1
B0014C7N80,5.0,1
B0014C7N44,5.0,1
B0014C7N2Q,5.0,1
B0014C6QQ0,5.0,1
B0014C6H2S,5.0,1
B0014C6G0G,4.0,1
B0014C5GCA,5.0,1
B0014C4GEO,4.0,1
B0014C4G26,5.0,1
B0014C4G12,5.0,1
B0014C4G0S,4.0,1
B0014C4G08,5.0,1
B0014C11F6,5.0,1
B0014C0AA8,5.0,1
B0014BYNKC,5.0,1
B0014BWCDC,5.0,1
B0014BJ15Y,5.0,1
B0014BB6WK,5.0,1
B0014B9BTK,5.0,1
B0014B5D60,5.0,1
B0014B2PES,5.0,1
B0014C9SQK,5.0,1
B0014C9T0A,5.0,1
B0014FDA8Y,5.0,1
B0014FBL2Q,5.0,1
B0014F803E,5.0,1
B0014F8002,4.0,1
B0014F68HY,5.0,1
B0014F68CY,5.0,1
B0014F30S4,5.0,1
B0014EW2Q6,5.0,1
B0014EBGQI,5.0,1
B0014DZRBY,5.0,1
B0014DYENG,5.0,1
B0014DYD46,4.0,1
B0014DTYHM,5.0,1
B0014DS540,5.0,1
B0014DP6RY,5.0,1
B0014DJ06W,5.0,1
B0014DBW22,5.0,1
B0014D44DQ,5.0,1
B0014D30F4,5.0,1
B0014CO28Y,5.0,1
B0014CBV10,4.0,1
B0014CBUXE,5.0,1
B0014CAKKI,5.0,1
B0014LY9PG,5.0,1
B0014M00WQ,5.0,1
B00152VPNS,5.0,1
B00152VMO0,4.0,1
B00152UPQQ,5.0,1
B00152ULOM,5.0,1
B00152UJYY,5.0,1
B00152UJQW,5.0,1
B00152TN5K,5.0,1
B00152TLRU,5.0,1
B00152T5LM,5.0,1
B00152T4A4,5.0,1
B00152T44A,5.0,1
B00152T1NY,5.0,1
B00152T0OO,5.0,1
B00152SJLE,5.0,1
B00152S806,5.0,1
B00152S7W0,5.0,1
B00152S7RA,5.0,1
B00152S66C,4.0,1
B00152S42S,5.0,1
B00152RYWE,5.0,1
B00152RYMY,5.0,1
B00152D0N6,5.0,1
B001526HPE,5.0,1
B00152VMP4,5.0,1
B00152VTUM,5.0,1
B00150V008,4.0,1
B001540XWK,5.0,1
B00153EPXE,5.0,1
B00153D1F2,5.0,1
B00153BI4I,5.0,1
B00153BHOY,5.0,1
B00153AAP6,5.0,1
B001539ELC,4.0,1
B0015359BQ,5.0,1
B0015347UA,5.0,1
B001531U8M,5.0,1
B001530538,5.0,1
B0015304HK,5.0,1
B0015300VA,5.0,1
B00152ZZLQ,5.0,1
B00152ZXYA,4.0,1
B00152ZXTK,4.0,1
B00152ZWJG,5.0,1
B00152ZPPM,5.0,1
B00152YHNI,5.0,1
B00152WM08,5.0,1
B00152WAMS,5.0,1
B00152W4DI,5.0,1
B00152W230,5.0,1
B00152VYPM,5.0,1
B00152VXXK,5.0,1
B00152VXXA,5.0,1
B00150T848,4.0,1
B0014MRB3M,5.0,1
B0014X7B2C,5.0,1
B0014WMY7U,5.0,1
B0014WMY4S,5.0,1
B0014WL4LC,5.0,1
B0014WC1DM,4.0,1
B0014W5ZTO,5.0,1
B0014W2E3O,4.0,1
B0014W2BUA,5.0,1
B0014W0KDA,5.0,1
B0014VMUO8,5.0,1
B0014UP4RY,5.0,1
B0014UJCFO,5.0,1
B0014TQHX0,4.0,1
B0014TMT0A,5.0,1
B0014TFNOO,5.0,1
B0014TC1PS,5.0,1
B0014SSW1G,5.0,1
B0014SP8TK,5.0,1
B0014RBRAK,5.0,1
B0014RA61Q,5.0,1
B0014R4PAE,5.0,1
B0014O3ANU,5.0,1
B0014O2QGW,4.0,1
B0014NXLEY,5.0,1
B0014NVUT2,5.0,1
B0014MSUI2,5.0,1
B0014WQN22,5.0,1
B0014X7V7W,5.0,1
B00150IWZO,5.0,1
B00150GOZO,5.0,1
B00150GNUU,5.0,1
B00150B4ZY,5.0,1
B001507VFG,5.0,1
B0014ZWIPA,5.0,1
B0014ZR2XI,5.0,1
B0014ZP2UI,5.0,1
B0014ZP1EK,4.0,1
B0014ZN85E,4.0,1
B0014ZG6U8,5.0,1
B0014ZE45M,5.0,1
B0014Z1HXE,5.0,1
B0014Z0OI8,5.0,1
B0014YYTEO,4.0,1
B0014YK1U0,5.0,1
B0014YHLRQ,5.0,1
B0014Y1IPC,5.0,1
B0014XVQUA,5.0,1
B0014XRJJC,4.0,1
B0014XMX16,5.0,1
B0014XJL9I,4.0,1
B0014XEI1O,5.0,1
B0014XCQP4,4.0,1
B0014XCLIQ,4.0,1
B0014XAGMO,5.0,1
B0014X940O,5.0,1
B000QG5QJI,5.0,1
B000QFV8SM,5.0,1
B000QFPLQM,5.0,1
B000QFCKUW,5.0,1
B000QF92M6,5.0,1
B000QF8YYS,5.0,1
B000QF8AL0,5.0,1
B000QF89VG,5.0,1
B000QF89JI,5.0,1
B000QF7CEQ,5.0,1
B000QF7A2A,5.0,1
B000QF6SD2,5.0,1
B000QF6LIE,5.0,1
B000QF6K8K,5.0,1
B000QF5Q44,5.0,1
B000Q6MK3I,5.0,1
B000QF5HLQ,5.0,1
B000QF5018,4.0,1
B000QF4TUG,5.0,1
B000QF4TO2,5.0,1
B000QF4THY,5.0,1
B000QF4T4M,5.0,1
B000QF3SN0,5.0,1
B000QF39XO,5.0,1
B000QF38VW,5.0,1
B000QF38OY,5.0,1
B000QESX0Y,5.0,1
B000QEC5WQ,5.0,1
B000QEBGVC,5.0,1
B000QG5RAG,5.0,1
B000QG7ERK,4.0,1
B000QG7F24,5.0,1
B000QGGFB6,5.0,1
B000QM9MCE,5.0,1
B000QM7W4Y,4.0,1
B000QKUUSQ,5.0,1
B000QKL69I,4.0,1
B000QJJD26,5.0,1
B000QJGXJM,5.0,1
B000QJGONC,5.0,1
B000QJF4LU,5.0,1
B000QJF2K8,5.0,1
B000QJDGRY,5.0,1
B000QHSFOU,5.0,1
B000QHRBW2,5.0,1
B000QHPRC8,5.0,1
B000QHPQSS,5.0,1
B000QHO0P8,5.0,1
B000QHO0L2,5.0,1
B000QHO0BC,5.0,1
B000QHMX7A,5.0,1
B000QHD69O,5.0,1
B000QHCDXO,5.0,1
B000QHBWSG,5.0,1
B000QH017Y,5.0,1
B000QGZLUM,5.0,1
B000QGW0E2,5.0,1
B000QEAPH8,5.0,1
B000QE5M26,5.0,1
B000Q8SM9W,5.0,1
B000Q8SDM8,5.0,1
B000Q8QBN6,5.0,1
B000Q8NDEQ,5.0,1
B000Q8FJJS,5.0,1
B000Q8C4ZA,5.0,1
B000Q8C4UU,4.0,1
B000Q89QQ0,4.0,1
B000Q85OKM,4.0,1
B000Q826JE,5.0,1
B000Q81230,5.0,1
B000Q7XD0Q,5.0,1
B000Q7WL2C,5.0,1
B000Q7VQOG,5.0,1
B000Q7VP4W,4.0,1
B000Q7VNAI,5.0,1
B000Q7VCXQ,5.0,1
B000Q7U8VS,5.0,1
B000Q7OW2O,5.0,1
B000Q7JZ4E,5.0,1
B000Q7J2RE,5.0,1
B000Q7CP2I,5.0,1
B000Q7B7L8,5.0,1
B000Q78H0W,5.0,1
B000Q71G3C,5.0,1
B000Q6V70A,4.0,1
B000Q6UEN6,5.0,1
B000Q8SG9S,5.0,1
B000QDYID6,5.0,1
B000QDY07K,5.0,1
B000QDXQFC,5.0,1
B000QDFWY0,5.0,1
B000QDD85U,5.0,1
B000QD5K9C,5.0,1
B000QCQUHO,5.0,1
B000QCFUJS,5.0,1
B000QC7DXY,5.0,1
B000QC11U0,5.0,1
B000QBNR3A,5.0,1
B000QBNM1M,5.0,1
B000QBFI8W,5.0,1
B000QB1BWO,4.0,1
B000QAXSA8,5.0,1
B000QAUHB6,5.0,1
B000QALASA,5.0,1
B000QA2AYS,5.0,1
B000Q9RQSO,5.0,1
B000Q9BAE0,5.0,1
B000Q9994S,4.0,1
B000Q989EY,5.0,1
B000QN2WGQ,5.0,1
B000QORUNA,5.0,1
B000QRAXPY,5.0,1
B000QX5CXQ,5.0,1
B000QWXWXO,5.0,1
B000QWQG14,5.0,1
B000QWA9FS,5.0,1
B000QW5PU2,5.0,1
B000QW5PPW,5.0,1
B000QW2B0O,5.0,1
B000QVBG7E,5.0,1
B000QVBETO,5.0,1
B000QVBE7Q,5.0,1
B000QV9QH6,5.0,1
B000QV9PXQ,5.0,1
B000QV9NA6,4.0,1
B000QV9KKY,5.0,1
B000QV8D48,5.0,1
B000QV73WG,5.0,1
B000QV4RP2,4.0,1
B000QV4RJS,5.0,1
B000QV4RB6,5.0,1
B000QV4Q9E,5.0,1
B000QV4JI2,5.0,1
B000QV2Y98,5.0,1
B000QV2P4C,5.0,1
B000QV2NUI,5.0,1
B000QX7E8C,4.0,1
B000QV0VLG,5.0,1
B000QX8XS2,5.0,1
B000QYKBDQ,5.0,1
B000QYJM8G,5.0,1
B000QYCXQO,4.0,1
B000QY6KQ8,5.0,1
B000QY6ILK,5.0,1
B000QY3DG8,5.0,1
B000QY1I1A,4.0,1
B000QXKMZE,4.0,1
B000QXG7Y4,5.0,1
B000QXG514,4.0,1
B000QXG1DQ,5.0,1
B000QXG1AY,5.0,1
B000QXEMV4,5.0,1
B000QXEL56,5.0,1
B000QXEKHU,5.0,1
B000QXEG5Q,5.0,1
B000QXDXYQ,5.0,1
B000QXASWG,5.0,1
B000QXAPO2,5.0,1
B000QXAKXI,5.0,1
B000QXAJVG,5.0,1
B000QXA1U0,5.0,1
B000QX91M4,5.0,1
B000QX90R0,5.0,1
B000QV22O0,5.0,1
B000QV0VD4,5.0,1
B000QUAJU0,4.0,1
B000QUAJHS,5.0,1
B000QU8UYW,5.0,1
B000QU6WS8,4.0,1
B000QU6V02,5.0,1
B000QU695O,5.0,1
B000QU5PHW,4.0,1
B000QU5BOY,5.0,1
B000QU4T8S,5.0,1
B000QU1634,4.0,1
B000QU0UCC,5.0,1
B000QTX6QK,5.0,1
B000QTO2GS,5.0,1
B000QTF1HW,5.0,1
B000QTD3EA,5.0,1
B000QSX9UY,5.0,1
B000QSRZKY,5.0,1
B000QSPDT4,5.0,1
B000QSO4ZS,5.0,1
B000QSNRZG,5.0,1
B000QSLV6S,5.0,1
B000QSA5OC,5.0,1
B000QSA5NI,5.0,1
B000QS59QQ,5.0,1
B000QS3AP8,5.0,1
B000QUAJT6,5.0,1
B000QUAJUA,4.0,1
B000QV08UU,4.0,1
B000QV04F4,4.0,1
B000QUZJI2,5.0,1
B000QUZIF6,5.0,1
B000QUZIBA,4.0,1
B000QUZHN4,5.0,1
B000QUZHMU,4.0,1
B000QUPQP8,5.0,1
B000QUNEHA,4.0,1
B000QUNE5C,5.0,1
B000QUNE0C,5.0,1
B000QUKAXQ,4.0,1
B000QUJNCU,4.0,1
B000QUJN5W,5.0,1
B000QUJN2A,5.0,1
B000QUJB8G,5.0,1
B000QUIASS,5.0,1
B000QUHNGI,5.0,1
B000Q6SHEE,5.0,1
B000Q6KZUS,5.0,1
B000PU3AX4,5.0,1
B000PTIMCO,5.0,1
B000PSYZDK,5.0,1
B000PSWRM6,5.0,1
B000PSUWEG,4.0,1
B000PSTJGI,5.0,1
B000PSRQBS,5.0,1
B000PSR05K,5.0,1
B000PSDE6E,5.0,1
B000PS9WUQ,5.0,1
B000PRZTTA,5.0,1
B000Q6JVY4,5.0,1
B000PRWOYS,5.0,1
B000PRE4VY,5.0,1
B000PR9GYY,4.0,1
B000PR7M6S,4.0,1
B000PR7KOM,5.0,1
B000PR43Q0,5.0,1
B000PQKBZS,4.0,1
B000PQICOU,5.0,1
B000PQDC0E,5.0,1
B000PQ056S,5.0,1
B000PU56V8,5.0,1
B000PU65XQ,5.0,1
B000PUB2IY,5.0,1
B000PWLRRS,5.0,1
B000PWK882,5.0,1
B000PWH5OC,4.0,1
B000PWE4GO,5.0,1
B000PWA8PA,5.0,1
B000PW8E9M,4.0,1
B000PW3BI6,5.0,1
B000PW37N0,5.0,1
B000PW1THG,5.0,1
B000PW0HP6,5.0,1
B000PVY6MC,5.0,1
B000PVWS0O,5.0,1
B000PVW5IE,5.0,1
B000PVUAWC,5.0,1
B000PVKY0U,4.0,1
B000PVJDFC,5.0,1
B000PVF06S,5.0,1
B000PUV8M4,5.0,1
B000PUTK8I,5.0,1
B000PUS5OS,5.0,1
B000PUQPQ8,5.0,1
B000PUG7MA,5.0,1
B000PUCGRK,5.0,1
B000PUCFQW,5.0,1
B000POYVA6,5.0,1
B000POUOIO,5.0,1
B000POU4AM,5.0,1
B000PIHD98,5.0,1
B000PIGRY0,5.0,1
B000PI52QE,5.0,1
B000PI3XII,5.0,1
B000PI39Q4,4.0,1
B000PI38S8,5.0,1
B000PI385Q,5.0,1
B000PI35W2,5.0,1
B000PI34O6,5.0,1
B000PI3112,5.0,1
B000PI30FO,4.0,1
B000PI2VKO,5.0,1
B000PI1GK0,5.0,1
B000PI1D80,5.0,1
B000PI183A,5.0,1
B000PI17P4,5.0,1
B000PI16YQ,5.0,1
B000PI16XC,5.0,1
B000PI16VO,4.0,1
B000PI0WCI,5.0,1
B000PI0VSS,5.0,1
B000PI0UQG,5.0,1
B000PI0UKW,5.0,1
B000PHZVFC,5.0,1
B000PILALU,5.0,1
B000PIMI3Y,5.0,1
B000POSD3C,5.0,1
B000PIMMCG,5.0,1
B000PO3EV8,5.0,1
B000PO3CHO,5.0,1
B000PNZYU8,5.0,1
B000PNELV6,4.0,1
B000PLSA1A,5.0,1
B000PL3WCC,4.0,1
B000PL2LDS,5.0,1
B000PL2LAQ,5.0,1
B000PL2ELC,5.0,1
B000PL0NP6,4.0,1
B000PKYCL8,5.0,1
B000PKYC9K,5.0,1
B000PKWARG,4.0,1
B000PKJZ10,5.0,1
B000PKFHDU,5.0,1
B000PKERJA,5.0,1
B000PK4XTE,5.0,1
B000PK4WR2,5.0,1
B000PK3YXU,5.0,1
B000PK2VWU,4.0,1
B000PJG0F0,5.0,1
B000PJ6UGE,4.0,1
B000PJ4TMQ,4.0,1
B000PIPW4Q,5.0,1
B000PIPS40,5.0,1
B000PINZL8,5.0,1
B000PWXKG4,5.0,1
B000PXH21W,5.0,1
B000PXVYSE,4.0,1
B000Q41SBU,5.0,1
B000Q3RXII,5.0,1
B000Q3CGGC,5.0,1
B000Q3BM0I,5.0,1
B000Q39MJG,5.0,1
B000Q389TU,5.0,1
B000Q37M2A,5.0,1
B000Q34ZQ6,4.0,1
B000Q34RSW,4.0,1
B000Q34NA4,5.0,1
B000Q33QIE,5.0,1
B000Q33GTI,5.0,1
B000Q33EE0,5.0,1
B000Q33C8S,5.0,1
B000Q33BGQ,5.0,1
B000Q32LF8,5.0,1
B000Q325OU,5.0,1
B000Q31ZSC,5.0,1
B000Q31JWE,5.0,1
B000Q30NGM,5.0,1
B000Q30KHE,5.0,1
B000Q2ZP98,5.0,1
B000Q43KLQ,5.0,1
B000Q6JVWQ,5.0,1
B000Q6IY1U,5.0,1
B000Q6IWH6,5.0,1
B000Q6BZDO,5.0,1
B000Q64M4S,5.0,1
B000Q5VW24,5.0,1
B000Q5UBGM,5.0,1
B000Q5QK8U,5.0,1
B000Q5LAUS,4.0,1
B000Q5JUHI,4.0,1
B000Q5GCVA,5.0,1
B000Q5GCT2,5.0,1
B000Q54OZ6,5.0,1
B000Q51E2C,5.0,1
B000Q510GC,5.0,1
B000Q4XE9O,5.0,1
B000Q4SI90,5.0,1
B000Q4S70U,5.0,1
B000Q4RUD0,5.0,1
B000Q4F7OO,5.0,1
B000Q4AETM,5.0,1
B000Q45ZUU,5.0,1
B000Q45K4G,4.0,1
B000Q43W46,4.0,1
B000Q43OUI,5.0,1
B000Q30K6A,5.0,1
B000Q2ZP16,5.0,1
B000PXWG72,5.0,1
B000PZ0F8W,5.0,1
B000PYJDQI,5.0,1
B000PYIWM4,5.0,1
B000PYH8TM,5.0,1
B000PYH61C,5.0,1
B000PYG1SQ,5.0,1
B000PYFMDG,5.0,1
B000PY9WSC,5.0,1
B000PY9F6Q,5.0,1
B000PY75GI,5.0,1
B000PY6B6S,5.0,1
B000PY69ME,4.0,1
B000PY2LSU,5.0,1
B000PY26B2,5.0,1
B000PY1XH0,4.0,1
B000PY1V22,5.0,1
B000PY1IG6,5.0,1
B000PY17GM,5.0,1
B000PY16E0,5.0,1
B000PY0C68,5.0,1
B000PY07H2,4.0,1
B000PXZVQA,5.0,1
B000PXZV2E,5.0,1
B000PXYBFM,5.0,1
B000PYKL8W,5.0,1
B000PZ4QBY,5.0,1
B000Q2ZL0Q,5.0,1
B000PZA3WK,5.0,1
B000Q2ZJ6W,5.0,1
B000Q2YBDO,5.0,1
B000Q2YB48,5.0,1
B000Q2XVG2,5.0,1
B000Q2TKBM,5.0,1
B000Q26SKS,4.0,1
B000Q1LQII,5.0,1
B000Q1LKAM,5.0,1
B000Q1LJBW,5.0,1
B000Q1DLCM,5.0,1
B000Q15EFY,5.0,1
B000Q0YZBO,4.0,1
B000Q0XPBA,5.0,1
B000Q0VNN2,5.0,1
B000Q0TX8Y,5.0,1
B000Q0TX70,5.0,1
B000Q0QUBC,4.0,1
B000Q09QGI,5.0,1
B000Q08IGW,5.0,1
B000Q04MC6,5.0,1
B000PZE9VG,5.0,1
B000PZE9AW,5.0,1
B000PZC5P8,5.0,1
B000PZB1B2,5.0,1
B000QYP8NE,5.0,1
B000S35EFK,5.0,1
B000ROOYZQ,5.0,1
B000ROMIEU,5.0,1
B000ROLWRO,5.0,1
B000ROHNR2,5.0,1
B000ROHH6E,5.0,1
B000ROGJ6S,5.0,1
B000ROFZRW,5.0,1
B000ROFSCE,5.0,1
B000RODU74,5.0,1
B000RODHCW,5.0,1
B000ROAL62,5.0,1
B000RIHADA,5.0,1
B000RO8880,5.0,1
B000RO7HIW,5.0,1
B000RO7BRO,5.0,1
B000RO778C,5.0,1
B000RO4VIG,4.0,1
B000RO3AJC,5.0,1
B000RO329U,5.0,1
B000RO0ON2,5.0,1
B000RNPP46,4.0,1
B000RNPO9M,5.0,1
B000RNPJOW,5.0,1
B000RNNY9E,5.0,1
B000RP2S2G,5.0,1
B000RP3Z32,5.0,1
B000RP3ZA0,5.0,1
B000RP3ZJQ,4.0,1
B000RQIT4Q,5.0,1
B000RQF0I4,5.0,1
B000RQ5F9I,5.0,1
B000RQ4J5Y,5.0,1
B000RPYC8E,5.0,1
B000RPXUNW,5.0,1
B000RPWFNS,5.0,1
B000RPVX5Y,5.0,1
B000RPTRNY,5.0,1
B000RPQW5U,4.0,1
B000RPQMIC,4.0,1
B000RPQI5Y,5.0,1
B000RPPR42,5.0,1
B000RPNIO8,5.0,1
B000RPJTQY,5.0,1
B000RPIZ28,5.0,1
B000RPIC12,5.0,1
B000RPH3PS,5.0,1
B000RP95WC,4.0,1
B000RP957W,5.0,1
B000RP9568,5.0,1
B000RP7JI4,5.0,1
B000RP5YYA,5.0,1
B000RP4OGE,4.0,1
B000RNNQYC,4.0,1
B000RNNLZG,5.0,1
B000RNNK3Y,4.0,1
B000RLCE88,5.0,1
B000RL9MYM,5.0,1
B000RL9JAE,5.0,1
B000RL8LWQ,5.0,1
B000RL87SO,4.0,1
B000RL7X70,5.0,1
B000RL6ZVA,5.0,1
B000RL6ZDS,5.0,1
B000RL5BLA,5.0,1
B000RL52DM,5.0,1
B000RL147U,5.0,1
B000RKTQ3A,5.0,1
B000RK0TSG,5.0,1
B000RJWPZC,5.0,1
B000RJH87W,5.0,1
B000RJFQW6,4.0,1
B000RJ4ODS,5.0,1
B000RJ06ZI,5.0,1
B000RIW1TI,5.0,1
B000RIL7NE,5.0,1
B000RIJIGW,5.0,1
B000RIJ2AE,5.0,1
B000RIJ1AA,5.0,1
B000RIJ12S,5.0,1
B000RLR0RS,4.0,1
B000RNLMYI,5.0,1
B000RLRVTK,5.0,1
B000RNLG9Y,5.0,1
B000RNL4QO,5.0,1
B000RNJPB0,5.0,1
B000RNJP4C,5.0,1
B000RNJOKC,5.0,1
B000RNJKN8,5.0,1
B000RNJCK4,5.0,1
B000RNITSU,5.0,1
B000RN6Y4G,5.0,1
B000RN1R02,5.0,1
B000RMZZ0G,5.0,1
B000RMTAQQ,5.0,1
B000RMQXYS,5.0,1
B000RMOAL6,5.0,1
B000RMNXYQ,5.0,1
B000RMNXU0,5.0,1
B000RMIWOM,5.0,1
B000RLXEN2,5.0,1
B000RLXELO,5.0,1
B000RLXC70,5.0,1
B000RLVXRG,5.0,1
B000RLULTC,5.0,1
B000RLSF04,4.0,1
B000RQRK82,5.0,1
B000S0CKSC,5.0,1
B000S0CKOQ,5.0,1
B000S0AW96,5.0,1
B000S0AVX8,5.0,1
B000S06NPS,5.0,1
B000RZZOOK,5.0,1
B000RZULJ8,5.0,1
B000RZRNNK,5.0,1
B000RZQ3CM,4.0,1
B000RZQ34A,5.0,1
B000RZPSQY,5.0,1
B000RZPCFG,5.0,1
B000RZFQOS,4.0,1
B000RZANC8,5.0,1
B000RZ9IV0,5.0,1
B000RZ9AO0,5.0,1
B000RZ7V6E,5.0,1
B000RZ06PC,5.0,1
B000RZ06MU,5.0,1
B000RYZHK2,5.0,1
B000RYU78O,5.0,1
B000RYRIK4,5.0,1
B000RYRIEK,5.0,1
B000RYK81U,5.0,1
B000RY3TKW,5.0,1
B000S0CRD0,5.0,1
B000RY1QL6,5.0,1
B000S0G010,5.0,1
B000S339Y8,5.0,1
B000S325TS,5.0,1
B000S31Y22,5.0,1
B000S300XQ,4.0,1
B000S2R8FU,5.0,1
B000S2NCHI,5.0,1
B000S20PXW,5.0,1
B000S20PL4,5.0,1
B000S1ZB5A,5.0,1
B000S1W7S4,5.0,1
B000S1VDD4,5.0,1
B000S1P9J8,5.0,1
B000S16WYE,5.0,1
B000S16K96,5.0,1
B000S1565K,5.0,1
B000S11COE,5.0,1
B000S0YNNM,5.0,1
B000S0S298,5.0,1
B000S0N8HO,4.0,1
B000S0IIGA,5.0,1
B000S0GMZ4,4.0,1
B000RY2NCC,5.0,1
B000RY0072,5.0,1
B000RQTB0W,5.0,1
B000RU24ES,5.0,1
B000RU1N4U,5.0,1
B000RU11N8,5.0,1
B000RTJAAU,5.0,1
B000RTIL1O,5.0,1
B000RTHXVI,5.0,1
B000RTAY6O,5.0,1
B000RTAXQK,5.0,1
B000RT981Q,5.0,1
B000RT8A38,5.0,1
B000RT6UJE,5.0,1
B000RT6SMI,4.0,1
B000RT6QRK,5.0,1
B000RT33NK,5.0,1
B000RT2Z9S,5.0,1
B000RT1NWI,4.0,1
B000RT1DW8,5.0,1
B000RT1CLU,5.0,1
B000RRYLHY,5.0,1
B000RRL1C2,5.0,1
B000RRKSLM,5.0,1
B000RRJYQM,5.0,1
B000RRIF12,5.0,1
B000RRICG0,5.0,1
B000RRARLS,5.0,1
B000RQTDKU,5.0,1
B000RU1RUK,5.0,1
B000RU38DY,5.0,1
B000RXDJL2,4.0,1
B000RU3ANW,5.0,1
B000RWJ6SS,4.0,1
B000RWEVPQ,5.0,1
B000RWDSW8,5.0,1
B000RWDSFA,5.0,1
B000RWDE5Y,5.0,1
B000RWB9AQ,5.0,1
B000RWAJ4S,5.0,1
B000RW8V0M,4.0,1
B000RVDWB6,5.0,1
B000RV5N4A,5.0,1
B000RV25D2,5.0,1
B000RV0XNQ,5.0,1
B000RUXR9O,5.0,1
B000RUSFGE,5.0,1
B000RUQOUS,5.0,1
B000RUP7UQ,5.0,1
B000RUJEHI,5.0,1
B000RUHUNS,5.0,1
B000RUH3G2,5.0,1
B000RUH2LI,5.0,1
B000RUCY70,5.0,1
B000RU5TD6,5.0,1
B000RU53FU,5.0,1
B000RU3RLC,5.0,1
B000RU3LWW,5.0,1
B000RU3DKM,5.0,1
B000RIIJAS,5.0,1
B000RIH7VA,5.0,1
B000R8S9BM,5.0,1
B000R8UADC,5.0,1
B000R8U906,5.0,1
B000R8U8NO,5.0,1
B000R8U6NQ,5.0,1
B000R8SNO0,5.0,1
B000R8SGNI,5.0,1
B000R8SFQ6,5.0,1
B000R8SE8U,4.0,1
B000R8SCJG,5.0,1
B000R8SC96,5.0,1
B000R8SB3S,5.0,1
B000R8SA98,4.0,1
B000R8SA8Y,5.0,1
B000R8S5M0,5.0,1
B000RIH670,5.0,1
B000R8S3O0,5.0,1
B000R8S37C,5.0,1
B000R8S2YQ,5.0,1
B000R8S1PG,5.0,1
B000R8R0OO,5.0,1
B000R8QTV4,5.0,1
B000R8QTGY,5.0,1
B000R8QOUA,5.0,1
B000R8QOU0,4.0,1
B000R8QLZI,4.0,1
B000R8UB7M,5.0,1
B000R8UG9U,5.0,1
B000R8WD3M,4.0,1
B000R8ZCNU,5.0,1
B000R8Z9YW,5.0,1
B000R8Z8UM,5.0,1
B000R8Z8GG,5.0,1
B000R8Z7VW,5.0,1
B000R8Z7Q2,5.0,1
B000R8Z5FK,5.0,1
B000R8Y24A,5.0,1
B000R8XN36,5.0,1
B000R8WP4O,5.0,1
B000R8WORC,5.0,1
B000R8WN9G,5.0,1
B000R8WN00,5.0,1
B000R8WM5Q,5.0,1
B000R8WLAW,5.0,1
B000R8WJVS,5.0,1
B000R8WJFY,5.0,1
B000R8WHUG,5.0,1
B000R8WH24,5.0,1
B000R8WGBQ,5.0,1
B000R8WFIK,5.0,1
B000R8WFEO,4.0,1
B000R8WF4E,5.0,1
B000R8WEGI,5.0,1
B000R8WDBE,5.0,1
B000R8WD8M,5.0,1
B000R8QLW6,5.0,1
B000R8H1RK,5.0,1
B000R8EDDK,5.0,1
B000R326L6,5.0,1
B000R303PC,5.0,1
B000R303B6,5.0,1
B000R2YKQG,5.0,1
B000R2YG5G,5.0,1
B000R2SYLS,4.0,1
B000R2QUB4,5.0,1
B000R2B6W2,5.0,1
B000R1U71O,5.0,1
B000R1SH20,4.0,1
B000R1RKQO,5.0,1
B000R1C046,5.0,1
B000R13RG6,4.0,1
B000R07YC0,5.0,1
B000R071GE,5.0,1
B000QZOY56,5.0,1
B000QZARUC,5.0,1
B000QZ59VO,5.0,1
B000QYXR1E,5.0,1
B000R3G4Z0,5.0,1
B000R3K640,5.0,1
B000R7L1KY,5.0,1
B000R72OBE,5.0,1
B000R71JJ2,5.0,1
B000R70CIQ,5.0,1
B000R6X0XQ,5.0,1
B000R6WOQA,5.0,1
B000R6U8SQ,5.0,1
B000R5IVNQ,5.0,1
B000R5HJ8Y,4.0,1
B000R5EQ9Y,5.0,1
B000R5DUFK,5.0,1
B000R4S1PU,5.0,1
B000R4P8NI,5.0,1
B000R4OYJ2,5.0,1
B000R4LRPQ,5.0,1
B000R4LLBG,5.0,1
B000R4LLAC,5.0,1
B000R4EDBG,4.0,1
B000R4EB8Q,5.0,1
B000R3W3CS,5.0,1
B000R3SENU,5.0,1
B000R3QHP2,5.0,1
B000R3P9N8,5.0,1
B000R3OSNU,5.0,1
B000R8ZE9W,5.0,1
B000R8ZEHO,5.0,1
B000RGGP4C,5.0,1
B000RGDVIK,5.0,1
B000RGBZVK,5.0,1
B000RG8DJM,5.0,1
B000RG8AIG,5.0,1
B000RG2YBK,4.0,1
B000RFYZT0,4.0,1
B000RFYZSG,4.0,1
B000RFYZPO,5.0,1
B000RFX082,5.0,1
B000RFVMKA,5.0,1
B000RFVLXI,5.0,1
B000RFU3GO,5.0,1
B000RFT8OM,5.0,1
B000RFLBZQ,5.0,1
B000RFJ7Y8,5.0,1
B000RF8CDA,4.0,1
B000RF2OQG,5.0,1
B000RF28IA,5.0,1
B000RF0RVU,5.0,1
B000RF0N5A,5.0,1
B000REYTFQ,5.0,1
B000REODFC,5.0,1
B000REGYOK,5.0,1
B000RGG4Q6,4.0,1
B000RGIFE0,5.0,1
B000RE7IF4,5.0,1
B000RGIL3K,5.0,1
B000RIH1W0,5.0,1
B000RIEZWO,5.0,1
B000RIEGSM,4.0,1
B000RIEG7I,5.0,1
B000RIEEB6,5.0,1
B000RIEDLC,5.0,1
B000RIEATW,5.0,1
B000RIE9SO,5.0,1
B000RIE9N4,4.0,1
B000RIANB6,4.0,1
B000RI8SG8,5.0,1
B000RI6RIE,5.0,1
B000RI39GM,5.0,1
B000RI37IW,5.0,1
B000RHWA3Q,5.0,1
B000RHMBU8,4.0,1
B000RH7OEG,5.0,1
B000RH5WFY,5.0,1
B000RH5RJK,5.0,1
B000RH2G8A,5.0,1
B000RH1SN4,4.0,1
B000RH1442,5.0,1
B000RH0HOK,5.0,1
B000RGQ4NO,5.0,1
B000RE9DFW,5.0,1
B000RE5FK4,5.0,1
B000R90NK6,5.0,1
B000R98UHO,5.0,1
B000R94TMO,5.0,1
B000R94T7O,4.0,1
B000R94S9S,4.0,1
B000R94RSU,5.0,1
B000R94R5S,5.0,1
B000R94R1W,5.0,1
B000R94OKG,5.0,1
B000R94OJ2,5.0,1
B000R94OCY,5.0,1
B000R94HRG,5.0,1
B000R92YRQ,5.0,1
B000R92X54,5.0,1
B000R92VT2,5.0,1
B000R92VIS,5.0,1
B000R92UBG,5.0,1
B000R92TR6,4.0,1
B000R92SPO,5.0,1
B000R92S8Q,5.0,1
B000R90TYG,4.0,1
B000R90QAI,5.0,1
B000R90Q9E,5.0,1
B000R90O4Q,5.0,1
B000R9EKA0,5.0,1
B000RE46F4,4.0,1
B000R9GPVM,5.0,1
B000RDSCQE,5.0,1
B000RDQV08,4.0,1
B000RDLKYA,5.0,1
B000RCRNAQ,5.0,1
B000RCQK82,5.0,1
B000RCPLKU,4.0,1
B000RCN4E0,4.0,1
B000RBWDUC,4.0,1
B000RBUJ76,5.0,1
B000RBH15O,5.0,1
B000RBA66U,5.0,1
B000RB5YPS,5.0,1
B000RAAF62,5.0,1
B000R9ZCUC,5.0,1
B000R9YNC0,5.0,1
B000R9X5IS,5.0,1
B000R9SH4A,4.0,1
B000R9SH40,5.0,1
B000R9QLVQ,5.0,1
B000R9PJNW,4.0,1
B000R9J41K,5.0,1
B000PHZMZQ,5.0,1
B000PHZI14,5.0,1
B000PHZBDY,5.0,1
B000O2PZXG,5.0,1
B000O2RPCU,5.0,1
B000O2ROWG,5.0,1
B000O2ROR6,5.0,1
B000O2ROKI,5.0,1
B000O2RB42,4.0,1
B000O2R7D2,5.0,1
B000O2R7A0,5.0,1
B000O2R3SG,5.0,1
B000O2R0T8,4.0,1
B000O2Q3NC,4.0,1
B000O2PZY0,5.0,1
B000O2PZIQ,5.0,1
B000NX4O8I,5.0,1
B000O2PZ9K,5.0,1
B000O2PWX4,4.0,1
B000O2PTGO,5.0,1
B000O2PJEG,5.0,1
B000O2PE0U,4.0,1
B000O2PDME,4.0,1
B000O2PAZO,5.0,1
B000O2P0IG,5.0,1
B000O2OU2S,5.0,1
B000O2OEVK,5.0,1
B000O2NXT4,4.0,1
B000O2NXM6,5.0,1
B000O2NX6M,5.0,1
B000O2RPI4,5.0,1
B000O2RTQM,5.0,1
B000O2SXQM,5.0,1
B000O3QPO8,5.0,1
B000O3OT6Y,5.0,1
B000O3LQU6,5.0,1
B000O3LFAW,4.0,1
B000O3LFA2,5.0,1
B000O3JU7M,5.0,1
B000O3JT3C,5.0,1
B000O3I1LS,5.0,1
B000O3HI9Y,5.0,1
B000O3HI8K,5.0,1
B000O3HEPW,5.0,1
B000O3GO6W,4.0,1
B000O3BY1C,5.0,1
B000O3AR6U,5.0,1
B000O3ABT8,5.0,1
B000O37MKO,5.0,1
B000O36J6W,5.0,1
B000O365TS,5.0,1
B000O33GZY,5.0,1
B000O2XRKO,5.0,1
B000O2V7VA,5.0,1
B000O2V7NI,5.0,1
B000O2V4CC,5.0,1
B000O2TAZU,5.0,1
B000O2T5KA,5.0,1
B000O2NW1S,4.0,1
B000O2NR0Y,4.0,1
B000O2NKZ6,5.0,1
B000O1D24G,5.0,1
B000O1D214,5.0,1
B000O03BKM,5.0,1
B000O01C44,5.0,1
B000NZYYXG,5.0,1
B000NZX266,5.0,1
B000NZT1K2,5.0,1
B000NZRWI0,5.0,1
B000NZAKXE,5.0,1
B000NZ8J6O,4.0,1
B000NYP0DK,5.0,1
B000NYP09E,5.0,1
B000NYP07G,5.0,1
B000NYN4Q0,5.0,1
B000NYN46A,5.0,1
B000NYN3WU,4.0,1
B000NYN3BQ,5.0,1
B000NYL3D6,5.0,1
B000NYL2ZU,4.0,1
B000NYL1ZQ,5.0,1
B000NYJFRM,5.0,1
B000NYJES2,5.0,1
B000NYIJIS,5.0,1
B000NYC1AK,5.0,1
B000O1D21Y,5.0,1
B000O1D29G,5.0,1
B000O2NKY2,5.0,1
B000O2NKEM,5.0,1
B000O2M27I,4.0,1
B000O2LX82,5.0,1
B000O2LSV4,5.0,1
B000O2LMBK,5.0,1
B000O2KAB8,5.0,1
B000O2K6Z8,5.0,1
B000O2K6VC,5.0,1
B000O2K4EG,5.0,1
B000O2K41E,5.0,1
B000O2K0H2,5.0,1
B000O2K05O,5.0,1
B000O2JZPK,5.0,1
B000O1UWO4,5.0,1
B000O1R5TE,5.0,1
B000O1R45Y,5.0,1
B000O1QL6M,5.0,1
B000O1QHFC,5.0,1
B000O1NK1G,5.0,1
B000O1NBVK,5.0,1
B000O1LGHQ,5.0,1
B000O1L8FQ,5.0,1
B000O1L8FG,5.0,1
B000O1JOKW,5.0,1
B000O1JDGW,4.0,1
B000O1JDEY,5.0,1
B000O1G5SG,5.0,1
B000O3SS70,5.0,1
B000O3ST1U,5.0,1
B000O3STRE,5.0,1
B000OA5E6G,5.0,1
B000O9XNO2,4.0,1
B000O9XLH6,5.0,1
B000O9LSPI,5.0,1
B000O9I2VG,5.0,1
B000O9I2V6,5.0,1
B000O9GRGS,5.0,1
B000O9CFRS,5.0,1
B000O96S8A,5.0,1
B000O919CU,5.0,1
B000O8QRBE,5.0,1
B000O8KSP0,5.0,1
B000O7RHJ6,5.0,1
B000O7POCI,5.0,1
B000O7PH8Y,5.0,1
B000O7PGTE,4.0,1
B000O7NQ3M,5.0,1
B000O7NKGK,5.0,1
B000O7NIX0,5.0,1
B000O7NIQ2,5.0,1
B000O9Z8EA,5.0,1
B000OA7OEQ,5.0,1
B000O7LLC0,5.0,1
B000OEF476,5.0,1
B000ODWUGU,5.0,1
B000ODTO1O,5.0,1
B000ODMI6W,5.0,1
B000ODCCL8,5.0,1
B000OCZUV8,5.0,1
B000OCWJTY,5.0,1
B000OCWJPI,4.0,1
B000OCUEVE,4.0,1
B000OCJB36,5.0,1
B000OC5JXM,4.0,1
B000OBP2K8,5.0,1
B000OBG03Q,5.0,1
B000OBG02C,5.0,1
B000OBF9DI,5.0,1
B000OBEEY8,4.0,1
B000OBEESE,5.0,1
B000OBCRH4,5.0,1
B000OBBE4Q,5.0,1
B000OBBE3C,4.0,1
B000OAB492,5.0,1
B000OA9YEO,5.0,1
B000O7NI58,4.0,1
B000O7LKYY,5.0,1
B000O3U0E4,5.0,1
B000O6CMYW,5.0,1
B000O6AQ5Y,5.0,1
B000O6053M,5.0,1
B000O5YAFW,5.0,1
B000O5TXTA,5.0,1
B000O5TSHM,5.0,1
B000O5SI4G,5.0,1
B000O5RRPW,5.0,1
B000O5NO2M,5.0,1
B000O5MW98,5.0,1
B000O5MUQS,5.0,1
B000O5J8ZY,5.0,1
B000O5EBS8,4.0,1
B000O56ZRS,5.0,1
B000O54VRE,4.0,1
B000O52RAC,5.0,1
B000O52R66,5.0,1
B000O50LRS,5.0,1
B000O50KX8,5.0,1
B000O3VSGS,4.0,1
B000O3UKNK,5.0,1
B000O3UDQE,5.0,1
B000O3UD9Q,5.0,1
B000O3UC06,5.0,1
B000O3U16G,5.0,1
B000O6XOOO,5.0,1
B000O6YKGK,5.0,1
B000O7LKIK,5.0,1
B000O704UA,5.0,1
B000O7LJFY,5.0,1
B000O7LHZG,5.0,1
B000O7LHN8,4.0,1
B000O7LHMO,5.0,1
B000O7LGNO,4.0,1
B000O7LGIE,5.0,1
B000O7LG3E,5.0,1
B000O7LFQM,5.0,1
B000O7LEEA,5.0,1
B000O7LDT6,5.0,1
B000O7KQX0,5.0,1
B000O7JOCE,5.0,1
B000O7JN3O,4.0,1
B000O7JMEO,5.0,1
B000O7JMDA,5.0,1
B000O7JIXO,5.0,1
B000O7JGUE,5.0,1
B000O7JGFO,5.0,1
B000O7HV2E,5.0,1
B000O7HGNS,5.0,1
B000O7CGRE,5.0,1
B000O78L4Q,4.0,1
B000O74XFW,5.0,1
B000O728FY,5.0,1
B000NYAUA8,5.0,1
B000PHZ85U,5.0,1
B000NJMS5I,5.0,1
B000NLXJRW,4.0,1
B000NLQOPQ,5.0,1
B000NLQKS2,5.0,1
B000NLO5TI,5.0,1
B000NLFJE8,5.0,1
B000NKW0KK,5.0,1
B000NKL6FU,5.0,1
B000NKHI0C,5.0,1
B000NK38GK,5.0,1
B000NK1YCK,5.0,1
B000NJSZDW,5.0,1
B000NJMRPO,5.0,1
B000NWQNMY,5.0,1
B000NJMRKY,5.0,1
B000NJMQPU,5.0,1
B000NJMQN2,5.0,1
B000NJJFCC,5.0,1
B000NJJDGK,5.0,1
B000NJHRUE,4.0,1
B000NM1G1M,5.0,1
B000NM7JL8,5.0,1
B000NO8Z96,5.0,1
B000NO8276,4.0,1
B000NO6XXQ,4.0,1
B000NO5Q1G,5.0,1
B000NO0QMU,5.0,1
B000NNT8DO,5.0,1
B000NNQV6Q,5.0,1
B000NNPLDK,5.0,1
B000NNNHI6,5.0,1
B000NNNCQS,5.0,1
B000NNJOYM,5.0,1
B000NNJOQK,5.0,1
B000NNJNYS,5.0,1
B000NNJNKC,5.0,1
B000NNHNBS,5.0,1
B000NNHNAO,5.0,1
B000NNG8VE,5.0,1
B000NNG8SW,4.0,1
B000NNCA3O,5.0,1
B000NN5HMA,5.0,1
B000NN502C,4.0,1
B000NN2KES,5.0,1
B000NN1Y9K,5.0,1
B000NN1XLO,5.0,1
B000NJHQ8C,4.0,1
B000NJHOA2,4.0,1
B000NIZYQ4,4.0,1
B000NIZYGO,4.0,1
B000NIYAKK,5.0,1
B000NIY93S,5.0,1
B000NIY8X4,5.0,1
B000NIY8SE,4.0,1
B000NIY8RK,4.0,1
B000NIY7JE,5.0,1
B000NISHKY,5.0,1
B000NISG5A,5.0,1
B000NIG4TK,5.0,1
B000NIFIAG,5.0,1
B000NIEBAO,5.0,1
B000NID0VU,5.0,1
B000NICBWO,5.0,1
B000NIA87O,5.0,1
B000NIA716,5.0,1
B000NI48ZW,5.0,1
B000NHZHH6,4.0,1
B000NHYXD0,5.0,1
B000NIZYT6,5.0,1
B000NJHO8E,5.0,1
B000NIZYTQ,4.0,1
B000NJHNHG,5.0,1
B000NJGBVK,5.0,1
B000NJGB2E,5.0,1
B000NJGAUW,4.0,1
B000NJGAD4,5.0,1
B000NJGA6Q,5.0,1
B000NJG840,4.0,1
B000NJE5A4,5.0,1
B000NJE586,5.0,1
B000NJE3II,5.0,1
B000NJE2MK,4.0,1
B000NJE0OA,5.0,1
B000NJ7JYI,5.0,1
B000NJ38XO,5.0,1
B000NJ24XE,5.0,1
B000NJ24CK,5.0,1
B000NJ21W8,4.0,1
B000NJ0O6S,5.0,1
B000NJ01H0,5.0,1
B000NJ01ES,4.0,1
B000NJ015M,5.0,1
B000NIZZEU,5.0,1
B000NOAVAW,5.0,1
B000NOKBDY,4.0,1
B000NOKNW8,4.0,1
B000NW6NTC,5.0,1
B000NW4F38,5.0,1
B000NW3TD0,5.0,1
B000NW2DGE,5.0,1
B000NVZLXM,5.0,1
B000NVZA56,5.0,1
B000NVR900,4.0,1
B000NVR4E6,5.0,1
B000NVFOJ8,5.0,1
B000NVFFBK,5.0,1
B000NVEMK0,5.0,1
B000NURVJA,5.0,1
B000NUODFK,5.0,1
B000NUN6US,5.0,1
B000NULCKO,4.0,1
B000NUHAMI,5.0,1
B000NU2J74,5.0,1
B000NU2FV4,5.0,1
B000NU2DUW,5.0,1
B000NU0UDO,4.0,1
B000NU0MRI,5.0,1
B000NU0ME6,5.0,1
B000NU0DOU,5.0,1
B000NU0C6Y,5.0,1
B000NU05Y8,5.0,1
B000NTZDHI,5.0,1
B000NW6NX8,5.0,1
B000NTZ4EK,5.0,1
B000NWNC9Q,5.0,1
B000NWL97I,5.0,1
B000NWL658,4.0,1
B000NWKH4Y,5.0,1
B000NWJD80,5.0,1
B000NWDJNA,5.0,1
B000NWDJKS,5.0,1
B000NWDJIU,4.0,1
B000NWBEAU,5.0,1
B000NWAQBS,4.0,1
B000NWAFXC,5.0,1
B000NWAB04,5.0,1
B000NWAAZA,5.0,1
B000NWAAZ0,5.0,1
B000NW9ZZ6,5.0,1
B000NW9ZRY,5.0,1
B000NW89US,5.0,1
B000NW87DM,5.0,1
B000NW85XY,5.0,1
B000NW84DA,5.0,1
B000NW84BC,5.0,1
B000NW6X2O,5.0,1
B000NW6W98,5.0,1
B000NW6R7K,4.0,1
B000NTZ7OM,5.0,1
B000NTZ46S,5.0,1
B000NOLZ2K,5.0,1
B000NRC594,5.0,1
B000NRC526,5.0,1
B000NRANFC,5.0,1
B000NR6F68,5.0,1
B000NQI2LA,4.0,1
B000NQGOCO,5.0,1
B000NQ0UI8,5.0,1
B000NPYCJ2,4.0,1
B000NPWVS6,5.0,1
B000NPV5YC,5.0,1
B000NPUO7G,5.0,1
B000NPTAA8,5.0,1
B000NPQS4E,5.0,1
B000NPN5OU,5.0,1
B000NPCR6W,5.0,1
B000NPBEK2,4.0,1
B000NPAIL8,5.0,1
B000NP9R7Y,5.0,1
B000NP8JGE,4.0,1
B000NP42F6,5.0,1
B000NOTSXS,5.0,1
B000NOR5LK,4.0,1
B000NOOHJ8,5.0,1
B000NRE1K0,5.0,1
B000NRGHCU,5.0,1
B000NTR5MY,5.0,1
B000NTO1RG,5.0,1
B000NTMI6W,5.0,1
B000NTM5VA,5.0,1
B000NTK4H2,4.0,1
B000NTFEGI,5.0,1
B000NTDG4A,5.0,1
B000NTCVQ4,5.0,1
B000NTCU10,5.0,1
B000NT4FY0,5.0,1
B000NT4FWM,5.0,1
B000NT4DJM,5.0,1
B000NSYXGQ,5.0,1
B000NSYVP4,5.0,1
B000NSMF7K,5.0,1
B000NSIJG6,5.0,1
B000NSII1W,5.0,1
B000NRXFAM,5.0,1
B000NRWPIA,5.0,1
B000NRVW16,5.0,1
B000NRVR4S,5.0,1
B000NRUYEM,5.0,1
B000NRT52O,5.0,1
B000NRRHRO,5.0,1
B000NRKT0Q,5.0,1
B000NRKT0G,4.0,1
B000OEFE30,5.0,1
B000OF1Q5O,5.0,1
B000P25256,5.0,1
B000P26ZAM,4.0,1
B000P26JNK,5.0,1
B000P2594A,5.0,1
B000P257P6,5.0,1
B000P254Y0,5.0,1
B000P254GS,5.0,1
B000P253JQ,5.0,1
B000P253D2,5.0,1
B000P2530K,5.0,1
B000P252WO,5.0,1
B000P252Q0,5.0,1
B000P251SY,5.0,1
B000OF2OM8,5.0,1
B000P250M6,4.0,1
B000P250L2,4.0,1
B000P24UP4,5.0,1
B000P24G7Q,5.0,1
B000P24FJK,5.0,1
B000P24FJA,5.0,1
B000P249VO,5.0,1
B000P237H6,5.0,1
B000P22Z0G,5.0,1
B000P22WK4,5.0,1
B000P22V82,4.0,1
B000P2751U,5.0,1
B000P2755G,4.0,1
B000P275J2,5.0,1
B000P276FU,5.0,1
B000P43TF4,5.0,1
B000P43LKC,5.0,1
B000P43LIE,5.0,1
B000P43LGG,5.0,1
B000P43JSQ,5.0,1
B000P41FK0,5.0,1
B000P41F0K,5.0,1
B000P41EJ2,5.0,1
B000P3ZCK0,5.0,1
B000P3XA68,5.0,1
B000P3X77U,5.0,1
B000P3J0IA,5.0,1
B000P3IJ46,5.0,1
B000P3G6XM,5.0,1
B000P3G3KS,5.0,1
B000P3FDWC,5.0,1
B000P3BIHQ,5.0,1
B000P27CD6,5.0,1
B000P27C6I,5.0,1
B000P27A56,4.0,1
B000P278RQ,5.0,1
B000P2782G,5.0,1
B000P276UU,4.0,1
B000P276QO,5.0,1
B000P22URE,5.0,1
B000P22UQU,5.0,1
B000P22UNI,5.0,1
B000P1FSKQ,5.0,1
B000P1E34S,5.0,1
B000P1CYZ8,5.0,1
B000P17PIE,5.0,1
B000P0XB3S,5.0,1
B000P0WR06,5.0,1
B000P0TNZI,5.0,1
B000P0TN5I,5.0,1
B000P0QOWS,5.0,1
B000P0MRKQ,5.0,1
B000P0LBS0,4.0,1
B000P0KZ9G,5.0,1
B000P0KM8U,5.0,1
B000P0KKZA,5.0,1
B000P0IDEK,4.0,1
B000P0F9BA,5.0,1
B000P0EMB8,5.0,1
B000P09KB0,5.0,1
B000P089OY,5.0,1
B000OZTG9W,5.0,1
B000OZPU92,5.0,1
B000P1O6TK,4.0,1
B000P1QO7W,5.0,1
B000P22UM4,5.0,1
B000P1QP6M,4.0,1
B000P22TS4,5.0,1
B000P22TBG,4.0,1
B000P22A6A,5.0,1
B000P22466,4.0,1
B000P20Z0S,5.0,1
B000P20X1O,5.0,1
B000P20WME,5.0,1
B000P20VSO,5.0,1
B000P20VI4,5.0,1
B000P20V6G,5.0,1
B000P20V34,5.0,1
B000P20UBW,5.0,1
B000P20S8C,5.0,1
B000P20R6U,5.0,1
B000P20QZC,5.0,1
B000P20QSE,5.0,1
B000P20QFC,4.0,1
B000P20PTE,5.0,1
B000P1TIC0,5.0,1
B000P1THBW,5.0,1
B000P1S8WG,5.0,1
B000P591ZU,5.0,1
B000PHGHDC,5.0,1
B000PH8TA6,5.0,1
B000PH8SZM,5.0,1
B000PH87SU,5.0,1
B000PH5HOC,5.0,1
B000PH19GC,4.0,1
B000PH0QCU,4.0,1
B000PGZZOK,5.0,1
B000PGZZG8,4.0,1
B000PGYCNK,4.0,1
B000PGQ3JG,5.0,1
B000PGJ2DA,5.0,1
B000PFVP2W,5.0,1
B000PFQBXK,5.0,1
B000PERVN0,5.0,1
B000PEMXIS,5.0,1
B000PEBFQY,5.0,1
B000PE9IQ8,4.0,1
B000PE8C8S,5.0,1
B000PE6MXK,5.0,1
B000PE3GTS,5.0,1
B000PDWBE0,5.0,1
B000PDHV04,4.0,1
B000PDHHC6,5.0,1
B000PHGH78,5.0,1
B000PHH3NU,5.0,1
B000PD6D5S,5.0,1
B000PHIHMG,5.0,1
B000PHZ5KI,5.0,1
B000PHZ05S,5.0,1
B000PHYX42,4.0,1
B000PHYWV6,5.0,1
B000PHYVRG,5.0,1
B000PHVXLI,5.0,1
B000PHVX5Y,5.0,1
B000PHVWMS,5.0,1
B000PHVVNI,5.0,1
B000PHVTSK,5.0,1
B000PHVSN6,5.0,1
B000PHVNZE,5.0,1
B000PHVKTI,5.0,1
B000PHVJ58,5.0,1
B000PHUKEO,5.0,1
B000PHTBNK,5.0,1
B000PHRID0,5.0,1
B000PHLMEG,5.0,1
B000PHLMAU,5.0,1
B000PHL47G,5.0,1
B000PHL0OS,5.0,1
B000PHKND2,5.0,1
B000PD68DA,5.0,1
B000P9IFGM,5.0,1
B000P9IE5E,5.0,1
B000P9H4U0,4.0,1
B000P9GN4I,4.0,1
B000P9FP2O,5.0,1
B000P9DS4G,5.0,1
B000P9CW3Y,5.0,1
B000P9COAK,5.0,1
B000P9CO28,5.0,1
B000P9B3P2,4.0,1
B000P8ZMG4,4.0,1
B000P8X84W,5.0,1
B000P8C2GC,5.0,1
B000P71XBS,5.0,1
B000P6W6XI,5.0,1
B000P6PWYI,5.0,1
B000P6PUWM,5.0,1
B000P6MNUE,5.0,1
B000P6J8ZW,4.0,1
B000P64352,5.0,1
B000P5XSOA,5.0,1
B000P5QUTK,5.0,1
B000P5NTZ8,5.0,1
B000P5LI9M,5.0,1
B000PCTZM2,5.0,1
B000PAL4BY,5.0,1
B000PCF5IA,5.0,1
B000PC9UF4,5.0,1
B000PC9IBU,4.0,1
B000PC65ZM,5.0,1
B000PC62FA,5.0,1
B000PBV7CO,4.0,1
B000PBN0II,5.0,1
B000PBKLDU,5.0,1
B000PBKCEI,5.0,1
B000PBK93M,5.0,1
B000PB26T2,4.0,1
B000PB202A,5.0,1
B000PB03BU,5.0,1
B000PAYA24,5.0,1
B000PAY9VQ,5.0,1
B000PAY6A0,5.0,1
B000PAY5WY,5.0,1
B000PAWPUS,5.0,1
B000PAWPRG,4.0,1
B000PAW5HQ,5.0,1
B000PAPFVE,4.0,1
B000PAOESO,5.0,1
B000PAM64S,5.0,1
B000PAM5BC,5.0,1
B000OZNS2I,5.0,1
B000OZN1XO,5.0,1
B000OIHFLU,5.0,1
B000OIG23M,5.0,1
B000OIG0OI,4.0,1
B000OIFZB2,5.0,1
B000OIFZAS,5.0,1
B000OIFYFO,5.0,1
B000OIFW88,5.0,1
B000OIFV3E,5.0,1
B000OIFS14,5.0,1
B000OIFQ1G,5.0,1
B000OIFPAS,5.0,1
B000OIFNWI,5.0,1
B000OIFM6A,5.0,1
B000OIFKXK,5.0,1
B000OIFH1A,5.0,1
B000OIFFV2,5.0,1
B000OIDYVK,5.0,1
B000OIDY8S,4.0,1
B000OIDVZO,5.0,1
B000OIDVE0,5.0,1
B000OIDV1I,5.0,1
B000OIDUZA,5.0,1
B000OIDTCO,5.0,1
B000OIDSES,4.0,1
B000OIHFL0,5.0,1
B000OIHLZ0,5.0,1
B000OIDP8W,5.0,1
B000OIHPII,5.0,1
B000OM4ICA,5.0,1
B000OLG4XM,5.0,1
B000OL8QXI,4.0,1
B000OKVJIS,4.0,1
B000OJU9HG,5.0,1
B000OJRRBW,5.0,1
B000OJC4AQ,5.0,1
B000OJ37VQ,5.0,1
B000OJ24NI,5.0,1
B000OJ249M,5.0,1
B000OJ1BZK,4.0,1
B000OIZCW4,5.0,1
B000OIZ4S6,4.0,1
B000OIV9GM,5.0,1
B000OII3G6,5.0,1
B000OIHZKG,5.0,1
B000OIHT34,5.0,1
B000OIDR30,4.0,1
B000OIDMZI,5.0,1
B000OGBOD2,5.0,1
B000OGBKNQ,5.0,1
B000OGBKGS,5.0,1
B000OGBISS,5.0,1
B000OGBIOC,5.0,1
B000OGBIF6,5.0,1
B000OGB41O,4.0,1
B000OG8TNU,5.0,1
B000OG776K,5.0,1
B000OFXO9U,5.0,1
B000OFTRY6,5.0,1
B000OFNDKU,5.0,1
B000OFNDH8,5.0,1
B000OFK2UO,5.0,1
B000OFJQDI,5.0,1
B000OFEBO2,5.0,1
B000OFD8L4,5.0,1
B000OFD1DE,5.0,1
B000OF6DKW,4.0,1
B000OF2ONW,5.0,1
B000OGBMVG,4.0,1
B000OGBP1S,5.0,1
B000OIDM3K,5.0,1
B000OGC4IQ,5.0,1
B000OIDBVI,5.0,1
B000OID9XS,5.0,1
B000OIBMCI,5.0,1
B000OIBF1G,5.0,1
B000OIBDPE,5.0,1
B000OIBCW8,5.0,1
B000OI6BP6,5.0,1
B000OHFF3G,4.0,1
B000OHE96A,5.0,1
B000OH6OV8,5.0,1
B000OGZGYU,5.0,1
B000OGRZOE,5.0,1
B000OGO6BO,5.0,1
B000OGO6AK,4.0,1
B000OGHZBC,4.0,1
B000OGFZM8,5.0,1
B000OGDSYK,5.0,1
B000OGDQS8,5.0,1
B000OGDQII,5.0,1
B000OGDO26,5.0,1
B000OM5AVS,5.0,1
B000OMEDUM,5.0,1
B000OVOUM4,5.0,1
B000OV408I,5.0,1
B000OV32TQ,5.0,1
B000OV32F0,5.0,1
B000OUY75U,5.0,1
B000OUKW54,5.0,1
B000OUJ1FG,5.0,1
B000OU7O5U,5.0,1
B000OU77DY,4.0,1
B000OU6MUS,5.0,1
B000OTP282,5.0,1
B000OTF2X2,5.0,1
B000OTF2QO,5.0,1
B000OTC8DY,5.0,1
B000OTBGH8,5.0,1
B000OTAADO,5.0,1
B000OT8QU8,5.0,1
B000OT4XH8,5.0,1
B000OT40IA,5.0,1
B000OSIOO2,5.0,1
B000OSGDA4,5.0,1
B000OSEKAE,5.0,1
B000OSA0OO,5.0,1
B000OS9XWE,4.0,1
B000OS50C6,4.0,1
B000OV78I2,5.0,1
B000OVOX76,4.0,1
B000OS3FWS,5.0,1
B000OVVW8Y,5.0,1
B000OZJNTA,5.0,1
B000OZJNHM,5.0,1
B000OZDT2M,5.0,1
B000OYWUY6,5.0,1
B000OYPZ2U,5.0,1
B000OYLBTG,4.0,1
B000OYL8XU,4.0,1
B000OYKS4K,5.0,1
B000OYHN52,4.0,1
B000OYHN2A,5.0,1
B000OYFRLO,5.0,1
B000OYFPZW,5.0,1
B000OYF2CI,5.0,1
B000OY6FME,5.0,1
B000OXRSHG,5.0,1
B000OWZX92,5.0,1
B000OWYEAQ,5.0,1
B000OWX9C0,5.0,1
B000OWX84Y,4.0,1
B000OWWR9Q,5.0,1
B000OWWQGU,5.0,1
B000OWV94U,5.0,1
B000OWV8P0,5.0,1
B000OWRZ0C,5.0,1
B000OWOSFM,5.0,1
B000OS4PJA,5.0,1
B000OS20VA,5.0,1
B000OQVYNC,5.0,1
B000OQRIMI,5.0,1
B000OQKTQ0,5.0,1
B000OQ8IAO,5.0,1
B000OQ2F4O,5.0,1
B000OPP6DW,5.0,1
B000OPHKHC,4.0,1
B000OPDOQS,5.0,1
B000OP63V6,5.0,1
B000OP5MYU,5.0,1
B000OP1TDI,5.0,1
B000OOZBVK,5.0,1
B000OOU9S0,5.0,1
B000OOSGM6,5.0,1
B000OOLVY6,5.0,1
B000OO7GZY,5.0,1
B000OO7DN4,5.0,1
B000OO5YM6,5.0,1
B000OO5MVE,5.0,1
B000OO4XQE,5.0,1
B000OO3YCS,5.0,1
B000ONETXW,5.0,1
B000OMRN68,4.0,1
B000OMJT3S,5.0,1
B000OMGT6I,5.0,1
B000OMFP54,5.0,1
B000OQXJ1W,5.0,1
B000OS1Z4S,5.0,1
B000OS1BRY,5.0,1
B000OS0TM2,5.0,1
B000ORYF1O,4.0,1
B000ORY4SS,5.0,1
B000ORY1WC,4.0,1
B000ORY0P0,5.0,1
B000ORXMCW,5.0,1
B000ORWAFM,4.0,1
B000ORW3LI,5.0,1
B000ORVWBA,5.0,1
B000ORVTZY,4.0,1
B000ORVSEQ,5.0,1
B000ORURSY,5.0,1
B000ORUQ5I,4.0,1
B000ORUP5E,5.0,1
B000ORUOAA,5.0,1
B000ORSZLU,5.0,1
B000ORS5P6,5.0,1
B000ORQYB8,5.0,1
B000ORPZV8,5.0,1
B000ORO9YC,5.0,1
B000ORKJH8,5.0,1
B000ORHG9W,5.0,1
B000ORFEAA,5.0,1
B000ORC1Z6,5.0,1
B000OR76YW,5.0,1
B000S3538I,4.0,1
B000S35SYW,5.0,1
B000WORL4W,5.0,1
B000VONOZS,5.0,1
B000VOPG90,5.0,1
B000VOPDM0,5.0,1
B000VOP9N8,5.0,1
B000VOP8O8,5.0,1
B000VOP7SK,5.0,1
B000VOP3Q6,5.0,1
B000VONC14,5.0,1
B000VONBKG,5.0,1
B000VONB42,5.0,1
B000VONAZM,5.0,1
B000VONAJI,5.0,1
B000VONAAW,5.0,1
B000VON9MG,5.0,1
B000VON9LM,5.0,1
B000VON9JY,5.0,1
B000VON98K,5.0,1
B000VON94O,5.0,1
B000VON8KY,5.0,1
B000VON8AE,4.0,1
B000VON6CE,5.0,1
B000VOPI84,5.0,1
B000VOPIFC,4.0,1
B000VOPIS4,5.0,1
B000VOPIVG,5.0,1
B000VRBFQK,5.0,1
B000VRAYMQ,5.0,1
B000VR4Z2G,4.0,1
B000VR024Q,5.0,1
B000VQWJHU,4.0,1
B000VQW8EO,4.0,1
B000VQSSO8,5.0,1
B000VQQWY6,5.0,1
B000VQO4W8,5.0,1
B000VQKX78,5.0,1
B000VQDR80,5.0,1
B000VPZSWE,5.0,1
B000VPNXM6,5.0,1
B000VP6VPC,5.0,1
B000VP5THI,5.0,1
B000VP4KFA,5.0,1
B000VORQTI,5.0,1
B000VON3HW,5.0,1
B000VON2IW,4.0,1
B000VON1O2,5.0,1
B000VOJCFY,5.0,1
B000VOJAG0,4.0,1
B000VOJ9VQ,5.0,1
B000VOHSZA,5.0,1
B000VOHSVY,5.0,1
B000VOHS82,5.0,1
B000VOHP5I,5.0,1
B000VOHNVO,4.0,1
B000VOHMW4,5.0,1
B000VOHIVY,5.0,1
B000VOHI50,5.0,1
B000VOHGP2,4.0,1
B000VOHFE4,5.0,1
B000VOHFBC,5.0,1
B000VOHEUE,5.0,1
B000VOHDRI,5.0,1
B000VOHC9M,5.0,1
B000VOHAVW,5.0,1
B000VOCRAG,5.0,1
B000VOB2AM,5.0,1
B000VO3UOI,5.0,1
B000VO1VP8,5.0,1
B000VO0CNA,5.0,1
B000VO0CL2,5.0,1
B000VNY6VK,5.0,1
B000VNY59S,5.0,1
B000VOJAKQ,5.0,1
B000VOJD7Q,5.0,1
B000VON174,5.0,1
B000VOJDPI,4.0,1
B000VON0OI,5.0,1
B000VOMYEU,5.0,1
B000VOMYCM,5.0,1
B000VOMXY6,4.0,1
B000VOMUFI,5.0,1
B000VOLO8M,5.0,1
B000VOLNXS,5.0,1
B000VOLKU4,5.0,1
B000VOLGSU,5.0,1
B000VOLFVS,4.0,1
B000VOLF86,5.0,1
B000VOLEAK,4.0,1
B000VOLC2A,5.0,1
B000VOLBMQ,4.0,1
B000VOL82O,5.0,1
B000VOL74I,4.0,1
B000VOJR5E,4.0,1
B000VOJQ1Y,5.0,1
B000VOJPY2,5.0,1
B000VOJPTM,5.0,1
B000VOJNWQ,5.0,1
B000VOJNR6,4.0,1
B000VOJMCC,5.0,1
B000VOJLK0,5.0,1
B000VOJES4,5.0,1
B000VOJE02,5.0,1
B000VRLG2S,5.0,1
B000VRNAEU,4.0,1
B000VUWZBG,4.0,1
B000VUWY9Y,5.0,1
B000VUWXIG,5.0,1
B000VUWXEA,4.0,1
B000VUWWK0,5.0,1
B000VUWVHY,5.0,1
B000VUWVBA,4.0,1
B000VUWTGC,5.0,1
B000VUWT26,5.0,1
B000VUWT1M,5.0,1
B000VUWSTU,5.0,1
B000VUWSQI,4.0,1
B000VUWSEU,5.0,1
B000VUWPCA,5.0,1
B000VUWOZI,5.0,1
B000VUW90I,5.0,1
B000VUVFK8,5.0,1
B000VUVC6U,5.0,1
B000VUV8PA,4.0,1
B000VUV8NW,5.0,1
B000VUV7WO,4.0,1
B000VUV7V0,5.0,1
B000VUV4CW,5.0,1
B000VUWZYI,5.0,1
B000VUX1LY,5.0,1
B000VUV1MU,5.0,1
B000VUX1O6,4.0,1
B000VUYK3M,5.0,1
B000VUYJ4M,5.0,1
B000VUYHDK,5.0,1
B000VUYG54,5.0,1
B000VUYEAQ,5.0,1
B000VUYDMK,5.0,1
B000VUXEZ2,5.0,1
B000VUXEI4,5.0,1
B000VUXE34,5.0,1
B000VUXE1G,5.0,1
B000VUXD3U,5.0,1
B000VUXC5O,5.0,1
B000VUXBWI,5.0,1
B000VUXBHI,5.0,1
B000VUX9XE,5.0,1
B000VUX9W0,5.0,1
B000VUX6P0,5.0,1
B000VUX542,5.0,1
B000VUX4P2,5.0,1
B000VUX3TY,5.0,1
B000VUX376,4.0,1
B000VUX24A,5.0,1
B000VUX1X2,5.0,1
B000VUV1YI,5.0,1
B000VUUU5O,5.0,1
B000VUD9GG,5.0,1
B000VTEAQK,5.0,1
B000VT8LUQ,5.0,1
B000VT8K9S,5.0,1
B000VSU1JG,5.0,1
B000VSNJM2,5.0,1
B000VSLBMC,5.0,1
B000VSHVYO,5.0,1
B000VSG7KI,5.0,1
B000VSG21W,4.0,1
B000VSE3MM,5.0,1
B000VS9UCK,5.0,1
B000VS8PS0,5.0,1
B000VS8BSE,5.0,1
B000VS4EP8,4.0,1
B000VS4DRC,5.0,1
B000VS3O86,5.0,1
B000VS2DR4,4.0,1
B000VRXGAI,5.0,1
B000VRV3TY,5.0,1
B000VRU84K,5.0,1
B000VRQUYW,5.0,1
B000VRQUYC,5.0,1
B000VUF20M,4.0,1
B000VUUTIM,5.0,1
B000VUIX6W,5.0,1
B000VUUTE6,5.0,1
B000VUUS88,4.0,1
B000VUUQF8,5.0,1
B000VUUP5E,5.0,1
B000VUUOXC,5.0,1
B000VUUOQ4,5.0,1
B000VUUOOG,5.0,1
B000VUUOK0,5.0,1
B000VUUOF0,5.0,1
B000VUUND8,5.0,1
B000VUTFA0,5.0,1
B000VUTBH2,5.0,1
B000VUT4GA,5.0,1
B000VUT36G,5.0,1
B000VUT2U8,5.0,1
B000VUT2JO,4.0,1
B000VUSUPQ,4.0,1
B000VUQ14S,5.0,1
B000VUQ076,5.0,1
B000VUPJNM,5.0,1
B000VUP612,5.0,1
B000VUM7QY,5.0,1
B000VUM5BG,5.0,1
B000VNN9X6,5.0,1
B000VNMR84,4.0,1
B000VAUHSE,5.0,1
B000VC5TD0,5.0,1
B000VBPD28,5.0,1
B000VBNHR6,4.0,1
B000VBNHHG,5.0,1
B000VBNBTU,5.0,1
B000VBK0JO,4.0,1
B000VBK0BW,5.0,1
B000VBHNLC,5.0,1
B000VBGSPO,4.0,1
B000VBDWJE,5.0,1
B000VBC0KQ,5.0,1
B000VB3BOA,5.0,1
B000VAS9DY,5.0,1
B000VNJRA0,5.0,1
B000VAPJRS,5.0,1
B000VALY86,4.0,1
B000VAGU30,5.0,1
B000VAGLX4,5.0,1
B000VABPFI,5.0,1
B000VA8RJK,4.0,1
B000VA7VII,5.0,1
B000VA68C8,5.0,1
B000VA680U,5.0,1
B000VA5YZK,5.0,1
B000VA5X1K,5.0,1
B000VA37C2,5.0,1
B000VA375E,5.0,1
B000VA36Z0,4.0,1
B000VC8TV4,5.0,1
B000VCAXR2,4.0,1
B000VCB1BE,5.0,1
B000VCD6P8,4.0,1
B000VD6XZW,5.0,1
B000VD6X3E,5.0,1
B000VD4Z3Y,5.0,1
B000VD4YZI,5.0,1
B000VD4YEY,5.0,1
B000VD1XUC,5.0,1
B000VD1UYQ,5.0,1
B000VD1UJG,5.0,1
B000VD1U32,5.0,1
B000VD1TWE,5.0,1
B000VCTXM8,5.0,1
B000VCT0E4,5.0,1
B000VCSBB2,5.0,1
B000VCS1KI,5.0,1
B000VCR13Q,5.0,1
B000VCQT3Y,5.0,1
B000VCOVJI,5.0,1
B000VCOPQW,5.0,1
B000VCNEFA,5.0,1
B000VCNC2K,5.0,1
B000VCL4SE,4.0,1
B000VA2OP8,5.0,1
B000V9YIDU,4.0,1
B000V9XBG0,5.0,1
B000V89QVK,5.0,1
B000V89J3K,5.0,1
B000V89J2Q,5.0,1
B000V89GM4,5.0,1
B000V87F04,5.0,1
B000V87EIW,4.0,1
B000V87C7A,4.0,1
B000V86EZQ,5.0,1
B000V86EVU,5.0,1
B000V86EG0,4.0,1
B000V86CXK,5.0,1
B000V86CUS,4.0,1
B000V86CP8,5.0,1
B000V86BQI,5.0,1
B000V7P6RY,5.0,1
B000V7P6AQ,5.0,1
B000V7BLHS,4.0,1
B000V771JU,5.0,1
B000V75C50,5.0,1
B000V75A2U,5.0,1
B000V74YQS,5.0,1
B000V74ETK,5.0,1
B000V73MS4,5.0,1
B000V736HQ,5.0,1
B000V736C6,5.0,1
B000V89J4O,5.0,1
B000V9WPXU,5.0,1
B000V8BL2C,5.0,1
B000V9VPK4,5.0,1
B000V9OEUC,5.0,1
B000V9LYV4,5.0,1
B000V9LNBK,4.0,1
B000V9KEDI,4.0,1
B000V9HESG,5.0,1
B000V9EOWU,5.0,1
B000V9CACG,5.0,1
B000V99J8E,5.0,1
B000V99IT4,4.0,1
B000V913A6,5.0,1
B000V90NY8,5.0,1
B000V8YVSS,5.0,1
B000V8YVHE,5.0,1
B000V8W60S,5.0,1
B000V8S16Q,5.0,1
B000V8KPCO,5.0,1
B000V8GH4Y,4.0,1
B000V8DP3U,5.0,1
B000V8DH9W,5.0,1
B000V8DH0Q,5.0,1
B000V8BNPM,5.0,1
B000V8BMM6,5.0,1
B000V8BLPO,5.0,1
B000VD8SIM,4.0,1
B000VD8SRS,5.0,1
B000VD8TVI,5.0,1
B000VKBLF2,5.0,1
B000VKAX7E,5.0,1
B000VK7KTI,5.0,1
B000VJXN4U,5.0,1
B000VJXF34,5.0,1
B000VJXE9O,5.0,1
B000VJVN06,5.0,1
B000VJOA7Y,5.0,1
B000VJO72W,5.0,1
B000VIY2U0,5.0,1
B000VIX8J6,4.0,1
B000VIQ2RQ,5.0,1
B000VILWSU,4.0,1
B000VIJ7EG,4.0,1
B000VIHPV8,5.0,1
B000VIEN5E,4.0,1
B000VIEFCA,5.0,1
B000VI119A,5.0,1
B000VI1172,5.0,1
B000VHYKHQ,5.0,1
B000VHVH7M,5.0,1
B000VHTU8K,4.0,1
B000VHTU7G,5.0,1
B000VHSB2Q,4.0,1
B000VKB4ZE,5.0,1
B000VKC8E0,5.0,1
B000VHQW4A,5.0,1
B000VKCHWI,4.0,1
B000VNHBNA,5.0,1
B000VND10C,5.0,1
B000VMT4K4,5.0,1
B000VMQ58S,5.0,1
B000VMJLZC,5.0,1
B000VM5OC6,5.0,1
B000VLN32U,5.0,1
B000VLLXV8,5.0,1
B000VLLK20,5.0,1
B000VLLJEY,5.0,1
B000VLJGWG,5.0,1
B000VLHMFO,5.0,1
B000VLG1XI,5.0,1
B000VLDIL6,4.0,1
B000VL9Y00,5.0,1
B000VL9X56,4.0,1
B000VL168S,5.0,1
B000VKXQFA,5.0,1
B000VKWLLU,5.0,1
B000VKUXD8,4.0,1
B000VKQJ68,4.0,1
B000VKD600,5.0,1
B000VKCYX0,5.0,1
B000VHR1CC,5.0,1
B000VHQ4OI,5.0,1
B000VDADSA,5.0,1
B000VF55VS,5.0,1
B000VEMKZI,5.0,1
B000VEKUI2,5.0,1
B000VEJV6O,5.0,1
B000VEEZOC,4.0,1
B000VE9EV6,5.0,1
B000VE0TLA,5.0,1
B000VDWKIG,5.0,1
B000VDVO6K,5.0,1
B000VDRWL6,5.0,1
B000VDROWI,5.0,1
B000VDQ1TA,5.0,1
B000VDN3JG,5.0,1
B000VDFJBG,5.0,1
B000VDFJ3Y,4.0,1
B000VDES04,5.0,1
B000VDERV4,5.0,1
B000VDER5U,5.0,1
B000VDCF1I,4.0,1
B000VDCEXW,5.0,1
B000VDCE8W,5.0,1
B000VDCDLK,5.0,1
B000VDAF9W,5.0,1
B000VDAE7A,5.0,1
B000VENQ4W,5.0,1
B000VF6XZA,4.0,1
B000VHPUPM,5.0,1
B000VF8R54,4.0,1
B000VHPBLA,5.0,1
B000VHKDOK,4.0,1
B000VHHE6A,4.0,1
B000VHHBQI,5.0,1
B000VHFSZO,5.0,1
B000VHAGC4,4.0,1
B000VH4YPO,5.0,1
B000VGTU4A,4.0,1
B000VGS9HO,5.0,1
B000VGQUUM,4.0,1
B000VGQUUC,5.0,1
B000VGMXZ8,5.0,1
B000VGLT0I,5.0,1
B000VGBC6Y,5.0,1
B000VGAHAG,5.0,1
B000VG7FFG,5.0,1
B000VG62WI,5.0,1
B000VG4FZY,5.0,1
B000VG1ASE,5.0,1
B000VG1ANY,5.0,1
B000VFWXD6,5.0,1
B000VF8UBA,5.0,1
B000S38RMM,5.0,1
B000WA2BFA,4.0,1
B000WAX8Y8,5.0,1
B000WALUW0,5.0,1
B000WACP4C,5.0,1
B000WA8F50,5.0,1
B000WA6IZE,5.0,1
B000WA6EXU,5.0,1
B000WA5IBY,5.0,1
B000WA4KOK,5.0,1
B000WA2PTW,5.0,1
B000WA2L4Q,5.0,1
B000WA2BCS,5.0,1
B000W7TDO0,5.0,1
B000WA1F5W,5.0,1
B000W9ZJ50,4.0,1
B000W9ZBIU,5.0,1
B000W9ZA9K,5.0,1
B000W9Y3SE,5.0,1
B000W9Y31Q,5.0,1
B000W9Y30M,5.0,1
B000W9Y2US,5.0,1
B000W9Y2U8,5.0,1
B000W9X7K4,5.0,1
B000W9W1YM,5.0,1
B000WAX8YI,5.0,1
B000WB3PXQ,5.0,1
B000WBFFNO,4.0,1
B000WE2ZMK,5.0,1
B000WE0B2G,5.0,1
B000WE0568,4.0,1
B000WDW684,4.0,1
B000WDTXSK,4.0,1
B000WDRLP2,5.0,1
B000WDQE1Y,4.0,1
B000WD67NY,5.0,1
B000WCXO04,5.0,1
B000WCV2R6,5.0,1
B000WCTCB4,4.0,1
B000WCR46Y,4.0,1
B000WCMQN0,5.0,1
B000WCKB46,5.0,1
B000WCIOYU,5.0,1
B000WCGL4A,5.0,1
B000WCEO8K,5.0,1
B000WCEO80,5.0,1
B000WC8EUO,5.0,1
B000WBQPP6,4.0,1
B000WBMV68,5.0,1
B000WBLZD8,5.0,1
B000W9TQ4U,5.0,1
B000W9SK4W,5.0,1
B000W9SJFW,5.0,1
B000W95T7I,4.0,1
B000W95L8U,5.0,1
B000W90H0C,5.0,1
B000W9009A,5.0,1
B000W8WZY4,5.0,1
B000W8WZW6,5.0,1
B000W8WCWY,5.0,1
B000W8URQW,5.0,1
B000W8U4HY,4.0,1
B000W8QWP2,5.0,1
B000W8QJ46,4.0,1
B000W8ND7W,5.0,1
B000W8M1V6,4.0,1
B000W8KR76,5.0,1
B000W8JZQU,5.0,1
B000W8JZNS,5.0,1
B000W8JMS6,5.0,1
B000W8I0CA,5.0,1
B000W8HRLK,5.0,1
B000W8D7ZU,5.0,1
B000W886ZG,5.0,1
B000W8820U,5.0,1
B000W99QL8,5.0,1
B000W99QYU,5.0,1
B000W9R67Y,5.0,1
B000W99SJS,5.0,1
B000W9QZX0,5.0,1
B000W9PFXQ,5.0,1
B000W9O03W,5.0,1
B000W9M3IQ,5.0,1
B000W9LSX2,4.0,1
B000W9JWQW,5.0,1
B000W9JQXG,5.0,1
B000W9IRL8,5.0,1
B000W9IBVO,5.0,1
B000W9HE3A,5.0,1
B000W9H4PI,5.0,1
B000W9H4OY,4.0,1
B000W9H4OO,5.0,1
B000W9GZ0I,5.0,1
B000W9GTFY,4.0,1
B000W9GS82,5.0,1
B000W9FS5Q,5.0,1
B000W9F7M0,5.0,1
B000W9F75C,5.0,1
B000W9F42S,5.0,1
B000W9ELWM,4.0,1
B000W9E1PO,5.0,1
B000W9BZC6,5.0,1
B000W9AQSK,4.0,1
B000WEARQ6,5.0,1
B000WEMT6M,5.0,1
B000WEO9WO,5.0,1
B000WN595G,5.0,1
B000WN58QQ,4.0,1
B000WN56JK,5.0,1
B000WN564A,5.0,1
B000WN4UT2,5.0,1
B000WN2T8Q,4.0,1
B000WMYFQQ,5.0,1
B000WMYFIY,5.0,1
B000WMSF80,5.0,1
B000WMRU2W,5.0,1
B000WMP62S,5.0,1
B000WMK646,5.0,1
B000WMK3SU,5.0,1
B000WMH7ZC,5.0,1
B000WM3JE0,5.0,1
B000WM31Y8,5.0,1
B000WLYW88,5.0,1
B000WLY0N0,5.0,1
B000WLXVPI,5.0,1
B000WLVJXO,5.0,1
B000WLU65Q,5.0,1
B000WLLQR8,5.0,1
B000WLLQNM,4.0,1
B000WLB4CU,5.0,1
B000WLA9SA,5.0,1
B000WL9Z94,5.0,1
B000WN597Y,5.0,1
B000WJOVIQ,5.0,1
B000WN5JRO,5.0,1
B000WOQC0Q,4.0,1
B000WOLX5K,4.0,1
B000WO3RPO,4.0,1
B000WO1NI2,5.0,1
B000WNX1II,4.0,1
B000WNMIH8,5.0,1
B000WNLB9O,5.0,1
B000WNFVYK,5.0,1
B000WNCC92,5.0,1
B000WNC8D2,5.0,1
B000WNC7OM,5.0,1
B000WNADHK,5.0,1
B000WNA9KG,5.0,1
B000WN9XFI,5.0,1
B000WN8A5W,5.0,1
B000WN7V20,5.0,1
B000WN6INI,5.0,1
B000WN5K2I,4.0,1
B000WJ9QDQ,5.0,1
B000WF0V70,4.0,1
B000WHOAHA,5.0,1
B000WHMBXU,4.0,1
B000WH5UFQ,5.0,1
B000WGHY5Q,4.0,1
B000WGHGFY,5.0,1
B000WGDAMM,5.0,1
B000WGD572,5.0,1
B000WGBN4O,5.0,1
B000WGB9HA,5.0,1
B000WGB7E0,5.0,1
B000WGB4HA,5.0,1
B000WG9B6G,5.0,1
B000WG7YK6,5.0,1
B000WG7SOS,5.0,1
B000WFZXUA,5.0,1
B000WFYKJK,5.0,1
B000WFWO7K,5.0,1
B000WFW6UK,5.0,1
B000WFSV36,5.0,1
B000WFQVCY,5.0,1
B000WFMSEE,5.0,1
B000WF6P6G,5.0,1
B000WF4QT4,5.0,1
B000WF4MUW,5.0,1
B000WF4BO4,5.0,1
B000WF2I4E,5.0,1
B000WF2FV0,5.0,1
B000WHMBY4,5.0,1
B000WHXOB8,4.0,1
B000WIQ2FM,5.0,1
B000WIL52M,5.0,1
B000WIKE5G,5.0,1
B000WIJ8YE,4.0,1
B000WIIO3K,5.0,1
B000WIGQVM,5.0,1
B000WIGQL2,4.0,1
B000WIGPUO,5.0,1
B000WIGPRC,5.0,1
B000WIGNH4,5.0,1
B000WIFUYG,5.0,1
B000WIFUXW,5.0,1
B000WIEURO,5.0,1
B000WIEUOC,5.0,1
B000WIEUM4,4.0,1
B000WIETLG,5.0,1
B000WIET8E,5.0,1
B000WIE5Q0,5.0,1
B000WIE4SY,5.0,1
B000WIE2EA,5.0,1
B000WIDO6M,5.0,1
B000WIDNSQ,5.0,1
B000WIDNF4,5.0,1
B000WIBN2E,5.0,1
B000WHXZJE,5.0,1
B000W7YF20,5.0,1
B000W7SXVE,5.0,1
B000VV3YUG,5.0,1
B000VWNF22,5.0,1
B000VWL966,5.0,1
B000VWL0MO,5.0,1
B000VWKD6I,5.0,1
B000VWG0X8,5.0,1
B000VVL750,5.0,1
B000VVHK8I,5.0,1
B000VVE5TA,5.0,1
B000VV9SFG,5.0,1
B000VV402W,5.0,1
B000VV3ZW8,5.0,1
B000VV3WD0,5.0,1
B000VV2GM8,5.0,1
B000VV2FLU,5.0,1
B000VV2F9W,5.0,1
B000VV2F6A,5.0,1
B000VV2EBG,5.0,1
B000VV2E5M,5.0,1
B000VV2DWQ,5.0,1
B000VV2DOY,5.0,1
B000VV2DO4,4.0,1
B000VV2CXG,5.0,1
B000VWNHT8,5.0,1
B000VXBPBO,4.0,1
B000VX4XUY,5.0,1
B000VWSDV0,4.0,1
B000VWSDMY,5.0,1
B000VWSD38,4.0,1
B000VWSD2Y,4.0,1
B000VWSCSO,5.0,1
B000VWSC2A,5.0,1
B000VWQFWE,5.0,1
B000VWQB96,5.0,1
B000VWQ9Z2,4.0,1
B000VWQ29A,5.0,1
B000VWP44O,5.0,1
B000VWP2WI,5.0,1
B000VWP27I,4.0,1
B000VWP26E,5.0,1
B000VWP20A,5.0,1
B000VWP1O2,5.0,1
B000VWP174,5.0,1
B000VWNIS8,5.0,1
B000VV2BP0,5.0,1
B000VV07R4,5.0,1
B000VV062U,5.0,1
B000VV01IY,5.0,1
B000VV00XA,5.0,1
B000VUZX5G,5.0,1
B000VUZX4W,4.0,1
B000VUZWUW,5.0,1
B000VUZWRU,5.0,1
B000VUZWPW,5.0,1
B000VUZWIE,4.0,1
B000VUZWFW,5.0,1
B000VUZ3DS,5.0,1
B000VUZ2RU,5.0,1
B000VUZ2Q6,5.0,1
B000VUZ1XU,5.0,1
B000VUZ1DA,5.0,1
B000VUZ1CQ,5.0,1
B000VUZ0M2,5.0,1
B000VUZ0LS,5.0,1
B000VUZ0AE,5.0,1
B000VUYZTQ,4.0,1
B000VUYZCS,5.0,1
B000VUYV68,5.0,1
B000VUYT56,5.0,1
B000VV06AW,5.0,1
B000VV09OA,5.0,1
B000VV26Z0,5.0,1
B000VV26DC,5.0,1
B000VV25EM,4.0,1
B000VV23GM,5.0,1
B000VV20S8,5.0,1
B000VV1ZI4,5.0,1
B000VV1YBW,5.0,1
B000VV1XMW,5.0,1
B000VV1X22,5.0,1
B000VV1W14,5.0,1
B000VV1TD0,4.0,1
B000VV1RLY,5.0,1
B000VV1PQ6,5.0,1
B000VV0N00,5.0,1
B000VV0L0W,5.0,1
B000VV0KEO,5.0,1
B000VV0HJM,4.0,1
B000VV0EQS,5.0,1
B000VV0E4A,5.0,1
B000VV0DQ4,5.0,1
B000VV0BMA,5.0,1
B000VV0BFW,5.0,1
B000VXIBQQ,5.0,1
B000VXIC6A,5.0,1
B000VXOMJQ,5.0,1
B000W5GA7K,5.0,1
B000W5BSRM,5.0,1
B000W5BQ2O,4.0,1
B000W553KK,5.0,1
B000W4TI8Y,5.0,1
B000W4SW5E,5.0,1
B000W4PGE4,5.0,1
B000W4O3IE,4.0,1
B000W48MO0,4.0,1
B000W48BQ4,5.0,1
B000W44LDG,5.0,1
B000W44LBI,4.0,1
B000W42Y4O,5.0,1
B000W41L84,5.0,1
B000W40ILU,5.0,1
B000W3ZGO0,5.0,1
B000W3VIQK,5.0,1
B000W3T4HK,5.0,1
B000W3RMF6,5.0,1
B000W3RK3A,4.0,1
B000W3RJEA,4.0,1
B000W3RB84,5.0,1
B000W3Q1FS,5.0,1
B000W2GVWW,5.0,1
B000W2CECI,5.0,1
B000W29534,4.0,1
B000W250IS,5.0,1
B000W5IDK2,5.0,1
B000W5R5XI,5.0,1
B000W7PL64,5.0,1
B000W7PGOG,5.0,1
B000W7NYG8,5.0,1
B000W7NB34,5.0,1
B000W7N79C,4.0,1
B000W7M2GQ,5.0,1
B000W7M2C0,4.0,1
B000W7M2B6,4.0,1
B000W7LOZQ,5.0,1
B000W7KTUC,5.0,1
B000W7JV9M,5.0,1
B000W7IUY4,4.0,1
B000W7GK46,5.0,1
B000W7G5IM,5.0,1
B000W7FD6C,5.0,1
B000W7DMIS,5.0,1
B000W7DMH4,5.0,1
B000W7D2TW,5.0,1
B000W7BX7K,5.0,1
B000W7BX5M,5.0,1
B000W78GUW,5.0,1
B000W77YOG,5.0,1
B000W6950I,5.0,1
B000W67CD0,4.0,1
B000W5W1ZK,5.0,1
B000W5R6O6,5.0,1
B000W22TO6,5.0,1
B000W1U5A2,5.0,1
B000W0KQTI,5.0,1
B000W0D4RY,5.0,1
B000W0C0OC,5.0,1
B000W0ASN2,5.0,1
B000W081B8,5.0,1
B000W07YRK,5.0,1
B000W052A6,5.0,1
B000VZVP7G,5.0,1
B000VZTT4C,5.0,1
B000VZKH1Q,5.0,1
B000VZK3SI,5.0,1
B000VZ293K,4.0,1
B000VYSTJ4,4.0,1
B000VYKUJ6,5.0,1
B000VYISRW,5.0,1
B000VXWZC2,5.0,1
B000VXSV3E,5.0,1
B000VXSFVW,4.0,1
B000W0GY4Y,4.0,1
B000W0NUYQ,5.0,1
B000W0OP2W,5.0,1
B000W1S1FI,5.0,1
B000W16IZI,4.0,1
B000W14OEK,5.0,1
B000W12X4S,5.0,1
B000W10W6O,5.0,1
B000W10F2A,5.0,1
B000W0Z4PO,5.0,1
B000W0YC34,5.0,1
B000W0Y64E,5.0,1
B000W0XHNA,5.0,1
B000W0WY1G,5.0,1
B000W0WMD6,5.0,1
B000W0VMDC,5.0,1
B000W0V2BY,5.0,1
B000W0URLK,4.0,1
B000W0UO9K,5.0,1
B000W0TNC4,5.0,1
B000W0SEAQ,5.0,1
B000W0R498,5.0,1
B000W0R1KU,5.0,1
B000W0R0TW,5.0,1
B000W0R0T2,5.0,1
B000V72W44,5.0,1
B000V72UWS,5.0,1
B000V70TL2,5.0,1
B000TBZHYE,5.0,1
B000TD4RLQ,5.0,1
B000TD4QLW,5.0,1
B000TD0UMG,4.0,1
B000TCVE9K,5.0,1
B000TCU7MA,5.0,1
B000TCFXJC,4.0,1
B000TC32CC,5.0,1
B000TC2UEI,5.0,1
B000TC2SMM,4.0,1
B000TC1CXS,5.0,1
B000TC19FO,5.0,1
B000TC194U,4.0,1
B000TBYGO6,5.0,1
B000TBXPVG,5.0,1
B000TBW7YC,5.0,1
B000TBTXVW,4.0,1
B000TBTGO6,4.0,1
B000TBM7OM,5.0,1
B000TBK8NY,5.0,1
B000TB1NUG,5.0,1
B000TAXG5M,4.0,1
B000TAWINS,5.0,1
B000TA83ZK,5.0,1
B000TD5JLS,5.0,1
B000TD5K62,4.0,1
B000TD5KTY,5.0,1
B000TD7NEO,5.0,1
B000TGC52Q,5.0,1
B000TGA3VQ,5.0,1
B000TGA29E,5.0,1
B000TG85D4,5.0,1
B000TG84IA,5.0,1
B000TG83WC,5.0,1
B000TG64Q4,5.0,1
B000TG4R0E,5.0,1
B000TG43J4,5.0,1
B000TG2LF2,5.0,1
B000TG2LD4,4.0,1
B000TG1NAQ,5.0,1
B000TG07N0,5.0,1
B000TFWPPO,5.0,1
B000TFVVBS,5.0,1
B000TFUSYO,5.0,1
B000TFUC3Q,5.0,1
B000TF6Q7C,5.0,1
B000TDVODA,5.0,1
B000TDTBK8,5.0,1
B000TDQKFM,5.0,1
B000TDGAIY,4.0,1
B000TDDL7W,5.0,1
B000TA6PVY,5.0,1
B000TA3S8C,5.0,1
B000TA3166,4.0,1
B000T2SAOW,5.0,1
B000T2E3PM,5.0,1
B000T2DHH2,4.0,1
B000T2CZ98,5.0,1
B000T2CCUU,5.0,1
B000T26NLO,5.0,1
B000T21KF8,4.0,1
B000T1XOG2,5.0,1
B000T1LLIK,5.0,1
B000SZVZEM,5.0,1
B000SZSDHE,5.0,1
B000SZQ0T2,5.0,1
B000SZNJJQ,5.0,1
B000SZLDF8,5.0,1
B000SX6C6A,5.0,1
B000SX329K,5.0,1
B000SX31GE,5.0,1
B000SX0YZA,4.0,1
B000SX0YJQ,5.0,1
B000SWZPK0,5.0,1
B000SWXZOS,5.0,1
B000SWXZM0,5.0,1
B000STAYPE,5.0,1
B000ST9DKQ,5.0,1
B000ST7SH6,5.0,1
B000T2HSOU,5.0,1
B000T2UCTS,5.0,1
B000TA1M9E,5.0,1
B000T2VZWQ,5.0,1
B000TA1M3A,5.0,1
B000T9X0Y0,5.0,1
B000T9UHVE,5.0,1
B000T9939G,5.0,1
B000T8XPLO,5.0,1
B000T5X81E,5.0,1
B000T5NCW4,5.0,1
B000T5MGB2,4.0,1
B000T5IG0M,5.0,1
B000T50UT2,5.0,1
B000T50UJW,5.0,1
B000T50KA6,5.0,1
B000T4YRHE,5.0,1
B000T4YH1U,5.0,1
B000T4DSII,5.0,1
B000T42KMI,5.0,1
B000T3ZYYU,5.0,1
B000T3XVKO,4.0,1
B000T3LVU6,5.0,1
B000T3ANSW,5.0,1
B000T34Q0S,5.0,1
B000T2Y0JQ,5.0,1
B000T2XZR4,5.0,1
B000T2X49I,5.0,1
B000TGC8OQ,4.0,1
B000TGCJT0,5.0,1
B000TGEGVO,5.0,1
B000TQY6F0,5.0,1
B000TQY6EQ,5.0,1
B000TQOSCQ,5.0,1
B000TQHTQI,5.0,1
B000TQG4P0,5.0,1
B000TQG3N8,5.0,1
B000TQFPHI,5.0,1
B000TQETHA,5.0,1
B000TQETF2,5.0,1
B000TQER36,5.0,1
B000TQCCFG,5.0,1
B000TQCCEC,5.0,1
B000TQ9IZ8,5.0,1
B000TOEVFM,5.0,1
B000TOAVQA,4.0,1
B000TO7CHG,5.0,1
B000TO401W,5.0,1
B000TNRFYC,5.0,1
B000TNQVMO,5.0,1
B000TNQRKK,5.0,1
B000TNF7MO,5.0,1
B000TN9P22,5.0,1
B000TN89QK,5.0,1
B000TN5Z80,5.0,1
B000TN5X9Q,5.0,1
B000TN4HWK,5.0,1
B000TR28O0,5.0,1
B000TRVMR4,5.0,1
B000TN4E9G,5.0,1
B000TSB2WS,4.0,1
B000TX5V7K,5.0,1
B000TX5TRC,5.0,1
B000TWYRKS,5.0,1
B000TVNDTU,5.0,1
B000TVGXFQ,5.0,1
B000TVFN52,4.0,1
B000TVCBF2,4.0,1
B000TVA4LA,5.0,1
B000TUNMW4,5.0,1
B000TUDQZW,5.0,1
B000TTQBD2,4.0,1
B000TTLCG8,4.0,1
B000TTLCCC,5.0,1
B000TTLBYG,4.0,1
B000TTJZM6,5.0,1
B000TTJYTK,5.0,1
B000TTHV9K,4.0,1
B000TT587M,5.0,1
B000TT0EIA,5.0,1
B000TSYXTC,5.0,1
B000TN4FLI,5.0,1
B000TN3RK8,5.0,1
B000TGEJI4,4.0,1
B000TKBMOE,5.0,1
B000TKB20S,4.0,1
B000TK9SAE,5.0,1
B000TK6M7G,5.0,1
B000TK4QWE,5.0,1
B000TK2RYS,4.0,1
B000TJYSQE,5.0,1
B000TJT3SC,5.0,1
B000TJGQ8M,5.0,1
B000TJF2SM,5.0,1
B000TJC366,5.0,1
B000TJADZO,5.0,1
B000TINMH6,5.0,1
B000THM1W4,5.0,1
B000THL724,5.0,1
B000THHNIQ,5.0,1
B000THEXKW,5.0,1
B000TH9IAW,5.0,1
B000TH7VWY,5.0,1
B000TH5PP4,5.0,1
B000TH42OO,5.0,1
B000TGYJ0W,5.0,1
B000TGSOVC,5.0,1
B000TGQAY0,5.0,1
B000TGEJZ2,5.0,1
B000TKBMEE,4.0,1
B000TN2AOC,5.0,1
B000TN1Z52,5.0,1
B000TN1VMO,5.0,1
B000TN0J5Y,5.0,1
B000TN0J4U,5.0,1
B000TN0HQK,5.0,1
B000TMZFKO,4.0,1
B000TMQOVI,5.0,1
B000TMLU4E,5.0,1
B000TM8RAE,4.0,1
B000TM86YG,5.0,1
B000TM5GHQ,5.0,1
B000TLX1H4,5.0,1
B000TLB4UK,5.0,1
B000TKZKJW,4.0,1
B000TKZBIC,4.0,1
B000TKXEQI,5.0,1
B000TKS54O,5.0,1
B000TKS530,5.0,1
B000TKS4OA,5.0,1
B000TKQD52,4.0,1
B000TKONNG,4.0,1
B000TKO6VK,5.0,1
B000TKO6UQ,4.0,1
B000TKK72M,4.0,1
B000TKK6TG,5.0,1
B000TKITPO,5.0,1
B000ST7OEI,5.0,1
B000V6ZKPI,5.0,1
B000SBBYRY,5.0,1
B000SDMZP2,5.0,1
B000SDKUZO,5.0,1
B000SBRXU6,4.0,1
B000SBJXKE,5.0,1
B000SBHI88,5.0,1
B000SBGML2,5.0,1
B000SBGLAO,5.0,1
B000SBF876,5.0,1
B000SB121C,5.0,1
B000SSUFGI,5.0,1
B000SAVAZ6,5.0,1
B000SATPW6,5.0,1
B000SATISW,5.0,1
B000SASL80,5.0,1
B000SANNAQ,5.0,1
B000SABZEC,5.0,1
B000S9PXNW,5.0,1
B000S9KYOU,5.0,1
B000S9KX8C,5.0,1
B000S9KWP6,5.0,1
B000S9KTM2,5.0,1
B000SDP8IS,5.0,1
B000SDROL2,5.0,1
B000SDSG5K,5.0,1
B000SI4RW6,5.0,1
B000SI43D4,5.0,1
B000SI43AM,5.0,1
B000SHTUM4,5.0,1
B000SHRRS8,5.0,1
B000SHM9RM,5.0,1
B000SGAUGA,5.0,1
B000SFQW5O,5.0,1
B000SFLRW2,5.0,1
B000SFBXWG,4.0,1
B000SFBWUE,5.0,1
B000SER7YU,5.0,1
B000SEN9BK,5.0,1
B000SE9GTE,5.0,1
B000SE81DG,5.0,1
B000SE3QDQ,5.0,1
B000SE1VQ0,5.0,1
B000SE0PLM,5.0,1
B000SDZKHW,5.0,1
B000SDXOWA,4.0,1
B000SDX0XS,5.0,1
B000SDVA26,5.0,1
B000SDV6DE,4.0,1
B000SDT9QU,5.0,1
B000S9J9E6,4.0,1
B000S9J99G,4.0,1
B000S9HL8W,5.0,1
B000S838ZI,5.0,1
B000S8228M,5.0,1
B000S81ZOY,5.0,1
B000S81X7S,5.0,1
B000S81WN8,5.0,1
B000S81VJI,5.0,1
B000S7ZWBM,5.0,1
B000S7ZUIC,4.0,1
B000S751LS,5.0,1
B000S6SVOS,5.0,1
B000S6S8XM,4.0,1
B000S6RM2U,5.0,1
B000S6GNC0,5.0,1
B000S6BTLU,5.0,1
B000S6BDYI,5.0,1
B000S68KDA,5.0,1
B000S65GKU,5.0,1
B000S63NMS,4.0,1
B000S60EEI,5.0,1
B000S5WS5M,5.0,1
B000S5WFGO,5.0,1
B000S5II38,5.0,1
B000S582MK,5.0,1
B000S3UQP8,5.0,1
B000S8268I,5.0,1
B000S83FRY,5.0,1
B000S9HL4Q,5.0,1
B000S83IFI,4.0,1
B000S9BMP0,5.0,1
B000S98AUA,5.0,1
B000S97MXQ,5.0,1
B000S97LX2,5.0,1
B000S97LUK,4.0,1
B000S95R56,4.0,1
B000S95QYI,5.0,1
B000S95QW0,5.0,1
B000S95QUW,5.0,1
B000S95QAW,5.0,1
B000S94IVU,5.0,1
B000S94HBG,5.0,1
B000S92RX6,5.0,1
B000S902Z6,5.0,1
B000S8HC8C,4.0,1
B000S85D60,4.0,1
B000S85C66,5.0,1
B000S855T0,5.0,1
B000S8531K,5.0,1
B000S84YLA,5.0,1
B000S84XSE,5.0,1
B000S84VAO,5.0,1
B000S83J1Q,5.0,1
B000SI5R8Y,4.0,1
B000SI5RGG,5.0,1
B000SQK7A4,5.0,1
B000SPHBQI,5.0,1
B000SPDE6O,5.0,1
B000SP8KJU,5.0,1
B000SP3UZY,5.0,1
B000SOYE82,5.0,1
B000SOYE64,5.0,1
B000SOU7DI,5.0,1
B000SOT1JO,5.0,1
B000SOPBY8,5.0,1
B000SOOMXE,5.0,1
B000SON4HO,4.0,1
B000SOM754,5.0,1
B000SOLIJA,5.0,1
B000SOH9ES,4.0,1
B000SOGND6,5.0,1
B000SOEMQG,5.0,1
B000SODK6O,5.0,1
B000SNWQRE,5.0,1
B000SNWMBY,4.0,1
B000SNSMKO,5.0,1
B000SQHNNS,5.0,1
B000SQKNFS,4.0,1
B000SQMDL0,5.0,1
B000SSTU2I,5.0,1
B000SST4Y2,5.0,1
B000SSSWD6,5.0,1
B000SSRPL6,5.0,1
B000SSRIEU,5.0,1
B000SSQK8A,5.0,1
B000SSPWB6,5.0,1
B000SSNSBW,5.0,1
B000SSHQKQ,5.0,1
B000SSG1LG,5.0,1
B000SSG08A,4.0,1
B000SSDVNW,5.0,1
B000SRVRBQ,4.0,1
B000SRUP50,5.0,1
B000SRUG1S,4.0,1
B000SRTPJ2,5.0,1
B000SRTO6G,5.0,1
B000SRPYBA,5.0,1
B000SRPDZW,5.0,1
B000SR2ZZI,5.0,1
B000SR2INC,5.0,1
B000SQVW3U,4.0,1
B000SQUKH4,5.0,1
B000SQTLAQ,5.0,1
B000SQPTF2,5.0,1
B000SQPD1W,4.0,1
B000SNR7UU,5.0,1
B000SI5RXY,4.0,1
B000SKYB3Y,5.0,1
B000SKYAP8,5.0,1
B000SKXVG2,5.0,1
B000SKX9YQ,5.0,1
B000SJZE68,5.0,1
B000SJW2RC,5.0,1
B000SJJVZ8,4.0,1
B000SJJBBM,5.0,1
B000SJ640S,5.0,1
B000SIQMHY,5.0,1
B000SIQKP8,5.0,1
B000SIQ0L2,5.0,1
B000SIO8K2,5.0,1
B000SIO8H0,5.0,1
B000SIO8BG,5.0,1
B000SIMMPK,5.0,1
B000SIMMJ6,5.0,1
B000SIIIU8,5.0,1
B000SIFG3A,5.0,1
B000SIF3XI,5.0,1
B000SI96OA,5.0,1
B000SI95NC,5.0,1
B000SI95DM,5.0,1
B000SI7K7U,5.0,1
B000SI69PO,5.0,1
B000SI69NQ,5.0,1
B000SKYS28,5.0,1
B000SLIRUQ,5.0,1
B000SLOYLM,5.0,1
B000SNNQZK,5.0,1
B000SNN222,5.0,1
B000SNN21I,4.0,1
B000SNLXUK,5.0,1
B000SNLGSE,5.0,1
B000SNKKTU,5.0,1
B000SNINAI,5.0,1
B000SND1DM,4.0,1
B000SMRVJS,5.0,1
B000SMPT1K,4.0,1
B000SMPSO8,5.0,1
B000SMPS52,5.0,1
B000SMPS48,5.0,1
B000SMNPCA,5.0,1
B000SMNPAW,5.0,1
B000SMNP8O,5.0,1
B000SMMNG4,5.0,1
B000SMMNAU,5.0,1
B000SLYMBO,5.0,1
B000SLUEWA,5.0,1
B000SLTOC6,5.0,1
B000TYBUGA,4.0,1
B000TYHIZC,4.0,1
B000USCM5I,4.0,1
B000UTZ4B6,4.0,1
B000UTXMBA,5.0,1
B000UTVF9Q,5.0,1
B000UTTHUK,5.0,1
B000UTQ47E,5.0,1
B000UTMUFO,5.0,1
B000UTFZ4W,5.0,1
B000UTBINY,5.0,1
B000USP4ZS,5.0,1
B000USCPBY,5.0,1
B000USCOAQ,5.0,1
B000USCM3K,5.0,1
B000USCKUK,4.0,1
B000USAMQ4,5.0,1
B000USALJM,5.0,1
B000US9BKW,5.0,1
B000US7GGI,5.0,1
B000US7FT6,5.0,1
B000US7FBY,5.0,1
B000US7960,5.0,1
B000UU45KG,5.0,1
B000UU6FJA,5.0,1
B000UUC0EE,5.0,1
B000UW5RGU,5.0,1
B000UW4E7I,5.0,1
B000UVY5WS,5.0,1
B000UVW9EO,4.0,1
B000UVRXOU,5.0,1
B000UVOJJM,5.0,1
B000UVM9LC,5.0,1
B000UVFIG0,5.0,1
B000UVCYL2,5.0,1
B000UV60JO,5.0,1
B000UV603K,5.0,1
B000UV3Z7O,5.0,1
B000UV0216,5.0,1
B000UUYGLE,5.0,1
B000UUXGCO,4.0,1
B000UURD00,5.0,1
B000UUQZNG,5.0,1
B000UUO5VK,5.0,1
B000UUNA2A,5.0,1
B000UUH51M,5.0,1
B000UUC4TU,5.0,1
B000US5PCK,5.0,1
B000US5P6G,5.0,1
B000US3XE2,4.0,1
B000UQ2F4S,5.0,1
B000UPPQA4,5.0,1
B000UPE6JG,5.0,1
B000UPAOX8,5.0,1
B000UPAB22,5.0,1
B000UP8HRS,5.0,1
B000UOL99W,5.0,1
B000UOKDOO,5.0,1
B000UOJIAO,4.0,1
B000UOJFHU,5.0,1
B000UOE0ZC,5.0,1
B000UODKNK,5.0,1
B000UODGZM,5.0,1
B000UOANNA,5.0,1
B000UO9Y80,4.0,1
B000UO93P4,5.0,1
B000UO8HKQ,5.0,1
B000UO7ANQ,5.0,1
B000UN6B8C,5.0,1
B000UMRK42,5.0,1
B000UMM6ZK,4.0,1
B000UMJU86,4.0,1
B000UMI366,5.0,1
B000UMI0BE,5.0,1
B000UMCJ6Q,5.0,1
B000UPSCG4,5.0,1
B000UQ53RO,4.0,1
B000US3WPC,5.0,1
B000UQ8ZG0,5.0,1
B000US25CS,5.0,1
B000US07VO,5.0,1
B000URYTVY,5.0,1
B000URY9NW,5.0,1
B000URWZBK,5.0,1
B000URVDDQ,4.0,1
B000URR3BM,5.0,1
B000UR9AJ0,5.0,1
B000UQKK8G,5.0,1
B000UQKHFC,5.0,1
B000UQKGLC,4.0,1
B000UQKEBE,5.0,1
B000UQKDW4,4.0,1
B000UQISGC,5.0,1
B000UQIR04,5.0,1
B000UQIN1C,5.0,1
B000UQF5M2,5.0,1
B000UQEMX0,5.0,1
B000UQE0HI,5.0,1
B000UQDWDG,4.0,1
B000UWCX7G,5.0,1
B000UWFADU,4.0,1
B000UWGMUK,5.0,1
B000V41FXQ,4.0,1
B000V3UO7U,5.0,1
B000V3TF20,5.0,1
B000V3SY0E,5.0,1
B000V3RYYG,4.0,1
B000V3REC8,5.0,1
B000V3PZRY,5.0,1
B000V3PYSE,5.0,1
B000V3OLHY,5.0,1
B000V3OLGK,4.0,1
B000V3OL2Y,5.0,1
B000V3OBMO,4.0,1
B000V3ME1O,5.0,1
B000V3LIXE,4.0,1
B000V3KXI0,5.0,1
B000V3JGMO,5.0,1
B000V3JBCY,5.0,1
B000V3J4EE,5.0,1
B000V39OLW,5.0,1
B000V38LJS,5.0,1
B000V35HOK,5.0,1
B000V34CAU,5.0,1
B000V33NMI,5.0,1
B000V33NHS,5.0,1
B000V32NMY,5.0,1
B000V31ZQ4,5.0,1
B000V2VWT0,4.0,1
B000V2FB9C,5.0,1
B000V3YGX8,5.0,1
B000V45OEC,5.0,1
B000V2EXLE,5.0,1
B000V45S7U,5.0,1
B000V6Z8RS,5.0,1
B000V6YRCA,5.0,1
B000V6YMOI,5.0,1
B000V6Q5OS,5.0,1
B000V6F67A,5.0,1
B000V6DMW6,5.0,1
B000V6BCTG,5.0,1
B000V5TF00,5.0,1
B000V5PC1G,5.0,1
B000V5M05W,5.0,1
B000V5K69O,5.0,1
B000V5JL9A,5.0,1
B000V5JL6I,5.0,1
B000V5JKYQ,5.0,1
B000V5IUTC,5.0,1
B000V5FMFM,5.0,1
B000V5FHE8,5.0,1
B000V5FG76,5.0,1
B000V5FE2I,5.0,1
B000V58AXS,5.0,1
B000V53K88,5.0,1
B000V52DSQ,5.0,1
B000V502V6,5.0,1
B000V4UPI2,5.0,1
B000V47CHY,5.0,1
B000V2F17Y,4.0,1
B000V2EXJ6,4.0,1
B000UWGXAO,5.0,1
B000V0CWQY,5.0,1
B000UZVSCE,5.0,1
B000UZVOA0,5.0,1
B000UZUCFS,5.0,1
B000UZUAKK,5.0,1
B000UZS5Z2,5.0,1
B000UZP9IS,5.0,1
B000UZGIHO,5.0,1
B000UYJAM0,5.0,1
B000UYCKRC,5.0,1
B000UY8AR6,5.0,1
B000UY0WCC,5.0,1
B000UXZ1RE,5.0,1
B000UXZ09I,5.0,1
B000UXX2CU,5.0,1
B000UXUH8C,5.0,1
B000UXTNH8,4.0,1
B000UXOY4U,5.0,1
B000UX9UJE,4.0,1
B000UX08WC,5.0,1
B000UWXL2C,5.0,1
B000UWT6WG,5.0,1
B000UWSEOW,5.0,1
B000UWQUKC,4.0,1
B000UWISA2,5.0,1
B000UWHYI4,5.0,1
B000UZZM6C,5.0,1
B000V0F1HQ,5.0,1
B000V2EUDK,5.0,1
B000V0FRQG,5.0,1
B000V278J8,5.0,1
B000V242VU,4.0,1
B000V22PZ0,4.0,1
B000V22PW8,5.0,1
B000V20U3Y,5.0,1
B000V20NSQ,5.0,1
B000V20FPM,5.0,1
B000V1XO4C,5.0,1
B000V1XMC6,4.0,1
B000V1WEMA,5.0,1
B000V1VP48,5.0,1
B000V1SDNE,5.0,1
B000V1PL4I,5.0,1
B000V1PKA8,4.0,1
B000V1M7PO,5.0,1
B000V12HRC,5.0,1
B000V12H5E,5.0,1
B000V10M42,5.0,1
B000V0YL6I,5.0,1
B000V0YJXI,5.0,1
B000V0YBRM,5.0,1
B000V0ILYG,5.0,1
B000ULZ2X4,5.0,1
B000ULREYE,5.0,1
B000UA0P5A,4.0,1
B000U91MIU,4.0,1
B000U8UFI4,5.0,1
B000U8UEQC,5.0,1
B000U8SWUC,5.0,1
B000U8QYBQ,5.0,1
B000U8O9G8,5.0,1
B000U8KW1Y,5.0,1
B000U8G7LI,5.0,1
B000U8E1ZW,4.0,1
B000U895QW,5.0,1
B000U82O2O,5.0,1
B000U829GK,5.0,1
B000U81C2C,5.0,1
B000U817YA,5.0,1
B000U7ZC9M,4.0,1
B000U7UXK0,5.0,1
B000U7T5PY,5.0,1
B000U7QE30,5.0,1
B000U7PT2W,5.0,1
B000U7PD1O,5.0,1
B000U7OUQ8,5.0,1
B000UB869G,5.0,1
B000UB9VSQ,5.0,1
B000UDXOQY,5.0,1
B000UDJ38C,5.0,1
B000UDGMDG,5.0,1
B000UD62OK,5.0,1
B000UD62OA,5.0,1
B000UD4K5I,5.0,1
B000UD4K44,4.0,1
B000UCZERC,5.0,1
B000UCW1VY,5.0,1
B000UCQ16K,5.0,1
B000UCP01C,5.0,1
B000UCKNCS,5.0,1
B000UCH5QA,5.0,1
B000UCB98K,4.0,1
B000UC84FQ,5.0,1
B000UC7WX6,5.0,1
B000UC7WRC,5.0,1
B000UC5XNM,5.0,1
B000UC45X6,5.0,1
B000UBV0FS,5.0,1
B000UBT1YA,5.0,1
B000UBS3IA,5.0,1
B000UBNOA2,5.0,1
B000UBIPT2,5.0,1
B000UBHAWK,5.0,1
B000U7NDHK,4.0,1
B000U6QIXM,5.0,1
B000UEC2M0,5.0,1
B000U1ZNVU,5.0,1
B000U1Y7P8,5.0,1
B000U1XR0O,5.0,1
B000U1UVV2,4.0,1
B000U1U3H4,5.0,1
B000U1U14E,5.0,1
B000U139N4,4.0,1
B000U0HGM0,5.0,1
B000U0FHVC,5.0,1
B000U0EVBY,5.0,1
B000U0CUWQ,4.0,1
B000U0722E,5.0,1
B000U04ZPQ,5.0,1
B000U04ZOC,4.0,1
B000U03B1U,4.0,1
B000U01BU8,5.0,1
B000TZZH9U,5.0,1
B000TZS6FM,5.0,1
B000TZLUVE,5.0,1
B000TZG98S,5.0,1
B000TZELXI,5.0,1
B000TZELAQ,5.0,1
B000TZ8TEA,5.0,1
B000U1Y92O,5.0,1
B000U207OM,5.0,1
B000U6NZCO,5.0,1
B000U212GE,4.0,1
B000U6KJ0A,5.0,1
B000U6KIKG,4.0,1
B000U6KIJW,5.0,1
B000U6KIBK,5.0,1
B000U6IZPQ,5.0,1
B000U6IZC4,5.0,1
B000U6GWWY,5.0,1
B000U6GWV0,5.0,1
B000U6FBS0,4.0,1
B000U6EU1O,5.0,1
B000U6ETJC,5.0,1
B000U6CRVO,5.0,1
B000U6CRNM,5.0,1
B000U6BDG4,5.0,1
B000U611FW,5.0,1
B000U5Y3IK,5.0,1
B000U5W71A,5.0,1
B000U5HZR6,5.0,1
B000U586HY,5.0,1
B000U3DPI6,5.0,1
B000U2XE0Q,5.0,1
B000U2NM76,5.0,1
B000U2B0VQ,4.0,1
B000U26YIK,5.0,1
B000UE9JBC,5.0,1
B000UEEE76,5.0,1
B000ULRCX2,5.0,1
B000ULLLLQ,5.0,1
B000ULKS10,5.0,1
B000ULK950,5.0,1
B000ULJO60,5.0,1
B000ULJNTS,5.0,1
B000ULJE06,4.0,1
B000ULIXTO,5.0,1
B000ULIH22,4.0,1
B000ULHYIU,5.0,1
B000ULHEAI,4.0,1
B000ULHDQS,5.0,1
B000ULH35Y,5.0,1
B000ULH2TQ,5.0,1
B000ULGUT4,5.0,1
B000ULGUNU,4.0,1
B000ULGR24,5.0,1
B000ULGQZC,5.0,1
B000ULGN64,5.0,1
B000ULGN50,5.0,1
B000ULGMTM,5.0,1
B000ULGMCY,5.0,1
B000ULF946,5.0,1
B000ULF90K,5.0,1
B000ULF8UG,5.0,1
B000ULF8QK,5.0,1
B000ULLIW8,5.0,1
B000ULLN0U,4.0,1
B000ULESKC,5.0,1
B000ULLN78,5.0,1
B000ULRBH4,5.0,1
B000ULR3RM,5.0,1
B000ULQZHQ,5.0,1
B000ULQYXQ,5.0,1
B000ULPKZO,5.0,1
B000ULPFQ8,5.0,1
B000ULPDKQ,5.0,1
B000ULPCZM,5.0,1
B000ULPCUC,5.0,1
B000ULPCRU,4.0,1
B000ULP9R8,5.0,1
B000ULP86A,5.0,1
B000ULP860,4.0,1
B000ULP3V0,5.0,1
B000ULOZZA,5.0,1
B000ULOO7E,5.0,1
B000ULNK2O,5.0,1
B000ULNI8K,5.0,1
B000ULNH2C,5.0,1
B000ULNFBA,5.0,1
B000ULNF1U,4.0,1
B000ULNEVQ,5.0,1
B000ULN9TI,4.0,1
B000ULN4P2,5.0,1
B000ULMNHM,5.0,1
B000ULLR92,5.0,1
B000ULLP76,5.0,1
B000ULESL6,5.0,1
B000ULDAFQ,5.0,1
B000UEER9G,5.0,1
B000UIBEKW,5.0,1
B000UIBDPS,4.0,1
B000UI9P3U,5.0,1
B000UI9G9S,4.0,1
B000UI9G98,4.0,1
B000UI7TZQ,5.0,1
B000UI7S5C,5.0,1
B000UI7RYE,5.0,1
B000UI7QGS,5.0,1
B000UHNJF6,5.0,1
B000UH6Q42,4.0,1
B000UH4TJQ,4.0,1
B000UH0URG,5.0,1
B000UGZC8O,4.0,1
B000UGXFCO,5.0,1
B000UGN4KM,5.0,1
B000UGM6PQ,5.0,1
B000UFUVXG,5.0,1
B000UFMT5E,5.0,1
B000UF2YB8,5.0,1
B000UEUM4K,5.0,1
B000UESVIY,4.0,1
B000UIBF60,5.0,1
B000UICQ9K,4.0,1
B000ULD9SO,5.0,1
B000ULD1Q4,5.0,1
B000ULCUCU,5.0,1
B000ULBFOE,5.0,1
B000ULBCGK,5.0,1
B000ULBC7Y,5.0,1
B000ULAWO8,4.0,1
B000UL9BTA,5.0,1
B000UL98DE,5.0,1
B000UL97PI,5.0,1
B000UL944W,5.0,1
B000UL943S,5.0,1
B000UL93N4,4.0,1
B000UKUK0U,5.0,1
B000UKOS6M,5.0,1
B000UJZT1G,4.0,1
B000UJVUZK,5.0,1
B000UJU39O,4.0,1
B000UJOR8W,5.0,1
B000UJLGOK,5.0,1
B000UJHBLC,5.0,1
B000UJHA40,5.0,1
B000UJE82W,5.0,1
B000UJ5OXY,4.0,1
B000UIEOBI,5.0,1
B000UIENTG,5.0,1
B000UIENIW,5.0,1
B000UIELKM,5.0,1
B003JVE57Q,5.0,1
B003JVPG1U,5.0,1
B006NGFHDU,5.0,1
B006NOF2U0,5.0,1
B006NO33XI,5.0,1
B006NNXGSG,5.0,1
B006NL2GWK,5.0,1
B006NKM16C,5.0,1
B006NHOO42,5.0,1
B006NGRC2O,4.0,1
B006NGPFDM,5.0,1
B006NG30KC,5.0,1
B006NFGD5M,5.0,1
B006NFBCE4,5.0,1
B006NFBC2Q,5.0,1
B006NF4G6A,5.0,1
B006NF0BY6,4.0,1
B006NEXIWE,5.0,1
B006NCQA62,5.0,1
B006NBVDPQ,5.0,1
B006NBE3US,4.0,1
B006NBCZW6,5.0,1
B006NBCZSK,5.0,1
B006NBCZOO,5.0,1
B006NBCYT0,5.0,1
B006NOFT94,5.0,1
B006NOG24A,5.0,1
B006NOG2IG,5.0,1
B006NOG3U8,5.0,1
B006O2YF6S,4.0,1
B006O2R95W,4.0,1
B006O2NFPU,5.0,1
B006O2I5PU,5.0,1
B006O2GI2W,5.0,1
B006O2CN76,5.0,1
B006O2AO7W,4.0,1
B006O1QR1A,5.0,1
B006O08CWS,5.0,1
B006O08BHE,5.0,1
B006NZB4GK,5.0,1
B006NZ4BBU,5.0,1
B006NY3U9K,5.0,1
B006NVDWGE,5.0,1
B006NTVFMY,5.0,1
B006NRXS6C,5.0,1
B006NQV6FS,5.0,1
B006NQO6NM,5.0,1
B006NQM99A,5.0,1
B006NPR6K8,5.0,1
B006NOPV6U,5.0,1
B006NOH2H6,5.0,1
B006NBAYJ2,5.0,1
B006NBAYEW,5.0,1
B006N3EY3C,5.0,1
B006N2045K,4.0,1
B006N0ZOK2,5.0,1
B006N0P07E,5.0,1
B006N0H0FE,4.0,1
B006N0BW76,5.0,1
B006N0BV4K,5.0,1
B006N0BKDC,5.0,1
B006MY7E16,5.0,1
B006MXG3JG,5.0,1
B006MX06FI,4.0,1
B006MWYS7G,4.0,1
B006MWQUTK,5.0,1
B006MWP000,5.0,1
B006MWLQ2Q,5.0,1
B006MW1RE8,4.0,1
B006N4770S,5.0,1
B006NBAWOO,5.0,1
B006N4PG9W,5.0,1
B006NBAW9Y,4.0,1
B006NBATXI,5.0,1
B006NBARJO,4.0,1
B006NBARDK,5.0,1
B006NBAR26,5.0,1
B006NBAQNQ,5.0,1
B006NB5410,5.0,1
B006NAP876,5.0,1
B006NAA0DI,5.0,1
B006NA9B6A,4.0,1
B006NA7L6M,5.0,1
B006NA77H0,5.0,1
B006N9XF3G,5.0,1
B006N9X9VO,5.0,1
B006N9W140,5.0,1
B006N9H6MM,5.0,1
B006N95I5O,4.0,1
B006N8KO2C,5.0,1
B006N8FZWG,4.0,1
B006N8FZP8,5.0,1
B006N7EYNS,5.0,1
B006O308E0,5.0,1
B006O37XUC,5.0,1
B006O38MCK,4.0,1
B006P38Z4Y,4.0,1
B006P36XQG,5.0,1
B006P2V308,5.0,1
B006P2T85U,5.0,1
B006P2ROMY,5.0,1
B006P25PCA,5.0,1
B006P23XZQ,5.0,1
B006P1SU2I,5.0,1
B006P1K3UK,5.0,1
B006P1K3K0,5.0,1
B006P19SN8,4.0,1
B006P088ZS,4.0,1
B006OZFANC,5.0,1
B006OZF8S4,5.0,1
B006OZF79E,4.0,1
B006OZF5I2,5.0,1
B006OZF55U,5.0,1
B006OZF3NY,5.0,1
B006OZF1M2,5.0,1
B006OXRKOQ,5.0,1
B006OW4LQ2,4.0,1
B006OW3BPE,5.0,1
B006OVYCVW,5.0,1
B006P38URG,5.0,1
B006P4GRZM,5.0,1
B006OV87RC,5.0,1
B006P58EJS,5.0,1
B006PBON4C,4.0,1
B006PAS9AM,5.0,1
B006PAOW8U,5.0,1
B006PANYYI,4.0,1
B006PANYE8,4.0,1
B006PANYDE,5.0,1
B006PANYD4,5.0,1
B006PANXX0,5.0,1
B006PANXG2,5.0,1
B006PANWMM,5.0,1
B006PANWLS,4.0,1
B006P92OPO,5.0,1
B006P8ZTY8,4.0,1
B006P8UYFW,5.0,1
B006P8UGZ0,5.0,1
B006P7XZOK,5.0,1
B006P7RRW6,4.0,1
B006P66RVY,5.0,1
B006P64AA4,5.0,1
B006P5TM8K,5.0,1
B006P5RM4Q,4.0,1
B006OVQLDE,4.0,1
B006OV4UPA,5.0,1
B006O3YY9A,5.0,1
B006OHKMII,4.0,1
B006OGUOMS,5.0,1
B006OG25PM,5.0,1
B006OG1WB0,4.0,1
B006OEZGTG,5.0,1
B006OEWQ0I,5.0,1
B006OCYEOQ,5.0,1
B006OCXWJ4,5.0,1
B006OCXNU2,5.0,1
B006OC7XBM,5.0,1
B006OC49UU,5.0,1
B006OC42RU,5.0,1
B006OBVBDE,5.0,1
B006OB99CE,5.0,1
B006OAX0AM,5.0,1
B006OAUR76,5.0,1
B006OATNB2,5.0,1
B006OA8ZAW,5.0,1
B006OA31OW,5.0,1
B006OA00NM,4.0,1
B006O9FY5C,4.0,1
B006O6V2E2,5.0,1
B006O6LBHK,5.0,1
B006O4457K,4.0,1
B006O3ZUKC,5.0,1
B006OI704G,5.0,1
B006OUXECG,5.0,1
B006OSMXQ6,5.0,1
B006OS96CU,5.0,1
B006OR5A8U,5.0,1
B006OQ1A3U,5.0,1
B006OP2IKA,5.0,1
B006OP2HWY,4.0,1
B006OP2GXY,4.0,1
B006OP2G3Y,5.0,1
B006OOTB24,5.0,1
B006OOLDG6,4.0,1
B006OO97L4,5.0,1
B006OO3Z62,5.0,1
B006OO3KU8,5.0,1
B006OO37YW,5.0,1
B006ONNLIA,5.0,1
B006ON4A4O,5.0,1
B006OMUUKI,5.0,1
B006OMNQVS,5.0,1
B006OMJL1W,5.0,1
B006OMJF9K,5.0,1
B006OMJC70,5.0,1
B006OMJ33S,5.0,1
B006OMIUOG,5.0,1
B006OMHSL2,5.0,1
B006OJBMTE,5.0,1
B006OIYZHQ,4.0,1
B006OIWD7U,4.0,1
B006MVJC46,4.0,1
B006MVG28A,5.0,1
B006PGI8XY,5.0,1
B006L8YETS,5.0,1
B006LHXHVA,5.0,1
B006LGXM0W,5.0,1
B006LGXJYG,5.0,1
B006LGXBE4,5.0,1
B006LF5UX0,5.0,1
B006LEVPGM,4.0,1
B006LEGJ7C,5.0,1
B006LE0HWA,5.0,1
B006LASJB0,5.0,1
B006L9UDOW,5.0,1
B006L9L2YC,4.0,1
B006L9BMPQ,5.0,1
B006L8KYZ6,5.0,1
B006MVFZGK,5.0,1
B006L81HTS,5.0,1
B006L7VRFI,5.0,1
B006L7TQCO,5.0,1
B006L7THEG,5.0,1
B006L7T7XM,5.0,1
B006L75YMA,4.0,1
B006L69GUM,5.0,1
B006L68KKE,4.0,1
B006L68JHS,5.0,1
B006LJ3EJI,5.0,1
B006LLN6OY,5.0,1
B006LLQMQ8,5.0,1
B006LLY82I,5.0,1
B006LU8X7K,5.0,1
B006LU4OPU,5.0,1
B006LTNL64,4.0,1
B006LTDF74,5.0,1
B006LSJLE6,5.0,1
B006LRRLIK,5.0,1
B006LRM4A0,5.0,1
B006LRL7OO,5.0,1
B006LRKZM4,5.0,1
B006LR8ZN0,4.0,1
B006LQ47GA,5.0,1
B006LPQGQA,5.0,1
B006LPFQT8,4.0,1
B006LPDHVM,5.0,1
B006LP4PMC,5.0,1
B006LOCKAC,5.0,1
B006LO000Y,5.0,1
B006LNV3BK,5.0,1
B006LNRAC6,5.0,1
B006LNHZHQ,5.0,1
B006LNHHNS,4.0,1
B006LN5C0I,5.0,1
B006LMGRPS,5.0,1
B006LM6PT6,5.0,1
B006L68B2Q,5.0,1
B006L67XTI,5.0,1
B006L67R30,4.0,1
B006KS5GX2,5.0,1
B006KMQAGK,5.0,1
B006KLZ7OW,4.0,1
B006KLDAH8,5.0,1
B006KLD0IM,4.0,1
B006KLCZX8,5.0,1
B006KLCTD4,5.0,1
B006KLC7MM,5.0,1
B006KKVG8O,5.0,1
B006KKP4XC,5.0,1
B006KJ49E8,5.0,1
B006KI3ZYE,5.0,1
B006KHLUE2,5.0,1
B006KHIXY2,5.0,1
B006KF4I9S,5.0,1
B006KECX78,5.0,1
B006KE39XA,5.0,1
B006KE29KE,5.0,1
B006KDPQ2S,5.0,1
B006KC7KF0,5.0,1
B006KA5W9S,5.0,1
B006K9H3EG,5.0,1
B006KRZNOA,5.0,1
B006L67ORE,5.0,1
B006KSHVD0,5.0,1
B006L675ZA,5.0,1
B006L6753C,4.0,1
B006L4FRW0,4.0,1
B006L46X4Q,5.0,1
B006L3DM96,5.0,1
B006L3C52Q,4.0,1
B006L27W02,5.0,1
B006L1Z5ZW,5.0,1
B006L0RLSM,4.0,1
B006L031RW,5.0,1
B006KZX5EM,5.0,1
B006KY8J76,5.0,1
B006KY7S3C,4.0,1
B006KXZE4S,4.0,1
B006KXW40A,5.0,1
B006KXW3ZG,5.0,1
B006KXU89Y,5.0,1
B006KXP4RK,4.0,1
B006KXOW46,5.0,1
B006KXJORG,5.0,1
B006KW4558,5.0,1
B006KVEKK4,5.0,1
B006KUGHG0,5.0,1
B006KTKBWM,5.0,1
B006KTK97Y,5.0,1
B006KT316K,5.0,1
B006LV4PBC,5.0,1
B006LWGUQO,5.0,1
B006MK62PO,4.0,1
B006MK5TKI,5.0,1
B006MK5Q38,4.0,1
B006MK5GJW,5.0,1
B006MK4R5G,5.0,1
B006MK4H3S,5.0,1
B006MK4E1I,5.0,1
B006MK3QTE,5.0,1
B006MK0ULG,5.0,1
B006MK0M3C,5.0,1
B006MJSB72,4.0,1
B006MJJUDG,5.0,1
B006MIX4XE,5.0,1
B006MIQCCO,5.0,1
B006MIJMLC,5.0,1
B006MI0X1K,4.0,1
B006MHU63Q,5.0,1
B006MHQZUE,5.0,1
B006MHICN2,4.0,1
B006MGV29Y,4.0,1
B006MGLQXG,5.0,1
B006MGCNBK,4.0,1
B006MK65WY,5.0,1
B006MGCMDY,4.0,1
B006MK6HY0,5.0,1
B006MV2J0A,5.0,1
B006MUZ3M2,5.0,1
B006MUVU92,5.0,1
B006MUVTXE,5.0,1
B006MSH5TI,4.0,1
B006MRGGEO,5.0,1
B006MQUKO2,5.0,1
B006MOZSUU,4.0,1
B006MOJ6WQ,5.0,1
B006MO36BS,5.0,1
B006MNWGV0,5.0,1
B006MNQ5SU,4.0,1
B006MNPL44,5.0,1
B006MMJR9K,5.0,1
B006MLLZG4,5.0,1
B006MLLZ0K,5.0,1
B006MLLNHA,5.0,1
B006MLDKV2,5.0,1
B006ML8L20,5.0,1
B006MKT6NY,5.0,1
B006MK6LR8,5.0,1
B006MGCN8I,5.0,1
B006MG9EK8,5.0,1
B006LWKVRS,5.0,1
B006M3CWI2,5.0,1
B006M38JK2,5.0,1
B006M22M0G,5.0,1
B006M22LC0,5.0,1
B006M22EYA,5.0,1
B006M22ELS,5.0,1
B006M0UVT2,5.0,1
B006LZZ92M,5.0,1
B006LYWKZW,5.0,1
B006LYOX2U,5.0,1
B006LYIAII,4.0,1
B006LXPQQ8,4.0,1
B006LXG11W,5.0,1
B006LXEE52,5.0,1
B006LXDGC4,5.0,1
B006LXCRXS,5.0,1
B006LXBUBS,4.0,1
B006LXBQOO,5.0,1
B006LXBONC,4.0,1
B006LXBO4Q,5.0,1
B006LXBAAY,5.0,1
B006M3CWIW,4.0,1
B006MEL6YM,5.0,1
B006MC7E7C,5.0,1
B006MA63GM,5.0,1
B006MA3DCY,5.0,1
B006M9KRYC,5.0,1
B006M9JZD6,5.0,1
B006M7LWNY,5.0,1
B006M7H1RA,5.0,1
B006M6PLZU,5.0,1
B006M6K9SE,5.0,1
B006M652M2,5.0,1
B006M5TBHA,5.0,1
B006M5SR8O,5.0,1
B006M5LRSQ,5.0,1
B006M5J4EK,4.0,1
B006M5IPGI,4.0,1
B006M5IEDM,5.0,1
B006M51V8W,5.0,1
B006M4YE8M,5.0,1
B006M470VK,5.0,1
B006M3XL9G,5.0,1
B006M3MHPU,5.0,1
B006M3JU46,4.0,1
B006PG2ABK,4.0,1
B006PGN4TC,5.0,1
B006UL1UQ6,4.0,1
B006STXT0U,4.0,1
B006T2DKI2,5.0,1
B006T0XVZG,5.0,1
B006T02IEQ,5.0,1
B006SZ8WXS,5.0,1
B006SZ7XYM,5.0,1
B006SZ6QDQ,5.0,1
B006SX4V44,5.0,1
B006SX4KYK,4.0,1
B006SWF1MQ,5.0,1
B006SVXI9K,5.0,1
B006SU39CC,5.0,1
B006STWEMO,5.0,1
B006RJRWM2,5.0,1
B006SSH07O,5.0,1
B006SSGYZ8,5.0,1
B006SRIGUA,5.0,1
B006SR8UV0,4.0,1
B006SQVNV0,5.0,1
B006SONI38,5.0,1
B006SOCPDW,4.0,1
B006SNULF2,5.0,1
B006SMOA64,5.0,1
B006SMO9V0,4.0,1
B006T2W3G2,5.0,1
B006T2YCSE,5.0,1
B006T361GE,5.0,1
B006T37G0Y,5.0,1
B006TEYAGQ,5.0,1
B006TEXJXG,4.0,1
B006TEX9KY,5.0,1
B006TD0XLS,5.0,1
B006TD0VBU,5.0,1
B006TCZSGO,5.0,1
B006TCS6S6,5.0,1
B006TAHN9Q,4.0,1
B006TAHK44,4.0,1
B006TAHJW2,5.0,1
B006TADWUA,5.0,1
B006T9XZGM,5.0,1
B006T9XWDI,5.0,1
B006T7Y2XE,5.0,1
B006T6VF62,5.0,1
B006T5SY8U,5.0,1
B006T5K3YI,4.0,1
B006T5IKES,5.0,1
B006T40SXK,5.0,1
B006SM6BPM,5.0,1
B006SLZCJ4,5.0,1
B006RXA98M,5.0,1
B006RWNWVO,4.0,1
B006RV6TUQ,5.0,1
B006RT6UXO,5.0,1
B006RRQ0B8,5.0,1
B006RNR9DA,5.0,1
B006RMQK86,4.0,1
B006RMQHM0,5.0,1
B006RMQ8LU,5.0,1
B006RM6B7Q,5.0,1
B006RM41QO,4.0,1
B006RM0LZE,5.0,1
B006RLQ4K6,5.0,1
B006RLK970,5.0,1
B006RKLUJ2,5.0,1
B006RKLJ9S,5.0,1
B006RKIES2,5.0,1
B006RK24B0,5.0,1
B006RK1TJ8,5.0,1
B006RK1KL0,5.0,1
B006RX2UIY,5.0,1
B006SJROSS,4.0,1
B006RYVLEM,5.0,1
B006SHZEUA,5.0,1
B006SHMQ0Q,5.0,1
B006SFIB5M,5.0,1
B006SFI7SI,5.0,1
B006SFI3AU,4.0,1
B006SFI058,4.0,1
B006SDEQH6,5.0,1
B006SBNU3E,5.0,1
B006SA5VLY,5.0,1
B006S8EKLI,5.0,1
B006S857B0,5.0,1
B006S72SSQ,5.0,1
B006S6HMR4,5.0,1
B006S69K6U,5.0,1
B006S67S1O,4.0,1
B006S67KOE,5.0,1
B006S67I1O,5.0,1
B006S61L8U,4.0,1
B006S5UDX0,5.0,1
B006S3GHSM,5.0,1
B006S2MZW0,5.0,1
B006S0AWLS,5.0,1
B006RZTJMW,5.0,1
B006RYX27Q,5.0,1
B006TEYE3K,5.0,1
B006TEYVVU,5.0,1
B006U99RJK,5.0,1
B006U6AQKW,4.0,1
B006U5VZYE,5.0,1
B006U5V56C,5.0,1
B006U5SH6S,5.0,1
B006U5CBMY,5.0,1
B006U55TS2,5.0,1
B006U4OUUG,4.0,1
B006U4ODJE,4.0,1
B006U4905Q,5.0,1
B006U3XWF6,5.0,1
B006U3OCX2,5.0,1
B006U3IHEW,5.0,1
B006U2JVM0,5.0,1
B006U2FZHK,5.0,1
B006U2CEV0,5.0,1
B006U2ANIQ,5.0,1
B006U2ABRY,5.0,1
B006U2A9QC,4.0,1
B006U9EM18,5.0,1
B006UATIYI,5.0,1
B006U1PL34,5.0,1
B006UKL0PI,5.0,1
B006UKIOAW,5.0,1
B006UKGFDK,5.0,1
B006UKFL26,5.0,1
B006UKAKWC,5.0,1
B006UJWUPI,5.0,1
B006UJR0I0,5.0,1
B006UJKDVQ,5.0,1
B006UJGRDY,5.0,1
B006UJFBZO,4.0,1
B006UJDXYU,5.0,1
B006UIUSGM,5.0,1
B006UIUP74,5.0,1
B006UI043O,5.0,1
B006UI00YM,5.0,1
B006UHIY96,5.0,1
B006UGX6VI,5.0,1
B006UFM06Q,5.0,1
B006UFLZE4,5.0,1
B006UEUMJE,5.0,1
B006UETAO2,5.0,1
B006UCO8LY,5.0,1
B006UCJL52,5.0,1
B006U21SSK,5.0,1
B006U13OM4,4.0,1
B006TEZTIY,5.0,1
B006TO5MHM,4.0,1
B006TMSSH0,5.0,1
B006TMMLU0,5.0,1
B006TMMF3I,5.0,1
B006TMM1DC,4.0,1
B006TMLFYS,5.0,1
B006TMLF1Q,4.0,1
B006TMKQGG,5.0,1
B006TL4DJ8,5.0,1
B006TK59N8,4.0,1
B006TJU0A6,5.0,1
B006TJRNUG,5.0,1
B006TJQYC4,5.0,1
B006TJ83VO,5.0,1
B006TJ7M70,5.0,1
B006THT96O,5.0,1
B006THRX9Y,5.0,1
B006THIE7E,5.0,1
B006TH50VC,5.0,1
B006TH2XDA,5.0,1
B006TFVZFY,4.0,1
B006TFSIPO,5.0,1
B006TFG84W,4.0,1
B006TFAN70,5.0,1
B006TFA8WK,5.0,1
B006TF7TZO,5.0,1
B006TF6Y3C,5.0,1
B006TF06AO,5.0,1
B006TMVX90,5.0,1
B006TOLAV4,4.0,1
B006U139GK,5.0,1
B006TP5BCW,5.0,1
B006U0JDPC,5.0,1
B006U09NIE,5.0,1
B006U09MX0,5.0,1
B006U08N8U,5.0,1
B006TZQ4NC,5.0,1
B006TZOL96,5.0,1
B006TZC4P4,5.0,1
B006TZC3J6,5.0,1
B006TZ21XE,4.0,1
B006TZ1ZDG,5.0,1
B006TZ1CTS,5.0,1
B006TXKY94,5.0,1
B006TX37CU,4.0,1
B006TWUW5Q,4.0,1
B006TWSWSU,5.0,1
B006TWGJTO,5.0,1
B006TWGJEO,5.0,1
B006TWGIXG,5.0,1
B006TQTATQ,4.0,1
B006TPV7XE,5.0,1
B006TP8FXE,5.0,1
B006RJTXLK,5.0,1
B006RJRVYQ,5.0,1
B006PH0TVM,5.0,1
B006QC03LW,5.0,1
B006QGHI0C,5.0,1
B006QFSL2W,5.0,1
B006QF8K14,5.0,1
B006QE0T0A,4.0,1
B006QD6BMG,5.0,1
B006QD25NU,5.0,1
B006QCN5W6,5.0,1
B006QC4YRQ,5.0,1
B006QC4JOY,5.0,1
B006QBH7XA,5.0,1
B006QB6KH4,5.0,1
B006QARFIS,5.0,1
B006QAL9US,5.0,1
B006QAHS2Q,5.0,1
B006QAELWQ,5.0,1
B006QAEHD4,5.0,1
B006QACA1K,5.0,1
B006Q8W22O,5.0,1
B006Q4ZGCG,5.0,1
B006Q4W3KO,4.0,1
B006Q4K3D8,5.0,1
B006Q4JNCU,5.0,1
B006QGP7K0,5.0,1
B006QHC3CO,5.0,1
B006QHDF94,5.0,1
B006QQH76C,5.0,1
B006QQ2438,4.0,1
B006QQ1J4I,4.0,1
B006QQ08TA,5.0,1
B006QPZ1CU,4.0,1
B006QOVATE,5.0,1
B006QOP9NW,5.0,1
B006QO42R6,5.0,1
B006QO2VS8,5.0,1
B006QO1AMQ,4.0,1
B006QO196I,5.0,1
B006QN7XCI,5.0,1
B006QN43IA,5.0,1
B006QMN2E2,5.0,1
B006QMFHO0,5.0,1
B006QLTZNU,4.0,1
B006QLD07C,5.0,1
B006QKUPZI,5.0,1
B006QKUGKM,5.0,1
B006QKN2QC,5.0,1
B006QKKO40,5.0,1
B006QIX5YS,5.0,1
B006Q2I6NO,4.0,1
B006Q2GEEC,5.0,1
B006PKVQAM,4.0,1
B006PKVNF0,4.0,1
B006PKVI6O,5.0,1
B006PKVFJE,5.0,1
B006PKV1DY,5.0,1
B006PKUQ0I,4.0,1
B006PKUNWO,5.0,1
B006PKUCUC,4.0,1
B006PKUBZI,5.0,1
B006PKU5Q8,4.0,1
B006PK9LJA,5.0,1
B006PK1JD6,4.0,1
B006PJTQYG,5.0,1
B006PJOBP0,4.0,1
B006PJ60TA,5.0,1
B006PIWUOA,5.0,1
B006PHUD7M,5.0,1
B006PHMHCG,5.0,1
B006PHD4MS,5.0,1
B006PH90M6,5.0,1
B006PH6IMQ,5.0,1
B006PH23FW,5.0,1
B006PKVQ16,5.0,1
B006PKVR88,4.0,1
B006PXME50,5.0,1
B006PXM55E,5.0,1
B006PXM3GK,5.0,1
B006PX5GQO,5.0,1
B006PWRMJO,5.0,1
B006PWRKQY,5.0,1
B006PWRIHA,4.0,1
B006PW9IPU,4.0,1
B006PTX5Q6,5.0,1
B006PTKV9A,4.0,1
B006PTAYBU,5.0,1
B006PSBZ4G,4.0,1
B006PPKGPI,5.0,1
B006POYGSW,5.0,1
B006PNY89K,5.0,1
B006PNAROK,5.0,1
B006PKYSPW,5.0,1
B006PKYR58,5.0,1
B006PKWV7O,4.0,1
B006PKWM2S,4.0,1
B006PKW70A,5.0,1
B006PKW354,5.0,1
B006QQVFTM,5.0,1
B006QQWKJG,4.0,1
B006QR7DHO,5.0,1
B006RBM8J2,5.0,1
B006RAGYG6,5.0,1
B006RAG7Y0,4.0,1
B006R9OXKQ,5.0,1
B006R9DSPW,5.0,1
B006R8VPF8,5.0,1
B006R8VNY6,4.0,1
B006R8VLE8,5.0,1
B006R8VKDK,5.0,1
B006R8FCLQ,5.0,1
B006R72NZK,5.0,1
B006R6Y8UE,4.0,1
B006R6JDCM,4.0,1
B006R66898,5.0,1
B006R5XVPS,5.0,1
B006R5I0QS,5.0,1
B006R5HNFM,5.0,1
B006R5HN0C,5.0,1
B006R5HMMQ,5.0,1
B006RCL3X8,4.0,1
B006RCW17K,5.0,1
B006RJRSDU,5.0,1
B006RJM5TM,4.0,1
B006RIQHZQ,4.0,1
B006RIPUWC,5.0,1
B006RILQFW,5.0,1
B006RIKAWM,5.0,1
B006RIALRG,5.0,1
B006RI24NA,5.0,1
B006RHSLRE,5.0,1
B006RHI20U,5.0,1
B006RHERSG,5.0,1
B006RHC2BU,4.0,1
B006RGYJ9E,5.0,1
B006RGV8JI,5.0,1
B006RGMO4Q,5.0,1
B006RGM8BU,5.0,1
B006RFZCCI,5.0,1
B006RFWRUI,5.0,1
B006RE81CW,4.0,1
B006RE7VFU,4.0,1
B006RE7V7I,4.0,1
B006RDFKMW,5.0,1
B006RD2SD6,5.0,1
B006R5HH6W,5.0,1
B006R5H4YM,5.0,1
B006QSBV9O,5.0,1
B006QYIU06,5.0,1
B006QY5UXG,5.0,1
B006QXZPBY,5.0,1
B006QXZ460,4.0,1
B006QXWD6Y,4.0,1
B006QX9E3E,5.0,1
B006QX1F9A,5.0,1
B006QWZ984,5.0,1
B006QWYT0S,5.0,1
B006QWS01W,5.0,1
B006QWR3FQ,5.0,1
B006QWQNHA,5.0,1
B006QW6FLE,5.0,1
B006QV3OWI,5.0,1
B006QV3OG4,4.0,1
B006QV3I7O,4.0,1
B006QV2LH2,5.0,1
B006QV1ZS8,5.0,1
B006QV1VGY,5.0,1
B006QV1UMY,5.0,1
B006QV1R22,5.0,1
B006QYR034,5.0,1
B006R53D38,5.0,1
B006QYR0SO,5.0,1
B006R53A40,5.0,1
B006R538OW,5.0,1
B006R4C7IG,5.0,1
B006R2S07A,5.0,1
B006R2MRA6,5.0,1
B006R227VU,5.0,1
B006R1RXA6,5.0,1
B006R1RBRG,5.0,1
B006R1QB3G,5.0,1
B006R1NAX0,5.0,1
B006R1FA88,5.0,1
B006R11VDG,5.0,1
B006R0TWGU,4.0,1
B006R0P42Q,5.0,1
B006R0M3TS,5.0,1
B006R0M2TY,5.0,1
B006R0AE0S,5.0,1
B006R09CFG,4.0,1
B006QZ3LIQ,5.0,1
B006QZ202O,5.0,1
B006QYXEVQ,5.0,1
B006QYU4W8,5.0,1
B006K6AYLI,5.0,1
B006K6ATBS,5.0,1
B006K6AS1E,5.0,1
B006C6DVZW,5.0,1
B006CB1FHI,5.0,1
B006CABTVQ,4.0,1
B006CA219U,5.0,1
B006C95LLQ,5.0,1
B006C8V73S,5.0,1
B006C8V6KC,5.0,1
B006C8OH6M,4.0,1
B006C8OD2A,5.0,1
B006C8OC6M,4.0,1
B006C6YEGM,5.0,1
B006C5WQP4,5.0,1
B006C5K1XI,5.0,1
B006C48LIG,4.0,1
B006C3R2LE,4.0,1
B006C21YQO,5.0,1
B006C21EJ6,5.0,1
B006C1RMK2,5.0,1
B006C1GW3K,5.0,1
B006C16SWA,5.0,1
B006C15ZBA,5.0,1
B006C11RH6,5.0,1
B006CBXO36,5.0,1
B006CCX6MO,4.0,1
B006CTEL9O,4.0,1
B006CSTIR0,5.0,1
B006CSOEJM,5.0,1
B006CSEGUY,5.0,1
B006CRJAB0,5.0,1
B006CRJA1A,5.0,1
B006CRHHFG,5.0,1
B006CR5YHO,5.0,1
B006CR5BFO,4.0,1
B006CR2QKW,5.0,1
B006CQQYJ2,5.0,1
B006CQP9FW,5.0,1
B006CQDJYK,4.0,1
B006CPTW60,5.0,1
B006CPHGZ4,5.0,1
B006CPDM66,5.0,1
B006CPDLEO,5.0,1
B006COAEV8,5.0,1
B006CMVEBE,5.0,1
B006C0Y5KS,5.0,1
B006C036XA,5.0,1
B006BECNTA,4.0,1
B006BEB882,5.0,1
B006BE7NWM,5.0,1
B006BE1ECW,4.0,1
B006BDPAT6,5.0,1
B006BDLOPK,4.0,1
B006BDIJ9Y,5.0,1
B006BCSH3I,5.0,1
B006BB29F6,5.0,1
B006BAT7DY,5.0,1
B006BAFX6Y,5.0,1
B006BACQIM,5.0,1
B006BAA28I,5.0,1
B006BA8PBE,5.0,1
B006BA8P0K,5.0,1
B006BA7KII,5.0,1
B006BA7IAS,4.0,1
B006BA7CRM,5.0,1
B006BA7BZ0,5.0,1
B006B7RG0S,5.0,1
B006B7MRG6,5.0,1
B006B7K57E,5.0,1
B006B7K1NM,4.0,1
B006B7JPTS,4.0,1
B006B6SC6G,4.0,1
B006B6S4LE,5.0,1
B006B6RZMS,4.0,1
B006BEC4C6,5.0,1
B006BEU7RU,5.0,1
B006BZCBTG,5.0,1
B006BZ7VXW,5.0,1
B006BYWP7A,5.0,1
B006BYSX12,5.0,1
B006BYCC7I,4.0,1
B006BY2HSC,5.0,1
B006BW7O6Y,4.0,1
B006BW7N4W,5.0,1
B006BU2ISA,5.0,1
B006BNOSS0,5.0,1
B006BNK8G6,5.0,1
B006BNJRG8,5.0,1
B006BNJFX8,5.0,1
B006BNI3I6,5.0,1
B006BLKCGE,5.0,1
B006BLDZSG,4.0,1
B006BKFEIQ,5.0,1
B006BKEDCO,5.0,1
B006BJEIUM,5.0,1
B006BJDHIQ,5.0,1
B006BHQH2Q,5.0,1
B006BGYGGQ,5.0,1
B006BG3U4U,4.0,1
B006BFZ8VE,5.0,1
B006BF42IE,5.0,1
B006BEYBTA,5.0,1
B006CUJEUY,5.0,1
B006CUO45E,5.0,1
B006E9TUVQ,4.0,1
B006E96U4G,5.0,1
B006E91SFW,4.0,1
B006E8D6W6,5.0,1
B006E89YKE,5.0,1
B006E7DXR0,5.0,1
B006E6MMGE,5.0,1
B006E66KD0,5.0,1
B006E4P4MA,5.0,1
B006E41XDY,4.0,1
B006E2YP9K,5.0,1
B006E2XTPQ,5.0,1
B006E1YPNW,5.0,1
B006E0ZF0U,5.0,1
B006DZIR5G,5.0,1
B006DYTJ86,5.0,1
B006DUCC52,5.0,1
B006DTVNKS,4.0,1
B006DTVKZQ,5.0,1
B006DT7AMS,5.0,1
B006DS9GUS,4.0,1
B006E9MHVQ,5.0,1
B006EOXU6W,5.0,1
B006EOUKE2,5.0,1
B006EO5QE6,5.0,1
B006EO02J0,5.0,1
B006EN93XW,5.0,1
B006EMM768,5.0,1
B006EMFWVK,5.0,1
B006EM0K4O,4.0,1
B006ELHALG,4.0,1
B006EKNYMQ,4.0,1
B006EKJ45C,5.0,1
B006EI17XG,4.0,1
B006EEYI0O,5.0,1
B006EEGN84,5.0,1
B006ECU634,5.0,1
B006ECU5QC,5.0,1
B006EC9KUO,5.0,1
B006EBISP8,5.0,1
B006EB5UAY,4.0,1
B006DRRCVE,4.0,1
B006CVD7WY,5.0,1
B006DFZ8E4,5.0,1
B006DEO0EE,5.0,1
B006DEL1UU,5.0,1
B006DEIBQC,5.0,1
B006DEIBM6,5.0,1
B006DED4GY,5.0,1
B006DE7DDY,5.0,1
B006DDBCCI,5.0,1
B006DCWVBK,5.0,1
B006DCRBBU,5.0,1
B006DB8WK0,5.0,1
B006D8PXDM,4.0,1
B006D6D6WO,5.0,1
B006D4TF94,4.0,1
B006D3BFJ8,5.0,1
B006D34KP4,5.0,1
B006D1C1ZM,5.0,1
B006D0FPT2,5.0,1
B006CZ4FBC,5.0,1
B006CWWFLW,5.0,1
B006CWWFFI,5.0,1
B006CWWASU,5.0,1
B006CWWAL2,5.0,1
B006DGN2VO,5.0,1
B006DRR7GY,5.0,1
B006DH4VW2,5.0,1
B006DRR750,5.0,1
B006DRR68I,5.0,1
B006DOQ4EI,4.0,1
B006DON662,4.0,1
B006DON03Q,5.0,1
B006DODIH4,4.0,1
B006DO54KI,5.0,1
B006DNS564,4.0,1
B006DNRUSI,4.0,1
B006DNE9IM,5.0,1
B006DN299I,5.0,1
B006DLT9N4,5.0,1
B006DLDJG2,4.0,1
B006DLDHVO,5.0,1
B006DLDHGY,5.0,1
B006DLDGI8,5.0,1
B006DKDA7G,5.0,1
B006DJYZS0,5.0,1
B006DI498C,5.0,1
B006DHJ3SO,5.0,1
B006DHA7WU,5.0,1
B006B6Q5M4,5.0,1
B006B6PN9U,5.0,1
B006K5L12A,5.0,1
B00696BIVE,5.0,1
B00699W3QK,5.0,1
B00699THH8,5.0,1
B00699SU2Q,4.0,1
B00699JDKY,5.0,1
B00698OAVM,5.0,1
B00698E9HC,5.0,1
B006982AP0,5.0,1
B00697Y31K,5.0,1
B00697P8DM,5.0,1
B0069621MO,5.0,1
B006B6O968,5.0,1
B006962016,5.0,1
B006961ZRG,5.0,1
B006961ZJE,5.0,1
B006961Y5O,5.0,1
B006961Y0Y,5.0,1
B00695S12E,5.0,1
B00695S0DE,4.0,1
B006954902,5.0,1
B006950QZY,5.0,1
B00694XBNO,4.0,1
B00694WM3E,5.0,1
B00694W8ZQ,5.0,1
B00699X13E,5.0,1
B00699ZZEM,5.0,1
B0069A1JNW,5.0,1
B0069A387C,5.0,1
B0069RPYUE,5.0,1
B0069RDBD6,5.0,1
B0069QVDRS,5.0,1
B0069PYKDS,5.0,1
B0069ISGSU,5.0,1
B0069IHQU4,5.0,1
B0069IAFJ8,4.0,1
B0069HPX8M,5.0,1
B0069H93UQ,5.0,1
B0069FSZKC,5.0,1
B0069F82IM,5.0,1
B0069F7N8C,5.0,1
B0069F68S8,5.0,1
B0069F3QJM,4.0,1
B0069EWHFC,5.0,1
B0069ERN6K,5.0,1
B0069EJCKK,4.0,1
B0069D5TXK,5.0,1
B0069D2D2K,5.0,1
B0069CSZ8C,4.0,1
B0069C00TO,5.0,1
B00694W87Y,5.0,1
B00694W77A,5.0,1
B00692NT2O,5.0,1
B00692NKQY,5.0,1
B00692KBQ6,5.0,1
B00691UGQW,5.0,1
B00691JHL2,5.0,1
B0068Z91EC,4.0,1
B0068Z75A4,5.0,1
B0068Z7572,5.0,1
B0068Z754A,5.0,1
B0068YXBY4,5.0,1
B0068V77U6,4.0,1
B0068UPMIQ,4.0,1
B0068UC8NS,5.0,1
B0068T9TJU,5.0,1
B0068S0S4Q,5.0,1
B0068RXFJC,5.0,1
B0068RCZU2,4.0,1
B0068Q71NE,5.0,1
B0068Q587A,5.0,1
B00692NO6A,5.0,1
B00692OW20,5.0,1
B00694W5TU,5.0,1
B00692Q2HI,5.0,1
B00694UXC6,5.0,1
B00694UCJU,4.0,1
B00694S9Z4,5.0,1
B00694RPJU,5.0,1
B00694R45A,5.0,1
B00694QZJG,5.0,1
B00694QBUO,4.0,1
B00694Q83E,5.0,1
B00694OZD4,5.0,1
B00694NAQM,5.0,1
B00694LJWY,5.0,1
B00694JCZ0,5.0,1
B00694H1N0,5.0,1
B0069333M4,5.0,1
B0069333J2,5.0,1
B0069332WU,5.0,1
B0069331ZI,5.0,1
B0069331KI,5.0,1
B00692S870,5.0,1
B00692RGLE,5.0,1
B00692RGEQ,4.0,1
B00692QO12,5.0,1
B00692QNLI,5.0,1
B0069RW8GM,5.0,1
B0069RXLKE,5.0,1
B006AQMRYA,5.0,1
B006APUKO0,5.0,1
B006AN7XGK,5.0,1
B006AN7OSM,5.0,1
B006AN7KB8,5.0,1
B006AN64VU,4.0,1
B006AN5Q82,5.0,1
B006AMSLVW,5.0,1
B006ALFUPI,5.0,1
B006AL02MY,4.0,1
B006AKQG02,5.0,1
B006AKIV7I,5.0,1
B006AJOKLK,5.0,1
B006AJCREM,5.0,1
B006AIPEPM,5.0,1
B006AIASFS,5.0,1
B006AGAPQM,5.0,1
B006AFC0Z2,5.0,1
B006AF3T4I,5.0,1
B006AF3P24,5.0,1
B006ADKBUU,5.0,1
B006ADCEIM,5.0,1
B006AD971E,5.0,1
B006ACWX3O,5.0,1
B006ACVPH4,5.0,1
B006ACCEWE,5.0,1
B006AQMEYS,5.0,1
B006AR4PNA,4.0,1
B006ARNTF0,5.0,1
B006B6JV2U,5.0,1
B006B5LZZC,5.0,1
B006B54CDO,5.0,1
B006B54C84,5.0,1
B006B49XCU,5.0,1
B006B3QWQG,5.0,1
B006B3QNV0,5.0,1
B006B17IJI,5.0,1
B006AX7VG2,5.0,1
B006AX6RDU,4.0,1
B006AV0CF6,5.0,1
B006AUUS74,5.0,1
B006AUMORQ,5.0,1
B006AU9J5G,5.0,1
B006AU6Q02,5.0,1
B006ATZV18,5.0,1
B006ATAW7Q,5.0,1
B006AT974U,5.0,1
B006ARO19S,5.0,1
B006ARNXJW,5.0,1
B006ACAKWA,5.0,1
B006AC84RS,5.0,1
B0069RZR5G,5.0,1
B0069VMJC6,5.0,1
B0069VHJTE,5.0,1
B0069VFR8O,5.0,1
B0069VC76O,5.0,1
B0069V6UNK,5.0,1
B0069V3PV0,5.0,1
B0069UTDBC,5.0,1
B0069UT1BY,5.0,1
B0069USZ9I,5.0,1
B0069USW32,5.0,1
B0069USIXQ,5.0,1
B0069US3D6,5.0,1
B0069URYOU,5.0,1
B0069UR8HS,5.0,1
B0069UR86O,5.0,1
B0069T172G,5.0,1
B0069STFKS,5.0,1
B0069SSRSY,5.0,1
B0069SI20C,5.0,1
B0069SH7M6,5.0,1
B0069SD1EO,5.0,1
B0069S8P3G,5.0,1
B0069S276C,4.0,1
B0069S12WC,5.0,1
B0069VP9N2,4.0,1
B006AAUVMG,5.0,1
B0069VUH8O,4.0,1
B006AAPXHE,5.0,1
B006AA5G3A,4.0,1
B006AA0WXE,5.0,1
B006AA0QJO,5.0,1
B006A8NBC0,5.0,1
B006A6TEL4,5.0,1
B006A6PP4Y,4.0,1
B006A46IQU,5.0,1
B006A2UA0C,5.0,1
B006A0JYKG,5.0,1
B006A0674M,5.0,1
B0069ZCVUW,5.0,1
B0069YZO98,5.0,1
B0069XV52Y,4.0,1
B0069WZBV6,5.0,1
B0069WRS0I,5.0,1
B0069WQBRO,5.0,1
B0069WM042,5.0,1
B0069WIBR2,5.0,1
B0069WHJ0M,5.0,1
B0069WGR2S,5.0,1
B0069WAO4A,5.0,1
B0069W7RFO,5.0,1
B0069VVJ2C,5.0,1
B006EPN15Q,5.0,1
B006EQ1XM8,5.0,1
B006EQOFYQ,5.0,1
B006ICEBL8,5.0,1
B006ICNQWS,5.0,1
B006ICEXFW,5.0,1
B006ICEPFK,5.0,1
B006ICELVS,5.0,1
B006ICEL7M,5.0,1
B006ICEKVY,5.0,1
B006ICEK7I,5.0,1
B006ICEJSS,5.0,1
B006ICEHK8,5.0,1
B006ICEF8W,5.0,1
B006IC9W8U,5.0,1
B006ER1016,5.0,1
B006IBY9HK,5.0,1
B006IBKX4I,5.0,1
B006IAWY8M,5.0,1
B006IAWX9C,4.0,1
B006IATW96,5.0,1
B006IAS56C,5.0,1
B006I9QH0E,4.0,1
B006I7CC46,5.0,1
B006I7B3M8,5.0,1
B006I33VFO,5.0,1
B006I0IEIG,4.0,1
B006I09NBS,4.0,1
B006IDG084,5.0,1
B006IERSYS,5.0,1
B006IFWZ5Y,5.0,1
B006IYE27O,4.0,1
B006IYC1XQ,5.0,1
B006IYB3KS,5.0,1
B006IXHWYK,4.0,1
B006IWTPVO,5.0,1
B006IVX6U6,5.0,1
B006IVD2L4,5.0,1
B006IUVB7W,5.0,1
B006IUAVPU,5.0,1
B006IUAKMY,5.0,1
B006IU1TBA,5.0,1
B006ITHVUE,5.0,1
B006IS6MQ4,5.0,1
B006IQW828,5.0,1
B006IQ2QWA,4.0,1
B006IQ2OOU,5.0,1
B006INZV3O,5.0,1
B006INGVMY,5.0,1
B006ILQH1Q,5.0,1
B006IKD90O,5.0,1
B006IJHFUU,5.0,1
B006IIBV4W,5.0,1
B006IHQH6U,5.0,1
B006IH6SC8,5.0,1
B006HYTKC2,5.0,1
B006HXOLSG,5.0,1
B006HXO19K,5.0,1
B006HJEDBU,5.0,1
B006HJ0FCQ,5.0,1
B006HIY9Z6,5.0,1
B006HIRH2I,5.0,1
B006HIQDJ6,5.0,1
B006HIPBTY,5.0,1
B006HIJFHS,5.0,1
B006HI6238,5.0,1
B006HHK9OW,4.0,1
B006HH8W14,5.0,1
B006HH8Q6K,5.0,1
B006HGWW66,5.0,1
B006HGQTRY,5.0,1
B006HGQSWK,5.0,1
B006HGISR8,4.0,1
B006HG8ZKI,5.0,1
B006HFCMAI,4.0,1
B006HFCLWM,5.0,1
B006HDLC6K,5.0,1
B006HBDDHI,4.0,1
B006HAXYH8,5.0,1
B006HAIFZE,5.0,1
B006H9RVEG,4.0,1
B006HJ978O,5.0,1
B006HXMJ0S,5.0,1
B006HK1O8O,4.0,1
B006HWZ4Z6,4.0,1
B006HW36W4,5.0,1
B006HW026M,5.0,1
B006HVYKAC,5.0,1
B006HVV9SS,5.0,1
B006HVJE30,5.0,1
B006HV3EEK,5.0,1
B006HUWSRU,5.0,1
B006HU6CKY,5.0,1
B006HTO040,5.0,1
B006HTA4PE,5.0,1
B006HT1UNY,5.0,1
B006HSTQDG,5.0,1
B006HPV2SG,5.0,1
B006HOQ8NQ,5.0,1
B006HOQ868,4.0,1
B006HOQ6RE,5.0,1
B006HMKSMA,5.0,1
B006HM3DJK,4.0,1
B006HM2F8A,5.0,1
B006HLK1Q4,5.0,1
B006HKYBHU,5.0,1
B006IYHTOW,5.0,1
B006IYU0U2,4.0,1
B006K1PXQE,5.0,1
B006K1ES9W,5.0,1
B006K1DQBS,5.0,1
B006JZ4BO6,5.0,1
B006JYMG94,5.0,1
B006JY2DPG,5.0,1
B006JXWWHQ,5.0,1
B006JXA9VC,4.0,1
B006JWOEMI,5.0,1
B006JVB7GK,5.0,1
B006JUZDEI,5.0,1
B006JUU1Y0,5.0,1
B006JUKQ9K,5.0,1
B006JTTSYK,5.0,1
B006JTKMNG,5.0,1
B006JT3R1A,5.0,1
B006JSYNV4,4.0,1
B006JSS8NS,5.0,1
B006JSS4FK,5.0,1
B006JSOUAI,4.0,1
B006JSHGT0,5.0,1
B006JSAA1G,5.0,1
B006JS9VYS,5.0,1
B006JS9UPI,5.0,1
B006JRKO2C,4.0,1
B006JRJQ4E,5.0,1
B006JRI8QG,5.0,1
B006K1O21G,4.0,1
B006K25B7O,5.0,1
B006K5HMNC,4.0,1
B006K5G6Z2,5.0,1
B006K5E9DS,5.0,1
B006K45YOW,5.0,1
B006K41GOY,4.0,1
B006K3WR48,5.0,1
B006K3WIEM,5.0,1
B006K3WGQM,4.0,1
B006K3W5TA,5.0,1
B006K3W2C0,4.0,1
B006K3W1JY,4.0,1
B006K3V66I,5.0,1
B006K3UCYA,5.0,1
B006K3TT76,4.0,1
B006K3S0L2,5.0,1
B006K3RY1E,5.0,1
B006K3OB8S,5.0,1
B006K3NZIA,4.0,1
B006K3GCS0,5.0,1
B006K30VDW,4.0,1
B006K2OTAO,5.0,1
B006K2DDPG,5.0,1
B006K2A6DS,5.0,1
B006K284L4,5.0,1
B006JRI7HQ,5.0,1
B006JRHTI4,4.0,1
B006IYV71I,5.0,1
B006JA8HK0,5.0,1
B006J9DBN4,5.0,1
B006J9C22K,5.0,1
B006J91BQ8,5.0,1
B006J8RW3A,5.0,1
B006J8H4P6,5.0,1
B006J7S9R4,5.0,1
B006J7L3UO,5.0,1
B006J7L3L8,5.0,1
B006J7KZJO,5.0,1
B006J6WGT2,5.0,1
B006J67SQS,5.0,1
B006J67OXU,5.0,1
B006J67NIQ,5.0,1
B006J5WTPO,5.0,1
B006J5PAQ4,5.0,1
B006J5P4CO,4.0,1
B006J4833W,5.0,1
B006J1W10Q,4.0,1
B006J0CE8G,5.0,1
B006J0C73I,5.0,1
B006J01AHW,4.0,1
B006J00PN2,5.0,1
B006IZ3ZUI,5.0,1
B006JC59AO,5.0,1
B006JE917Y,5.0,1
B006JEGBEA,5.0,1
B006JRHSEE,5.0,1
B006JQW7Q4,5.0,1
B006JQKYXM,5.0,1
B006JQJWXU,5.0,1
B006JPYKD8,5.0,1
B006JPUP4G,5.0,1
B006JPRQIO,4.0,1
B006JPIWKU,5.0,1
B006JOH0GI,5.0,1
B006JNILAS,5.0,1
B006JN5O8K,5.0,1
B006JKXLT2,5.0,1
B006JKXLN8,5.0,1
B006JIOYYU,5.0,1
B006JH51U2,4.0,1
B006JH3YBA,5.0,1
B006JH23TE,4.0,1
B006JGX3EE,5.0,1
B006JGH2XM,5.0,1
B006JFRIGE,5.0,1
B006JF5MJ4,5.0,1
B006H9RSH6,4.0,1
B006H9Q8QS,4.0,1
B006H9MQR8,5.0,1
B006FZXYS4,5.0,1
B006FZ5UPO,4.0,1
B006FZ0MF2,5.0,1
B006FYV2Y8,5.0,1
B006FYHGFW,5.0,1
B006FY2BBG,5.0,1
B006FY1Y5A,5.0,1
B006FXKHS6,5.0,1
B006FXKAZQ,5.0,1
B006FXKA4C,5.0,1
B006FXK4QQ,5.0,1
B006FX5812,5.0,1
B006FTFYLA,4.0,1
B006FS7VOO,5.0,1
B006FR1B0U,5.0,1
B006FQJQMQ,5.0,1
B006FQEIZ6,4.0,1
B006FQ3T92,5.0,1
B006FPHFSY,5.0,1
B006FPHATS,5.0,1
B006FPA08G,5.0,1
B006FZT15Y,4.0,1
B006G0HHZ4,4.0,1
B006G0HL82,5.0,1
B006GDL46E,5.0,1
B006GDCZ12,5.0,1
B006GD58OS,5.0,1
B006GC7ZBI,5.0,1
B006GBPBL0,5.0,1
B006GACLUA,5.0,1
B006G83QOC,4.0,1
B006G7898Q,5.0,1
B006G5YOYQ,5.0,1
B006G5MIIK,5.0,1
B006G55SDM,5.0,1
B006G4KS10,5.0,1
B006G4JQSQ,5.0,1
B006G3LTT6,5.0,1
B006G3B8SI,5.0,1
B006G3B4OQ,5.0,1
B006G32GX4,5.0,1
B006G2DSO6,4.0,1
B006G1A5G6,5.0,1
B006G0VR5A,5.0,1
B006FOH1D4,5.0,1
B006GDOGDC,5.0,1
B006F6RF5G,4.0,1
B006F68M9O,5.0,1
B006F63N6Q,5.0,1
B006F5QJ1I,5.0,1
B006F49L00,5.0,1
B006F47CQK,5.0,1
B006F3W5GI,4.0,1
B006F3U10U,5.0,1
B006F38R6K,5.0,1
B006F36XQQ,5.0,1
B006F36MIK,5.0,1
B006F34UWU,5.0,1
B006F31KSM,5.0,1
B006F1WFD8,5.0,1
B006F1W8LW,5.0,1
B006EX2K3W,5.0,1
B006ESKSHC,4.0,1
B006ESK0I4,5.0,1
B006EROMKW,5.0,1
B006ERN7DA,5.0,1
B006F6VT7G,5.0,1
B006FOFF0U,5.0,1
B006F74PXU,5.0,1
B006FO8EEY,5.0,1
B006FO81H4,5.0,1
B006FO5KL4,5.0,1
B006FNSSY6,4.0,1
B006FN72UC,5.0,1
B006FLNVFY,5.0,1
B006FKTF3M,5.0,1
B006FKQY40,5.0,1
B006FKBZD0,5.0,1
B006FJVS88,5.0,1
B006FJF0VE,5.0,1
B006FIUIUI,4.0,1
B006FIUF8I,5.0,1
B006FIEJFI,4.0,1
B006FI5NHG,5.0,1
B006FI287E,5.0,1
B006FF8KQU,5.0,1
B006FDCG0S,5.0,1
B006FDADHQ,5.0,1
B006F8H9M8,4.0,1
B006F8GJR4,5.0,1
B006F7LG64,5.0,1
B006GDN93U,5.0,1
B006H9LUAM,5.0,1
B006H7DUBQ,5.0,1
B006H61RX0,5.0,1
B006H4Z33W,5.0,1
B006H4PCOW,5.0,1
B006H4N4LA,5.0,1
B006H4GM28,5.0,1
B006H3DBRI,4.0,1
B006H35N1U,5.0,1
B006H2AECY,5.0,1
B006H1W6OY,4.0,1
B006H0RWCG,5.0,1
B006H0JVXE,4.0,1
B006GYTTOC,5.0,1
B006GWNDGO,5.0,1
B006GWIIE6,4.0,1
B006GWFHWW,4.0,1
B006GWB7AI,5.0,1
B006GVQAGU,5.0,1
B006GVP4ZI,5.0,1
B006GUO1IU,5.0,1
B006GUIAY6,4.0,1
B006GUI9WO,5.0,1
B006GU3ZKA,5.0,1
B006GU281C,5.0,1
B006H6VSDY,4.0,1
B006H7L5JA,4.0,1
B006GTUL5S,5.0,1
B006H7S4HG,4.0,1
B006H9LIJA,5.0,1
B006H9LHHS,5.0,1
B006H9LFTS,4.0,1
B006H9L3CM,4.0,1
B006H9L2WI,5.0,1
B006H9L1PG,5.0,1
B006H9KZZS,4.0,1
B006H9KY4K,5.0,1
B006H9KXHS,4.0,1
B006H9KV9I,5.0,1
B006H9KSVY,4.0,1
B006H9KODG,4.0,1
B006H9KDDC,4.0,1
B006H9JJBE,4.0,1
B006H9IKW8,5.0,1
B006H9GHQO,4.0,1
B006H9E25C,4.0,1
B006H98L9U,5.0,1
B006H93A6Y,5.0,1
B006H91PTS,4.0,1
B006H8TSF2,4.0,1
B006H8Q7O2,5.0,1
B006H7X0XE,5.0,1
B006H7WO5O,5.0,1
B006H7WAFI,5.0,1
B006GTVKWQ,5.0,1
B006GTRWXC,5.0,1
B006GDT3US,5.0,1
B006GIOS6M,5.0,1
B006GIGDXI,4.0,1
B006GIB6T4,4.0,1
B006GHSBLG,5.0,1
B006GHPJ70,4.0,1
B006GHPHI6,5.0,1
B006GHJFHK,5.0,1
B006GHH2MK,5.0,1
B006GHGTBA,4.0,1
B006GHGS0W,5.0,1
B006GHGG8G,5.0,1
B006GHFVJQ,5.0,1
B006GHCP3Q,5.0,1
B006GGH7CG,4.0,1
B006GGH6UE,5.0,1
B006GGE5PS,5.0,1
B006GG21DQ,5.0,1
B006GF7646,5.0,1
B006GF6O4E,5.0,1
B006GF60FC,5.0,1
B006GESMIG,5.0,1
B006GER0DE,4.0,1
B006GEQMTW,5.0,1
B006GEQ48G,5.0,1
B006GELHRY,5.0,1
B006GEK0S6,5.0,1
B006GJMJ8K,5.0,1
B006GTL6S4,5.0,1
B006GJWX68,5.0,1
B006GSUM26,5.0,1
B006GSRJHM,5.0,1
B006GRKXXK,4.0,1
B006GRKF56,5.0,1
B006GR8U1C,4.0,1
B006GR4LQK,4.0,1
B006GR4BS8,5.0,1
B006GQUFOS,4.0,1
B006GQSUYU,5.0,1
B006GQPF5M,4.0,1
B006GQENUU,4.0,1
B006GQ2KG4,5.0,1
B006GPIQLI,5.0,1
B006GOV7EM,5.0,1
B006GN0WS0,5.0,1
B006GLGYU2,4.0,1
B006GK8Y6U,5.0,1
B006GK5P0I,4.0,1
B006GJZU54,4.0,1
B006GJXVAA,5.0,1
B006UKPJXW,5.0,1
B006ULD73U,5.0,1
B0075Q102O,5.0,1
B0075WZQFK,5.0,1
B0075WWGRG,5.0,1
B0075WUVUK,4.0,1
B0075WO7A0,5.0,1
B0075WJX9A,4.0,1
B0075VGSTY,5.0,1
B0075SE5XI,4.0,1
B0075RKSR6,5.0,1
B0075RFDUS,5.0,1
B0075R29ZU,5.0,1
B0075QPIJK,5.0,1
B0075PSKG4,5.0,1
B0075PJS5Q,5.0,1
B0075P11OC,5.0,1
B0075OYM5I,5.0,1
B0075OYKGE,5.0,1
B0075OXQAK,4.0,1
B0075OW4ZS,5.0,1
B0075YO0IC,5.0,1
B0075ZACEC,5.0,1
B00760BQY6,5.0,1
B00766RROI,5.0,1
B00766RQSU,5.0,1
B00766RKE0,5.0,1
B00766RJ8C,5.0,1
B00766DNQ4,5.0,1
B00765VQSW,5.0,1
B00764ELGM,5.0,1
B00764ECTS,4.0,1
B00764DR3K,5.0,1
B007641T26,4.0,1
B00763LZEY,5.0,1
B00763FXWE,5.0,1
B00762UVP4,4.0,1
B00762GO32,5.0,1
B00761DI9G,5.0,1
B00761AE70,4.0,1
B0076126L2,5.0,1
B00760W7UI,5.0,1
B0075OK0AE,5.0,1
B0075O7IUE,5.0,1
B0075G6QH8,5.0,1
B0075FNI48,5.0,1
B0075FGA4S,5.0,1
B0075FFY5O,4.0,1
B0075FCA60,5.0,1
B0075FBM46,5.0,1
B0075EBS32,5.0,1
B0075DUMI0,4.0,1
B0075D5GMW,5.0,1
B0075D2QR0,5.0,1
B0075CW8Z6,5.0,1
B0075CM5O0,5.0,1
B0075CKPF6,4.0,1
B0075CJFA2,5.0,1
B0075CJ6EC,5.0,1
B0075CIIHS,5.0,1
B0075CI8ZA,5.0,1
B0075CI7UQ,5.0,1
B0075CI7FG,5.0,1
B0075CI79M,5.0,1
B0075CI6WK,5.0,1
B0075CI3VO,5.0,1
B0075CHX74,5.0,1
B0075CHV08,5.0,1
B0075CHQLW,4.0,1
B0075FXJYC,5.0,1
B0075GN1DK,5.0,1
B0075GQ0P6,5.0,1
B0075NG75M,5.0,1
B0075NFUR8,4.0,1
B0075M75KE,5.0,1
B0075LY66Q,5.0,1
B0075LFAAW,5.0,1
B0075L5UI4,5.0,1
B0075JQ3PK,5.0,1
B0075JKZDQ,5.0,1
B0075JGJ68,5.0,1
B0075J2A3E,5.0,1
B0075ITM2M,5.0,1
B0075ISI4K,5.0,1
B0075INLBA,5.0,1
B0075IN7T6,5.0,1
B0075IMROM,4.0,1
B0075ILLHG,4.0,1
B0075ID5DO,5.0,1
B0075HTVD8,5.0,1
B00766S3T6,5.0,1
B00766S8E6,4.0,1
B00766S9RW,4.0,1
B0076XFCNO,5.0,1
B0076V7UFY,5.0,1
B0076V2W70,5.0,1
B0076V2TW8,5.0,1
B0076V2RRU,4.0,1
B0076RTC8G,5.0,1
B0076RSTGW,5.0,1
B0076RPCTE,5.0,1
B0076RMYKO,5.0,1
B0076R9XKI,5.0,1
B0076R8HMS,5.0,1
B0076R2N82,5.0,1
B0076Q6RGC,5.0,1
B0076Q4XE0,5.0,1
B0076PPVLU,5.0,1
B0076PPM2I,5.0,1
B0076PPKVQ,5.0,1
B0076PN2HK,5.0,1
B0076PEMWO,5.0,1
B0076P7X7U,5.0,1
B0076P7OYC,5.0,1
B0076VM8L0,5.0,1
B0076XMB9W,5.0,1
B0076P73P2,4.0,1
B0076XWAQ6,5.0,1
B007724CEO,4.0,1
B007713JAS,5.0,1
B00770T9KS,5.0,1
B00770P20Y,5.0,1
B00770P1KU,5.0,1
B00770P0S8,4.0,1
B00770OU7A,4.0,1
B00770OOGM,5.0,1
B00770ON18,5.0,1
B00770NPSU,4.0,1
B00770NERM,5.0,1
B00770MCR0,5.0,1
B00770KZ56,5.0,1
B00770KHWW,5.0,1
B00770KGQE,5.0,1
B00770KGGE,5.0,1
B00770KF3S,4.0,1
B00770K9FC,4.0,1
B00770K2S6,4.0,1
B00770BRYO,4.0,1
B0076ZZL88,5.0,1
B0076ZI1MG,5.0,1
B0076YTJDM,4.0,1
B0076YDS2U,5.0,1
B0076P7IUC,5.0,1
B0076OTVTO,5.0,1
B00766SAAI,5.0,1
B0076FSBKI,5.0,1
B0076E8AQO,5.0,1
B0076E036O,4.0,1
B0076DIW0E,5.0,1
B0076CURMQ,5.0,1
B0076COCF4,4.0,1
B0076CBMZW,5.0,1
B0076C63CO,5.0,1
B0076B806C,5.0,1
B0076ADHK2,5.0,1
B0076ABFNI,5.0,1
B00769QGQ0,5.0,1
B00769P2W4,5.0,1
B00769IMWQ,5.0,1
B00769DQ7M,5.0,1
B00768JCD0,5.0,1
B00767W82S,5.0,1
B00766WKFE,5.0,1
B00766SEOU,5.0,1
B00766SDG4,5.0,1
B00766SBES,4.0,1
B0076GZ8NA,4.0,1
B0076HRABW,5.0,1
B0076OLPBG,4.0,1
B0076OKXHI,4.0,1
B0076OIABE,5.0,1
B0076OI0VY,5.0,1
B0076OI0F0,5.0,1
B0076OD3MA,5.0,1
B0076O52T2,5.0,1
B0076O33FW,5.0,1
B0076O0I9Q,4.0,1
B0076NQWNS,4.0,1
B0076NP70C,4.0,1
B0076NCDAE,5.0,1
B0076N9MKI,5.0,1
B0076N45I2,5.0,1
B0076MR6UM,4.0,1
B0076MFH76,5.0,1
B0076MCX3M,4.0,1
B0076M03CA,5.0,1
B0076LZFWY,5.0,1
B0076LUPVK,5.0,1
B0076K2WJY,5.0,1
B0076K2KBE,5.0,1
B0076K1FH4,4.0,1
B0076JT0FE,5.0,1
B0075CHKZO,5.0,1
B00740VDX2,5.0,1
B007448IM2,4.0,1
B007447I50,5.0,1
B00743I91I,5.0,1
B007427AAU,5.0,1
B00741RFNI,5.0,1
B00741MQS2,5.0,1
B007412PEM,5.0,1
B00740ZJJG,5.0,1
B00740TY5Q,5.0,1
B0075AVBQA,5.0,1
B00740TGGS,5.0,1
B00740RPHU,5.0,1
B0073ZQBSA,5.0,1
B0073ZPUHS,5.0,1
B0073YRPAE,5.0,1
B0073YCB2Q,5.0,1
B0073YB3RU,5.0,1
B0073YANCQ,5.0,1
B0073Y4LFG,5.0,1
B0073Y346I,5.0,1
B0073Y1BQI,4.0,1
B0073XI3O2,4.0,1
B00744N5SE,5.0,1
B00744NB3I,5.0,1
B0074D39PE,5.0,1
B0074BYN38,5.0,1
B0074BKOM2,5.0,1
B0074BKMVK,5.0,1
B0074BISSE,4.0,1
B0074BIQ1S,5.0,1
B0074BIAVE,5.0,1
B0074BC0R4,5.0,1
B0074BBJ6W,5.0,1
B0074AW2AK,5.0,1
B0074AU8KG,5.0,1
B0074AN6EQ,5.0,1
B0074AD9HU,5.0,1
B00749MZ2G,5.0,1
B007494SD0,5.0,1
B00748TNU4,5.0,1
B00747UFP2,4.0,1
B007479I7I,5.0,1
B00746LEXK,5.0,1
B00746HET8,5.0,1
B00745VD78,4.0,1
B00745H5P2,5.0,1
B0073X7PUA,5.0,1
B0073X5JRG,5.0,1
B0073KYYK2,5.0,1
B0073KLMA2,4.0,1
B0073KKHD0,5.0,1
B0073JWP6S,5.0,1
B0073J8KJY,5.0,1
B0073IOK3K,5.0,1
B0073I084U,5.0,1
B0073HRLS2,5.0,1
B0073HM9IO,5.0,1
B0073HECKC,5.0,1
B0073H0A7G,5.0,1
B0073GMXSQ,4.0,1
B0073GMT7Q,5.0,1
B0073G9THE,5.0,1
B0073G30YM,5.0,1
B0073G190O,5.0,1
B0073FXEKI,5.0,1
B0073FVWPW,5.0,1
B0073FIB60,5.0,1
B0073D3PWW,5.0,1
B0073CMF92,5.0,1
B0073C26KK,5.0,1
B0073BP5L8,5.0,1
B0073KPJCE,5.0,1
B0073WWJYI,5.0,1
B0073LFTN2,4.0,1
B0073WVBVK,5.0,1
B0073W5APS,5.0,1
B0073VBPSA,5.0,1
B0073TVF46,5.0,1
B0073TTXSQ,5.0,1
B0073TJF98,5.0,1
B0073T0XYO,5.0,1
B0073SHGPE,5.0,1
B0073SBHLS,5.0,1
B0073SBAS8,5.0,1
B0073RCPQK,5.0,1
B0073Q026Q,5.0,1
B0073PQ7RK,5.0,1
B0073P1P7M,4.0,1
B0073P1NJW,4.0,1
B0073P1KNQ,5.0,1
B0073P1KC2,5.0,1
B0073OM4IW,4.0,1
B0073NJWFG,5.0,1
B0073MZECM,5.0,1
B0073MXX16,4.0,1
B0073MMJTS,5.0,1
B0073MESBA,5.0,1
B0073LIVZ0,4.0,1
B0074D78S8,4.0,1
B0074E0TXI,4.0,1
B00755JQ62,5.0,1
B00755JNOC,5.0,1
B00755739Y,5.0,1
B00754R34A,5.0,1
B00754R1FQ,5.0,1
B00753LSVK,5.0,1
B00752ZQ14,5.0,1
B00751EHSS,4.0,1
B00751EBO8,5.0,1
B00751DGCQ,5.0,1
B007518NO2,5.0,1
B00751231G,5.0,1
B00750H4VQ,4.0,1
B007504ECI,5.0,1
B0074ZS6ZK,5.0,1
B0074ZIDX0,5.0,1
B0074ZAITC,5.0,1
B0074YCVGQ,5.0,1
B0074WS61C,5.0,1
B0074WS3T2,5.0,1
B0074WFMAK,4.0,1
B0074W9GRA,4.0,1
B0074W9F1W,4.0,1
B0074VLI68,4.0,1
B00755JQJY,5.0,1
B00755QEJ4,5.0,1
B00758L44Q,4.0,1
B00757ZG0A,4.0,1
B00757UI12,4.0,1
B00757TZU2,4.0,1
B00757DF2G,5.0,1
B00757CM9S,5.0,1
B00757CIKQ,5.0,1
B00757BY3S,5.0,1
B00757BUF0,5.0,1
B00757AOV6,5.0,1
B00757A2L8,5.0,1
B007579Y3A,5.0,1
B007579XT0,5.0,1
B007578CVA,5.0,1
B0075784U4,5.0,1
B007576RIU,5.0,1
B0075711P4,5.0,1
B00756Z7MI,5.0,1
B00756QLKA,5.0,1
B00755RJQG,5.0,1
B0074V9YHS,5.0,1
B0074UY0O6,5.0,1
B0074EGK40,5.0,1
B0074NCRRU,5.0,1
B0074NB1BS,5.0,1
B0074NAXYE,5.0,1
B0074NA87Q,5.0,1
B0074MB9IE,4.0,1
B0074MAY3U,5.0,1
B0074MAPOI,4.0,1
B0074MAEXU,5.0,1
B0074MA908,5.0,1
B0074LP3AK,5.0,1
B0074LLMZU,5.0,1
B0074L4MU2,4.0,1
B0074KGHJM,5.0,1
B0074H6FSI,5.0,1
B0074G7U6A,5.0,1
B0074FZAJ0,5.0,1
B0074FR84A,5.0,1
B0074FMWP0,5.0,1
B0074FM8QI,5.0,1
B0074FJO42,4.0,1
B0074FJNZW,5.0,1
B0074FAHF2,5.0,1
B0074FAAFY,5.0,1
B0074EUXHK,5.0,1
B0074ESPHU,5.0,1
B0074EGNMO,5.0,1
B0074EGLIU,5.0,1
B0074EGKHW,4.0,1
B0074NCRE8,5.0,1
B0074UHPZW,4.0,1
B0074NDWT2,5.0,1
B0074UB670,5.0,1
B0074RDBD0,5.0,1
B0074R6YWU,4.0,1
B0074QREJI,5.0,1
B0074QJZHM,5.0,1
B0074QBQ92,5.0,1
B0074Q65O8,4.0,1
B0074Q4I0G,5.0,1
B0074PX9RU,4.0,1
B0074PN434,5.0,1
B0074P1XUK,5.0,1
B0074OMIE6,5.0,1
B0074O7LHK,5.0,1
B0074NGXZ2,5.0,1
B0074NGX5C,5.0,1
B0074NGHG2,5.0,1
B0074NGEHO,4.0,1
B0074NGDKM,5.0,1
B0074NFR2C,5.0,1
B0074NFAO2,5.0,1
B0074NF64Q,5.0,1
B0074NF5M4,5.0,1
B0074NF4UW,5.0,1
B0074NE8GI,5.0,1
B0074NE7DM,5.0,1
B0074NE656,4.0,1
B006ULDB7M,5.0,1
B007A31YMI,4.0,1
B007A4L7II,5.0,1
B007A4GYYU,5.0,1
B007A4G7MO,5.0,1
B007A4BNUA,5.0,1
B007A4BF4Y,5.0,1
B007A4B0XK,5.0,1
B007A3VT1E,5.0,1
B007A35X6Q,4.0,1
B007A35IU2,5.0,1
B007A34ONO,5.0,1
B007A34JA2,5.0,1
B007A334IU,5.0,1
B007964Z9K,5.0,1
B007A2YTFI,5.0,1
B007A2T47Q,5.0,1
B007A2T3SQ,5.0,1
B007A2R6OE,5.0,1
B007A1V1XW,5.0,1
B007A1S96Y,5.0,1
B007A1OMAQ,5.0,1
B007A1B998,5.0,1
B007A10TXA,4.0,1
B007A0QPB6,4.0,1
B007A4VUNA,5.0,1
B007A511BU,5.0,1
B007AIRRSI,5.0,1
B007AI94R0,5.0,1
B007AI6KOA,5.0,1
B007AI3S4A,5.0,1
B007AHWEAA,5.0,1
B007AGEGES,5.0,1
B007AG5LRY,5.0,1
B007AFASGE,5.0,1
B007AD071C,5.0,1
B007AC9XOU,4.0,1
B007ABIV4E,5.0,1
B007ABIE3M,5.0,1
B007A7OWQO,4.0,1
B007A7MBOY,5.0,1
B007A7E0UM,5.0,1
B007A7AJVQ,5.0,1
B007A6WJWE,5.0,1
B007A594UU,4.0,1
B007A51VEC,5.0,1
B007A51250,5.0,1
B007A511OC,5.0,1
B007A0D7IA,5.0,1
B0079ZN2WM,5.0,1
B0079ZBGY8,5.0,1
B0079MR26C,5.0,1
B0079MG2WM,4.0,1
B0079ME1XE,5.0,1
B0079MCOG0,5.0,1
B0079LOX42,5.0,1
B0079JLSME,5.0,1
B0079IQ5V4,4.0,1
B0079HQCHC,4.0,1
B0079HQC8G,4.0,1
B0079HQA1U,4.0,1
B0079HNUZE,5.0,1
B0079HNCTI,5.0,1
B0079FZLH6,5.0,1
B0079FNVNM,5.0,1
B0079CSUTA,5.0,1
B0079ASB96,5.0,1
B007982FZO,4.0,1
B007971KO2,5.0,1
B0079MRANM,5.0,1
B0079Z48S4,5.0,1
B0079MUR9Q,5.0,1
B0079X6SDE,5.0,1
B0079V41WQ,5.0,1
B0079U3LOQ,5.0,1
B0079S3E6I,5.0,1
B0079S3BPW,5.0,1
B0079ROKBW,5.0,1
B0079RHRR6,5.0,1
B0079QYA68,5.0,1
B0079QY1K8,4.0,1
B0079QOEIC,5.0,1
B0079QEHSE,5.0,1
B0079QEGOY,5.0,1
B0079Q9O46,5.0,1
B0079PZ3DS,5.0,1
B0079OJN7Q,5.0,1
B0079OF8LG,5.0,1
B0079ODTGW,5.0,1
B0079O3QKG,5.0,1
B0079O2Y72,5.0,1
B0079O0UZK,5.0,1
B0079NUD8K,4.0,1
B0079NPVAK,5.0,1
B0079NF81W,5.0,1
B0079MYDOQ,5.0,1
B007AIZICU,5.0,1
B007AJ2B1K,4.0,1
B007AJG12K,5.0,1
B007B4XU46,5.0,1
B007B4706A,5.0,1
B007B467PA,5.0,1
B007B3ZCX4,5.0,1
B007B307NY,5.0,1
B007B2XMLY,5.0,1
B007B2BZYA,4.0,1
B007B29PCE,5.0,1
B007B1R4XW,5.0,1
B007B1KQDM,5.0,1
B007B17ZP4,5.0,1
B007B0FV4W,5.0,1
B007B09T5E,5.0,1
B007AZ7SG2,5.0,1
B007AZ7600,5.0,1
B007AZ72TU,5.0,1
B007AZ6VXS,5.0,1
B007AZ3PQE,5.0,1
B007AYRRAU,4.0,1
B007AYDBDW,5.0,1
B007AXRRD8,5.0,1
B007AXRME2,5.0,1
B007AXRJ54,5.0,1
B007AX166C,5.0,1
B007B4O2G6,5.0,1
B007B57QJU,4.0,1
B007B6H6YE,4.0,1
B007BHTE5W,5.0,1
B007BGOJ6C,5.0,1
B007BGNQPC,5.0,1
B007BGJOOO,5.0,1
B007BGAYLQ,5.0,1
B007BG9XHM,4.0,1
B007BG8EG8,5.0,1
B007BG2BMG,5.0,1
B007BFNQYY,5.0,1
B007BFMBL8,5.0,1
B007BFJLMA,4.0,1
B007BFDMNO,5.0,1
B007BF9FWG,5.0,1
B007BF7QZ4,4.0,1
B007BF3W9S,5.0,1
B007BDXU1A,5.0,1
B007BDECSU,4.0,1
B007BDDND0,5.0,1
B007BBZ402,5.0,1
B007B6WEHI,5.0,1
B007B6TNCM,4.0,1
B007B6QY2O,5.0,1
B007B6O64C,4.0,1
B007AWZXVC,5.0,1
B007AWTIMW,5.0,1
B007AJR6A6,5.0,1
B007AM50NS,5.0,1
B007AKZTAE,5.0,1
B007AKYPXG,5.0,1
B007AKYCK2,5.0,1
B007AKXDI4,5.0,1
B007AKX4UQ,5.0,1
B007AKWVH8,5.0,1
B007AKWKXS,5.0,1
B007AKVTTO,5.0,1
B007AKV3IQ,5.0,1
B007AKUVS4,5.0,1
B007AKTEUA,5.0,1
B007AKT8PG,5.0,1
B007AKRWZO,4.0,1
B007AKR2VS,5.0,1
B007AKOO4Q,5.0,1
B007AK3XAC,4.0,1
B007AJYWR6,5.0,1
B007AJWT1M,5.0,1
B007AJVYDG,5.0,1
B007AJUFC2,5.0,1
B007AJT122,5.0,1
B007AJSSAI,5.0,1
B007AJR8G8,5.0,1
B007AL00CK,5.0,1
B007ANCQ0M,5.0,1
B007AO24DK,5.0,1
B007AWERZK,4.0,1
B007AWE9AI,4.0,1
B007AWCCT8,5.0,1
B007AVZE3U,5.0,1
B007AVPS36,5.0,1
B007AVPFUC,5.0,1
B007AVOEPY,4.0,1
B007AUZBRA,5.0,1
B007AUWS1C,5.0,1
B007AUJQYE,5.0,1
B007AUHW7C,4.0,1
B007AUHM36,5.0,1
B007AUHBRI,5.0,1
B007AUB9BM,5.0,1
B007AU3U0U,5.0,1
B007AT9OLA,5.0,1
B007AS8ENU,4.0,1
B007AS7JV8,5.0,1
B007AS7GN4,5.0,1
B007AS4SS0,5.0,1
B007AP8GWC,4.0,1
B007AON58S,5.0,1
B00772G7RE,5.0,1
B0077QP5AK,5.0,1
B0077S4842,4.0,1
B0077S44MI,5.0,1
B0077S42IE,5.0,1
B0077S3H9O,5.0,1
B0077S2P2Y,4.0,1
B0077S20IS,5.0,1
B0077S0ZXA,5.0,1
B0077RWEW6,5.0,1
B0077RJW4Y,5.0,1
B0077RB9R2,5.0,1
B0077R6MG0,5.0,1
B0077QZ2PI,4.0,1
B0077QLZHW,5.0,1
B00795OMZI,5.0,1
B0077PQKIC,5.0,1
B0077OYZSK,5.0,1
B0077NQVZQ,5.0,1
B0077LMW0Q,5.0,1
B0077L1XQA,5.0,1
B0077KQLKE,5.0,1
B0077HU2J8,5.0,1
B0077HMOFI,5.0,1
B0077HAPBI,5.0,1
B0077H93F2,5.0,1
B0077S4RAM,5.0,1
B0077SE2JI,5.0,1
B0077SEP22,5.0,1
B007825BPM,5.0,1
B0078255NA,5.0,1
B007824YLO,5.0,1
B007824SCY,5.0,1
B0077VFU82,5.0,1
B0077VFU0A,5.0,1
B0077VECGS,5.0,1
B0077VAKS2,4.0,1
B0077U3Q1Q,5.0,1
B0077U1LKO,5.0,1
B0077U0J0W,5.0,1
B0077TP2C8,5.0,1
B0077TOLWK,5.0,1
B0077TOJ22,4.0,1
B0077TKLTM,4.0,1
B0077THXUW,5.0,1
B0077TDPNQ,5.0,1
B0077T2CQM,5.0,1
B0077SXGJA,5.0,1
B0077SNY42,4.0,1
B0077SM4AW,5.0,1
B0077SKMBK,5.0,1
B0077FZ5QA,5.0,1
B0077FZ1JG,4.0,1
B0077B90HO,5.0,1
B00778XRKS,5.0,1
B00778LT9O,5.0,1
B00778JAL8,5.0,1
B00778CQDC,5.0,1
B00778B7QY,5.0,1
B00778B7OG,5.0,1
B00778B2PK,5.0,1
B00777WRCI,5.0,1
B00776D7Z0,4.0,1
B00776620W,5.0,1
B00775RQQ2,5.0,1
B00775PTNY,5.0,1
B00775PSBC,5.0,1
B007751G5O,5.0,1
B00774UFHU,4.0,1
B00774HC2G,5.0,1
B00774F6KQ,5.0,1
B00774CVDQ,4.0,1
B00773VNV8,5.0,1
B00773JEEQ,5.0,1
B007739IOC,5.0,1
B007739G8U,5.0,1
B007739G2G,4.0,1
B00772GDLE,5.0,1
B0077B5U0A,5.0,1
B0077C171K,4.0,1
B0077FK5X8,4.0,1
B0077FJJTO,5.0,1
B0077E73WA,5.0,1
B0077E70OG,5.0,1
B0077E3AC2,5.0,1
B0077E3A2C,5.0,1
B0077E39XC,5.0,1
B0077E0U70,5.0,1
B0077DXYO2,5.0,1
B0077DUBYS,5.0,1
B0077DTGVC,5.0,1
B0077DTBNK,5.0,1
B0077DTAY0,5.0,1
B0077DT8CY,5.0,1
B0077DT4UA,5.0,1
B0077DP0B2,5.0,1
B0077DKYWW,5.0,1
B0077D8FIC,5.0,1
B0077CZUNG,5.0,1
B0077CV65W,4.0,1
B00784AZBU,5.0,1
B00784B6Z4,5.0,1
B0078XI90U,5.0,1
B0078XGWUY,5.0,1
B0078XCH6W,4.0,1
B0078X9080,5.0,1
B0078X8B58,4.0,1
B0078UMJ40,5.0,1
B0078UIGRY,4.0,1
B0078U2SN2,5.0,1
B0078TPV8C,5.0,1
B0078THEAU,5.0,1
B0078TCPHC,5.0,1
B0078S6F7O,5.0,1
B0078Q7YYO,5.0,1
B0078PXT7Q,5.0,1
B0078PVQPI,5.0,1
B0078PVQ58,5.0,1
B0078PVAK4,5.0,1
B0078PUUZK,5.0,1
B0078PJKQA,4.0,1
B0078PJE2A,4.0,1
B0078XJI6E,5.0,1
B0078XWN7U,5.0,1
B0078N2G4U,5.0,1
B0078XX7RU,5.0,1
B00795D2BS,5.0,1
B00795C1WY,5.0,1
B00795B78S,5.0,1
B0079502Q6,4.0,1
B00794VQVM,5.0,1
B00793C0XQ,5.0,1
B00791FHC4,5.0,1
B00791FCEC,5.0,1
B00791F3O6,5.0,1
B00791EVQ2,5.0,1
B00791ECQ6,4.0,1
B00791CX1C,4.0,1
B00791CVYG,5.0,1
B00791CPWO,5.0,1
B007905XB0,5.0,1
B007905O32,4.0,1
B007905C20,5.0,1
B0078Z64QE,5.0,1
B0078YFP2E,5.0,1
B0078Y0B46,4.0,1
B0078OTFES,5.0,1
B0078MA0ZI,5.0,1
B00784BI6G,5.0,1
B0078A90DI,4.0,1
B0078A1W8O,5.0,1
B0078A1O96,5.0,1
B00789AAOW,5.0,1
B007889CCE,5.0,1
B007883MCA,4.0,1
B007883KB8,5.0,1
B007882XVQ,5.0,1
B00787RGUK,5.0,1
B00787PTE0,4.0,1
B00786PHRA,4.0,1
B00785XG42,5.0,1
B00785XBWE,5.0,1
B00785WVMU,5.0,1
B00785VK8G,4.0,1
B00785USW0,5.0,1
B00784S5JY,5.0,1
B00784R338,5.0,1
B00784IJSQ,5.0,1
B00784I9TA,5.0,1
B00784DRFQ,5.0,1
B00784C964,5.0,1
B0078A34ZS,5.0,1
B0078M848I,5.0,1
B0078CFYWM,5.0,1
B0078M7OBG,5.0,1
B0078LOL2C,5.0,1
B0078LLMSS,4.0,1
B0078JKKK6,4.0,1
B0078GJGS6,5.0,1
B0078G1LL6,5.0,1
B0078FXIM2,5.0,1
B0078FWGBQ,5.0,1
B0078FDT80,5.0,1
B0078F9RAE,5.0,1
B0078F93XK,5.0,1
B0078ESZ9Y,4.0,1
B0078ES2XI,5.0,1
B0078EGGHC,5.0,1
B0078E3P58,5.0,1
B0078E0NT4,5.0,1
B0078DSD4M,4.0,1
B0078DQJ5W,5.0,1
B0078CPTK4,4.0,1
B0073B7FVQ,5.0,1
B0073ASXAE,4.0,1
B006YUCA3U,5.0,1
B006YTS1RA,5.0,1
B006YTO4OY,5.0,1
B006YSPMVY,5.0,1
B006YSPM0A,5.0,1
B006YRNA5A,5.0,1
B006YQZJXC,5.0,1
B006YQM1T2,5.0,1
B006YKKDPM,5.0,1
B006YJV4VK,5.0,1
B006YJV1RC,5.0,1
B006YJUZH4,5.0,1
B006YJMWO8,5.0,1
B006YJAA1U,5.0,1
B006YHFVZW,5.0,1
B006YH557G,5.0,1
B006YG9JF6,5.0,1
B006YG9IKC,5.0,1
B006YFY222,5.0,1
B006YFCIGY,5.0,1
B006YDS1GM,5.0,1
B006YCDB5Y,5.0,1
B006YCB4YE,4.0,1
B006YUW8YQ,5.0,1
B006YV9HLW,5.0,1
B006Z4KLRC,5.0,1
B006Z43BLA,5.0,1
B006Z1U9NQ,5.0,1
B006Z1U7W4,5.0,1
B006Z1AL8O,5.0,1
B006Z15Y0E,5.0,1
B006Z15DM8,5.0,1
B006Z125VU,5.0,1
B006Z10PJE,5.0,1
B006Z10HP6,5.0,1
B006Z0ZRS4,4.0,1
B006Z0Z6JO,4.0,1
B006Z04XJI,5.0,1
B006YZPF1Y,5.0,1
B006YZOUP6,5.0,1
B006YZKFDM,5.0,1
B006YZCRGK,5.0,1
B006YXVHQS,4.0,1
B006YVYC7G,5.0,1
B006YVYBZO,5.0,1
B006YVWTPS,5.0,1
B006YC5XBY,5.0,1
B006XJZ2IM,4.0,1
B006XJS83S,5.0,1
B006XJD34M,5.0,1
B006XJ2U46,5.0,1
B006XIU8JQ,5.0,1
B006XGWZD0,5.0,1
B006XGON8U,4.0,1
B006XGH91S,4.0,1
B006XG5GQ8,5.0,1
B006XFS260,5.0,1
B006XFO6W4,5.0,1
B006XFGMUS,5.0,1
B006XDJEC8,5.0,1
B006XDJE32,5.0,1
B006XD2D2Q,5.0,1
B006X9VT8O,5.0,1
B006X9VRIQ,5.0,1
B006X978VG,5.0,1
B006X831WM,5.0,1
B006X7RKHU,5.0,1
B006X726OW,5.0,1
B006X5HPP4,5.0,1
B006X5AZAQ,5.0,1
B006XL21PM,5.0,1
B006Y9JVG0,4.0,1
B006Y84N7I,5.0,1
B006Y7U1LG,5.0,1
B006Y4JRXW,5.0,1
B006Y3BO2K,4.0,1
B006Y11GES,5.0,1
B006XZA466,4.0,1
B006XY410W,4.0,1
B006XY1QRS,5.0,1
B006XXUXCS,4.0,1
B006XXP9KE,5.0,1
B006XVMSVY,5.0,1
B006XV2WCO,5.0,1
B006XNSCRQ,5.0,1
B006XNPNSM,5.0,1
B006XMLE7M,5.0,1
B006XL893K,5.0,1
B006Z6D8SO,5.0,1
B006ZQ9FAO,5.0,1
B006ZPRMNW,5.0,1
B006ZPOCRG,5.0,1
B006ZOS3PE,5.0,1
B006ZORWPQ,5.0,1
B006ZORATE,5.0,1
B006ZOQWVQ,5.0,1
B006ZOQQ8U,4.0,1
B006ZOQPKY,5.0,1
B006ZOQFE0,4.0,1
B006ZOPUGY,5.0,1
B006ZOPNF2,5.0,1
B006ZOHD9Q,5.0,1
B006ZOFSYS,5.0,1
B006ZNE0MU,5.0,1
B006ZNA52E,5.0,1
B006ZN6A00,5.0,1
B006ZN27OS,5.0,1
B006ZM2ZNW,4.0,1
B006ZLYHWU,5.0,1
B006ZLNPT6,4.0,1
B006ZQ9FP4,5.0,1
B006ZQJLY4,4.0,1
B006ZHWQRW,5.0,1
B006ZQX7XA,5.0,1
B006ZX1TD8,4.0,1
B006ZVA1CU,5.0,1
B006ZUJYWY,5.0,1
B006ZUJDOS,5.0,1
B006ZUJCOE,5.0,1
B006ZUJ7FI,5.0,1
B006ZUJ03M,5.0,1
B006ZUIJVG,5.0,1
B006ZUIHP4,5.0,1
B006ZUIEFM,5.0,1
B006ZUHZRA,5.0,1
B006ZUHY9E,5.0,1
B006ZUGXU0,5.0,1
B006ZUGULC,5.0,1
B006ZUGN32,5.0,1
B006ZUFT6Y,5.0,1
B006ZUFPO0,5.0,1
B006ZUFMNY,5.0,1
B006ZUDS30,5.0,1
B006ZU71I8,5.0,1
B006ZSL244,5.0,1
B006ZSDPS0,5.0,1
B006ZR8BTO,5.0,1
B006ZK7LBK,4.0,1
B006ZHHL7W,5.0,1
B006Z757D2,5.0,1
B006Z9LCUM,5.0,1
B006Z9JZ1K,5.0,1
B006Z99YBG,5.0,1
B006Z98CD2,5.0,1
B006Z981WY,5.0,1
B006Z96R4S,4.0,1
B006Z96P2W,4.0,1
B006Z93IMW,5.0,1
B006Z93G9W,5.0,1
B006Z93FOS,5.0,1
B006Z93F4I,4.0,1
B006Z8KDLW,4.0,1
B006Z79F9Y,5.0,1
B006Z79DJ6,5.0,1
B006Z79B8E,5.0,1
B006Z77WB2,5.0,1
B006Z77MOY,5.0,1
B006Z77J6A,5.0,1
B006Z77HJY,5.0,1
B006Z77HAS,4.0,1
B006Z772GC,4.0,1
B006Z7720S,5.0,1
B006Z76YZW,5.0,1
B006Z76QKK,5.0,1
B006Z9K1D6,5.0,1
B006Z9LYK0,5.0,1
B006ZGNKLE,5.0,1
B006ZG68ZO,4.0,1
B006ZFZ5PE,5.0,1
B006ZFSPVU,5.0,1
B006ZFQ3X2,5.0,1
B006ZFNXR6,5.0,1
B006ZF3D5S,5.0,1
B006ZEZADM,5.0,1
B006ZEXWDC,5.0,1
B006ZDWYQ4,5.0,1
B006ZDAP1A,5.0,1
B006ZCZN1S,5.0,1
B006ZBUQ66,5.0,1
B006ZBU6EI,4.0,1
B006ZBTWAW,5.0,1
B006ZBSRZI,5.0,1
B006ZBLMV4,5.0,1
B006ZBHPN8,5.0,1
B006ZB61YC,5.0,1
B006ZAG9ZY,5.0,1
B006ZAFEU0,5.0,1
B006ZAESDY,5.0,1
B006ZAEJU6,5.0,1
B006ZA9IDY,5.0,1
B006Z9XKXO,5.0,1
B006X51I8E,5.0,1
B006X4GNLC,5.0,1
B0073ARZ4Y,4.0,1
B006VOGDT6,5.0,1
B006VXU52I,5.0,1
B006VX853E,5.0,1
B006VWSXSW,5.0,1
B006VWMI9C,5.0,1
B006VW47XC,5.0,1
B006VW44HG,4.0,1
B006VW37O2,5.0,1
B006VT6TNQ,5.0,1
B006VT54EQ,5.0,1
B006VOYAAK,4.0,1
B006X4F0XE,5.0,1
B006VO678I,5.0,1
B006VKLPNE,5.0,1
B006VK8CZ8,4.0,1
B006VK7OSO,5.0,1
B006VJUO14,5.0,1
B006VIXQ56,4.0,1
B006VIPYOM,5.0,1
B006VIOC9A,5.0,1
B006VIG1NU,5.0,1
B006VHX71A,5.0,1
B006VHLPA0,4.0,1
B006VHDQHU,5.0,1
B006VGXW84,5.0,1
B006VXZULO,4.0,1
B006VY2EQW,5.0,1
B006VY2SYA,5.0,1
B006W7PFQY,4.0,1
B006W5SUIQ,4.0,1
B006W4BA0M,5.0,1
B006W47ZGU,5.0,1
B006W2GVFS,5.0,1
B006W2GUYU,5.0,1
B006W2GUL8,4.0,1
B006W22NBE,5.0,1
B006W20K50,4.0,1
B006W1G4XS,4.0,1
B006W1F5NS,5.0,1
B006W0ZCM8,5.0,1
B006W0U19C,5.0,1
B006VYWGBK,5.0,1
B006VYWCMI,4.0,1
B006VYQYF4,5.0,1
B006VYLT5E,4.0,1
B006VYJ9P6,4.0,1
B006VY7T4Y,5.0,1
B006VGK8O0,5.0,1
B006VGJ2YC,5.0,1
B006VFJVK8,5.0,1
B006UW3R2K,5.0,1
B006UW0BIS,5.0,1
B006UVVIU4,5.0,1
B006UVPW6U,5.0,1
B006UV5LGG,5.0,1
B006UV3OWO,5.0,1
B006UV12UA,5.0,1
B006UUJSWK,4.0,1
B006UTSSX6,5.0,1
B006UTGQ4Y,5.0,1
B006UT27PQ,4.0,1
B006UT1JFK,5.0,1
B006US0OZ2,5.0,1
B006UR3AUE,5.0,1
B006UR1ZLK,5.0,1
B006UQCTUM,5.0,1
B006UP4YT2,5.0,1
B006UOG84W,4.0,1
B006UN5CEA,5.0,1
B006UMQ0V0,4.0,1
B006UM6J7A,5.0,1
B006UM1CUY,5.0,1
B006ULUQ7K,4.0,1
B006ULIMYY,4.0,1
B006UW8BUI,5.0,1
B006UWA7XW,5.0,1
B006VFAMCO,5.0,1
B006UWAZWA,5.0,1
B006VEV2C4,5.0,1
B006VCJ6QU,5.0,1
B006VB4FJO,5.0,1
B006VB4ESQ,4.0,1
B006VB4DWS,5.0,1
B006VB4904,5.0,1
B006VA3X3Y,5.0,1
B006V7CRFM,5.0,1
B006V6OVWK,5.0,1
B006V6CVTA,5.0,1
B006V4XZRE,4.0,1
B006V4OV5E,5.0,1
B006V47U70,5.0,1
B006V467RY,4.0,1
B006V3VYA0,5.0,1
B006UZS4FW,5.0,1
B006UZPCJI,5.0,1
B006UZ9S4I,5.0,1
B006UYBWI4,5.0,1
B006UY8PLG,5.0,1
B006UY8K48,5.0,1
B006UX526I,5.0,1
B006UWP4Y4,5.0,1
B006UWDW2A,5.0,1
B006W7Q18A,5.0,1
B006W7Q1OE,4.0,1
B006W904RW,5.0,1
B006WVL2YY,5.0,1
B006WUC5UU,5.0,1
B006WTSWCG,5.0,1
B006WTF792,5.0,1
B006WT2MSG,5.0,1
B006WSL5YO,5.0,1
B006WSFK36,5.0,1
B006WSDJ2U,4.0,1
B006WRWYDQ,4.0,1
B006WRFGKY,5.0,1
B006WQJGD8,5.0,1
B006WQEKWU,4.0,1
B006WQDIMS,5.0,1
B006WPPA8Y,5.0,1
B006WPONKU,5.0,1
B006WPCOT2,5.0,1
B006WPBU2O,5.0,1
B006WOUHRE,4.0,1
B006WOFS1Y,5.0,1
B006WOF3NW,4.0,1
B006WNLHEM,5.0,1
B006WMZ7CQ,5.0,1
B006WMTUUQ,5.0,1
B006WMRBE8,5.0,1
B006WM7ZAI,5.0,1
B006WVEUU2,5.0,1
B006WVXPR6,4.0,1
B006WKQO4I,5.0,1
B006X4CW12,4.0,1
B006X4C6OU,5.0,1
B006X420ZA,4.0,1
B006X3RWW2,5.0,1
B006X3E51I,5.0,1
B006X3E4T6,4.0,1
B006X3E4FU,5.0,1
B006X3BTG2,4.0,1
B006X384RE,4.0,1
B006X1UPKA,5.0,1
B006X1RL66,5.0,1
B006X1D5X4,5.0,1
B006X1A1KE,4.0,1
B006X0LIB6,4.0,1
B006X0GCT4,5.0,1
B006X08H2Y,4.0,1
B006WZZ8QS,5.0,1
B006WZA25U,5.0,1
B006WZ9LSO,4.0,1
B006WZ96G6,5.0,1
B006WZ962K,5.0,1
B006WXY0V4,5.0,1
B006WLA6E6,5.0,1
B006WK9H8S,5.0,1
B006W92XKS,5.0,1
B006WDKJ6E,5.0,1
B006WCKK82,5.0,1
B006WCA3F2,5.0,1
B006WCA276,5.0,1
B006WCA1RM,5.0,1
B006WC9XWG,5.0,1
B006WC9XCQ,5.0,1
B006WC9X3U,5.0,1
B006WC9X08,5.0,1
B006WC9WV8,5.0,1
B006WC9VY6,5.0,1
B006WC9V50,4.0,1
B006WC9THA,5.0,1
B006WC9T7A,5.0,1
B006WC9HO0,4.0,1
B006WC6ZIQ,4.0,1
B006WBT58Y,4.0,1
B006WBT2F0,4.0,1
B006WB1DFC,5.0,1
B006WB1CX0,5.0,1
B006WB17JY,5.0,1
B006WAMDN4,5.0,1
B006WAMCNA,5.0,1
B006W9K2OM,5.0,1
B006W999DC,4.0,1
B006WCY1MS,4.0,1
B006WDKKZY,4.0,1
B006WDKLLM,5.0,1
B006WHXI6S,4.0,1
B006WHP2JE,5.0,1
B006WHLO5K,4.0,1
B006WH72GA,5.0,1
B006WG097A,4.0,1
B006WG04P2,5.0,1
B006WFMZY6,5.0,1
B006WFM5E6,5.0,1
B006WF3LZI,5.0,1
B006WEHEHK,5.0,1
B006WEHD4E,5.0,1
B006WEHCZ4,5.0,1
B006WEHBNW,4.0,1
B006WEHB96,4.0,1
B006WEHAM4,5.0,1
B006WEHAAQ,5.0,1
B006WEH9YS,5.0,1
B006WEH8GC,4.0,1
B006WEH7OA,5.0,1
B006WDKU5Y,5.0,1
B006WDKNYC,5.0,1
B006WDKMVG,5.0,1
B006ZYV3WO,5.0,1
B006ZYZ0O6,4.0,1
B006ZZ0BJE,5.0,1
B0072CN7FO,5.0,1
B0072CPTAK,5.0,1
B0072CPG6W,5.0,1
B0072CP9L4,5.0,1
B0072CP3II,4.0,1
B0072COYTC,5.0,1
B0072COVAY,4.0,1
B0072COV9K,4.0,1
B0072COTME,5.0,1
B0072CO15O,4.0,1
B0072CNVU0,4.0,1
B0072CNVHI,4.0,1
B0072CNOSE,5.0,1
B0072CLCLU,4.0,1
B006ZZ1BSY,5.0,1
B0072C9VXQ,4.0,1
B0072BSM96,5.0,1
B0072AMJK0,5.0,1
B00729S8E2,4.0,1
B00729D6GW,5.0,1
B00728U4U4,5.0,1
B00728QO9Y,5.0,1
B00727VV48,4.0,1
B00727U4WS,4.0,1
B00727SA0G,5.0,1
B00727RM0U,5.0,1
B00727PWR0,5.0,1
B00727PDA6,5.0,1
B0072CQ058,5.0,1
B0072CQ3AU,5.0,1
B0072CQ4MW,5.0,1
B0072CQ58U,5.0,1
B0072F26QM,5.0,1
B0072EFYCQ,4.0,1
B0072CXEAW,4.0,1
B0072CVB6G,5.0,1
B0072CUSWY,4.0,1
B0072CUMP2,5.0,1
B0072CUAD6,4.0,1
B0072CTSNO,4.0,1
B0072CTOEC,5.0,1
B0072CTI5W,5.0,1
B0072CT8KC,5.0,1
B0072CSQAU,5.0,1
B0072CSLPU,5.0,1
B0072CSD58,5.0,1
B0072CRVMO,5.0,1
B0072CRL6A,5.0,1
B0072CR48U,5.0,1
B0072CQWOM,4.0,1
B0072CQORC,4.0,1
B0072CQMII,5.0,1
B0072CQDRS,4.0,1
B0072CQCY2,5.0,1
B00726I110,4.0,1
B00726HX6Y,4.0,1
B007210O1U,5.0,1
B00720NM38,5.0,1
B00720F6MI,5.0,1
B0071ZM9GK,5.0,1
B0071Z1XH6,5.0,1
B0071Y82NK,5.0,1
B0071XOWAS,4.0,1
B0071XOW44,4.0,1
B0071XOVUO,5.0,1
B0071V30YO,5.0,1
B0071UZZA2,5.0,1
B0071T8YOW,4.0,1
B0071RE9CU,5.0,1
B0071QO43K,5.0,1
B0071Q624E,5.0,1
B0071OXIHA,5.0,1
B0071OXCZS,5.0,1
B0071OURE2,5.0,1
B0071OTHOS,5.0,1
B0071OTAQ8,4.0,1
B0071OP5C6,5.0,1
B0071OP314,5.0,1
B0071OOTIW,4.0,1
B0071OL9XK,5.0,1
B0071OKZ4E,4.0,1
B0071OK52G,5.0,1
B00720UVRS,4.0,1
B007263GRE,5.0,1
B00721QCRA,5.0,1
B0072636AG,4.0,1
B00726367O,4.0,1
B007256DHA,5.0,1
B00724N2KW,5.0,1
B007242SV6,5.0,1
B007242JZQ,4.0,1
B007242JQU,5.0,1
B007242GW2,5.0,1
B007242GL8,4.0,1
B00723Y478,5.0,1
B00723WHMC,5.0,1
B00723P2ZG,5.0,1
B00723GTTE,5.0,1
B0072297QW,5.0,1
B0072289VQ,4.0,1
B007227TVW,5.0,1
B007227L88,5.0,1
B0072F7OE6,5.0,1
B0073411R2,5.0,1
B0073405ZG,5.0,1
B0073400L0,5.0,1
B00733ZC7I,5.0,1
B00733T8NW,5.0,1
B00733OG16,5.0,1
B00733JU7Q,5.0,1
B00733JE54,5.0,1
B00733JCQK,5.0,1
B00733IPZO,5.0,1
B00732VSVI,5.0,1
B00731Y870,4.0,1
B007315WT8,5.0,1
B00730UVHW,5.0,1
B00730UQMC,5.0,1
B00730H64I,5.0,1
B007306XGK,5.0,1
B0072ZRRXO,5.0,1
B0072ZQVF4,5.0,1
B0072ZH9MS,5.0,1
B0072ZGY2O,4.0,1
B0072Z64GK,5.0,1
B0072YLVE6,5.0,1
B0072YLN6M,5.0,1
B0072YKW3M,5.0,1
B0072XK88M,5.0,1
B0072XAO0O,5.0,1
B0073408EO,5.0,1
B007341UJG,5.0,1
B00739Z4A2,4.0,1
B00739QGK4,5.0,1
B00739OSLI,4.0,1
B00739NI1Y,5.0,1
B00738Y4DG,5.0,1
B0073882PM,5.0,1
B00737MU1A,4.0,1
B00737MIIK,5.0,1
B00737M2L8,5.0,1
B00737FOMW,5.0,1
B0073780IW,4.0,1
B007370VX4,4.0,1
B007370V2A,5.0,1
B007370TQI,5.0,1
B00736V562,5.0,1
B007367JG2,5.0,1
B007361DI2,5.0,1
B007360UNQ,5.0,1
B00735ZAZK,5.0,1
B00735HWOC,5.0,1
B007356220,5.0,1
B00734ELG0,5.0,1
B00734EBW4,5.0,1
B0072X71DM,5.0,1
B0072FU86C,5.0,1
B0072FU6GE,5.0,1
B0072FU5XS,4.0,1
B0072FU5N8,4.0,1
B0072FU3VW,5.0,1
B0072FU3IK,4.0,1
B0072FTRF0,4.0,1
B0072FTR96,4.0,1
B0072FTKTS,5.0,1
B0072FTJ30,4.0,1
B0072FTIMC,4.0,1
B0072FTICM,5.0,1
B0072FT9IK,4.0,1
B0072FT886,5.0,1
B0072FSUOY,5.0,1
B0072FSRJW,5.0,1
B0072FSPD0,5.0,1
B0072FSOLI,5.0,1
B0072FSMV0,5.0,1
B0072FS6JI,4.0,1
B0072FS5OY,5.0,1
B0072FRY1E,5.0,1
B0072FRWWU,5.0,1
B0072GZHK8,5.0,1
B0072UXV0M,4.0,1
B0072TDJPU,5.0,1
B0072SLGLA,5.0,1
B0072QO6SM,5.0,1
B0072Q4HFO,5.0,1
B0072Q4HAO,5.0,1
B0072Q4G32,4.0,1
B0072Q2X7I,4.0,1
B0072Q1K2C,5.0,1
B0072Q1DQ0,5.0,1
B0072Q1B0S,5.0,1
B0072Q1A0Y,5.0,1
B0072PMV9Y,5.0,1
B0072P5MTK,5.0,1
B0072P3ZGC,5.0,1
B0072O41WU,5.0,1
B0072NXIIE,5.0,1
B0072N7GQY,5.0,1
B0072MKQNA,5.0,1
B0072L5C9O,5.0,1
B0072K1WCQ,5.0,1
B0072K1UCI,5.0,1
B0072K12JY,5.0,1
B0072JKRJ6,5.0,1
B0071OBPPW,4.0,1
B0071OAP1M,5.0,1
B0070X8NZY,5.0,1
B0070WT1ZQ,5.0,1
B0070WCRZM,5.0,1
B0070UP2G0,5.0,1
B0070UL84K,5.0,1
B0070UBZEI,4.0,1
B0070U7ZWE,4.0,1
B0070TB6PC,4.0,1
B0070TB0OE,5.0,1
B0070TAZYK,5.0,1
B0070TASJM,5.0,1
B0070RT3CC,5.0,1
B0070RA6WI,5.0,1
B0070PMDJ4,5.0,1
B0070PBXFY,4.0,1
B0070P7GAU,5.0,1
B0070P4J4Q,5.0,1
B0070P2CZE,5.0,1
B0070OC3HC,5.0,1
B0070O3OYI,5.0,1
B0070NTUBA,5.0,1
B0070X3UBQ,5.0,1
B0070X9GC8,5.0,1
B0070IKL72,5.0,1
B0070XC1BG,5.0,1
B00712W62U,5.0,1
B00712UONS,5.0,1
B00712UKJ6,5.0,1
B00712MMTM,5.0,1
B007127L0W,5.0,1
B007120CP8,5.0,1
B007120CBM,4.0,1
B007120B68,4.0,1
B00711WM7A,5.0,1
B00711U1LE,5.0,1
B007118LFW,5.0,1
B00710HKY6,5.0,1
B00710CAF0,5.0,1
B0071030CC,5.0,1
B0071020JG,5.0,1
B0070ZZHUQ,5.0,1
B0070ZXXFC,5.0,1
B0070ZTJQO,5.0,1
B0070ZHM72,5.0,1
B0070Z8JDS,5.0,1
B0070Z7NGC,5.0,1
B0070Z1N40,4.0,1
B0070YTGV8,5.0,1
B0070YFBX0,4.0,1
B0070YDZPQ,5.0,1
B0070IXSPE,5.0,1
B0070IC1FW,5.0,1
B0070B6WM2,5.0,1
B0070B5V0Q,5.0,1
B0070B5EPI,5.0,1
B0070B44AO,5.0,1
B0070B2BOA,4.0,1
B0070AXEB0,5.0,1
B0070AESGU,5.0,1
B0070A24JI,5.0,1
B00709JGIG,5.0,1
B00708ERSQ,5.0,1
B00704MCVE,5.0,1
B00704M0G6,5.0,1
B00704HQZ6,5.0,1
B00703KM5S,5.0,1
B007033UAW,5.0,1
B00702WJFA,5.0,1
B00702SMT2,5.0,1
B007022QRQ,4.0,1
B00701MSHA,4.0,1
B00701KP9I,4.0,1
B007013YXW,5.0,1
B00700QXZO,5.0,1
B00700GNCC,5.0,1
B006ZZSB1E,5.0,1
B0070B6G0U,5.0,1
B0070B7ZPA,5.0,1
B0070BBL2S,5.0,1
B0070IAXFM,5.0,1
B0070I9ZSS,5.0,1
B0070FVMNM,5.0,1
B0070FPISW,4.0,1
B0070EFV62,5.0,1
B0070EFD74,5.0,1
B0070E951E,4.0,1
B0070E78UO,5.0,1
B0070E489S,5.0,1
B0070DENDK,5.0,1
B0070D6NR4,5.0,1
B0070D4O1G,5.0,1
B0070CY1NI,5.0,1
B0070CX9CM,5.0,1
B0070CQXCA,5.0,1
B0070CEQYC,5.0,1
B0070C9JSK,4.0,1
B0070BUBUG,4.0,1
B0070BR136,4.0,1
B0070BIH70,4.0,1
B00713CTCQ,5.0,1
B00713WLHE,4.0,1
B0071H3ZE8,5.0,1
B0071G3E04,4.0,1
B0071FWALE,4.0,1
B0071FIYE6,4.0,1
B0071EV3RC,4.0,1
B0071ELQQ0,5.0,1
B0071EJR2U,5.0,1
B0071EI5VE,5.0,1
B0071E2EWU,5.0,1
B0071DX7PY,5.0,1
B0071DOSEI,5.0,1
B0071DF1MQ,5.0,1
B0071CZK1O,5.0,1
B0071CWY2W,5.0,1
B0071CQFNG,5.0,1
B0071CPP96,4.0,1
B0071CLKQS,4.0,1
B0071BZ3SA,5.0,1
B0071BYFDE,4.0,1
B0071BPD4Y,5.0,1
B0071BL5TG,5.0,1
B0071BGZMS,5.0,1
B0071BGMOE,5.0,1
B0071B3PAS,5.0,1
B0071GZSA8,5.0,1
B0071H43VW,5.0,1
B0071HIGUG,4.0,1
B0071NOVZO,4.0,1
B0071NOMTY,5.0,1
B0071NOJQ0,5.0,1
B0071NOB04,5.0,1
B0071NO5XC,5.0,1
B0071NO2LM,5.0,1
B0071NNV8W,5.0,1
B0071NNV4Q,5.0,1
B0071NNTF2,5.0,1
B0071NNT3O,5.0,1
B0071NMCA0,5.0,1
B0071N7MJ6,5.0,1
B0071MO4V6,5.0,1
B0071M9JG6,5.0,1
B0071LQOJW,5.0,1
B0071LM9TQ,5.0,1
B0071LIQZ2,5.0,1
B0071LE6ZQ,5.0,1
B0071L24X2,4.0,1
B0071KG8O4,5.0,1
B0071KG2O0,5.0,1
B0071KG1UU,5.0,1
B0071IYLHM,5.0,1
B0071HJG5A,5.0,1
B0071HJFG0,5.0,1
B0071HIIPY,5.0,1
B0071B044I,5.0,1
B0071AROEM,5.0,1
B0071505QG,5.0,1
B00718F1L2,5.0,1
B00718E1KE,5.0,1
B00718DWMM,5.0,1
B00718DW72,5.0,1
B00718DI9Y,5.0,1
B00718DHCW,5.0,1
B00718D556,5.0,1
B00718C1YC,5.0,1
B00718BZRG,5.0,1
B00718BVS4,5.0,1
B00718BKRG,5.0,1
B00718BFTE,5.0,1
B00718APJA,5.0,1
B00718AO14,4.0,1
B00718ABEY,5.0,1
B00718A19E,4.0,1
B00718A004,5.0,1
B007189SHA,5.0,1
B007188E6Q,4.0,1
B0071888PS,5.0,1
B007187BNS,5.0,1
B007171M98,4.0,1
B0071513R6,5.0,1
B007150FOS,4.0,1
B0071506PG,4.0,1
B00718F7VQ,4.0,1
B0071ARD5C,5.0,1
B0071AR3RA,4.0,1
B0071AN4WI,4.0,1
B0071AFGAG,5.0,1
B0071A9GZW,4.0,1
B0071A6F74,5.0,1
B00719RYRK,5.0,1
B00719LMP0,5.0,1
B00719FRXS,5.0,1
B00719BXWM,5.0,1
B00719A1NO,5.0,1
B007191HCI,5.0,1
B007190WFQ,5.0,1
B00718ZZCC,4.0,1
B00718I00G,4.0,1
B00718HBDS,5.0,1
B00718G62K,5.0,1
B00718G47M,5.0,1
B00718G0AS,5.0,1
B00718FXTW,5.0,1
B00718FRD4,5.0,1
B0068PI9CC,5.0,1
B007BHYN9O,5.0,1
B005NISHCW,4.0,1
B005NIU7AC,5.0,1
B005NIU4HS,5.0,1
B005NIU0YU,5.0,1
B005NIT7WQ,5.0,1
B005NIT726,5.0,1
B005NIT5H8,4.0,1
B005NISYYS,5.0,1
B005NISYS4,5.0,1
B005NISS4O,5.0,1
B005NISJ8Y,5.0,1
B005NIQDEQ,5.0,1
B005N1VS9I,5.0,1
B005NIPG6M,5.0,1
B005NIJOU6,5.0,1
B005NIA7QG,5.0,1
B005NI8N0I,5.0,1
B005NI7ZY8,5.0,1
B005NI7HIC,5.0,1
B005NI6Y3Q,5.0,1
B005NI62A6,5.0,1
B005NHTJU2,4.0,1
B005NHSVBK,5.0,1
B005NHOE5W,5.0,1
B005NHM7BK,5.0,1
B005NH76AM,5.0,1
B005NJ5SWS,5.0,1
B005NJ85XM,5.0,1
B005NJ876C,4.0,1
B005NMR850,5.0,1
B005NMAU14,5.0,1
B005NM7OHW,5.0,1
B005NLQCJY,5.0,1
B005NL7J8C,5.0,1
B005NL5SN0,5.0,1
B005NL49OO,4.0,1
B005NL352G,4.0,1
B005NKO5K8,5.0,1
B005NKNQA8,5.0,1
B005NKM0WI,5.0,1
B005NKAL10,4.0,1
B005NKA7D2,5.0,1
B005NK7SB6,5.0,1
B005NK6TTI,5.0,1
B005NK42NI,5.0,1
B005NJTVOO,5.0,1
B005NJKTSG,5.0,1
B005NJD8GG,5.0,1
B005NJ9PSG,5.0,1
B005NGRC7K,5.0,1
B005NGICN8,4.0,1
B005NET5UE,5.0,1
B005NB3K4Y,5.0,1
B005NAUYDK,5.0,1
B005NAIDYC,4.0,1
B005NAEF4O,5.0,1
B005NA1CYK,5.0,1
B005N9FU2Q,4.0,1
B005N9C2CC,5.0,1
B005N7YM0Y,5.0,1
B005N6VX9S,5.0,1
B005N6HDM4,5.0,1
B005N6EPWA,5.0,1
B005N6EPG6,5.0,1
B005N5N978,5.0,1
B005N5M6W2,5.0,1
B005N56N7Q,4.0,1
B005N56MFO,5.0,1
B005N56KTM,5.0,1
B005N56KQ0,5.0,1
B005N56IL2,5.0,1
B005N56D8A,5.0,1
B005N56C2M,5.0,1
B005N2XUKW,5.0,1
B005N282IM,5.0,1
B005N1VZFU,5.0,1
B005NAWVA4,4.0,1
B005NB3K58,5.0,1
B005NEJ3LA,4.0,1
B005NB3KCQ,5.0,1
B005NDXNN0,4.0,1
B005NDPCSO,4.0,1
B005NDI6V4,5.0,1
B005NDH7SM,5.0,1
B005NCO7Q8,5.0,1
B005NCNZNE,5.0,1
B005NCN4L2,4.0,1
B005NCMXZU,4.0,1
B005NCMSW8,5.0,1
B005NCM0H6,5.0,1
B005NCKYBK,5.0,1
B005NCJHZE,5.0,1
B005NCJAZ6,5.0,1
B005NCJ7FO,4.0,1
B005NCJ39O,5.0,1
B005NBSCK6,5.0,1
B005NBRV44,5.0,1
B005NBQR4O,5.0,1
B005NBPGBO,5.0,1
B005NBPF5Q,5.0,1
B005NBMM70,5.0,1
B005NBG820,5.0,1
B005NBD8UK,4.0,1
B005NB40QQ,5.0,1
B005NOPFZS,5.0,1
B005NOPLI4,5.0,1
B005O6P136,5.0,1
B005O54GQA,5.0,1
B005O53XG4,5.0,1
B005O53X8C,5.0,1
B005O4LH9U,5.0,1
B005O40A98,5.0,1
B005O3YA2C,5.0,1
B005O3MDE4,5.0,1
B005O3CX9O,4.0,1
B005O33TGK,5.0,1
B005O328EY,5.0,1
B005O3265U,5.0,1
B005O323KS,5.0,1
B005O3207E,4.0,1
B005O31XMM,5.0,1
B005O2QQ9S,5.0,1
B005O24TL0,4.0,1
B005O24TEC,4.0,1
B005O1T95W,5.0,1
B005O6M3XC,5.0,1
B005O1Q2KW,5.0,1
B005OF2WJS,5.0,1
B005OED29S,5.0,1
B005OEAVSI,5.0,1
B005ODQQBU,5.0,1
B005ODC4HU,5.0,1
B005OCWNT0,5.0,1
B005OCGB1Q,5.0,1
B005OBUML2,5.0,1
B005OBQAB8,5.0,1
B005OB6A7W,5.0,1
B005OB011I,5.0,1
B005OAYCWS,5.0,1
B005OARO3W,4.0,1
B005OAPA5G,5.0,1
B005OAO6MY,5.0,1
B005OAJC8W,5.0,1
B005OABK7I,4.0,1
B005O8Y6A8,5.0,1
B005O81SGS,5.0,1
B005O81D0O,4.0,1
B005O1PCDK,5.0,1
B005NOPVU2,5.0,1
B005NZFOVM,5.0,1
B005NYCBFU,4.0,1
B005NYC7VI,5.0,1
B005NY3FRS,5.0,1
B005NXVTR2,5.0,1
B005NXQ6RA,5.0,1
B005NX34SO,5.0,1
B005NW7C0G,5.0,1
B005NU9IS2,5.0,1
B005NU7TMO,5.0,1
B005NU46YI,5.0,1
B005NTVN36,5.0,1
B005NTNOPQ,4.0,1
B005NTNOL0,5.0,1
B005NTNNW0,5.0,1
B005NTHWQ8,5.0,1
B005NSTTKQ,5.0,1
B005NSS312,5.0,1
B005NSC3I6,5.0,1
B005NS3WKE,5.0,1
B005NQNN64,4.0,1
B005NORGVO,5.0,1
B005NORC1S,5.0,1
B005NZFLVA,5.0,1
B005NZG07Y,5.0,1
B005O1OX1C,5.0,1
B005NZG7GI,5.0,1
B005O1HN82,5.0,1
B005O19VPA,5.0,1
B005O1909M,4.0,1
B005O0LS6G,4.0,1
B005O0DGRU,5.0,1
B005O0CM7U,5.0,1
B005O0BGLS,4.0,1
B005O03LP2,5.0,1
B005NZMFM8,4.0,1
B005NZM19K,4.0,1
B005NZM12M,5.0,1
B005NZLXBC,5.0,1
B005NZLW3G,5.0,1
B005NZLSNA,5.0,1
B005NZLBBO,5.0,1
B005NZL3NA,4.0,1
B005NZL1LO,4.0,1
B005NZKVVU,5.0,1
B005NZKQLK,5.0,1
B005NZKMIW,5.0,1
B005NZKIGS,4.0,1
B005NZKEAS,5.0,1
B005NZKE1M,5.0,1
B005N1VVUY,4.0,1
B005N1VRI0,5.0,1
B005OG3AWU,4.0,1
B005MHY1GA,5.0,1
B005MHGD5W,5.0,1
B005MHGD3E,5.0,1
B005MHGA82,4.0,1
B005MHFPUG,4.0,1
B005MH67TY,5.0,1
B005MGQOES,5.0,1
B005MGONVE,4.0,1
B005MGMHF8,5.0,1
B005MGFWJQ,5.0,1
B005MFK2OW,4.0,1
B005N0B08S,5.0,1
B005MFJX6U,5.0,1
B005MFJM1Q,5.0,1
B005MF0UFI,4.0,1
B005MEZNZG,5.0,1
B005MEV3JQ,5.0,1
B005METM0S,5.0,1
B005MENXCQ,5.0,1
B005MEN5KQ,5.0,1
B005MEKSAG,5.0,1
B005MEKQ44,5.0,1
B005MEIJXY,5.0,1
B005MEFUX6,5.0,1
B005ME3TPC,5.0,1
B005MILIPQ,5.0,1
B005MINT58,5.0,1
B005MJ0D0Q,5.0,1
B005MPGT4E,4.0,1
B005MP3Y0Q,4.0,1
B005MOP432,4.0,1
B005MO7M3M,5.0,1
B005MMSJKY,5.0,1
B005MMAR1I,5.0,1
B005MM2UAY,5.0,1
B005MLRY8I,5.0,1
B005MLJPRQ,5.0,1
B005MKZOVS,5.0,1
B005MKPNU0,4.0,1
B005MKIBR2,5.0,1
B005MJLNJQ,5.0,1
B005MJL9DG,5.0,1
B005MJJQJ0,5.0,1
B005MJIOOI,5.0,1
B005MJIME0,5.0,1
B005MJH5KC,5.0,1
B005MJGHCY,4.0,1
B005MJG8EQ,5.0,1
B005MJG5XK,5.0,1
B005MJE9PG,5.0,1
B005MJD2C2,5.0,1
B005MDSSN6,5.0,1
B005MAOZ3Q,5.0,1
B005M1NZEA,5.0,1
B005M14SGE,5.0,1
B005M12U78,5.0,1
B005M0CEIY,4.0,1
B005M05M92,5.0,1
B005LZUA6I,5.0,1
B005LZST3Y,5.0,1
B005LZRXUO,5.0,1
B005LZRQVK,4.0,1
B005LZRM2S,5.0,1
B005LZQZH6,5.0,1
B005LYQ1Z8,4.0,1
B005LYKSA2,5.0,1
B005LYKLFO,5.0,1
B005LYDQR4,5.0,1
B005LY40VU,5.0,1
B005LXXOYK,5.0,1
B005LXWVBW,5.0,1
B005LXWIOW,5.0,1
B005LXULBE,5.0,1
B005LXRSB0,5.0,1
B005LXLV4K,5.0,1
B005LXKCUY,5.0,1
B005LXI148,5.0,1
B005LXHOLE,5.0,1
B005LXHFDQ,4.0,1
B005LXG3LG,5.0,1
B005M1NZ9A,5.0,1
B005M1O8DW,5.0,1
B005M9UJJQ,5.0,1
B005M9J00A,4.0,1
B005M9IBFK,5.0,1
B005M8GH7U,5.0,1
B005M8GGA8,4.0,1
B005M8GFZO,4.0,1
B005M6M398,5.0,1
B005M578CQ,5.0,1
B005M55MAG,5.0,1
B005M4Y0YQ,5.0,1
B005M4Q0W6,4.0,1
B005M4FK04,5.0,1
B005M4E9K6,5.0,1
B005M46G4S,5.0,1
B005M41SI2,5.0,1
B005M36S4C,5.0,1
B005M35GX6,5.0,1
B005M32ZOE,4.0,1
B005M32KHQ,5.0,1
B005M2WCSE,5.0,1
B005M2UOAM,5.0,1
B005MPH5CE,4.0,1
B005MPHCYA,5.0,1
B005MYEDPW,4.0,1
B005MY340M,5.0,1
B005MXV676,5.0,1
B005MXJ4X4,5.0,1
B005MXG4E6,5.0,1
B005MXDDHW,4.0,1
B005MXC7RO,4.0,1
B005MXBWK2,5.0,1
B005MXBQVW,5.0,1
B005MXAWNA,5.0,1
B005MXAUK0,4.0,1
B005MXAS66,5.0,1
B005MXAR6W,4.0,1
B005MXAR6M,5.0,1
B005MWSC92,5.0,1
B005MWK1KU,5.0,1
B005MWA1GO,5.0,1
B005MW56U0,5.0,1
B005MVRF46,5.0,1
B005MVCE5Q,5.0,1
B005MU1M14,5.0,1
B005MTX84E,4.0,1
B005MTRVXS,5.0,1
B005MT7FWA,5.0,1
B005MZ6MWI,5.0,1
B005MT35SI,5.0,1
B005N073RU,5.0,1
B005N03Z54,5.0,1
B005N03GXA,5.0,1
B005MZZZEY,5.0,1
B005MZU89Q,5.0,1
B005MZU2MO,5.0,1
B005MZTPSG,5.0,1
B005MZSN5W,5.0,1
B005MZR1WS,4.0,1
B005MZQ10Q,4.0,1
B005MZPTG8,5.0,1
B005MZPP6M,5.0,1
B005MZPGN4,5.0,1
B005MZO15S,5.0,1
B005MZKEY0,5.0,1
B005MZJL08,5.0,1
B005MZJ310,5.0,1
B005MZGYPI,5.0,1
B005MZDMS0,5.0,1
B005MZDMHG,5.0,1
B005MZD8FW,5.0,1
B005MZBP3O,5.0,1
B005MZBLTW,5.0,1
B005MZ6W0A,5.0,1
B005MT5Y8W,5.0,1
B005MT2O94,4.0,1
B005MQ0476,5.0,1
B005MR94QW,5.0,1
B005MR8YJK,5.0,1
B005MR8XZK,5.0,1
B005MR8TBS,5.0,1
B005MR8SQY,4.0,1
B005MR8SH8,5.0,1
B005MR8QSE,5.0,1
B005MR8PTE,5.0,1
B005MR8ISM,5.0,1
B005MR597U,5.0,1
B005MR0IYO,4.0,1
B005MQWZX2,5.0,1
B005MQSPYK,5.0,1
B005MQPFES,4.0,1
B005MQOH8I,5.0,1
B005MQO04O,5.0,1
B005MQNPPO,5.0,1
B005MQNJJ6,5.0,1
B005MQMSE8,5.0,1
B005MQMRJO,4.0,1
B005MQGYL6,5.0,1
B005MQFGK6,5.0,1
B005MQ9S8M,5.0,1
B005MQ5MMS,5.0,1
B005MQ1BQE,4.0,1
B005MR8ZYE,4.0,1
B005MR955C,4.0,1
B005MR97QY,5.0,1
B005MS7CWE,5.0,1
B005MRP7G8,5.0,1
B005MRI2U6,4.0,1
B005MRAT0W,5.0,1
B005MRASVC,5.0,1
B005MRANTE,5.0,1
B005MRAMFY,5.0,1
B005MRAI62,5.0,1
B005MRAI5I,5.0,1
B005MRAGNM,5.0,1
B005MRAFGK,5.0,1
B005MRADWG,5.0,1
B005MR9URU,5.0,1
B005MR9JD0,5.0,1
B005MR9GTC,5.0,1
B005MR9FQ6,5.0,1
B005MR9EV2,5.0,1
B005MR99QW,5.0,1
B005MR998U,5.0,1
B005MR994E,5.0,1
B005MR985Y,5.0,1
B005OFFMBS,5.0,1
B005OG3PNY,4.0,1
B005R5QCFK,5.0,1
B005PY05TW,5.0,1
B005PXU0ZM,5.0,1
B005PX7CS0,4.0,1
B005PX5XLI,5.0,1
B005PWXBNQ,5.0,1
B005PW366S,5.0,1
B005PVXD2G,5.0,1
B005PVOLVI,5.0,1
B005PVNMYA,5.0,1
B005PVEFB4,5.0,1
B005PV1BHU,5.0,1
B005PB97BW,5.0,1
B005PV0VXU,5.0,1
B005PV0PI6,5.0,1
B005PV0B4Y,5.0,1
B005PV05F4,5.0,1
B005PV057W,4.0,1
B005PV056S,5.0,1
B005PV049Q,5.0,1
B005PUZM0S,5.0,1
B005PUZLI6,5.0,1
B005PUZIQG,5.0,1
B005PUKCXK,5.0,1
B005PUHCHE,5.0,1
B005PYI8KU,4.0,1
B005PYL06E,5.0,1
B005PYN2ME,5.0,1
B005Q3PE0M,4.0,1
B005Q31K1Y,4.0,1
B005Q2TMBK,5.0,1
B005Q2RJF6,5.0,1
B005Q2MYEC,5.0,1
B005Q2LZPQ,5.0,1
B005Q291SE,5.0,1
B005Q20340,5.0,1
B005Q1YV9Y,5.0,1
B005Q1TVJY,5.0,1
B005Q1DBQS,4.0,1
B005Q0YEOC,5.0,1
B005Q0R0UC,5.0,1
B005Q0QYB8,5.0,1
B005Q0QS6Y,5.0,1
B005Q0O7DU,5.0,1
B005Q0I9AW,5.0,1
B005Q07G9W,5.0,1
B005Q05WNE,5.0,1
B005PZVUNQ,5.0,1
B005PZLV76,5.0,1
B005PZJZYC,5.0,1
B005PZ9QGO,4.0,1
B005PU1JBY,5.0,1
B005PTG2I0,5.0,1
B005PT1L40,4.0,1
B005PNB0CO,5.0,1
B005PM5OMM,4.0,1
B005PLRTLM,5.0,1
B005PLRSCW,5.0,1
B005PLRPFM,5.0,1
B005PLRLL0,5.0,1
B005PLRLJM,4.0,1
B005PLPIO2,5.0,1
B005PKRLFC,5.0,1
B005PK2DTQ,5.0,1
B005PK0OJM,5.0,1
B005PJSRFG,5.0,1
B005PIGC9A,5.0,1
B005PHXMRG,5.0,1
B005PHBG56,5.0,1
B005PGGCJ2,5.0,1
B005PFOPV0,5.0,1
B005PDGM7W,5.0,1
B005PCRJJI,5.0,1
B005PCQHDW,5.0,1
B005PCQ6DI,5.0,1
B005PBA25W,5.0,1
B005PMT72K,5.0,1
B005PNBT5W,4.0,1
B005PSZ9H6,4.0,1
B005PND3Y2,4.0,1
B005PSTA4E,4.0,1
B005PSFPV6,5.0,1
B005PS199I,5.0,1
B005PRESLA,5.0,1
B005PQ7SZ4,4.0,1
B005PQ1SOQ,4.0,1
B005PPY6QE,5.0,1
B005PPWWGU,5.0,1
B005PPUHOE,5.0,1
B005PPRSNW,5.0,1
B005PPF6VS,4.0,1
B005PPF5RI,4.0,1
B005PPE9Q6,5.0,1
B005PP5AEQ,5.0,1
B005POQ96A,5.0,1
B005POFVNC,5.0,1
B005PO1OHY,5.0,1
B005PO16QI,5.0,1
B005PNZ0RA,5.0,1
B005PNH58M,5.0,1
B005Q3PHPY,5.0,1
B005Q4CX64,5.0,1
B005R16K6U,5.0,1
B005R0DY4C,5.0,1
B005QZXX62,5.0,1
B005QZQAL2,5.0,1
B005QZQAJO,5.0,1
B005QZQ9KE,5.0,1
B005QZKKX6,5.0,1
B005QY6UX6,5.0,1
B005QY49VQ,5.0,1
B005QY4236,5.0,1
B005QV6QEW,5.0,1
B005QUUKFY,5.0,1
B005QU8NYO,5.0,1
B005QT6UMW,5.0,1
B005QT6UGI,5.0,1
B005QT6QWG,5.0,1
B005QSYF7U,5.0,1
B005QSB1PY,4.0,1
B005QSAQDC,5.0,1
B005QRS65S,4.0,1
B005QQYF4A,5.0,1
B005QQ794S,4.0,1
B005QQ4VSA,5.0,1
B005R1C8U2,5.0,1
B005R2942Q,4.0,1
B005QPAGIA,5.0,1
B005R29P6Q,5.0,1
B005R4TSLG,5.0,1
B005R4IFKG,5.0,1
B005R4G4UE,5.0,1
B005R4F0L8,5.0,1
B005R4C4RQ,5.0,1
B005R41RRE,5.0,1
B005R3Y27M,5.0,1
B005R3XW3M,5.0,1
B005R3XOAI,5.0,1
B005R3XIHC,5.0,1
B005R3XE3K,4.0,1
B005R3X6KG,5.0,1
B005R3VT32,5.0,1
B005R3S0GQ,5.0,1
B005R3JX1M,4.0,1
B005R3J2JU,5.0,1
B005R3689W,5.0,1
B005R3611W,4.0,1
B005R35VWM,5.0,1
B005R35J3I,5.0,1
B005QPYREE,5.0,1
B005QP88XU,4.0,1
B005Q4D0X4,5.0,1
B005QAA6N0,5.0,1
B005Q9A32K,5.0,1
B005Q8UFRE,5.0,1
B005Q8UF0Q,4.0,1
B005Q8UF06,5.0,1
B005Q8RKEU,5.0,1
B005Q8QHM6,4.0,1
B005Q8PBLO,4.0,1
B005Q8P5VK,4.0,1
B005Q8O5EI,5.0,1
B005Q8MLNA,5.0,1
B005Q7HV54,5.0,1
B005Q7GILM,5.0,1
B005Q7FHTG,5.0,1
B005Q7FEPS,5.0,1
B005Q7EKOY,5.0,1
B005Q7EJDG,5.0,1
B005Q7E80A,5.0,1
B005Q7DH0W,5.0,1
B005Q7DA0E,5.0,1
B005Q7D0MM,5.0,1
B005Q5Q2GA,5.0,1
B005Q4TTES,5.0,1
B005Q4T2NQ,5.0,1
B005QA0G94,5.0,1
B005QAGZHQ,5.0,1
B005QP7MGE,5.0,1
B005QAH00M,5.0,1
B005QOMYMW,5.0,1
B005QNTBYC,5.0,1
B005QNPPY2,5.0,1
B005QJCJDQ,5.0,1
B005QH7ELK,4.0,1
B005QGK2QK,5.0,1
B005QGBU84,4.0,1
B005QG29XE,5.0,1
B005QFB6BQ,5.0,1
B005QF6I3C,4.0,1
B005QF0SJC,5.0,1
B005QEFQYU,4.0,1
B005QE19X2,4.0,1
B005QDSCSS,5.0,1
B005QCT70G,5.0,1
B005QCKJZ8,5.0,1
B005QBG43K,5.0,1
B005QB4QEE,5.0,1
B005QAWO9O,4.0,1
B005QAW8ZY,5.0,1
B005PB9LKE,5.0,1
B005PAZ1CC,4.0,1
B005OG3VKG,5.0,1
B005ONHT5W,5.0,1
B005OQ9GEG,5.0,1
B005OPP8KI,5.0,1
B005OPP2AY,5.0,1
B005OPP0HE,5.0,1
B005OPOX4U,5.0,1
B005OPOCPU,4.0,1
B005OOXVM6,5.0,1
B005OOSD6U,5.0,1
B005ONSN1Q,4.0,1
B005ONQ2M8,5.0,1
B005ONMCZ4,5.0,1
B005ONM2MW,4.0,1
B005ONHP0G,5.0,1
B005ONHITY,5.0,1
B005ONGPAC,5.0,1
B005ONC7L8,5.0,1
B005ONC6XW,5.0,1
B005ON6TY4,5.0,1
B005ON5V5C,4.0,1
B005ON5U58,5.0,1
B005ON5EBS,5.0,1
B005OMX3Z8,5.0,1
B005OMU5DQ,5.0,1
B005OMU1T4,5.0,1
B005OMP7A2,5.0,1
B005OQFDLQ,5.0,1
B005OQKHUS,5.0,1
B005OQTUB0,5.0,1
B005OTK36S,5.0,1
B005OTJY40,5.0,1
B005OT096W,5.0,1
B005OSZQDE,5.0,1
B005OSQQGU,5.0,1
B005OSGE80,5.0,1
B005OSF6TS,4.0,1
B005OSF5UI,5.0,1
B005OSCSQ2,4.0,1
B005OS6T7G,4.0,1
B005OS48T2,5.0,1
B005OS46PI,5.0,1
B005OS46GM,5.0,1
B005OS44G4,4.0,1
B005OS3KIM,5.0,1
B005OS2E5W,4.0,1
B005OS292U,4.0,1
B005ORZHXO,5.0,1
B005ORNT6Q,5.0,1
B005ORHQA6,5.0,1
B005ORHEAS,4.0,1
B005OR0NME,5.0,1
B005OMI948,5.0,1
B005OM8D1M,4.0,1
B005OM7N9K,5.0,1
B005OKJQE2,5.0,1
B005OKE3OU,5.0,1
B005OKDU6C,5.0,1
B005OK5JGG,5.0,1
B005OJWUK0,5.0,1
B005OJTM3I,4.0,1
B005OJEW6K,5.0,1
B005OJEVFW,5.0,1
B005OJ537M,5.0,1
B005OJ4MQK,4.0,1
B005OJ43A0,5.0,1
B005OJ42GK,5.0,1
B005OJ2ES8,4.0,1
B005OJ2CGM,4.0,1
B005OIBS2C,5.0,1
B005OI0T6I,5.0,1
B005OHXVJ6,5.0,1
B005OGYU2E,5.0,1
B005OGX1XS,5.0,1
B005OGW8TQ,5.0,1
B005OGUGL8,4.0,1
B005OG5S8E,4.0,1
B005OKF1CS,4.0,1
B005OKMVAS,5.0,1
B005OM7HI2,5.0,1
B005OKQHGM,5.0,1
B005OM6ADK,5.0,1
B005OLG5X6,5.0,1
B005OLDYQM,4.0,1
B005OL9NBW,4.0,1
B005OL8H50,5.0,1
B005OL2VZW,5.0,1
B005OL1C7A,5.0,1
B005OL1ALS,5.0,1
B005OL12TI,5.0,1
B005OL0LOK,5.0,1
B005OL0000,5.0,1
B005OKZOI4,5.0,1
B005OKZK1K,5.0,1
B005OKZIC6,4.0,1
B005OKZDOE,5.0,1
B005OKZ5DI,5.0,1
B005OKY5AC,5.0,1
B005OKXUS0,5.0,1
B005OKXQIE,5.0,1
B005OKVUTG,5.0,1
B005OKT7NM,5.0,1
B005OKRRJS,5.0,1
B005OKRAB8,5.0,1
B005OKQS6Q,5.0,1
B005OTROD8,5.0,1
B005OTTKU8,5.0,1
B005OU7ZZ4,5.0,1
B005P4E9MG,4.0,1
B005P3WG54,5.0,1
B005P3LQGE,4.0,1
B005P3IE8C,5.0,1
B005P32I20,4.0,1
B005P32HRQ,5.0,1
B005P2MMS6,5.0,1
B005P2GLKQ,5.0,1
B005P2GJCQ,5.0,1
B005P1TBL8,5.0,1
B005P16300,5.0,1
B005P15Y46,5.0,1
B005P0XA20,5.0,1
B005P0WUF8,5.0,1
B005P0WM38,5.0,1
B005P0WGYS,5.0,1
B005P0W99U,5.0,1
B005P0VT6O,4.0,1
B005P0VPNG,5.0,1
B005P0VMVG,5.0,1
B005P0VKHW,5.0,1
B005P0V2QG,5.0,1
B005P0US66,5.0,1
B005P0UNY8,4.0,1
B005P0ULZ4,5.0,1
B005P0U9Y2,5.0,1
B005P4GXSO,5.0,1
B005P0TX2Q,5.0,1
B005P4H77A,5.0,1
B005PAJLP0,5.0,1
B005PADJRG,5.0,1
B005PA7328,5.0,1
B005PA510Y,4.0,1
B005PA50TQ,4.0,1
B005P9U4X4,5.0,1
B005P9U3PI,5.0,1
B005P9SWC4,5.0,1
B005P9AW2W,5.0,1
B005P95XF8,5.0,1
B005P95X4Y,5.0,1
B005P8CG7W,5.0,1
B005P816F0,5.0,1
B005P80PDY,5.0,1
B005P80NT0,5.0,1
B005P7C5EC,5.0,1
B005P5BKSQ,5.0,1
B005P4HKHW,4.0,1
B005P0U91A,5.0,1
B005P0TQEQ,5.0,1
B005OUINVO,5.0,1
B005P0F33Y,5.0,1
B005P0EFA6,5.0,1
B005P0A3AW,4.0,1
B005P096AU,4.0,1
B005P082LO,5.0,1
B005OZZKTM,5.0,1
B005OZZB96,5.0,1
B005OZZAWE,5.0,1
B005OZTMH8,5.0,1
B005OZRZQI,4.0,1
B005OZQK1O,4.0,1
B005OZG8M0,5.0,1
B005OZEJBM,5.0,1
B005OZEH46,5.0,1
B005OYLWK4,5.0,1
B005OYJXAK,5.0,1
B005OWO4ZG,4.0,1
B005OWO1FE,5.0,1
B005OWK7UM,5.0,1
B005OWAH84,5.0,1
B005OWA9L4,4.0,1
B005OW9TOM,5.0,1
B005OW8TZ2,5.0,1
B005OW8PII,4.0,1
B005OW6XIW,5.0,1
B005OV8RCS,5.0,1
B005OUO6EM,5.0,1
B005P0FGKY,5.0,1
B005P0TG5K,4.0,1
B005P0FGOU,5.0,1
B005P0TBF0,4.0,1
B005P0T90C,5.0,1
B005P0RUXU,5.0,1
B005P0R8BE,4.0,1
B005P0O1ZA,5.0,1
B005P0NOXU,5.0,1
B005P0NMGO,4.0,1
B005P0NDXG,4.0,1
B005P0MO4U,5.0,1
B005P0MCYW,4.0,1
B005P0LODW,5.0,1
B005P0LIOC,5.0,1
B005P0LDUG,5.0,1
B005P0L37E,5.0,1
B005P0L0H2,5.0,1
B005P0JILC,4.0,1
B005P0ION0,4.0,1
B005P0IJFI,5.0,1
B005P0I7V4,5.0,1
B005P0I64M,5.0,1
B005P0I62E,5.0,1
B005P0HDVO,5.0,1
B005P0GMKM,5.0,1
B005LXEF3E,5.0,1
B005LX777K,4.0,1
B005LX6EEM,5.0,1
B005IQ27PC,5.0,1
B005IQ30XK,5.0,1
B005IQ2ZYK,5.0,1
B005IQ2XFG,5.0,1
B005IQ2UYA,5.0,1
B005IQ2T0K,5.0,1
B005IQ2QO4,5.0,1
B005IQ2KQI,5.0,1
B005IQ2IP6,5.0,1
B005IQ2G4E,4.0,1
B005IQ2AN6,4.0,1
B005IQ2892,5.0,1
B005IEK8VY,5.0,1
B005IQ23XI,5.0,1
B005IQ22M0,5.0,1
B005IQ1XC0,5.0,1
B005IQ1V3Q,5.0,1
B005IQ1TDS,5.0,1
B005IQ1T7E,5.0,1
B005IQ1SXE,4.0,1
B005IQ1RVM,5.0,1
B005IQ1QLI,5.0,1
B005IQ1PEG,5.0,1
B005IQ1P6Y,5.0,1
B005IQ32ME,5.0,1
B005IQ34A4,5.0,1
B005IQ37BU,4.0,1
B005IQ38J6,5.0,1
B005IRVYLO,5.0,1
B005IRN9TE,5.0,1
B005IRMTPE,5.0,1
B005IRH2RE,5.0,1
B005IREJHK,5.0,1
B005IR9QXW,5.0,1
B005IR3HF0,4.0,1
B005IQYF8E,5.0,1
B005IQY3N6,5.0,1
B005IQSOOK,5.0,1
B005IQS1Y8,5.0,1
B005IQRRS4,5.0,1
B005IQP22C,5.0,1
B005IQNNMI,5.0,1
B005IQGXKM,5.0,1
B005IQ91CY,5.0,1
B005IQ8FC6,5.0,1
B005IQ7I4C,5.0,1
B005IQ5TNO,5.0,1
B005IQ4OF8,5.0,1
B005IQ43WW,5.0,1
B005IQ3SNC,5.0,1
B005IQ3R42,5.0,1
B005IPNILK,5.0,1
B005IPK01Q,5.0,1
B005IPJUNU,4.0,1
B005IJDPR8,5.0,1
B005IJ2WTK,5.0,1
B005IIAH0M,5.0,1
B005II7SZO,5.0,1
B005II6FN0,5.0,1
B005II4AE6,5.0,1
B005IHECPY,4.0,1
B005IHECJ0,5.0,1
B005IHEBRI,5.0,1
B005IHD5FW,4.0,1
B005IHBYOQ,4.0,1
B005IH6AWM,5.0,1
B005IH5T0G,4.0,1
B005IH4VIC,5.0,1
B005IH34LM,4.0,1
B005IH0KMI,5.0,1
B005IGUIS0,5.0,1
B005IGP2P4,4.0,1
B005IGB5YQ,4.0,1
B005IG9Z02,5.0,1
B005IG3SY6,5.0,1
B005IFE1OS,5.0,1
B005IF7CMG,4.0,1
B005IEKLRA,5.0,1
B005IEKIL4,4.0,1
B005IKEREC,5.0,1
B005IMHELI,5.0,1
B005IMHE9K,5.0,1
B005IMHDV4,5.0,1
B005IMHDSW,5.0,1
B005IMHCWY,5.0,1
B005IMHBN4,5.0,1
B005IMHBLG,5.0,1
B005IMHA4O,5.0,1
B005IMHA30,5.0,1
B005ILYJV2,4.0,1
B005IL1CIK,4.0,1
B005IKYTUE,5.0,1
B005IKGOM0,5.0,1
B005IKG9UW,5.0,1
B005IKFLGA,5.0,1
B005IKFGA6,5.0,1
B005ISPH5C,5.0,1
B005ISWQ9W,5.0,1
B005ISWQHY,5.0,1
B005J2VQXE,5.0,1
B005J2V36O,4.0,1
B005J2PGU8,5.0,1
B005J25XO2,5.0,1
B005J1PNF2,4.0,1
B005J1CXEQ,5.0,1
B005J151Q8,4.0,1
B005J0UORU,5.0,1
B005J0TFCU,5.0,1
B005J0FM2M,5.0,1
B005J0FIM6,5.0,1
B005J0DUDK,5.0,1
B005J01EH4,4.0,1
B005J00A0G,4.0,1
B005IZUMV4,5.0,1
B005IZNM3Y,5.0,1
B005IZKY8U,4.0,1
B005IZHYE2,5.0,1
B005IYCTEI,4.0,1
B005IY2L3M,5.0,1
B005J2V3AU,4.0,1
B005J34L4O,5.0,1
B005J713DC,5.0,1
B005J6UJMY,5.0,1
B005J6THNG,5.0,1
B005J6G6IU,5.0,1
B005J64XZI,5.0,1
B005J63VRE,4.0,1
B005J5ZDEY,5.0,1
B005J5TSQS,4.0,1
B005J5T2S2,5.0,1
B005J5N4BS,5.0,1
B005J5LK64,4.0,1
B005J5LBAY,5.0,1
B005J5LB68,5.0,1
B005J5HC5M,5.0,1
B005J5FAA6,5.0,1
B005J5DSTQ,5.0,1
B005J57FJU,5.0,1
B005J4YAMQ,5.0,1
B005J4WEFQ,5.0,1
B005J4OM2O,5.0,1
B005J4CZ8M,5.0,1
B005J3X7WG,5.0,1
B005IXUA8G,4.0,1
B005IT1HBY,4.0,1
B005IUH6K4,4.0,1
B005IUH550,5.0,1
B005IUH4LA,5.0,1
B005IUH3N4,5.0,1
B005IUH3GG,4.0,1
B005IUH1HC,5.0,1
B005IUH0SW,4.0,1
B005IUGWDQ,5.0,1
B005IUGUMO,5.0,1
B005IUGULU,4.0,1
B005IUGT84,5.0,1
B005IUGSJY,5.0,1
B005IUGR7C,4.0,1
B005IUGP6A,5.0,1
B005IUGOIO,4.0,1
B005IUGOIE,5.0,1
B005IU9XU0,5.0,1
B005ITTLJE,5.0,1
B005ITPPJO,4.0,1
B005ITLKLG,5.0,1
B005IT91M6,5.0,1
B005IT8RMG,5.0,1
B005IUH77G,5.0,1
B005IXU1H6,5.0,1
B005IUH7IK,5.0,1
B005IXT4QU,4.0,1
B005IXSQNW,5.0,1
B005IXSLMS,5.0,1
B005IXL2Q0,5.0,1
B005IXJSRK,4.0,1
B005IX4R80,5.0,1
B005IWPQUO,5.0,1
B005IW850W,5.0,1
B005IW82R8,5.0,1
B005IW7F2G,5.0,1
B005IW72I8,5.0,1
B005IW4UVU,5.0,1
B005IVZ4NY,5.0,1
B005IVZ4MK,5.0,1
B005IVZ3KS,4.0,1
B005IVZ2ZO,5.0,1
B005IVZ0JW,5.0,1
B005IVMV9Y,5.0,1
B005IV7MNY,5.0,1
B005IUUJ8U,5.0,1
B005IURYB0,5.0,1
B005IEKETU,5.0,1
B005IEK60M,5.0,1
B005HMOGHE,4.0,1
B005HR2MU2,5.0,1
B005HR2DWO,5.0,1
B005HQZX90,5.0,1
B005HQUR9Q,5.0,1
B005HO2OTE,5.0,1
B005HNYS4O,5.0,1
B005HNXLKG,5.0,1
B005HNXI3Q,5.0,1
B005HN8RWS,5.0,1
B005HMOG9W,5.0,1
B005IEK54E,4.0,1
B005HMNS5U,5.0,1
B005HM8MZQ,5.0,1
B005HM517I,4.0,1
B005HKN0DM,5.0,1
B005HKEEFK,4.0,1
B005HK40S6,5.0,1
B005HJNNPS,5.0,1
B005HJL5F8,4.0,1
B005HJL48Q,5.0,1
B005HJL3EG,5.0,1
B005HJHP9I,4.0,1
B005HJHOD0,5.0,1
B005HR3ZXK,5.0,1
B005HR48HW,4.0,1
B005HR48WC,5.0,1
B005HRCDM4,5.0,1
B005HTQ8SM,5.0,1
B005HTQ6B6,5.0,1
B005HTOTQK,5.0,1
B005HTOM6M,5.0,1
B005HTOM5S,5.0,1
B005HTOJPQ,5.0,1
B005HTOJHE,5.0,1
B005HTNYQG,4.0,1
B005HTNQIM,4.0,1
B005HTNLIC,5.0,1
B005HTN236,5.0,1
B005HTMOH6,5.0,1
B005HTM5BG,5.0,1
B005HTM3DQ,5.0,1
B005HTLSIC,5.0,1
B005HTKXRE,4.0,1
B005HT3P92,4.0,1
B005HT3OQG,5.0,1
B005HT3MOU,5.0,1
B005HT1LNE,5.0,1
B005HT0EIC,5.0,1
B005HSZXMK,5.0,1
B005HSWRWO,5.0,1
B005HROH8M,5.0,1
B005HJHO3U,4.0,1
B005HJHNN6,5.0,1
B005HF1UKM,5.0,1
B005HEXJHA,5.0,1
B005HEX4RA,5.0,1
B005HESXY4,4.0,1
B005HEM6R4,5.0,1
B005HEGYWM,5.0,1
B005HEEW2G,5.0,1
B005HE8YTS,5.0,1
B005HE5B58,5.0,1
B005HDIKMU,4.0,1
B005HBF2FU,5.0,1
B005HBF2EG,5.0,1
B005HBF2CS,5.0,1
B005HBF2C8,5.0,1
B005HBF29G,5.0,1
B005HBCMHG,5.0,1
B005HBCL6I,4.0,1
B005HBCIUC,4.0,1
B005HB96R0,5.0,1
B005HB7GI6,5.0,1
B005HB7CSA,5.0,1
B005HF8GQ8,5.0,1
B005HFJTMI,5.0,1
B005HJA2AC,5.0,1
B005HJ74I0,5.0,1
B005HJ4BDQ,5.0,1
B005HJ25DE,5.0,1
B005HJ1PPS,5.0,1
B005HIZXZM,4.0,1
B005HIWBR0,5.0,1
B005HIULF4,5.0,1
B005HISLII,5.0,1
B005HIRLNO,5.0,1
B005HIPOTM,5.0,1
B005HIOTCU,5.0,1
B005HIOGDM,5.0,1
B005HIOGAK,4.0,1
B005HIMI3W,5.0,1
B005HIMFGM,5.0,1
B005HIM4HW,5.0,1
B005HILEHI,5.0,1
B005HI3K3O,5.0,1
B005HGWIMA,5.0,1
B005HGWHF8,5.0,1
B005HGWGMC,5.0,1
B005HGAXQ8,5.0,1
B005HG8TH8,5.0,1
B005HG7OLA,5.0,1
B005HFP21U,5.0,1
B005HU24B6,5.0,1
B005HV7RXK,5.0,1
B005ICBBJY,5.0,1
B005IC5A9Q,5.0,1
B005IC3PDY,5.0,1
B005IBJZD4,4.0,1
B005IB42CS,5.0,1
B005IAZO3K,5.0,1
B005IAZN5O,5.0,1
B005IAZML4,5.0,1
B005IAZKIY,5.0,1
B005IAZJKI,5.0,1
B005IAZIWW,4.0,1
B005IAZIUE,5.0,1
B005IAZIGI,5.0,1
B005IAZHWI,5.0,1
B005IAZHUU,5.0,1
B005IASEGY,5.0,1
B005IARLLS,4.0,1
B005IAQXK8,5.0,1
B005IAIMDY,5.0,1
B005ICR008,5.0,1
B005ID7I18,5.0,1
B005I7U6CM,5.0,1
B005ID8IZI,4.0,1
B005IEK3UU,5.0,1
B005IEK1C0,5.0,1
B005IEJTKU,5.0,1
B005IEJR1Q,5.0,1
B005IEJI0Q,4.0,1
B005IEJHS4,4.0,1
B005IEJBA8,5.0,1
B005IEJ1QC,5.0,1
B005IEGYR6,5.0,1
B005IEDH8U,5.0,1
B005IECGSW,5.0,1
B005IE8I2K,4.0,1
B005IE1CKA,5.0,1
B005IDXQTG,5.0,1
B005IDWPD4,5.0,1
B005IDVR74,5.0,1
B005IDV6RU,5.0,1
B005IDUTEG,5.0,1
B005IDTQN6,4.0,1
B005IDHCSM,5.0,1
B005IDBRMO,5.0,1
B005I7U0QE,5.0,1
B005HWK556,4.0,1
B005I037PC,4.0,1
B005I007EQ,4.0,1
B005I00264,5.0,1
B005HZO89W,4.0,1
B005HZLHTG,5.0,1
B005HZFTDQ,5.0,1
B005HYW4VC,5.0,1
B005HYUZ0Y,5.0,1
B005HYU14E,4.0,1
B005HYU0J0,5.0,1
B005HYTJJM,5.0,1
B005HYM8V8,5.0,1
B005HYM35Y,5.0,1
B005HYDE98,5.0,1
B005HY4B6S,5.0,1
B005HY1WEC,5.0,1
B005HXTIU8,5.0,1
B005HXQA5Y,5.0,1
B005HXNRNC,5.0,1
B005HXND7W,5.0,1
B005HXDEK8,5.0,1
B005HWPSIA,5.0,1
B005I03716,5.0,1
B005I03AJ0,5.0,1
B005I7GFUO,5.0,1
B005I74XLW,5.0,1
B005I6YWG4,4.0,1
B005I5TMEC,5.0,1
B005I5L0S8,5.0,1
B005I5JN6Y,5.0,1
B005I5FGZG,4.0,1
B005I56XEE,4.0,1
B005I53PRM,5.0,1
B005I4UY54,5.0,1
B005I4R7PE,4.0,1
B005I4QV1K,5.0,1
B005I4QQ3S,5.0,1
B005I4PN8M,5.0,1
B005I4JQLW,5.0,1
B005I4A512,4.0,1
B005I2B6ZS,5.0,1
B005I27AYO,5.0,1
B005I1XN3C,5.0,1
B005I184VI,5.0,1
B005I0JWCE,4.0,1
B005I0IE3W,5.0,1
B005I08JD2,5.0,1
B005I03BLW,5.0,1
B005J7846Q,5.0,1
B005J78DL2,5.0,1
B005J7FXDI,5.0,1
B005L9BTPA,4.0,1
B005LA5IQU,5.0,1
B005LA43BQ,5.0,1
B005LA1PEO,5.0,1
B005L9Y17S,5.0,1
B005L9XHLY,4.0,1
B005L9JCEA,5.0,1
B005L9GHJ8,5.0,1
B005L9EM5E,5.0,1
B005J80K2G,5.0,1
B005L96CDY,5.0,1
B005L94HP4,5.0,1
B005L91QS0,5.0,1
B005L903QQ,4.0,1
B005L8YXEA,5.0,1
B005L8F54W,5.0,1
B005L87X9C,5.0,1
B005L87WWA,4.0,1
B005L56N4G,5.0,1
B005L4Y8Q2,4.0,1
B005LA6Z2Q,4.0,1
B005LA9EGA,5.0,1
B005LA9FIC,5.0,1
B005LDG73K,5.0,1
B005LDDSVO,5.0,1
B005LD5VL4,4.0,1
B005LD3N1Y,5.0,1
B005LC05KW,5.0,1
B005LBZR42,5.0,1
B005LBE2MA,5.0,1
B005LBD7NK,5.0,1
B005LB98KQ,5.0,1
B005LB98KG,5.0,1
B005LB98GK,5.0,1
B005LB97QQ,5.0,1
B005LB9716,5.0,1
B005LB96V2,5.0,1
B005LAM548,5.0,1
B005LAJSWA,4.0,1
B005LAAQP8,4.0,1
B005LAA2MU,4.0,1
B005L4JAV0,5.0,1
B005L4HFJ4,5.0,1
B005KULANG,5.0,1
B005KUI9EO,5.0,1
B005KUGN6K,5.0,1
B005KUCO9A,5.0,1
B005KU7G66,5.0,1
B005KU2VWA,5.0,1
B005KTNMBK,5.0,1
B005KSMG40,5.0,1
B005KSF9XU,5.0,1
B005KS4KL2,4.0,1
B005KS3CUM,4.0,1
B005KRTTBE,5.0,1
B005KRSPSC,5.0,1
B005KQZ11C,5.0,1
B005KQNI62,5.0,1
B005KQEX4I,5.0,1
B005KQEWJ4,5.0,1
B005KQ5Q62,5.0,1
B005KQ4WC6,5.0,1
B005KQ4WB2,4.0,1
B005KQ4W94,5.0,1
B005KQ4W8A,5.0,1
B005KUW7UG,5.0,1
B005KW6NHC,5.0,1
B005L4BWMK,5.0,1
B005L4AHSU,5.0,1
B005L48O12,5.0,1
B005L47PC6,5.0,1
B005L3IVZM,5.0,1
B005L3H0NG,5.0,1
B005L3H036,5.0,1
B005L2CQ22,4.0,1
B005L17T3O,5.0,1
B005L0D1DW,5.0,1
B005L0CYFS,5.0,1
B005L0CX54,5.0,1
B005L0CNMM,5.0,1
B005L0CLTW,5.0,1
B005L0CLOC,5.0,1
B005L0CJSA,4.0,1
B005KYXNFK,5.0,1
B005KYX3B4,5.0,1
B005KYWEZU,5.0,1
B005KYU5CO,5.0,1
B005KYRAN6,5.0,1
B005KYND5A,5.0,1
B005KWP9LS,4.0,1
B005KWM02O,5.0,1
B005LDL712,5.0,1
B005LDLVC2,5.0,1
B005LDMC7A,5.0,1
B005LRAH5U,5.0,1
B005LR8KOU,5.0,1
B005LR8HJI,5.0,1
B005LR8EVE,5.0,1
B005LR7QTK,5.0,1
B005LR7384,5.0,1
B005LQYXL0,4.0,1
B005LQX23A,4.0,1
B005LQT3H4,5.0,1
B005LQJ89W,5.0,1
B005LQDK3C,5.0,1
B005LPZT2I,4.0,1
B005LPV8RI,5.0,1
B005LPRRFA,5.0,1
B005LP9M0I,4.0,1
B005LOJMCM,5.0,1
B005LO3IIG,5.0,1
B005LN9IEK,5.0,1
B005LN67C6,5.0,1
B005LN670S,5.0,1
B005LN6122,5.0,1
B005LN5HSG,4.0,1
B005LRV18C,4.0,1
B005LRVI2Q,5.0,1
B005LWMVV8,5.0,1
B005LWCS52,5.0,1
B005LW2L5E,5.0,1
B005LVVMWI,5.0,1
B005LVR7BS,5.0,1
B005LVPI64,5.0,1
B005LVPF2G,5.0,1
B005LVJAXG,4.0,1
B005LVIPFA,5.0,1
B005LU5B6C,5.0,1
B005LTJD2Q,5.0,1
B005LSX990,5.0,1
B005LSQF0A,5.0,1
B005LSBGM2,5.0,1
B005LRYXOG,5.0,1
B005LRYQHU,5.0,1
B005LRYJEU,5.0,1
B005LRYI8C,5.0,1
B005LRX3DI,4.0,1
B005LRX33I,5.0,1
B005LN5GUU,4.0,1
B005LMW6Y0,5.0,1
B005LDMHWA,5.0,1
B005LGBT5I,5.0,1
B005LGB9S0,5.0,1
B005LGB8I6,5.0,1
B005LGB0NE,5.0,1
B005LGAV66,5.0,1
B005LGATYA,5.0,1
B005LGATOA,4.0,1
B005LGATHM,5.0,1
B005LGARYM,5.0,1
B005LFTPKK,5.0,1
B005LFTNDY,5.0,1
B005LFT8QG,5.0,1
B005LFPAS6,5.0,1
B005LFOU6E,5.0,1
B005LF53VA,4.0,1
B005LEUXHA,5.0,1
B005LEK86Q,5.0,1
B005LEETUM,5.0,1
B005LE3NZY,5.0,1
B005LDWKFO,4.0,1
B005LDQ4AQ,5.0,1
B005LGBWUK,5.0,1
B005LMSB2G,5.0,1
B005LGCAR4,5.0,1
B005LLX000,5.0,1
B005LKXB1E,5.0,1
B005LKCLSI,5.0,1
B005LK93MK,5.0,1
B005LK905K,5.0,1
B005LK8THK,4.0,1
B005LK6WW4,4.0,1
B005LK6TAY,5.0,1
B005LJF0DW,5.0,1
B005LJEP4C,5.0,1
B005LJDDFO,5.0,1
B005LIDO3G,5.0,1
B005LI73GA,5.0,1
B005LI732Y,5.0,1
B005LI04UW,5.0,1
B005LH1W0Y,5.0,1
B005LGZMB0,5.0,1
B005LGXZ64,5.0,1
B005LGTRAM,5.0,1
B005LGQ1II,5.0,1
B005LGIKPA,5.0,1
B005LGCOCK,5.0,1
B005LGCIYO,5.0,1
B005KPCTNG,5.0,1
B005JNVICC,5.0,1
B005JNUOWC,5.0,1
B005JNR0ZQ,5.0,1
B005JNPJ04,4.0,1
B005JNOBNU,5.0,1
B005JNO4SM,5.0,1
B005JNO0HM,4.0,1
B005JNNVJK,4.0,1
B005JNNU00,5.0,1
B005JNNPEQ,4.0,1
B005JNKPF8,4.0,1
B005JNIVK4,5.0,1
B005JN5VWK,5.0,1
B005JMA234,4.0,1
B005JLJ6LE,5.0,1
B005JLDOBW,4.0,1
B005JKZ8GW,5.0,1
B005JKMPFO,5.0,1
B005JKARZE,4.0,1
B005JK6AM8,5.0,1
B005JK47XW,5.0,1
B005JJPFIY,5.0,1
B005JJGBK0,5.0,1
B005JNVF02,5.0,1
B005JNVK84,5.0,1
B005JNVVFQ,5.0,1
B005JTDAKE,5.0,1
B005JSZTH2,5.0,1
B005JSMPBU,5.0,1
B005JS9O6O,5.0,1
B005JS7WUY,4.0,1
B005JS4NC4,5.0,1
B005JRNEIE,5.0,1
B005JRGHTC,4.0,1
B005JRAWUM,5.0,1
B005JR7DDQ,4.0,1
B005JQP5YG,5.0,1
B005JPTEUI,4.0,1
B005JPTC0A,5.0,1
B005JPPG0K,5.0,1
B005JPOA34,5.0,1
B005JPO6WO,5.0,1
B005JPNYEU,5.0,1
B005JPM842,4.0,1
B005JPAZ0Q,5.0,1
B005JOIARM,5.0,1
B005JNW6NW,5.0,1
B005JNW4G6,5.0,1
B005JJ8IDS,5.0,1
B005JIXZGE,5.0,1
B005JU62PI,5.0,1
B005JDFT2C,5.0,1
B005JD4OWI,5.0,1
B005JD4JI2,5.0,1
B005JCRDA4,5.0,1
B005JCB9K4,5.0,1
B005JCB6XO,4.0,1
B005JBOU38,4.0,1
B005JBOSPS,5.0,1
B005JBORN6,5.0,1
B005JBO3S0,5.0,1
B005JAR1SU,5.0,1
B005JAMY64,5.0,1
B005JAMVSU,5.0,1
B005JAMV26,5.0,1
B005JAMV1M,5.0,1
B005JA5Q32,5.0,1
B005JA2J1O,4.0,1
B005J9XFXQ,5.0,1
B005J8DKVE,5.0,1
B005J8D8UM,5.0,1
B005JDETQO,5.0,1
B005JDGT6M,5.0,1
B005JI6VTM,5.0,1
B005JDI8ES,5.0,1
B005JHPG2G,5.0,1
B005JHIJZM,5.0,1
B005JHB350,5.0,1
B005JGVDGU,5.0,1
B005JGOWAO,5.0,1
B005JGG1TE,5.0,1
B005JFW1EY,4.0,1
B005JFVGIG,5.0,1
B005JFURTK,5.0,1
B005JFQVWW,5.0,1
B005JFPI7G,5.0,1
B005JFMT46,5.0,1
B005JFMHD4,5.0,1
B005JFIPU8,5.0,1
B005JF362K,5.0,1
B005JEYT54,4.0,1
B005JEL2CW,5.0,1
B005JEKU98,5.0,1
B005JEJLQ6,5.0,1
B005JEHEVA,5.0,1
B005JEHBTU,5.0,1
B005JEG7AO,5.0,1
B005JEFZBQ,5.0,1
B005JDPOQS,5.0,1
B005JTWF8W,5.0,1
B005JU9BBU,5.0,1
B005KGK9IC,5.0,1
B005KGJQ5E,5.0,1
B005KGH4OY,5.0,1
B005KEH11C,5.0,1
B005KECH48,4.0,1
B005KDU5XO,5.0,1
B005KDOTXG,5.0,1
B005KDL9DY,5.0,1
B005KDI284,5.0,1
B005KDH3S4,5.0,1
B005KDEAB2,5.0,1
B005KDCUQO,5.0,1
B005KC9ADQ,5.0,1
B005KC382U,5.0,1
B005KBT80C,5.0,1
B005KBSR3G,4.0,1
B005KBIB64,5.0,1
B005KAO0O2,5.0,1
B005K9J1B0,5.0,1
B005KGJQH2,5.0,1
B005KGNCJ0,5.0,1
B005K85QK6,5.0,1
B005KGOV36,5.0,1
B005KPC79M,5.0,1
B005KPC3GE,4.0,1
B005KOM4K0,5.0,1
B005KNMH7G,5.0,1
B005KN8932,5.0,1
B005KMVCNC,5.0,1
B005KMLXNG,5.0,1
B005KMKOGI,5.0,1
B005KMK9NQ,5.0,1
B005KMBH2I,5.0,1
B005KM0IZK,4.0,1
B005KLVOOU,5.0,1
B005KLNGDW,5.0,1
B005KLCYQ2,4.0,1
B005KLB12K,5.0,1
B005KL825E,5.0,1
B005KL1U9O,5.0,1
B005KKHI4Q,4.0,1
B005KK7AIU,5.0,1
B005KJHRDE,5.0,1
B005KJ3LPW,4.0,1
B005KIQYHA,4.0,1
B005KHKGUM,5.0,1
B005KH51DY,5.0,1
B005KH50Q2,5.0,1
B005KGV468,5.0,1
B005K928P6,5.0,1
B005K85LBU,5.0,1
B005JUNKFS,5.0,1
B005K0CS1E,5.0,1
B005K0BAD6,4.0,1
B005K02BG6,5.0,1
B005JZYYLC,5.0,1
B005JZLM5S,5.0,1
B005JZ935Y,4.0,1
B005JZ7GZ8,4.0,1
B005JZ02RM,4.0,1
B005JYRUBY,4.0,1
B005JYPFF2,5.0,1
B005JYOY9U,5.0,1
B005JXUGDO,5.0,1
B005JXUDJ6,5.0,1
B005JXU17U,5.0,1
B005JWIEP2,5.0,1
B005JW5RWK,4.0,1
B005JVZG7W,5.0,1
B005JVWH0G,5.0,1
B005JVSRIW,5.0,1
B005JVAFCI,5.0,1
B005JUYAZC,4.0,1
B005K0COTU,5.0,1
B005K85KVQ,4.0,1
B005K0DXPO,5.0,1
B005K84VEI,5.0,1
B005K4ATSO,5.0,1
B005K2VFHU,5.0,1
B005K2TZLI,5.0,1
B005K2GXUY,5.0,1
B005K23LJA,5.0,1
B005K21WIW,5.0,1
B005K21ELC,5.0,1
B005K1VX0K,5.0,1
B005K1TZGE,4.0,1
B005K1TAYG,4.0,1
B005K1SQXW,4.0,1
B005K1SKKG,5.0,1
B005K1RK3O,4.0,1
B005K1R3K4,4.0,1
B005K1NHXG,5.0,1
B005K0T4CK,5.0,1
B005K0QE14,5.0,1
B005K0P73A,5.0,1
B005K0NUEI,4.0,1
B005K0LCBQ,4.0,1
B005K0HD0A,5.0,1
B005K0E4R0,5.0,1
B005R5O2OS,5.0,1
B005R6S16C,5.0,1
B0068P0RUY,5.0,1
B0062FKHHS,4.0,1
B0062JYUTA,5.0,1
B0062JVGOM,5.0,1
B0062JU4W2,5.0,1
B0062I9QDQ,5.0,1
B0062H20AS,5.0,1
B0062GZ6TG,5.0,1
B0062GZ6KA,4.0,1
B0062GRVRG,4.0,1
B0062GHYLE,5.0,1
B0062FW6DG,5.0,1
B0062FORZQ,5.0,1
B0062FNR1Q,5.0,1
B0062FI0TU,5.0,1
B00620QCZO,4.0,1
B0062CZG2M,5.0,1
B0062CRMW4,4.0,1
B0062CMAJE,5.0,1
B0062CJ7PE,5.0,1
B0062BVA3M,4.0,1
B0062B493K,5.0,1
B0062B44HQ,5.0,1
B0062B3ZUI,5.0,1
B0062ARZXC,5.0,1
B0062AKRQE,5.0,1
B0062AH23K,5.0,1
B0062ACNK2,5.0,1
B0062JYV62,5.0,1
B0062K34QO,4.0,1
B0062K3MDE,4.0,1
B0062K422O,5.0,1
B0062PAOLC,5.0,1
B0062PAN2W,5.0,1
B0062PAMDC,4.0,1
B0062PAG6U,5.0,1
B0062PA0Y8,5.0,1
B0062P9WGA,5.0,1
B0062P8SLA,5.0,1
B0062P8S88,5.0,1
B0062P3CDE,4.0,1
B0062P1YNY,4.0,1
B0062OTRM0,5.0,1
B0062OHY7K,5.0,1
B0062N896G,5.0,1
B0062N73FO,5.0,1
B0062MWYWW,4.0,1
B0062MWONG,5.0,1
B0062MSK34,5.0,1
B0062MGU6I,5.0,1
B0062M5VB8,5.0,1
B0062KMVNQ,5.0,1
B0062KMRDK,5.0,1
B0062K4O04,5.0,1
B0062K4J8Q,5.0,1
B0062K4FYO,5.0,1
B0062AC618,4.0,1
B0062AA34A,5.0,1
B0062A9IJQ,5.0,1
B00620YVVQ,5.0,1
B00620XT4Q,5.0,1
B00620XPUY,4.0,1
B00620WRUI,5.0,1
B00620W5IW,5.0,1
B00620VZDS,5.0,1
B00620VSGC,5.0,1
B00620UWBY,5.0,1
B00620UT2G,5.0,1
B00620USWW,5.0,1
B00620URE6,5.0,1
B00620UOCG,5.0,1
B00620TVNO,5.0,1
B00620TU1M,5.0,1
B00620TNQY,5.0,1
B00620TCS8,5.0,1
B00620T2OC,5.0,1
B00620SXX8,5.0,1
B00620RXYI,5.0,1
B00620RWXU,5.0,1
B00620RDP2,5.0,1
B00620R52S,5.0,1
B00620QUL0,5.0,1
B00620QTF2,5.0,1
B00620QSCQ,5.0,1
B00620YBGQ,5.0,1
B00621G5EG,4.0,1
B0062A83JW,5.0,1
B00621GIL6,5.0,1
B0062A7OJ2,4.0,1
B0062A23TS,5.0,1
B00629ZYIG,5.0,1
B00629T81U,5.0,1
B00629JATK,4.0,1
B006297UDI,5.0,1
B0062961JC,5.0,1
B006295AEE,5.0,1
B0062920VK,5.0,1
B006283V3W,5.0,1
B00627QOQO,5.0,1
B00627E9YS,5.0,1
B006279Z8I,5.0,1
B00626BKGO,5.0,1
B00626023Q,5.0,1
B0062562AY,5.0,1
B006249UFY,4.0,1
B00622KB7W,5.0,1
B00621PQBO,5.0,1
B00621ON18,4.0,1
B00621LRQ2,5.0,1
B00621KYM0,5.0,1
B00621IHBA,4.0,1
B00621GU1E,5.0,1
B0062PC0GY,5.0,1
B0063J0PR0,5.0,1
B0063I90UY,4.0,1
B0063I8WBM,5.0,1
B0063I7E7K,5.0,1
B0063I71X2,5.0,1
B0063I68OU,5.0,1
B0063HSJ9I,5.0,1
B0063HJ2GC,4.0,1
B0063GMJRM,4.0,1
B0063GJP8I,5.0,1
B0063FTGK6,5.0,1
B0063FKHM2,5.0,1
B0063FF8KI,5.0,1
B0063F009C,5.0,1
B0063ESB6C,5.0,1
B0063BDJWG,5.0,1
B0063ADQKW,5.0,1
B0063A9AJ8,4.0,1
B0063A4WPU,5.0,1
B00639A5I4,5.0,1
B006392G2M,5.0,1
B00638YMFM,4.0,1
B0063J0SUO,5.0,1
B0063JLOA2,4.0,1
B0063U8SD2,4.0,1
B0063U4GL0,4.0,1
B0063TQRZE,4.0,1
B0063TQQCI,5.0,1
B0063TFM7I,4.0,1
B0063TEQ7K,5.0,1
B0063TDAEA,4.0,1
B0063RY0FK,5.0,1
B0063RA4XC,5.0,1
B0063NKJO0,5.0,1
B0063NAS1E,5.0,1
B0063N7TAC,5.0,1
B0063MSQEG,5.0,1
B0063MQCDS,5.0,1
B0063MJLRW,5.0,1
B0063LEU0G,5.0,1
B0063KTOTE,5.0,1
B0063KR2H0,4.0,1
B0063KK45C,5.0,1
B0063KE7SC,5.0,1
B0063KE6HE,5.0,1
B0063KDZZ8,5.0,1
B0063K6VZY,4.0,1
B0063K5KUG,5.0,1
B00637QD46,5.0,1
B0062PCMZ8,5.0,1
B0062T2FYM,5.0,1
B0062R7XN2,5.0,1
B0062R0SDE,5.0,1
B0062QNXXW,5.0,1
B0062QEVI8,5.0,1
B0062Q1LY0,5.0,1
B0062Q147Y,5.0,1
B0062PZSQI,5.0,1
B0062PP8Z4,5.0,1
B0062PLZ10,5.0,1
B0062PLQVE,5.0,1
B0062PJCOW,5.0,1
B0062PHFWI,5.0,1
B0062PGEDE,5.0,1
B0062PG3U8,5.0,1
B0062PFZ4S,5.0,1
B0062PFJ4Y,5.0,1
B0062PFAKC,5.0,1
B0062PF67Y,5.0,1
B0062PER3I,5.0,1
B0062PEGE8,5.0,1
B0062PEAAI,5.0,1
B0062U58UE,5.0,1
B0062UVBFA,5.0,1
B0062UVRG8,5.0,1
B00637C0TS,5.0,1
B00636EHAY,5.0,1
B006366J64,5.0,1
B00635BSNY,5.0,1
B006350BMI,5.0,1
B00634VYR0,5.0,1
B00633AJW2,5.0,1
B006336SPO,5.0,1
B00632OCU8,4.0,1
B00631GQH6,5.0,1
B00631BP2W,5.0,1
B006315BFO,5.0,1
B006305QRI,5.0,1
B006303UXU,5.0,1
B0062ZOHEW,5.0,1
B0062ZI9ZU,5.0,1
B0062ZI982,5.0,1
B0062WRZNU,5.0,1
B0062W4J0W,5.0,1
B00620QHV8,5.0,1
B0060KS47K,5.0,1
B0060K89AW,5.0,1
B0060I2ZSQ,4.0,1
B0060HVXI0,5.0,1
B0060HOQYS,5.0,1
B0060HMAG4,5.0,1
B0060HMA78,5.0,1
B0060FHTD0,5.0,1
B0060FFTEG,5.0,1
B0060FEO0G,5.0,1
B0060F5YUA,5.0,1
B0060E8LDI,5.0,1
B00620Q89E,5.0,1
B0060DUBNW,5.0,1
B0060DFMCM,5.0,1
B0060CJ0I0,5.0,1
B0060C8N1A,4.0,1
B0060C6UIS,4.0,1
B0060BZWUG,4.0,1
B0060AW994,5.0,1
B0060AS916,5.0,1
B0060ANFPQ,4.0,1
B0060KTIX4,5.0,1
B0060NQZ3C,4.0,1
B0060NQ1YA,5.0,1
B0060NQ0CS,5.0,1
B0060NHSVK,5.0,1
B0060NDNGY,4.0,1
B0060NDMPG,5.0,1
B0060ND8O6,5.0,1
B0060NCNXS,5.0,1
B0060NCGWG,4.0,1
B0060N8DFA,4.0,1
B0060MZ8WC,5.0,1
B0060MLDGW,5.0,1
B0060MJRQK,5.0,1
B0060MISTC,5.0,1
B0060M922O,4.0,1
B0060M8XH4,5.0,1
B0060LRHKE,5.0,1
B0060LDRPI,4.0,1
B0060LC5CY,4.0,1
B0060L7NK8,5.0,1
B0060L5J0E,5.0,1
B0060L2MZE,5.0,1
B0060KVDNC,5.0,1
B0060AHC2I,5.0,1
B00609F83E,5.0,1
B00608ZW68,4.0,1
B005ZVYZDM,5.0,1
B005ZVI6LY,5.0,1
B005ZV9OB0,4.0,1
B005ZV0BI0,5.0,1
B005ZUX24Q,5.0,1
B005ZUVR8Y,4.0,1
B005ZUSQI8,5.0,1
B005ZUPYLK,4.0,1
B005ZUPH6M,5.0,1
B005ZUPBD6,4.0,1
B005ZUP3UC,5.0,1
B005ZU9N4O,5.0,1
B005ZTZ2BS,5.0,1
B005ZTSPIK,5.0,1
B005ZTKO3E,5.0,1
B005ZTEQX8,4.0,1
B005ZT65U0,4.0,1
B005ZT3K0I,5.0,1
B005ZSLOLQ,5.0,1
B005ZSHY0G,5.0,1
B005ZSHXKC,4.0,1
B005ZSEA3A,5.0,1
B005ZS7XZC,5.0,1
B005ZVSHBS,5.0,1
B005ZW3122,5.0,1
B00608ZTE8,5.0,1
B005ZWBXAO,5.0,1
B00608ZSCQ,5.0,1
B00608SS1E,5.0,1
B00608GP9Q,5.0,1
B00608A5RE,5.0,1
B006087PHW,5.0,1
B006071678,5.0,1
B00606ZKMQ,5.0,1
B00606R9AW,5.0,1
B00606GUSO,5.0,1
B00605XVXM,5.0,1
B00600AGTY,5.0,1
B00600A0NQ,4.0,1
B005ZZ96DW,5.0,1
B005ZYUIX0,5.0,1
B005ZYTJB2,4.0,1
B005ZYP9KW,5.0,1
B005ZXORHY,5.0,1
B005ZXKGCO,5.0,1
B005ZXHZAU,5.0,1
B005ZXFFD4,5.0,1
B005ZWNQ54,5.0,1
B005ZWJHQ6,5.0,1
B005ZWD9WO,5.0,1
B0060OLZSQ,5.0,1
B0061X6F04,5.0,1
B0061WYUJS,4.0,1
B0061WKC68,5.0,1
B0061WK7N6,4.0,1
B0061WJYVW,4.0,1
B0061WJ214,5.0,1
B0061WJ0SY,5.0,1
B0061WF97U,5.0,1
B0061WF7IG,5.0,1
B0061V9AAS,5.0,1
B0061U46EE,5.0,1
B0061TK3Y2,4.0,1
B0061RW5PY,5.0,1
B0061RKFAQ,5.0,1
B0061QVHYU,5.0,1
B0061QHKIW,5.0,1
B0061PO59U,4.0,1
B0061PIAWS,5.0,1
B0061MMXGK,5.0,1
B0061M8UAI,5.0,1
B0061LVPP6,5.0,1
B0061KO5SG,5.0,1
B00620PLYW,5.0,1
B00620PKLQ,5.0,1
B00620P22S,5.0,1
B00620P020,5.0,1
B00620OH9C,5.0,1
B00620OB5W,5.0,1
B00620O6NE,5.0,1
B00620O4ZY,5.0,1
B00620O47M,5.0,1
B00620O0Z8,5.0,1
B00620N5MW,5.0,1
B00620ML3Q,5.0,1
B00620MHGM,4.0,1
B00620M83E,5.0,1
B00620M6UO,5.0,1
B0061YRVUQ,5.0,1
B0061YO640,5.0,1
B0061YN812,5.0,1
B0061YN7D6,4.0,1
B0061YN6N2,5.0,1
B0061YLRYW,5.0,1
B0061YJO9M,5.0,1
B0061Y5L58,5.0,1
B0061KQF52,5.0,1
B0061K3FWS,5.0,1
B0060OU3I4,5.0,1
B0060R05KM,5.0,1
B0060PLWWY,5.0,1
B0060PHIE0,4.0,1
B0060PETCY,4.0,1
B0060PEL36,5.0,1
B0060PEKFK,5.0,1
B0060PEDTI,4.0,1
B0060PCXZ4,5.0,1
B0060PBSVO,5.0,1
B0060PB2WO,4.0,1
B0060P8KII,4.0,1
B0060P6ZXA,5.0,1
B0060OVMS4,4.0,1
B0060OUHXA,5.0,1
B0060R0ODA,5.0,1
B0061JPG7G,5.0,1
B0060R0PJS,5.0,1
B0061GHSB6,5.0,1
B0061EP0UO,5.0,1
B0061CPQTG,4.0,1
B0061CLJQU,5.0,1
B0061C2X9M,5.0,1
B0061BG0RO,4.0,1
B006148UDS,5.0,1
B00612JOZI,5.0,1
B00612GMSK,4.0,1
B00612FYL6,4.0,1
B00611Z2WI,5.0,1
B0060ZLYCW,5.0,1
B0060ZCBZQ,5.0,1
B0060X94N0,5.0,1
B0060WC9YM,5.0,1
B0060TTX2G,5.0,1
B0060S8RIS,4.0,1
B0060RYHRE,5.0,1
B0060RNVU8,5.0,1
B0060R4D8W,5.0,1
B0063U8SVE,5.0,1
B0063UPWGS,5.0,1
B0066YRCFK,5.0,1
B00678A7FW,5.0,1
B00677LAKO,4.0,1
B00677IVOM,5.0,1
B00677GPRW,5.0,1
B00673X34Y,5.0,1
B00673U1V2,5.0,1
B00673RFVQ,4.0,1
B00670YADA,4.0,1
B00670Y2VA,5.0,1
B0066YRALG,5.0,1
B00664JXGG,4.0,1
B0066YDEQQ,5.0,1
B0066Y0U7M,5.0,1
B0066WRD9M,5.0,1
B0066WKRMC,5.0,1
B0066VSQBM,5.0,1
B0066TUY9Q,5.0,1
B0066TUSR4,4.0,1
B0066TI9YS,4.0,1
B0066THWNM,5.0,1
B0066SP2J4,5.0,1
B0066SOEFC,5.0,1
B006793D0W,5.0,1
B00679C2DG,4.0,1
B00679GBR4,5.0,1
B00679K6HK,5.0,1
B0067MRUWQ,5.0,1
B0067MHS5A,5.0,1
B0067LWOBY,4.0,1
B0067LTE62,5.0,1
B0067LR5KY,4.0,1
B0067K1FNS,5.0,1
B0067JPSY6,5.0,1
B0067JNB2M,4.0,1
B0067H8GBA,5.0,1
B0067H6KQI,5.0,1
B0067G3L0C,5.0,1
B0067FV9E8,5.0,1
B0067F9D46,5.0,1
B0067F9A4O,4.0,1
B0067F98BE,4.0,1
B0067DKY7S,5.0,1
B0067CJ182,5.0,1
B0067CDS9K,5.0,1
B0067BWW0M,5.0,1
B0067BUO98,5.0,1
B0066SN2TQ,5.0,1
B0066SMIXM,5.0,1
B0066SMGXE,5.0,1
B0066ENGHI,5.0,1
B0066EG8FU,5.0,1
B0066D8Q2O,5.0,1
B0066CXIS2,5.0,1
B0066CWFGS,5.0,1
B0066CO2Q4,5.0,1
B0066BV3EO,5.0,1
B0066BA9JO,4.0,1
B0066ASLYA,5.0,1
B0066ARU2O,5.0,1
B0066AM3WG,5.0,1
B0066AHB14,5.0,1
B00669STMK,5.0,1
B00669N42K,5.0,1
B00669JHLM,5.0,1
B0066901OO,5.0,1
B00668YXIK,5.0,1
B00667LUKK,5.0,1
B00667I3NM,5.0,1
B0066748GI,5.0,1
B00667449Y,5.0,1
B00666X3PQ,5.0,1
B00665TE4Q,5.0,1
B00665OQB2,4.0,1
B0066FEAPY,5.0,1
B0066FXJ42,4.0,1
B0066SMFMQ,5.0,1
B0066GXJOQ,5.0,1
B0066SMDHS,5.0,1
B0066SMAA8,4.0,1
B0066SM58A,5.0,1
B0066SLYF0,5.0,1
B0066SLW0W,4.0,1
B0066SLEPU,5.0,1
B0066SKVQI,4.0,1
B0066SKR30,5.0,1
B0066SKH1C,5.0,1
B0066QXQP8,5.0,1
B0066PH2P4,5.0,1
B0066NBQEY,5.0,1
B0066N9C1S,5.0,1
B0066N86I8,5.0,1
B0066N8462,5.0,1
B0066K6C8W,5.0,1
B0066H1654,4.0,1
B0066H0Y6Q,5.0,1
B0067MZTOW,5.0,1
B00689OO04,5.0,1
B00689HMO4,5.0,1
B00689HJHO,5.0,1
B006898IQU,5.0,1
B006890D54,4.0,1
B00688KW6U,5.0,1
B0068889N8,5.0,1
B00687SX6W,5.0,1
B00687SWZ4,4.0,1
B00687HJ4E,4.0,1
B00687D7DQ,5.0,1
B00686WR38,5.0,1
B00686G9R8,4.0,1
B0068644G6,5.0,1
B00685OAM0,5.0,1
B00685MMPM,5.0,1
B00685LXFW,5.0,1
B00685LHNU,5.0,1
B00685JKZC,5.0,1
B00685I9SG,5.0,1
B00685I4EA,5.0,1
B00685HQBW,5.0,1
B00685GPPK,5.0,1
B00685FE8O,5.0,1
B00685F9QQ,5.0,1
B00685CXDS,4.0,1
B00685BC1W,5.0,1
B0068A5X6M,5.0,1
B006853JNQ,5.0,1
B0068ADLHK,5.0,1
B0068OTP3U,5.0,1
B0068OHMS0,5.0,1
B0068NJWR0,5.0,1
B0068NAJCC,5.0,1
B0068MWWWI,5.0,1
B0068MSHYK,5.0,1
B0068MB7BK,5.0,1
B0068LYBVE,5.0,1
B0068LH1YS,4.0,1
B0068L2O5O,5.0,1
B0068JXXD8,5.0,1
B0068IZV4S,5.0,1
B0068IZ90Y,5.0,1
B0068IVE1W,5.0,1
B0068IUS3C,5.0,1
B0068I9G5S,5.0,1
B0068GL3IS,4.0,1
B0068FL9LK,4.0,1
B0068FL90Q,5.0,1
B0068F4656,4.0,1
B0068F458Y,5.0,1
B0068DOEMS,5.0,1
B0068B8LSS,4.0,1
B0068ASXE6,5.0,1
B0068AE5SY,5.0,1
B00685969W,5.0,1
B0067N11U2,4.0,1
B0067VZO70,5.0,1
B0067VN4QS,5.0,1
B0067VHC7K,5.0,1
B0067U342I,5.0,1
B0067QTA70,5.0,1
B0067QQVOA,5.0,1
B0067QBNDO,4.0,1
B0067PHIWA,5.0,1
B0067OZ8B4,4.0,1
B0067OOGP8,4.0,1
B0067OOGNA,5.0,1
B0067OOFRM,5.0,1
B0067O904A,5.0,1
B0067O6SY0,5.0,1
B0067NWOPI,5.0,1
B0067NMWF0,5.0,1
B0067NKUZY,4.0,1
B0067NAJWI,4.0,1
B0067Y1W3C,5.0,1
B00684XKPY,5.0,1
B0067Y1WB4,5.0,1
B00684X8WO,5.0,1
B00684VMEA,5.0,1
B00684UKWA,5.0,1
B00684RCB2,5.0,1
B00684QWMW,5.0,1
B00684KNPY,5.0,1
B00684GCF4,4.0,1
B00684AR78,5.0,1
B00683XAKU,5.0,1
B00682MUKW,5.0,1
B0067Z4IC8,5.0,1
B0067Y2E4I,5.0,1
B0067Y2CUO,4.0,1
B0067Y2CUE,4.0,1
B0067Y2C18,5.0,1
B0067Y2BOQ,5.0,1
B0067Y2BN2,4.0,1
B0067Y2ACE,4.0,1
B0067Y2ABU,5.0,1
B0067Y2966,5.0,1
B0067Y2664,5.0,1
B0067Y261E,5.0,1
B0067Y23IK,5.0,1
B0067Y20VA,5.0,1
B0067Y20TW,5.0,1
B0067Y1Z98,4.0,1
B0067Y1XUY,5.0,1
B00665J540,5.0,1
B00662ZEWK,5.0,1
B0063UR2MK,5.0,1
B0064FJC0O,4.0,1
B0064HDGBI,5.0,1
B0064H3HPS,5.0,1
B0064GQ364,5.0,1
B0064G91A4,4.0,1
B0064G8ZHO,4.0,1
B0064G8JIE,5.0,1
B0064G7TOE,5.0,1
B0064G6J0E,5.0,1
B0064FV0AY,4.0,1
B0064FU9JC,5.0,1
B0064FOYKW,5.0,1
B0064FOIJE,5.0,1
B0064FKOOC,5.0,1
B0064FJ5XS,4.0,1
B00662YW0U,4.0,1
B0064FHL5M,5.0,1
B0064FH2L0,4.0,1
B0064FH2DI,5.0,1
B0064FGT8W,5.0,1
B0064FGGPS,5.0,1
B0064FEWVS,5.0,1
B0064EP9CK,5.0,1
B0064EF7OA,5.0,1
B0064E0J3Y,5.0,1
B0064DTYE0,5.0,1
B0064K5FZK,5.0,1
B0064RBCEG,5.0,1
B0064RA9C2,5.0,1
B0064R8KPA,5.0,1
B0064R6YQW,5.0,1
B0064QFSQK,4.0,1
B0064PLPHM,5.0,1
B0064PLFX6,4.0,1
B0064PLC2U,5.0,1
B0064PKE3I,5.0,1
B0064P81II,5.0,1
B0064OZH3G,5.0,1
B0064OYTYE,5.0,1
B0064OTWLO,4.0,1
B0064OGJCO,5.0,1
B0064OGI34,5.0,1
B0064ODFTE,5.0,1
B0064O9AJS,4.0,1
B0064NAS72,5.0,1
B0064K5UVY,5.0,1
B0064K5SNY,4.0,1
B0064K5SL6,5.0,1
B0064K5KKA,5.0,1
B0064D74ME,5.0,1
B0064CWMZY,5.0,1
B00641HU2K,4.0,1
B006414T06,5.0,1
B006412LZQ,5.0,1
B006412EF8,5.0,1
B00640L4NC,5.0,1
B00640J4W0,5.0,1
B00640HI6E,4.0,1
B00640EOV6,4.0,1
B00640A6I6,4.0,1
B0063ZQRSK,5.0,1
B0063YTEA4,5.0,1
B0063YHE74,5.0,1
B0063Y5KHU,5.0,1
B0063Y3HV6,5.0,1
B0063X5A0I,4.0,1
B0063X56UM,4.0,1
B0063WTAAK,5.0,1
B0063WS682,5.0,1
B0063WS5TW,4.0,1
B0063WS5EM,5.0,1
B0063WS5AG,5.0,1
B0063WRZES,5.0,1
B0063WRY58,4.0,1
B0063WEE0G,4.0,1
B0063WBX9G,5.0,1
B0063W29P8,5.0,1
B00641AY8C,5.0,1
B00641ZAD6,5.0,1
B0064CPF1M,5.0,1
B00641ZGI0,5.0,1
B0064CIGHM,5.0,1
B0064CB03E,4.0,1
B0064CASG4,5.0,1
B0064BJZ00,5.0,1
B0064BHLYM,5.0,1
B0064778U8,5.0,1
B00645HKBM,5.0,1
B00644RCDY,5.0,1
B00644R8ME,5.0,1
B00644HA22,4.0,1
B0064404RU,5.0,1
B00643C34S,5.0,1
B00642SIYS,5.0,1
B00642FE04,5.0,1
B00642EF6S,5.0,1
B00642C9AW,5.0,1
B00642724A,5.0,1
B006425FYY,5.0,1
B006425936,5.0,1
B0064256AW,5.0,1
B006421GEC,5.0,1
B006421ASO,5.0,1
B0064REZ8Q,5.0,1
B0065MXYRI,5.0,1
B0065MXNLA,5.0,1
B0065MXKM2,5.0,1
B0065MRIZ2,5.0,1
B0065MNRIE,5.0,1
B0065LWPTW,5.0,1
B0065LW7I6,5.0,1
B0065LPPWQ,5.0,1
B0065L04J0,5.0,1
B0065KBF2Q,5.0,1
B0065JCC5G,5.0,1
B0065IYD2M,5.0,1
B0065IL83E,5.0,1
B0065IIB4I,5.0,1
B0065I4T12,5.0,1
B0065HX16W,5.0,1
B0065HWAHI,5.0,1
B0065DJKRU,5.0,1
B0065DJKHU,5.0,1
B0065DJADO,5.0,1
B0065DJ8MW,4.0,1
B0065AYTK6,5.0,1
B0065MY1KC,5.0,1
B00659IOAS,5.0,1
B0065NC6QC,5.0,1
B00662YMJQ,4.0,1
B00662YJ6M,5.0,1
B00662WMJS,5.0,1
B006605GH0,5.0,1
B0066013RW,5.0,1
B0065Z704S,5.0,1
B0065YFFW8,5.0,1
B0065UXW5O,5.0,1
B0065UJ9JC,5.0,1
B0065RU98K,5.0,1
B0065RU8Y0,5.0,1
B0065R0P1G,5.0,1
B0065QIUP0,5.0,1
B0065Q1AXY,5.0,1
B0065PSBRS,4.0,1
B0065PL84Q,5.0,1
B0065PHQN8,5.0,1
B0065PEFPK,4.0,1
B0065OYANI,5.0,1
B0065O8RVE,5.0,1
B00658VERY,5.0,1
B00654D4F8,5.0,1
B006535TH0,4.0,1
B006535JXE,5.0,1
B006535HRW,4.0,1
B006535GAK,5.0,1
B006535FK6,5.0,1
B00652TAOE,5.0,1
B0065262WC,5.0,1
B0065235Q8,5.0,1
B00651TNKG,5.0,1
B00651SI1Q,5.0,1
B00651ODCO,5.0,1
B00650WBJ2,5.0,1
B0064ZLK0Y,5.0,1
B0064ZK4QK,4.0,1
B0064YZM7W,5.0,1
B0064YRXLA,5.0,1
B0064Y03NA,5.0,1
B0064XTFQM,5.0,1
B0064X2AFU,5.0,1
B0064WAG84,5.0,1
B0064W2NR6,5.0,1
B0064U6VOE,5.0,1
B0064TM90K,4.0,1
B0064TDIA0,5.0,1
B00653SB2A,5.0,1
B00654DIU4,5.0,1
B00658OMHS,5.0,1
B00654F7VC,4.0,1
B00658IYSQ,5.0,1
B00657WCBC,5.0,1
B00657UKQ6,5.0,1
B00657SM3O,5.0,1
B00657LBDW,5.0,1
B00657JZXU,5.0,1
B00657H1RM,5.0,1
B006578U2W,5.0,1
B006576SYO,5.0,1
B0065722IA,5.0,1
B00657224E,5.0,1
B00656Y7MU,4.0,1
B00656UD5A,5.0,1
B00656AHRE,5.0,1
B006566KFW,5.0,1
B006565ETA,5.0,1
B006562V7S,4.0,1
B00655BF4Y,4.0,1
B006554J9W,5.0,1
B006552X2C,5.0,1
B00654MVPW,5.0,1
B00654LRKM,5.0,1
B00654KEJ2,5.0,1
B00654K34S,4.0,1
B00654ILOC,4.0,1
B00654H41S,5.0,1
B00654FHEY,5.0,1
B005ZRVOQ2,4.0,1
B005ZRUJQS,5.0,1
B005ZR01I4,5.0,1
B005UDN2KM,4.0,1
B005UEQDO8,4.0,1
B005UEPOG6,5.0,1
B005UEESOU,4.0,1
B005UECMO8,5.0,1
B005UE6HKS,5.0,1
B005UE2IOW,5.0,1
B005UE1WPS,5.0,1
B005UDYK1C,5.0,1
B005UDT3GO,5.0,1
B005UDR7JE,5.0,1
B005UDQZ6A,5.0,1
B005UDOI7I,5.0,1
B005UDBEAM,5.0,1
B005TP8L8O,5.0,1
B005UCX1FY,5.0,1
B005UCX186,5.0,1
B005UCX0TQ,5.0,1
B005UCX0LY,5.0,1
B005UCX0IW,5.0,1
B005UCX08W,5.0,1
B005UCWZR4,5.0,1
B005UCWYF2,5.0,1
B005U9XAGW,4.0,1
B005U9W5RC,5.0,1
B005U9Q9VA,5.0,1
B005U9Q1O0,5.0,1
B005UF4QOQ,5.0,1
B005UF53WK,5.0,1
B005UF6DPG,5.0,1
B005UKEJB6,5.0,1
B005UJ44VC,5.0,1
B005UIUTBW,4.0,1
B005UHRPLU,4.0,1
B005UHROBG,5.0,1
B005UHRIBW,5.0,1
B005UHRI5S,5.0,1
B005UHDWHQ,5.0,1
B005UH6ZDO,4.0,1
B005UGVP30,5.0,1
B005UGVORM,5.0,1
B005UGVOR2,5.0,1
B005UGVMQK,5.0,1
B005UGVJX6,5.0,1
B005UGV9NQ,5.0,1
B005UGV8EQ,5.0,1
B005UGUOP0,5.0,1
B005UGULTO,5.0,1
B005UGA1BC,5.0,1
B005UFC4NQ,5.0,1
B005UFAFJG,5.0,1
B005U8ONC8,5.0,1
B005U8GSCG,5.0,1
B005U1WLWY,5.0,1
B005TZGL5Y,5.0,1
B005TXRD4E,4.0,1
B005TVPKDW,5.0,1
B005TVLQRG,5.0,1
B005TVCN3C,4.0,1
B005TUX3NC,5.0,1
B005TUO5GQ,5.0,1
B005TUHXYC,5.0,1
B005TUD2WY,4.0,1
B005TUAU9C,5.0,1
B005TU9YVC,5.0,1
B005TU9FCU,5.0,1
B005TU1ND4,5.0,1
B005TU1JGA,5.0,1
B005TU1IL6,5.0,1
B005TTYSCI,4.0,1
B005TTYR9W,5.0,1
B005TT8R5W,5.0,1
B005TT2K4G,5.0,1
B005TSXRRG,4.0,1
B005TRME7G,5.0,1
B005TRMD5Y,5.0,1
B005U1WHKA,4.0,1
B005U1WMCS,5.0,1
B005U8GJYS,4.0,1
B005U254A4,5.0,1
B005U8GE02,5.0,1
B005U86H4K,5.0,1
B005U86GLO,5.0,1
B005U86G46,5.0,1
B005U86FMY,5.0,1
B005U86EZM,5.0,1
B005U86BP0,5.0,1
B005U7E3Q0,5.0,1
B005U72H5E,5.0,1
B005U6PZT0,5.0,1
B005U6M7B4,5.0,1
B005U5KVUO,5.0,1
B005U5JPSS,5.0,1
B005U5JE6Q,5.0,1
B005U5GY32,4.0,1
B005U55HRG,4.0,1
B005U55HLW,5.0,1
B005U55GXG,5.0,1
B005U55F3C,5.0,1
B005U4ITDG,5.0,1
B005U3IKC2,5.0,1
B005UKEJEI,4.0,1
B005VDL9RE,5.0,1
B005VDKZQU,5.0,1
B005VDKY2A,4.0,1
B005VDKJB6,5.0,1
B005VDJU5M,5.0,1
B005VDJ9TO,4.0,1
B005VDHACC,5.0,1
B005VDH8SS,5.0,1
B005VC66U0,5.0,1
B005VC3A1S,5.0,1
B005VBA4RC,5.0,1
B005VB3UKK,5.0,1
B005VAOEJ2,5.0,1
B005V953M0,5.0,1
B005V7L3Q2,5.0,1
B005V7H6UO,5.0,1
B005V6SPUK,5.0,1
B005V6M55G,5.0,1
B005V6D19K,5.0,1
B005V5C3UO,5.0,1
B005VDL9TM,5.0,1
B005VDLDCU,5.0,1
B005V3IPVC,4.0,1
B005VDLDKM,5.0,1
B005VEUG9A,5.0,1
B005VEE6GE,4.0,1
B005VEE4DO,4.0,1
B005VEE1FK,5.0,1
B005VEE0N8,4.0,1
B005VEDY8K,5.0,1
B005VEDXEK,5.0,1
B005VEDW7S,4.0,1
B005VEDTHQ,5.0,1
B005VEDNO0,5.0,1
B005VEDNLI,5.0,1
B005VEDLTM,5.0,1
B005VEDLQA,5.0,1
B005VEDJYE,4.0,1
B005VDY926,5.0,1
B005VDWR0C,5.0,1
B005VDLNM0,5.0,1
B005VDLN6G,5.0,1
B005VDLLMW,5.0,1
B005VDLKOG,5.0,1
B005VDLI9S,5.0,1
B005VDLGFY,5.0,1
B005VDLDPM,5.0,1
B005V3KLLO,4.0,1
B005V3AYG6,4.0,1
B005UNNBBW,4.0,1
B005UUHOIG,5.0,1
B005UTSK3U,5.0,1
B005UTN9H2,5.0,1
B005UTIP6W,4.0,1
B005UTFHFO,5.0,1
B005USW5LE,4.0,1
B005US76F4,5.0,1
B005URY734,5.0,1
B005UR0L84,5.0,1
B005UR0CRE,5.0,1
B005UQNYP2,5.0,1
B005UQMS0E,5.0,1
B005UQLJ72,5.0,1
B005UP6XME,4.0,1
B005UOVSWU,5.0,1
B005UOGRS0,5.0,1
B005UOGJL0,5.0,1
B005UOFPJC,5.0,1
B005UO6N8E,5.0,1
B005UO6C1M,5.0,1
B005UO4KSY,5.0,1
B005UO3UNA,5.0,1
B005UNWO6A,5.0,1
B005UUHKMQ,5.0,1
B005UUHS1Y,4.0,1
B005UUI6OW,5.0,1
B005V2W6VS,5.0,1
B005V2M3XE,5.0,1
B005V2LAB0,5.0,1
B005V2F7V4,4.0,1
B005V21C5O,5.0,1
B005V20KO8,5.0,1
B005V1YGK8,5.0,1
B005V09AGE,4.0,1
B005V02LME,5.0,1
B005UZFMSA,5.0,1
B005UXHSK2,5.0,1
B005UXHDFW,5.0,1
B005UXGF1A,5.0,1
B005UXG98E,5.0,1
B005UXG65A,4.0,1
B005UXFXO0,5.0,1
B005UXFK3E,4.0,1
B005UW1IW2,5.0,1
B005UVQD5A,5.0,1
B005UVPC0C,4.0,1
B005UVKSPG,5.0,1
B005UVGRJ2,5.0,1
B005UUI7IW,5.0,1
B005TPAD0I,5.0,1
B005TP7GU8,5.0,1
B005ZQZYY6,5.0,1
B005S5BCLI,5.0,1
B005SDTHEO,5.0,1
B005SB95FM,5.0,1
B005SASG4Y,5.0,1
B005SAPKR0,5.0,1
B005SAKKH0,5.0,1
B005SA4LNO,5.0,1
B005S9HNX0,5.0,1
B005S8J9K6,5.0,1
B005S7NUZC,5.0,1
B005S7CAN0,5.0,1
B005S6QD3Y,5.0,1
B005S5C1FE,5.0,1
B005TP5XLM,5.0,1
B005S4I68Q,5.0,1
B005S4H2ZE,4.0,1
B005S4H2HM,5.0,1
B005S4H0J2,5.0,1
B005S4GAPM,5.0,1
B005S3JDIE,5.0,1
B005S3FH1Q,5.0,1
B005S2OZRO,5.0,1
B005S2MB2U,5.0,1
B005SFEJA4,5.0,1
B005SFLRAY,5.0,1
B005SFN07M,5.0,1
B005SJPZEO,4.0,1
B005SJCS58,5.0,1
B005SJCFFG,5.0,1
B005SJC10A,5.0,1
B005SIR12E,4.0,1
B005SIQZQC,5.0,1
B005SIQYJA,5.0,1
B005SIQUQW,5.0,1
B005SI4OMY,4.0,1
B005SI3KCY,5.0,1
B005SI0PBI,5.0,1
B005SI05OA,5.0,1
B005SHZMMG,5.0,1
B005SHZMEE,5.0,1
B005SHX91W,5.0,1
B005SHM80A,5.0,1
B005SGVAD2,4.0,1
B005SGAHFY,5.0,1
B005SGAG82,5.0,1
B005SGAFO2,4.0,1
B005SFX5JA,5.0,1
B005SFQZUQ,4.0,1
B005SFPC78,5.0,1
B005S1Y2N2,5.0,1
B005S0YDBE,5.0,1
B005RL70T6,5.0,1
B005RILM8O,5.0,1
B005RHSUWG,5.0,1
B005RHOWD2,5.0,1
B005RHMF18,5.0,1
B005RHEXMW,5.0,1
B005RH86JS,5.0,1
B005RGD2SY,5.0,1
B005RG7LTU,5.0,1
B005RFS2GM,5.0,1
B005RFEXS8,5.0,1
B005RFD73U,5.0,1
B005RF9EY6,5.0,1
B005RF905O,5.0,1
B005RF63M2,5.0,1
B005REUSQK,4.0,1
B005REOQ4K,5.0,1
B005REO9NI,5.0,1
B005RENYIO,5.0,1
B005RENEZM,5.0,1
B005RDF2OO,5.0,1
B005RAQ980,5.0,1
B005RAQ8N6,5.0,1
B005R8Z6G8,5.0,1
B005RO340C,4.0,1
B005S08JGO,5.0,1
B005RQGWGI,5.0,1
B005S00S0E,5.0,1
B005RZXY5Q,5.0,1
B005RUHA2E,4.0,1
B005RUH4CK,5.0,1
B005RUH3Y4,5.0,1
B005RUH24K,5.0,1
B005RU2FTC,4.0,1
B005RTZS1K,5.0,1
B005RTNN5S,5.0,1
B005RSGEQE,5.0,1
B005RSG7C0,5.0,1
B005RSFX8E,5.0,1
B005RSFWKS,5.0,1
B005RSFVOU,5.0,1
B005RRWE1O,5.0,1
B005RRC0LS,5.0,1
B005RQY670,5.0,1
B005RQHL86,4.0,1
B005SJRO2A,5.0,1
B005SLDJFY,5.0,1
B005THVYJ0,5.0,1
B005TH7OEO,5.0,1
B005TGM68O,5.0,1
B005TE6CO0,5.0,1
B005TDVEX0,5.0,1
B005TD09V8,5.0,1
B005TCOCJO,5.0,1
B005TC9AOG,5.0,1
B005TBKIHU,4.0,1
B005TBHLXE,5.0,1
B005TAAW4U,5.0,1
B005TA8FR6,5.0,1
B005TA0X0S,5.0,1
B005TA0WJ0,4.0,1
B005T9CJVK,5.0,1
B005T8NKI2,5.0,1
B005T8M7NQ,4.0,1
B005T8LA7U,5.0,1
B005T7XHVI,5.0,1
B005T7V3J6,4.0,1
B005T7TK46,5.0,1
B005T7NMXG,5.0,1
B005T7N5UQ,5.0,1
B005T7M5CK,5.0,1
B005T6WHF6,5.0,1
B005THS88A,5.0,1
B005THXQQO,5.0,1
B005T6EXYY,5.0,1
B005TI41M6,5.0,1
B005TP4R2I,5.0,1
B005TP2STM,5.0,1
B005TOZWSM,5.0,1
B005TOXKMW,5.0,1
B005TOXDUG,5.0,1
B005TOXCWA,5.0,1
B005TOD1FS,5.0,1
B005TLM2VA,5.0,1
B005TKUYWU,5.0,1
B005TKU5DI,5.0,1
B005TKRP90,5.0,1
B005TKR6IA,5.0,1
B005TKIWTC,5.0,1
B005TK426Y,5.0,1
B005TJ6DSA,5.0,1
B005TIJLTE,5.0,1
B005TIJ00O,5.0,1
B005TIH81W,4.0,1
B005TICVIC,5.0,1
B005TI7H2M,4.0,1
B005TI4YPK,5.0,1
B005T6BKPY,4.0,1
B005SNM4K8,4.0,1
B005SWBMZC,5.0,1
B005SW75J4,5.0,1
B005SW5KNC,5.0,1
B005SW5JOC,5.0,1
B005SVY8N6,5.0,1
B005STUPK8,5.0,1
B005STEQQM,5.0,1
B005ST16S8,5.0,1
B005SSYZQE,5.0,1
B005SSXFYW,5.0,1
B005SSQCHO,5.0,1
B005SSQ120,4.0,1
B005SSO4X8,5.0,1
B005SS76NI,5.0,1
B005SRMI0K,5.0,1
B005SQQE3S,5.0,1
B005SQ2RO8,4.0,1
B005SPYGQG,4.0,1
B005SPXJKA,4.0,1
B005SPWTTC,5.0,1
B005SPSI38,5.0,1
B005SPHH4E,5.0,1
B005SPHE2E,5.0,1
B005SPEU1C,4.0,1
B005SPDRCA,5.0,1
B005SNOXO8,5.0,1
B005SW9060,5.0,1
B005SWHA8U,5.0,1
B005T63840,5.0,1
B005SWVR2A,5.0,1
B005T60EK6,5.0,1
B005T5DK30,5.0,1
B005T5CRWU,5.0,1
B005T5014Q,5.0,1
B005T4JKM6,4.0,1
B005T4H6NQ,4.0,1
B005T48L5S,5.0,1
B005T4668M,5.0,1
B005T3U5WQ,5.0,1
B005T3KKAI,5.0,1
B005T3FGDY,5.0,1
B005T32U6A,5.0,1
B005T2Q5P8,5.0,1
B005T2IXDA,5.0,1
B005SZ3S3I,5.0,1
B005SY8CH6,4.0,1
B005SY8258,5.0,1
B005SY7ZOW,5.0,1
B005SY32CQ,5.0,1
B005SXR05C,4.0,1
B005XUVAA6,4.0,1
B005Y1TP4M,5.0,1
B005Y1S0I4,5.0,1
B005Y1AT7O,5.0,1
B005Y0O2CS,5.0,1
B005Y0MZWC,5.0,1
B005XZDHC0,4.0,1
B005XZDDNI,5.0,1
B005XYVAMA,5.0,1
B005XY4MPC,5.0,1
B005XVK9IY,5.0,1
B005XUVHB8,5.0,1
B005XUVGB4,5.0,1
B005XUM5HI,5.0,1
B005VF719M,5.0,1
B005XTQYEO,5.0,1
B005XS3Z10,4.0,1
B005XS3T3E,4.0,1
B005XS39ES,5.0,1
B005XS1Y36,4.0,1
B005XS1Q2K,5.0,1
B005XS1JGI,5.0,1
B005XS1AI0,5.0,1
B005XS19LS,5.0,1
B005XRX5HU,5.0,1
B005XRUWYO,5.0,1
B005Y1U9B0,5.0,1
B005YFCPY0,5.0,1
B005YFCD6K,5.0,1
B005YF22GG,5.0,1
B005YEW1P4,5.0,1
B005YEU6X8,5.0,1
B005YETLRK,4.0,1
B005YES7AW,5.0,1
B005YES5A4,5.0,1
B005YEMNJI,5.0,1
B005YEMMWG,5.0,1
B005YEIM7K,4.0,1
B005YEHZNW,5.0,1
B005YDSSES,5.0,1
B005YBVSEC,5.0,1
B005Y806MA,5.0,1
B005Y6LTN2,4.0,1
B005Y52EAA,5.0,1
B005Y51QRW,5.0,1
B005Y50NA8,4.0,1
B005Y505II,5.0,1
B005Y4ZQPG,5.0,1
B005Y4ZNUE,5.0,1
B005Y2BJ1I,5.0,1
B005Y266QG,5.0,1
B005Y25NPQ,5.0,1
B005XR50R8,5.0,1
B005XR3T58,5.0,1
B005XGI0TE,5.0,1
B005XGCNWY,5.0,1
B005XG9PXO,5.0,1
B005XFOOWM,5.0,1
B005XEH6HI,5.0,1
B005XDSM3G,5.0,1
B005XDSLJG,5.0,1
B005XDDJS4,5.0,1
B005XD7W0U,5.0,1
B005XCPVUE,5.0,1
B005XCPVHC,5.0,1
B005XCPV9K,5.0,1
B005XCPRE4,5.0,1
B005XCPP2S,5.0,1
B005XCKZKU,5.0,1
B005XCK4D8,5.0,1
B005XCK348,4.0,1
B005XCJPOM,5.0,1
B005XCIWXW,5.0,1
B005XCIWCS,4.0,1
B005XCIPYI,5.0,1
B005XGH1G2,5.0,1
B005XGIV9I,4.0,1
B005XQOXLS,5.0,1
B005XQCLBM,5.0,1
B005XQC28O,4.0,1
B005XQ9746,5.0,1
B005XPCHOY,4.0,1
B005XP52H8,4.0,1
B005XOWV2I,5.0,1
B005XOVXKY,5.0,1
B005XOIBPO,5.0,1
B005XNQW0G,5.0,1
B005XNFQAS,5.0,1
B005XMMAVW,5.0,1
B005XMJ88A,5.0,1
B005XMGYLO,5.0,1
B005XMBQ4E,4.0,1
B005XLKRFO,5.0,1
B005XLJL88,5.0,1
B005XK6L9G,4.0,1
B005XK5WFU,4.0,1
B005XHYIK8,5.0,1
B005XGSZFS,4.0,1
B005XGNB2U,5.0,1
B005YFGO8I,5.0,1
B005YFUKA6,5.0,1
B005YFW6DA,5.0,1
B005ZHWT34,5.0,1
B005ZHLRHI,4.0,1
B005ZHBZCU,5.0,1
B005ZHAYE0,5.0,1
B005ZGZSKQ,5.0,1
B005ZGQU1C,5.0,1
B005ZGOULY,5.0,1
B005ZFW044,5.0,1
B005ZFTKJM,5.0,1
B005ZFP87U,5.0,1
B005ZFIX5E,4.0,1
B005ZFA8UM,4.0,1
B005ZF6GTY,5.0,1
B005ZF59JM,5.0,1
B005ZF0GPO,5.0,1
B005ZEEK66,4.0,1
B005ZDFV10,4.0,1
B005ZD5V6A,5.0,1
B005ZATD0S,5.0,1
B005ZAPIC0,4.0,1
B005ZAOBR8,5.0,1
B005ZAG9NW,5.0,1
B005Z8F9GW,5.0,1
B005ZHM7P4,5.0,1
B005ZHY6E4,5.0,1
B005ZHYCRA,5.0,1
B005ZQZY3W,5.0,1
B005ZQQE2M,5.0,1
B005ZQOM0S,5.0,1
B005ZQJP78,4.0,1
B005ZQDCLI,5.0,1
B005ZQDC9U,4.0,1
B005ZOPCE0,5.0,1
B005ZNMQZO,5.0,1
B005ZNJJ7M,5.0,1
B005ZMYE8M,5.0,1
B005ZMR4AM,5.0,1
B005ZMAHP6,5.0,1
B005ZM6C9Q,5.0,1
B005ZLCGDI,5.0,1
B005ZJIWA6,5.0,1
B005ZJGFJQ,4.0,1
B005ZJ1UOG,5.0,1
B005ZI52OG,5.0,1
B005ZI3432,5.0,1
B005ZHYMJ8,5.0,1
B005Z7NAM8,5.0,1
B005Z7DJAG,5.0,1
B005YG5ZA0,5.0,1
B005YSY8JC,5.0,1
B005YS0HJC,5.0,1
B005YRUCAC,4.0,1
B005YRU80Q,5.0,1
B005YRS0J2,5.0,1
B005YRRRB4,4.0,1
B005YQOPMY,5.0,1
B005YQNVTM,5.0,1
B005YQDJB2,5.0,1
B005YQ1ZJK,5.0,1
B005YPVWR6,5.0,1
B005YP3NDM,5.0,1
B005YOY1DO,4.0,1
B005YOMNCU,5.0,1
B005YNQXQ8,5.0,1
B005YNBDTK,5.0,1
B005YNB7JQ,5.0,1
B005YNB2KA,5.0,1
B005YIYSBU,5.0,1
B005YIW9OS,5.0,1
B005YI9A0Y,4.0,1
B005YH75X4,5.0,1
B005YGOIY4,5.0,1
B005YGITDU,4.0,1
B005YS4K8Q,5.0,1
B005YT1SEE,5.0,1
B005Z7DIUC,5.0,1
B005YTCE0G,5.0,1
B005Z7DFLE,5.0,1
B005Z7DFJ6,4.0,1
B005Z74PUO,5.0,1
B005Z74K72,5.0,1
B005Z6PQKS,4.0,1
B005Z64J5Q,5.0,1
B005Z5Q324,4.0,1
B005Z56F0E,4.0,1
B005Z50G8G,5.0,1
B005Z4SW3I,5.0,1
B005Z4L19K,5.0,1
B005Z4KW68,5.0,1
B005Z4BBB8,5.0,1
B005Z3DCHK,5.0,1
B005Z2Z7EC,4.0,1
B005Z2N9II,5.0,1
B005Z1VP58,5.0,1
B005Z10VDU,5.0,1
B005YXCX9E,5.0,1
B005YWR7X2,4.0,1
B005YWPVF8,5.0,1
B005YU71IU,5.0,1
B005XCI0T8,5.0,1
B005XCHK5I,5.0,1
B005XCHIC8,4.0,1
B005W8VOQO,5.0,1
B005W6C0FA,5.0,1
B005W61QYQ,5.0,1
B005W5NVMW,5.0,1
B005W58776,5.0,1
B005W53FIM,5.0,1
B005W4VOUY,5.0,1
B005W4IKWO,5.0,1
B005W4FHDE,5.0,1
B005W4B0BC,4.0,1
B005W4ALMG,5.0,1
B005W39F56,5.0,1
B005W350FU,5.0,1
B005W32OPE,5.0,1
B005W32BB6,5.0,1
B005W3103G,5.0,1
B005W2L23U,5.0,1
B005W1DYO6,4.0,1
B005W1DY8M,5.0,1
B005W1D8WY,5.0,1
B005W143HI,5.0,1
B005W13EN2,5.0,1
B005VZW62Y,5.0,1
B005VXO34K,5.0,1
B005VX89IQ,5.0,1
B005W97G6A,5.0,1
B005VVA9W2,5.0,1
B005W9HFQ6,4.0,1
B005WKCJ7U,5.0,1
B005WKCJ3E,5.0,1
B005WKCI6C,5.0,1
B005WK2LWI,5.0,1
B005WK26Y6,4.0,1
B005WJNAHY,4.0,1
B005WJBNY6,5.0,1
B005WIIWM8,5.0,1
B005WIIUJS,5.0,1
B005WIIUB6,5.0,1
B005WIIQN8,5.0,1
B005WIIQ42,5.0,1
B005WIIOS0,5.0,1
B005WIFNNY,5.0,1
B005WG26Q8,5.0,1
B005WFZNRS,5.0,1
B005WECCMI,5.0,1
B005WEB19I,4.0,1
B005WDPFZ0,5.0,1
B005WB8YU0,4.0,1
B005WB05FC,5.0,1
B005WAEGA8,5.0,1
B005WADEGA,5.0,1
B005W9WD72,5.0,1
B005VVAHW4,4.0,1
B005VV6JIA,5.0,1
B005WKCNGM,5.0,1
B005VP0R6G,5.0,1
B005VOYSJY,5.0,1
B005VM1HXQ,5.0,1
B005VJQ7L6,5.0,1
B005VJI7FK,5.0,1
B005VJHWGU,5.0,1
B005VJBBDU,5.0,1
B005VIO6RY,5.0,1
B005VIO6AQ,5.0,1
B005VIF8N0,4.0,1
B005VI58W6,5.0,1
B005VHQFVU,4.0,1
B005VHKMT6,5.0,1
B005VHG10A,5.0,1
B005VHDRRU,5.0,1
B005VH6PBK,5.0,1
B005VH12J0,4.0,1
B005VGZBQ6,5.0,1
B005VGFL20,4.0,1
B005VFEVUO,5.0,1
B005VF7NIQ,5.0,1
B005VOYVL4,5.0,1
B005VP1EO0,5.0,1
B005VV5YM2,5.0,1
B005VV5VMK,5.0,1
B005VUJ0T6,4.0,1
B005VUHV92,5.0,1
B005VU9GWM,4.0,1
B005VU8RXQ,5.0,1
B005VU5Y2I,5.0,1
B005VTHUVC,5.0,1
B005VTHSEQ,5.0,1
B005VTHR2Y,5.0,1
B005VTHQF2,5.0,1
B005VTCNLO,4.0,1
B005VT1JVO,5.0,1
B005VSUOZ2,5.0,1
B005VSRQT4,5.0,1
B005VSHQVC,5.0,1
B005VSFRR2,5.0,1
B005VSCK90,5.0,1
B005VS0WP4,4.0,1
B005VRA6AQ,5.0,1
B005VRA66K,5.0,1
B005VR4WHE,5.0,1
B005VQG8Q8,5.0,1
B005VQFB02,4.0,1
B005VQCFK6,5.0,1
B005VQ89RO,5.0,1
B005VP7K5C,4.0,1
B005VP3D1W,5.0,1
B005WKCLB4,5.0,1
B005WKCOPM,5.0,1
B005XCH6PW,5.0,1
B005X9RC90,4.0,1
B005X8VXSC,5.0,1
B005X8JOS8,5.0,1
B005X8JLOU,5.0,1
B005X8DUA6,5.0,1
B005X7JEDE,5.0,1
B005X7JAWY,4.0,1
B005X7J1YG,5.0,1
B005X7J0RE,5.0,1
B005X7IUPM,5.0,1
B005X7IUDY,5.0,1
B005X7IMQY,5.0,1
B005X78OZS,5.0,1
B005X6S5QW,5.0,1
B005X6OFC0,5.0,1
B005X6NA3A,5.0,1
B005X6N9K4,5.0,1
B005X6KVVE,5.0,1
B005X6KR68,4.0,1
B005X6KONE,4.0,1
B005X6KNMQ,5.0,1
B005X6KJSE,5.0,1
B005X6JYQW,5.0,1
B005X6JWKA,5.0,1
B005X6JVT2,5.0,1
B005X9L796,5.0,1
B005XAC2LM,4.0,1
B005XAUK4S,5.0,1
B005XCGRUW,5.0,1
B005XCGIWO,5.0,1
B005XCGD1U,5.0,1
B005XCFDRU,4.0,1
B005XCEL14,5.0,1
B005XCDW82,4.0,1
B005XCDUVQ,5.0,1
B005XCDS54,4.0,1
B005XCD4DK,5.0,1
B005XCCV5W,4.0,1
B005XCCU3K,4.0,1
B005XCCQSY,4.0,1
B005XCBV76,5.0,1
B005XCBTUU,5.0,1
B005XCBRJS,5.0,1
B005XCBPOA,5.0,1
B005XCBM8O,5.0,1
B005XBFRX6,5.0,1
B005XBDF3U,4.0,1
B005XB4CBY,5.0,1
B005XB3REW,4.0,1
B005X6JPSO,5.0,1
B005X5IL4Y,5.0,1
B005WKCQX2,5.0,1
B005WUAVBG,5.0,1
B005WU27MW,5.0,1
B005WT57OI,5.0,1
B005WT12ZG,5.0,1
B005WQCUR8,4.0,1
B005WP3XFC,5.0,1
B005WOIV7S,5.0,1
B005WOIP92,5.0,1
B005WNWD28,5.0,1
B005WMDX5U,5.0,1
B005WLN1HG,5.0,1
B005WLHN7K,5.0,1
B005WLC75S,4.0,1
B005WKXVVI,4.0,1
B005WKEGOE,5.0,1
B005WKEGJE,5.0,1
B005WKE1GC,5.0,1
B005WKDA9G,5.0,1
B005WKD2XK,5.0,1
B005WKD0WS,4.0,1
B005WKCY7A,4.0,1
B005WKCX9E,5.0,1
B005WKCWPO,5.0,1
B005WKCWDQ,5.0,1
B005WKCW5O,5.0,1
B005WKCVJG,5.0,1
B005WUBLVA,5.0,1
B005X5GMOA,5.0,1
B005WV758M,5.0,1
B005X281EW,4.0,1
B005X26KVI,5.0,1
B005X0OYR2,5.0,1
B005X0ODSW,5.0,1
B005X0O0UI,5.0,1
B005X0KK2U,5.0,1
B005X0JILY,5.0,1
B005X0GAQ0,4.0,1
B005X0DJVO,5.0,1
B005WZO8DS,5.0,1
B005WZ8UDM,5.0,1
B005WY7X4K,5.0,1
B005WXX476,5.0,1
B005WXPO9C,5.0,1
B005WXHAO4,5.0,1
B005WXBQC6,5.0,1
B005WWX6LG,5.0,1
B005WWU2HW,4.0,1
B005WWPJ0M,5.0,1
B005WWJIY0,5.0,1
B005WW0CZO,5.0,1
B005WVZEYE,5.0,1
B007BHWTTA,4.0,1
B007BISVMI,4.0,1
B005HB4CJ2,5.0,1
B0087KW2RE,5.0,1
B0087MMRE0,4.0,1
B0087MM36C,5.0,1
B0087MGFB6,4.0,1
B0087MDQFE,4.0,1
B0087M9H2A,5.0,1
B0087LXOBG,5.0,1
B0087LSZWE,4.0,1
B0087LMXHW,4.0,1
B0087LKR02,5.0,1
B0087KJJES,5.0,1
B008769PN2,4.0,1
B0087JMD6A,5.0,1
B0087JLRX0,5.0,1
B0087IRR9E,5.0,1
B0087IMMCQ,4.0,1
B0087ICXO8,5.0,1
B0087HICIU,5.0,1
B0087HEB6C,5.0,1
B0087H18WC,5.0,1
B0087GQLU2,5.0,1
B0087GQDUK,4.0,1
B0087MP2BU,5.0,1
B0087MZTC2,5.0,1
B0087N2K3C,5.0,1
B0087QUYOG,5.0,1
B0087QFULI,5.0,1
B0087Q98EI,5.0,1
B0087Q1E5O,5.0,1
B0087Q0CUW,4.0,1
B0087PZRPS,4.0,1
B0087PZQ7C,5.0,1
B0087PZHSA,5.0,1
B0087PW6A2,4.0,1
B0087PVM8Y,4.0,1
B0087PQYQE,4.0,1
B0087PLLBW,4.0,1
B0087P8TSA,5.0,1
B0087P4NM6,4.0,1
B0087P0SN4,5.0,1
B0087OYZ6Q,5.0,1
B0087OY1G0,5.0,1
B0087OXCBA,5.0,1
B0087OTV7Y,5.0,1
B0087OT63S,5.0,1
B0087OSXKK,4.0,1
B0087OSNA0,5.0,1
B0087OO1I8,5.0,1
B0087OBHHG,5.0,1
B0087O9QXS,4.0,1
B0087NF3Y0,5.0,1
B0087N5OSU,5.0,1
B0087GQDHI,5.0,1
B0087GQ89Q,4.0,1
B0087CDGOA,4.0,1
B0087C6C0A,4.0,1
B0087BZDQK,5.0,1
B0087BEJ2E,5.0,1
B0087B9U50,5.0,1
B0087B9IE8,5.0,1
B0087B8AN8,5.0,1
B0087ATDAS,5.0,1
B00879RX0G,5.0,1
B00879RSQA,5.0,1
B00879RRSE,5.0,1
B00879RR3E,5.0,1
B00879RLQM,5.0,1
B00879RL9E,4.0,1
B00879LCZ8,5.0,1
B00878NX42,4.0,1
B008783A6S,5.0,1
B00877WGFK,4.0,1
B00877BVCO,4.0,1
B008774OWI,5.0,1
B00876UXB0,5.0,1
B0087CA7KG,5.0,1
B0087D4TLI,5.0,1
B0087GQ7CO,5.0,1
B0087D69G6,5.0,1
B0087GO2U8,5.0,1
B0087GJXM0,5.0,1
B0087GI2O0,5.0,1
B0087GGUGW,5.0,1
B0087GGNKU,5.0,1
B0087GDVYQ,4.0,1
B0087GCU3E,4.0,1
B0087GCR7S,5.0,1
B0087G30F6,5.0,1
B0087G29DA,4.0,1
B0087FLE3W,5.0,1
B0087FG4NW,5.0,1
B0087FCM6A,5.0,1
B0087FAVY0,4.0,1
B0087F9A8I,5.0,1
B0087F8NKY,5.0,1
B0087F2T4A,5.0,1
B0087EC03Q,5.0,1
B0087E9A6G,5.0,1
B0087E7QMQ,5.0,1
B0087E5J52,5.0,1
B0087DVOXY,5.0,1
B0087DTZXA,5.0,1
B0087QXX3U,5.0,1
B0087R0B7K,5.0,1
B0088BW1XW,5.0,1
B0088BJ63K,5.0,1
B0088BJ5E0,5.0,1
B0088B5X0K,5.0,1
B0088ANV7S,5.0,1
B0088AERQ2,5.0,1
B00889Y5FQ,4.0,1
B00889J97U,4.0,1
B00889BQ9Y,5.0,1
B00888LYT2,5.0,1
B008875MDM,4.0,1
B00886XP96,5.0,1
B00886XEWO,5.0,1
B00886FKMG,4.0,1
B00886AQL6,4.0,1
B008868X8Y,5.0,1
B008868L36,5.0,1
B008860VJS,5.0,1
B00885WZRK,5.0,1
B00885UZOK,5.0,1
B00885SD5S,5.0,1
B00885N5A6,5.0,1
B00885N506,5.0,1
B00884HM4M,5.0,1
B0088BJ9UA,5.0,1
B0088BWGH8,4.0,1
B0088476DY,5.0,1
B0088FQF08,5.0,1
B0088FMEEE,5.0,1
B0088FJ8PW,5.0,1
B0088FJ0PA,5.0,1
B0088F96P4,4.0,1
B0088F6CUG,5.0,1
B0088F4G7C,5.0,1
B0088ER5G2,5.0,1
B0088EQSME,5.0,1
B0088ELGDK,5.0,1
B0088EL5FO,5.0,1
B0088EDR3M,5.0,1
B0088E3CJ6,5.0,1
B0088E3CHS,5.0,1
B0088E36SS,5.0,1
B0088E2JY0,5.0,1
B0088E28P0,4.0,1
B0088DZBG4,5.0,1
B0088DYD3G,5.0,1
B0088DTIPY,5.0,1
B0088DJB7Y,4.0,1
B0088CWAZK,5.0,1
B0088CS0QS,5.0,1
B0088CDSCY,5.0,1
B00884G2LG,5.0,1
B00883X31O,5.0,1
B0087R0DN2,5.0,1
B0087XSOC8,4.0,1
B0087WVCRI,5.0,1
B0087W6E80,5.0,1
B0087W4SV0,5.0,1
B0087V97T4,5.0,1
B0087V77UK,5.0,1
B0087UM3HI,4.0,1
B0087U6XUG,5.0,1
B0087TVBFY,5.0,1
B0087TMX7E,5.0,1
B0087T6YL0,4.0,1
B0087T1UK0,5.0,1
B0087T0XOO,5.0,1
B0087SZC1E,5.0,1
B0087SS9WI,5.0,1
B0087SRMAI,5.0,1
B0087SNP6S,4.0,1
B0087RF8DM,5.0,1
B0087RBQXS,5.0,1
B0087R2G82,5.0,1
B0087R13VI,4.0,1
B00883SP7G,5.0,1
B0087XYP8U,4.0,1
B00882LS0I,4.0,1
B00882AFCU,5.0,1
B008824TW2,5.0,1
B00881ZRWY,5.0,1
B00881V2GE,5.0,1
B008812YCU,5.0,1
B00880YGPY,5.0,1
B00880WDB8,4.0,1
B00880WBL0,5.0,1
B00880N5PQ,5.0,1
B00880AAKE,5.0,1
B0087ZI99O,4.0,1
B0087ZHEWC,5.0,1
B0087ZGS8S,5.0,1
B0087ZB88I,5.0,1
B0087YQD7A,4.0,1
B0087YM306,4.0,1
B0088GLH1Y,4.0,1
B0085YYWHU,5.0,1
B0086109NI,4.0,1
B00860YL0Q,5.0,1
B00860WNLU,5.0,1
B00860R2Q6,5.0,1
B00860K0PQ,5.0,1
B00860D9NQ,4.0,1
B00860CAJU,5.0,1
B0085ZZPJS,5.0,1
B0085ZQSWQ,5.0,1
B0085ZGT8O,5.0,1
B0085Z3PN6,5.0,1
B0085YZYHC,5.0,1
B0085YKRHO,5.0,1
B0087631Y6,5.0,1
B0085YKPHG,5.0,1
B0085YKOAY,5.0,1
B0085YKO5O,4.0,1
B0085YKLLQ,5.0,1
B0085YKKYY,5.0,1
B0085YKKVW,5.0,1
B0085YKKH6,4.0,1
B0085YKH6A,5.0,1
B0085YKGRK,5.0,1
B008615NPC,4.0,1
B008615P3W,5.0,1
B00861NFOI,5.0,1
B008629258,5.0,1
B008688P4G,5.0,1
B008688EV0,5.0,1
B0086885PA,5.0,1
B008687WFE,5.0,1
B00866VDRY,4.0,1
B00866Q3WO,5.0,1
B00866OI4O,5.0,1
B00866JODY,4.0,1
B00866H06M,4.0,1
B0086668CY,5.0,1
B008660NWU,5.0,1
B00865Z128,5.0,1
B00865S7X8,5.0,1
B00865NM5G,5.0,1
B00865GQKE,5.0,1
B008657TF0,4.0,1
B0086478P2,4.0,1
B00863F9E0,5.0,1
B008636LEC,4.0,1
B008633IGQ,4.0,1
B00862N9LQ,5.0,1
B00862LJK4,5.0,1
B008629QUE,5.0,1
B0085YKEVI,5.0,1
B0085YKEOK,5.0,1
B0085XI8QW,5.0,1
B0085XAS6U,5.0,1
B0085X9Q2M,5.0,1
B0085X4ZLY,5.0,1
B0085X2D04,5.0,1
B0085X125Q,5.0,1
B0085WYY3Y,5.0,1
B0085WWBXO,5.0,1
B0085WOOHA,4.0,1
B0085WMHR4,5.0,1
B0085WM54O,5.0,1
B0085WLILU,4.0,1
B0085WL5YK,5.0,1
B0085WIEB2,5.0,1
B0085WH24M,5.0,1
B0085WFO7O,5.0,1
B0085W82PA,5.0,1
B0085W7MR4,4.0,1
B0085W4E6Q,4.0,1
B0085UPUSY,5.0,1
B0085UPUKM,5.0,1
B0085TW9HK,5.0,1
B0085TPF7G,5.0,1
B0085TLFMA,5.0,1
B0085XCK98,5.0,1
B0085YKDWI,5.0,1
B0085XMWAK,5.0,1
B0085YKCZQ,5.0,1
B0085YKAEE,5.0,1
B0085YKAB2,5.0,1
B0085YK6E8,4.0,1
B0085YK68O,5.0,1
B0085YK63O,4.0,1
B0085YK5WQ,5.0,1
B0085YK56M,5.0,1
B0085YK43G,5.0,1
B0085YK3AK,5.0,1
B0085YIW7G,5.0,1
B0085YICAI,5.0,1
B0085YHAOM,5.0,1
B0085YDUB4,5.0,1
B0085YCX4E,5.0,1
B0085YA8IM,5.0,1
B0085YA5QM,5.0,1
B0085YA5I0,5.0,1
B0085YA2R4,4.0,1
B0085Y9IJM,5.0,1
B0085Y89QU,5.0,1
B0085Y85VE,5.0,1
B0085Y5DJ6,5.0,1
B0085Y3IPM,5.0,1
B0085Y0V02,5.0,1
B0085XYX1G,5.0,1
B008689RPC,5.0,1
B008689VEY,5.0,1
B00868CIUS,4.0,1
B00872H9K2,5.0,1
B00872ED6U,5.0,1
B0087267ZU,5.0,1
B00871UT1Y,5.0,1
B00871UIRO,5.0,1
B00871KO8C,5.0,1
B00871DNB2,5.0,1
B00870WH8S,5.0,1
B00870TRRM,5.0,1
B00870RY7M,5.0,1
B00870RFVM,5.0,1
B00870QOZU,5.0,1
B00870PXPC,5.0,1
B00870G6EY,5.0,1
B00870G29S,4.0,1
B008707BBG,5.0,1
B0086ZZQOG,5.0,1
B0086ZQ0S2,5.0,1
B0086ZN9KY,5.0,1
B0086XZJQ8,5.0,1
B0086XXDMK,5.0,1
B0086XKLZM,4.0,1
B0086XJIFQ,5.0,1
B00872WEA2,4.0,1
B008731NGM,5.0,1
B008731NSA,4.0,1
B00875CZQM,4.0,1
B00875CTMM,5.0,1
B00875CR8I,5.0,1
B00875CNZK,5.0,1
B00875CBR0,5.0,1
B00875C4MM,4.0,1
B008758DO0,5.0,1
B00874PUV0,5.0,1
B00874A86M,5.0,1
B008748OGI,5.0,1
B0087432OW,5.0,1
B0087415XW,4.0,1
B00873Q3US,4.0,1
B00873DV6W,5.0,1
B0087344HM,4.0,1
B00873449A,4.0,1
B008733Y2S,5.0,1
B008733XLA,5.0,1
B008733WNO,5.0,1
B008733W9I,5.0,1
B008733W20,5.0,1
B008733VDA,4.0,1
B00873378E,5.0,1
B0086XIYG0,5.0,1
B0086WD0OM,4.0,1
B00868QH6E,5.0,1
B0086IAR4W,5.0,1
B0086HWI2W,5.0,1
B0086HSZ4C,4.0,1
B0086HPEIC,5.0,1
B0086HOUUA,5.0,1
B0086HBTP4,5.0,1
B0086H5F2C,5.0,1
B0086GG6HQ,5.0,1
B0086GDJXA,4.0,1
B0086FUEE8,4.0,1
B0086EEOHW,5.0,1
B0086EC78K,5.0,1
B0086EBSHG,5.0,1
B0086E6T2K,5.0,1
B0086E5XDG,5.0,1
B0086E2VBI,5.0,1
B0086DO8LU,5.0,1
B0086DMU4C,4.0,1
B0086CNZME,5.0,1
B0086B01YU,5.0,1
B00869JRTC,5.0,1
B00869HICU,5.0,1
B00869GWHW,5.0,1
B00869FUSO,4.0,1
B0086I62S2,5.0,1
B0086IB7IC,4.0,1
B0086W4LOU,4.0,1
B0086KAJSE,5.0,1
B0086VZ8R0,4.0,1
B0086VW38C,5.0,1
B0086VI9L2,5.0,1
B0086V1RGQ,5.0,1
B0086UB8SO,5.0,1
B0086U888C,5.0,1
B0086T6CBI,5.0,1
B0086SLHXM,5.0,1
B0086RH2FU,5.0,1
B0086QTUFQ,5.0,1
B0086O1P4W,5.0,1
B0086NBCDC,5.0,1
B0086NBARK,5.0,1
B0086N5UW6,5.0,1
B0086M9L7M,5.0,1
B0086LC3VO,4.0,1
B0086KZB5A,5.0,1
B0086KJ8YK,5.0,1
B0086KE6J2,5.0,1
B0086KAZ24,4.0,1
B0088GGR8W,5.0,1
B0088GNRJO,5.0,1
B008ACG1O4,4.0,1
B008AEAW8S,5.0,1
B008ADRF3O,4.0,1
B008ADO42E,5.0,1
B008ADEWYY,5.0,1
B008AD0R1Q,4.0,1
B008ACMDVE,5.0,1
B008ACLK72,4.0,1
B008ACLDRY,5.0,1
B0089V73KC,5.0,1
B008ABEOEE,5.0,1
B008AB90IE,5.0,1
B008AAN8E2,5.0,1
B008A9WWD6,5.0,1
B008A9WM86,5.0,1
B008A9R9OS,4.0,1
B008A8XGD2,4.0,1
B008A8V1TS,4.0,1
B008A8UZ4A,5.0,1
B008A8F39C,5.0,1
B008AF6JGG,5.0,1
B008AFC7SA,4.0,1
B008AFC9M4,5.0,1
B008AKVMSQ,5.0,1
B008AKVKL0,5.0,1
B008AKVK4W,5.0,1
B008AKVHPE,4.0,1
B008AK8E1Y,4.0,1
B008AK2D7U,5.0,1
B008AJYN5G,5.0,1
B008AJYHJI,5.0,1
B008AIV6GG,5.0,1
B008AIRZK2,5.0,1
B008AIBY1I,5.0,1
B008AI42Q2,5.0,1
B008AI428U,5.0,1
B008AI41WC,5.0,1
B008AGWUMM,5.0,1
B008AGWRTS,5.0,1
B008AGWQUI,5.0,1
B008AGN4L8,5.0,1
B008AGD7EW,5.0,1
B008AFCTGK,5.0,1
B008A89PS2,5.0,1
B008A84ZFK,5.0,1
B008A84604,5.0,1
B008A0H8EI,5.0,1
B0089ZHTZM,5.0,1
B0089Z7DL2,4.0,1
B0089YN56K,5.0,1
B0089YKSDI,5.0,1
B0089YCJCQ,5.0,1
B0089YAQTO,4.0,1
B0089Y7IKY,5.0,1
B0089Y5ON2,5.0,1
B0089Y4ZFU,5.0,1
B0089Y1N4G,5.0,1
B0089XNHKA,5.0,1
B0089XHVM0,4.0,1
B0089X3OYY,4.0,1
B0089X2NZU,4.0,1
B0089WS0F8,5.0,1
B0089VKOIU,4.0,1
B0089VFGIS,5.0,1
B0089VB9Z2,5.0,1
B008A07JG0,5.0,1
B008A11Q7W,4.0,1
B008A80932,5.0,1
B008A7ZBDQ,5.0,1
B008A781R4,4.0,1
B008A6SAFI,5.0,1
B008A6S73S,5.0,1
B008A6CZBS,5.0,1
B008A6AY9I,5.0,1
B008A6AW5E,4.0,1
B008A6AURE,4.0,1
B008A6AS6W,5.0,1
B008A6AORK,5.0,1
B008A6ANXU,5.0,1
B008A6ANQW,5.0,1
B008A6ANKI,5.0,1
B008A68ZBM,5.0,1
B008A61YG0,4.0,1
B008A5ZIS6,5.0,1
B008A4BSC2,5.0,1
B008A3NNQ2,5.0,1
B008A3MSAY,4.0,1
B008A2HGGQ,5.0,1
B008A25I70,5.0,1
B008AKVN62,4.0,1
B008B9ELGQ,5.0,1
B008B92XRA,4.0,1
B008B92BWC,5.0,1
B008B8WZZG,5.0,1
B008B8L4L2,5.0,1
B008B8EGJ4,5.0,1
B008B8DX7U,5.0,1
B008B8BH3C,5.0,1
B008B870QA,5.0,1
B008B83Y0G,5.0,1
B008B7ZCI4,5.0,1
B008B7PUOU,5.0,1
B008B79O6U,4.0,1
B008B71KP8,4.0,1
B008B6F6Q8,5.0,1
B008B6DSHW,5.0,1
B008B68MU0,5.0,1
B008B5ADD0,5.0,1
B008B54Z8Y,5.0,1
B008B4WGA4,4.0,1
B008B4S482,5.0,1
B008B4OSSM,5.0,1
B008B4OQIE,5.0,1
B008BAAJGG,5.0,1
B008B4MXBG,5.0,1
B008BGKE9W,5.0,1
B008BGH8X2,5.0,1
B008BFNK4E,4.0,1
B008BFNG9I,5.0,1
B008BEFG5G,4.0,1
B008BEE6WU,5.0,1
B008BDOR84,4.0,1
B008BDBXGS,5.0,1
B008BDB458,5.0,1
B008BDAO04,5.0,1
B008BCSA6U,4.0,1
B008BCNLNW,5.0,1
B008BCHTXU,4.0,1
B008BCENL6,4.0,1
B008BCCYR6,5.0,1
B008BCBK6C,5.0,1
B008BBU27G,5.0,1
B008BBQYLO,5.0,1
B008BBPDAC,5.0,1
B008BBK0OQ,5.0,1
B008BBHXNW,5.0,1
B008BBDWPU,5.0,1
B008BB9BFU,4.0,1
B008B4NZHC,4.0,1
B008AW1B3K,5.0,1
B008AVWIME,5.0,1
B008ATIP5K,5.0,1
B008AT0NVE,5.0,1
B008AT03NM,5.0,1
B008ASYM58,5.0,1
B008ASY8K2,5.0,1
B008AS8E70,4.0,1
B008AS89N4,5.0,1
B008AS25RK,5.0,1
B008APECAQ,5.0,1
B008APAXEK,5.0,1
B008AP0AB6,5.0,1
B008AO7HS6,4.0,1
B008ANS9OS,5.0,1
B008ANN6H8,5.0,1
B008AM4NQM,5.0,1
B008ALY1TM,5.0,1
B008ALXEF4,4.0,1
B008ALW6BM,5.0,1
B008ALU790,4.0,1
B008ALSXVY,5.0,1
B008ALRYF0,4.0,1
B008AW7O4U,5.0,1
B008B2ULWQ,4.0,1
B008AWCMMY,5.0,1
B008B2NACY,5.0,1
B008B2LKEY,5.0,1
B008B21PQC,5.0,1
B008B1AECY,5.0,1
B008B18KPC,5.0,1
B008B0ZTZ2,4.0,1
B008B0TUHU,5.0,1
B008B0993A,5.0,1
B008AZOSCI,5.0,1
B008AZEM0Q,5.0,1
B008AZDTZK,5.0,1
B008AZCYII,4.0,1
B008AZBLIC,5.0,1
B008AYYEP0,4.0,1
B008AYRA1K,5.0,1
B008AXPUWC,4.0,1
B008AXKIS8,5.0,1
B008AXJT1U,5.0,1
B008AWF8LG,5.0,1
B0089UTE3W,5.0,1
B0088YQT4G,5.0,1
B0088Y0POQ,4.0,1
B0088XOZYS,5.0,1
B0088XECUU,5.0,1
B0088WBW3Q,5.0,1
B0088WBLK0,4.0,1
B0089UT6ZS,5.0,1
B0088WA2H8,5.0,1
B0088W9AK8,5.0,1
B0088W8E8W,5.0,1
B0088W8BYY,5.0,1
B0088W807M,4.0,1
B0088VS4QK,5.0,1
B0088VP94K,4.0,1
B0088VP86E,5.0,1
B0088VP6PW,5.0,1
B0088VP4LS,4.0,1
B0088VP4JU,4.0,1
B00890NYJW,5.0,1
B0089154BW,5.0,1
B0089154O4,5.0,1
B00891GF3I,5.0,1
B00898E592,5.0,1
B00898E1DW,4.0,1
B0089891C8,4.0,1
B00897UH1S,5.0,1
B00897AGNC,5.0,1
B00897A34Y,4.0,1
B00896TD3M,5.0,1
B008969P1C,5.0,1
B008960GH4,4.0,1
B00895PEPO,5.0,1
B00895HGD2,5.0,1
B00895H7HC,5.0,1
B00895GPSO,4.0,1
B00895FA5S,5.0,1
B008938FA2,5.0,1
B00892ZTT8,5.0,1
B00892ZSJY,4.0,1
B00892IXBO,4.0,1
B00892ERYQ,5.0,1
B00891R212,5.0,1
B00891Q4BG,4.0,1
B0088VP4EK,5.0,1
B0088VP328,4.0,1
B0088V3RRQ,5.0,1
B0088NX26A,5.0,1
B0088NGSGQ,5.0,1
B0088NGPDC,5.0,1
B0088LJGIA,5.0,1
B0088L1BD8,5.0,1
B0088KZ4DC,5.0,1
B0088KUVD0,4.0,1
B0088KUOYG,5.0,1
B0088KDLHI,4.0,1
B0088JO0ME,5.0,1
B0088IT6BA,4.0,1
B0088IN8LE,4.0,1
B0088IG1FE,5.0,1
B0088I4SXQ,5.0,1
B0088I3TMW,5.0,1
B0088I3NGO,5.0,1
B0088HWD20,5.0,1
B0088HVGKK,5.0,1
B0088HT634,5.0,1
B0088HNN74,5.0,1
B0088HDU6S,5.0,1
B0088H8UUE,5.0,1
B0088H8USG,5.0,1
B0088H2L6S,5.0,1
B0088NX22Y,5.0,1
B0088OTDJO,5.0,1
B0088OTEE8,5.0,1
B0088V38O8,5.0,1
B0088V1Z02,5.0,1
B0088V1WW8,5.0,1
B0088V0KJ4,5.0,1
B0088TOWUO,5.0,1
B0088TLL80,5.0,1
B0088S9TCG,5.0,1
B0088RAZQG,5.0,1
B0088R4WD8,5.0,1
B0088QUR06,5.0,1
B0088QJ2TI,5.0,1
B0088QHZPQ,5.0,1
B0088Q5SYQ,5.0,1
B0088Q376W,5.0,1
B0088PWPZM,5.0,1
B0088PRZWK,5.0,1
B0088PQ170,5.0,1
B0088PMSPE,5.0,1
B0088PK6B2,5.0,1
B0088PG1VQ,5.0,1
B0088P5GL2,5.0,1
B0088P3ZXI,5.0,1
B0088P3CX6,5.0,1
B0088P0QIU,5.0,1
B0088OTFII,5.0,1
B00898E78Q,5.0,1
B00898E7LS,5.0,1
B0089ON1T6,5.0,1
B0089O8ZLU,5.0,1
B0089O4A3M,5.0,1
B0089NYW86,5.0,1
B0089NXBKG,4.0,1
B0089NVH5W,5.0,1
B0089NQ2IY,5.0,1
B0089NPRUI,5.0,1
B0089NP488,5.0,1
B0089NKSZ2,5.0,1
B0089N3DTU,4.0,1
B0089N1TSW,5.0,1
B0089MYWVY,5.0,1
B0089MVAYQ,5.0,1
B0089MPBJQ,5.0,1
B0089MMN2O,5.0,1
B0089MBOHE,5.0,1
B0089LBHJK,5.0,1
B0089L0LZQ,5.0,1
B0089L0LEW,4.0,1
B0089K82TE,5.0,1
B0089K52ZG,5.0,1
B0089K52EM,5.0,1
B0089OGIQO,5.0,1
B0089OSMM2,4.0,1
B0089K4Y4G,5.0,1
B0089OVXIC,5.0,1
B0089UGWDW,5.0,1
B0089UF76A,5.0,1
B0089U0UZI,5.0,1
B0089TISGM,5.0,1
B0089TCAKM,5.0,1
B0089SYJFM,5.0,1
B0089SQ3KQ,4.0,1
B0089SCF12,5.0,1
B0089RXXAK,5.0,1
B0089RXDDM,4.0,1
B0089R9W00,5.0,1
B0089QZNR2,5.0,1
B0089QXQMG,5.0,1
B0089QNM3E,5.0,1
B0089QLORU,5.0,1
B0089QL7B8,5.0,1
B0089Q8J8C,5.0,1
B0089Q2I52,5.0,1
B0089PTMIO,5.0,1
B0089PR916,5.0,1
B0089PQGYW,5.0,1
B0089PO75W,5.0,1
B0089PLHZA,5.0,1
B0089PDRYY,4.0,1
B0089K4YAU,5.0,1
B0089JYSIY,5.0,1
B00898E8YE,5.0,1
B0089DJ5II,5.0,1
B0089CA7OU,5.0,1
B0089C9OZ8,5.0,1
B0089BAZO8,5.0,1
B0089B4GNO,5.0,1
B0089B4GN4,5.0,1
B0089B4FW6,5.0,1
B0089B20I2,5.0,1
B0089A9ZU4,5.0,1
B0089A9BN0,5.0,1
B0089A52F6,5.0,1
B00899VWKQ,5.0,1
B00899BZF8,5.0,1
B00899ALNA,5.0,1
B00898Q4X2,4.0,1
B00898GX8I,5.0,1
B00898EIAS,5.0,1
B00898ECCC,4.0,1
B00898EBXM,5.0,1
B00898EAJC,5.0,1
B00898E9WU,4.0,1
B00898E9CA,5.0,1
B0089CTOCG,5.0,1
B0089DL3H4,5.0,1
B0089JVHZQ,5.0,1
B0089IMS00,5.0,1
B0089I1E3C,4.0,1
B0089HQ654,5.0,1
B0089GYFZI,5.0,1
B0089GSTT6,5.0,1
B0089GLP6K,5.0,1
B0089GJ1FW,5.0,1
B0089GIZ1I,5.0,1
B0089GFXQI,5.0,1
B0089GF42G,5.0,1
B0089G00Q6,4.0,1
B0089FZLIY,5.0,1
B0089FEI2O,4.0,1
B0089F8TL0,5.0,1
B0089EY97O,5.0,1
B0089EGVKM,5.0,1
B0089EERYY,5.0,1
B0089EDRBI,5.0,1
B0089E4MSA,5.0,1
B0089DYPUG,5.0,1
B0089DYFEW,5.0,1
B0085TB0RU,5.0,1
B0085T2BSM,5.0,1
B00820LBG2,5.0,1
B00821SC8Q,5.0,1
B00821J3TS,5.0,1
B00821CU34,5.0,1
B008219QDQ,5.0,1
B008212B74,5.0,1
B008211QT8,5.0,1
B00820Y862,4.0,1
B00820TIYE,4.0,1
B00820Q86U,5.0,1
B00820PC8K,5.0,1
B00820I41W,5.0,1
B0081SSKO6,5.0,1
B00820I3S6,5.0,1
B00820I3EK,5.0,1
B008200BPO,5.0,1
B0081ZYUM0,5.0,1
B0081ZQFUK,5.0,1
B0081ZMI9C,5.0,1
B0081ZLENI,5.0,1
B0081ZL9AQ,4.0,1
B0081ZBRR6,5.0,1
B0081Z641U,5.0,1
B00821TUGE,5.0,1
B00821UJJQ,4.0,1
B00824MTK0,4.0,1
B00824M7WU,5.0,1
B00824M6S0,5.0,1
B00824JFU2,5.0,1
B00824JFAC,5.0,1
B0082477Q6,5.0,1
B00823Z2LE,4.0,1
B00823M2PI,5.0,1
B00823JOEA,4.0,1
B00823AFPW,4.0,1
B0082367EK,5.0,1
B0082332DO,5.0,1
B00822Y72U,5.0,1
B00822Y4FA,5.0,1
B00822WPVK,5.0,1
B00822SOYW,5.0,1
B00822RM2C,4.0,1
B00822L3PY,5.0,1
B008222NVW,5.0,1
B00821Z3DS,5.0,1
B00821YBK4,4.0,1
B00821XVRI,5.0,1
B0081YB09C,5.0,1
B0081Y1CVI,5.0,1
B0081UA556,5.0,1
B0081U9LP6,4.0,1
B0081U9KQ6,4.0,1
B0081U9GCY,5.0,1
B0081U9DFE,4.0,1
B0081U986S,5.0,1
B0081U955W,5.0,1
B0081U949O,5.0,1
B0081U93Q8,5.0,1
B0081U8QR0,5.0,1
B0081U8PBC,5.0,1
B0081U8EE0,5.0,1
B0081U83KK,5.0,1
B0081U7BD0,5.0,1
B0081U75HW,5.0,1
B0081U74BO,5.0,1
B0081U71PS,5.0,1
B0081U1EEW,4.0,1
B0081TSB3U,5.0,1
B0081TKP5M,4.0,1
B0081THMEY,5.0,1
B0081TED4Q,4.0,1
B0081SXUOQ,4.0,1
B0081SWKGK,5.0,1
B0081U9PVG,5.0,1
B0081UA5Q0,5.0,1
B0081XNII4,4.0,1
B0081UAABK,5.0,1
B0081WTZZA,5.0,1
B0081WMZGQ,5.0,1
B0081VZ51Y,5.0,1
B0081VVN9W,5.0,1
B0081VEIMQ,5.0,1
B0081V4EMK,5.0,1
B0081V2USU,5.0,1
B0081UYHLY,4.0,1
B0081UE8PY,4.0,1
B0081UBJK6,5.0,1
B0081UBIKM,5.0,1
B0081UBH7G,5.0,1
B0081UBAP0,4.0,1
B0081UB5OG,5.0,1
B0081UB1EK,5.0,1
B0081UASSK,5.0,1
B0081UAQTQ,5.0,1
B0081UAHV8,5.0,1
B0081UAFWO,5.0,1
B00824R9G4,5.0,1
B008259KSI,5.0,1
B0082YWIPG,5.0,1
B0082YCNHY,5.0,1
B0082YBKZK,5.0,1
B0082XOOE0,5.0,1
B0082XK44O,5.0,1
B0082X0CVY,5.0,1
B0082S8I6A,5.0,1
B0082RLIFY,5.0,1
B0082RCB78,5.0,1
B0082Q5YQE,4.0,1
B0082Q0AB8,4.0,1
B0082PDEBM,5.0,1
B0082PCS6O,4.0,1
B0082P7AF8,4.0,1
B0082P6VMG,4.0,1
B0082P5HTY,5.0,1
B0082MTI7E,5.0,1
B0082MSOPQ,5.0,1
B0082MSCOO,5.0,1
B0082MSB9U,5.0,1
B0082MS4AG,4.0,1
B0082MS2YO,5.0,1
B0082MROXY,5.0,1
B0082MB0FC,5.0,1
B0082YLBWM,5.0,1
B0082YX71K,5.0,1
B0082Z63OC,4.0,1
B008385HAO,5.0,1
B008384KY8,5.0,1
B00836MK6U,5.0,1
B00835V1NO,5.0,1
B00835665C,5.0,1
B0083529PI,5.0,1
B008350RV6,4.0,1
B00834X94E,5.0,1
B00834X160,4.0,1
B00834TL1E,4.0,1
B008337DII,4.0,1
B00832YEIQ,5.0,1
B00832U1S8,5.0,1
B00832L4ZC,5.0,1
B00832416Q,5.0,1
B008322YUG,4.0,1
B00832000M,4.0,1
B00831ZBXO,5.0,1
B00830CU7U,4.0,1
B008306C10,5.0,1
B0082ZUGUO,4.0,1
B0082ZO9X4,5.0,1
B0082ZI5H0,5.0,1
B0082ZFN6G,5.0,1
B0082LO9N8,5.0,1
B0082J9DJU,5.0,1
B0082BXA4W,5.0,1
B0082BHUG6,5.0,1
B0082B8042,5.0,1
B0082B1P0S,5.0,1
B0082ARULC,5.0,1
B008288TCI,5.0,1
B008283VAI,5.0,1
B00827ZZSK,5.0,1
B00827PDMS,4.0,1
B00827EKZO,5.0,1
B00826R8RC,5.0,1
B00826GWW4,5.0,1
B00826FN1U,5.0,1
B00826FIAG,5.0,1
B00826F7U2,5.0,1
B00826F3DI,5.0,1
B00826AWGQ,5.0,1
B00825U6P4,5.0,1
B00825RIQO,4.0,1
B00825RD7I,5.0,1
B00825LACC,5.0,1
B00825K8WU,5.0,1
B00825JMYA,5.0,1
B00825G9PU,5.0,1
B0082BP1AS,4.0,1
B0082C3HTO,5.0,1
B0082J0XYO,5.0,1
B0082C4U2W,5.0,1
B0082IWG8G,5.0,1
B0082IF3VS,5.0,1
B0082HTOT6,5.0,1
B0082HFFK8,5.0,1
B0082H422K,5.0,1
B0082H2FYC,4.0,1
B0082GY0EQ,5.0,1
B0082GXEJ8,5.0,1
B0082GWSQI,5.0,1
B0082GNE02,5.0,1
B0082GN6X2,5.0,1
B0082GLO5E,5.0,1
B0082EPIZS,4.0,1
B0082D9TDG,4.0,1
B0082D9SQY,4.0,1
B0082D6CV8,4.0,1
B0082D6ABK,5.0,1
B0082D66SW,4.0,1
B0082CKCJ2,5.0,1
B0082CB516,5.0,1
B0082C9THS,5.0,1
B0082C5KIK,4.0,1
B0081ST7MK,5.0,1
B0081SPLQQ,5.0,1
B008178GG4,5.0,1
B008175K18,5.0,1
B008175BB2,5.0,1
B008172ZD4,5.0,1
B00815Y2RS,5.0,1
B00815S6P2,5.0,1
B00815KFL0,5.0,1
B00815FL2I,5.0,1
B00815EYVW,5.0,1
B0081589G8,5.0,1
B0081583ZU,5.0,1
B008157PMW,5.0,1
B00814N0HM,5.0,1
B00813UBMK,5.0,1
B00813SG8G,5.0,1
B00813QW00,4.0,1
B00812URI4,5.0,1
B00812MZM0,5.0,1
B008127PZC,5.0,1
B00812479Y,5.0,1
B00810WOWI,5.0,1
B00810VRSK,5.0,1
B0080ZFMXC,4.0,1
B0080ZENO6,5.0,1
B0080Z9LHU,5.0,1
B0080Z5W1E,5.0,1
B00817ADY2,5.0,1
B00817B9FE,4.0,1
B00817BYK4,5.0,1
B00817D3OE,5.0,1
B00819RYL0,4.0,1
B00819RXWU,5.0,1
B00819RX7U,5.0,1
B00819RJIS,5.0,1
B00819RFH8,4.0,1
B00819RDFC,5.0,1
B00819R8AW,5.0,1
B00819R6IQ,5.0,1
B00819QBU0,4.0,1
B00819OWEM,5.0,1
B00819HFTQ,4.0,1
B00819GXQ2,5.0,1
B00819GESY,5.0,1
B00819GBT6,5.0,1
B00819FYOY,5.0,1
B008199H7Y,5.0,1
B008196E20,4.0,1
B00818Y14O,5.0,1
B00818ACLA,5.0,1
B00818ABYI,5.0,1
B00817NTMK,5.0,1
B00817HFHA,4.0,1
B00817GCDS,5.0,1
B0080Z4IBY,5.0,1
B0080Z1LNW,5.0,1
B0080YM7MC,5.0,1
B0080O5T0E,5.0,1
B0080NXHAE,5.0,1
B0080NTU2S,5.0,1
B0080NQYP4,5.0,1
B0080NQSIM,4.0,1
B0080NQDBY,5.0,1
B0080NQ8SC,5.0,1
B0080NPXTC,5.0,1
B0080NPF4A,4.0,1
B0080NKS56,5.0,1
B0080NI8HQ,5.0,1
B0080NA360,5.0,1
B0080MZ1AY,4.0,1
B0080MH8UK,5.0,1
B0080MGY78,5.0,1
B0080MG2VG,4.0,1
B0080MFK5A,5.0,1
B0080MAO88,5.0,1
B0080MA276,5.0,1
B0080M49EI,5.0,1
B0080M0FG4,5.0,1
B0080LZBXW,5.0,1
B0080LYO6W,4.0,1
B0080LWLSK,5.0,1
B0080LQQMM,5.0,1
B0080O29CU,5.0,1
B0080OAPT4,5.0,1
B0080OGO58,5.0,1
B0080XV36E,5.0,1
B0080XPAZY,5.0,1
B0080WX4ZI,5.0,1
B0080W3YPI,5.0,1
B0080VI4U4,5.0,1
B0080VEMVY,5.0,1
B0080UU3FY,5.0,1
B0080T0CUG,5.0,1
B0080SO86G,5.0,1
B0080SH7KA,5.0,1
B0080SF4JQ,4.0,1
B0080RW5DA,5.0,1
B0080RFD3O,5.0,1
B0080RC11G,5.0,1
B0080R6FZY,5.0,1
B0080QUZ0Q,5.0,1
B0080QTRWS,5.0,1
B0080QSCQA,5.0,1
B0080Q0G8M,5.0,1
B0080Q0556,5.0,1
B0080Q04MA,5.0,1
B0080P42CY,5.0,1
B0080OY482,4.0,1
B0080OKONQ,4.0,1
B00819RZEG,5.0,1
B00819RZNC,5.0,1
B00819S090,5.0,1
B0081PSIWS,5.0,1
B0081PO3H2,5.0,1
B0081PLOAG,5.0,1
B0081PLNNE,4.0,1
B0081PLLSG,5.0,1
B0081PLLKY,5.0,1
B0081PLKEG,4.0,1
B0081PFC8Q,4.0,1
B0081OT1CK,5.0,1
B0081OS6D0,5.0,1
B0081OQYFC,5.0,1
B0081OOA80,5.0,1
B0081OMNH0,5.0,1
B0081OBJRU,5.0,1
B0081MF3H4,5.0,1
B0081MC0J8,5.0,1
B0081LSCNC,5.0,1
B0081LS8VS,5.0,1
B0081KNOSG,5.0,1
B0081KMM20,5.0,1
B0081PRE0A,4.0,1
B0081PSYQI,5.0,1
B0081KLCIK,4.0,1
B0081QAQFY,5.0,1
B0081S8Z3M,5.0,1
B0081S7SCQ,5.0,1
B0081S5LX4,5.0,1
B0081S4ZVS,5.0,1
B0081S3RK8,4.0,1
B0081S16Y2,4.0,1
B0081RZFLS,4.0,1
B0081RY4LA,5.0,1
B0081RVQ6Q,5.0,1
B0081RP2JS,5.0,1
B0081RO3IE,5.0,1
B0081RM2ZK,5.0,1
B0081RLGFM,4.0,1
B0081RJVJU,4.0,1
B0081RFYZK,4.0,1
B0081RFJAA,5.0,1
B0081R8BMI,5.0,1
B0081R2ZMK,5.0,1
B0081R2LG0,5.0,1
B0081QLGTO,5.0,1
B0081QIEWG,5.0,1
B0081QG45A,5.0,1
B0081QDAU2,4.0,1
B0081KLNAW,4.0,1
B0081K930E,4.0,1
B0081GEFUG,5.0,1
B0081G7P80,5.0,1
B0081FLL36,5.0,1
B0081FLK3M,5.0,1
B0081FLJZ6,4.0,1
B0081FLIHK,5.0,1
B0081FG72G,5.0,1
B0081F9R8M,5.0,1
B0081F2KRW,4.0,1
B0081ENLBM,4.0,1
B0081E6R6I,5.0,1
B0081CUELE,4.0,1
B0081CN7XG,5.0,1
B0081CDA88,4.0,1
B0081BD9WQ,4.0,1
B0081BD97G,5.0,1
B0081B7OPE,5.0,1
B0081B099W,5.0,1
B0081AYA6G,5.0,1
B0081ASE18,5.0,1
B0081AIIPU,5.0,1
B00819TFB2,5.0,1
B00819TDSC,5.0,1
B00819TB4S,4.0,1
B0081GCPXA,5.0,1
B0081GH2PG,5.0,1
B0081K8BS4,5.0,1
B0081K7POU,5.0,1
B0081JOBWU,5.0,1
B0081JJDXW,4.0,1
B0081JG4LG,5.0,1
B0081IXLF4,5.0,1
B0081IQ71E,5.0,1
B0081IPQB6,5.0,1
B0081IOM66,5.0,1
B0081IOKPY,5.0,1
B0081ILBRO,5.0,1
B0081IKX9Q,5.0,1
B0081IKWZG,5.0,1
B0081IDMDA,4.0,1
B0081I7QBO,4.0,1
B0081HS4MA,5.0,1
B0081HAP68,5.0,1
B0081H0QY4,5.0,1
B0081GXDR2,5.0,1
B0081GWG4I,5.0,1
B0081GPGZO,4.0,1
B0081GP2E4,5.0,1
B0081GKJQK,5.0,1
B00838D42C,5.0,1
B00838QQF4,5.0,1
B0085311D4,5.0,1
B00853D4LG,4.0,1
B008532QX8,5.0,1
B008532PRK,5.0,1
B008532PL6,4.0,1
B008532OZ8,5.0,1
B008532O8A,4.0,1
B008532NQI,5.0,1
B008530NY2,4.0,1
B00852XDRM,5.0,1
B00852U35C,5.0,1
B00852ELVO,5.0,1
B008527V9S,4.0,1
B0085213P6,5.0,1
B00851O5FC,5.0,1
B00851L9A6,5.0,1
B00851JHJG,5.0,1
B00851JE12,5.0,1
B00853ESWK,4.0,1
B00853EW4O,4.0,1
B00853EWTY,5.0,1
B00857Q7GG,5.0,1
B00856EXVI,5.0,1
B00855VEZC,5.0,1
B00855SR0C,4.0,1
B00855A462,5.0,1
B008550DLI,5.0,1
B00854TIRO,4.0,1
B00854SSG6,4.0,1
B00854SPZA,4.0,1
B00854NCF8,5.0,1
B00854KRUQ,5.0,1
B00854KMTW,5.0,1
B00854KI8C,5.0,1
B00854KEKO,5.0,1
B00854JPZ4,5.0,1
B00854JNEM,5.0,1
B00854I56E,5.0,1
B00854E89C,5.0,1
B00853L4MW,5.0,1
B00853GWF6,5.0,1
B00853F8ME,5.0,1
B00853F5DG,4.0,1
B00853F2Q6,5.0,1
B00853F16M,4.0,1
B00851FABK,5.0,1
B008515HV8,5.0,1
B0084W8LUW,5.0,1
B0084V9SJQ,4.0,1
B0084V3GFS,5.0,1
B0084UWTCU,4.0,1
B0084US7SA,4.0,1
B0084US30W,5.0,1
B0084URYNY,5.0,1
B0084URVLE,5.0,1
B0084UQJJY,5.0,1
B0084UQE1W,5.0,1
B0084UQ412,5.0,1
B0084UCXCG,5.0,1
B0084UCLDW,5.0,1
B0084UBZES,5.0,1
B0084UBV6U,5.0,1
B0084UAVO8,5.0,1
B0084TM1Z6,5.0,1
B0084T0RNE,5.0,1
B0084T0RL6,5.0,1
B0084SL7BQ,5.0,1
B0084SEFAQ,5.0,1
B0084SCFN0,5.0,1
B0084SAKP0,5.0,1
B0084RZGIM,5.0,1
B0084QQ786,5.0,1
B0084QHQ0O,5.0,1
B0084V9XD2,5.0,1
B0084WCZ9K,5.0,1
B008513JUO,5.0,1
B0085127PC,5.0,1
B00850YTKY,5.0,1
B00850TUDU,5.0,1
B00850TOEA,4.0,1
B00850TE2W,5.0,1
B0084ZXH26,5.0,1
B0084Z1PA2,5.0,1
B0084YL4ZE,5.0,1
B0084YJPVO,5.0,1
B0084YJMUI,5.0,1
B0084YJDV6,4.0,1
B0084YJDFW,5.0,1
B0084Y1LFW,5.0,1
B0084Y0WRK,5.0,1
B0084XWX8M,4.0,1
B0084XTEG6,5.0,1
B0084XTBH8,5.0,1
B0084XT4Q6,5.0,1
B0084WU1IW,5.0,1
B0084WR0TU,5.0,1
B0084WQGLS,4.0,1
B0085MSNCM,5.0,1
B0085MNN0O,4.0,1
B0085MKL5Y,5.0,1
B0085MJJCA,4.0,1
B0085MGLJ4,5.0,1
B0085MG3VK,4.0,1
B0085MC6KM,4.0,1
B0085MB482,5.0,1
B0085MAYHE,5.0,1
B0085M0SJI,5.0,1
B0085LXNZ0,5.0,1
B0085LTUUC,5.0,1
B0085LCQA8,4.0,1
B0085L0B8W,5.0,1
B0085JT8DI,5.0,1
B0085JT8CY,4.0,1
B0085JT8AG,4.0,1
B0085JT7LG,5.0,1
B0085JJ1K8,5.0,1
B0085JGDEA,4.0,1
B0085JG51G,5.0,1
B0085IUTZK,5.0,1
B0085MWNGO,5.0,1
B0085HYI94,5.0,1
B0085MXWTQ,5.0,1
B0085RKPUU,5.0,1
B0085RAF8C,5.0,1
B0085RAD3O,5.0,1
B0085RABYA,5.0,1
B0085RABFO,5.0,1
B0085QKNHG,5.0,1
B0085QGYYW,4.0,1
B0085PPCOQ,5.0,1
B0085PMF8M,5.0,1
B0085PDMSY,5.0,1
B0085ODPM8,5.0,1
B0085OAL66,5.0,1
B0085OAE7W,4.0,1
B0085OA8C8,5.0,1
B0085NV788,5.0,1
B0085NGXP0,5.0,1
B0085N7BPG,5.0,1
B0085N16GQ,5.0,1
B0085HYIP8,5.0,1
B0085HNMQY,5.0,1
B0085CHI5A,4.0,1
B0085C9OVQ,5.0,1
B0085BRUMC,5.0,1
B0085BLLJU,5.0,1
B0085BJHEQ,4.0,1
B0085BC9DC,5.0,1
B0085BAEXO,5.0,1
B0085B97Y6,5.0,1
B0085AIE0U,5.0,1
B0085ADW4I,5.0,1
B0085ACNWK,5.0,1
B0085A62QI,5.0,1
B0085A17TK,5.0,1
B00859VK5M,4.0,1
B00859EUP4,5.0,1
B00859DSKM,5.0,1
B008594EN2,4.0,1
B00858R2TQ,4.0,1
B00858PEZA,5.0,1
B00858N58I,4.0,1
B00858E0DC,5.0,1
B00858BOOA,5.0,1
B0085HMKUI,4.0,1
B0085CMRLA,5.0,1
B0085GX8AA,5.0,1
B0085GWXGA,5.0,1
B0085GNGRK,4.0,1
B0085GA7QI,4.0,1
B0085FWTAG,5.0,1
B0085FIVZI,5.0,1
B0085FGNAI,4.0,1
B0085FE0LM,5.0,1
B0085F1ZGK,5.0,1
B0085EUNZ0,5.0,1
B0085EUFBW,5.0,1
B0085ETM0C,4.0,1
B0085EFMX8,4.0,1
B0085EDNLQ,5.0,1
B0085E6L6A,5.0,1
B0085E2JKM,5.0,1
B0085DYRBC,5.0,1
B0085D2RD2,5.0,1
B0085CSLOW,5.0,1
B0085CMVC0,4.0,1
B0084Q6FHY,5.0,1
B0084PFL0M,5.0,1
B0084P7HNG,4.0,1
B0083P8G5U,5.0,1
B0083OYSBM,5.0,1
B0083OV55O,4.0,1
B0083OUQA4,5.0,1
B0083OM8QO,5.0,1
B0083N5C4U,5.0,1
B0083N3FXK,4.0,1
B0083MX0M2,5.0,1
B0083LYZPO,5.0,1
B0083LRE02,5.0,1
B0083LR5SS,4.0,1
B0083LQ33G,5.0,1
B0083LQ2NM,5.0,1
B0083LNW76,5.0,1
B0083LDV8G,5.0,1
B0083L546I,5.0,1
B0083L2V7S,5.0,1
B0083KVZVM,5.0,1
B0083KI10U,5.0,1
B0083KHSZE,5.0,1
B0083KHS68,5.0,1
B0083KHQGK,5.0,1
B0083KETJC,5.0,1
B0083P7CXC,5.0,1
B0083PYEAQ,5.0,1
B0083K47AI,5.0,1
B0083Q48TW,5.0,1
B0083UVDQO,5.0,1
B0083UMZOI,4.0,1
B0083UBX2S,5.0,1
B0083UA00Y,4.0,1
B0083U9EW4,5.0,1
B0083U7J6W,4.0,1
B0083U5OTQ,5.0,1
B0083TSRRI,5.0,1
B0083TSRFA,5.0,1
B0083TSR46,5.0,1
B0083TSQC4,5.0,1
B0083TSO80,5.0,1
B0083TSN2C,5.0,1
B0083TSMXC,4.0,1
B0083TMO9U,4.0,1
B0083TGS0G,5.0,1
B0083SYAVQ,5.0,1
B0083SXZSU,5.0,1
B0083SWYFK,5.0,1
B0083SCAKY,4.0,1
B0083S5T7U,4.0,1
B0083S4VPG,5.0,1
B0083RMIAC,4.0,1
B0083RHFQE,5.0,1
B0083QK2Z6,4.0,1
B0083QK2T2,4.0,1
B0083KDOEI,5.0,1
B0083K2J8U,5.0,1
B0083V003A,5.0,1
B0083EWBBG,5.0,1
B0083DXLRA,5.0,1
B0083D6NDO,5.0,1
B0083D5JEI,5.0,1
B0083D3N14,5.0,1
B0083CSQIA,5.0,1
B0083CRR0S,5.0,1
B0083CRQFO,5.0,1
B0083CQKJC,5.0,1
B0083CQ1ZK,4.0,1
B0083CMSG6,5.0,1
B0083C96BG,5.0,1
B0083C8TDC,5.0,1
B0083C7YNS,5.0,1
B0083C2KBO,5.0,1
B0083BYLJO,5.0,1
B0083BXQOU,5.0,1
B0083BRJ8Y,5.0,1
B0083B52WY,5.0,1
B0083B2FMY,5.0,1
B0083ATBDQ,4.0,1
B0083ACQIS,5.0,1
B0083A897K,5.0,1
B00839YSQW,5.0,1
B00839XSUE,4.0,1
B00839VV1W,5.0,1
B00839U27Q,5.0,1
B0083FC5TI,5.0,1
B0083H8B08,5.0,1
B0083K1S28,4.0,1
B0083HAZG6,5.0,1
B0083JZLHW,5.0,1
B0083JZ9GK,5.0,1
B0083JX3S6,5.0,1
B0083JR23I,5.0,1
B0083JQ1P8,5.0,1
B0083JMNZ0,5.0,1
B0083JGQ9E,5.0,1
B0083JDUQ6,5.0,1
B0083J9NBM,5.0,1
B0083J4W3Q,5.0,1
B0083IXFK8,5.0,1
B0083ITUKM,5.0,1
B0083II6KC,5.0,1
B0083IFEFM,5.0,1
B0083IDTOK,5.0,1
B0083I3F6W,4.0,1
B0083I3C42,5.0,1
B0083I36FC,5.0,1
B0083HTNQO,5.0,1
B0083HTMOW,5.0,1
B0083HTM3S,5.0,1
B0083HTHPQ,5.0,1
B0083HTFBC,5.0,1
B0083HT70Q,5.0,1
B0083HSLCQ,5.0,1
B0083HO90E,5.0,1
B0083UXYOI,4.0,1
B0083V2IT4,4.0,1
B0084P6QC4,4.0,1
B0084HADJO,5.0,1
B0084H4BF6,4.0,1
B0084G5638,4.0,1
B0084G1P0Q,5.0,1
B0084FN2PS,5.0,1
B0084FHVIM,5.0,1
B0084FGE6W,5.0,1
B0084FGBDI,5.0,1
B0084EZ8QA,4.0,1
B0084EI5TM,4.0,1
B0084EGSW8,5.0,1
B0084DV1BW,4.0,1
B0084DLE7I,5.0,1
B0084D7H5Q,5.0,1
B0084BIMXE,5.0,1
B0084B618C,5.0,1
B00848Z70I,5.0,1
B00848ULIG,5.0,1
B00847UZ06,5.0,1
B00847SF12,4.0,1
B00847K916,5.0,1
B00847GVB8,5.0,1
B00847BUT6,4.0,1
B0084H4YDK,5.0,1
B0084HEFPM,5.0,1
B00846YEEA,5.0,1
B0084HF6G4,5.0,1
B0084OT1MC,5.0,1
B0084OJDKW,5.0,1
B0084OBX5U,4.0,1
B0084O86A0,4.0,1
B0084NZUC8,5.0,1
B0084NSLDI,5.0,1
B0084NODDU,5.0,1
B0084NN2E6,4.0,1
B0084NKFDW,5.0,1
B0084MXXBE,5.0,1
B0084JUVGW,5.0,1
B0084IU5B4,5.0,1
B0084I53V6,4.0,1
B0084HYSQ8,5.0,1
B0084HXSBY,5.0,1
B0084HUOCU,4.0,1
B0084HS7BK,5.0,1
B0084HLCYE,5.0,1
B0084HJPYI,5.0,1
B0084HFPVA,5.0,1
B0083V2YAM,5.0,1
B0083YKZZ0,5.0,1
B0083XY3D6,5.0,1
B0083XWI1U,5.0,1
B0083XKW7C,5.0,1
B0083XH9VO,5.0,1
B0083X7NDS,5.0,1
B0083X23YW,5.0,1
B0083X237O,5.0,1
B0083WTUBC,5.0,1
B0083WSIHY,5.0,1
B0083WJ878,4.0,1
B0083WIWFW,4.0,1
B0083WIFKE,5.0,1
B0083WBJGG,5.0,1
B0083WAIFE,5.0,1
B0083W44YU,5.0,1
B0083VS6C2,4.0,1
B0083VRV6E,5.0,1
B0083VRSNU,5.0,1
B0083VREOI,5.0,1
B0083V5WWY,4.0,1
B0083V5JYK,5.0,1
B0083XY86S,5.0,1
B0083YNR8M,5.0,1
B00846O3PA,5.0,1
B0083YRIFK,5.0,1
B00845ZER2,5.0,1
B00845UOLI,4.0,1
B00845MRYA,5.0,1
B00845MHMM,5.0,1
B00845GDLS,5.0,1
B00845FN2I,5.0,1
B0084572G8,4.0,1
B00844Y9SI,5.0,1
B00844VLQG,4.0,1
B00844TBP4,5.0,1
B00844HVM4,5.0,1
B008445H5W,4.0,1
B0084419CM,4.0,1
B00843WA8U,5.0,1
B00843V978,5.0,1
B00843U3QG,5.0,1
B00843EJB6,5.0,1
B00842O70K,5.0,1
B00842O6DI,5.0,1
B008411SJ4,5.0,1
B00840W3JO,5.0,1
B00840EEYG,5.0,1
B0083ZZNS8,5.0,1
B0083ZQYOA,5.0,1
B0083ZH1I8,5.0,1
B0083ZBK2Q,5.0,1
B008BGVRDY,5.0,1
B008BH0CHK,5.0,1
B0080LLQIG,5.0,1
B008JG1DTO,5.0,1
B008JF8C8A,4.0,1
B008JF3RG2,5.0,1
B008JF22FO,5.0,1
B008JF2100,4.0,1
B008JF1868,5.0,1
B008JF15JI,5.0,1
B008JEOHM6,5.0,1
B008JENV2S,4.0,1
B008JEI6C8,5.0,1
B008J10ETO,4.0,1
B008JEE6SQ,5.0,1
B008JEC2DC,5.0,1
B008JEC1RO,5.0,1
B008JEC1AG,5.0,1
B008JEC0PM,5.0,1
B008JEC03Y,5.0,1
B008JDY3DK,5.0,1
B008JDXRFA,5.0,1
B008JBV2CM,5.0,1
B008JBOCEM,4.0,1
B008JG4EXQ,5.0,1
B008JG5A5C,5.0,1
B008JGBEI4,5.0,1
B008JGH8SO,4.0,1
B008JJTETC,5.0,1
B008JJJNJI,5.0,1
B008JJ3M0Y,5.0,1
B008JIM0QM,5.0,1
B008JHZM04,5.0,1
B008JHY5PM,5.0,1
B008JHTUIO,5.0,1
B008JHSIEQ,5.0,1
B008JHOE4E,4.0,1
B008JHO6A6,5.0,1
B008JHO5PC,5.0,1
B008JHO4AS,5.0,1
B008JHO3PE,5.0,1
B008JHLOEW,5.0,1
B008JHK9CA,5.0,1
B008JHFQUU,4.0,1
B008JHBV18,5.0,1
B008JH9LJW,5.0,1
B008JH9DMM,4.0,1
B008JH63DE,5.0,1
B008JH5YGG,5.0,1
B008JH15D2,5.0,1
B008JGXA40,5.0,1
B008JGWXY8,5.0,1
B008JGWKZK,5.0,1
B008JGTYN6,5.0,1
B008JGPI3Q,5.0,1
B008JBJ6C0,4.0,1
B008JBJ4Z4,5.0,1
B008J52P1A,5.0,1
B008J4WVQ0,4.0,1
B008J4T4LK,5.0,1
B008J4QZT4,5.0,1
B008J4MBL0,5.0,1
B008J4GF1C,5.0,1
B008J49CBM,4.0,1
B008J3AYA6,5.0,1
B008J20C54,5.0,1
B008J1JY7W,5.0,1
B008J1JBW0,5.0,1
B008J1J0T4,5.0,1
B008J1I4UK,5.0,1
B008J1FAHK,5.0,1
B008J1C7EO,4.0,1
B008J10JYY,5.0,1
B008J10JTE,4.0,1
B008J10JSA,5.0,1
B008J10I68,5.0,1
B008J10I5O,5.0,1
B008J52O34,5.0,1
B008J578US,5.0,1
B008JB0WSW,5.0,1
B008JAP0TE,5.0,1
B008JANVH2,5.0,1
B008JA2PYC,5.0,1
B008J9W6HY,4.0,1
B008J8PV54,4.0,1
B008J7N7CY,5.0,1
B008J78MR4,5.0,1
B008J76N48,5.0,1
B008J7575O,5.0,1
B008J72AP4,5.0,1
B008J722HU,5.0,1
B008J71ZYG,5.0,1
B008J71G22,5.0,1
B008J6ZJSU,5.0,1
B008J6IBRQ,4.0,1
B008J5YU5Y,5.0,1
B008J5Y5KE,5.0,1
B008J5XOH4,5.0,1
B008J5XJKQ,5.0,1
B008J5N686,5.0,1
B008J59YFK,4.0,1
B008J590BS,4.0,1
B008JKY0JK,5.0,1
B008JKY130,5.0,1
B008JKY4EQ,5.0,1
B008KH697S,4.0,1
B008KH63A6,5.0,1
B008KH3VGU,5.0,1
B008KFGJDY,4.0,1
B008KFGH18,5.0,1
B008KETX5Q,5.0,1
B008KED94M,5.0,1
B008KECQ2I,4.0,1
B008KC3WKK,5.0,1
B008KBR266,4.0,1
B008KBQ8WK,5.0,1
B008KBP22W,5.0,1
B008KBOOXK,5.0,1
B008KBND3W,5.0,1
B008KBMP9K,5.0,1
B008KBM2VG,5.0,1
B008KBLXDE,5.0,1
B008KBLH3A,5.0,1
B008KBL6RM,5.0,1
B008KAHUYG,4.0,1
B008KAB2IG,5.0,1
B008K9Z9YU,5.0,1
B008KH6BBW,5.0,1
B008KHB4O6,4.0,1
B008KRCFKI,5.0,1
B008KR136K,5.0,1
B008KQQYRO,4.0,1
B008KQQVMM,5.0,1
B008KQQPW8,5.0,1
B008KQ9F02,5.0,1
B008KPP38Q,5.0,1
B008KPOQ5C,5.0,1
B008KPJFXU,4.0,1
B008KPDKWW,5.0,1
B008KOKUE4,4.0,1
B008KOI1YA,5.0,1
B008KOCL28,5.0,1
B008KOA63Y,4.0,1
B008KNRE80,5.0,1
B008KNR6AG,5.0,1
B008KNOVPO,5.0,1
B008KNLPE4,5.0,1
B008KNJVWC,5.0,1
B008KN4B54,4.0,1
B008KN0OY6,5.0,1
B008KMNH1O,4.0,1
B008KLD800,5.0,1
B008KJJRXE,5.0,1
B008KJAPI0,4.0,1
B008KJ4VIA,5.0,1
B008KIW5R0,5.0,1
B008K9O8TC,5.0,1
B008K1QMYY,5.0,1
B008JWVAQO,5.0,1
B008JVL7PE,4.0,1
B008JVL0HE,5.0,1
B008JVIJSW,5.0,1
B008JVICFW,4.0,1
B008JULYX0,5.0,1
B008JTR4YE,5.0,1
B008JSV9U0,5.0,1
B008JSGHSO,5.0,1
B008JSB20C,5.0,1
B008JS9ZJC,5.0,1
B008JRQDMU,5.0,1
B008JROU52,5.0,1
B008JRKX0S,5.0,1
B008JRJFWU,5.0,1
B008JRHALS,4.0,1
B008JRGZIC,5.0,1
B008JPUOBS,5.0,1
B008JO2930,4.0,1
B008K1NMII,5.0,1
B008K1RNUQ,5.0,1
B008K8FVOY,4.0,1
B008K8FTTG,5.0,1
B008K82JT4,4.0,1
B008K7YIM6,5.0,1
B008K7TW04,4.0,1
B008K7QKK4,5.0,1
B008K7EO1Q,4.0,1
B008K674CI,4.0,1
B008K62XW4,5.0,1
B008K625VI,5.0,1
B008K5ZO4O,4.0,1
B008K5Z34U,4.0,1
B008K5YLHK,5.0,1
B008K5X4P0,5.0,1
B008K5WWS0,5.0,1
B008K5TD4Q,4.0,1
B008K4GYPS,5.0,1
B008K4CK9W,4.0,1
B008K3W2P0,5.0,1
B008K3OS20,4.0,1
B008K2W5BW,5.0,1
B008J10FRA,5.0,1
B008J10ESU,4.0,1
B008HTXR0Q,5.0,1
B008HTV6RC,5.0,1
B008HTUBGY,5.0,1
B008HTSIGE,4.0,1
B008HTS0CQ,5.0,1
B008HTRWYS,4.0,1
B008HTMMES,4.0,1
B008HT5PTW,4.0,1
B008HSZTG2,5.0,1
B008HS8XGU,5.0,1
B008HS4IR8,5.0,1
B008J10DKE,4.0,1
B008HS4D7I,5.0,1
B008HS3WDY,5.0,1
B008HS2T24,4.0,1
B008HRVZ2U,5.0,1
B008HRTYJQ,5.0,1
B008HRPUT4,5.0,1
B008HRHA6K,5.0,1
B008HRH3DK,5.0,1
B008HRGKSY,4.0,1
B008HREEB4,5.0,1
B008HU2CJW,4.0,1
B008HU38C2,4.0,1
B008HU92AO,5.0,1
B008I0AI1K,5.0,1
B008HZWOQ8,5.0,1
B008HZVWLG,5.0,1
B008HZV086,5.0,1
B008HZTYVG,5.0,1
B008HYWUG8,5.0,1
B008HYTITK,5.0,1
B008HYT9VW,4.0,1
B008HY3VKW,5.0,1
B008HXYB7K,4.0,1
B008HXG53I,5.0,1
B008HXB48O,5.0,1
B008HW8QRW,5.0,1
B008HVD8IK,5.0,1
B008HV6EKY,5.0,1
B008HV18KK,5.0,1
B008HUT1XC,5.0,1
B008HUQ8T2,5.0,1
B008HUJDYE,5.0,1
B008HUA2Y4,5.0,1
B008HR5ZJE,5.0,1
B008HR5MQU,5.0,1
B008HCWSEE,5.0,1
B008HCVNCW,5.0,1
B008HCNWHG,5.0,1
B008HCNQYA,5.0,1
B008HCNKL4,5.0,1
B008HC2UGU,5.0,1
B008HC0C1A,5.0,1
B008HBSC04,4.0,1
B008HB8VVO,5.0,1
B008HAJ7QI,4.0,1
B008HA1FE0,4.0,1
B008H9WJ8W,5.0,1
B008H9IST6,5.0,1
B008H94TA8,5.0,1
B008H94FF2,4.0,1
B008H8GF9W,4.0,1
B008H87MH6,5.0,1
B008H75LFC,5.0,1
B008H756WK,5.0,1
B008H74B0I,4.0,1
B008H73TXS,5.0,1
B008H703YQ,4.0,1
B008H6X6EG,5.0,1
B008HD0NNQ,5.0,1
B008HQESC0,4.0,1
B008HP9BJ6,4.0,1
B008HP7YVS,5.0,1
B008HOJXH2,5.0,1
B008HOC270,5.0,1
B008HJVVX6,5.0,1
B008HJPGIW,5.0,1
B008HJC2LQ,5.0,1
B008HJ80KS,5.0,1
B008HJ41UG,4.0,1
B008HIQHWW,5.0,1
B008HHV6FG,5.0,1
B008HHE2OI,5.0,1
B008HHCTES,5.0,1
B008HH9BGC,5.0,1
B008HH66QU,4.0,1
B008HH3O06,5.0,1
B008HGZ3W4,5.0,1
B008HGV2GU,5.0,1
B008HGA6MG,5.0,1
B008HFVROS,5.0,1
B008HF4PPQ,5.0,1
B008HF1I74,5.0,1
B008I19JJQ,4.0,1
B008I2D78O,5.0,1
B008I2FY3U,5.0,1
B008IJ0AKU,4.0,1
B008IIXXU0,5.0,1
B008IIMZ9K,5.0,1
B008IIBJS8,5.0,1
B008II0Y1Q,5.0,1
B008IGTG8K,4.0,1
B008IGHYEI,5.0,1
B008IGHXCQ,5.0,1
B008IGGPDY,5.0,1
B008IG9BO4,5.0,1
B008IG97AM,4.0,1
B008IG8VEK,5.0,1
B008IG8DOI,4.0,1
B008IG8C5S,4.0,1
B008IG7J8O,4.0,1
B008IG7I7Q,4.0,1
B008IG7HEU,5.0,1
B008IG7C8G,4.0,1
B008IJ49AM,5.0,1
B008IG70M4,5.0,1
B008IJ49PM,5.0,1
B008J0HK1A,5.0,1
B008J0HBZ0,5.0,1
B008J0H7JA,4.0,1
B008J0877Q,5.0,1
B008IYS4D0,5.0,1
B008IXINQY,5.0,1
B008IVZYUY,5.0,1
B008IVFD28,5.0,1
B008IVE16W,5.0,1
B008IVCZCO,5.0,1
B008IVC1QY,5.0,1
B008IUXVVE,5.0,1
B008IS7H3E,5.0,1
B008IRN6D0,5.0,1
B008IP3SRQ,5.0,1
B008IP3S2G,5.0,1
B008IO2XGE,5.0,1
B008ILRK0G,5.0,1
B008IL9982,5.0,1
B008IK8QIM,5.0,1
B008IJ6MJS,5.0,1
B008IG72NG,5.0,1
B008IG6ZP2,5.0,1
B008I8E48K,4.0,1
B008I7MHQC,5.0,1
B008I7LND0,5.0,1
B008I7FE3A,5.0,1
B008I7FDPE,5.0,1
B008I7FDJU,5.0,1
B008I754VC,5.0,1
B008I74A6W,5.0,1
B008I74A4O,5.0,1
B008I6YPEU,5.0,1
B008I6VGI8,5.0,1
B008I6NVTU,5.0,1
B008I6LD90,5.0,1
B008I6FHBU,5.0,1
B008I5QJ90,5.0,1
B008I55PXQ,5.0,1
B008I54J3S,4.0,1
B008I50E0U,5.0,1
B008I478WS,5.0,1
B008I3H28Y,5.0,1
B008I3H1PI,4.0,1
B008I39OP8,4.0,1
B008I8G68Q,5.0,1
B008I94EJI,4.0,1
B008I9UWUS,5.0,1
B008IFYDSY,5.0,1
B008IFYBS6,4.0,1
B008IFYAD2,4.0,1
B008IFY9IS,5.0,1
B008IEJFJW,5.0,1
B008IEFBDG,5.0,1
B008IEF90G,5.0,1
B008IEEUG0,5.0,1
B008IEETB6,5.0,1
B008IDYM5U,5.0,1
B008IDUORU,5.0,1
B008ICK0CU,5.0,1
B008ICJZ94,5.0,1
B008ICG9QQ,5.0,1
B008ICFHYQ,5.0,1
B008IAE05K,5.0,1
B008KSEOTW,4.0,1
B008BHEIMU,5.0,1
B008MP2SGE,5.0,1
B008MTFNEE,5.0,1
B008MTAKCE,5.0,1
B008MT3SYG,5.0,1
B008MR2E8Y,5.0,1
B008MQTIHA,5.0,1
B008MQDZRO,5.0,1
B008MPDE2G,4.0,1
B008MP773S,4.0,1
B008MP4BQO,5.0,1
B008MAWB7K,5.0,1
B008MOXBQ6,5.0,1
B008MOXALW,5.0,1
B008MOXA26,5.0,1
B008MOX4NG,5.0,1
B008MOX46I,5.0,1
B008MOL7YO,5.0,1
B008MOK6SM,5.0,1
B008MO8MJC,5.0,1
B008MNXESM,5.0,1
B008MNT7BK,5.0,1
B008MTR67G,5.0,1
B008MTVY3S,4.0,1
B008MTVYYW,5.0,1
B008N1M4RU,5.0,1
B008N1H704,4.0,1
B008N1CKWE,5.0,1
B008N10GIY,5.0,1
B008N0ZVCG,4.0,1
B008N0C2HI,5.0,1
B008N080W4,5.0,1
B008N03MTK,5.0,1
B008MZZ9K6,5.0,1
B008MZJF3I,5.0,1
B008MZJDO4,5.0,1
B008MZDSN6,5.0,1
B008MZ6ES2,5.0,1
B008MYY3B8,5.0,1
B008MYEIXG,5.0,1
B008MY6C7G,5.0,1
B008MXEB8O,5.0,1
B008MW16XI,4.0,1
B008MVIIV2,5.0,1
B008MVII9O,5.0,1
B008MVFDTC,5.0,1
B008MUB9SM,5.0,1
B008MUAXXO,5.0,1
B008MTW0UY,5.0,1
B008MNRPTG,5.0,1
B008MNNZ2C,5.0,1
B008MNNDEC,4.0,1
B008MEXQMA,5.0,1
B008MEWW48,5.0,1
B008MET0KW,5.0,1
B008MDDMT8,5.0,1
B008MD7L8G,5.0,1
B008MD6JRA,5.0,1
B008MD54Q2,5.0,1
B008MD1KKG,5.0,1
B008MCY9JQ,4.0,1
B008MCHCI6,4.0,1
B008MCH9GG,5.0,1
B008MCGIDQ,5.0,1
B008MCGEWQ,5.0,1
B008MCGDRM,4.0,1
B008MCG9NA,5.0,1
B008MCEN3I,4.0,1
B008MCEKB8,5.0,1
B008MCEF9U,5.0,1
B008MCEDN8,5.0,1
B008MBPBS0,5.0,1
B008MFZBJ0,5.0,1
B008MLZEQY,5.0,1
B008MLXI6M,5.0,1
B008MLX2M2,5.0,1
B008MLWP6Q,5.0,1
B008MLWAMU,5.0,1
B008MLTPAK,5.0,1
B008MLTFYG,5.0,1
B008MLRWL4,5.0,1
B008MLK8NS,5.0,1
B008ML2V7Y,5.0,1
B008ML2RW8,5.0,1
B008ML20XY,5.0,1
B008ML1Q98,5.0,1
B008MK67VQ,5.0,1
B008MJVOJM,5.0,1
B008MJVKK0,5.0,1
B008MJG4JW,5.0,1
B008MJ72UC,5.0,1
B008MHWTK2,5.0,1
B008MFZL3Q,5.0,1
B008N1OI5G,4.0,1
B008NQMKEW,5.0,1
B008NQGMBY,5.0,1
B008NQ3ELU,5.0,1
B008NPJXEI,5.0,1
B008NPIFTC,5.0,1
B008NPBAE4,4.0,1
B008NP9ONS,5.0,1
B008NON48U,4.0,1
B008NOLRR0,5.0,1
B008NOFCUS,5.0,1
B008NN3AUI,5.0,1
B008NM5L56,5.0,1
B008NM2154,5.0,1
B008NL65BQ,4.0,1
B008NIH9IC,4.0,1
B008NGTDJ2,5.0,1
B008NGDJ8I,5.0,1
B008NFDOL6,4.0,1
B008NF7MS2,5.0,1
B008NF4WZS,4.0,1
B008NEXRD2,5.0,1
B008NE2XKA,4.0,1
B008NE2OYK,5.0,1
B008NE0PX2,4.0,1
B008NDS9PO,5.0,1
B008NQQ8N6,5.0,1
B008ND32V0,5.0,1
B008NQSBBS,5.0,1
B008NX3I5K,5.0,1
B008NWT9LS,5.0,1
B008NWITX2,5.0,1
B008NW6XP8,4.0,1
B008NW4DAA,5.0,1
B008NW1UAG,4.0,1
B008NW1OIO,5.0,1
B008NVW27C,5.0,1
B008NVVMJQ,5.0,1
B008NVV1EM,4.0,1
B008NVPN5K,5.0,1
B008NVPJHM,5.0,1
B008NUWCSM,5.0,1
B008NSTGRY,5.0,1
B008NSTFTS,5.0,1
B008NSKLC8,4.0,1
B008NSJP70,5.0,1
B008NRYJOA,5.0,1
B008NRMDXE,5.0,1
B008NRH8WK,4.0,1
B008NRCNUC,5.0,1
B008NDHTFK,5.0,1
B008ND2WQQ,5.0,1
B008N1S8DY,5.0,1
B008N7PDBI,5.0,1
B008N7FQVA,5.0,1
B008N7F02A,5.0,1
B008N6X4HE,5.0,1
B008N6T9OQ,5.0,1
B008N6PHME,5.0,1
B008N6GY94,5.0,1
B008N6GB8I,5.0,1
B008N6AU9Y,4.0,1
B008N69GDU,4.0,1
B008N5U8VU,5.0,1
B008N4RSKK,5.0,1
B008N4MST6,5.0,1
B008N4LGKI,5.0,1
B008N4FPLE,5.0,1
B008N3URD6,5.0,1
B008N3LDKC,5.0,1
B008N3E73C,4.0,1
B008N3E2BY,5.0,1
B008N2DXR4,5.0,1
B008N20KAM,5.0,1
B008N1TNHE,5.0,1
B008N1TL26,5.0,1
B008N1TKQI,5.0,1
B008N1TFJ0,5.0,1
B008N1TFD6,5.0,1
B008NA1D0U,4.0,1
B008ND0QC8,5.0,1
B008NA2VEM,4.0,1
B008ND0PQK,4.0,1
B008ND0NKI,4.0,1
B008ND0LVO,5.0,1
B008ND0KYC,5.0,1
B008ND0HBS,5.0,1
B008ND0GBY,5.0,1
B008ND0DOO,5.0,1
B008ND0C0Y,5.0,1
B008NCXZ4A,5.0,1
B008NCVQ32,5.0,1
B008NCTPLC,5.0,1
B008NC5XAO,5.0,1
B008NC1WCW,5.0,1
B008NBXHMQ,5.0,1
B008NBLZSE,5.0,1
B008NB6JGC,4.0,1
B008NB5UEY,5.0,1
B008NANSPI,5.0,1
B008NANS6C,5.0,1
B008NANHGI,5.0,1
B008NABQLQ,5.0,1
B008MAX0FM,4.0,1
B008MATJ48,5.0,1
B008KSEXMK,5.0,1
B008L2VS1E,5.0,1
B008L4HHD0,5.0,1
B008L4B8TE,5.0,1
B008L422IA,5.0,1
B008L40VEM,5.0,1
B008L3ZFPS,5.0,1
B008L3IDYS,5.0,1
B008L3I4VK,5.0,1
B008L36S7W,4.0,1
B008L34IS8,5.0,1
B008L332GC,5.0,1
B008L2VSKU,5.0,1
B008L2VSDC,4.0,1
B008L2VR0G,5.0,1
B008MAM7TC,5.0,1
B008L2VQR0,5.0,1
B008L2V92W,5.0,1
B008L2V88C,5.0,1
B008L2UWTS,5.0,1
B008L2US2O,5.0,1
B008L2UROS,5.0,1
B008L2UDME,5.0,1
B008L2U19Y,5.0,1
B008L2TT9C,5.0,1
B008L2TRR6,5.0,1
B008L2TQIG,5.0,1
B008L2TJBA,5.0,1
B008L4L1XC,5.0,1
B008L4W4TW,4.0,1
B008L4ZLYM,5.0,1
B008L4ZXQ8,5.0,1
B008LF6SJS,5.0,1
B008LF600K,4.0,1
B008LF5ZR4,4.0,1
B008LF5YTS,5.0,1
B008LF5XLC,5.0,1
B008LETOCM,5.0,1
B008LENLRQ,5.0,1
B008LENLFS,4.0,1
B008LE3QR6,5.0,1
B008LCSD5I,5.0,1
B008LC1D5A,4.0,1
B008LBZ9G0,5.0,1
B008LBBQYO,5.0,1
B008L933JM,4.0,1
B008L6P9VU,5.0,1
B008L6ECEA,5.0,1
B008L6DVVA,5.0,1
B008L64V9Q,5.0,1
B008L536VG,5.0,1
B008L502Z4,5.0,1
B008L2THEY,5.0,1
B008L2TG1S,5.0,1
B008L2TEGA,4.0,1
B008L1ZX66,5.0,1
B008L1LI3S,4.0,1
B008L15LYU,5.0,1
B008L0U114,5.0,1
B008L0Q85M,5.0,1
B008L0OE3A,5.0,1
B008L0NKS0,5.0,1
B008L00W68,5.0,1
B008KYKT2M,5.0,1
B008KYBCGE,5.0,1
B008KY8LF4,4.0,1
B008KY0MZ6,4.0,1
B008KW30V6,5.0,1
B008KVH5G8,4.0,1
B008KTGPGQ,4.0,1
B008KT7XXK,5.0,1
B008KSQHEM,5.0,1
B008KSJAU0,5.0,1
B008KSFQ0S,4.0,1
B008KSFLXU,4.0,1
B008KSF3DS,5.0,1
B008L2FF0O,5.0,1
B008L2TAV4,5.0,1
B008L2T4M4,5.0,1
B008L2T1Y0,5.0,1
B008L2SVJG,5.0,1
B008L2SS12,5.0,1
B008L2SQW8,5.0,1
B008L2SOSY,5.0,1
B008L2SAQ0,5.0,1
B008L2S1NC,5.0,1
B008L2RDWM,5.0,1
B008L2RDDG,5.0,1
B008L2R9K8,5.0,1
B008L2QZL2,5.0,1
B008L2QW0G,5.0,1
B008L2QVFM,5.0,1
B008L2QSW8,4.0,1
B008L2QO4K,5.0,1
B008L2QKTE,5.0,1
B008L2QIS2,5.0,1
B008L2QGPC,5.0,1
B008L2Q3Y6,5.0,1
B008L2PMUC,5.0,1
B008L2PHAM,5.0,1
B008L2HKWA,5.0,1
B008L2HGLA,5.0,1
B008L2GU6W,4.0,1
B008LF72X4,5.0,1
B008LF817K,5.0,1
B008M4EUCK,5.0,1
B008M3J1QG,4.0,1
B008M3IYZU,5.0,1
B008M3IVU8,5.0,1
B008M340KS,5.0,1
B008M32EM4,5.0,1
B008M32CQC,5.0,1
B008M317DQ,5.0,1
B008M2NPVO,5.0,1
B008M2MHZE,5.0,1
B008M2H6IM,4.0,1
B008M11I6E,5.0,1
B008M100JU,5.0,1
B008M0Q40A,5.0,1
B008LZLZXW,5.0,1
B008LZIH6U,5.0,1
B008LYQI08,5.0,1
B008LYQHO0,5.0,1
B008LYNR6G,5.0,1
B008LYNGJO,4.0,1
B008LYK0IY,4.0,1
B008LYFT62,5.0,1
B008LYCNJS,5.0,1
B008M4ETW6,4.0,1
B008M4F4YI,5.0,1
B008LY3KHC,5.0,1
B008M4F664,5.0,1
B008MAKEG0,5.0,1
B008MAJA8S,5.0,1
B008MABIAQ,5.0,1
B008MA68K6,5.0,1
B008M9ZFYW,4.0,1
B008M9W4QE,5.0,1
B008M9UP42,5.0,1
B008M9KEAW,5.0,1
B008M9KBUU,4.0,1
B008M9K2CC,5.0,1
B008M8U8L8,5.0,1
B008M8TXXW,5.0,1
B008M8EVAM,5.0,1
B008M7TGH6,5.0,1
B008M7O9CI,4.0,1
B008M6BQG6,5.0,1
B008M5SSKE,5.0,1
B008M4RMUM,4.0,1
B008M4KUEC,5.0,1
B008M4KR86,5.0,1
B008M4KJ52,5.0,1
B008M4G60O,5.0,1
B008M4G122,4.0,1
B008LY94HW,5.0,1
B008LXQN2C,5.0,1
B008LF86HU,5.0,1
B008LQSJ62,5.0,1
B008LPIWPG,5.0,1
B008LPAIGW,4.0,1
B008LP887S,5.0,1
B008LOVUSS,5.0,1
B008LN44AK,4.0,1
B008LMXWKY,5.0,1
B008LMUHV6,5.0,1
B008LMT83E,4.0,1
B008LMN8CQ,5.0,1
B008LMBZ76,5.0,1
B008LM9VZ4,5.0,1
B008LM3II0,5.0,1
B008LKZSQC,5.0,1
B008LKE6VK,5.0,1
B008LK8NAA,5.0,1
B008LJYNHI,4.0,1
B008LHJSVG,5.0,1
B008LGAHMG,5.0,1
B008LFY5RU,5.0,1
B008LFNT4U,5.0,1
B008LFNDXC,5.0,1
B008LFBSQG,4.0,1
B008LF9L5Q,5.0,1
B008LF9KZM,5.0,1
B008LF8IRS,5.0,1
B008LQOQ3W,5.0,1
B008LXQ63I,5.0,1
B008LQUPXM,4.0,1
B008LXQ1YW,5.0,1
B008LX9XJW,5.0,1
B008LX6LL0,5.0,1
B008LX1CDM,4.0,1
B008LX0TT0,5.0,1
B008LVZR12,5.0,1
B008LVR6IE,5.0,1
B008LVOLHI,5.0,1
B008LVJMVI,5.0,1
B008LV36B0,4.0,1
B008LULJ2Y,5.0,1
B008LUBKR8,5.0,1
B008LUBKO6,5.0,1
B008LUBERY,5.0,1
B008LU0H5Y,5.0,1
B008LTML4A,5.0,1
B008LTDC8Y,5.0,1
B008LT9XDW,5.0,1
B008LT5A16,4.0,1
B008LT55FC,5.0,1
B008LR71GA,5.0,1
B008LR5TTQ,5.0,1
B008H6N8A8,5.0,1
B008H6N15A,5.0,1
B008H6N0QA,5.0,1
B008D65X3C,5.0,1
B008D65VSE,5.0,1
B008D65VBQ,4.0,1
B008D60XYQ,5.0,1
B008D5RXSQ,5.0,1
B008D5KTEG,5.0,1
B008D5HDK4,5.0,1
B008D5ETCO,5.0,1
B008D5D0Y2,5.0,1
B008D54HSU,4.0,1
B008D4WYSG,5.0,1
B008CYCQS0,5.0,1
B008D4BUYA,5.0,1
B008D47G4S,5.0,1
B008D3XCUQ,5.0,1
B008D3IRN8,5.0,1
B008D2IRN4,5.0,1
B008D2IJPK,5.0,1
B008D2ELXY,4.0,1
B008D22SF2,5.0,1
B008D189VU,5.0,1
B008CZMO36,5.0,1
B008CZMNG4,5.0,1
B008D6Y7ZW,5.0,1
B008D7AW14,5.0,1
B008D7BQGO,5.0,1
B008DGDCYY,4.0,1
B008DG8JCE,5.0,1
B008DG5DIC,5.0,1
B008DFSQL4,5.0,1
B008DF540U,5.0,1
B008DEZJK6,5.0,1
B008DEZJC4,5.0,1
B008DEO2AE,5.0,1
B008DCPRSW,5.0,1
B008DC2GWM,5.0,1
B008DC11GO,5.0,1
B008DBFPT4,5.0,1
B008DA7TAI,4.0,1
B008D9OD30,5.0,1
B008D99YMU,4.0,1
B008D8WLSU,4.0,1
B008D8HBOY,5.0,1
B008D8AD9O,5.0,1
B008D8AB8M,5.0,1
B008D89WPA,5.0,1
B008D7M41A,5.0,1
B008D7E41S,5.0,1
B008CZ9S5I,5.0,1
B008CZ7E68,5.0,1
B008CYGJVK,5.0,1
B008CYG46K,5.0,1
B008CYFZW4,5.0,1
B008CYFYAM,5.0,1
B008CYFX44,5.0,1
B008CYFUB0,5.0,1
B008CYFM8Q,5.0,1
B008CYFH5E,5.0,1
B008CYF7E0,5.0,1
B008CYF6W8,5.0,1
B008CYF0FG,5.0,1
B008CYEUOS,5.0,1
B008CYEIQS,4.0,1
B008CYEDGI,5.0,1
B008CYEC7I,5.0,1
B008CYE6U6,5.0,1
B008CYDU2Q,5.0,1
B008CYDR92,5.0,1
B008CYDQRU,5.0,1
B008CYDBNE,5.0,1
B008CYD6E8,5.0,1
B008CYD51C,5.0,1
B008CYD3UK,5.0,1
B008CYGML2,5.0,1
B008CYT426,5.0,1
B008CYGO88,4.0,1
B008CYN1Y8,5.0,1
B008CYMS9M,5.0,1
B008CYM8Z6,5.0,1
B008CYM4AK,5.0,1
B008CYLYJC,5.0,1
B008CYLN3Y,5.0,1
B008CYLCFI,5.0,1
B008CYKWJU,5.0,1
B008CYKA2Y,5.0,1
B008CYJYCQ,5.0,1
B008CYJP70,4.0,1
B008CYJ7QE,5.0,1
B008CYJ408,5.0,1
B008CYISWI,5.0,1
B008CYIRQK,5.0,1
B008CYIRBK,5.0,1
B008CYIM5G,5.0,1
B008CYID46,4.0,1
B008CYHZJK,5.0,1
B008CYHP9K,5.0,1
B008CYHIDS,5.0,1
B008CYHDO2,5.0,1
B008CYHCI4,5.0,1
B008CYHAUO,5.0,1
B008CYH2DY,5.0,1
B008DGT26G,5.0,1
B008DI84ZY,5.0,1
B008DI8G7U,5.0,1
B008E6HHZS,5.0,1
B008E5XSUM,5.0,1
B008E4OJE2,5.0,1
B008E3EX1C,5.0,1
B008E384UI,5.0,1
B008E30EF6,5.0,1
B008E13HB6,4.0,1
B008E121BS,4.0,1
B008E0UGD4,4.0,1
B008E0RHDQ,5.0,1
B008E0R240,5.0,1
B008E0Q174,5.0,1
B008E0O99Q,4.0,1
B008E0NAD2,5.0,1
B008E0DGWW,5.0,1
B008E0DCOY,4.0,1
B008E0DARS,5.0,1
B008E0AIDW,5.0,1
B008E076DC,5.0,1
B008DZGDRS,5.0,1
B008DZFS56,5.0,1
B008DZB5JE,5.0,1
B008DZ9OR4,5.0,1
B008DZ881M,5.0,1
B008DZ3U3I,4.0,1
B008E5XXUW,5.0,1
B008E6K6MO,5.0,1
B008E6KEYO,5.0,1
B008EE85GU,5.0,1
B008EDXOZS,5.0,1
B008EDUUOQ,5.0,1
B008EDHUZS,5.0,1
B008EDCMO2,5.0,1
B008ED8URK,5.0,1
B008ED0SGQ,5.0,1
B008ECD7MO,5.0,1
B008EADQS6,4.0,1
B008EADGSQ,5.0,1
B008EACWOU,5.0,1
B008EA6AMA,5.0,1
B008EA0VQG,5.0,1
B008E958KQ,5.0,1
B008E8XG92,5.0,1
B008E8LJXC,5.0,1
B008E7KOHA,5.0,1
B008E7GOKQ,4.0,1
B008E703WQ,5.0,1
B008E6XXGK,5.0,1
B008E6Q3MG,5.0,1
B008E6KXKE,5.0,1
B008DZ3JIO,5.0,1
B008DPTYBK,5.0,1
B008DMKZY8,4.0,1
B008DMH4EM,4.0,1
B008DMEURQ,5.0,1
B008DM8A22,5.0,1
B008DM88KG,5.0,1
B008DM3CW0,5.0,1
B008DM0CTG,5.0,1
B008DL06HU,5.0,1
B008DKQV0M,5.0,1
B008DKFID8,5.0,1
B008DKFA8Q,5.0,1
B008DKDKWE,5.0,1
B008DK9C8A,5.0,1
B008DK9BZY,4.0,1
B008DK9A5U,5.0,1
B008DK99BU,5.0,1
B008DK9910,5.0,1
B008DJGH34,5.0,1
B008DJ6IJ2,5.0,1
B008DJ6HOS,4.0,1
B008DJ6HD4,4.0,1
B008DJ1TYG,5.0,1
B008DJ02RG,5.0,1
B008DIZU6K,5.0,1
B008DIZTWK,5.0,1
B008DNQ9PG,5.0,1
B008DZ1QWA,5.0,1
B008DR7L5O,5.0,1
B008DYKOW4,5.0,1
B008DYI3AE,5.0,1
B008DYGK6I,5.0,1
B008DYEDNK,5.0,1
B008DY9XA8,5.0,1
B008DWBIU8,5.0,1
B008DW3JDM,5.0,1
B008DW2QTA,5.0,1
B008DW27V2,5.0,1
B008DW1J8O,5.0,1
B008DW0UQG,5.0,1
B008DVBL60,5.0,1
B008DV6U5C,5.0,1
B008DUILX2,5.0,1
B008DU8IDU,4.0,1
B008DSXR0G,5.0,1
B008DSUM7C,5.0,1
B008DSMG0I,5.0,1
B008DSLFQE,5.0,1
B008DRRPNC,5.0,1
B008CY5NPI,5.0,1
B008C1401Y,4.0,1
B008C1385I,4.0,1
B008C137VS,5.0,1
B008C137RW,5.0,1
B008BZ1MQM,5.0,1
B008BY9V8Y,5.0,1
B008BY2KN2,5.0,1
B008BXKSR8,5.0,1
B008BXFFX0,5.0,1
B008BX1NQ8,4.0,1
B008CXFBWE,5.0,1
B008BW19WM,5.0,1
B008BW15XA,5.0,1
B008BW0PX6,5.0,1
B008BVZW8A,5.0,1
B008BVZNMU,5.0,1
B008BV22N8,5.0,1
B008BUQI0M,5.0,1
B008BUC1JE,5.0,1
B008BUBFVY,4.0,1
B008BU7OL4,5.0,1
B008BTZG1U,4.0,1
B008BTUT08,5.0,1
B008C1FMGQ,5.0,1
B008C1GXYG,5.0,1
B008C1H73M,5.0,1
B008C1S0MY,5.0,1
B008C8C7YE,5.0,1
B008C89JU4,5.0,1
B008C88P0Y,5.0,1
B008C7KV9I,5.0,1
B008C6IIQ2,5.0,1
B008C6HG10,5.0,1
B008C55Z9Q,5.0,1
B008C55YDI,5.0,1
B008C54FCY,5.0,1
B008C54ECK,5.0,1
B008C531CE,5.0,1
B008C52TWC,5.0,1
B008C4DIVE,5.0,1
B008C4CUWM,5.0,1
B008C4CUPO,5.0,1
B008C4CSOW,5.0,1
B008C3XKHW,4.0,1
B008C3WS5M,5.0,1
B008C3FGII,5.0,1
B008C2QUK2,5.0,1
B008C2GJFS,5.0,1
B008C2EUXG,5.0,1
B008C29KS6,4.0,1
B008C23QLS,5.0,1
B008BTAXRC,5.0,1
B008BSB6AG,5.0,1
B008BKWKMC,5.0,1
B008BK7R5W,4.0,1
B008BK7PZ4,5.0,1
B008BK7NR4,4.0,1
B008BK7LLM,5.0,1
B008BK7L30,5.0,1
B008BK7KRM,5.0,1
B008BJ6VOG,4.0,1
B008BIS8S4,4.0,1
B008BIFJ5E,5.0,1
B008BIEMTS,5.0,1
B008BID95Q,5.0,1
B008BICFFG,5.0,1
B008BI63LI,5.0,1
B008BHXL8W,5.0,1
B008BHVV3Y,5.0,1
B008BHVPIU,5.0,1
B008BHU5AY,5.0,1
B008BHU4GO,5.0,1
B008BHT1FO,5.0,1
B008BHSSHQ,5.0,1
B008BHSO1Q,5.0,1
B008BHS9RU,5.0,1
B008BHRSRW,5.0,1
B008BKTHIW,5.0,1
B008BKYC6E,5.0,1
B008BSB5SO,5.0,1
B008BL0CUI,5.0,1
B008BQ8JVW,4.0,1
B008BQ2FG2,5.0,1
B008BPYAO8,5.0,1
B008BN74IE,5.0,1
B008BN4AKE,5.0,1
B008BN0UDU,5.0,1
B008BMUSOM,5.0,1
B008BMS114,5.0,1
B008BML526,5.0,1
B008BMCZ0C,5.0,1
B008BM9JRO,5.0,1
B008BM5TR8,5.0,1
B008BM2JGW,5.0,1
B008BLRPTE,5.0,1
B008BLR954,5.0,1
B008BLNYYY,5.0,1
B008BLLEY6,5.0,1
B008BLBX56,5.0,1
B008BLAXQQ,5.0,1
B008BLAJWO,5.0,1
B008BL47BS,5.0,1
B008C8CZFA,5.0,1
B008C8D51S,5.0,1
B008C8DKOK,4.0,1
B008CS68QW,5.0,1
B008CRWI5I,4.0,1
B008CRVWVY,4.0,1
B008CRJV7G,4.0,1
B008CRCBI2,5.0,1
B008CR6YB2,5.0,1
B008CQV64S,5.0,1
B008CQOA5U,4.0,1
B008CQO3UW,5.0,1
B008CQKHOI,4.0,1
B008CQJSCK,5.0,1
B008CQJC2Q,5.0,1
B008CQIE9S,5.0,1
B008CQ9RAI,5.0,1
B008CQ7M64,4.0,1
B008CPWLAM,4.0,1
B008CPVOA0,5.0,1
B008CPKQI6,5.0,1
B008CPJHWM,5.0,1
B008CPG5UY,5.0,1
B008COGE7Y,5.0,1
B008CNGYCA,5.0,1
B008CNGY16,5.0,1
B008CN44XQ,5.0,1
B008CRWQ0K,5.0,1
B008CS6AGU,5.0,1
B008CS6J3E,5.0,1
B008CX18NU,5.0,1
B008CVOAAK,5.0,1
B008CVLTBS,5.0,1
B008CVJ39I,4.0,1
B008CV216A,5.0,1
B008CV20PM,4.0,1
B008CV20JS,5.0,1
B008CV20D4,4.0,1
B008CV1VV6,4.0,1
B008CV1UW6,5.0,1
B008CUM6Y8,5.0,1
B008CUJZ1U,5.0,1
B008CUI052,5.0,1
B008CUFRBM,4.0,1
B008CUFNRA,5.0,1
B008CUFME4,5.0,1
B008CUFH1C,5.0,1
B008CTH72A,5.0,1
B008CT0INU,5.0,1
B008CT05W4,5.0,1
B008CS7V7M,5.0,1
B008CS7PGE,4.0,1
B008CS6WRC,5.0,1
B008CMQ462,5.0,1
B008CMNJH4,5.0,1
B008C8IT6O,5.0,1
B008CF334K,5.0,1
B008CD4EZO,5.0,1
B008CCO8CO,5.0,1
B008CCO7RK,5.0,1
B008CC4DAQ,4.0,1
B008CC3LZ4,5.0,1
B008CBZEE6,5.0,1
B008CBH0ES,5.0,1
B008CB8Q0K,5.0,1
B008CB5WMK,4.0,1
B008CB5BI0,5.0,1
B008CAYFCY,4.0,1
B008CA325U,5.0,1
B008C9X7BA,5.0,1
B008C9P132,4.0,1
B008C9CBVW,4.0,1
B008C8UDTK,5.0,1
B008C8U2BY,5.0,1
B008C8RBTA,4.0,1
B008C8LSBW,5.0,1
B008C8LO9I,5.0,1
B008C8LJN4,5.0,1
B008C8LHKY,5.0,1
B008C8L3L2,5.0,1
B008C8IVEY,5.0,1
B008CEOLAG,4.0,1
B008CF349E,4.0,1
B008CMJSCO,5.0,1
B008CMJ4Z0,5.0,1
B008CKUACI,5.0,1
B008CKH120,5.0,1
B008CK07MQ,5.0,1
B008CJDRU6,5.0,1
B008CIYFWQ,5.0,1
B008CISNCY,5.0,1
B008CIP5NY,5.0,1
B008CI7YE2,5.0,1
B008CHEW5C,5.0,1
B008CH1P5W,5.0,1
B008CGYEUQ,5.0,1
B008CGV4QI,5.0,1
B008CGQQI4,5.0,1
B008CGO6MC,5.0,1
B008CGNLQY,5.0,1
B008CGNIYO,5.0,1
B008CGKZO0,4.0,1
B008CGBCU6,5.0,1
B008CG1Z9Y,5.0,1
B008CG1J2C,5.0,1
B008CFD9P8,5.0,1
B008EEGPI0,4.0,1
B008EEH71Y,5.0,1
B008EEN9UC,5.0,1
B008GLQE78,5.0,1
B008GLFT6K,5.0,1
B008GLF4ZQ,5.0,1
B008GLB2YS,5.0,1
B008GLAIJ8,4.0,1
B008GKOAYI,5.0,1
B008GKJ4DA,5.0,1
B008GKGL0O,5.0,1
B008GKFGR8,5.0,1
B008GHO4W4,5.0,1
B008EF0U4O,5.0,1
B008GHDLFK,5.0,1
B008GH8NV2,5.0,1
B008GGKB5Y,4.0,1
B008GFYAN4,4.0,1
B008GFSPYO,5.0,1
B008GFNZ8U,5.0,1
B008GEI9IM,4.0,1
B008GDAOY0,4.0,1
B008GBQZPE,5.0,1
B008GBNI18,4.0,1
B008GBGDJW,5.0,1
B008GLTNMQ,4.0,1
B008GMC76E,5.0,1
B008GMCSYK,4.0,1
B008GPQ1TA,5.0,1
B008GPPVHS,4.0,1
B008GPPUZQ,5.0,1
B008GPPUKQ,5.0,1
B008GOJ0QM,5.0,1
B008GOC7VC,5.0,1
B008GO8QNA,5.0,1
B008GO5JAI,5.0,1
B008GNYSD8,5.0,1
B008GNYDU6,5.0,1
B008GNX6SQ,5.0,1
B008GNW62S,5.0,1
B008GNSCSU,5.0,1
B008GNQEZS,5.0,1
B008GNQEZI,5.0,1
B008GNLQSI,5.0,1
B008GNLC8C,4.0,1
B008GN7M0E,5.0,1
B008GN14J4,5.0,1
B008GN14C6,5.0,1
B008GMZKBI,5.0,1
B008GMTK96,5.0,1
B008GME1IQ,5.0,1
B008G92VDG,5.0,1
B008G80DV4,5.0,1
B008G7T1UE,5.0,1
B008G0T066,4.0,1
B008G03BAC,5.0,1
B008FZZ8RC,5.0,1
B008FZOE2M,5.0,1
B008FZODKK,4.0,1
B008FZB7EK,5.0,1
B008FZAU34,5.0,1
B008FZAGRO,5.0,1
B008FYY0SQ,5.0,1
B008FYVZ2U,5.0,1
B008FY8R58,5.0,1
B008FXUIZQ,5.0,1
B008FX4Q40,5.0,1
B008FX4PWI,5.0,1
B008FWM4CW,5.0,1
B008FWJ8H6,5.0,1
B008FVSW10,5.0,1
B008FV2MMA,4.0,1
B008FTEL62,4.0,1
B008G0B25S,4.0,1
B008G0XGP2,5.0,1
B008G7PYX2,4.0,1
B008G1DN8Q,5.0,1
B008G7PWB6,5.0,1
B008G7J1MM,5.0,1
B008G7HRPA,5.0,1
B008G4R3AC,5.0,1
B008G4R2LW,5.0,1
B008G4R2K8,5.0,1
B008G4R0U0,5.0,1
B008G4R05K,5.0,1
B008G4LTIO,5.0,1
B008G4CVDG,5.0,1
B008G3OY1E,5.0,1
B008G3MC5E,5.0,1
B008G3K8SC,5.0,1
B008G3FQ4S,4.0,1
B008G39D4C,5.0,1
B008G2FXC4,5.0,1
B008G26T90,5.0,1
B008G1N1NS,5.0,1
B008G1JTWK,5.0,1
B008G1HE4K,5.0,1
B008G1HDU0,5.0,1
B008GQ2HCO,4.0,1
B008GQCEZ4,5.0,1
B008H4NRQK,5.0,1
B008H4NEKY,5.0,1
B008H4K3TE,5.0,1
B008H4IXF0,5.0,1
B008H4HNLK,5.0,1
B008H4EI1I,5.0,1
B008H46N0W,4.0,1
B008H3WX6G,5.0,1
B008H3TVFC,4.0,1
B008H3POUI,5.0,1
B008H3NVBC,5.0,1
B008H2UTT0,5.0,1
B008H2O06I,5.0,1
B008H2N3HU,5.0,1
B008H2MELQ,5.0,1
B008H1IPG0,5.0,1
B008H1IDXU,5.0,1
B008H1I9DY,5.0,1
B008H1I5MY,5.0,1
B008H1I56A,5.0,1
B008H1HY8A,5.0,1
B008H1HGHY,5.0,1
B008H1H0S4,5.0,1
B008H1H0IY,5.0,1
B008H4OWUK,5.0,1
B008H4YEDA,5.0,1
B008H0DTC6,4.0,1
B008H4YH3M,5.0,1
B008H6MXUE,5.0,1
B008H6MVII,5.0,1
B008H6MV1A,5.0,1
B008H6MRVY,4.0,1
B008H6JA9G,5.0,1
B008H6HKGG,5.0,1
B008H6HB7O,5.0,1
B008H6EKNW,4.0,1
B008H6DXRQ,4.0,1
B008H6AEL4,5.0,1
B008H63VCS,4.0,1
B008H5UMTO,5.0,1
B008H5S9TE,5.0,1
B008H5RAYO,5.0,1
B008H5JPO2,5.0,1
B008H5JGFA,5.0,1
B008H5I8AY,4.0,1
B008H5GG44,5.0,1
B008H5G83S,5.0,1
B008H5G766,5.0,1
B008H5E1RS,5.0,1
B008H54OTI,5.0,1
B008H532T6,5.0,1
B008H50W4Y,5.0,1
B008H50TF6,5.0,1
B008H50KVE,5.0,1
B008H1H07K,5.0,1
B008GQDYLW,4.0,1
B008GV2AMG,5.0,1
B008GUR7T8,5.0,1
B008GUGTHE,4.0,1
B008GU1HIA,5.0,1
B008GU1H58,4.0,1
B008GU1GSG,5.0,1
B008GU1FFU,5.0,1
B008GTNY6E,5.0,1
B008GTHEOC,5.0,1
B008GTAAAW,5.0,1
B008GSVYH6,5.0,1
B008GS2KG0,5.0,1
B008GS2K4M,5.0,1
B008GS2ICQ,5.0,1
B008GS2I6C,5.0,1
B008GRYQJA,5.0,1
B008GRLPOE,4.0,1
B008GRDYBQ,5.0,1
B008GRDKRY,5.0,1
B008GQWND2,4.0,1
B008GQLTGE,5.0,1
B008GUZ1EQ,5.0,1
B008GV8KUW,5.0,1
B008H0DSZ4,5.0,1
B008GV9060,5.0,1
B008H0DSHW,5.0,1
B008H07XDW,5.0,1
B008H06R8O,5.0,1
B008H069J6,5.0,1
B008GZ50L0,5.0,1
B008GZ2R4S,5.0,1
B008GYT4H2,5.0,1
B008GYG63M,5.0,1
B008GYG5NI,5.0,1
B008GYG5GK,5.0,1
B008GXP1MU,5.0,1
B008GXLOQW,5.0,1
B008GXKXQO,5.0,1
B008GXIQI6,4.0,1
B008GWR7FK,4.0,1
B008GWNUL0,5.0,1
B008GW1AU8,5.0,1
B008GVY4P2,5.0,1
B008GVVD5G,5.0,1
B008GVQ8TM,4.0,1
B008GVP1JU,5.0,1
B008GVLIME,5.0,1
B008GVIN0E,5.0,1
B008GVIKCK,4.0,1
B008FSYOPG,5.0,1
B008FRQEKU,5.0,1
B008EWKGL4,5.0,1
B008EV6OKC,5.0,1
B008EV5FSY,4.0,1
B008EU7H86,5.0,1
B008EU2LEQ,5.0,1
B008ETZI7E,5.0,1
B008ETTVOA,5.0,1
B008ETKIWY,5.0,1
B008ETG5FS,5.0,1
B008ETCHPK,5.0,1
B008ET8628,5.0,1
B008ESNOBC,5.0,1
B008ESNO12,5.0,1
B008ES8AGQ,5.0,1
B008ERC39C,5.0,1
B008ERC2M0,5.0,1
B008ERC270,5.0,1
B008ERC1QW,5.0,1
B008ERAZRY,4.0,1
B008ERA1D2,5.0,1
B008EQFSA4,5.0,1
B008EPZPTY,4.0,1
B008EPZDLO,5.0,1
B008EV8V8U,5.0,1
B008EWM35G,5.0,1
B008EPZ38M,5.0,1
B008EWNPJE,5.0,1
B008F1LY24,5.0,1
B008F0T9M2,5.0,1
B008F0RVQS,5.0,1
B008F0F4SA,5.0,1
B008F0E9NG,5.0,1
B008F0E9FO,5.0,1
B008F0E1SO,5.0,1
B008F0E1CA,5.0,1
B008F0B5AQ,5.0,1
B008F07RPS,5.0,1
B008EYHKOS,5.0,1
B008EYGX3C,5.0,1
B008EXVP9K,5.0,1
B008EXKI8E,5.0,1
B008EXDP34,5.0,1
B008EXD69C,5.0,1
B008EXB9TG,4.0,1
B008EX7L6G,5.0,1
B008EX3ZDO,4.0,1
B008EWWABI,4.0,1
B008EWUGRI,4.0,1
B008EWU1QY,5.0,1
B008EWRMQG,5.0,1
B008EPZ81Y,5.0,1
B008F4ET1Y,4.0,1
B008EMJRZU,4.0,1
B008EMFNE4,4.0,1
B008EMB0PK,5.0,1
B008EM7TFK,5.0,1
B008EM727K,5.0,1
B008ELH1B8,5.0,1
B008EL7NNO,5.0,1
B008EL54FS,5.0,1
B008EL2ZMI,5.0,1
B008EL1YFM,5.0,1
B008EKYSQU,5.0,1
B008EKT4DW,5.0,1
B008EKS5VO,5.0,1
B008EKS4LK,5.0,1
B008EKS4FG,5.0,1
B008EKKJ90,5.0,1
B008EKD75I,5.0,1
B008EKCQ64,4.0,1
B008EK9YS2,4.0,1
B008EIT0MY,5.0,1
B008EHUSV2,5.0,1
B008EH623U,5.0,1
B008EGRIJS,5.0,1
B008EGRIJ8,5.0,1
B008EMHIRY,4.0,1
B008EMKRZ4,5.0,1
B008EPYX2Y,5.0,1
B008EPY8TM,5.0,1
B008EPY8AQ,5.0,1
B008EPY62Q,5.0,1
B008EPY55Y,5.0,1
B008EPXTR4,5.0,1
B008EPXO4M,5.0,1
B008EPPPDK,5.0,1
B008EPKK76,5.0,1
B008EPBJYE,4.0,1
B008EOWPVQ,5.0,1
B008EOV8PU,4.0,1
B008EOBQRK,5.0,1
B008ENUMOY,5.0,1
B008ENUG5O,5.0,1
B008ENS1GK,5.0,1
B008ENQ8VU,5.0,1
B008ENA4Q0,5.0,1
B008EN6COS,5.0,1
B008EN28GY,5.0,1
B008EN109A,4.0,1
B008F2P1TA,5.0,1
B008FRQEJ6,4.0,1
B008FP98CS,5.0,1
B008FP2CE4,5.0,1
B008FP1VV4,5.0,1
B008FOV6NI,5.0,1
B008FOQGJ2,5.0,1
B008FOLMHI,4.0,1
B008FO92HK,5.0,1
B008FO4HJS,5.0,1
B008FLQLRC,4.0,1
B008FLQLOU,5.0,1
B008FLQJV0,5.0,1
B008FLQJII,5.0,1
B008FLQHTO,5.0,1
B008FLDD8C,5.0,1
B008FL3WM4,5.0,1
B008FKR3HA,5.0,1
B008FKQ7P4,5.0,1
B008FKGJR0,5.0,1
B008FK796K,5.0,1
B008FJYQ3U,5.0,1
B008FP67FO,5.0,1
B008FPDTMS,5.0,1
B008FHL2XE,4.0,1
B008FPVEIE,5.0,1
B008FRQEIM,5.0,1
B008FRNLDS,5.0,1
B008FRG19O,5.0,1
B008FRE1JG,5.0,1
B008FRDZX4,4.0,1
B008FRDZIY,5.0,1
B008FR7RSS,4.0,1
B008FR3PHK,5.0,1
B008FQVB8Q,5.0,1
B008FQOUCA,5.0,1
B008FQMPT0,5.0,1
B008FQHBPI,5.0,1
B008FQHA0O,5.0,1
B008FQGS52,5.0,1
B008FQGL1S,5.0,1
B008FQGD1G,5.0,1
B008FQ96D8,5.0,1
B008FPZVFG,4.0,1
B008FPZVAG,5.0,1
B008FPZV3I,5.0,1
B008FPVEOS,4.0,1
B008FJGXKE,5.0,1
B008FHG3TC,5.0,1
B008FBHCHA,5.0,1
B008F9VMRS,5.0,1
B008F9S1IQ,5.0,1
B008F91HRI,4.0,1
B008F8JPJ6,5.0,1
B008F8I6ZK,4.0,1
B008F7ZFX2,5.0,1
B008F7ZEHE,5.0,1
B008F7P24E,5.0,1
B008F7P1E0,5.0,1
B008F6PSOY,5.0,1
B008F6MY2S,5.0,1
B008F6FNFI,5.0,1
B008F5UQ7Y,5.0,1
B008F5UP7U,5.0,1
B008F5GPI8,5.0,1
B008F5GCIQ,5.0,1
B008F5G5UQ,4.0,1
B008F5FOHQ,5.0,1
B008F5DCFC,5.0,1
B008F5A4JO,4.0,1
B008F4I2QC,5.0,1
B008F4I26M,4.0,1
B008F4I0AK,5.0,1
B008F4HZ6K,5.0,1
B008F9WNBW,5.0,1
B008FBZMU4,5.0,1
B008FC46LO,5.0,1
B008FHC26K,5.0,1
B008FH2MZG,5.0,1
B008FGTRRI,5.0,1
B008FG7WES,5.0,1
B008FG7W2A,5.0,1
B008FG7URW,5.0,1
B008FFTNNW,5.0,1
B008FFTJ7C,5.0,1
B008FF5JN0,5.0,1
B008FEQFSY,5.0,1
B008FEQDRM,5.0,1
B008FE4PY0,5.0,1
B008FDDNLW,5.0,1
B008FDAJR8,4.0,1
B008FD3CYU,5.0,1
B008FCZIFM,5.0,1
B008FCYNXA,5.0,1
B008FCWGFC,5.0,1
B008FCRWWO,4.0,1
B008FCNAV6,5.0,1
B008FC9TVG,4.0,1
B008FC9GM8,5.0,1
B0080LNB2A,5.0,1
B0080LLE38,5.0,1
B007BIYYT2,5.0,1
B007MJKBV0,5.0,1
B007MJKBUG,4.0,1
B007MJKB4W,5.0,1
B007MJKAUC,5.0,1
B007MJKAPM,5.0,1
B007MJKANO,4.0,1
B007MJKAK2,5.0,1
B007MJKAES,5.0,1
B007MJKA9I,4.0,1
B007MJK9YO,5.0,1
B007MJK9I0,4.0,1
B007MJK9EE,4.0,1
B007MAEALQ,4.0,1
B007MJK93K,5.0,1
B007MJK8XQ,5.0,1
B007MJK8VI,4.0,1
B007MJK8SG,5.0,1
B007MJK8PE,5.0,1
B007MJK8A4,5.0,1
B007MJK7KK,5.0,1
B007MJK7CI,4.0,1
B007MJK6WO,5.0,1
B007MJK6LK,5.0,1
B007MJK5Z2,5.0,1
B007MJK5RK,5.0,1
B007MJKC46,5.0,1
B007MJKD18,5.0,1
B007MJKDL8,5.0,1
B007MJVLI2,5.0,1
B007MJSZ3Q,5.0,1
B007MJKPIY,5.0,1
B007MJKP4I,5.0,1
B007MJKMWI,5.0,1
B007MJKMUA,5.0,1
B007MJKM7I,4.0,1
B007MJKLTM,5.0,1
B007MJKLOM,5.0,1
B007MJKIJK,4.0,1
B007MJKIFE,5.0,1
B007MJKIDQ,5.0,1
B007MJKI4U,5.0,1
B007MJKGAQ,5.0,1
B007MJKFOS,5.0,1
B007MJKFJS,5.0,1
B007MJKFHA,5.0,1
B007MJKF2U,4.0,1
B007MJKF0W,4.0,1
B007MJKEY4,5.0,1
B007MJKEQC,4.0,1
B007MJKE6M,5.0,1
B007MJK5OI,5.0,1
B007MJK5MU,5.0,1
B007MHCSMM,5.0,1
B007MGUPOG,5.0,1
B007MGM19I,5.0,1
B007MFRBGC,5.0,1
B007MFQGOK,5.0,1
B007MFITC2,5.0,1
B007MFDUMG,5.0,1
B007MFBQS6,5.0,1
B007MFAGSM,5.0,1
B007MEWR9O,5.0,1
B007MERJSS,4.0,1
B007MDMOFW,5.0,1
B007MDHJMA,4.0,1
B007MD0GL6,5.0,1
B007MCWUMK,5.0,1
B007MCT1VI,4.0,1
B007MC1EGI,5.0,1
B007MBW0YY,4.0,1
B007MB5DRA,5.0,1
B007MB51VI,5.0,1
B007MB515Y,5.0,1
B007MB3EXK,5.0,1
B007MAVCB2,5.0,1
B007MAK18C,5.0,1
B007MAJFD4,4.0,1
B007MGW7X8,5.0,1
B007MHN14G,5.0,1
B007MJK4VW,5.0,1
B007MJK4VC,5.0,1
B007MJK4F8,4.0,1
B007MJK4B2,4.0,1
B007MJK40S,5.0,1
B007MJK3UY,5.0,1
B007MJK3EU,5.0,1
B007MJK340,4.0,1
B007MJK2YG,5.0,1
B007MJK2QE,5.0,1
B007MJJZV2,5.0,1
B007MJJZTO,5.0,1
B007MJJZP8,5.0,1
B007MJJXNC,5.0,1
B007MJJWXI,5.0,1
B007MJGTJS,5.0,1
B007MJGRVI,4.0,1
B007MJGP10,5.0,1
B007MJGNVW,5.0,1
B007MJ1TJ8,4.0,1
B007MJVZ8I,5.0,1
B007MWYKKU,5.0,1
B007MWYBZY,5.0,1
B007MWXC1I,5.0,1
B007MV6982,5.0,1
B007MV0QL8,4.0,1
B007MULZJQ,5.0,1
B007MUK35I,5.0,1
B007MUE30Y,5.0,1
B007MU67XU,5.0,1
B007MTWG6S,5.0,1
B007MTVGIW,4.0,1
B007MSR3H6,5.0,1
B007MSQPN4,5.0,1
B007MS8R3A,5.0,1
B007MS6IF4,5.0,1
B007MS60KW,5.0,1
B007MS3HIU,5.0,1
B007MS2TLQ,5.0,1
B007MS1Y80,5.0,1
B007MRYAZ0,5.0,1
B007MRTUKU,5.0,1
B007MRTENI,4.0,1
B007MWYHNK,5.0,1
B007MQK2Z8,5.0,1
B007MX8A5K,5.0,1
B007N6BJ72,5.0,1
B007N64LAO,5.0,1
B007N608RY,5.0,1
B007N5Y2EU,5.0,1
B007N5UNKC,5.0,1
B007N3EEAE,5.0,1
B007N2P6MU,5.0,1
B007N1C9WG,5.0,1
B007N1AR7K,4.0,1
B007N19C3A,5.0,1
B007N19BMC,4.0,1
B007N12VH4,5.0,1
B007N0SV3I,5.0,1
B007N0QZYK,5.0,1
B007N0F43S,4.0,1
B007MXP0QM,4.0,1
B007MXOWQQ,5.0,1
B007MQNCGE,5.0,1
B007MQ9MZO,4.0,1
B007MJW49M,5.0,1
B007MKU5V0,4.0,1
B007MKTXIG,5.0,1
B007MKTJSA,4.0,1
B007MKSU08,5.0,1
B007MKSS5K,5.0,1
B007MKSNDW,5.0,1
B007MKSM9W,5.0,1
B007MKSE5O,4.0,1
B007MKS3FU,5.0,1
B007MKRQJE,4.0,1
B007MKQZQ4,5.0,1
B007MKQTTW,5.0,1
B007MK42SW,4.0,1
B007MJYOSG,5.0,1
B007MJXYQY,5.0,1
B007MJW8ES,5.0,1
B007MQ3WJQ,5.0,1
B007MKVYSS,5.0,1
B007MP0L7I,5.0,1
B007MOX31K,5.0,1
B007MOWFP0,5.0,1
B007MO6U56,5.0,1
B007MO0USO,5.0,1
B007MNWGUA,5.0,1
B007MLZV72,5.0,1
B007MLCD64,4.0,1
B007MLCB0C,5.0,1
B007ML63OM,4.0,1
B007ML5C7G,5.0,1
B007ML4GM8,5.0,1
B007ML4ECA,4.0,1
B007ML0GJA,5.0,1
B007MKZUVK,5.0,1
B007MKXJ54,4.0,1
B007MKW4DC,5.0,1
B007MADMJW,5.0,1
B007KWNXR8,4.0,1
B007KWUCFE,4.0,1
B007KWT1BU,5.0,1
B007KWSR7O,4.0,1
B007KWSF1C,5.0,1
B007KWRO1E,5.0,1
B007KWRK6I,5.0,1
B007KWRK5E,5.0,1
B007KWQFSC,5.0,1
B007KWOR5U,5.0,1
B007KWNT0O,4.0,1
B007M8ZCQU,5.0,1
B007KTL0M6,5.0,1
B007KTF4QY,4.0,1
B007KSX92G,5.0,1
B007KSNQWY,4.0,1
B007KRD170,4.0,1
B007KQJ0JO,4.0,1
B007KQH8XY,5.0,1
B007KQ07L4,5.0,1
B007KPIAQ4,5.0,1
B007KWUWYA,5.0,1
B007KWV5QO,5.0,1
B007L4TIZ6,5.0,1
B007L4C9ES,4.0,1
B007L3XALK,5.0,1
B007L3VKC6,5.0,1
B007L3CEYY,4.0,1
B007L30P1I,5.0,1
B007L1WKAY,5.0,1
B007L1P8QC,5.0,1
B007L1NXMS,5.0,1
B007L0ZF52,5.0,1
B007L0ZEB2,5.0,1
B007L0UDOK,5.0,1
B007KX5O24,5.0,1
B007KX32SM,5.0,1
B007KX2V02,4.0,1
B007KX26A2,5.0,1
B007KWZQ28,5.0,1
B007KWXYUO,5.0,1
B007KWXYC2,5.0,1
B007KWXQKW,5.0,1
B007KP3DTS,5.0,1
B007KP1FFM,5.0,1
B007KH6QSG,5.0,1
B007KG96VQ,5.0,1
B007KG11WI,5.0,1
B007KFS0YQ,5.0,1
B007KFNVYU,5.0,1
B007KFJT8C,4.0,1
B007KFJKPO,5.0,1
B007KFGF84,5.0,1
B007KFGEXA,5.0,1
B007KFGDLS,4.0,1
B007KFGAZW,5.0,1
B007KFFY90,5.0,1
B007KF02EW,4.0,1
B007KEXYIE,5.0,1
B007KE3BAA,5.0,1
B007KE1SXC,4.0,1
B007KDXBYC,5.0,1
B007KDIN4U,5.0,1
B007KDABZE,5.0,1
B007KC9VTM,5.0,1
B007KC02XG,4.0,1
B007KBC5DW,5.0,1
B007KB2V4U,5.0,1
B007KB107O,5.0,1
B007KATS06,5.0,1
B007KANWYE,5.0,1
B007KAJIYW,5.0,1
B007KHBEWE,4.0,1
B007KILLDU,5.0,1
B007KNHB4S,5.0,1
B007KJ02YS,5.0,1
B007KNDSX6,5.0,1
B007KMQZ1Y,5.0,1
B007KMQVIQ,5.0,1
B007KMNUDA,5.0,1
B007KMJ3CC,5.0,1
B007KMFX6W,4.0,1
B007KM2AB8,5.0,1
B007KM14YM,5.0,1
B007KLQBTG,5.0,1
B007KLLC90,5.0,1
B007KLK2HI,4.0,1
B007KLG57O,4.0,1
B007KLG4OS,5.0,1
B007KLBONY,5.0,1
B007KL5KYI,5.0,1
B007KL0UPW,5.0,1
B007KJ6VLQ,4.0,1
B007KJ2QKQ,5.0,1
B007KJ03JW,5.0,1
B007KJ032E,4.0,1
B007L4YXO2,5.0,1
B007L4ZNSM,5.0,1
B007L50WZU,5.0,1
B007M0D3PU,5.0,1
B007LVHRHU,5.0,1
B007LV33ZU,5.0,1
B007LUW4DI,5.0,1
B007LUDQVC,5.0,1
B007LTT496,5.0,1
B007LTRVPU,5.0,1
B007LSITGQ,5.0,1
B007LS36PU,5.0,1
B007LS1PCG,4.0,1
B007LROL1E,5.0,1
B007LQH8E2,5.0,1
B007LQH3RO,5.0,1
B007LQ9U5W,5.0,1
B007LOCHDG,5.0,1
B007LO9392,5.0,1
B007LO5C2E,5.0,1
B007LO4EV4,5.0,1
B007LNMH7S,5.0,1
B007LKRVK4,5.0,1
B007LKD65S,5.0,1
B007LJNF0U,5.0,1
B007LJKAIK,5.0,1
B007LI79Z8,5.0,1
B007LVRFCW,5.0,1
B007M0EPMK,5.0,1
B007LGHNQA,5.0,1
B007M0J7UK,5.0,1
B007M8SRN0,4.0,1
B007M872PO,5.0,1
B007M81A7A,5.0,1
B007M7KYPU,5.0,1
B007M7JVW2,4.0,1
B007M7JT42,4.0,1
B007M69ZVA,5.0,1
B007M647S6,5.0,1
B007M63XUO,5.0,1
B007M6392G,5.0,1
B007M5YGZG,5.0,1
B007M5XSZ0,5.0,1
B007M5WTTG,4.0,1
B007M5VH6C,4.0,1
B007M5QHW6,5.0,1
B007M3I78A,5.0,1
B007M29U96,5.0,1
B007M20C0M,5.0,1
B007M1R8YG,5.0,1
B007M1NYQ2,5.0,1
B007M1LXZG,5.0,1
B007M0SR92,5.0,1
B007M0K7EU,4.0,1
B007LF6N76,5.0,1
B007L85NIS,5.0,1
B007L85NDI,4.0,1
B007L85MI4,5.0,1
B007L85HT8,5.0,1
B007L85CKW,5.0,1
B007L857UM,4.0,1
B007L857CK,5.0,1
B007L851B2,5.0,1
B007L850BS,4.0,1
B007L84XBQ,5.0,1
B007L84VQ8,5.0,1
B007L84RNU,4.0,1
B007L84R44,4.0,1
B007L84QQI,5.0,1
B007L84PAA,5.0,1
B007L84OHY,4.0,1
B007L84O7O,5.0,1
B007L84NHU,5.0,1
B007L82CQE,5.0,1
B007L7C1MU,5.0,1
B007L6K4JI,5.0,1
B007L6E2I2,4.0,1
B007L6BFRS,5.0,1
B007L6B1R2,5.0,1
B007L5N2HK,5.0,1
B007L85T1Y,5.0,1
B007L85TVY,5.0,1
B007LENWJ4,4.0,1
B007LEJE32,5.0,1
B007LECQLY,5.0,1
B007LECMPE,5.0,1
B007LECF0Q,5.0,1
B007LDWCVE,5.0,1
B007LBASBC,5.0,1
B007LA2FGO,5.0,1
B007L9IPF0,5.0,1
B007L9E0J0,5.0,1
B007L976QE,5.0,1
B007L8ZN24,5.0,1
B007L868H8,5.0,1
B007L865JY,5.0,1
B007L86544,5.0,1
B007L864NQ,5.0,1
B007L864N6,4.0,1
B007L862M4,5.0,1
B007L860CQ,5.0,1
B007L85YE6,5.0,1
B007L85VNK,5.0,1
B007N6JK9Q,5.0,1
B007P66FJC,5.0,1
B007P7PWTA,5.0,1
B007P7PST4,4.0,1
B007P7PRRC,5.0,1
B007P7PM40,5.0,1
B007P7P8K8,5.0,1
B007P7P6UU,5.0,1
B007P7OVRY,5.0,1
B007P7O430,5.0,1
B007P70WJK,5.0,1
B007P6NWOI,5.0,1
B007P6HDD4,5.0,1
B007P6G2DQ,5.0,1
B007P66JOI,5.0,1
B007P66DF8,5.0,1
B007P66B5A,5.0,1
B007P5Y98C,4.0,1
B007P5VU7U,5.0,1
B007P5SLA4,5.0,1
B007P5HHVI,5.0,1
B007P5D3KM,4.0,1
B007P5BOIK,5.0,1
B007P53UVO,5.0,1
B007P52OH0,5.0,1
B007P4YBXG,4.0,1
B007P4FDFG,5.0,1
B007P4A7SY,5.0,1
B007P7PXXU,5.0,1
B007P7Q2W6,5.0,1
B007P7Q3RK,4.0,1
B007P7TWR8,5.0,1
B007P7TWIM,5.0,1
B007P7TUCK,5.0,1
B007P7TNLS,5.0,1
B007P7TCK0,5.0,1
B007P7T11A,5.0,1
B007P7SG9I,5.0,1
B007P7SCZG,5.0,1
B007P7S102,5.0,1
B007P7RW1Q,5.0,1
B007P7RLDA,4.0,1
B007P7RDBU,5.0,1
B007P7RBWG,5.0,1
B007P7RAAY,5.0,1
B007P7R9Z0,5.0,1
B007P7R0AE,5.0,1
B007P7QUVO,5.0,1
B007P7QUCS,5.0,1
B007P7QPV4,5.0,1
B007P7QOTC,5.0,1
B007P7QM12,5.0,1
B007P7QLN6,5.0,1
B007P7QJJC,4.0,1
B007P7QEKQ,5.0,1
B007P46LR0,5.0,1
B007P3U74E,5.0,1
B007OY0E1K,5.0,1
B007OX6MUI,5.0,1
B007OX0ADI,5.0,1
B007OX0A56,5.0,1
B007OWVNNA,5.0,1
B007OWQ6G4,4.0,1
B007OWPCVY,5.0,1
B007OWKS7M,4.0,1
B007OWI2SY,4.0,1
B007OWI1NU,5.0,1
B007OVZQMK,5.0,1
B007OT1ZPE,5.0,1
B007OT1XBK,5.0,1
B007OT1WFM,5.0,1
B007OT1VYE,5.0,1
B007OT1VXA,5.0,1
B007OT1TS2,5.0,1
B007OT1Q76,5.0,1
B007OX8AGM,5.0,1
B007OYO5B0,5.0,1
B007P3T1IM,5.0,1
B007P395GK,5.0,1
B007P29FVG,5.0,1
B007P29CTG,5.0,1
B007P29A3O,4.0,1
B007P296WO,5.0,1
B007P1Q45C,5.0,1
B007P1JUU8,5.0,1
B007P1HUEQ,5.0,1
B007P161DC,4.0,1
B007P0MLRI,5.0,1
B007P05SB4,5.0,1
B007OZZI9M,4.0,1
B007OZTNKW,5.0,1
B007OZ1544,5.0,1
B007OZ07ZW,5.0,1
B007OYYFJM,5.0,1
B007OYYBL4,5.0,1
B007OYXN72,5.0,1
B007OYU6XQ,4.0,1
B007P7UQL4,5.0,1
B007PRPR18,4.0,1
B007PR6UP0,5.0,1
B007PQU7KA,5.0,1
B007PQTQ6Q,5.0,1
B007PQFFRA,4.0,1
B007PQEYJ0,5.0,1
B007PP4ZS6,5.0,1
B007POT8BQ,5.0,1
B007POSIIA,5.0,1
B007PO7Z4I,5.0,1
B007PO7SUO,5.0,1
B007PO2KWU,4.0,1
B007PO1VNO,4.0,1
B007PNOMC2,4.0,1
B007PNJR54,5.0,1
B007PL7SES,5.0,1
B007PL7RUI,5.0,1
B007PL7R1W,5.0,1
B007PKRJHK,5.0,1
B007PKM0LU,5.0,1
B007PRPS9Y,5.0,1
B007PRXN78,4.0,1
B007PKH5DS,5.0,1
B007PSAUZK,5.0,1
B007PW3WM4,5.0,1
B007PV9NEQ,5.0,1
B007PUYJFU,5.0,1
B007PUX92O,5.0,1
B007PUEN9W,5.0,1
B007PUCVKU,5.0,1
B007PUAVIE,5.0,1
B007PUAGQG,4.0,1
B007PU5KJY,5.0,1
B007PU5IDM,5.0,1
B007PU59KY,5.0,1
B007PU526U,5.0,1
B007PTJHW6,5.0,1
B007PT9QWW,5.0,1
B007PT2OTO,5.0,1
B007PSY1RI,5.0,1
B007PSHBBQ,5.0,1
B007PSFFB4,4.0,1
B007PSF2OY,5.0,1
B007PSCMC4,4.0,1
B007PSCIGY,5.0,1
B007PSB680,4.0,1
B007PKLZHU,5.0,1
B007P8CZ1C,5.0,1
B007PEVBH0,5.0,1
B007PENVSC,5.0,1
B007PEDHUY,5.0,1
B007PDOB3W,5.0,1
B007PCRPP4,5.0,1
B007PCR9UK,5.0,1
B007PCR9D2,5.0,1
B007PCQLGI,5.0,1
B007PCQF0A,4.0,1
B007PCQE60,5.0,1
B007PCQ7DU,5.0,1
B007PCNPCG,5.0,1
B007PBSYLE,5.0,1
B007PBRROE,5.0,1
B007PBQ6JQ,5.0,1
B007PBPG2E,5.0,1
B007PBP9IK,5.0,1
B007PBP2FA,5.0,1
B007PBNCLQ,5.0,1
B007PBGY0M,4.0,1
B007P9ZKWW,4.0,1
B007P9R31I,4.0,1
B007P9QTMM,5.0,1
B007P9QPO4,5.0,1
B007P9QPMQ,4.0,1
B007P8GZI6,5.0,1
B007PEV3IC,5.0,1
B007PF59TA,5.0,1
B007PF5ODQ,5.0,1
B007PKADLO,5.0,1
B007PK9O4G,5.0,1
B007PK7EYS,5.0,1
B007PJXPAG,5.0,1
B007PJWP0W,4.0,1
B007PJU0K4,5.0,1
B007PJLFO4,4.0,1
B007PJDY1Q,4.0,1
B007PJBWD8,5.0,1
B007PJ85UQ,5.0,1
B007PJ6Q4S,5.0,1
B007PJ2KV6,5.0,1
B007PJ1JJU,4.0,1
B007PJ0IX8,5.0,1
B007PIYX8A,5.0,1
B007PIE0AQ,5.0,1
B007PH7E50,5.0,1
B007PGPPR0,5.0,1
B007PG3AAE,5.0,1
B007PFZIVO,4.0,1
B007PFMLYQ,5.0,1
B007PFIVMC,5.0,1
B007PFIO10,5.0,1
B007PF5WL0,5.0,1
B007OT1P72,5.0,1
B007NMYMLQ,5.0,1
B007NMJ4MI,5.0,1
B007NME60S,4.0,1
B007NMC88U,5.0,1
B007NM6JGM,5.0,1
B007NM6J3K,5.0,1
B007NM6DOU,5.0,1
B007NM0TH2,5.0,1
B007NLSQKU,5.0,1
B007NLQD5K,5.0,1
B007NKLUJU,5.0,1
B007NJZ2QS,5.0,1
B007NJYHBE,5.0,1
B007NJY28M,5.0,1
B007NJQIH0,4.0,1
B007NJODWW,5.0,1
B007NJBEOM,5.0,1
B007NJ85YE,4.0,1
B007NJ847M,5.0,1
B007NJ80S0,4.0,1
B007NNBEPC,5.0,1
B007NNEIUA,4.0,1
B007NNEWDI,5.0,1
B007NVKJ0U,5.0,1
B007NT37AG,5.0,1
B007NT0X2G,5.0,1
B007NSS9J6,5.0,1
B007NSS8CE,4.0,1
B007NSS1JE,4.0,1
B007NSRZUK,5.0,1
B007NRO8S8,5.0,1
B007NRFDCS,5.0,1
B007NRACPQ,5.0,1
B007NR9ROS,4.0,1
B007NQEZ6O,5.0,1
B007NQ4SB6,5.0,1
B007NQ1M4C,5.0,1
B007NPX3LS,5.0,1
B007NPX1OC,5.0,1
B007NPBAWC,5.0,1
B007NOX53U,5.0,1
B007NO64PG,5.0,1
B007NO0QXC,5.0,1
B007NNYISW,4.0,1
B007NNYG3O,5.0,1
B007NNY9LI,4.0,1
B007NNVBS2,5.0,1
B007NNRITI,4.0,1
B007NNRE3S,5.0,1
B007NJ804Y,5.0,1
B007NIXVY4,4.0,1
B007NIR60E,5.0,1
B007ND4NB4,5.0,1
B007NANHLY,5.0,1
B007N9UQIM,5.0,1
B007N9SXNM,4.0,1
B007N9SI32,5.0,1
B007N8YMVA,5.0,1
B007N8WUEQ,5.0,1
B007N8WTLK,5.0,1
B007N8WKLY,5.0,1
B007N8VI5S,5.0,1
B007N8VAUQ,5.0,1
B007N8S5EK,5.0,1
B007N8S54U,4.0,1
B007N8PIYA,5.0,1
B007N8GPHY,4.0,1
B007N8CCA8,5.0,1
B007N88ACC,5.0,1
B007N86J6Q,5.0,1
B007N85PZM,5.0,1
B007N7ACV0,4.0,1
B007N7AAPS,5.0,1
B007N79XE2,5.0,1
B007N79KW2,5.0,1
B007N79JPA,5.0,1
B007NC9G30,5.0,1
B007ND59S0,5.0,1
B007NIR39I,5.0,1
B007ND9B8E,5.0,1
B007NIR2DU,5.0,1
B007NIR2DK,5.0,1
B007NIR29O,4.0,1
B007NIQZ6A,5.0,1
B007NIQUIS,4.0,1
B007NII810,5.0,1
B007NIDLXU,5.0,1
B007NIDJ6Y,5.0,1
B007NIBKQ0,5.0,1
B007NHOR5M,5.0,1
B007NGTUXM,5.0,1
B007NG61GQ,5.0,1
B007NFYG5K,5.0,1
B007NFXZDE,5.0,1
B007NFW7BU,5.0,1
B007NFRBBG,5.0,1
B007NEXF62,5.0,1
B007NEGZVY,5.0,1
B007ND9CSS,5.0,1
B007NVMNA4,5.0,1
B007NWJVH6,5.0,1
B007NWKPN0,5.0,1
B007OMSTMI,5.0,1
B007OLVFR0,4.0,1
B007OLLMJG,5.0,1
B007OLKZ2G,5.0,1
B007OL5AHQ,5.0,1
B007OJZZNM,5.0,1
B007OGXKOG,5.0,1
B007OGM0QK,5.0,1
B007ODE1C4,5.0,1
B007OCI34C,5.0,1
B007OCA3UE,4.0,1
B007OC5NO0,4.0,1
B007OBYAK4,5.0,1
B007OAFNBU,4.0,1
B007OAF16W,5.0,1
B007O9R4NQ,5.0,1
B007O9ATEM,5.0,1
B007O7NCAW,5.0,1
B007ONDKF8,4.0,1
B007OSJHB4,5.0,1
B007OSJGVK,5.0,1
B007OSAGYG,5.0,1
B007OR2V5E,5.0,1
B007OQU40E,5.0,1
B007OQQO8A,5.0,1
B007OQONKQ,4.0,1
B007OQOITW,5.0,1
B007OQOBWQ,4.0,1
B007OQNK1E,5.0,1
B007OQLZ4S,5.0,1
B007OQILFY,5.0,1
B007OQI65E,5.0,1
B007OQHX2G,5.0,1
B007OQBP5M,5.0,1
B007OQAHNI,5.0,1
B007OORJQ8,5.0,1
B007OOGLCQ,5.0,1
B007ONH3OM,5.0,1
B007ONG04Q,5.0,1
B007O7N810,5.0,1
B007NWOMJI,4.0,1
B007O0JC9O,5.0,1
B007O0GBWU,5.0,1
B007O0FT9G,5.0,1
B007O0DJ48,4.0,1
B007O0C606,5.0,1
B007NZW1PC,4.0,1
B007NZTSQ2,4.0,1
B007NZEIC6,5.0,1
B007NZE8LW,4.0,1
B007NZE1DC,4.0,1
B007NZ8LCY,5.0,1
B007NYWUIQ,5.0,1
B007NYRYLO,5.0,1
B007NYLYZQ,5.0,1
B007NY2KJU,5.0,1
B007NY1C2Q,5.0,1
B007NXQU6U,5.0,1
B007NXPUFC,5.0,1
B007NXOBXO,5.0,1
B007NXKD8G,5.0,1
B007NXIYWI,5.0,1
B007NXDXQK,5.0,1
B007NWRTTS,5.0,1
B007O0HJGW,5.0,1
B007O0PEU0,5.0,1
B007O0Z3L0,4.0,1
B007O7DFF4,5.0,1
B007O7DEW8,5.0,1
B007O74XRI,5.0,1
B007O735UY,5.0,1
B007O70VS8,4.0,1
B007O70ANE,4.0,1
B007O6Z09E,5.0,1
B007O6YA90,4.0,1
B007O6NLGS,5.0,1
B007O6NDWK,5.0,1
B007O6M26I,5.0,1
B007O6F4V8,5.0,1
B007O55KD6,5.0,1
B007O4OQ96,4.0,1
B007O4O9XO,5.0,1
B007O3XM9C,5.0,1
B007O3TDV8,4.0,1
B007O3SJ4K,5.0,1
B007O39ZAW,5.0,1
B007O3819I,5.0,1
B007O2NF8Q,4.0,1
B007O2JNCS,5.0,1
B007KAJ1JO,5.0,1
B007KAET8M,5.0,1
B007KA6QOC,5.0,1
B007F0QCXC,5.0,1
B007F5HKCE,4.0,1
B007F59II8,5.0,1
B007F4Y7VM,4.0,1
B007F4WJT4,5.0,1
B007F4SJPC,4.0,1
B007F2JET4,5.0,1
B007F2ID5U,5.0,1
B007F1F0EI,4.0,1
B007F051HK,5.0,1
B007DZJ9A2,5.0,1
B007EZMHAA,5.0,1
B007EYZ16I,5.0,1
B007EX8TDG,5.0,1
B007EX1AIM,5.0,1
B007EWATGW,5.0,1
B007EUZ162,5.0,1
B007EU1KBW,5.0,1
B007EU1BHU,5.0,1
B007ETXVAQ,5.0,1
B007ETLNII,5.0,1
B007F7R0MC,5.0,1
B007F89UL0,4.0,1
B007F8K2RG,5.0,1
B007F8SOK8,4.0,1
B007FI3YVM,5.0,1
B007FI0K3W,4.0,1
B007FHY3QS,5.0,1
B007FHO6NI,5.0,1
B007FGYY54,5.0,1
B007FGYTAE,4.0,1
B007FGYEHM,4.0,1
B007FGY9A4,5.0,1
B007FGMLJU,4.0,1
B007FG9724,5.0,1
B007FFQANO,5.0,1
B007FFNNJI,4.0,1
B007FF07KQ,5.0,1
B007FE9OQU,5.0,1
B007FDX79G,5.0,1
B007FDUA3M,5.0,1
B007FDRZ94,5.0,1
B007FCBDKW,5.0,1
B007FCAAWY,5.0,1
B007FC79YQ,5.0,1
B007FB0MIW,5.0,1
B007FA44AU,5.0,1
B007F9LJ9U,5.0,1
B007ESYC0K,4.0,1
B007ESECI2,5.0,1
B007EDMHZ2,5.0,1
B007EDFP06,5.0,1
B007EDENUY,5.0,1
B007ED8K8K,5.0,1
B007ED16MM,5.0,1
B007ECT5JE,5.0,1
B007EC5N7W,5.0,1
B007EBZ332,5.0,1
B007EBLPTS,5.0,1
B007EBCAY2,5.0,1
B007EAEJP6,5.0,1
B007E9ID04,5.0,1
B007E9HQH0,5.0,1
B007E9DWZU,5.0,1
B007E8U0LA,5.0,1
B007E81JVA,5.0,1
B007E5B68O,5.0,1
B007E2KEL2,5.0,1
B007E22RRG,5.0,1
B007E1UIXW,5.0,1
B007E1GC3C,5.0,1
B007DZYDQW,5.0,1
B007DZXTRQ,5.0,1
B007DZXF34,4.0,1
B007EDLJ1U,5.0,1
B007EPA6R6,5.0,1
B007EDSNRI,5.0,1
B007EMR8DO,4.0,1
B007EMH7W6,5.0,1
B007EM8DY2,5.0,1
B007ELGVME,5.0,1
B007EKG1X4,5.0,1
B007EJW9UO,5.0,1
B007EITZCU,5.0,1
B007EI2NGK,4.0,1
B007EHLHIQ,5.0,1
B007EHF1H4,5.0,1
B007EHF0MK,5.0,1
B007EH92RO,5.0,1
B007EGIP5U,5.0,1
B007EG1HIW,5.0,1
B007EFEJW4,5.0,1
B007EFAY7I,5.0,1
B007EEHNC8,5.0,1
B007EEGR5W,4.0,1
B007EEEV9G,5.0,1
B007EEBAVS,5.0,1
B007EE115I,4.0,1
B007EDVHZI,5.0,1
B007EDTZ02,5.0,1
B007FI48DK,4.0,1
B007FIU78K,5.0,1
B007FIU8OI,5.0,1
B007GBXSI2,5.0,1
B007GBNP44,5.0,1
B007GBJIF4,4.0,1
B007GBJEXU,4.0,1
B007GALJNO,5.0,1
B007GACH76,5.0,1
B007GA1X8A,5.0,1
B007G9WGDW,5.0,1
B007G82LJ2,5.0,1
B007G82KZW,4.0,1
B007G80NSS,5.0,1
B007G4T8J2,5.0,1
B007G4SUPK,5.0,1
B007G3T6Q8,4.0,1
B007G2PXDY,5.0,1
B007G2LO0U,4.0,1
B007G2IQ0Q,5.0,1
B007G2EYAC,5.0,1
B007G281DS,5.0,1
B007G1F05Q,5.0,1
B007G1BLGS,5.0,1
B007G15N2Q,5.0,1
B007GCLJD2,4.0,1
B007G0MQRC,4.0,1
B007GILRUQ,5.0,1
B007GIA3B0,4.0,1
B007GHMT7C,5.0,1
B007GGRYB4,5.0,1
B007GGR1J4,5.0,1
B007GGQ8Q6,5.0,1
B007GGQ7QW,4.0,1
B007GGPPMY,5.0,1
B007GGI36Y,4.0,1
B007GGG4PG,5.0,1
B007GGA420,5.0,1
B007GG90MK,5.0,1
B007GG7YIM,4.0,1
B007GEZ7OM,5.0,1
B007GELWGO,5.0,1
B007GE9TLY,5.0,1
B007GE41A8,4.0,1
B007GE37U8,4.0,1
B007GE2DWG,5.0,1
B007GDX9XE,5.0,1
B007GD5R7U,4.0,1
B007G14DEA,4.0,1
B007FQDJHS,5.0,1
B007FPP61Q,5.0,1
B007FNQZWW,5.0,1
B007FNFJ10,5.0,1
B007FLU13I,5.0,1
B007FLCXCU,5.0,1
B007FKMILC,5.0,1
B007FKMGPK,5.0,1
B007FKGSQI,5.0,1
B007FK4H1Q,5.0,1
B007FK10UW,5.0,1
B007FJ7COG,5.0,1
B007FJ1NPK,5.0,1
B007FJ1AXA,5.0,1
B007FJ1ASA,5.0,1
B007FJ0NB0,4.0,1
B007FIZQYK,5.0,1
B007FIUEGU,5.0,1
B007FQ3WUW,5.0,1
B007FSFRM6,5.0,1
B007G0K05C,5.0,1
B007FSFS66,4.0,1
B007G0J9JA,4.0,1
B007G03KFO,4.0,1
B007FZZB0C,5.0,1
B007FZUPE4,4.0,1
B007FYB4MW,5.0,1
B007FY5SGU,5.0,1
B007FY19X6,5.0,1
B007FXXV6U,5.0,1
B007FXWOEA,5.0,1
B007FXQ2UW,5.0,1
B007FX3ZLQ,5.0,1
B007FWN80U,4.0,1
B007FWN2AG,5.0,1
B007FWM8VU,4.0,1
B007FWBEX8,5.0,1
B007FWB9RE,5.0,1
B007FW62E4,5.0,1
B007FVZB56,5.0,1
B007FVT012,4.0,1
B007FVADFO,5.0,1
B007FTM3MM,5.0,1
B007FTCY7Q,5.0,1
B007FSMYL8,5.0,1
B007DZJOO8,5.0,1
B007DZI5OS,4.0,1
B007KA6NBI,5.0,1
B007C71SLY,4.0,1
B007C75WXY,5.0,1
B007C74QTU,5.0,1
B007C74H1M,4.0,1
B007C73ZXS,5.0,1
B007C73Z1K,5.0,1
B007C73MI6,4.0,1
B007C737QS,5.0,1
B007C735AQ,5.0,1
B007C72XTA,5.0,1
B007C72ALQ,5.0,1
B007C712G0,5.0,1
B007C6YO0M,4.0,1
B007C6YG9Q,5.0,1
B007C6M8R8,5.0,1
B007C6ETQG,5.0,1
B007C60PP0,5.0,1
B007C5ZKD8,5.0,1
B007C5X34G,5.0,1
B007C5X288,4.0,1
B007C5WJB4,4.0,1
B007C5TXAE,5.0,1
B007C5SUGM,5.0,1
B007C5MKVS,5.0,1
B007C5GEOC,4.0,1
B007C7BXQ4,5.0,1
B007C7QVIO,5.0,1
B007C7SDWQ,5.0,1
B007CH2EB2,5.0,1
B007CH26AG,5.0,1
B007CG1OGE,5.0,1
B007CFRL4O,4.0,1
B007CFGBYK,4.0,1
B007CFF7D6,5.0,1
B007CFEKZ2,5.0,1
B007CEYMOW,5.0,1
B007CE58IQ,5.0,1
B007CCDFVA,5.0,1
B007CBUT38,5.0,1
B007CBQFQ8,4.0,1
B007CBEA8I,4.0,1
B007CBC65W,5.0,1
B007C8ZH3S,5.0,1
B007C8SJ5G,5.0,1
B007C8G66A,5.0,1
B007C8G0FC,5.0,1
B007C7YS70,4.0,1
B007C4PDP4,4.0,1
B007C3WRQI,4.0,1
B007BPKBRE,5.0,1
B007BOCE66,5.0,1
B007BO3QL8,4.0,1
B007BNSUVU,5.0,1
B007BN8AH4,5.0,1
B007BN7ONA,5.0,1
B007BMOSPS,4.0,1
B007BMOROK,5.0,1
B007BMOFKQ,5.0,1
B007BMNZX4,4.0,1
B007BMNZ1Q,5.0,1
B007BLY9H6,5.0,1
B007BLT8QI,5.0,1
B007BLLNIY,4.0,1
B007BLK5MO,5.0,1
B007BLK33K,5.0,1
B007BL43I6,5.0,1
B007BJQH8W,5.0,1
B007BJQGJC,4.0,1
B007BJQG2O,5.0,1
B007BJQF2U,5.0,1
B007BJQEZ8,5.0,1
B007BJQC9Q,5.0,1
B007BJO5VS,5.0,1
B007BOG8BI,5.0,1
B007C2C1T2,5.0,1
B007BQEXJU,4.0,1
B007C2ASF6,5.0,1
B007C27LVU,5.0,1
B007C27J7Q,5.0,1
B007C16ISI,5.0,1
B007C05NH6,5.0,1
B007BZHCNK,5.0,1
B007BZ4V6G,5.0,1
B007BYOKIG,4.0,1
B007BYN8MK,5.0,1
B007BYLOO4,4.0,1
B007BYHTHU,5.0,1
B007BY56Q6,5.0,1
B007BX2D22,5.0,1
B007BWK2Y4,4.0,1
B007BVDHV0,4.0,1
B007BV8E3Q,5.0,1
B007BV06RI,5.0,1
B007BU6N1M,5.0,1
B007BU4YBI,4.0,1
B007BTTYGE,5.0,1
B007BSWBFG,5.0,1
B007BRJMKO,5.0,1
B007BRADCK,5.0,1
B007BR5HSU,5.0,1
B007BQTDSQ,5.0,1
B007CH2F2A,5.0,1
B007CH4U1Y,5.0,1
B007CIFRWO,5.0,1
B007D8UE80,5.0,1
B007D8EPG2,5.0,1
B007D83LFS,5.0,1
B007D7XTWY,5.0,1
B007D7CZY2,5.0,1
B007D6MXYU,5.0,1
B007D6MFPC,5.0,1
B007D6LXM8,5.0,1
B007D6LVES,5.0,1
B007D64AEG,5.0,1
B007D63XJO,5.0,1
B007D61SAA,5.0,1
B007D5R7K6,5.0,1
B007D5QWWK,5.0,1
B007D5QUPY,5.0,1
B007D5QUMM,5.0,1
B007D5QUBS,5.0,1
B007D5QTVO,5.0,1
B007D4TOXA,5.0,1
B007D4TB7O,5.0,1
B007D4SLIY,5.0,1
B007D4S09E,4.0,1
B007D3O9G8,4.0,1
B007D1QA7G,5.0,1
B007D1Q8SM,4.0,1
B007D1I556,5.0,1
B007D912DK,5.0,1
B007D1G756,5.0,1
B007DA2FLM,5.0,1
B007DXPH32,5.0,1
B007DUHPVM,5.0,1
B007DPFU6Y,4.0,1
B007DNE1QQ,5.0,1
B007DLSKR4,5.0,1
B007DKZ49M,5.0,1
B007DKYNCG,5.0,1
B007DKV9UK,5.0,1
B007DKN0NE,5.0,1
B007DKM9U4,4.0,1
B007DKLG8K,5.0,1
B007DKK4ZG,5.0,1
B007DJLY1K,5.0,1
B007DISGWG,5.0,1
B007DDCVXG,5.0,1
B007DCZ0CQ,5.0,1
B007DCX9NS,5.0,1
B007DCCF9M,4.0,1
B007DB5JXW,4.0,1
B007DB5HP2,4.0,1
B007DB4ZZU,5.0,1
B007DB4OYC,4.0,1
B007DAZ6Y0,4.0,1
B007D1GLK2,5.0,1
B007D1G6WA,5.0,1
B007CJRQPO,5.0,1
B007CU30UI,5.0,1
B007CQQSKQ,5.0,1
B007COO1EI,4.0,1
B007COJC6K,4.0,1
B007COFPE8,5.0,1
B007COBWYK,5.0,1
B007CM4BIQ,5.0,1
B007CM4ARS,4.0,1
B007CLWF6W,5.0,1
B007CLVICY,5.0,1
B007CLSOZS,4.0,1
B007CLSOJO,5.0,1
B007CL9LN2,4.0,1
B007CL6TH8,4.0,1
B007CKW8O2,5.0,1
B007CKPMY0,4.0,1
B007CKNIZK,5.0,1
B007CKCB1C,5.0,1
B007CKBBSQ,5.0,1
B007CJU1RE,5.0,1
B007CST630,5.0,1
B007CUPOIY,5.0,1
B007D1FIE2,5.0,1
B007D1FI9C,5.0,1
B007D1FHSO,5.0,1
B007D1FHOI,5.0,1
B007D1FD6A,5.0,1
B007D1FAOA,5.0,1
B007D1FAJ0,5.0,1
B007D1F8N8,5.0,1
B007D1F05Y,5.0,1
B007D1EC44,5.0,1
B007D1EBJU,5.0,1
B007D1EAAU,5.0,1
B007D1E73U,5.0,1
B007D1DC54,5.0,1
B007D1DBWI,5.0,1
B007D1DAKG,5.0,1
B007D1CT8U,5.0,1
B007D1CSX6,5.0,1
B007D1CSPO,5.0,1
B007D1CRF0,4.0,1
B007D1CN54,5.0,1
B007D0BVYE,4.0,1
B007CZ7CXY,5.0,1
B007CYUOP8,5.0,1
B007CY0HBE,5.0,1
B007GK3NVU,5.0,1
B007GK4IIM,5.0,1
B007J1VZWK,5.0,1
B007J6VIN6,5.0,1
B007J6UQLQ,5.0,1
B007J6QYE4,5.0,1
B007J6MFII,5.0,1
B007J6G82C,5.0,1
B007J6C56K,5.0,1
B007J5OOXS,4.0,1
B007J4REFO,4.0,1
B007J4N5LG,5.0,1
B007J4JO6Q,5.0,1
B007J4FD5M,5.0,1
B007J4F4UQ,5.0,1
B007J1VM0U,5.0,1
B007J0R01Q,4.0,1
B007J0F2VG,5.0,1
B007IYGGOK,5.0,1
B007IY4I2W,5.0,1
B007IXWLSG,5.0,1
B007IXVXSA,5.0,1
B007IXFEWQ,5.0,1
B007IXARS2,5.0,1
B007IWIMHQ,4.0,1
B007IWEMYS,5.0,1
B007IWC20E,5.0,1
B007J7CPDC,5.0,1
B007J7G3LC,5.0,1
B007J7M24O,5.0,1
B007J7Q7KE,4.0,1
B007JDHXA6,4.0,1
B007JD6TZG,4.0,1
B007JD5A2E,5.0,1
B007JD51QY,5.0,1
B007JCPNUE,5.0,1
B007JCL5YC,5.0,1
B007JCL4W0,4.0,1
B007JCIIGA,5.0,1
B007JCHKWI,5.0,1
B007JCG8ZI,5.0,1
B007JBR7XG,5.0,1
B007JB8NLQ,5.0,1
B007JB1RJG,5.0,1
B007JB0XIW,4.0,1
B007JB0VL6,5.0,1
B007JAPRG6,5.0,1
B007J973NC,5.0,1
B007J8FF8S,5.0,1
B007J7QK8S,5.0,1
B007IWBZGQ,4.0,1
B007IW5P4Y,5.0,1
B007ISIQFI,5.0,1
B007IS2ID4,5.0,1
B007IREPA4,4.0,1
B007IRENDS,5.0,1
B007IOZ6H8,5.0,1
B007IOR82Y,5.0,1
B007IONAR6,4.0,1
B007ION9FE,5.0,1
B007IOMFOA,4.0,1
B007IOM9RI,5.0,1
B007IODL3Y,5.0,1
B007IO8R5G,4.0,1
B007INX7WU,5.0,1
B007INRAEG,4.0,1
B007ILHGMY,5.0,1
B007IL3UOM,5.0,1
B007IKVBM6,5.0,1
B007IKT57Y,5.0,1
B007IKSI8Q,4.0,1
B007IKR1R0,5.0,1
B007IKR1IO,5.0,1
B007IKPPW8,5.0,1
B007IKFN9S,5.0,1
B007ISHMB2,5.0,1
B007ISREZG,5.0,1
B007ISRF5K,5.0,1
B007IVYIAC,4.0,1
B007IVVVSE,5.0,1
B007IVVH10,5.0,1
B007IVUWDY,5.0,1
B007IVTOEC,5.0,1
B007IVT6UE,5.0,1
B007IVT6AO,4.0,1
B007IVT36G,4.0,1
B007IVRGTM,5.0,1
B007IVP8M4,5.0,1
B007IVL3NW,4.0,1
B007IVKVPS,5.0,1
B007IVF7JI,5.0,1
B007IVEKD2,5.0,1
B007IVCVJC,5.0,1
B007IV8EZC,4.0,1
B007IV7XN6,5.0,1
B007IUVX10,4.0,1
B007IUS2T6,5.0,1
B007IUE9R0,5.0,1
B007IU8JUS,5.0,1
B007IU56T0,5.0,1
B007ISRY0G,5.0,1
B007ISRU4G,5.0,1
B007JEU8DY,5.0,1
B007JF3FK6,5.0,1
B007JGULS4,5.0,1
B007K029JS,5.0,1
B007JZEO6U,5.0,1
B007JZEN02,5.0,1
B007JZEK8M,4.0,1
B007JZA5IG,5.0,1
B007JZ8UJW,5.0,1
B007JZ8TO8,5.0,1
B007JZ7SHW,5.0,1
B007JZ4OQA,5.0,1
B007JZ21JC,5.0,1
B007JYZWXU,5.0,1
B007JYXWHS,4.0,1
B007JYSGAG,5.0,1
B007JYF6HC,5.0,1
B007JXHME8,5.0,1
B007JWX8FG,5.0,1
B007JVYLSU,5.0,1
B007JVYKNQ,4.0,1
B007JVYHOI,5.0,1
B007JVYH8E,5.0,1
B007JZEONI,5.0,1
B007K0LD6S,5.0,1
B007JVT04K,5.0,1
B007K1EK1W,5.0,1
B007KA475C,5.0,1
B007KA2FOW,4.0,1
B007K9PPMM,4.0,1
B007K9BSF0,5.0,1
B007K9A4XM,5.0,1
B007K8YGZ0,4.0,1
B007K8WMW4,5.0,1
B007K8U7UI,5.0,1
B007K8QYI2,5.0,1
B007K8N40I,4.0,1
B007K8JBLY,5.0,1
B007K80ERE,5.0,1
B007K7K2VS,5.0,1
B007K7IACG,5.0,1
B007K6TEPY,5.0,1
B007K6SLW6,4.0,1
B007K6O9RM,5.0,1
B007K6CC6C,4.0,1
B007K6BY3E,4.0,1
B007K6BXLW,5.0,1
B007K6BX6M,5.0,1
B007K6BX4O,5.0,1
B007K6BTUW,5.0,1
B007K55HT2,4.0,1
B007K4TOII,5.0,1
B007K4O86G,5.0,1
B007K4MBB0,5.0,1
B007K3DC82,5.0,1
B007JVYC6G,5.0,1
B007JGXFCI,4.0,1
B007JMVK56,5.0,1
B007JM5IRW,5.0,1
B007JLLBWO,5.0,1
B007JLJ054,5.0,1
B007JLI0K0,4.0,1
B007JLA1Q6,4.0,1
B007JK4460,5.0,1
B007JK2OV2,5.0,1
B007JIOUC0,5.0,1
B007JIOPEI,5.0,1
B007JIOLCE,4.0,1
B007JIOLA6,5.0,1
B007JIOKJS,4.0,1
B007JIN77O,4.0,1
B007JIN1YS,5.0,1
B007JIN1RK,5.0,1
B007JH043U,5.0,1
B007JH03CC,5.0,1
B007JGZS8W,5.0,1
B007JGZHOW,4.0,1
B007JGYTBY,5.0,1
B007JGXOMO,5.0,1
B007JGXFEQ,5.0,1
B007JMAGD8,5.0,1
B007JNJMXW,4.0,1
B007JV8R6W,5.0,1
B007JNLFVO,5.0,1
B007JV246Q,5.0,1
B007JUYF0K,5.0,1
B007JUVWQ0,5.0,1
B007JUUYU0,5.0,1
B007JUUYGY,5.0,1
B007JULQZW,5.0,1
B007JUK6BM,4.0,1
B007JT3WDC,5.0,1
B007JQ9SBA,5.0,1
B007JPJALY,5.0,1
B007JP6UDK,5.0,1
B007JOY11E,5.0,1
B007JNXJ4K,4.0,1
B007JNVJDI,4.0,1
B007IKDIN6,5.0,1
B007IKBREI,4.0,1
B007HJPFKM,5.0,1
B007HIE1JO,5.0,1
B007HIDZTQ,5.0,1
B007HIDYCY,5.0,1
B007HHWSRW,5.0,1
B007HHQHD8,5.0,1
B007HHOJOW,5.0,1
B007HHKWNY,4.0,1
B007HHBR88,5.0,1
B007HFN396,5.0,1
B007HDYU5E,5.0,1
B007HCU62G,5.0,1
B007HCIA8I,5.0,1
B007HCH8JA,5.0,1
B007HCBVE8,4.0,1
B007HC26P6,5.0,1
B007HC1XCI,5.0,1
B007HC1X0U,5.0,1
B007HBYKNI,5.0,1
B007HBY1JQ,4.0,1
B007HBR8Q4,5.0,1
B007HB9MDQ,5.0,1
B007HB5VPY,4.0,1
B007HAZJ7U,5.0,1
B007H9NUZY,4.0,1
B007HKK876,5.0,1
B007H9LW54,4.0,1
B007HKMG8A,5.0,1
B007HO8E1E,5.0,1
B007HNYGY4,5.0,1
B007HMCYH6,5.0,1
B007HM2NPE,5.0,1
B007HLZQ3Q,5.0,1
B007HLYZ1A,5.0,1
B007HLYNQC,5.0,1
B007HLYL5U,4.0,1
B007HLY81M,5.0,1
B007HLWRTM,5.0,1
B007HLWOIQ,4.0,1
B007HLV2MA,5.0,1
B007HLUMSA,5.0,1
B007HKP7DQ,5.0,1
B007HKP7AY,5.0,1
B007HKP7AO,5.0,1
B007HKOKX4,4.0,1
B007HKOG56,4.0,1
B007HKMVKS,5.0,1
B007HKMRG6,5.0,1
B007HKMPH2,4.0,1
B007HKMMPM,5.0,1
B007H9N6X0,5.0,1
B007GY3NM0,5.0,1
B007GXW3VS,4.0,1
B007GX5V4E,5.0,1
B007GWO9AW,5.0,1
B007GSHZZ2,4.0,1
B007GSCCAA,5.0,1
B007GS55Z4,4.0,1
B007GS1F58,5.0,1
B007GS14MW,5.0,1
B007GR8J30,5.0,1
B007GR3886,5.0,1
B007GR15M2,5.0,1
B007GQNR3I,5.0,1
B007GPFG0G,5.0,1
B007GOKL0M,5.0,1
B007GOBVW4,5.0,1
B007GO6IJ0,4.0,1
B007GO6F16,5.0,1
B007GNIS4O,5.0,1
B007GND5E2,5.0,1
B007GMTKI8,5.0,1
B007GMSIFO,5.0,1
B007GMS1R4,5.0,1
B007GLZFBU,4.0,1
B007GLYZXO,4.0,1
B007GY2EWK,5.0,1
B007GYN2BW,4.0,1
B007H90MPU,5.0,1
B007GYSSAM,5.0,1
B007H8MZYC,4.0,1
B007H84N1K,5.0,1
B007H7Z9KK,5.0,1
B007H7WYX0,5.0,1
B007H5TCVY,5.0,1
B007H5T5W0,5.0,1
B007H5AZSS,5.0,1
B007H4UPKW,4.0,1
B007H4QPYW,5.0,1
B007H4EENG,5.0,1
B007H4DHXY,5.0,1
B007H3XZYG,5.0,1
B007H2QZ3U,5.0,1
B007H2KWEI,5.0,1
B007H2K6DU,5.0,1
B007H2BSOQ,5.0,1
B007H2B5GW,5.0,1
B007H1B9MS,5.0,1
B007H0K8IU,5.0,1
B007GZMCW6,5.0,1
B007GZLGZU,4.0,1
B007GZKP52,4.0,1
B007GZKI54,4.0,1
B007GZANIQ,5.0,1
B007GYSTFG,4.0,1
B007HOEATY,5.0,1
B007I99SUE,4.0,1
B007I88TSC,5.0,1
B007I7AOOK,5.0,1
B007I6V5I0,5.0,1
B007I6STZ2,5.0,1
B007I6RLG0,5.0,1
B007I6P9O6,5.0,1
B007I6GXXC,5.0,1
B007I6DE8Y,5.0,1
B007I5WAHG,5.0,1
B007I5U4B0,5.0,1
B007I5NEU8,5.0,1
B007I5MR56,5.0,1
B007I5GOXM,5.0,1
B007I4RV2G,4.0,1
B007I4MNSI,5.0,1
B007I4C734,4.0,1
B007I49CZ0,5.0,1
B007I3PSIG,5.0,1
B007I3CT4W,4.0,1
B007I8LTSE,5.0,1
B007I0M16G,5.0,1
B007IAARJO,5.0,1
B007IK3IKY,4.0,1
B007IK3FX4,5.0,1
B007IK3E58,5.0,1
B007IJXFKI,5.0,1
B007IJOG38,4.0,1
B007IJDHZQ,5.0,1
B007IJ210I,4.0,1
B007IIXPGI,5.0,1
B007IIP96W,4.0,1
B007IIIGM6,5.0,1
B007IIIGE4,5.0,1
B007IIIAD6,5.0,1
B007IIFQ6K,4.0,1
B007IGZEV4,5.0,1
B007IGXQSC,4.0,1
B007IFRK9E,5.0,1
B007IEFWBS,5.0,1
B007IE3U4Y,5.0,1
B007IE3TVS,5.0,1
B007IE3LKC,5.0,1
B007IDS0JU,5.0,1
B007ICTLH6,5.0,1
B007I0M5Q2,4.0,1
B007I0HXXW,5.0,1
B007HOEAYE,5.0,1
B007HTUGEW,5.0,1
B007HTT82S,5.0,1
B007HTRISY,5.0,1
B007HTQP56,5.0,1
B007HTNYAK,5.0,1
B007HTNQ5S,5.0,1
B007HTL178,5.0,1
B007HTF68S,5.0,1
B007HSOLR6,5.0,1
B007HSC326,5.0,1
B007HRUOVE,5.0,1
B007HRM3IG,5.0,1
B007HRJ53C,4.0,1
B007HREAGO,5.0,1
B007HQ49KC,5.0,1
B007HPPUX8,5.0,1
B007HOGUSI,5.0,1
B007HTUI72,5.0,1
B007I01F3G,5.0,1
B007HTWFEG,5.0,1
B007I013LA,5.0,1
B007I0116W,4.0,1
B007I010A4,5.0,1
B007I00GUY,4.0,1
B007HZZT1G,5.0,1
B007HZXCDS,5.0,1
B007HZHKT0,5.0,1
B007HZHKOA,4.0,1
B007HZHG8A,4.0,1
B007HWEAI2,5.0,1
B007HVIB9W,5.0,1
B007HUAXM6,4.0,1
B007HU9EBC,5.0,1
B007HU7MES,5.0,1
B007HU7FNQ,5.0,1
B007HU4I5Y,5.0,1
B007HU3P6W,5.0,1
B007HU3EC2,5.0,1
B007HU3BZ2,5.0,1
B007HU18RA,5.0,1
B007HTZVNI,5.0,1
B007HTZNIQ,5.0,1
B007HTZ8MW,5.0,1
B007PWU3LC,5.0,1
B0080LK7WC,4.0,1
B007X570KS,5.0,1
B007X6BMOM,4.0,1
B007X68P2Y,5.0,1
B007X62778,5.0,1
B007X61YN6,5.0,1
B007X614I6,5.0,1
B007X60B44,5.0,1
B007X5NH8C,5.0,1
B007X5KQ40,4.0,1
B007X5ITPS,5.0,1
B007X5B982,5.0,1
B007X5984E,5.0,1
B007X52O40,4.0,1
B007WRWCLE,5.0,1
B007X52LJ8,5.0,1
B007X4YGF6,5.0,1
B007X4X576,4.0,1
B007X4OPVG,5.0,1
B007X4OD8Q,5.0,1
B007X4JIX6,5.0,1
B007X4I8UK,5.0,1
B007X4FZR4,5.0,1
B007X4FDDU,5.0,1
B007X3I7E8,5.0,1
B007X3FYUS,5.0,1
B007X39UV2,5.0,1
B007X6K478,5.0,1
B007XAFITI,4.0,1
B007XAFH1W,5.0,1
B007XAFGU4,4.0,1
B007XAF68G,5.0,1
B007XAC5KS,5.0,1
B007XA61LM,5.0,1
B007XA2TTU,5.0,1
B007XA277E,5.0,1
B007X9YMIC,5.0,1
B007X9YISG,4.0,1
B007X912QM,4.0,1
B007X8UT8K,5.0,1
B007X89MRE,5.0,1
B007X7YL3U,5.0,1
B007X7UTBS,5.0,1
B007X7IO4M,5.0,1
B007X6OA78,5.0,1
B007X6NQKK,5.0,1
B007X6MWKA,5.0,1
B007X329W4,5.0,1
B007X30Z8O,4.0,1
B007WS1HCI,5.0,1
B007WS0AGW,5.0,1
B007WS0A2G,5.0,1
B007WS07BK,5.0,1
B007WS0788,5.0,1
B007WS04J0,5.0,1
B007WS042W,5.0,1
B007WS02E2,5.0,1
B007WRZVQ2,4.0,1
B007WRZTIC,5.0,1
B007WRZKNG,5.0,1
B007WRZFLI,5.0,1
B007WRZEFU,5.0,1
B007WRZBWQ,5.0,1
B007WRZ6RG,5.0,1
B007WRZ57M,4.0,1
B007WRYZHS,4.0,1
B007WRYMAS,4.0,1
B007WRXU7Y,5.0,1
B007WRXPI8,4.0,1
B007WRX6G4,5.0,1
B007WRX1A0,5.0,1
B007WRWO4Y,5.0,1
B007WRWN68,4.0,1
B007WS0DLE,5.0,1
B007WS28VW,5.0,1
B007X214IU,5.0,1
B007X20VHU,5.0,1
B007X1Z9IM,5.0,1
B007X1YSXO,5.0,1
B007X0Z726,5.0,1
B007X0V7OI,4.0,1
B007X0SKUW,4.0,1
B007X0L9ZK,5.0,1
B007X0459C,5.0,1
B007WXV4TY,5.0,1
B007WWACVQ,4.0,1
B007WW4A7I,5.0,1
B007WVY4MK,5.0,1
B007WV7WKG,5.0,1
B007WUGB90,5.0,1
B007WU11JK,5.0,1
B007WTL7FE,5.0,1
B007WTHL5E,5.0,1
B007WTA3JU,5.0,1
B007WSW6SW,5.0,1
B007WSTU2W,4.0,1
B007WSTT2I,5.0,1
B007XAPOGU,5.0,1
B007XAQI1K,4.0,1
B007XATUX8,5.0,1
B007XTHPYA,5.0,1
B007XTESYU,5.0,1
B007XTESJK,5.0,1
B007XTE46W,4.0,1
B007XT7ABI,4.0,1
B007XSUVZ6,5.0,1
B007XSSXJ2,5.0,1
B007XRE4E6,5.0,1
B007XR13JU,5.0,1
B007XQDNM6,5.0,1
B007XPO9V6,5.0,1
B007XPLVNA,4.0,1
B007XPLUMC,5.0,1
B007XPBCNY,5.0,1
B007XPATX8,5.0,1
B007XPACOE,5.0,1
B007XOP84O,5.0,1
B007XON1UC,4.0,1
B007XOJ07A,5.0,1
B007XO8MQK,5.0,1
B007XO08VW,5.0,1
B007XNHDR0,4.0,1
B007XNGI30,4.0,1
B007XTN50S,4.0,1
B007XUBTW8,5.0,1
B007XMTVHG,5.0,1
B007XUC3U0,5.0,1
B007XZMD3M,5.0,1
B007XZH364,5.0,1
B007XZ9BNC,5.0,1
B007XY7BYY,5.0,1
B007XY441C,5.0,1
B007XY2KIG,5.0,1
B007XXXUTK,5.0,1
B007XXT9MC,5.0,1
B007XXRJ7O,5.0,1
B007XXODNM,5.0,1
B007XXB632,5.0,1
B007XX7NEI,5.0,1
B007XWX5YG,5.0,1
B007XWWM68,5.0,1
B007XWV3YU,4.0,1
B007XWKAFI,5.0,1
B007XW5ED6,5.0,1
B007XVXCGS,5.0,1
B007XVRGKG,4.0,1
B007XV8RCW,5.0,1
B007XV8EAW,5.0,1
B007XV7QTW,5.0,1
B007XULXGU,5.0,1
B007XULWHK,5.0,1
B007XNGBP0,5.0,1
B007XMPYHM,5.0,1
B007XAU3SY,5.0,1
B007XHQRNW,4.0,1
B007XGZ83S,5.0,1
B007XGXBZK,5.0,1
B007XGXBQY,5.0,1
B007XG7160,5.0,1
B007XFXH32,5.0,1
B007XFVFRW,4.0,1
B007XFSQS8,4.0,1
B007XFHMM4,4.0,1
B007XF0TA6,4.0,1
B007XEET7G,5.0,1
B007XCMA7O,5.0,1
B007XCCLFU,4.0,1
B007XCBKN4,5.0,1
B007XCB1OC,5.0,1
B007XCB11K,5.0,1
B007XCAOEK,5.0,1
B007XCANHS,4.0,1
B007XCACKQ,5.0,1
B007XCABS4,5.0,1
B007XC7NOO,5.0,1
B007XC5PE4,5.0,1
B007XBRARK,5.0,1
B007XBR6CE,5.0,1
B007XBMMMI,5.0,1
B007XB6O2M,5.0,1
B007XB1GZW,5.0,1
B007XH4WL6,5.0,1
B007XHSE2E,5.0,1
B007XMMLM8,5.0,1
B007XMIV9A,5.0,1
B007XLXZYM,5.0,1
B007XL9MOE,5.0,1
B007XL3OTS,5.0,1
B007XL1KYY,5.0,1
B007XL0Y14,5.0,1
B007XL01X0,5.0,1
B007XKXXAY,5.0,1
B007XKWTMM,5.0,1
B007XKCJ8G,5.0,1
B007XK5NQQ,5.0,1
B007XJUYRU,5.0,1
B007XJUK1U,4.0,1
B007XJU6GO,5.0,1
B007XJTTCG,4.0,1
B007XJTC7I,5.0,1
B007XJQXZ2,4.0,1
B007XJQ1MW,5.0,1
B007XIXM5C,4.0,1
B007XIWMWG,5.0,1
B007XIW25S,5.0,1
B007XIMCXK,5.0,1
B007WRWIWC,5.0,1
B007WRWBJW,5.0,1
B007XZZA3C,5.0,1
B007VTCFH4,4.0,1
B007VTWQAA,4.0,1
B007VTVNH2,5.0,1
B007VTTK72,5.0,1
B007VTSE10,5.0,1
B007VTSCYE,5.0,1
B007VTSBDQ,4.0,1
B007VTRSJE,5.0,1
B007VTQAX4,5.0,1
B007VTPYHM,5.0,1
B007VTPTOK,5.0,1
B007VTIRJO,5.0,1
B007VTIQ68,5.0,1
B007VTBVBK,4.0,1
B007WRWB2O,5.0,1
B007VTBV5Q,5.0,1
B007VT8HK8,5.0,1
B007VT6GEM,5.0,1
B007VT6BRE,5.0,1
B007VT65KC,5.0,1
B007VSUI8S,5.0,1
B007VSJS4I,5.0,1
B007VSH4AI,5.0,1
B007VSAJUK,5.0,1
B007VU16JQ,5.0,1
B007VUKF5M,5.0,1
B007VWL2ZM,5.0,1
B007W6IQL0,5.0,1
B007W649P2,5.0,1
B007W5AW7W,5.0,1
B007W563F2,5.0,1
B007W4ZG56,5.0,1
B007W4S5GS,5.0,1
B007W4N90A,5.0,1
B007W4DVU8,5.0,1
B007W449E0,4.0,1
B007W2KIN8,5.0,1
B007W21UOO,5.0,1
B007W1OTQG,5.0,1
B007W15WU8,5.0,1
B007W140BU,5.0,1
B007W13WTQ,5.0,1
B007W0W1XA,4.0,1
B007VXUHWK,5.0,1
B007VXG0ZS,5.0,1
B007VWXFAC,5.0,1
B007VQV6OA,5.0,1
B007VQHRS4,5.0,1
B007VHPCAS,4.0,1
B007VH1WLG,4.0,1
B007VGK18C,5.0,1
B007VGJ836,5.0,1
B007VGF916,5.0,1
B007VGF862,4.0,1
B007VGCO3W,5.0,1
B007VG8BPC,5.0,1
B007VG86Z2,5.0,1
B007VG5NR6,5.0,1
B007VG55JM,4.0,1
B007VG4R7I,5.0,1
B007VFHNN4,5.0,1
B007VFD03G,5.0,1
B007VFBG96,5.0,1
B007VFB100,5.0,1
B007VF9X32,5.0,1
B007VF8TI2,5.0,1
B007VF7IIE,4.0,1
B007VF6TZC,5.0,1
B007VEJ5RW,5.0,1
B007VDYAP0,5.0,1
B007VDWFZC,4.0,1
B007VDN2DG,5.0,1
B007VHATPG,5.0,1
B007VI4XJI,5.0,1
B007VQ7IWY,5.0,1
B007VQ1J4C,5.0,1
B007VPO4TA,4.0,1
B007VPNW3O,4.0,1
B007VPNMSE,5.0,1
B007VPADF4,4.0,1
B007VP9YPE,5.0,1
B007VP08AY,5.0,1
B007VORJU2,5.0,1
B007VNSUC4,5.0,1
B007VN7EZI,5.0,1
B007VN41AY,5.0,1
B007VN2UV6,5.0,1
B007VMYWLS,5.0,1
B007VMJW4U,5.0,1
B007VLHYC8,4.0,1
B007VL6LZO,4.0,1
B007VJRE20,5.0,1
B007VIZTSC,5.0,1
B007VII60U,5.0,1
B007W7KCGQ,4.0,1
B007W7KD60,5.0,1
B007W8XEL0,5.0,1
B007WRUHH0,5.0,1
B007WRUFHM,5.0,1
B007WRUEGE,5.0,1
B007WRUDSS,5.0,1
B007WRUCDY,4.0,1
B007WRUBU8,5.0,1
B007WRU1YY,4.0,1
B007WRU0EU,5.0,1
B007WRTXQ6,5.0,1
B007WRTVKY,5.0,1
B007WRTUXW,5.0,1
B007WRTN70,5.0,1
B007WRPUVS,5.0,1
B007WRPKF4,5.0,1
B007WREJKQ,5.0,1
B007WREDZ2,5.0,1
B007WREDCK,5.0,1
B007WRDZ2Y,5.0,1
B007WRDNYO,5.0,1
B007WRD7LS,4.0,1
B007WRD2BS,5.0,1
B007WQIHX2,5.0,1
B007WPO1DI,5.0,1
B007WPNBVQ,4.0,1
B007WRUFWC,4.0,1
B007WP08IK,5.0,1
B007WRUIDS,5.0,1
B007WRW8NQ,5.0,1
B007WRW5M0,5.0,1
B007WRW322,5.0,1
B007WRW1CE,5.0,1
B007WRW0FC,5.0,1
B007WRVWAG,5.0,1
B007WRVOQS,5.0,1
B007WRVNW8,5.0,1
B007WRVM6A,5.0,1
B007WRVKIU,5.0,1
B007WRVJRW,5.0,1
B007WRVJNG,5.0,1
B007WRVIHI,5.0,1
B007WRVGPW,5.0,1
B007WRVC1K,4.0,1
B007WRV0F8,4.0,1
B007WRV07G,5.0,1
B007WRUMNE,5.0,1
B007WRUM0C,5.0,1
B007WRUK4A,4.0,1
B007WOLLNW,5.0,1
B007W94CSS,5.0,1
B007WFQZM8,5.0,1
B007WF9PQ6,5.0,1
B007WES3MO,5.0,1
B007WEPSPE,4.0,1
B007WDTYHS,5.0,1
B007WD1QWY,5.0,1
B007WCH4PI,5.0,1
B007WAUOSE,5.0,1
B007WA8ANU,5.0,1
B007WA8A2G,5.0,1
B007WA86PW,5.0,1
B007WA6NXO,5.0,1
B007WA6HZS,5.0,1
B007WA4A34,5.0,1
B007WA268K,5.0,1
B007WA1AQE,5.0,1
B007WA0GZA,5.0,1
B007WA03S0,4.0,1
B007WA02S6,5.0,1
B007W9XA40,5.0,1
B007W9DEMS,4.0,1
B007W9CFQY,5.0,1
B007W969S4,4.0,1
B007WG1D3S,5.0,1
B007WOD2UM,5.0,1
B007WG7F6M,5.0,1
B007WO5E4E,5.0,1
B007WO4A30,4.0,1
B007WNVQ8S,5.0,1
B007WMR566,4.0,1
B007WME1HM,5.0,1
B007WMCB7O,5.0,1
B007WLPU9Q,5.0,1
B007WLDA48,4.0,1
B007WKGHMQ,5.0,1
B007WJNPYA,5.0,1
B007WIY4IW,5.0,1
B007WIAZNU,5.0,1
B007WI69XA,5.0,1
B007WI1IZY,5.0,1
B007WI0K5I,5.0,1
B007WHZ2IE,5.0,1
B007WHYSP2,5.0,1
B007WHX0WO,5.0,1
B007WHIVYG,5.0,1
B007WH3XLM,5.0,1
B007WGZWIU,5.0,1
B007WGL5MM,4.0,1
B007WGHZCG,5.0,1
B007WGFIMK,5.0,1
B007WGE40M,5.0,1
B007WGAKCS,5.0,1
B007XZPQ4K,5.0,1
B007Y0131O,5.0,1
B007PWU4KC,5.0,1
B007ZU44UK,4.0,1
B007ZU2Z0Q,5.0,1
B007ZU1NKY,5.0,1
B007ZTYXDY,5.0,1
B007ZTIHWW,5.0,1
B007ZTHZAW,5.0,1
B007ZT6D8C,5.0,1
B007ZT621A,4.0,1
B007ZSCNQO,4.0,1
B007ZS9NYY,5.0,1
B007ZRRFSQ,5.0,1
B007ZR2S7E,5.0,1
B007ZQU5OS,5.0,1
B007ZQ5UBG,5.0,1
B007ZPZF5I,5.0,1
B007ZPJLHQ,5.0,1
B007ZP9JGO,4.0,1
B007ZOVMP6,5.0,1
B007ZOU0W2,5.0,1
B007ZO8MD6,5.0,1
B007ZUEM7K,5.0,1
B007ZUG1D8,5.0,1
B007ZUH312,5.0,1
B007ZUHIQ2,5.0,1
B007ZY53S8,5.0,1
B007ZY4Q86,4.0,1
B007ZY1918,5.0,1
B007ZXZNM0,5.0,1
B007ZXYUWO,5.0,1
B007ZXYULA,5.0,1
B007ZXYFFQ,5.0,1
B007ZXX7ZU,5.0,1
B007ZXWCZG,5.0,1
B007ZXS9YY,5.0,1
B007ZXRFS0,5.0,1
B007ZXQY1O,5.0,1
B007ZXQ6Q2,5.0,1
B007ZXPMIU,5.0,1
B007ZXIMEG,5.0,1
B007ZXGX6K,5.0,1
B007ZWPK9M,5.0,1
B007ZWG5WI,5.0,1
B007ZWG528,4.0,1
B007ZVY0XK,5.0,1
B007ZVJMPQ,5.0,1
B007ZV6WJA,5.0,1
B007ZV3NU6,4.0,1
B007ZURQZU,5.0,1
B007ZUR53I,5.0,1
B007ZUQ0P2,5.0,1
B007ZNZ3C0,5.0,1
B007ZNVTRI,4.0,1
B007ZISDYA,5.0,1
B007ZIG42I,5.0,1
B007ZID1JM,5.0,1
B007ZI75KS,5.0,1
B007ZHXFT4,5.0,1
B007ZHWMM0,5.0,1
B007ZHR4E6,5.0,1
B007ZHOZ34,4.0,1
B007ZHKVUU,4.0,1
B007ZHKER0,4.0,1
B007ZHEASO,5.0,1
B007ZHD2Y2,5.0,1
B007ZH4XDG,5.0,1
B007ZH24GY,5.0,1
B007ZGYT86,4.0,1
B007ZGUKEI,5.0,1
B007ZFYQY4,5.0,1
B007ZFTOCI,5.0,1
B007ZFPLE8,5.0,1
B007ZF2YRU,5.0,1
B007ZF0SKK,4.0,1
B007ZEM2SW,5.0,1
B007ZDSA1Q,5.0,1
B007ZDQ17Q,5.0,1
B007ZMA4F2,5.0,1
B007ZLM33O,5.0,1
B007ZLLA1U,5.0,1
B007ZL8KGS,5.0,1
B007ZL6C22,5.0,1
B007ZL45CG,5.0,1
B007ZL32VQ,5.0,1
B007ZKZJVI,5.0,1
B007ZKUTMC,5.0,1
B007ZKQJ7G,4.0,1
B007ZKP0GC,5.0,1
B007ZKOAG8,5.0,1
B007ZKO47I,5.0,1
B007ZKNVFO,5.0,1
B007ZKNPEQ,4.0,1
B007ZKN1CM,5.0,1
B007ZKD0GE,5.0,1
B007ZKCZU6,5.0,1
B007ZKCZ6U,5.0,1
B007ZKCWN6,5.0,1
B007ZKCVNW,5.0,1
B007ZK86AY,4.0,1
B007ZJT4LU,4.0,1
B007ZZGQFQ,4.0,1
B007ZZI80W,5.0,1
B0080IHPCK,5.0,1
B0080IHKLG,5.0,1
B0080IHGG0,5.0,1
B0080IHACK,5.0,1
B0080IAD6K,5.0,1
B0080I8JUW,5.0,1
B0080HT6PU,4.0,1
B0080HT3EY,5.0,1
B0080H8RR8,5.0,1
B0080H6XAQ,5.0,1
B0080GU6LO,5.0,1
B0080GHIBU,5.0,1
B0080GG2NK,5.0,1
B0080GDVL6,5.0,1
B0080GCMD4,5.0,1
B0080G7F0E,5.0,1
B0080G7DYM,4.0,1
B0080G6FLY,5.0,1
B0080G3M10,4.0,1
B0080G0KY2,5.0,1
B0080FW7MG,5.0,1
B0080FTKHG,5.0,1
B0080IHL24,5.0,1
B0080IHT8K,5.0,1
B0080FLIX0,5.0,1
B0080IQ9NQ,5.0,1
B0080LEGR4,5.0,1
B0080L8A3A,4.0,1
B0080L5HH2,4.0,1
B0080L5D8K,5.0,1
B0080L2OL4,5.0,1
B0080KQQOQ,5.0,1
B0080KJGNE,5.0,1
B0080KIVH6,5.0,1
B0080KI5A4,5.0,1
B0080KFD6S,5.0,1
B0080K26XQ,5.0,1
B0080JXRY4,5.0,1
B0080JWIU8,5.0,1
B0080JVWAK,5.0,1
B0080JT8RO,5.0,1
B0080JQFAC,5.0,1
B0080JNAVO,5.0,1
B0080JG1RY,5.0,1
B0080J9DXI,4.0,1
B0080J5G98,5.0,1
B0080IVQAW,5.0,1
B0080IUF7C,5.0,1
B0080ITUJG,5.0,1
B0080FOKZ8,5.0,1
B0080FL5LA,5.0,1
B007ZZPAQ2,4.0,1
B0080786FG,4.0,1
B00806OTD0,5.0,1
B00806K1F0,5.0,1
B008068TYU,4.0,1
B00805TFCG,5.0,1
B00805PWGY,5.0,1
B00805IZN6,5.0,1
B00805IZAY,5.0,1
B0080549K4,5.0,1
B00804EPDG,5.0,1
B00804EMF2,5.0,1
B00804EEGE,5.0,1
B00804ED3I,4.0,1
B00803FQFI,5.0,1
B00802JC0Y,5.0,1
B00801XOKE,5.0,1
B00801QDE8,5.0,1
B00801JGF6,5.0,1
B00800HCCQ,4.0,1
B008009RNI,5.0,1
B007ZZV1KQ,4.0,1
B007ZZT5KO,4.0,1
B008077WUG,5.0,1
B008079376,5.0,1
B00807GTZA,5.0,1
B0080FF9LC,4.0,1
B0080EJX3I,5.0,1
B0080E7ZGU,5.0,1
B0080E32CQ,5.0,1
B0080DV9KO,5.0,1
B0080DOG2C,5.0,1
B0080CSSJA,5.0,1
B0080C78KK,5.0,1
B0080AQD8U,5.0,1
B0080AGD7Q,5.0,1
B0080AFSPE,5.0,1
B0080AEYVI,5.0,1
B0080AEHR4,5.0,1
B0080A6GW8,5.0,1
B00809V20K,5.0,1
B00809TRZC,4.0,1
B00809BN72,5.0,1
B00809B6Q0,5.0,1
B008094PXG,5.0,1
B00808XW5O,5.0,1
B00808Q2IS,5.0,1
B007ZDHV52,5.0,1
B007ZDH45E,5.0,1
B007Y06QCA,5.0,1
B007YB2Q96,5.0,1
B007YGMQI2,5.0,1
B007YG9ACC,5.0,1
B007YG4GCG,5.0,1
B007YFNBBO,5.0,1
B007YCXLBW,4.0,1
B007YCFYNA,4.0,1
B007YC9KMQ,5.0,1
B007ZDE5W4,5.0,1
B007YA07HU,4.0,1
B007Y9T0W4,5.0,1
B007Y9OEOI,4.0,1
B007Y9LNYC,5.0,1
B007Y9ES08,5.0,1
B007Y98KNY,5.0,1
B007Y910LI,5.0,1
B007Y8YF7U,5.0,1
B007Y8X206,5.0,1
B007Y8VJZQ,5.0,1
B007YH09R6,5.0,1
B007YH0KZM,4.0,1
B007YIZ16Y,5.0,1
B007YPOBRC,5.0,1
B007YPNH5Y,4.0,1
B007YPMYNA,5.0,1
B007YPM9K8,5.0,1
B007YOEP5Q,5.0,1
B007YOBZOK,5.0,1
B007YNAQ0K,4.0,1
B007YN46EM,4.0,1
B007YN3P1M,5.0,1
B007YMWWLC,5.0,1
B007YLXZMS,5.0,1
B007YLXFYG,5.0,1
B007YLCXR6,4.0,1
B007YK2K4S,5.0,1
B007YJZPJ6,5.0,1
B007YJZCR6,5.0,1
B007YJZ07I,4.0,1
B007YJYONO,5.0,1
B007YJRFP8,5.0,1
B007YJQAF4,5.0,1
B007YJPOTC,5.0,1
B007YJBDH4,5.0,1
B007YJ4YO8,5.0,1
B007Y8UCO0,4.0,1
B007Y8TKFC,4.0,1
B007Y8MTPA,5.0,1
B007Y6FD3M,5.0,1
B007Y6F8R8,5.0,1
B007Y6F6MU,5.0,1
B007Y6F5BW,5.0,1
B007Y5MUIY,5.0,1
B007Y5ME1W,5.0,1
B007Y5JCLC,5.0,1
B007Y5FILK,5.0,1
B007Y5DRDG,5.0,1
B007Y550PO,5.0,1
B007Y54T38,5.0,1
B007Y54GV8,4.0,1
B007Y52Z20,4.0,1
B007Y4MGV6,5.0,1
B007Y4JGGY,5.0,1
B007Y458BQ,5.0,1
B007Y3ZP3I,4.0,1
B007Y3UU5Q,4.0,1
B007Y2VL3W,5.0,1
B007Y1S0VY,4.0,1
B007Y0MS9K,5.0,1
B007Y0M0B6,5.0,1
B007Y6FC1A,5.0,1
B007Y6FEEK,4.0,1
B007Y8KWVS,5.0,1
B007Y8GJJW,5.0,1
B007Y81GJA,5.0,1
B007Y81FSC,4.0,1
B007Y81348,5.0,1
B007Y80WU4,5.0,1
B007Y7XZC2,5.0,1
B007Y7LO70,5.0,1
B007Y7BQQY,5.0,1
B007Y74DU0,5.0,1
B007Y6QH14,5.0,1
B007Y6JFCC,5.0,1
B007Y6JCSE,5.0,1
B007Y6JCDO,4.0,1
B007Y6JC4S,5.0,1
B007Y6J7S4,5.0,1
B007Y6IYD8,5.0,1
B007Y6FP1M,5.0,1
B007Y6FOH2,5.0,1
B007Y6FO7C,5.0,1
B007Y6FM3I,5.0,1
B007Y6FLYS,5.0,1
B007Y6FLPW,4.0,1
B007Y6FLMK,5.0,1
B007Y6FGZW,5.0,1
B007Y6FFU8,5.0,1
B007YPOGKE,5.0,1
B007YPQ9AO,5.0,1
B007Z5P4AY,5.0,1
B007Z56YDU,5.0,1
B007Z4TZBY,5.0,1
B007Z4OS3O,5.0,1
B007Z4AYBY,4.0,1
B007Z4AFW2,5.0,1
B007Z3Q7D4,5.0,1
B007Z3BXS8,5.0,1
B007Z360KE,5.0,1
B007Z35UF0,5.0,1
B007Z35TYC,4.0,1
B007Z2N7NI,5.0,1
B007Z2N6MU,5.0,1
B007Z2N5ZS,5.0,1
B007Z2N4YK,5.0,1
B007Z2MYN2,5.0,1
B007Z2MW1Q,4.0,1
B007Z2MSUG,5.0,1
B007Z2MI7E,5.0,1
B007Z2MGOY,5.0,1
B007Z2M5QI,4.0,1
B007Z2LN34,5.0,1
B007Z2LJU6,5.0,1
B007Z5VOVW,5.0,1
B007Z2L6R2,4.0,1
B007Z5XDN4,5.0,1
B007ZC2AMW,5.0,1
B007ZBZN4U,5.0,1
B007ZBYCM4,5.0,1
B007ZBQMOA,5.0,1
B007ZBQ25O,5.0,1
B007ZBPIO0,4.0,1
B007ZBO7A6,5.0,1
B007ZBE7HO,5.0,1
B007ZBD4H8,4.0,1
B007ZBC6FY,4.0,1
B007ZBBQ8C,5.0,1
B007Z9V3X2,4.0,1
B007Z9D4M0,5.0,1
B007Z9CL0Q,5.0,1
B007Z99WEY,5.0,1
B007Z92CG4,5.0,1
B007Z8YWW2,5.0,1
B007Z8IEKS,5.0,1
B007Z8HAI0,5.0,1
B007Z7JHHI,5.0,1
B007Z5XDPC,5.0,1
B007Z2JWYG,4.0,1
B007YPQ9WC,5.0,1
B007YSCDYM,4.0,1
B007YSASRG,5.0,1
B007YS6EJC,4.0,1
B007YRWVU4,4.0,1
B007YRT3H8,4.0,1
B007YRK160,5.0,1
B007YRH910,4.0,1
B007YRB34E,5.0,1
B007YQY8YC,5.0,1
B007YQUQFM,4.0,1
B007YPYHIK,5.0,1
B007YPS498,5.0,1
B007YPRZ1Q,4.0,1
B007YPRO4E,5.0,1
B007YPRNQS,5.0,1
B007YPRM1Y,5.0,1
B007YPRLGK,5.0,1
B007YPRJBM,5.0,1
B007YPR9E4,4.0,1
B007YPQYMC,5.0,1
B007YPQYKO,5.0,1
B007YPQXEQ,5.0,1
B007YPQPDA,5.0,1
B007YPQFPS,5.0,1
B007YPQEK4,5.0,1
B007YSBZGE,5.0,1
B007YSCYG4,5.0,1
B007Z2JVK6,5.0,1
B007YSHFFO,5.0,1
B007Z2JKTS,5.0,1
B007Z2JJQ2,5.0,1
B007Z2JDCM,5.0,1
B007Z2GREO,5.0,1
B007Z27M70,5.0,1
B007YY8SWM,5.0,1
B007YY7S8C,5.0,1
B007YY6WCK,5.0,1
B007YXN5NU,5.0,1
B007YXCADQ,5.0,1
B007YX4MQO,5.0,1
B007YWZDEA,5.0,1
B007YVSE5G,5.0,1
B007YVP904,5.0,1
B007YVM7UE,5.0,1
B007YV37ZI,5.0,1
B007YUXNL2,5.0,1
B007YUO4WE,4.0,1
B007YUO30C,4.0,1
B007YUK32O,5.0,1
B007YUJTQ0,5.0,1
B007YUIJJI,5.0,1
B007VDMBNI,5.0,1
B007VDHQ7E,5.0,1
B007RJWFSW,5.0,1
B007RLWMKG,4.0,1
B007RLWLTI,4.0,1
B007RLWLSO,4.0,1
B007RLCOL8,5.0,1
B007RKZTQG,5.0,1
B007RKYWQO,5.0,1
B007RKYWCI,5.0,1
B007RKAN80,5.0,1
B007RJZSWW,5.0,1
B007RJWMF8,5.0,1
B007RJWMEE,5.0,1
B007RJWM9O,4.0,1
B007RJWH6M,4.0,1
B007RJWFTG,4.0,1
B007RJQQHI,5.0,1
B007R6PCVW,4.0,1
B007RJ33K6,5.0,1
B007RJ07AK,5.0,1
B007RIJ2E8,5.0,1
B007RIFLZM,5.0,1
B007RI75OM,5.0,1
B007RI4TUK,5.0,1
B007RI1F5W,5.0,1
B007RHULNU,4.0,1
B007RLWNBY,4.0,1
B007RLWNW8,5.0,1
B007RMFUDQ,4.0,1
B007RMWS0Y,5.0,1
B007ROM6TK,5.0,1
B007ROIW0M,5.0,1
B007RODEMI,5.0,1
B007RODDUQ,5.0,1
B007RO9NQE,5.0,1
B007RNOV3K,5.0,1
B007RNNI5C,5.0,1
B007RNIN98,5.0,1
B007RNIHF8,5.0,1
B007RNE27K,5.0,1
B007RNCX58,5.0,1
B007RNBQFG,5.0,1
B007RNBMW8,5.0,1
B007RMYZ5K,5.0,1
B007RMY9OM,5.0,1
B007RMXNS0,5.0,1
B007RMXFI8,5.0,1
B007RMX4WK,5.0,1
B007RMX07E,5.0,1
B007RMWTXA,5.0,1
B007RMWT62,5.0,1
B007RHKX6K,5.0,1
B007RHGA3U,5.0,1
B007RBTO48,5.0,1
B007RBSXT0,5.0,1
B007RBSU02,5.0,1
B007RBS5AM,4.0,1
B007RBQ3AG,5.0,1
B007RBQ39C,5.0,1
B007RBKOCY,5.0,1
B007RB1EJG,5.0,1
B007RAP2AO,5.0,1
B007RA2MK2,5.0,1
B007R9V84E,4.0,1
B007R7YK6E,5.0,1
B007R7YCB2,5.0,1
B007R6X0L6,5.0,1
B007R6W51C,4.0,1
B007R6UXNY,5.0,1
B007R6SP9I,5.0,1
B007R6SJC6,4.0,1
B007R6SF3Y,5.0,1
B007RC3VYG,5.0,1
B007RDV052,5.0,1
B007RGRLT8,5.0,1
B007RE5ASO,5.0,1
B007RGA5GY,5.0,1
B007RFRGKS,5.0,1
B007RFN90Y,4.0,1
B007RFI3Y6,4.0,1
B007RFEAXO,4.0,1
B007RFC8C4,5.0,1
B007RF1TLU,4.0,1
B007RF18GQ,5.0,1
B007REYXYG,5.0,1
B007RES4W8,5.0,1
B007RERDGQ,5.0,1
B007RERBPO,5.0,1
B007REM5WS,4.0,1
B007REKNVS,5.0,1
B007REKN3G,5.0,1
B007REKJF8,5.0,1
B007REKF1G,5.0,1
B007REKESK,5.0,1
B007REK5QG,5.0,1
B007REJT5Y,4.0,1
B007RECCL2,5.0,1
B007RE9ZRQ,5.0,1
B007RE6PWO,5.0,1
B007ROMERO,5.0,1
B007ROU4E4,5.0,1
B007ROVBUU,5.0,1
B007SBBABW,5.0,1
B007SBB62U,5.0,1
B007SAN6F6,5.0,1
B007S9WEF0,5.0,1
B007S9WBWQ,5.0,1
B007S9SJZO,5.0,1
B007S9S1FM,5.0,1
B007S9J71E,5.0,1
B007S9DRCO,5.0,1
B007S9DAIU,5.0,1
B007S9BD0M,5.0,1
B007S93BUW,5.0,1
B007S8PAHK,5.0,1
B007S795W2,5.0,1
B007S769IK,5.0,1
B007S738K2,5.0,1
B007S6WXG8,5.0,1
B007S6UZCM,5.0,1
B007S6NM8Q,5.0,1
B007S5K79E,4.0,1
B007S3O0Z8,4.0,1
B007S3I5CC,5.0,1
B007S3I4Z0,4.0,1
B007SBFW3Y,4.0,1
B007SBH6F6,5.0,1
B007S3I3S8,5.0,1
B007SGX76S,5.0,1
B007SGSX0I,4.0,1
B007SGQZ0S,4.0,1
B007SGPNZ6,5.0,1
B007SGPJ0U,5.0,1
B007SGOW2Q,5.0,1
B007SFD2DC,5.0,1
B007SFC3GY,5.0,1
B007SFAZFU,5.0,1
B007SFA0T6,4.0,1
B007SF4TWU,4.0,1
B007SF4GLE,5.0,1
B007SEU09W,5.0,1
B007SEMBZS,5.0,1
B007SEI5Y4,5.0,1
B007SEGPVY,5.0,1
B007SDCDBG,5.0,1
B007SCSHBM,5.0,1
B007SCM8US,5.0,1
B007SCM78G,5.0,1
B007SCM6ZK,5.0,1
B007SCM632,5.0,1
B007SCM5QU,5.0,1
B007S3I4S2,5.0,1
B007S3I1AI,5.0,1
B007RP6C4O,5.0,1
B007RV5T88,4.0,1
B007RUUG8C,5.0,1
B007RUR964,5.0,1
B007RU62CG,5.0,1
B007RTMZVY,5.0,1
B007RTMYJC,5.0,1
B007RTMX4I,5.0,1
B007RTMUW8,5.0,1
B007RS7UNI,5.0,1
B007RRTRCQ,5.0,1
B007RRMOQM,5.0,1
B007RR6GF2,5.0,1
B007RQW9O0,5.0,1
B007RQPQNQ,5.0,1
B007RQMPWQ,5.0,1
B007RQ323M,5.0,1
B007RQ2WXS,5.0,1
B007RPZ4FW,5.0,1
B007RPWUHM,5.0,1
B007RPVHPS,5.0,1
B007RPVEK6,5.0,1
B007RPSQ02,4.0,1
B007RPRILA,5.0,1
B007RPRDJM,5.0,1
B007RPOA3E,5.0,1
B007RPN5G2,5.0,1
B007S3HWM6,5.0,1
B007S3H5B4,5.0,1
B007S2WIM6,5.0,1
B007S2OJ2S,5.0,1
B007S1PNWO,5.0,1
B007S1EPG4,5.0,1
B007S1BZLM,4.0,1
B007S1BVD4,4.0,1
B007S1BURG,4.0,1
B007S11B0M,5.0,1
B007S10P4A,5.0,1
B007S03RRS,5.0,1
B007S02U94,5.0,1
B007RZOI90,5.0,1
B007RZLOM4,5.0,1
B007RZCAF4,4.0,1
B007RZAI9O,5.0,1
B007RZ8C8S,5.0,1
B007RYUKUC,5.0,1
B007RYSY82,4.0,1
B007RYKA2K,4.0,1
B007RXXHDU,5.0,1
B007RXRALU,5.0,1
B007RX34CY,4.0,1
B007RWVTQ8,4.0,1
B007R6SDEA,5.0,1
B007R6KNXO,5.0,1
B007QE54RW,5.0,1
B007QF10K6,4.0,1
B007QF106U,5.0,1
B007QEPHKG,5.0,1
B007QEOK4A,5.0,1
B007QEMG6Y,4.0,1
B007QEK9SG,5.0,1
B007QEJCQQ,5.0,1
B007QEDGQI,4.0,1
B007QE9TFU,4.0,1
B007QE8SRU,5.0,1
B007QE8GIQ,5.0,1
B007QE7DV2,5.0,1
B007QE4O6O,5.0,1
B007QE4HMU,4.0,1
B007QE48XS,5.0,1
B007QE1JKI,5.0,1
B007QE0KEE,5.0,1
B007QE0BUW,4.0,1
B007QDHGJM,5.0,1
B007QDEEHE,5.0,1
B007QCN6L0,5.0,1
B007QCFFZA,5.0,1
B007QBR4KA,5.0,1
B007QF3AAO,5.0,1
B007QF74HY,4.0,1
B007QPOXLY,5.0,1
B007QPG2QS,5.0,1
B007QPBP7Y,5.0,1
B007QP4FL2,5.0,1
B007QOQFBG,4.0,1
B007QOPVIO,5.0,1
B007QO9GN0,5.0,1
B007QN4IOI,5.0,1
B007QN3A3S,5.0,1
B007QMENBM,5.0,1
B007QM7P6M,5.0,1
B007QLWL2G,5.0,1
B007QLWGEY,4.0,1
B007QLLGZ4,5.0,1
B007QLJHP0,5.0,1
B007QKDP6S,5.0,1
B007QKDIHE,5.0,1
B007QJUOS6,5.0,1
B007QIXVQE,5.0,1
B007QHHV84,5.0,1
B007QHAUCS,5.0,1
B007QGM4VE,5.0,1
B007QG96OM,4.0,1
B007QFT454,4.0,1
B007QFOYE0,5.0,1
B007QFM2KS,5.0,1
B007QBR2NE,5.0,1
B007QBJI86,5.0,1
B007QARKPU,4.0,1
B007Q2DM2S,5.0,1
B007Q2900Q,5.0,1
B007Q28TR6,5.0,1
B007Q28HLO,5.0,1
B007Q287DW,5.0,1
B007Q285P2,4.0,1
B007Q27W4W,5.0,1
B007Q1R5MC,5.0,1
B007Q1GOHE,5.0,1
B007Q1GO38,5.0,1
B007Q1874C,5.0,1
B007Q116G8,5.0,1
B007Q0VI76,5.0,1
B007Q08ZX6,5.0,1
B007PXWC9W,5.0,1
B007PXE2EU,4.0,1
B007PWZ3LC,5.0,1
B007Q29KAQ,5.0,1
B007Q2GGBM,5.0,1
B007QA37HU,4.0,1
B007Q96C0U,4.0,1
B007Q8JEAG,5.0,1
B007Q8J848,4.0,1
B007Q5IL94,5.0,1
B007Q4PWY2,5.0,1
B007Q4LN8G,5.0,1
B007Q4HJC0,5.0,1
B007Q4FD1E,5.0,1
B007Q44MP2,5.0,1
B007Q3OKH8,5.0,1
B007Q3LT4U,5.0,1
B007Q34UOQ,5.0,1
B007Q307KW,4.0,1
B007Q2P19U,5.0,1
B007Q2N1B0,5.0,1
B007Q2N0WK,5.0,1
B007Q2N0Q6,5.0,1
B007Q2N0E8,5.0,1
B007Q2GLL2,5.0,1
B007QPRX3Y,5.0,1
B007QPX270,5.0,1
B007QPY74M,5.0,1
B007R0QF5A,5.0,1
B007R0KGM8,5.0,1
B007R0I152,4.0,1
B007R0ALGY,5.0,1
B007QZXD4W,5.0,1
B007QZ4V70,5.0,1
B007QYZIYG,5.0,1
B007QYXRNU,5.0,1
B007QYXRFI,5.0,1
B007QYWE1G,5.0,1
B007QYWDV2,5.0,1
B007QYW42K,4.0,1
B007QYVXRM,4.0,1
B007QYVXOU,5.0,1
B007QYVWGE,4.0,1
B007QYVQXS,5.0,1
B007QYVQII,4.0,1
B007QYVPI4,5.0,1
B007QYVJQM,5.0,1
B007QYVCRS,5.0,1
B007QYV4AI,4.0,1
B007QYUQH0,4.0,1
B007QYUBU2,5.0,1
B007R0UOFW,5.0,1
B007QYUAP8,5.0,1
B007R6AJW4,5.0,1
B007R67WO2,5.0,1
B007R67076,5.0,1
B007R66NWE,5.0,1
B007R66N0G,5.0,1
B007R63FZM,5.0,1
B007R63CS2,5.0,1
B007R5YD3Q,5.0,1
B007R5EQFQ,5.0,1
B007R58Y36,5.0,1
B007R4JO22,5.0,1
B007R4BU3I,5.0,1
B007R3PPW6,5.0,1
B007R3A8CI,5.0,1
B007R33S8O,5.0,1
B007R33AI2,4.0,1
B007R2G9W2,5.0,1
B007R1YQZA,4.0,1
B007R1E7PO,5.0,1
B007R1COMC,4.0,1
B007R1A370,5.0,1
B007QY8RWG,5.0,1
B007QR16OE,5.0,1
B007QX2M0A,5.0,1
B007QVVMG2,5.0,1
B007QVUACY,4.0,1
B007QVHIUG,5.0,1
B007QVH34M,5.0,1
B007QVEIOK,4.0,1
B007QUY61G,5.0,1
B007QUT0L2,5.0,1
B007QUSIJW,5.0,1
B007QUSGTY,5.0,1
B007QURWSA,5.0,1
B007QURUQE,5.0,1
B007QUAT1M,5.0,1
B007QTXFYG,4.0,1
B007QTV5WK,5.0,1
B007QT49KA,5.0,1
B007QSYQHC,5.0,1
B007QSWON0,5.0,1
B007QSV6E8,4.0,1
B007QSP9SC,4.0,1
B007QSH3PE,5.0,1
B007QRCI5K,5.0,1
B007QR565Y,5.0,1
B007QR3566,5.0,1
B007QX2SJA,5.0,1
B007QY1O26,4.0,1
B007QX2Z16,4.0,1
B007QXW52U,4.0,1
B007QXOS7K,5.0,1
B007QXM7OG,5.0,1
B007QXL8PK,5.0,1
B007QXIONE,4.0,1
B007QXGCKQ,5.0,1
B007QXGCB0,5.0,1
B007QX6LP2,5.0,1
B007QX6EF4,5.0,1
B007QX65W6,5.0,1
B007QX5LN0,5.0,1
B007QX56QM,5.0,1
B007QX4LW2,5.0,1
B007QX4KWS,5.0,1
B007QX4JXS,5.0,1
B007QX4IDY,5.0,1
B007QX4DCK,5.0,1
B007QX4816,4.0,1
B007QX3X6M,4.0,1
B007QX3WEK,5.0,1
B007QX3V78,5.0,1
B007SGX7X6,5.0,1
B007SGY762,5.0,1
B007SGYAX2,5.0,1
B007U1S5MW,5.0,1
B007U1S22K,5.0,1
B007U1PU8Y,5.0,1
B007U1ENGE,4.0,1
B007U18NGU,5.0,1
B007U0125U,5.0,1
B007TZLORW,5.0,1
B007TYYMZE,5.0,1
B007TYYD0I,5.0,1
B007TYXSHC,5.0,1
B007TYWLS4,4.0,1
B007TYDC9G,5.0,1
B007TYAXVQ,4.0,1
B007TY3NJK,5.0,1
B007TXZVHI,5.0,1
B007TXZG5A,5.0,1
B007TXSN9Q,5.0,1
B007TXSN2I,5.0,1
B007TXSIDM,5.0,1
B007TXRP04,5.0,1
B007TXRAL8,5.0,1
B007TXPLSC,5.0,1
B007TXOACU,5.0,1
B007U2AVWS,4.0,1
B007U2C3YW,5.0,1
B007U45NJM,4.0,1
B007U4JXIE,5.0,1
B007UCYQOW,5.0,1
B007UCX7CO,5.0,1
B007UBLHM2,5.0,1
B007UAZ8T6,5.0,1
B007U9XKY2,5.0,1
B007U8VZN6,5.0,1
B007U8PHPI,5.0,1
B007U8MASA,5.0,1
B007U89U5Q,5.0,1
B007U7WJJG,5.0,1
B007U7WH4I,5.0,1
B007U7S4TA,5.0,1
B007U6FDYK,4.0,1
B007U54ZFE,4.0,1
B007U53A0A,4.0,1
B007U4XR5E,5.0,1
B007U4K68U,5.0,1
B007U4K2RK,5.0,1
B007TWNB0I,5.0,1
B007TWN3EM,5.0,1
B007TR0X5O,4.0,1
B007TR0W50,5.0,1
B007TR0VVU,5.0,1
B007TR0U66,4.0,1
B007TQRZ1U,5.0,1
B007TPI0K6,5.0,1
B007TOLVK8,5.0,1
B007TOLAKO,5.0,1
B007TOKV5O,5.0,1
B007TOKU0U,5.0,1
B007TOI9ZS,4.0,1
B007TOH4H2,5.0,1
B007TOH32S,5.0,1
B007TOH20G,4.0,1
B007TOH1SO,5.0,1
B007TO8T76,5.0,1
B007TO3YQ2,4.0,1
B007TNY2VE,5.0,1
B007TNW82O,5.0,1
B007TNNBE8,5.0,1
B007TNN2RE,5.0,1
B007TNF26S,5.0,1
B007TNEMXC,5.0,1
B007TNE8RC,5.0,1
B007TR0WEQ,4.0,1
B007TWECK6,5.0,1
B007TR0XI6,5.0,1
B007TWBGMS,4.0,1
B007TWAQJ2,5.0,1
B007TVVEA8,5.0,1
B007TV6LWE,5.0,1
B007TTOAB0,4.0,1
B007TTIAMU,5.0,1
B007TTHKHQ,5.0,1
B007TTGO4G,5.0,1
B007TTGL62,5.0,1
B007TTD6FQ,5.0,1
B007TTA63Q,4.0,1
B007TT622K,5.0,1
B007TT4QW8,5.0,1
B007TT3BOM,5.0,1
B007TT1QEE,4.0,1
B007TSMUV8,4.0,1
B007TS6DFM,5.0,1
B007TRAZPC,5.0,1
B007TR189Y,5.0,1
B007TR0ZFM,5.0,1
B007TR0YCG,5.0,1
B007TR0Y1M,5.0,1
B007UD9H8Q,4.0,1
B007UE18V4,5.0,1
B007V58OJ6,5.0,1
B007V58770,5.0,1
B007V4ZBM0,5.0,1
B007V3NL6Y,5.0,1
B007V3LU26,5.0,1
B007V3IQ2I,5.0,1
B007V30BPI,5.0,1
B007V2TH3Q,5.0,1
B007V2CAEY,5.0,1
B007V2C3YQ,4.0,1
B007V2BQ12,4.0,1
B007V1V43I,5.0,1
B007V1R4IC,5.0,1
B007V1445I,5.0,1
B007UZSAV4,5.0,1
B007UZR5SS,4.0,1
B007UZCO6Q,5.0,1
B007UZCLRS,5.0,1
B007UZBBYC,4.0,1
B007UZ7BLE,5.0,1
B007UZ4AKE,5.0,1
B007UZ4AGI,5.0,1
B007UZ49QO,5.0,1
B007UZ466M,5.0,1
B007UZ45OU,5.0,1
B007V5879S,4.0,1
B007UZ3XSY,4.0,1
B007VCZD6Q,5.0,1
B007VCSXVS,5.0,1
B007VCSWJ6,5.0,1
B007VCSN8G,5.0,1
B007VCS6IS,5.0,1
B007VCQYTG,5.0,1
B007VCA5IW,5.0,1
B007VBXGWK,5.0,1
B007VB31Y8,5.0,1
B007VA9TLI,4.0,1
B007V8YIWK,5.0,1
B007V8LTFO,5.0,1
B007V8GM38,5.0,1
B007V8ADVA,5.0,1
B007V6MC7A,5.0,1
B007V6LAGY,5.0,1
B007V60HL8,5.0,1
B007V5TZGM,5.0,1
B007V5P6A6,5.0,1
B007V5MLQS,5.0,1
B007V5J7RE,4.0,1
B007V5I56I,5.0,1
B007UZ3ZPU,5.0,1
B007UZ3XH0,4.0,1
B007UF69OY,5.0,1
B007UQN3WE,4.0,1
B007UPN7SA,5.0,1
B007UPKLI4,5.0,1
B007UPKJAO,5.0,1
B007UPHMUY,5.0,1
B007UPBC8M,4.0,1
B007UP4KS6,5.0,1
B007UOLBRA,5.0,1
B007UO4TOW,5.0,1
B007UNWS1O,5.0,1
B007UNE2IQ,4.0,1
B007UM9IYA,5.0,1
B007UL7C3K,5.0,1
B007UKO0EA,5.0,1
B007UK9220,5.0,1
B007UJZQS0,5.0,1
B007UJK27A,5.0,1
B007UJIM2C,5.0,1
B007UJ0BIA,4.0,1
B007UIWVZM,5.0,1
B007UHY8IG,5.0,1
B007UHHPZ4,5.0,1
B007UQRPQ4,5.0,1
B007UZ3WTY,5.0,1
B007UQRQQ8,4.0,1
B007UZ3VRC,4.0,1
B007UZ3RK8,4.0,1
B007UZ342O,5.0,1
B007UZ32H6,5.0,1
B007UYXEMA,5.0,1
B007UYMDLS,5.0,1
B007UW1CIK,5.0,1
B007UVAA1Q,5.0,1
B007UUKMLU,4.0,1
B007UUCLNW,4.0,1
B007UT6076,5.0,1
B007UT0DGU,5.0,1
B007USY8Z8,5.0,1
B007USQ5MW,4.0,1
B007USOARO,5.0,1
B007USMT9K,5.0,1
B007USJGVE,5.0,1
B007USJD26,5.0,1
B007US28H8,5.0,1
B007US184W,5.0,1
B007TNE56G,5.0,1
B007TNE0XO,5.0,1
B007TNDPYO,5.0,1
B007SYYQRE,5.0,1
B007SYYQEC,5.0,1
B007SYYQ06,4.0,1
B007SYYOU8,5.0,1
B007SYYODU,5.0,1
B007SYY28M,5.0,1
B007SYXPC6,5.0,1
B007SYMN9M,5.0,1
B007SYI2X8,4.0,1
B007SYCZPY,5.0,1
B007SY58F8,5.0,1
B007SY4RXW,5.0,1
B007SXZQBK,5.0,1
B007SXWLUO,5.0,1
B007SXQ5I8,5.0,1
B007SXM1Z4,5.0,1
B007SWSMI0,4.0,1
B007SWLNAY,5.0,1
B007SWEDXS,5.0,1
B007SWDL3G,4.0,1
B007SWCMGI,5.0,1
B007SW3UE6,5.0,1
B007SVWV8S,5.0,1
B007SVVPOO,4.0,1
B007SVJL86,4.0,1
B007SYYSP4,5.0,1
B007SYZB6Y,5.0,1
B007SUZKX2,5.0,1
B007SYZDYO,5.0,1
B007T0C6VU,4.0,1
B007T09NUW,5.0,1
B007SZM6DY,5.0,1
B007SZKENS,5.0,1
B007SZ46NW,4.0,1
B007SZ38J0,5.0,1
B007SZ37AU,5.0,1
B007SZ36V0,5.0,1
B007SZ2YRC,5.0,1
B007SZ2VNO,5.0,1
B007SZ2TP4,5.0,1
B007SZ2T3Q,5.0,1
B007SZ2S3C,4.0,1
B007SZ2Q3Y,5.0,1
B007SZ2O2C,5.0,1
B007SZ2MB0,5.0,1
B007SZ2G98,5.0,1
B007SZ2EBS,5.0,1
B007SZ2D64,5.0,1
B007SZ272E,5.0,1
B007SZ0Z5K,5.0,1
B007SZ0BJU,5.0,1
B007SZ0AKU,5.0,1
B007SYZL6Y,5.0,1
B007SYZJQG,5.0,1
B007SVIFGU,5.0,1
B007SUTYM0,5.0,1
B007T0COMG,5.0,1
B007SO769O,4.0,1
B007SO1TZ6,5.0,1
B007SNYJWM,5.0,1
B007SNKOOE,5.0,1
B007SNHJ2E,5.0,1
B007SNECOC,4.0,1
B007SN5QII,5.0,1
B007SN20Y6,5.0,1
B007SMIEWY,5.0,1
B007SJJQ60,5.0,1
B007SJFCBI,5.0,1
B007SJD3E6,5.0,1
B007SIR6FE,4.0,1
B007SIIAOU,5.0,1
B007SHXOUG,5.0,1
B007SHX97O,5.0,1
B007SHNK3W,5.0,1
B007SHCVEG,5.0,1
B007SH8VE0,5.0,1
B007SH711O,5.0,1
B007SO25W2,5.0,1
B007SUC846,5.0,1
B007SOFOKC,5.0,1
B007STFLYQ,4.0,1
B007STDEOK,5.0,1
B007STD63O,5.0,1
B007ST818O,5.0,1
B007SRT4D2,5.0,1
B007SRMIHQ,5.0,1
B007SRJQUS,5.0,1
B007SRJQSK,5.0,1
B007SRJQEY,5.0,1
B007SRJQ9E,5.0,1
B007SRJQ4O,5.0,1
B007SRH0ZQ,5.0,1
B007SQT69A,5.0,1
B007SQSES4,4.0,1
B007SQAIUQ,4.0,1
B007SQ311E,5.0,1
B007SPRG6G,5.0,1
B007SPIFJI,4.0,1
B007SPHEY0,5.0,1
B007SP1QEO,5.0,1
B007SONUJ4,5.0,1
B007SONFIK,4.0,1
B007SONC7Y,5.0,1
B007SOL0FA,4.0,1
B007SOJGEC,4.0,1
B007T0CON0,5.0,1
B007TNBVNQ,5.0,1
B007TDH7GQ,5.0,1
B007TD46D8,4.0,1
B007TCPTI0,5.0,1
B007TCDL26,5.0,1
B007TC9NBE,4.0,1
B007TC8TZ0,5.0,1
B007TC7EO2,5.0,1
B007TC2LA4,4.0,1
B007TBW9UC,5.0,1
B007TBW49I,4.0,1
B007TBW484,5.0,1
B007TBQUX4,5.0,1
B007TBLIPO,5.0,1
B007TBI3GQ,5.0,1
B007TBEI1A,5.0,1
B007TBC0FG,5.0,1
B007TB1ING,5.0,1
B007TAYO42,5.0,1
B007TATH6W,5.0,1
B007TAPFYK,4.0,1
B007TA778W,5.0,1
B007T9XOOY,5.0,1
B007T9WANK,5.0,1
B007T9O65K,4.0,1
B007T8ZBQ4,5.0,1
B007TDDQQ6,5.0,1
B007TDVD6G,5.0,1
B007TNB5WS,4.0,1
B007TNB1XQ,5.0,1
B007TN1Q9K,5.0,1
B007TMTIZA,5.0,1
B007TLNRFI,5.0,1
B007TLE4JG,5.0,1
B007TLA1I4,5.0,1
B007TKZYJ6,5.0,1
B007TKZ8LA,5.0,1
B007TKX0EW,5.0,1
B007TKTTRO,5.0,1
B007TK99CE,4.0,1
B007THYWXI,5.0,1
B007THYUT4,5.0,1
B007THYTWM,5.0,1
B007THY1H0,5.0,1
B007THLNAS,5.0,1
B007THDSL0,5.0,1
B007TG6X6I,5.0,1
B007TG6MZA,5.0,1
B007TG5SFU,5.0,1
B007TG5RHE,4.0,1
B007T8WZS6,5.0,1
B007T8V5N2,5.0,1
B007T0CONK,5.0,1
B007T4WGU2,5.0,1
B007T4J5AG,5.0,1
B007T4B02M,5.0,1
B007T49S6C,5.0,1
B007T46IHY,4.0,1
B007T46DCE,5.0,1
B007T46CWK,5.0,1
B007T460YK,5.0,1
B007T45WZS,5.0,1
B007T45W5S,5.0,1
B007T45PB4,4.0,1
B007T43ELW,5.0,1
B007T40YM4,4.0,1
B007T3Z06U,5.0,1
B007T3WNWE,4.0,1
B007T3SG0W,5.0,1
B007T36YWE,5.0,1
B007T33AY4,5.0,1
B007T2RQGS,5.0,1
B007T2EFEY,5.0,1
B007T1POC2,5.0,1
B007T1CKXS,5.0,1
B007T19WWK,5.0,1
B007T4WGTS,5.0,1
B007T4WI7I,5.0,1
B007T8PILC,5.0,1
B007T4WI9G,5.0,1
B007T891W4,5.0,1
B007T8589E,5.0,1
B007T7W1BI,5.0,1
B007T7P1AG,5.0,1
B007T7AZZC,5.0,1
B007T7A6OM,5.0,1
B007T79VE8,5.0,1
B007T79UCQ,5.0,1
B007T79KT4,5.0,1
B007T79F58,5.0,1
B007T799LI,5.0,1
B007T78QLW,5.0,1
B007T788K6,5.0,1
B007T6ILGS,5.0,1
B007T5SUJC,5.0,1
B007T58SM6,5.0,1
B007T58RAY,4.0,1
B007T568NM,5.0,1
B007T4WJ7W,5.0,1
B007T4WJ7C,4.0,1
B005HB152Y,5.0,1
B004A24OQK,5.0,1
B004A24MGW,4.0,1
B004A24LSG,5.0,1
B004A22P02,4.0,1
B004A1GRD4,4.0,1
B004A19D3A,5.0,1
B0049ZU066,5.0,1
B0049ZERR4,5.0,1
B0049YZNOG,5.0,1
B0049XOHB2,5.0,1
B0049FCTO2,5.0,1
B0049XLVCA,5.0,1
B0049XJNJI,5.0,1
B0049WX9G2,5.0,1
B0049WUM2Q,5.0,1
B0049WUFMS,5.0,1
B0049WKHE4,5.0,1
B0049W8X0E,5.0,1
B0049W79AY,5.0,1
B0049VQ0CI,5.0,1
B004A24QMM,5.0,1
B004A24RY4,5.0,1
B004A26NSW,5.0,1
B004A26OHW,4.0,1
B004A6Z000,5.0,1
B004A6U51O,5.0,1
B004A6SVUG,5.0,1
B004A6RGKC,5.0,1
B004A6HN7I,5.0,1
B004A6H2RE,5.0,1
B004A60G22,5.0,1
B004A4SSNI,4.0,1
B004A435L8,5.0,1
B004A3XW1C,5.0,1
B004A3CQAU,4.0,1
B004A2L6XO,4.0,1
B004A2FM8O,4.0,1
B004A2D74U,5.0,1
B004A2BZEO,5.0,1
B004A2BVKM,4.0,1
B004A2AB9O,5.0,1
B004A2A356,5.0,1
B004A28PO2,5.0,1
B004A28ICQ,5.0,1
B004A28GUU,5.0,1
B004A26UI0,5.0,1
B004A26PTE,5.0,1
B0049VNQMK,4.0,1
B0049VN7O2,5.0,1
B0049VLQFE,5.0,1
B0049PDG9Y,5.0,1
B0049P4MOW,5.0,1
B0049OU6DO,5.0,1
B0049OU080,5.0,1
B0049JTNYM,5.0,1
B0049JT1GM,5.0,1
B0049J9W20,5.0,1
B0049J7TXE,5.0,1
B0049J6MUA,4.0,1
B0049J5OKE,5.0,1
B0049J4IVU,5.0,1
B0049IX3HQ,5.0,1
B0049ITYNI,5.0,1
B0049IR5M0,4.0,1
B0049IPU36,5.0,1
B0049IMAGQ,4.0,1
B0049IHNIG,5.0,1
B0049H1Q9Y,5.0,1
B0049GG48I,5.0,1
B0049FGIUS,5.0,1
B0049PKM28,5.0,1
B0049VGBJ0,4.0,1
B0049QIWSS,4.0,1
B0049V3C4W,5.0,1
B0049V2ZHC,5.0,1
B0049V1H6M,4.0,1
B0049V1BD6,5.0,1
B0049UX8XS,4.0,1
B0049UX0CC,5.0,1
B0049UVEK2,4.0,1
B0049UVE2K,4.0,1
B0049UM94M,5.0,1
B0049U1XHQ,5.0,1
B0049SCT26,4.0,1
B0049S89LG,5.0,1
B0049RZYOM,5.0,1
B0049RVRIE,5.0,1
B0049RP6TK,5.0,1
B0049RJD7G,5.0,1
B0049RH65W,5.0,1
B0049RFIA2,4.0,1
B0049RBN24,5.0,1
B0049QYQZG,5.0,1
B0049QWWK2,5.0,1
B0049QWNGA,5.0,1
B0049QV6MW,5.0,1
B0049QSX2I,5.0,1
B0049QROVO,5.0,1
B0049QRLBC,5.0,1
B0049QRJ14,5.0,1
B004A71F1C,5.0,1
B004A73IIK,5.0,1
B004AI90K4,4.0,1
B004AI8T56,5.0,1
B004AI8RDU,5.0,1
B004AI8QJA,5.0,1
B004AI8PEG,5.0,1
B004AI8P5K,5.0,1
B004AI8NL6,4.0,1
B004AI7PQ0,5.0,1
B004AI7MLS,5.0,1
B004AI7LQO,5.0,1
B004AI7JW0,5.0,1
B004AI7G4G,5.0,1
B004AI7FJW,5.0,1
B004AI7FE2,5.0,1
B004AI7AF6,5.0,1
B004AI7A3I,5.0,1
B004AI739O,5.0,1
B004AI5NNC,5.0,1
B004AI5LFC,5.0,1
B004AI5KGW,5.0,1
B004AI5JQS,5.0,1
B004AI5FRG,5.0,1
B004AI5BU2,4.0,1
B004AI5BC0,5.0,1
B004AI5652,5.0,1
B004AI53F0,4.0,1
B004AI8WDU,5.0,1
B004AI90Y0,4.0,1
B004AI50PS,5.0,1
B004AI9KAY,5.0,1
B004AM3GGO,5.0,1
B004ALW4PY,5.0,1
B004AL2ZDA,4.0,1
B004AKVZBY,5.0,1
B004AKVZ9G,5.0,1
B004AKT7S2,4.0,1
B004AKN98Q,5.0,1
B004AKC1LC,5.0,1
B004AJJGXE,5.0,1
B004AIIOY2,5.0,1
B004AIIA1E,5.0,1
B004AIEBGW,5.0,1
B004AICA8S,4.0,1
B004AIC8RG,5.0,1
B004AIBEPS,4.0,1
B004AIBE5I,5.0,1
B004AIB9V2,5.0,1
B004AIB5OI,5.0,1
B004AIARH4,5.0,1
B004AIAQN4,5.0,1
B004AIANP0,5.0,1
B004AI50BW,5.0,1
B004ADBBE2,5.0,1
B004AC9W0S,5.0,1
B004AC7XT0,5.0,1
B004AB8TN0,5.0,1
B004AB3IYU,4.0,1
B004AAMO3C,5.0,1
B004AAMF8G,5.0,1
B004A9UVZG,5.0,1
B004A9SSVU,5.0,1
B004A9LW5Y,5.0,1
B004A9ITMI,5.0,1
B004A9HZW8,5.0,1
B004A9F8Z4,5.0,1
B004A91RO0,5.0,1
B004A8SP9Q,5.0,1
B004A8QUMA,5.0,1
B004A8NOA6,5.0,1
B004A82R6I,5.0,1
B004A80KVC,4.0,1
B004A79ONI,5.0,1
B004A79MXU,4.0,1
B004ACACGQ,5.0,1
B004AESNKQ,5.0,1
B004AFS9VS,5.0,1
B004AI3H80,5.0,1
B004AI3BYA,4.0,1
B004AI3B9K,5.0,1
B004AI39W4,5.0,1
B004AI35KU,5.0,1
B004AI35HS,5.0,1
B004AI34YM,5.0,1
B004AI349M,5.0,1
B004AHK2CU,5.0,1
B004AHHGMY,5.0,1
B004AHCVFQ,5.0,1
B004AHC61K,5.0,1
B004AH8EL6,5.0,1
B004AGZLMM,5.0,1
B004AGUT1U,5.0,1
B004AGO7PY,5.0,1
B004AGMKJY,5.0,1
B004AGK49M,4.0,1
B004AGFF1O,5.0,1
B004AGF8ZW,5.0,1
B004AGF8PM,5.0,1
B004AGD82C,4.0,1
B004AG7YZE,5.0,1
B0049FELSE,5.0,1
B0049F9WN8,5.0,1
B004AMNLB4,5.0,1
B004832508,5.0,1
B00487FGUK,5.0,1
B00487AQY6,4.0,1
B004874ZPC,5.0,1
B00484RS4K,5.0,1
B00484H4OO,5.0,1
B004840WWU,4.0,1
B00483B6GM,5.0,1
B00483B4Y6,5.0,1
B004838UF2,4.0,1
B004836JJG,5.0,1
B004832FL2,4.0,1
B00482XOWW,5.0,1
B0049F9VT8,5.0,1
B00480FHJW,5.0,1
B00480E734,4.0,1
B00480A4RC,5.0,1
B004801LRE,4.0,1
B0047ZYJI8,4.0,1
B0047ZYJEM,5.0,1
B0047ZYIFW,5.0,1
B0047ZYHDK,5.0,1
B00487HDJW,4.0,1
B00487HH5C,5.0,1
B00487MICE,5.0,1
B00489CL74,5.0,1
B00489CL1U,5.0,1
B00489AT2S,5.0,1
B00489957S,5.0,1
B0048934JS,5.0,1
B00488M9ZY,5.0,1
B00488K6V8,5.0,1
B00488JW4A,5.0,1
B00488DLUQ,5.0,1
B00488B1P8,5.0,1
B00488B0T0,5.0,1
B004887E3G,4.0,1
B004885VHC,5.0,1
B004885S7K,5.0,1
B004885RR6,5.0,1
B00487ZZBA,5.0,1
B00487YJ8K,5.0,1
B00487WVMG,4.0,1
B00487T1A6,5.0,1
B00487SGHA,5.0,1
B00487QBP4,5.0,1
B00487NQNE,5.0,1
B00487MZKY,5.0,1
B00487MRRU,5.0,1
B0047ZYHD0,5.0,1
B0047ZWX5E,5.0,1
B0047ZVSVE,5.0,1
B0047TFYQU,5.0,1
B0047SKR7C,4.0,1
B0047SBTQA,5.0,1
B0047SB4EM,4.0,1
B0047RYY3G,5.0,1
B0047RWWOE,5.0,1
B0047RQDQM,5.0,1
B0047RJIGO,4.0,1
B0047QX1M2,4.0,1
B0047QUL20,5.0,1
B0047QTACM,5.0,1
B0047QS9JM,5.0,1
B0047QPT2C,5.0,1
B0047QOM9I,5.0,1
B0047QLACA,5.0,1
B0047QJ4E6,5.0,1
B0047Q5NUA,5.0,1
B0047Q3GV8,5.0,1
B0047Q0UP8,5.0,1
B0047PZWM0,5.0,1
B0047PYQ4U,4.0,1
B0047PV6CA,5.0,1
B0047PGE4K,5.0,1
B0047T04VK,5.0,1
B0047UH4FS,5.0,1
B0047ZTGZY,5.0,1
B0047UTERO,4.0,1
B0047ZSQ5K,4.0,1
B0047ZR9V2,4.0,1
B0047ZPQTE,5.0,1
B0047ZP9D2,5.0,1
B0047ZNGUA,5.0,1
B0047ZDCHM,4.0,1
B0047Z16B6,5.0,1
B0047YDMF0,5.0,1
B0047XVNES,4.0,1
B0047XCDHO,4.0,1
B0047XCA5O,5.0,1
B0047XA1SW,5.0,1
B0047X6U28,5.0,1
B0047X6T1K,5.0,1
B0047X6834,5.0,1
B0047X5G2S,5.0,1
B0047WH06E,4.0,1
B0047WA9QC,5.0,1
B0047W3SD8,5.0,1
B0047UVGES,5.0,1
B0047UU2NE,5.0,1
B0047UTGJA,5.0,1
B00489CL8S,5.0,1
B00489NDSU,5.0,1
B00495DSFQ,5.0,1
B00494O7BQ,5.0,1
B00494M646,5.0,1
B00494LPHU,5.0,1
B00494K98Q,5.0,1
B00491G5MS,5.0,1
B00491F7TK,5.0,1
B00491F7TA,5.0,1
B00490MPT6,5.0,1
B0048ZRGWS,5.0,1
B0048ZKEM2,5.0,1
B0048ZIJOM,5.0,1
B0048ZEV94,5.0,1
B0048ZD1ZE,5.0,1
B0048WUDPS,4.0,1
B0048WU3Z8,5.0,1
B0048WPPK6,5.0,1
B0048WO4V2,5.0,1
B0048WN5NA,4.0,1
B0048W8MZ6,5.0,1
B0048W753Q,5.0,1
B0048W2HCK,5.0,1
B0048UNDBQ,4.0,1
B0048ULIE0,5.0,1
B004951ABA,5.0,1
B0048UHIO4,5.0,1
B00495JFJO,5.0,1
B0049ELKLQ,5.0,1
B0049EGVOW,5.0,1
B0049EB11K,5.0,1
B0049DNHY0,5.0,1
B0049D6YKY,5.0,1
B0049CQR1G,5.0,1
B0049CPS1Q,5.0,1
B0049BYL8I,4.0,1
B0049BNUXK,5.0,1
B0049BEWGO,4.0,1
B0049BEAJ8,5.0,1
B0049BDZ7G,5.0,1
B0049AT69I,4.0,1
B0049AMTP6,5.0,1
B0049AMN5M,5.0,1
B0049AJVCU,5.0,1
B00498CH7S,5.0,1
B00497XXFO,5.0,1
B00497D65G,5.0,1
B004978KAW,4.0,1
B00496FSEE,5.0,1
B00495YTN6,5.0,1
B00495UHGE,5.0,1
B0048UIWDA,5.0,1
B0048UFTUE,5.0,1
B00489Q8JG,5.0,1
B0048IRP5I,5.0,1
B0048IAVU4,5.0,1
B0048I0J2Y,5.0,1
B0048HECLO,5.0,1
B0048GFGE2,5.0,1
B0048FZIQE,5.0,1
B0048FXNPM,4.0,1
B0048FMS6W,5.0,1
B0048EEL1I,4.0,1
B0048DOA92,5.0,1
B0048CESAE,5.0,1
B0048CE0UW,4.0,1
B0048CCGPS,5.0,1
B0048C8QDO,4.0,1
B0048BR9QU,4.0,1
B0048BA33Q,5.0,1
B0048B7O56,5.0,1
B0048AUSHS,5.0,1
B0048AQUXO,5.0,1
B0048ANO2E,5.0,1
B0048A3LCW,5.0,1
B0048A263W,5.0,1
B00489XX9E,5.0,1
B00489USR4,4.0,1
B00489R1MY,5.0,1
B0048IC85U,5.0,1
B0048J74AS,4.0,1
B0048UFP9O,5.0,1
B0048JFZKO,5.0,1
B0048UFMOM,5.0,1
B0048UB1AQ,5.0,1
B0048PXV3Q,4.0,1
B0048PVQZ6,4.0,1
B0048PGOFS,5.0,1
B0048O2WCI,5.0,1
B0048O0Q08,5.0,1
B0048NZHOE,5.0,1
B0048NUTG0,5.0,1
B0048NRZOY,5.0,1
B0048NRQ20,5.0,1
B0048NRJQ8,5.0,1
B0048NRB4S,5.0,1
B0048NN9EE,5.0,1
B0048M79W8,5.0,1
B0048M2JZ0,5.0,1
B0048M1T5Q,5.0,1
B0048LX4LY,5.0,1
B0048LW5ZK,5.0,1
B0048LV3SK,5.0,1
B0048KV73C,4.0,1
B0048KROEI,5.0,1
B0048K7C22,5.0,1
B0048JT1P4,5.0,1
B004AM5QNA,5.0,1
B004AN4WAW,5.0,1
B004CO5U0A,5.0,1
B004BVPQ6W,5.0,1
B004BYSHO2,4.0,1
B004BYNG1G,5.0,1
B004BYLQZ4,5.0,1
B004BYJG7E,5.0,1
B004BYHZ6I,5.0,1
B004BYHGC6,4.0,1
B004BYFC04,5.0,1
B004BY19LK,5.0,1
B004BWAG02,4.0,1
B004BW5KTE,4.0,1
B004BVRJE4,4.0,1
B004BVRER6,5.0,1
B004BVR76O,5.0,1
B004BVPNPG,5.0,1
B004BVNSR6,5.0,1
B004BVML7O,5.0,1
B004BVMKRA,4.0,1
B004BVKJX2,5.0,1
B004BV9Y4M,5.0,1
B004BUZEFG,5.0,1
B004BUX78W,5.0,1
B004BUUQTK,5.0,1
B004BUERP4,5.0,1
B004BYUT5C,5.0,1
B004BZ10HC,5.0,1
B004C5S9FM,5.0,1
B004C5JVJU,4.0,1
B004C558F6,4.0,1
B004C4ILOW,5.0,1
B004C4GM8O,5.0,1
B004C4ALIG,5.0,1
B004C4A2RQ,5.0,1
B004C40N7K,4.0,1
B004C3Y390,5.0,1
B004C3FVV4,4.0,1
B004C35TSY,5.0,1
B004C2YZ2Q,5.0,1
B004C2PSU4,4.0,1
B004C2DMAM,5.0,1
B004C20OSA,5.0,1
B004C2027I,5.0,1
B004C1U6EI,5.0,1
B004C1TWO8,5.0,1
B004C1MZD8,5.0,1
B004BZI6II,5.0,1
B004BZI6GK,5.0,1
B004BZGBQ2,4.0,1
B004BS0PES,4.0,1
B004BRG7X2,5.0,1
B004BRFTM2,5.0,1
B004BRFJ5O,5.0,1
B004BRF8N2,5.0,1
B004BRE46Y,5.0,1
B004BRCABU,5.0,1
B004BRA7XS,5.0,1
B004BQVJHC,5.0,1
B004BQTEHY,5.0,1
B004BQS6JQ,5.0,1
B004BQBJDQ,5.0,1
B004BQ8C7C,5.0,1
B004BQ0R1Q,5.0,1
B004BPYQ82,5.0,1
B004BPX9P8,5.0,1
B004BPR0XK,5.0,1
B004BPP0L4,5.0,1
B004BOO746,4.0,1
B004BOMKC2,5.0,1
B004BOEXNQ,5.0,1
B004BOE980,5.0,1
B004BRFXT6,5.0,1
B004BRGL7Y,5.0,1
B004BRZ8TQ,5.0,1
B004BRGQ5G,5.0,1
B004BRZ42W,5.0,1
B004BRY05Y,4.0,1
B004BRXRYO,5.0,1
B004BRVXJK,5.0,1
B004BRVWCI,5.0,1
B004BRUSR8,4.0,1
B004BRTZY0,4.0,1
B004BRTLVM,5.0,1
B004BRSBJK,5.0,1
B004BRRQR8,5.0,1
B004BRPCA6,5.0,1
B004BRNMGW,4.0,1
B004BRN1L8,5.0,1
B004BRLUS4,5.0,1
B004BRLUO8,5.0,1
B004BRLU1G,5.0,1
B004BRLCRS,5.0,1
B004BRJSE2,5.0,1
B004BRJ6ZS,5.0,1
B004BRJ1BC,5.0,1
B004BRIZ1Y,5.0,1
B004BRHY1G,5.0,1
B004BRHD1M,5.0,1
B004BRHA06,4.0,1
B004BRH1SM,5.0,1
B004C6GTYO,5.0,1
B004C6N1CM,4.0,1
B004CMAQZQ,5.0,1
B004CM6ECK,5.0,1
B004CM63EE,5.0,1
B004CM4I3M,5.0,1
B004CLZ3G4,5.0,1
B004CKO8WU,4.0,1
B004CJPCHG,5.0,1
B004CJGEZA,5.0,1
B004CJAF0A,5.0,1
B004CJAEMY,5.0,1
B004CJ6EKA,5.0,1
B004CJ6D5Q,5.0,1
B004CJ5HUI,5.0,1
B004CJ0JVU,5.0,1
B004CIUJ2A,5.0,1
B004CI9ZPM,5.0,1
B004CI2K5E,5.0,1
B004CHT1JS,5.0,1
B004CHJXW8,5.0,1
B004CHE9NG,5.0,1
B004CHBG0K,5.0,1
B004CH6F0Q,5.0,1
B004CM7L5O,5.0,1
B004CGKM0G,4.0,1
B004CMX072,5.0,1
B004CNOIO0,5.0,1
B004CNN0SU,5.0,1
B004CNMJ8C,5.0,1
B004CNMI3S,4.0,1
B004CNMFBS,5.0,1
B004CNMC02,5.0,1
B004CNLELU,5.0,1
B004CNKZGK,5.0,1
B004CNKZBU,5.0,1
B004CNKYZ2,5.0,1
B004CNKR8G,5.0,1
B004CNJ7K0,5.0,1
B004CNIQQQ,5.0,1
B004CNIQLQ,5.0,1
B004CNIN1Y,4.0,1
B004CNH4AK,5.0,1
B004CNGU7S,5.0,1
B004CNFD3K,5.0,1
B004CNFCP4,5.0,1
B004CNBBTK,5.0,1
B004CN6H76,5.0,1
B004CN4002,5.0,1
B004CN2BEE,4.0,1
B004CGL87W,5.0,1
B004C6OCUW,5.0,1
B004CBABJS,5.0,1
B004CAYJXI,4.0,1
B004CABP4O,5.0,1
B004CAAUVI,4.0,1
B004CA73KE,5.0,1
B004CA2EP8,5.0,1
B004C9YDQ2,5.0,1
B004C9R5BC,4.0,1
B004C8OWVE,5.0,1
B004C8N4KE,5.0,1
B004C8LJBU,5.0,1
B004C86J9C,4.0,1
B004C84XVI,5.0,1
B004C80Z2O,4.0,1
B004C80HNG,4.0,1
B004C7UJZI,4.0,1
B004C7U4LW,5.0,1
B004C7SMYS,5.0,1
B004C7SKQI,5.0,1
B004C7R14U,5.0,1
B004C7QH72,5.0,1
B004C7OVTI,5.0,1
B004C7MS2A,5.0,1
B004C6TZTK,5.0,1
B004CB1K0W,5.0,1
B004CBDAGY,5.0,1
B004CBL8PY,4.0,1
B004CG4OK0,5.0,1
B004CFYCZI,5.0,1
B004CFR6LA,5.0,1
B004CFFOFK,5.0,1
B004CFD9NO,5.0,1
B004CF9P2I,5.0,1
B004CF9IKC,5.0,1
B004CEN2KU,5.0,1
B004CEM5HQ,5.0,1
B004CDX92C,5.0,1
B004CDTKVG,5.0,1
B004CDRW2K,4.0,1
B004CCSRDE,5.0,1
B004CCNHWA,5.0,1
B004CCJH6A,5.0,1
B004CBYDKQ,5.0,1
B004CBT35G,5.0,1
B004CBPLIY,5.0,1
B004CBNSYI,5.0,1
B004BMAP8K,4.0,1
B004ATGB46,4.0,1
B004AVXJYY,5.0,1
B004AVVOY6,5.0,1
B004AVTJVG,5.0,1
B004AVQB6M,5.0,1
B004AVKOZ6,4.0,1
B004AVINGS,5.0,1
B004AUBVFO,5.0,1
B004AU8DP0,5.0,1
B004AU695Q,5.0,1
B004ATNNVK,5.0,1
B004ASLGME,5.0,1
B004BMAFYO,5.0,1
B004ASHR2C,5.0,1
B004ASCVYQ,5.0,1
B004AS7G1Y,5.0,1
B004ARV3XW,4.0,1
B004ARV134,5.0,1
B004ARUC34,4.0,1
B004ARU0XG,5.0,1
B004ARTYJC,5.0,1
B004ARTWQW,5.0,1
B004ARTUUA,5.0,1
B004AWHVWE,5.0,1
B004AWIYMU,5.0,1
B004AWKEBE,5.0,1
B004AWKIQ0,5.0,1
B004B2B46M,5.0,1
B004B0LVN0,5.0,1
B004B0EPHE,4.0,1
B004B01RGQ,5.0,1
B004AZH8QK,4.0,1
B004AYV862,4.0,1
B004AYQD5S,5.0,1
B004AYNCIY,5.0,1
B004AYBG3W,5.0,1
B004AYALWO,5.0,1
B004AY99BS,5.0,1
B004AY8RHA,4.0,1
B004AY8QDU,4.0,1
B004AY8O0K,4.0,1
B004AY72WG,5.0,1
B004AXKUDK,5.0,1
B004AXHHD6,5.0,1
B004AWRWOQ,5.0,1
B004AWRNV8,5.0,1
B004AWO5PK,5.0,1
B004AWM840,5.0,1
B004ARTT5Q,5.0,1
B004ARTPLE,5.0,1
B004ARMAQ6,4.0,1
B004ARM9FI,5.0,1
B004ARM69C,5.0,1
B004ARM5PM,5.0,1
B004ARM1OM,5.0,1
B004ARJOJ2,5.0,1
B004AQVELO,5.0,1
B004AQRUZS,5.0,1
B004AQN2V4,5.0,1
B004AQLW9I,5.0,1
B004AQBURM,5.0,1
B004AQAVUY,5.0,1
B004AQ6ACW,5.0,1
B004AQ2M1U,5.0,1
B004APYBII,5.0,1
B004APWJ1Y,5.0,1
B004APQHWQ,5.0,1
B004APOB0G,5.0,1
B004AOTBTS,5.0,1
B004AOLZ8I,5.0,1
B004AOKULG,4.0,1
B004AOFLBA,5.0,1
B004ANZHYM,5.0,1
B004ANFNSC,4.0,1
B004ANBSDG,5.0,1
B004ARMA34,4.0,1
B004ARMBWY,5.0,1
B004ARTP8W,5.0,1
B004ARMF66,5.0,1
B004ARTJXI,5.0,1
B004ARTAUK,4.0,1
B004ARRO94,4.0,1
B004ARRIOA,5.0,1
B004ARRICW,5.0,1
B004ARRHF0,4.0,1
B004ARQ4L8,5.0,1
B004ARQ3EQ,4.0,1
B004ARQ06C,5.0,1
B004ARPTU0,5.0,1
B004ARPQD0,4.0,1
B004ARPNGA,5.0,1
B004ARPL3U,5.0,1
B004ARPGNA,5.0,1
B004AROYYC,5.0,1
B004AROHAI,4.0,1
B004ARODXE,4.0,1
B004AROCBC,5.0,1
B004ARO6PY,5.0,1
B004ARO5BE,5.0,1
B004ARO1YA,5.0,1
B004ARO1XQ,5.0,1
B004ARMMM8,5.0,1
B004B388LA,5.0,1
B004B392EW,5.0,1
B004B394V8,5.0,1
B004BH4V8U,5.0,1
B004BGQK08,5.0,1
B004BGENIO,4.0,1
B004BGDBU0,5.0,1
B004BGDAD8,5.0,1
B004BGBNH8,5.0,1
B004BG6BBG,5.0,1
B004BG4KNC,5.0,1
B004BG43G6,5.0,1
B004BG3QDW,5.0,1
B004BG3GT6,5.0,1
B004BG2Y12,4.0,1
B004BFZ5SW,5.0,1
B004BFVHFW,4.0,1
B004BEK5AG,5.0,1
B004BE8S1Y,5.0,1
B004BE0D58,5.0,1
B004BDTQF2,5.0,1
B004BD9FYO,5.0,1
B004BD1Z9C,5.0,1
B004BCZ530,5.0,1
B004BH4XHO,5.0,1
B004BCWTE8,5.0,1
B004BHE43M,5.0,1
B004BLUXUQ,5.0,1
B004BLO97E,5.0,1
B004BL2ZGG,5.0,1
B004BL1N96,4.0,1
B004BJZZY2,5.0,1
B004BJO7GE,5.0,1
B004BJJ7NC,5.0,1
B004BJ38WI,5.0,1
B004BIXY6Y,5.0,1
B004BIV31M,5.0,1
B004BIT5KI,5.0,1
B004BIRB6I,5.0,1
B004BIR6OA,5.0,1
B004BIQJAC,4.0,1
B004BIN8P6,5.0,1
B004BII3CO,5.0,1
B004BIELU2,5.0,1
B004BHY1E4,5.0,1
B004BHRVM8,5.0,1
B004BHMFZQ,5.0,1
B004BHI730,5.0,1
B004BCW3RQ,5.0,1
B004B3B0II,5.0,1
B004B88JT6,5.0,1
B004B841TI,4.0,1
B004B83WJS,5.0,1
B004B83U4K,5.0,1
B004B81SVW,5.0,1
B004B7ZS4G,4.0,1
B004B7RE16,5.0,1
B004B7M8XU,5.0,1
B004B7M8UI,5.0,1
B004B7GGSS,4.0,1
B004B72HGS,5.0,1
B004B5MJC2,5.0,1
B004B5HZ6M,4.0,1
B004B51K40,4.0,1
B004B4WS0Q,5.0,1
B004B4VZX2,5.0,1
B004B4GV0O,5.0,1
B004B4AWYK,5.0,1
B004B450L0,5.0,1
B004B437F6,5.0,1
B004B3HF1Y,5.0,1
B004B3GDVW,4.0,1
B004B8EKYE,4.0,1
B004B8QL4Q,5.0,1
B004B8SB3A,5.0,1
B004BCAD3M,5.0,1
B004BCA7NS,5.0,1
B004BC9F4K,5.0,1
B004BC9AVS,4.0,1
B004BC6Y76,5.0,1
B004BC6VME,5.0,1
B004BC6SU4,5.0,1
B004BC3U28,5.0,1
B004BBNV32,5.0,1
B004BBNUME,4.0,1
B004BBNUDS,5.0,1
B004BBAS5Q,4.0,1
B004BB8WMW,5.0,1
B004BB35II,5.0,1
B004BB0NKQ,4.0,1
B004BARE0Y,5.0,1
B004BAR9HC,5.0,1
B004BAM0EE,4.0,1
B004BAFF2S,5.0,1
B004BA3ABG,5.0,1
B0047PDKR4,5.0,1
B0047PDKI8,5.0,1
B0047PA4IW,5.0,1
B00450N9CC,5.0,1
B00452SBKK,4.0,1
B00452GR5G,5.0,1
B004521I1O,5.0,1
B00451ZXTS,5.0,1
B00451WIWI,5.0,1
B004519XLC,4.0,1
B004519WLS,5.0,1
B0045174FO,5.0,1
B00450VABE,4.0,1
B00450QISY,4.0,1
B00450NIXC,4.0,1
B00450LEX8,5.0,1
B0044GAWPY,5.0,1
B00450LD66,5.0,1
B00450I03A,5.0,1
B004507KGI,5.0,1
B0044ZYCOM,5.0,1
B0044ZY9QI,5.0,1
B0044ZRSW0,5.0,1
B0044ZPSEU,5.0,1
B0044ZOH3S,5.0,1
B0044ZBW5E,5.0,1
B0044Z9DX2,5.0,1
B0044YP03A,5.0,1
B00452SC68,5.0,1
B00452X92U,5.0,1
B004532ZEC,5.0,1
B004571V98,5.0,1
B004564LGO,5.0,1
B004561GXU,4.0,1
B00455X8M8,4.0,1
B00455VWEE,4.0,1
B00455SXNC,5.0,1
B00455PVNW,4.0,1
B00455NW7E,4.0,1
B00455NTDQ,5.0,1
B00455KHOU,5.0,1
B00455GCZI,5.0,1
B0045535XK,5.0,1
B0045535JO,5.0,1
B00454YG3O,5.0,1
B00454YB20,5.0,1
B00454SIXS,4.0,1
B00454S15I,5.0,1
B0045477NU,5.0,1
B004539I2O,4.0,1
B004534VOE,5.0,1
B004534518,4.0,1
B004533C2G,5.0,1
B0044WR6YI,5.0,1
B0044WR3Y6,5.0,1
B0044PSGM6,5.0,1
B0044O2OK2,5.0,1
B0044NR57K,5.0,1
B0044NH502,5.0,1
B0044NCZTI,4.0,1
B0044N8ZWY,5.0,1
B0044MPNY8,4.0,1
B0044MPNBG,5.0,1
B0044MLSAG,5.0,1
B0044MHZ5S,4.0,1
B0044LP9IO,5.0,1
B0044LO92G,5.0,1
B0044LO8R2,5.0,1
B0044LMTA0,5.0,1
B0044LKZK6,5.0,1
B0044LHKTU,5.0,1
B0044LHKFE,5.0,1
B0044KIXE2,4.0,1
B0044JRNP8,5.0,1
B0044JPL2U,5.0,1
B0044JP4D6,5.0,1
B0044JKEOK,5.0,1
B0044I8P5G,5.0,1
B0044GG6T0,5.0,1
B0044PQK56,5.0,1
B0044WNKZ2,5.0,1
B0044QDTEK,4.0,1
B0044VP8U8,5.0,1
B0044VOVTM,5.0,1
B0044VHK1S,5.0,1
B0044VBE6U,5.0,1
B0044VAXQ2,5.0,1
B0044VAQGO,5.0,1
B0044V99G2,5.0,1
B0044V74OG,5.0,1
B0044V5FVK,5.0,1
B0044V2IPG,5.0,1
B0044UZZ6G,5.0,1
B0044UP2BY,5.0,1
B0044UECSS,5.0,1
B0044U9RHE,5.0,1
B0044U6EKM,5.0,1
B0044U2XBQ,5.0,1
B0044TTXQ0,5.0,1
B0044RW6R0,5.0,1
B0044R5AGO,5.0,1
B0044R3NM2,5.0,1
B0044QEF70,5.0,1
B00457KEXC,5.0,1
B00457TW8K,5.0,1
B004597KIC,5.0,1
B0045L7CNS,5.0,1
B0045L728I,5.0,1
B0045L70DU,5.0,1
B0045L6T46,4.0,1
B0045L6S24,5.0,1
B0045L34TO,4.0,1
B0045KYOVW,5.0,1
B0045KIYVI,5.0,1
B0045KI814,5.0,1
B0045KI404,5.0,1
B0045KI0OO,5.0,1
B0045KGKC8,4.0,1
B0045KG730,5.0,1
B0045KG5G4,5.0,1
B0045KG3KM,4.0,1
B0045KG1BS,5.0,1
B0045KEPWK,5.0,1
B0045KEG8S,5.0,1
B0045KE6OC,5.0,1
B0045KE16A,4.0,1
B0045KDVRA,5.0,1
B0045KDO6I,5.0,1
B0045KCTAK,5.0,1
B0045L7AA8,5.0,1
B0045L9EBG,5.0,1
B0045LAJ7O,4.0,1
B0045O18C6,4.0,1
B0045MWHPK,5.0,1
B0045MH2V4,5.0,1
B0045M29VW,5.0,1
B0045M1ZB2,5.0,1
B0045M01LC,5.0,1
B0045LZQPO,5.0,1
B0045LXUHK,4.0,1
B0045LV1F8,5.0,1
B0045LSU4S,5.0,1
B0045LSLD8,4.0,1
B0045LQVGC,5.0,1
B0045LQU6I,5.0,1
B0045LQO3M,5.0,1
B0045LNYJY,5.0,1
B0045LJKQK,5.0,1
B0045LJK2Y,5.0,1
B0045LIJV2,4.0,1
B0045LI1HO,5.0,1
B0045LCYA4,4.0,1
B0045LAO38,5.0,1
B0045LAMHQ,4.0,1
B0045KCC2K,4.0,1
B0045KC1V2,5.0,1
B0045IYEDC,5.0,1
B0045H84T8,4.0,1
B0045H7BZG,5.0,1
B0045H4FMI,5.0,1
B0045GAO8I,5.0,1
B0045FR6J4,5.0,1
B0045F6I0M,5.0,1
B0045F6HYY,5.0,1
B0045EY6NO,5.0,1
B0045EWBBI,4.0,1
B0045EN5EA,4.0,1
B0045EJFCG,5.0,1
B0045EFLBK,5.0,1
B0045E9LUM,5.0,1
B0045E9I28,5.0,1
B0045E8V2Q,5.0,1
B0045DWYDY,5.0,1
B0045DSII4,5.0,1
B0045DJOZ0,4.0,1
B0045DGWE6,5.0,1
B0045DC75E,5.0,1
B0045DAETA,5.0,1
B0045DABB6,5.0,1
B0045D67G4,5.0,1
B0045B5BIG,5.0,1
B0045H850Q,5.0,1
B0045JD3UQ,5.0,1
B0045KC1RG,4.0,1
B0045KC0VS,4.0,1
B0045KBZXM,5.0,1
B0045KBBRC,5.0,1
B0045KB7QC,5.0,1
B0045KAXW6,4.0,1
B0045K95HK,4.0,1
B0045K92A0,5.0,1
B0045K8WXI,5.0,1
B0045K8WJW,5.0,1
B0045K8W9M,5.0,1
B0045K71C6,5.0,1
B0045K70X6,5.0,1
B0045K70IG,4.0,1
B0045K700E,5.0,1
B0045K6VPO,5.0,1
B0045K6VEA,5.0,1
B0045JWFYG,5.0,1
B0045JVDKI,5.0,1
B0045JSTE6,5.0,1
B0045JRP8C,5.0,1
B0045JPNNQ,5.0,1
B0045JMRO4,5.0,1
B0045JJD2I,5.0,1
B0047P58LA,5.0,1
B0043R1A5A,5.0,1
B0043R4V38,5.0,1
B0043R4UPM,5.0,1
B0043R4Q60,5.0,1
B0043R3I2S,5.0,1
B0043R3FR6,5.0,1
B0043R3EWW,5.0,1
B0043R3DO6,5.0,1
B0043R1V1S,4.0,1
B0043R1TKQ,5.0,1
B0043R1TC4,5.0,1
B0043R1T0G,5.0,1
B0043R1MGC,5.0,1
B0043R07DQ,5.0,1
B0044FU3FE,5.0,1
B0043R04O8,5.0,1
B0043QZWIC,5.0,1
B0043QKIHM,5.0,1
B0043PA314,5.0,1
B0043P63T0,5.0,1
B0043P4CS4,5.0,1
B0043P3W0S,4.0,1
B0043P20KG,4.0,1
B0043P1YLW,4.0,1
B0043OZBD0,5.0,1
B0043OWOEO,4.0,1
B0043OUJLE,5.0,1
B0043OSUJ2,5.0,1
B0043R4WFK,5.0,1
B0043R4Y08,5.0,1
B0043R528G,5.0,1
B0043R52HW,5.0,1
B0043TB2QK,5.0,1
B0043T4ZS2,4.0,1
B0043SF1VI,5.0,1
B0043SE26S,5.0,1
B0043SCTE0,5.0,1
B0043RMSEM,5.0,1
B0043RMBMQ,5.0,1
B0043RKN7G,4.0,1
B0043RIWUQ,5.0,1
B0043RH0QI,4.0,1
B0043RESV8,4.0,1
B0043R8WAG,5.0,1
B0043R773O,5.0,1
B0043R76UI,5.0,1
B0043R76T4,5.0,1
B0043R76MG,5.0,1
B0043R7586,5.0,1
B0043R6ZPU,5.0,1
B0043R5AHO,5.0,1
B0043R59O8,5.0,1
B0043R59DY,5.0,1
B0043R56CI,5.0,1
B0043R53D0,5.0,1
B0043OJT2O,5.0,1
B0043OJ4OC,5.0,1
B0043OGYXG,4.0,1
B0043LPKU2,5.0,1
B0043LKPLG,5.0,1
B0043LBBXC,5.0,1
B0043L78CA,5.0,1
B0043L6Q1O,5.0,1
B0043L6G1E,4.0,1
B0043L1C18,4.0,1
B0043L1BWI,4.0,1
B0043KXWDA,5.0,1
B0043KWR36,4.0,1
B0043KWHG8,5.0,1
B0043K4YUA,5.0,1
B0043JKC9S,5.0,1
B0043JGJMW,5.0,1
B0043JFIYM,5.0,1
B0043JFI3I,5.0,1
B0043IX96W,5.0,1
B0043IUR44,5.0,1
B0043ISPNY,4.0,1
B0043IRYZY,5.0,1
B0043IRUIA,5.0,1
B0043IPAHI,5.0,1
B0043IOFVU,5.0,1
B0043INRQE,5.0,1
B0043OFUZY,5.0,1
B0043ODT5M,5.0,1
B0043NIXXG,5.0,1
B0043MSL52,4.0,1
B0043MQM9E,5.0,1
B0043MQL3G,4.0,1
B0043MQKT6,5.0,1
B0043MQER4,5.0,1
B0043MQCDU,4.0,1
B0043MORYG,5.0,1
B0043MORPK,5.0,1
B0043MORC8,4.0,1
B0043MOPJS,5.0,1
B0043MOEN0,5.0,1
B0043MMP9U,5.0,1
B0043MMP4U,5.0,1
B0043MMNW4,5.0,1
B0043MLDA2,5.0,1
B0043MLBU4,5.0,1
B0043ML94C,5.0,1
B0043ML7HG,5.0,1
B0043MJ5SE,4.0,1
B0043MHG9E,5.0,1
B0043MEYTO,4.0,1
B0043MECL4,5.0,1
B0043TK0LI,5.0,1
B0043TNTES,5.0,1
B0043TYMU8,5.0,1
B0044ATPJO,5.0,1
B0044AD8RO,5.0,1
B0044AD6EE,5.0,1
B0044ACTWE,5.0,1
B0044ACTU6,5.0,1
B0044A95LW,5.0,1
B00449U4QS,5.0,1
B00449U4DQ,5.0,1
B00449R56K,5.0,1
B00449L458,5.0,1
B00449J67Q,5.0,1
B004497ZU6,5.0,1
B0044938JI,5.0,1
B0044887VS,5.0,1
B004486ALC,5.0,1
B004483YHK,5.0,1
B004480VOE,5.0,1
B00447GWFC,5.0,1
B00447F4TW,5.0,1
B004474HHM,5.0,1
B004451BJQ,5.0,1
B0044462VO,5.0,1
B004442ROA,5.0,1
B004442RFE,5.0,1
B004442QVO,5.0,1
B004442F0Q,5.0,1
B0044AS8PQ,5.0,1
B0044411CE,4.0,1
B0044B1HPS,5.0,1
B0044FPUKC,4.0,1
B0044FON3W,5.0,1
B0044FH2NU,5.0,1
B0044F2JCE,5.0,1
B0044EOOV4,5.0,1
B0044EO7T8,5.0,1
B0044EFXP0,5.0,1
B0044EE25W,5.0,1
B0044EDRSA,5.0,1
B0044E4XQK,5.0,1
B0044E3H0S,4.0,1
B0044DWZZM,5.0,1
B0044DUXCO,5.0,1
B0044DFTYG,4.0,1
B0044D64OA,5.0,1
B0044CZADM,5.0,1
B0044C1CVG,4.0,1
B0044C0NJI,5.0,1
B0044B96A6,5.0,1
B0044B2BHG,5.0,1
B0044B2BF8,5.0,1
B0044425QU,4.0,1
B0043TYSDO,5.0,1
B0043ZLRUA,5.0,1
B0043YFC8E,5.0,1
B0043YF62G,4.0,1
B0043XK40G,5.0,1
B0043XI052,5.0,1
B0043X8BBK,5.0,1
B0043X4HI6,5.0,1
B0043X4A56,5.0,1
B0043X2H2Y,5.0,1
B0043WV1K4,4.0,1
B0043WMW7K,4.0,1
B0043WLJKQ,5.0,1
B0043WLBTA,4.0,1
B0043WKRAE,5.0,1
B0043WG6Z4,5.0,1
B0043VYQIY,5.0,1
B0043URHW2,5.0,1
B0043UR9O8,5.0,1
B0043UO0DG,5.0,1
B0043UFY9K,5.0,1
B0043U6WKU,5.0,1
B0043U4WD4,5.0,1
B0043U3I0W,5.0,1
B0043U3E4M,5.0,1
B0043U19QC,5.0,1
B0043YIG3C,5.0,1
B00440ZYP8,5.0,1
B00443ZRR0,4.0,1
B00440ZZ4I,5.0,1
B00443YJ8I,5.0,1
B00443XV3M,5.0,1
B00443VOFO,5.0,1
B00443VJM2,5.0,1
B00443TW4Y,5.0,1
B00443TQOK,5.0,1
B00443QM7Y,5.0,1
B00443LGZ2,5.0,1
B00443KI4C,5.0,1
B00443IC3Q,5.0,1
B00443HUFW,5.0,1
B00443HFIO,5.0,1
B00443FQWQ,5.0,1
B00443BFE4,5.0,1
B004439BA4,5.0,1
B004437K2U,4.0,1
B00441YEXK,5.0,1
B004415O9I,5.0,1
B004415CXG,5.0,1
B004414A3E,5.0,1
B004413WCY,5.0,1
B0045OEZTY,5.0,1
B0045OGCL8,5.0,1
B0045OQ8Q2,5.0,1
B0046ZC1FM,5.0,1
B0046ZWBF2,5.0,1
B0046ZQL1W,4.0,1
B0046ZPGOU,5.0,1
B0046ZPGNG,5.0,1
B0046ZM2HO,5.0,1
B0046ZK1P4,5.0,1
B0046ZJCPE,5.0,1
B0046ZI7K0,5.0,1
B0046ZHS1O,5.0,1
B0046ZG07C,4.0,1
B0046ZF9BK,4.0,1
B0046ZAHUI,5.0,1
B0045OZ3AO,4.0,1
B0046ZAHBM,5.0,1
B0046XSSO2,5.0,1
B0046XSSDS,5.0,1
B0046XP4SU,5.0,1
B0046XLCWC,5.0,1
B0046XL5VU,5.0,1
B0046XK45I,5.0,1
B0046XHVIG,5.0,1
B0046X6VLE,5.0,1
B0046WBNXQ,5.0,1
B0047088CQ,5.0,1
B00470896G,5.0,1
B004708RK4,5.0,1
B004708RNG,5.0,1
B004743ZK2,5.0,1
B0047414AU,5.0,1
B0047411VM,5.0,1
B00473ZE6G,5.0,1
B00473XIPK,5.0,1
B00473WVI0,5.0,1
B00473UQZ0,4.0,1
B00473UBSM,5.0,1
B00473SLJI,5.0,1
B00473SA6W,5.0,1
B00473QVO0,5.0,1
B00473OQLK,5.0,1
B00473OP16,5.0,1
B00473MDPQ,5.0,1
B00473MBQ2,5.0,1
B004721B1O,5.0,1
B00471SPL4,4.0,1
B00471NMSU,5.0,1
B00471HT9I,5.0,1
B00471HC9K,4.0,1
B00471B7ZU,4.0,1
B004715WXS,5.0,1
B00470UAOU,5.0,1
B00470DWN6,5.0,1
B0046W6DNG,5.0,1
B0046W2V32,5.0,1
B0046OJQSI,5.0,1
B0046NZFKW,4.0,1
B0046NPUYI,5.0,1
B0046NNXPQ,5.0,1
B0046NNV1M,5.0,1
B0046NLC5O,4.0,1
B0046NLA3I,5.0,1
B0046NG9TS,5.0,1
B0046NEOVI,5.0,1
B0046N1F1K,5.0,1
B0046MZ0F8,5.0,1
B0046MWBPK,5.0,1
B0046MW5VA,5.0,1
B0046MLXYA,5.0,1
B0046MKJ1I,5.0,1
B0046MKILO,5.0,1
B0046MKDQ4,5.0,1
B0046MKDFU,5.0,1
B0046MKD7I,5.0,1
B0046MK9YU,5.0,1
B0046MI84S,5.0,1
B0046MI5PU,5.0,1
B0046POLOG,5.0,1
B0046Q72YQ,5.0,1
B0046W08MS,5.0,1
B0046Q90LY,5.0,1
B0046VZMXO,5.0,1
B0046VUEGE,5.0,1
B0046VJTBU,5.0,1
B0046VGC9M,4.0,1
B0046UULF4,5.0,1
B0046UKZSW,5.0,1
B0046UCA3U,4.0,1
B0046U2QB6,5.0,1
B0046U1I38,5.0,1
B0046TZ7EA,5.0,1
B0046TPQ14,5.0,1
B0046S4V3Y,5.0,1
B0046RPRTC,4.0,1
B0046R3YV0,4.0,1
B0046R12HI,5.0,1
B0046R12GY,4.0,1
B0046QZ8UG,5.0,1
B0046QW9OE,5.0,1
B0046QVYOK,5.0,1
B0046QV00I,5.0,1
B0046QN3DU,5.0,1
B0046QK68K,5.0,1
B0046QEK4Q,5.0,1
B0046QAHZ2,4.0,1
B0047454Y2,5.0,1
B00474G9R8,4.0,1
B0047JLLRQ,5.0,1
B0047J2WHY,5.0,1
B0047IC6HG,4.0,1
B0047IADGW,5.0,1
B0047I581C,5.0,1
B0047HYKNU,5.0,1
B0047HYF7Q,5.0,1
B0047HY9XQ,5.0,1
B0047HD25C,5.0,1
B0047HD1MQ,5.0,1
B0047HC9K6,5.0,1
B0047HB81M,5.0,1
B0047FKFDG,5.0,1
B0047FHRKK,5.0,1
B0047EWR74,5.0,1
B0047EVZMM,5.0,1
B0047EUBJU,5.0,1
B0047ETP5Q,5.0,1
B0047EPULY,5.0,1
B0047EPLLI,4.0,1
B0047ENKGG,4.0,1
B0047ENHT6,5.0,1
B0047EJMD6,5.0,1
B0047JXD54,5.0,1
B0047EDVB0,5.0,1
B0047K0NE2,5.0,1
B0047P47GC,5.0,1
B0047OMASU,5.0,1
B0047OK2US,5.0,1
B0047OK2H6,5.0,1
B0047OISP4,5.0,1
B0047OGS24,5.0,1
B0047OEZOM,5.0,1
B0047NZQKA,5.0,1
B0047N8AXA,5.0,1
B0047N53XU,5.0,1
B0047N4IJ0,5.0,1
B0047MZAIY,5.0,1
B0047MYOC2,4.0,1
B0047LYBLW,5.0,1
B0047LU5JE,5.0,1
B0047LP7XI,5.0,1
B0047LC9T8,4.0,1
B0047L9YLO,5.0,1
B0047L9UFY,5.0,1
B0047L8L18,5.0,1
B0047L82RG,5.0,1
B0047L51I4,5.0,1
B0047EFUKK,5.0,1
B0047EB6MQ,4.0,1
B00474GAKE,5.0,1
B00478TPUW,5.0,1
B00478PTOI,5.0,1
B00478NAPI,4.0,1
B00478EBV0,5.0,1
B00478CHKW,5.0,1
B00477RM6M,5.0,1
B00477QZ56,5.0,1
B00477MT38,5.0,1
B00477MST8,5.0,1
B00477L0HE,5.0,1
B00477J1S4,5.0,1
B00476RAC4,4.0,1
B00476PLQ6,5.0,1
B004768R9E,5.0,1
B0047659SQ,5.0,1
B00475Q52G,5.0,1
B00475O02S,4.0,1
B00475LRH4,5.0,1
B00475J24E,5.0,1
B00475D7ZE,4.0,1
B00474WY1I,4.0,1
B00474VR9I,4.0,1
B00474L0XG,5.0,1
B00474HAN0,5.0,1
B00478VB2C,5.0,1
B0047E74ZE,5.0,1
B0047E35V6,5.0,1
B0047E2T5O,5.0,1
B0047DZPFG,5.0,1
B0047DR0E0,5.0,1
B0047DN0V2,5.0,1
B0047DLIIE,5.0,1
B0047D3UC6,5.0,1
B0047D1XPC,5.0,1
B0047CQ3TE,4.0,1
B0047BOQJE,4.0,1
B0047BK3AK,5.0,1
B0047B6OV2,5.0,1
B0047AUXTW,5.0,1
B0047ALKB2,5.0,1
B0047AJSH0,4.0,1
B0047AB7T2,5.0,1
B0047A5E64,5.0,1
B0047A3YRU,5.0,1
B0047A2T2Q,5.0,1
B00479TEP2,5.0,1
B00479P898,5.0,1
B00479OF0Q,4.0,1
B0046MI3XY,5.0,1
B0046MI3HK,5.0,1
B0046MGPAM,4.0,1
B00461CW3C,5.0,1
B00460WBKC,4.0,1
B00460QCIO,4.0,1
B00460KLUO,5.0,1
B00460JZJ2,5.0,1
B00460CLGQ,5.0,1
B004609XVM,5.0,1
B004608CI2,5.0,1
B00460768Y,5.0,1
B004600GYK,4.0,1
B0045ZS2XI,5.0,1
B0045ZO8V8,5.0,1
B0045ZO8G8,5.0,1
B0045ZMXLK,5.0,1
B0045Z4NMM,5.0,1
B0045Z4H8M,5.0,1
B0045Z3X32,4.0,1
B0045YV3UI,5.0,1
B0045XSOKG,5.0,1
B0045XJIQK,4.0,1
B0045X6ZQG,5.0,1
B0045WYLHC,5.0,1
B00461AFAE,5.0,1
B00461WI5Y,5.0,1
B0045WOMYY,5.0,1
B00461Z982,5.0,1
B004669INY,5.0,1
B004667UBG,5.0,1
B004661R8I,5.0,1
B00465ZVO0,4.0,1
B00465RWVU,4.0,1
B00465NRMS,5.0,1
B00465KK4G,5.0,1
B00464IV1G,5.0,1
B00464HBD0,5.0,1
B00464EYEO,5.0,1
B00464EX6I,5.0,1
B00464CX5G,5.0,1
B00464AU9C,5.0,1
B00464ATU2,5.0,1
B00464ASPI,5.0,1
B00464ACCC,4.0,1
B004649G1K,5.0,1
B00462ZIWS,5.0,1
B00462Z7D8,5.0,1
B00462TJ4G,5.0,1
B00462TBY4,5.0,1
B00462NGTK,5.0,1
B00462MC2C,4.0,1
B00462FBPM,5.0,1
B00462A0LM,5.0,1
B004624DHE,4.0,1
B0045WV6KM,5.0,1
B0045WOMOE,5.0,1
B00466JFL4,5.0,1
B0045T0I2C,5.0,1
B0045SVQDI,5.0,1
B0045SV8WC,5.0,1
B0045SUJ18,5.0,1
B0045SSFRI,5.0,1
B0045SQWBY,5.0,1
B0045SMROU,5.0,1
B0045R9TIS,5.0,1
B0045R7V5Q,5.0,1
B0045R7TY4,4.0,1
B0045R7OKI,5.0,1
B0045R7HTG,5.0,1
B0045PCP04,5.0,1
B0045PCN3S,5.0,1
B0045PCJM8,4.0,1
B0045PCGD0,4.0,1
B0045PCEJQ,5.0,1
B0045PC2UM,4.0,1
B0045PARJK,5.0,1
B0045PAGVY,5.0,1
B0045P8XLO,5.0,1
B0045P8XFK,4.0,1
B0045P6DG6,5.0,1
B0045P4V8I,5.0,1
B0045TJ64I,5.0,1
B0045WMVCO,5.0,1
B0045TPY6M,5.0,1
B0045WH6W4,5.0,1
B0045WG396,5.0,1
B0045WE2HQ,5.0,1
B0045WDSTO,5.0,1
B0045WBWN8,5.0,1
B0045W9CQM,4.0,1
B0045W80E2,5.0,1
B0045W6WWE,4.0,1
B0045W5NNI,5.0,1
B0045W3BKU,5.0,1
B0045W1CII,5.0,1
B0045W19R2,5.0,1
B0045VUTBA,4.0,1
B0045VQVWQ,4.0,1
B0045VG7T8,5.0,1
B0045VCDYG,4.0,1
B0045V5MD0,5.0,1
B0045V5LPY,5.0,1
B0045V55DC,5.0,1
B0045V2G02,5.0,1
B0045UY980,5.0,1
B0045UANQW,5.0,1
B0045U1CBC,5.0,1
B00466GNDM,5.0,1
B00466M5G6,5.0,1
B0046MGP52,5.0,1
B0046KG16C,5.0,1
B0046JPPPQ,5.0,1
B0046JMHUM,5.0,1
B0046JJOEY,5.0,1
B0046J0XCQ,4.0,1
B0046IYZ76,5.0,1
B0046IWHC6,5.0,1
B0046IS7XY,4.0,1
B0046IS4HS,5.0,1
B0046IS284,5.0,1
B0046IK46C,5.0,1
B0046IHDI4,5.0,1
B0046IH85M,5.0,1
B0046IGFOM,5.0,1
B0046IDGQM,5.0,1
B0046I6L8W,5.0,1
B0046HNUX2,4.0,1
B0046HLSDQ,5.0,1
B0046HK6JS,4.0,1
B0046HHKWO,5.0,1
B0046HHJ5W,5.0,1
B0046HGK4S,4.0,1
B0046HF1MA,5.0,1
B0046HEEWS,5.0,1
B0046K21PM,5.0,1
B0046KG2IO,4.0,1
B0046H6OFI,5.0,1
B0046KG6SU,5.0,1
B0046MEZNQ,5.0,1
B0046L7XL8,5.0,1
B0046L62DS,5.0,1
B0046KTLNC,5.0,1
B0046KPN8O,5.0,1
B0046KO3BC,5.0,1
B0046KO31C,5.0,1
B0046KNZIY,4.0,1
B0046KLXI8,5.0,1
B0046KL7WA,5.0,1
B0046KL02M,4.0,1
B0046KKZ3M,5.0,1
B0046KKWKS,5.0,1
B0046KKW6M,5.0,1
B0046KKQA4,5.0,1
B0046KK4OM,5.0,1
B0046KIUH0,5.0,1
B0046KHI00,5.0,1
B0046KHGX4,5.0,1
B0046KHFYY,5.0,1
B0046KHDAK,5.0,1
B0046KH75Q,5.0,1
B0046KH5QW,4.0,1
B0046KGFC2,5.0,1
B0046KGC5C,5.0,1
B00466M5Q6,5.0,1
B0046B7VZ6,5.0,1
B0046B5SR4,5.0,1
B0046AUJDI,4.0,1
B0046ACH38,5.0,1
B0046AATPQ,5.0,1
B00469V4ZG,5.0,1
B00469B1CW,5.0,1
B00468ZSTU,5.0,1
B00467Z9DG,5.0,1
B00467Z4JU,5.0,1
B00467N870,5.0,1
B00467LA8Y,5.0,1
B00467GFGG,5.0,1
B00467D3LQ,4.0,1
B00467CF60,5.0,1
B0046799UA,5.0,1
B00467998C,5.0,1
B0046798RE,5.0,1
B004672RJ0,5.0,1
B00466YE1K,5.0,1
B00466TUIW,4.0,1
B00466TKNC,5.0,1
B00466PJPA,5.0,1
B0046B7QX8,4.0,1
B0046BP9NC,4.0,1
B0046FVL0S,5.0,1
B0046BS6KK,5.0,1
B0046FLEDW,4.0,1
B0046EKYM0,5.0,1
B0046EBVCC,5.0,1
B0046EA18C,5.0,1
B0046E9SO0,5.0,1
B0046E7DYC,4.0,1
B0046DOOTA,5.0,1
B0046DM9LK,5.0,1
B0046DM5JG,4.0,1
B0046DHA00,5.0,1
B0046DE6DE,5.0,1
B0046DDP18,4.0,1
B0046DD6VC,5.0,1
B0046D7R44,5.0,1
B0046D7QXQ,5.0,1
B0046D6HZO,5.0,1
B0046D3VW6,5.0,1
B0046D1VC8,5.0,1
B0046CKPE4,5.0,1
B0046CDQ3Q,5.0,1
B0046CCZ6U,5.0,1
B0046C5VMA,5.0,1
B0046BV05I,5.0,1
B004CO3Q9W,4.0,1
B004COKQVS,5.0,1
B0043IDFH0,5.0,1
B004HZ01KI,5.0,1
B004I0AGQ6,5.0,1
B004I07OAW,5.0,1
B004HZRZ70,5.0,1
B004HZPKWM,5.0,1
B004HZJE8S,5.0,1
B004HZIJZ2,5.0,1
B004HZFIHO,5.0,1
B004HZEIAC,5.0,1
B004HZB34Q,4.0,1
B004HZ7TKS,4.0,1
B004HZ6I9G,5.0,1
B004HYLM3Y,5.0,1
B004HKBY72,5.0,1
B004HYL31A,5.0,1
B004HYL1UI,5.0,1
B004HY7936,5.0,1
B004HY63EM,5.0,1
B004HY59YC,5.0,1
B004HY21IO,5.0,1
B004HY052S,5.0,1
B004HY04F6,5.0,1
B004HY03AW,5.0,1
B004HY02US,5.0,1
B004HXVZIW,4.0,1
B004HXSEUO,5.0,1
B004I0H1TQ,5.0,1
B004I0I0BO,5.0,1
B004I0LNNQ,5.0,1
B004I4X00Q,5.0,1
B004I4WQWE,5.0,1
B004I4WQLK,5.0,1
B004I4LX0A,5.0,1
B004I4LGG6,4.0,1
B004I4FG8A,5.0,1
B004I428OU,5.0,1
B004I40F72,5.0,1
B004I3XLFG,4.0,1
B004I3XHIM,5.0,1
B004I3WZEO,5.0,1
B004I3VJ8C,4.0,1
B004I3VEKU,4.0,1
B004I39D44,5.0,1
B004I34DTY,4.0,1
B004I32JF4,4.0,1
B004I29N0Y,5.0,1
B004I26H26,5.0,1
B004I2475K,5.0,1
B004I1CXB6,5.0,1
B004I14UEO,5.0,1
B004I12BNQ,5.0,1
B004I0Z7V0,5.0,1
B004I0Z5J4,5.0,1
B004HXR6Y4,4.0,1
B004HXNXNC,5.0,1
B004HXKK4M,4.0,1
B004HRTPPI,5.0,1
B004HRB0CE,5.0,1
B004HQHJRA,5.0,1
B004HPT48I,5.0,1
B004HPSL82,5.0,1
B004HPMTLW,4.0,1
B004HPMS1S,5.0,1
B004HODICM,5.0,1
B004HOAIAM,5.0,1
B004HNOOFS,4.0,1
B004HNDLB6,5.0,1
B004HN0LPA,5.0,1
B004HMWUFU,5.0,1
B004HMQ8JE,5.0,1
B004HMH1EA,5.0,1
B004HM8Y1E,5.0,1
B004HLWNFS,5.0,1
B004HLE6OE,5.0,1
B004HKVEBI,5.0,1
B004HSEC2I,5.0,1
B004HXK5JC,4.0,1
B004HSHXRY,5.0,1
B004HX97DM,5.0,1
B004HX6L9U,5.0,1
B004HX3C74,5.0,1
B004HX3AXU,5.0,1
B004HX0JKM,5.0,1
B004HWZJDU,5.0,1
B004HWSDQK,4.0,1
B004HWMHIK,5.0,1
B004HV0BG6,5.0,1
B004HU90GO,5.0,1
B004HU77YG,5.0,1
B004HU4YQA,5.0,1
B004HT4TWK,5.0,1
B004HT3VDI,5.0,1
B004HSW8X8,5.0,1
B004HSOTQC,5.0,1
B004HSOA7K,5.0,1
B004HSNJ8G,5.0,1
B004I4YJMY,5.0,1
B004I4YKA0,5.0,1
B004IANUBO,5.0,1
B004IAKEZO,5.0,1
B004IA58YQ,5.0,1
B004IA2AGA,5.0,1
B004IA22YK,4.0,1
B004I9QXL4,5.0,1
B004I9OXWK,5.0,1
B004I9LCP6,5.0,1
B004I94HE4,5.0,1
B004I8WP3K,5.0,1
B004I8WOVS,5.0,1
B004I8WOPO,5.0,1
B004I8OZ1K,5.0,1
B004I8HNAU,5.0,1
B004I8HKD0,5.0,1
B004I8GRYI,5.0,1
B004I8AS0W,4.0,1
B004I87JVS,5.0,1
B004I82XRS,5.0,1
B004I79K48,4.0,1
B004I79GGK,5.0,1
B004I75182,5.0,1
B004I73OUY,5.0,1
B004I7282O,5.0,1
B004I6Y5Y4,4.0,1
B004IANKP0,5.0,1
B004IAO9IC,5.0,1
B004IG9V16,5.0,1
B004IFY6EE,4.0,1
B004IFUAMG,5.0,1
B004IFOZ7M,5.0,1
B004IFL1O2,4.0,1
B004IFKQT8,5.0,1
B004IFIQH2,5.0,1
B004IFFXJ6,5.0,1
B004IFC5YM,4.0,1
B004IFAZ80,5.0,1
B004IF8FKU,5.0,1
B004IF7XNK,5.0,1
B004IF69F8,5.0,1
B004IF3KK0,5.0,1
B004IEE32U,5.0,1
B004IDJ4GQ,5.0,1
B004IDIZHA,5.0,1
B004IDH3GO,5.0,1
B004ICD7BU,5.0,1
B004IC3V84,5.0,1
B004IBU2D2,5.0,1
B004I6XTGO,5.0,1
B004I6USPE,5.0,1
B004I4YVUE,5.0,1
B004I6BH5E,4.0,1
B004I6BGHS,5.0,1
B004I6BF6K,5.0,1
B004I69GMA,5.0,1
B004I69GKC,5.0,1
B004I69G7A,4.0,1
B004I69FO4,5.0,1
B004I69F94,5.0,1
B004I69ERW,5.0,1
B004I69DZA,4.0,1
B004I69CZ6,4.0,1
B004I68CKW,5.0,1
B004I68CE8,5.0,1
B004I5W3T4,5.0,1
B004I5RR5O,5.0,1
B004I5G95I,4.0,1
B004I5F7N8,4.0,1
B004I5EFTU,4.0,1
B004I54CC0,5.0,1
B004I53VAO,5.0,1
B004I507PQ,5.0,1
B004I4ZTN2,5.0,1
B004I4ZMN4,5.0,1
B004I6BGQY,5.0,1
B004I6BH6S,4.0,1
B004I6UNKY,4.0,1
B004I6BHGS,5.0,1
B004I6QM9A,4.0,1
B004I6QJOS,5.0,1
B004I6PU7A,5.0,1
B004I6OK4Y,5.0,1
B004I6J4C2,5.0,1
B004I6J3J6,5.0,1
B004I6J350,5.0,1
B004I6H1ZE,5.0,1
B004I6H1YU,5.0,1
B004I6H1TA,5.0,1
B004I6H0SM,5.0,1
B004I6F2EG,5.0,1
B004I6F2CI,5.0,1
B004I6F1YM,4.0,1
B004I6F0T8,5.0,1
B004I6EZ6M,5.0,1
B004I6EYU4,5.0,1
B004I6EY18,5.0,1
B004I6BHPY,5.0,1
B004I6BHKY,5.0,1
B004HKGPTE,5.0,1
B004HK7SVI,5.0,1
B004IGI7WU,4.0,1
B004GVDVQO,5.0,1
B004GW8GJU,5.0,1
B004GW7OGG,5.0,1
B004GW21UK,5.0,1
B004GVKPGI,5.0,1
B004GVKNK6,5.0,1
B004GVFR8O,4.0,1
B004GVFQTY,5.0,1
B004GVDZHO,5.0,1
B004GVDYQ6,5.0,1
B004HK3KFG,5.0,1
B004GVDQPU,5.0,1
B004GVC07A,5.0,1
B004GVBZWG,5.0,1
B004GVBYUE,5.0,1
B004GVBWH4,5.0,1
B004GVBVK2,5.0,1
B004GVA3C4,5.0,1
B004GVA09K,5.0,1
B004GV9SNY,4.0,1
B004GV9QPY,5.0,1
B004GV8H68,4.0,1
B004GV8FT2,5.0,1
B004GV8EV6,5.0,1
B004GW9IQA,5.0,1
B004GW9LG2,5.0,1
B004GWEBIU,5.0,1
B004GYUJ02,5.0,1
B004GYSGQQ,5.0,1
B004GYSFTE,5.0,1
B004GYS5Y4,4.0,1
B004GYQLPY,5.0,1
B004GYPNYO,4.0,1
B004GYKL6O,5.0,1
B004GYIQVQ,5.0,1
B004GYH388,4.0,1
B004GYFKTM,5.0,1
B004GYAV3C,5.0,1
B004GXTEFE,5.0,1
B004GXSA9U,5.0,1
B004GXQL6O,5.0,1
B004GX7NRK,5.0,1
B004GX5IDG,5.0,1
B004GX4JKE,5.0,1
B004GX3PW2,5.0,1
B004GWQ4O4,5.0,1
B004GWQ4N0,5.0,1
B004GV8A1K,5.0,1
B004GV4SJI,5.0,1
B004GO4VQK,5.0,1
B004GNCUZ0,5.0,1
B004GNBY8O,5.0,1
B004GN8G4Y,4.0,1
B004GN5GMO,4.0,1
B004GMTWIO,5.0,1
B004GMQUNY,5.0,1
B004GMQTOE,5.0,1
B004GMN5YG,5.0,1
B004GMJG94,5.0,1
B004GMJDZQ,5.0,1
B004GM7AP6,5.0,1
B004GM41H6,5.0,1
B004GM3HA8,4.0,1
B004GM1VEW,4.0,1
B004GM16XI,5.0,1
B004GLZ4BE,5.0,1
B004GLWTKI,5.0,1
B004GLW8M2,4.0,1
B004GLW426,5.0,1
B004GLVMME,5.0,1
B004GLVAYO,5.0,1
B004GLV1R0,5.0,1
B004GLUXGA,5.0,1
B004GLU58G,5.0,1
B004GO2M4I,5.0,1
B004GOXWVK,5.0,1
B004GV0YZA,5.0,1
B004GUTE1Q,5.0,1
B004GUP0TG,5.0,1
B004GUMY9U,5.0,1
B004GU97B8,5.0,1
B004GU5QG8,5.0,1
B004GU3U8O,5.0,1
B004GTWH7U,5.0,1
B004GTKXAI,5.0,1
B004GTFYZW,5.0,1
B004GSX19O,5.0,1
B004GSUUHU,5.0,1
B004GSS8FQ,5.0,1
B004GSR6Z4,5.0,1
B004GSQ3UI,5.0,1
B004GSGD4Y,4.0,1
B004GRUDJ6,5.0,1
B004GR23DK,5.0,1
B004GR23D0,5.0,1
B004GR1OQ2,5.0,1
B004GR1MBE,5.0,1
B004GPOPD8,4.0,1
B004GPMUX0,5.0,1
B004GP6GD0,4.0,1
B004GYZVOQ,5.0,1
B004GZ0DOS,4.0,1
B004HGRPDS,5.0,1
B004HGROVG,5.0,1
B004HGQO3K,5.0,1
B004HGMM54,4.0,1
B004HGJMC0,5.0,1
B004HGHO8O,5.0,1
B004HGG43A,5.0,1
B004HGDEWY,5.0,1
B004HG8AJ6,5.0,1
B004HFPLNU,5.0,1
B004HFMF02,5.0,1
B004HFKSQA,5.0,1
B004HFBVK2,4.0,1
B004HEUHSK,4.0,1
B004HEK8F2,5.0,1
B004HEFSCU,5.0,1
B004HEE9OI,5.0,1
B004HEDFG6,5.0,1
B004HEBB0S,5.0,1
B004HEASMU,5.0,1
B004HEAS7A,5.0,1
B004HE7HZ6,5.0,1
B004HCRTHE,5.0,1
B004HH0Q1K,5.0,1
B004HHG1TG,5.0,1
B004HCJCFQ,5.0,1
B004HHHCYY,5.0,1
B004HJ9ZNS,5.0,1
B004HJ78PU,5.0,1
B004HJ0VB8,4.0,1
B004HITRJQ,5.0,1
B004HITEEY,5.0,1
B004HIGYW4,5.0,1
B004HICSMO,4.0,1
B004HIBKV4,5.0,1
B004HIAWB8,5.0,1
B004HI9OHQ,5.0,1
B004HI825Q,5.0,1
B004HI63V6,4.0,1
B004HI5GQ4,5.0,1
B004HI4OBW,5.0,1
B004HI0880,5.0,1
B004HHN4M8,5.0,1
B004HHL9Z2,5.0,1
B004HCPG42,5.0,1
B004HCI06S,5.0,1
B004GZ5FJG,4.0,1
B004H3J4V2,5.0,1
B004H2ZH8C,5.0,1
B004H2Y864,5.0,1
B004H2TD14,5.0,1
B004H2OV20,4.0,1
B004H2GCLI,5.0,1
B004H2B434,5.0,1
B004H26O5C,5.0,1
B004H1SBH2,5.0,1
B004H1MCQS,5.0,1
B004H0Y5KK,5.0,1
B004H0WKV6,5.0,1
B004H0UGUS,5.0,1
B004H07J8U,5.0,1
B004H02FRA,5.0,1
B004GZVORS,5.0,1
B004GZT6XM,5.0,1
B004GZKS9S,5.0,1
B004GZC7EW,4.0,1
B004H3JZP2,5.0,1
B004HCE9A4,5.0,1
B004H3RJZ0,4.0,1
B004HC9E1I,5.0,1
B004HC3RPC,5.0,1
B004HACLKG,5.0,1
B004HA7HMI,5.0,1
B004H9O47A,5.0,1
B004H8BJ4W,5.0,1
B004H71ZVK,5.0,1
B004H6621Y,5.0,1
B004H64J9G,5.0,1
B004H4N67Y,5.0,1
B004H4EA2O,5.0,1
B004H4CGR0,5.0,1
B004H42SWS,5.0,1
B004IGKY4Y,5.0,1
B004COZXM0,4.0,1
B004JYLBTC,5.0,1
B004JZ7H1M,5.0,1
B004JYNP00,5.0,1
B004JYNLWC,5.0,1
B004JYNK3C,5.0,1
B004JYNHO4,5.0,1
B004JYM5SI,5.0,1
B004JYLL3I,5.0,1
B004JYLJ4Y,5.0,1
B004JYLHZU,5.0,1
B004JYLEKS,5.0,1
B004JYLBR4,4.0,1
B004JYJVIK,5.0,1
B004JYJVHG,4.0,1
B004JYJUQ8,4.0,1
B004JYJO1O,5.0,1
B004JYH100,5.0,1
B004JYET7S,5.0,1
B004JZM4OW,5.0,1
B004JZMX4I,5.0,1
B004K424K6,4.0,1
B004K3V48A,5.0,1
B004K3T9PA,5.0,1
B004K38FIC,5.0,1
B004K35MBU,5.0,1
B004K31BMY,4.0,1
B004K22ASY,5.0,1
B004K224IU,5.0,1
B004K1SVEW,5.0,1
B004K1KUK0,5.0,1
B004K1GPMM,5.0,1
B004K1BZZO,4.0,1
B004K1ARNA,5.0,1
B004K0OC4Q,5.0,1
B004K0J5CU,5.0,1
B004K0HE3W,5.0,1
B004K0FR6S,4.0,1
B004JZV05G,5.0,1
B004JZS8C4,5.0,1
B004JYCQSC,5.0,1
B004JVMJOQ,5.0,1
B004JVKTZM,5.0,1
B004JVJ1HO,5.0,1
B004JVIX5A,5.0,1
B004JVHEOQ,5.0,1
B004JVAKNI,5.0,1
B004JUR3QG,5.0,1
B004JUNPF4,4.0,1
B004JUMXIO,5.0,1
B004JULO8Y,5.0,1
B004JUF2K0,5.0,1
B004JUADRW,5.0,1
B004JTUG0M,5.0,1
B004JTQ03O,4.0,1
B004JTPZI0,4.0,1
B004JTPTR2,5.0,1
B004JTOQTE,5.0,1
B004JTNQ5E,4.0,1
B004JTNQ3Q,5.0,1
B004JTMPQ0,4.0,1
B004JTMI94,5.0,1
B004JVMHAM,5.0,1
B004JVOJXU,5.0,1
B004JVTOFI,5.0,1
B004JXGRQA,5.0,1
B004JXFVH6,5.0,1
B004JXFV8K,4.0,1
B004JXCRDC,4.0,1
B004JX4TU6,5.0,1
B004JX17I8,5.0,1
B004JWYKFQ,4.0,1
B004JWUAD2,5.0,1
B004JWO6J6,5.0,1
B004JWMXRI,5.0,1
B004JWHMHY,5.0,1
B004JW689W,5.0,1
B004JW3KXE,5.0,1
B004JW1BFI,5.0,1
B004JW17OS,4.0,1
B004JW09DI,4.0,1
B004JVZW2M,5.0,1
B004JVY88Q,5.0,1
B004JVXUK8,5.0,1
B004JVWANQ,5.0,1
B004JVVYV0,5.0,1
B004K4IXF6,5.0,1
B004K4IZ18,5.0,1
B004KBN8UO,5.0,1
B004KBIHX2,5.0,1
B004KBH4DQ,5.0,1
B004KBGWRU,5.0,1
B004KBEMSQ,5.0,1
B004KBDK70,5.0,1
B004KBDGZG,5.0,1
B004KBD5RU,5.0,1
B004KBCHU6,5.0,1
B004KBBKZO,4.0,1
B004KB9UJC,5.0,1
B004KB9PSS,5.0,1
B004KB9OSE,5.0,1
B004KB5EQU,4.0,1
B004KAVLOA,5.0,1
B004KAS990,5.0,1
B004KAS6P2,5.0,1
B004KARS1K,5.0,1
B004KAQVQI,5.0,1
B004KAP0RE,5.0,1
B004KAOOZ8,5.0,1
B004KALWVW,4.0,1
B004KA8HV0,5.0,1
B004KBU61I,5.0,1
B004KA5OJS,5.0,1
B004KC0NVU,5.0,1
B004KEJ6VQ,4.0,1
B004KEJ6PC,5.0,1
B004KEJ68Y,5.0,1
B004KEJ63Y,5.0,1
B004KEJ5TO,4.0,1
B004KEJ5SA,5.0,1
B004KEJ5N0,5.0,1
B004KEJ4TK,5.0,1
B004KEJ4SQ,5.0,1
B004KEJ4RC,4.0,1
B004KEJ42M,5.0,1
B004KEJ3ZA,5.0,1
B004KEJ3S2,5.0,1
B004KEJ3PA,5.0,1
B004KEJ3O6,5.0,1
B004KEJ2XI,5.0,1
B004KEJ2X8,5.0,1
B004KEJ1SO,5.0,1
B004KEJ0H6,4.0,1
B004KEIZB8,5.0,1
B004KEIZAY,5.0,1
B004KEIZ8G,5.0,1
B004KDO2EI,4.0,1
B004KDNA7S,5.0,1
B004KCEXSE,5.0,1
B004KC9TO2,5.0,1
B004KA6ETW,5.0,1
B004KA2Z7W,4.0,1
B004K4OV98,5.0,1
B004K4OT7M,5.0,1
B004K4OR5Q,5.0,1
B004K4OQ1Q,5.0,1
B004K4NKNG,5.0,1
B004K4NICO,5.0,1
B004K4NH4I,5.0,1
B004K4NBQW,5.0,1
B004K4NBLM,5.0,1
B004K4N6QM,5.0,1
B004K4N4EG,5.0,1
B004K4N3MY,5.0,1
B004K4LOH0,4.0,1
B004K4LMAY,5.0,1
B004K4LLLE,5.0,1
B004K4LL0A,5.0,1
B004K4LKH4,5.0,1
B004K4LHAO,5.0,1
B004K4LDQC,5.0,1
B004K4LC2C,5.0,1
B004K4LAV0,5.0,1
B004K4LA6A,5.0,1
B004K4J5X0,5.0,1
B004K4J396,5.0,1
B004K4OX5U,5.0,1
B004K4OXNM,5.0,1
B004KA0DX0,5.0,1
B004K9Y9TU,5.0,1
B004K9XN0G,5.0,1
B004K9WV8Q,5.0,1
B004K9GBUK,5.0,1
B004K9FJZ8,4.0,1
B004K9E5NK,5.0,1
B004K9CFWS,5.0,1
B004K96HJU,4.0,1
B004K93USQ,5.0,1
B004K8G77S,5.0,1
B004K6IEMQ,5.0,1
B004K6FHOE,5.0,1
B004K6DBXI,5.0,1
B004K6AC1M,5.0,1
B004K581UW,5.0,1
B004K4R398,5.0,1
B004K4QZLU,5.0,1
B004K4QYTS,4.0,1
B004K4QXY4,5.0,1
B004K4QXVM,5.0,1
B004K4QTJ8,5.0,1
B004K4PJOO,5.0,1
B004K4PGD8,5.0,1
B004K4P29Q,5.0,1
B004K4OZXU,5.0,1
B004JTKMLU,5.0,1
B004JTITQ0,5.0,1
B004IGMTE2,5.0,1
B004IWCB7Q,5.0,1
B004IW9VU6,4.0,1
B004IW48TA,5.0,1
B004IVK2PA,5.0,1
B004IVID2O,5.0,1
B004IUZOF4,5.0,1
B004IUQLBK,5.0,1
B004IUQ22I,4.0,1
B004IUPVT8,5.0,1
B004IULF98,5.0,1
B004IULEF8,5.0,1
B004IU1CJ6,5.0,1
B004JTIOM4,5.0,1
B004ITYR3K,5.0,1
B004ITUJKA,5.0,1
B004ITS4FM,5.0,1
B004ITB300,5.0,1
B004IT9G4K,5.0,1
B004IT4SGQ,5.0,1
B004IT3394,5.0,1
B004IT2VXS,5.0,1
B004IT2VJW,5.0,1
B004ISE5NI,4.0,1
B004IRVGYK,5.0,1
B004IRMQ6W,5.0,1
B004IWK312,5.0,1
B004IWSM06,5.0,1
B004IWZDG2,5.0,1
B004J2MAYE,5.0,1
B004J2K654,4.0,1
B004J1OONK,5.0,1
B004J1IVOI,5.0,1
B004J1224I,5.0,1
B004J0ZVAQ,4.0,1
B004J0WLZ4,5.0,1
B004J0RPZA,5.0,1
B004J0Q4BQ,5.0,1
B004J0P49Y,5.0,1
B004J0NGUI,5.0,1
B004J0MKG4,4.0,1
B004J0MISE,5.0,1
B004J0DILU,5.0,1
B004J0B5M4,5.0,1
B004IZVA5M,5.0,1
B004IZUZ80,5.0,1
B004IZHML8,4.0,1
B004IZE7A2,5.0,1
B004IZDBHM,5.0,1
B004IYSZTW,5.0,1
B004IX5NAM,5.0,1
B004IWZDWG,4.0,1
B004IRJ7PA,4.0,1
B004IRGG22,5.0,1
B004IRDFYO,5.0,1
B004ILOPNA,5.0,1
B004ILGXOO,5.0,1
B004IKU274,5.0,1
B004IKK0L2,5.0,1
B004IKG56Q,5.0,1
B004IJD93O,5.0,1
B004IJ6H8I,5.0,1
B004IJ4JQ0,5.0,1
B004IJ400A,4.0,1
B004IJ14NQ,4.0,1
B004IJ133W,5.0,1
B004IIYWS6,4.0,1
B004IIJ74U,5.0,1
B004IIE5NS,5.0,1
B004IHRI9C,5.0,1
B004IHOP0M,4.0,1
B004IHNAVW,5.0,1
B004IHLZHS,5.0,1
B004IHL7E4,5.0,1
B004IGYVA2,5.0,1
B004IGQR40,5.0,1
B004IGP0LQ,5.0,1
B004ILR6LS,5.0,1
B004IRC7MA,5.0,1
B004IR7R5M,5.0,1
B004IQNH9S,5.0,1
B004IQN2PM,5.0,1
B004IQMTXS,4.0,1
B004IQJ69S,5.0,1
B004IQA5H0,5.0,1
B004IQ5A84,5.0,1
B004IQ3J5K,5.0,1
B004IQ3FPO,5.0,1
B004IQ1GGO,5.0,1
B004IQ0RNC,5.0,1
B004IPUPH6,5.0,1
B004IPSDZM,5.0,1
B004IPQK3Y,4.0,1
B004IPBEYE,5.0,1
B004IPAUUS,5.0,1
B004IOYHF8,5.0,1
B004INUOWY,4.0,1
B004INJY66,4.0,1
B004INJLSW,5.0,1
B004INJK3I,5.0,1
B004IMXNZA,4.0,1
B004IMGRJY,5.0,1
B004J2OIEE,4.0,1
B004J2P4CY,4.0,1
B004J2P4TM,4.0,1
B004JKKVGK,5.0,1
B004JKIFTA,5.0,1
B004JKG286,5.0,1
B004JKD9KK,5.0,1
B004JKB83A,5.0,1
B004JK8YO6,5.0,1
B004JJN0FU,5.0,1
B004JJM92A,5.0,1
B004JJM8Y4,5.0,1
B004JJCJDY,5.0,1
B004JJ6D04,5.0,1
B004JJ4DR4,5.0,1
B004JHZDSE,5.0,1
B004JHVJDM,5.0,1
B004JHVFLI,5.0,1
B004JHTRCC,5.0,1
B004JHTK56,4.0,1
B004JHS606,4.0,1
B004JHS0VQ,5.0,1
B004JHOHJ0,5.0,1
B004JHAC5S,5.0,1
B004JH9K9W,5.0,1
B004JH93VC,5.0,1
B004JH70IK,5.0,1
B004JH5VG8,5.0,1
B004JH55YQ,5.0,1
B004JKOR9W,5.0,1
B004JGU2EU,4.0,1
B004JKORBA,4.0,1
B004JS514Y,5.0,1
B004JPC7BM,5.0,1
B004JP71AY,5.0,1
B004JP4NM8,5.0,1
B004JOWNFI,5.0,1
B004JO2CW2,5.0,1
B004JO01E8,5.0,1
B004JNXCJ0,5.0,1
B004JNW3S6,5.0,1
B004JM6GZI,4.0,1
B004JLZHWM,5.0,1
B004JL8XSC,5.0,1
B004JL43D6,5.0,1
B004JKXDFQ,5.0,1
B004JKTXKU,5.0,1
B004JKQMC2,4.0,1
B004JKQLPK,5.0,1
B004JKQA9M,4.0,1
B004JKPXS6,5.0,1
B004JKORPQ,5.0,1
B004JH4Y20,5.0,1
B004J2P51E,4.0,1
B004J840XW,5.0,1
B004J740GU,5.0,1
B004J6ZYF2,5.0,1
B004J6ZEMU,4.0,1
B004J6RWDY,4.0,1
B004J6QO1U,5.0,1
B004J6OSCW,5.0,1
B004J6OKBG,5.0,1
B004J6NG6Q,5.0,1
B004J6LFZK,5.0,1
B004J6F5EC,5.0,1
B004J6BYFQ,5.0,1
B004J5N4PA,5.0,1
B004J5MPUU,4.0,1
B004J5EBSE,5.0,1
B004J4YV4O,5.0,1
B004J4AJN6,5.0,1
B004J474ZW,5.0,1
B004J45DW8,5.0,1
B004J40B8E,5.0,1
B004J3RHIM,5.0,1
B004J3NI30,5.0,1
B004J2X6QK,5.0,1
B004J2WRO2,4.0,1
B004J2SU8Y,5.0,1
B004J768GA,5.0,1
B004J84WDU,4.0,1
B004JFMXN4,5.0,1
B004J873CM,5.0,1
B004JFLCQS,5.0,1
B004JFITHS,4.0,1
B004JFHTLK,5.0,1
B004JF3964,5.0,1
B004JF2FUK,5.0,1
B004JEKGFC,5.0,1
B004JEG6HY,5.0,1
B004JEEIVA,5.0,1
B004JECFEM,5.0,1
B004JCJBAK,5.0,1
B004JCD1XI,5.0,1
B004JCBNEC,5.0,1
B004JCA38O,5.0,1
B004JBT6EC,5.0,1
B004JAKG24,5.0,1
B004JAISSS,5.0,1
B004J9J07M,5.0,1
B004J9J05E,5.0,1
B004J9FBC0,5.0,1
B004J9FB84,5.0,1
B004J9FAS0,5.0,1
B004J9C3JY,4.0,1
B004J8ZHYS,5.0,1
B004GLTNS4,5.0,1
B004GLS13C,5.0,1
B004GLRW32,4.0,1
B004E5MYZ6,4.0,1
B004E6D8Q4,5.0,1
B004E67TIW,4.0,1
B004E65WHW,4.0,1
B004E65V64,5.0,1
B004E6475K,4.0,1
B004E63116,5.0,1
B004E630G2,5.0,1
B004E63058,5.0,1
B004E61212,5.0,1
B004E5ETX6,5.0,1
B004E5DTP0,5.0,1
B004E5CUPU,5.0,1
B004E5CK8M,4.0,1
B004E49TB4,5.0,1
B004E3YY1K,5.0,1
B004E3BXKU,5.0,1
B004E353QK,5.0,1
B004E2YE3E,5.0,1
B004E2X1Q0,5.0,1
B004E2U8CU,4.0,1
B004E2SYBW,5.0,1
B004E2RVFM,5.0,1
B004E6DVNY,4.0,1
B004E70UBY,5.0,1
B004E7BI4C,5.0,1
B004E7Q8R4,5.0,1
B004ECNDHW,5.0,1
B004ECL748,5.0,1
B004ECJV9Q,5.0,1
B004ECAN3O,5.0,1
B004EBRRE8,5.0,1
B004EBPG6Y,5.0,1
B004EBLO9C,5.0,1
B004EBLO5Q,5.0,1
B004EBBN20,5.0,1
B004EB3N1Y,4.0,1
B004EAUB74,5.0,1
B004EASDL0,4.0,1
B004EANS8I,5.0,1
B004EAHIM0,5.0,1
B004E8S3JY,5.0,1
B004E8K5PY,5.0,1
B004E8I36M,5.0,1
B004E8FX9M,4.0,1
B004E8EM30,5.0,1
B004E8EE6A,5.0,1
B004E875RK,5.0,1
B004E874WG,5.0,1
B004E857LG,5.0,1
B004E81UJ4,5.0,1
B004E7YRDG,5.0,1
B004E7VMUC,4.0,1
B004E2ODWG,4.0,1
B004E2MFG2,5.0,1
B004DSPOCY,5.0,1
B004DSKLJU,5.0,1
B004DS7K26,5.0,1
B004DS102M,4.0,1
B004DRQZ5K,5.0,1
B004DRHCY8,5.0,1
B004DRAZEC,5.0,1
B004DR4QA6,4.0,1
B004DR27GG,5.0,1
B004DQXMDE,5.0,1
B004DQTZN0,5.0,1
B004DQKL9W,5.0,1
B004DQ3UEU,5.0,1
B004DQ1UOW,5.0,1
B004DPZ0Q2,5.0,1
B004DPWMLI,5.0,1
B004DPTFV8,5.0,1
B004DPS8HA,5.0,1
B004DPRHUO,5.0,1
B004DPQ390,5.0,1
B004DPOQ1W,5.0,1
B004DPMJ1Q,5.0,1
B004DPL80O,5.0,1
B004DSP3UM,5.0,1
B004E2HR88,5.0,1
B004E2HPS0,4.0,1
B004E2FHTY,4.0,1
B004E1U0JC,5.0,1
B004E1TD1S,5.0,1
B004E0PK3O,5.0,1
B004E02RDK,5.0,1
B004E00ZVQ,4.0,1
B004E00LOW,5.0,1
B004DZVC14,5.0,1
B004DYQZTY,5.0,1
B004DYDM04,5.0,1
B004DY7L9C,5.0,1
B004DXZEEM,5.0,1
B004DXWYGI,5.0,1
B004DXM99K,5.0,1
B004DXKBN6,4.0,1
B004DX6ENC,5.0,1
B004DWF4JI,5.0,1
B004DW2PUE,5.0,1
B004DVKHLO,5.0,1
B004DUEN9M,5.0,1
B004DT4MDK,4.0,1
B004DSRCK6,5.0,1
B004EDH764,5.0,1
B004EDN9P2,5.0,1
B004EL0UB0,5.0,1
B004EKZJF8,4.0,1
B004EKOC0Q,5.0,1
B004EKLLN2,4.0,1
B004EKJWPQ,5.0,1
B004EKA0O8,5.0,1
B004EK67D6,5.0,1
B004EK0D36,5.0,1
B004EJN4DI,4.0,1
B004EJL7D2,4.0,1
B004EI9GTK,5.0,1
B004EI5HGQ,5.0,1
B004EI5HDO,5.0,1
B004EI58CO,5.0,1
B004EI3X5I,5.0,1
B004EHU136,4.0,1
B004EHTYJS,4.0,1
B004EHTYCU,5.0,1
B004EHTXJE,5.0,1
B004EHTT4S,5.0,1
B004EHTSV2,5.0,1
B004EHTSBW,5.0,1
B004EHRTQI,5.0,1
B004EHRG0M,5.0,1
B004EM3G6K,5.0,1
B004EHQGUI,4.0,1
B004EW1U8Q,5.0,1
B004EVYVLU,4.0,1
B004EVYUJS,5.0,1
B004EVXSS2,5.0,1
B004EVW7B6,5.0,1
B004EVVM3K,5.0,1
B004EVRGDK,5.0,1
B004EVR3MY,5.0,1
B004EVO4MG,4.0,1
B004EVM4U0,4.0,1
B004EVLR9O,5.0,1
B004ETU5WQ,5.0,1
B004ETRTI4,5.0,1
B004ETGY3A,5.0,1
B004ETCZ4W,5.0,1
B004ET8V0Y,5.0,1
B004EQ8ZK8,4.0,1
B004EQ8ZEY,5.0,1
B004EQ8Z5I,5.0,1
B004EQ8Z1M,4.0,1
B004EQ7PPY,5.0,1
B004EPSXAQ,5.0,1
B004EPGK92,5.0,1
B004ENHAWU,5.0,1
B004EHQKG8,5.0,1
B004EHQAOU,5.0,1
B004EDWTQC,5.0,1
B004EHIIK4,5.0,1
B004EHIGQK,5.0,1
B004EHIFYS,5.0,1
B004EHIEYY,5.0,1
B004EHI6RE,5.0,1
B004EHGS8S,5.0,1
B004EGYQ1U,5.0,1
B004EGXXR8,5.0,1
B004EGVZ46,5.0,1
B004EGSSQY,5.0,1
B004EG23HE,5.0,1
B004EFZULG,5.0,1
B004EFWFC8,5.0,1
B004EFUN7W,5.0,1
B004EFO4NQ,5.0,1
B004EFD9C8,5.0,1
B004EF7CQW,5.0,1
B004EF2RPS,5.0,1
B004EEXBLI,5.0,1
B004EEJBOY,5.0,1
B004EEF4O0,4.0,1
B004EHIMP0,5.0,1
B004EHIX0O,4.0,1
B004EHPZXM,5.0,1
B004EHKC9E,5.0,1
B004EHPOJ2,5.0,1
B004EHOS80,4.0,1
B004EHONZI,4.0,1
B004EHOMQS,5.0,1
B004EHOGJG,5.0,1
B004EHO41G,5.0,1
B004EHNY1W,5.0,1
B004EHNWB4,5.0,1
B004EHNVF6,5.0,1
B004EHNSMM,4.0,1
B004EHN0VG,5.0,1
B004EHN002,5.0,1
B004EHMOAO,5.0,1
B004EHMFFS,5.0,1
B004EHMDB4,5.0,1
B004EHMBPW,5.0,1
B004EHMAH6,5.0,1
B004EHM6MU,5.0,1
B004EHM68Y,5.0,1
B004EHKRVM,5.0,1
B004EHKOFG,5.0,1
B004EHKN5W,5.0,1
B004EHKKIM,5.0,1
B004DP6PZC,5.0,1
B004GLRUR0,5.0,1
B004D2T9OO,5.0,1
B004D52HVI,5.0,1
B004D4TMQ2,4.0,1
B004D4PRHK,5.0,1
B004D4PQ5S,5.0,1
B004D4O8UM,5.0,1
B004D4KW4I,5.0,1
B004D3BLQM,5.0,1
B004D2X0XK,5.0,1
B004D2X0R6,5.0,1
B004D2X0A8,5.0,1
B004D2T95S,5.0,1
B004DOXKK6,5.0,1
B004D2QJTM,5.0,1
B004D2QJ7Y,4.0,1
B004D2HQGW,5.0,1
B004D27T4G,4.0,1
B004D1YYOK,5.0,1
B004D1VJKM,5.0,1
B004D1T4EK,5.0,1
B004D1RWNU,5.0,1
B004D1OUBW,5.0,1
B004D1MYRO,5.0,1
B004D1FKTS,5.0,1
B004D1CFK0,5.0,1
B004D53PSM,5.0,1
B004D560Y8,5.0,1
B004D94ZLO,4.0,1
B004D90AJ0,5.0,1
B004D8XYKI,4.0,1
B004D8VXY2,5.0,1
B004D8U104,5.0,1
B004D8MC2E,5.0,1
B004D8IUG6,5.0,1
B004D8HCCO,5.0,1
B004D8GTS2,4.0,1
B004D8GAEA,5.0,1
B004D8DZSY,5.0,1
B004D7OWO6,5.0,1
B004D7O9DA,5.0,1
B004D7JXDQ,5.0,1
B004D76JZQ,5.0,1
B004D694O0,5.0,1
B004D66WGI,5.0,1
B004D5TMA2,5.0,1
B004D5SO7E,5.0,1
B004D5QLOM,5.0,1
B004D5PW1A,5.0,1
B004D5PARG,5.0,1
B004D5NPI2,5.0,1
B004D5KVY8,4.0,1
B004D59PEU,5.0,1
B004D15PNY,5.0,1
B004D145EE,4.0,1
B004CTUNDO,4.0,1
B004CTIVN8,5.0,1
B004CTB3QU,5.0,1
B004CTA9LA,5.0,1
B004CT985I,5.0,1
B004CSZX30,5.0,1
B004CSWLCQ,5.0,1
B004CSUQ3M,4.0,1
B004CSS34G,5.0,1
B004CSIWB0,5.0,1
B004CSB47E,5.0,1
B004CS7R9I,5.0,1
B004CS6JE2,5.0,1
B004CRYFBC,5.0,1
B004CRX63K,5.0,1
B004CRR0X2,5.0,1
B004CRJB66,5.0,1
B004CQSVCC,4.0,1
B004CQBHM8,5.0,1
B004CQ5GHK,4.0,1
B004CQ458G,5.0,1
B004CPWUDO,5.0,1
B004CPTEYM,4.0,1
B004CPLODG,5.0,1
B004D10V74,5.0,1
B004CTYUT2,5.0,1
B004D105D4,5.0,1
B004D0DQAY,5.0,1
B004D0AR7E,5.0,1
B004D07150,5.0,1
B004D035N2,5.0,1
B004D02F2O,5.0,1
B004D00XIM,4.0,1
B004CZVDWS,5.0,1
B004CZRPO8,5.0,1
B004CZRM8M,5.0,1
B004CZ5ARM,5.0,1
B004CZ5A9U,4.0,1
B004CZ0KG8,5.0,1
B004CYV2JS,5.0,1
B004CVSMSU,4.0,1
B004CVGK34,5.0,1
B004CVEFYK,4.0,1
B004CUYYUG,5.0,1
B004CUSA1U,5.0,1
B004CUP3JM,5.0,1
B004D96XXC,5.0,1
B004DJ0PHM,5.0,1
B004DIXSPO,5.0,1
B004DIX2A0,4.0,1
B004DIWOAE,5.0,1
B004DIV2JI,5.0,1
B004DIUZNC,4.0,1
B004DIUYDI,5.0,1
B004DIUWFS,5.0,1
B004DITFC4,5.0,1
B004DIS6VA,5.0,1
B004DIQ414,5.0,1
B004DIPI2K,4.0,1
B004DIM9F4,5.0,1
B004DII9JO,5.0,1
B004DI5VL8,5.0,1
B004DH79YG,4.0,1
B004DH5GVO,5.0,1
B004DGXKZ4,5.0,1
B004DGU8J0,4.0,1
B004DJ7890,5.0,1
B004DJOBBS,5.0,1
B004DGOXNM,5.0,1
B004DJTPGE,5.0,1
B004DOJ6LI,5.0,1
B004DOH3AE,5.0,1
B004DO28PY,5.0,1
B004DNGE50,4.0,1
B004DNFOIS,4.0,1
B004DMKMHC,5.0,1
B004DMIG52,5.0,1
B004DMEHH8,5.0,1
B004DMEHGY,4.0,1
B004DMCHJS,4.0,1
B004DM6BGS,4.0,1
B004DM1IIE,5.0,1
B004DLUTXK,5.0,1
B004DLNTC8,5.0,1
B004DKQ5PM,5.0,1
B004DK8NHK,5.0,1
B004DK84ME,5.0,1
B004DK620A,5.0,1
B004DK4CXE,5.0,1
B004DK49PA,5.0,1
B004DJTWYE,5.0,1
B004DGO71U,5.0,1
B004D97LN8,5.0,1
B004DBU3R2,5.0,1
B004DBS824,5.0,1
B004DBJOOA,5.0,1
B004DB8I0G,5.0,1
B004DB4Y36,5.0,1
B004DB3QW6,5.0,1
B004DAWPOW,5.0,1
B004DAV8KE,4.0,1
B004DATJHS,4.0,1
B004DARHZY,5.0,1
B004DARHYA,5.0,1
B004DARCF4,4.0,1
B004DAFXBE,5.0,1
B004DACP8S,5.0,1
B004DA088M,4.0,1
B004D9M6GK,5.0,1
B004D97MZK,5.0,1
B004D97LT2,5.0,1
B004DBYALC,5.0,1
B004DBZ4US,5.0,1
B004DGKG4M,4.0,1
B004DFTK4A,5.0,1
B004DFM84O,5.0,1
B004DF0J2W,5.0,1
B004DEW9EE,5.0,1
B004DEW502,5.0,1
B004DEMW00,5.0,1
B004DEMFIY,5.0,1
B004DEKPH2,5.0,1
B004DEIREK,5.0,1
B004DEGR06,5.0,1
B004DE4HTO,5.0,1
B004DE3KWE,5.0,1
B004DDZ2GM,5.0,1
B004DDXD0E,5.0,1
B004DDR9PE,4.0,1
B004DDGLM6,5.0,1
B004DDGLE4,5.0,1
B004DDF5NW,5.0,1
B004DDF5DW,4.0,1
B004DCMTQY,5.0,1
B004DC3B20,5.0,1
B004DC1LVI,5.0,1
B004DBZEMQ,5.0,1
B004EW2TSG,5.0,1
B004EWC3TG,4.0,1
B004EWDKBG,5.0,1
B004G7IWWG,4.0,1
B004G6YUSC,5.0,1
B004G6VNBE,5.0,1
B004G6GIZA,5.0,1
B004G6E01Y,5.0,1
B004G6C71Y,5.0,1
B004G6C4O4,5.0,1
B004G6B38W,4.0,1
B004G5X4YY,5.0,1
B004EWERHW,5.0,1
B004G590TW,5.0,1
B004G57RI8,5.0,1
B004G57FSA,5.0,1
B004G57FNU,5.0,1
B004G547BI,4.0,1
B004G53MGY,5.0,1
B004G4QHUI,4.0,1
B004G4D04Y,5.0,1
B004G49IZE,4.0,1
B004G49G92,5.0,1
B004G47GFS,5.0,1
B004G3UJXU,5.0,1
B004G7SP00,5.0,1
B004G7VCEG,5.0,1
B004G9A0OM,5.0,1
B004G91LAE,5.0,1
B004G8W32K,4.0,1
B004G8U57A,5.0,1
B004G8U24Q,5.0,1
B004G8U070,4.0,1
B004G8MPGY,4.0,1
B004G8L1L4,5.0,1
B004G8JO8Q,5.0,1
B004G8H7O4,5.0,1
B004G8H7C6,5.0,1
B004G8H75S,5.0,1
B004G8FM32,4.0,1
B004G8FLVA,5.0,1
B004G8FLR4,5.0,1
B004G8EHI8,5.0,1
B004G8CPFK,5.0,1
B004G89Z58,4.0,1
B004G88MHA,5.0,1
B004G87DAC,4.0,1
B004G86S5I,5.0,1
B004G85G4M,5.0,1
B004G7VKTS,5.0,1
B004G7VCH8,4.0,1
B004G3GTE8,5.0,1
B004G3FWH8,5.0,1
B004FW13ZA,5.0,1
B004FVW04E,5.0,1
B004FVSQS8,4.0,1
B004FVSHS2,4.0,1
B004FV8H6Y,5.0,1
B004FV4RRC,4.0,1
B004FUWPNQ,5.0,1
B004FTXHWA,5.0,1
B004FTVHB8,5.0,1
B004FTF4F8,5.0,1
B004FT0Q3I,5.0,1
B004FSX6YU,4.0,1
B004FS6VY2,4.0,1
B004FS52SI,4.0,1
B004FS4Z18,5.0,1
B004FS4WEI,5.0,1
B004FS3TUQ,5.0,1
B004FS018E,4.0,1
B004G38NP6,5.0,1
B004FWPFWW,5.0,1
B004G37P28,5.0,1
B004G37OFQ,5.0,1
B004G2ZMC4,5.0,1
B004G2OENM,5.0,1
B004G2KLQQ,5.0,1
B004G2KF4O,5.0,1
B004G2IDKC,5.0,1
B004G2GOSK,5.0,1
B004G2GJYO,5.0,1
B004G2DAV4,5.0,1
B004G29H70,5.0,1
B004G28U78,5.0,1
B004G1ZAZE,4.0,1
B004G1PSK6,5.0,1
B004G17KHA,5.0,1
B004G0YD0I,5.0,1
B004FYN3E2,5.0,1
B004FXMIDA,5.0,1
B004FWR26Y,5.0,1
B004G9A2D6,5.0,1
B004G9HRZW,5.0,1
B004G9HSQU,5.0,1
B004GHSQA4,5.0,1
B004GHRDSK,5.0,1
B004GGX6JQ,4.0,1
B004GGAWAW,5.0,1
B004GG4WKI,4.0,1
B004GFYABU,5.0,1
B004GFMG0W,5.0,1
B004GFLUVS,5.0,1
B004GFK7DK,5.0,1
B004GFGYE6,5.0,1
B004GFD7F0,4.0,1
B004GFC43G,5.0,1
B004GFBG0S,5.0,1
B004GFARI0,5.0,1
B004GFAPTQ,5.0,1
B004GFAGRM,5.0,1
B004GFA90Q,5.0,1
B004GF2EEK,5.0,1
B004GF2DAA,5.0,1
B004GF2AQ2,5.0,1
B004GF0C1W,5.0,1
B004GF0AM8,5.0,1
B004GEZL00,5.0,1
B004GHSNAW,5.0,1
B004GHWATC,5.0,1
B004GEYU84,5.0,1
B004GHZX7I,5.0,1
B004GLNTS4,5.0,1
B004GLN9PM,5.0,1
B004GL8A0G,5.0,1
B004GL7VE2,5.0,1
B004GKZRUS,5.0,1
B004GKUMLC,5.0,1
B004GKDRT6,5.0,1
B004GK6M8O,5.0,1
B004GK4OAM,5.0,1
B004GK36OC,5.0,1
B004GJVCUS,5.0,1
B004GJKUGA,4.0,1
B004GJGNQQ,4.0,1
B004GJ5QF0,5.0,1
B004GJ0CNQ,5.0,1
B004GITYJU,5.0,1
B004GIKY58,5.0,1
B004GIK9SA,5.0,1
B004GIIAA4,5.0,1
B004GIGQPA,5.0,1
B004GEZE5W,5.0,1
B004GEYQ1A,5.0,1
B004G9QBCM,5.0,1
B004GBL17A,5.0,1
B004GBK73Y,5.0,1
B004GBK5UO,5.0,1
B004GBK3KG,5.0,1
B004GBIL8C,5.0,1
B004GBIFUG,5.0,1
B004GBIDM6,5.0,1
B004GBHICW,5.0,1
B004GBGTPO,5.0,1
B004GBG9CW,5.0,1
B004GBFEBY,5.0,1
B004GBEJK6,5.0,1
B004GBD9VG,5.0,1
B004GB9244,5.0,1
B004GB4T7E,5.0,1
B004GB38J4,5.0,1
B004GB2UAM,5.0,1
B004GAYT52,4.0,1
B004GAXGJM,5.0,1
B004GASDDG,4.0,1
B004GAPY42,5.0,1
B004GAMGLG,4.0,1
B004GAJ2D6,5.0,1
B004GAIUNE,5.0,1
B004GAIOC6,5.0,1
B004GAGSVU,5.0,1
B004GA4I6W,5.0,1
B004G9U7YK,5.0,1
B004GBK8MO,5.0,1
B004GBNF56,5.0,1
B004GEXL84,4.0,1
B004GEXL5M,5.0,1
B004GEXJZY,5.0,1
B004GEXIZ0,5.0,1
B004GEV2C6,5.0,1
B004GEJMFU,5.0,1
B004GE7LNU,5.0,1
B004GDZ4GC,5.0,1
B004GDU796,5.0,1
B004GDDTNM,5.0,1
B004GDBTBQ,5.0,1
B004GCUM3I,5.0,1
B004GCQBVU,4.0,1
B004GCEA7M,5.0,1
B004GCBW9G,5.0,1
B004GCAJMM,5.0,1
B004GCAHXS,4.0,1
B004GC8UKK,5.0,1
B004GC88WK,5.0,1
B004GC74CA,5.0,1
B004GC4QXK,5.0,1
B004GC2RD6,5.0,1
B004FRXL28,4.0,1
B004FRULTO,5.0,1
B004FRRMRS,5.0,1
B004FDOJWS,5.0,1
B004FD95ZE,5.0,1
B004FD5I14,5.0,1
B004FD5HZG,4.0,1
B004FD3KUA,4.0,1
B004FD3HU8,5.0,1
B004FD3HOE,5.0,1
B004FD1I40,5.0,1
B004FD1F7K,5.0,1
B004FCS40M,5.0,1
B004FCRUWA,5.0,1
B004FCPYIW,5.0,1
B004FCP7VQ,5.0,1
B004FB20M6,4.0,1
B004FB1XWE,5.0,1
B004FAWDGA,5.0,1
B004FAV712,5.0,1
B004FAV1PE,5.0,1
B004FAUO0M,5.0,1
B004FAT8GS,5.0,1
B004FAT34U,5.0,1
B004FAT2CS,5.0,1
B004F9KTWG,5.0,1
B004F9FHNM,5.0,1
B004F9ES78,5.0,1
B004FD9C8E,5.0,1
B004F95MQ4,5.0,1
B004FGF6HM,5.0,1
B004FGF622,5.0,1
B004FGF45Q,5.0,1
B004FGD4E4,5.0,1
B004FGD0JI,5.0,1
B004FGCYZO,5.0,1
B004FGCYX6,5.0,1
B004FGCYRW,4.0,1
B004FGAX52,5.0,1
B004FG9YP2,5.0,1
B004FG9WSG,5.0,1
B004FG6L80,5.0,1
B004FG3JXK,5.0,1
B004FG0UMS,5.0,1
B004FFJ5YS,5.0,1
B004FFEZI4,5.0,1
B004FFASVC,5.0,1
B004FF7W8Y,5.0,1
B004FF6BYA,5.0,1
B004FF33XC,5.0,1
B004FF1FRI,5.0,1
B004FEVKR4,4.0,1
B004FETJGS,5.0,1
B004FET2QU,5.0,1
B004FEQ75E,5.0,1
B004FEO1F2,5.0,1
B004FEO0Q2,5.0,1
B004F9DUUO,5.0,1
B004F949HM,5.0,1
B004FGQV0I,5.0,1
B004F1SRAA,5.0,1
B004F0VH2G,5.0,1
B004F0TCE6,5.0,1
B004F0S6S4,5.0,1
B004F0PD1M,5.0,1
B004F0OLTM,5.0,1
B004F0O0Y8,4.0,1
B004F0MH4I,5.0,1
B004F0A13M,5.0,1
B004F05RB8,5.0,1
B004F03SBY,4.0,1
B004EYWLQO,5.0,1
B004EYKB1Q,5.0,1
B004EYGBHY,5.0,1
B004EY8WGW,5.0,1
B004EXIFBK,5.0,1
B004EWR4CW,5.0,1
B004F1O3MG,5.0,1
B004F1U8NY,5.0,1
B004F8NG22,5.0,1
B004F8IUSW,5.0,1
B004F8C3T4,5.0,1
B004F8B0FC,4.0,1
B004F88ZGE,5.0,1
B004F87DVW,5.0,1
B004F844HI,5.0,1
B004F844DC,5.0,1
B004F82NMQ,5.0,1
B004F829LQ,5.0,1
B004F80FF8,5.0,1
B004F7VZIA,5.0,1
B004F7EIMU,5.0,1
B004F77Q1U,5.0,1
B004F6Z9O2,5.0,1
B004F6A0T6,5.0,1
B004F5MWRU,5.0,1
B004F5D5YY,5.0,1
B004F44ZCG,5.0,1
B004F3FOYA,5.0,1
B004F3103E,4.0,1
B004F20A4K,4.0,1
B004FGI40S,5.0,1
B004FGXNRW,5.0,1
B004FRR6EW,5.0,1
B004FQ830Y,5.0,1
B004FPOYBW,5.0,1
B004FPEVL0,5.0,1
B004FPDBT8,4.0,1
B004FPD7E2,5.0,1
B004FPCH4S,4.0,1
B004FP9D22,5.0,1
B004FOVZ1U,5.0,1
B004FOTG70,5.0,1
B004FONLWQ,5.0,1
B004FON35Q,5.0,1
B004FOMLJ0,5.0,1
B004FOM6OA,5.0,1
B004FOKDN6,5.0,1
B004FOHG6S,4.0,1
B004FOHBAY,5.0,1
B004FOAFWK,4.0,1
B004FO8MD4,5.0,1
B004FO8KPE,5.0,1
B004FO55VG,5.0,1
B004FO542G,4.0,1
B004FNYIME,5.0,1
B004FNUXAA,5.0,1
B004FNPOS6,4.0,1
B004FQBO4G,5.0,1
B004FNNSIY,5.0,1
B004FQD4LM,5.0,1
B004FRMTOY,5.0,1
B004FRLSJQ,5.0,1
B004FRLHNI,5.0,1
B004FRLH42,5.0,1
B004FRLDR8,5.0,1
B004FRLDEQ,5.0,1
B004FRK0B8,5.0,1
B004FRB7XI,5.0,1
B004FRAC7U,5.0,1
B004FR9316,5.0,1
B004FR4QOA,4.0,1
B004FR3IU8,5.0,1
B004FR30HE,4.0,1
B004FQUF8W,4.0,1
B004FQU9N8,5.0,1
B004FQS9F8,4.0,1
B004FQQO96,5.0,1
B004FQNEJ4,5.0,1
B004FQML5W,5.0,1
B004FQK62M,4.0,1
B004FQIT62,5.0,1
B004FQISZ4,5.0,1
B004FQI4C6,5.0,1
B004FQEK4M,5.0,1
B004FNNTI8,5.0,1
B004FNM3OO,5.0,1
B004FK4A02,5.0,1
B004FK49R6,5.0,1
B004FK49L2,5.0,1
B004FK49BC,4.0,1
B004FK48HC,5.0,1
B004FK30BM,5.0,1
B004FK2WKM,4.0,1
B004FK29YG,5.0,1
B004FK29KU,4.0,1
B004FK0ZU6,4.0,1
B004FK0V78,4.0,1
B004FJZFT8,5.0,1
B004FJY1RK,5.0,1
B004FJRLNQ,5.0,1
B004FJQB8W,5.0,1
B004FJMWT4,5.0,1
B004FJMO2Y,4.0,1
B004FJ4VK2,5.0,1
B004FJ2EI8,5.0,1
B004FHBPHQ,4.0,1
B004FHBG34,5.0,1
B004FH9SDO,4.0,1
B004FH13QE,4.0,1
B004FH13CI,5.0,1
B004FK49YY,4.0,1
B004FK4F3O,5.0,1
B004FNLY4O,5.0,1
B004FN5EHW,5.0,1
B004FMOX0W,5.0,1
B004FMEANW,4.0,1
B004FMDSWQ,5.0,1
B004FLLZY0,5.0,1
B004FLETYI,4.0,1
B004FKWZTA,5.0,1
B004FKLIU2,4.0,1
B004FKIDYQ,4.0,1
B004FKESTA,4.0,1
B004FKEESU,4.0,1
B004FKDH6K,5.0,1
B004FKDCGA,5.0,1
B004FKAA6U,5.0,1
B004FKA6JQ,5.0,1
B004FK9HN2,4.0,1
B004FK51U0,5.0,1
B0043IM4E0,4.0,1
B0043IBM20,5.0,1
B004KEJ74W,5.0,1
B003SU0MHU,5.0,1
B003SU05IQ,5.0,1
B003STXX18,5.0,1
B003STRR42,5.0,1
B003STR7R4,5.0,1
B003STP5GO,5.0,1
B003STKL68,5.0,1
B003STJV6E,5.0,1
B003STE0RE,5.0,1
B003SSY52K,5.0,1
B003SSY0PC,5.0,1
B003SSSFBC,5.0,1
B003S6CKLU,5.0,1
B003SSS508,4.0,1
B003SSRSOC,5.0,1
B003SSRP2C,5.0,1
B003SSRMC0,4.0,1
B003SSOR6Y,5.0,1
B003SSOPIY,5.0,1
B003SSI8BY,4.0,1
B003SS9HW8,5.0,1
B003SREBNY,5.0,1
B003SQU11G,5.0,1
B003SU71EW,5.0,1
B003SVVF8E,5.0,1
B003SW6AA6,5.0,1
B003SW6Y4I,5.0,1
B003SZAZP4,5.0,1
B003SZ8GW8,5.0,1
B003SZ6DUK,5.0,1
B003SZ4C1C,5.0,1
B003SYYE2U,5.0,1
B003SYVMJS,5.0,1
B003SYVLR6,4.0,1
B003SYVKGI,5.0,1
B003SWZOKI,5.0,1
B003SWZOK8,5.0,1
B003SWXEW8,5.0,1
B003SWX4HS,5.0,1
B003SWV6QE,5.0,1
B003SWTLFM,5.0,1
B003SWOQUC,5.0,1
B003SWO3AK,5.0,1
B003SWNPM2,4.0,1
B003SWNKR2,5.0,1
B003SWLGLY,4.0,1
B003SWAC46,5.0,1
B003SKNIS0,5.0,1
B003SDIKIK,4.0,1
B003SDDETA,5.0,1
B003SC06S8,5.0,1
B003SBO6IA,5.0,1
B003SAM3FE,5.0,1
B003SA8Y02,4.0,1
B003SA7JU8,5.0,1
B003SA21S8,5.0,1
B003S9OJMK,5.0,1
B003S9GDS8,4.0,1
B003S9FK6O,5.0,1
B003S8YIU4,4.0,1
B003S8XN46,5.0,1
B003S8V9HO,5.0,1
B003S8QF1O,5.0,1
B003S8KDMQ,5.0,1
B003S88JR2,5.0,1
B003S82H02,5.0,1
B003S7WYTC,4.0,1
B003S7WQ4A,5.0,1
B003S7WKP0,4.0,1
B003S6S93I,5.0,1
B003S6KL66,5.0,1
B003S6GPJI,5.0,1
B003SDIJP4,4.0,1
B003SEC40O,5.0,1
B003SKAZ7C,4.0,1
B003SEI08O,4.0,1
B003SIWG08,5.0,1
B003SIQLS6,4.0,1
B003SIH6N0,5.0,1
B003SHDHY8,5.0,1
B003SH3FPY,5.0,1
B003SFBAQ2,5.0,1
B003SF2QCO,4.0,1
B003SF1NM8,5.0,1
B003SF0X4C,5.0,1
B003SEVHFW,5.0,1
B003SEVGV2,5.0,1
B003SEUI98,5.0,1
B003SEOIZ8,5.0,1
B003SZEYBK,5.0,1
B003SZF3JM,5.0,1
B003TLAEKS,5.0,1
B003TJQ2SS,5.0,1
B003TJOQBI,5.0,1
B003TJJJWE,5.0,1
B003TJIP4C,5.0,1
B003TJI9WK,5.0,1
B003TJI3K8,5.0,1
B003TJHVAQ,5.0,1
B003TJH9VW,4.0,1
B003TJG4Y0,5.0,1
B003TJC3KO,5.0,1
B003TJC2ZA,5.0,1
B003TJ6D5K,5.0,1
B003TJ6AXA,5.0,1
B003TIYNMQ,5.0,1
B003TIV4O6,5.0,1
B003TISIF4,5.0,1
B003TIS0NO,5.0,1
B003TIQU0O,5.0,1
B003TIQO50,5.0,1
B003TI2DCI,5.0,1
B003TI258K,5.0,1
B003TI0OEM,5.0,1
B003TI02S0,5.0,1
B003TK8UTG,5.0,1
B003THUJ9I,5.0,1
B003TLWUYG,4.0,1
B003TP8B9K,5.0,1
B003TP6HB4,5.0,1
B003TOZFEK,5.0,1
B003TOHAVQ,4.0,1
B003TOCTD0,5.0,1
B003TOA50Y,5.0,1
B003TO8VY6,5.0,1
B003TO0JVY,5.0,1
B003TNFUIC,5.0,1
B003TNFF3W,5.0,1
B003TN76LQ,5.0,1
B003TN3A6Q,5.0,1
B003TN38UY,5.0,1
B003TMWQ80,5.0,1
B003TMQVXQ,5.0,1
B003TMQ1O0,5.0,1
B003TMPVOQ,5.0,1
B003TMO5C0,5.0,1
B003TMM6B2,5.0,1
B003TMK2RW,5.0,1
B003TMHVQM,5.0,1
B003TM11M2,5.0,1
B003THZ5CE,5.0,1
B003THUIM6,5.0,1
B003SZGAIK,4.0,1
B003TC3B66,5.0,1
B003TBH4XS,4.0,1
B003T895QU,5.0,1
B003T88TY4,5.0,1
B003T6X2J8,5.0,1
B003T4UU1I,5.0,1
B003T4AA5Y,5.0,1
B003T37N14,5.0,1
B003T1EXBE,5.0,1
B003T12HB2,5.0,1
B003T0ZQPC,5.0,1
B003T0MURE,4.0,1
B003T09BIU,5.0,1
B003T0265A,5.0,1
B003T015SY,5.0,1
B003T00N9G,5.0,1
B003SZVX1Y,5.0,1
B003SZUP5E,5.0,1
B003SZSJCA,5.0,1
B003TBM9HY,4.0,1
B003TC6S02,5.0,1
B003THUE84,4.0,1
B003TC89DQ,5.0,1
B003THT84A,5.0,1
B003THT7MI,5.0,1
B003THT4BW,4.0,1
B003TGQMBI,5.0,1
B003TGLBA0,5.0,1
B003TG98PK,5.0,1
B003TG66FA,5.0,1
B003TG59Z8,5.0,1
B003TFZOKO,5.0,1
B003TFZKVM,5.0,1
B003TFZB8Y,5.0,1
B003TFXSU2,5.0,1
B003TEXQ3C,5.0,1
B003TE2YFS,4.0,1
B003TDN8YK,5.0,1
B003TDG1BC,5.0,1
B003TCU5DI,5.0,1
B003TCMHV6,5.0,1
B003TCCJ5K,5.0,1
B003TCCFKE,5.0,1
B003S6CSY4,4.0,1
B003TPO6EE,5.0,1
B003QA4CDW,5.0,1
B003QIU5QM,5.0,1
B003QI3C9E,5.0,1
B003QHX46G,4.0,1
B003QHBU9E,4.0,1
B003QE8X9M,5.0,1
B003QBDLAG,5.0,1
B003QBCV7U,5.0,1
B003QAJVJM,5.0,1
B003QAG3RU,5.0,1
B003QADZVM,5.0,1
B003QABF1E,5.0,1
B003QA7Z9A,5.0,1
B003S669ZS,4.0,1
B003Q971J0,5.0,1
B003Q95PHU,5.0,1
B003Q91MZO,4.0,1
B003Q8XOCY,5.0,1
B003Q8T0UE,5.0,1
B003Q8MJFM,5.0,1
B003Q82LI2,5.0,1
B003Q7U45K,4.0,1
B003Q61GVC,5.0,1
B003Q4VXEY,4.0,1
B003QJ32W0,4.0,1
B003QJDDLU,5.0,1
B003QJFAK2,5.0,1
B003QTBTCU,5.0,1
B003QSM5H4,5.0,1
B003QSCFW4,5.0,1
B003QSC40C,5.0,1
B003QR75L6,5.0,1
B003QQKK8C,4.0,1
B003QOZ21Y,5.0,1
B003QN5LCK,5.0,1
B003QN2D3U,5.0,1
B003QMYADC,5.0,1
B003QLT77W,5.0,1
B003QLPMIU,5.0,1
B003QLBCQ6,5.0,1
B003QL92R2,5.0,1
B003QL1752,5.0,1
B003QKTE9Y,4.0,1
B003QKT1T2,5.0,1
B003QKNR6U,5.0,1
B003QKNPR6,5.0,1
B003QK7PIQ,5.0,1
B003Q45K16,5.0,1
B003Q43F1I,5.0,1
B003PQVFVE,5.0,1
B003PPB1BY,5.0,1
B003PP6KHE,5.0,1
B003POVODU,5.0,1
B003PO3YGA,4.0,1
B003PNUNEW,5.0,1
B003PMM46S,5.0,1
B003PM6RO8,5.0,1
B003PM2WQK,5.0,1
B003PLHMIO,5.0,1
B003PLD2QU,5.0,1
B003PK7CJE,5.0,1
B003PJXSHA,4.0,1
B003PJMCCM,5.0,1
B003PIYEAQ,5.0,1
B003PI6QRK,5.0,1
B003PHJWFO,4.0,1
B003PH5I5C,5.0,1
B003PGV3VQ,5.0,1
B003PR8C4Q,4.0,1
B003Q335J6,5.0,1
B003Q3304Q,5.0,1
B003Q2XEM0,5.0,1
B003Q2FO7I,5.0,1
B003Q1MXDW,5.0,1
B003PZY1JI,5.0,1
B003PZU3KE,4.0,1
B003PXE25I,5.0,1
B003PX5BEE,5.0,1
B003PWZL54,5.0,1
B003PWV05Y,5.0,1
B003PWSEWG,5.0,1
B003PWJLTQ,5.0,1
B003PWGQYE,5.0,1
B003PW82QE,5.0,1
B003PW4C0O,5.0,1
B003PW3ZSO,4.0,1
B003PVWFNG,4.0,1
B003PVNTWM,5.0,1
B003PV81PC,4.0,1
B003PUJGTI,5.0,1
B003PTKJ22,5.0,1
B003PTFCW4,5.0,1
B003PTF5EY,5.0,1
B003PSQPRQ,5.0,1
B003PRZ4QU,4.0,1
B003QTBTDE,5.0,1
B003RSG61E,4.0,1
B003RSFD5O,5.0,1
B003RSEEKE,5.0,1
B003RS91SY,4.0,1
B003RS2ZT6,5.0,1
B003RPYHRC,4.0,1
B003RPXVI8,5.0,1
B003RPHWYC,5.0,1
B003RP8FXY,5.0,1
B003RP5GDG,5.0,1
B003RP0AGO,5.0,1
B003RNUB42,5.0,1
B003RM8LNG,5.0,1
B003RL89CK,5.0,1
B003RL6EXQ,5.0,1
B003RL0JGO,5.0,1
B003RKWU62,5.0,1
B003RKWOUO,5.0,1
B003RKTLTQ,4.0,1
B003RSI29S,4.0,1
B003RSJW6U,5.0,1
B003RK8LQK,5.0,1
B003RSMAW8,4.0,1
B003S5PI38,5.0,1
B003S3JGA6,5.0,1
B003S1RD5S,5.0,1
B003S1O0NG,5.0,1
B003S1L49E,5.0,1
B003S1KCQU,5.0,1
B003S1KB7U,5.0,1
B003S1K9LI,4.0,1
B003S1K08A,4.0,1
B003S1IR4Y,5.0,1
B003S19HT8,5.0,1
B003RZGINI,5.0,1
B003RZA0GE,5.0,1
B003RYSQD4,4.0,1
B003RXPC1O,5.0,1
B003RXP8AY,5.0,1
B003RXMCBW,5.0,1
B003RXCGAE,4.0,1
B003RX6IXU,5.0,1
B003RX4EBI,4.0,1
B003RWJ3CO,5.0,1
B003RUOC9U,5.0,1
B003RKKK1Y,5.0,1
B003RK4L3M,5.0,1
B003R8QYYI,5.0,1
B003R6HIQS,5.0,1
B003R6ECW6,5.0,1
B003R5RQSO,5.0,1
B003R5OB3C,5.0,1
B003R3XYAK,5.0,1
B003R3F232,5.0,1
B003R3BG0A,5.0,1
B003R2ZRHY,5.0,1
B003R2TQZI,5.0,1
B003R2ROQG,5.0,1
B003R12CHS,5.0,1
B003QZFVW8,5.0,1
B003QYUOMQ,4.0,1
B003QYR6UY,5.0,1
B003QXLHJG,4.0,1
B003QUG5ZK,5.0,1
B003QUEM2I,5.0,1
B003QTUI68,5.0,1
B003QTSI7O,4.0,1
B003QTR780,5.0,1
B003QTR528,5.0,1
B003QTPG6U,5.0,1
B003QTLRLI,5.0,1
B003RJWXY2,5.0,1
B003RJSBNO,4.0,1
B003RIV9WU,5.0,1
B003RIGW54,5.0,1
B003RIBMQ8,5.0,1
B003RI7Y9C,5.0,1
B003RDXI10,5.0,1
B003RDG3KI,4.0,1
B003RDDOXM,5.0,1
B003RD79AG,5.0,1
B003RD4ZE4,5.0,1
B003RCYVTO,5.0,1
B003RCU7M4,5.0,1
B003RC8XY8,4.0,1
B003RBZBJ4,5.0,1
B003RBO2OE,4.0,1
B003RBMU48,5.0,1
B003RBMC6O,4.0,1
B003RBIT0C,5.0,1
B003RBINVM,5.0,1
B003RBILEG,5.0,1
B003RA24S6,5.0,1
B003R92TYQ,4.0,1
B003TP8N98,5.0,1
B003VR41JA,5.0,1
B003V5FBGE,5.0,1
B003V5CY3C,5.0,1
B003V5BNRA,5.0,1
B003V5AE1G,5.0,1
B003V5572M,5.0,1
B003V4U0PC,4.0,1
B003V4RTXS,5.0,1
B003V4Q6KA,5.0,1
B003V3R2FE,4.0,1
B003V3BP7U,4.0,1
B003V31VFQ,5.0,1
B003V2QNUU,5.0,1
B003V2QNRS,4.0,1
B003V2QN9Q,5.0,1
B003V2OO60,5.0,1
B003V2ON98,5.0,1
B003V2MZMA,5.0,1
B003V2L1MA,5.0,1
B003V2JNX4,5.0,1
B003V2JNAC,5.0,1
B003V2JN2U,4.0,1
B003V2JMSU,5.0,1
B003V5MN8I,4.0,1
B003V5NS5K,4.0,1
B003V5O07A,5.0,1
B003V5QS7U,5.0,1
B003VCYLVS,5.0,1
B003VCYLOA,4.0,1
B003VCWSOU,5.0,1
B003VCWPXY,5.0,1
B003VCOYRO,4.0,1
B003VCIWSG,4.0,1
B003VCI6K0,5.0,1
B003VCI20Y,5.0,1
B003VCDH9K,5.0,1
B003VCCIMW,5.0,1
B003VC8IUS,5.0,1
B003VBUWP8,4.0,1
B003VB2RWE,5.0,1
B003VAHXVU,4.0,1
B003V94YFY,5.0,1
B003V9426A,5.0,1
B003V83WNA,5.0,1
B003V83KGE,4.0,1
B003V80X0K,5.0,1
B003V7YL4K,5.0,1
B003V6NYD0,4.0,1
B003V6EQUK,5.0,1
B003V60LEA,4.0,1
B003V1FXXO,5.0,1
B003V1DJ9Y,5.0,1
B003UVR446,4.0,1
B003UV37BK,5.0,1
B003UTEB4Y,5.0,1
B003UTB0FC,5.0,1
B003UTA738,5.0,1
B003UT7JGQ,5.0,1
B003UT72PY,4.0,1
B003UT2CRC,5.0,1
B003USZORI,5.0,1
B003USW4E4,5.0,1
B003USMAPM,5.0,1
B003USM8TA,5.0,1
B003USM3IG,5.0,1
B003USM1UG,5.0,1
B003USJVT0,4.0,1
B003USIM8G,5.0,1
B003USIIH6,4.0,1
B003USIEP2,5.0,1
B003USGH74,5.0,1
B003USGAY4,4.0,1
B003UVT25K,5.0,1
B003V1941G,5.0,1
B003UVYDFY,4.0,1
B003V144I4,5.0,1
B003V13SB8,5.0,1
B003V0QNAW,5.0,1
B003V0G5Y6,5.0,1
B003V04QLU,4.0,1
B003UZ86NK,4.0,1
B003UZ6PJM,5.0,1
B003UZ6C8Q,5.0,1
B003UZ4L3E,5.0,1
B003UZ4K7Q,5.0,1
B003UZ33XI,5.0,1
B003UZ104W,5.0,1
B003UYZAIK,5.0,1
B003UYIAIW,5.0,1
B003UYGGAQ,5.0,1
B003UY5EXG,4.0,1
B003UXC4V2,5.0,1
B003UX6L8Y,5.0,1
B003UWXXGS,5.0,1
B003UWN8FE,5.0,1
B003UW1IPQ,5.0,1
B003VDBOYE,5.0,1
B003VN1THQ,5.0,1
B003VN00OY,5.0,1
B003VMY0EG,5.0,1
B003VMXZBA,5.0,1
B003VMW8SG,5.0,1
B003VMW39U,5.0,1
B003VMUTBE,5.0,1
B003VM7LLK,5.0,1
B003VM7LLA,5.0,1
B003VM2RK0,4.0,1
B003VLGT0A,4.0,1
B003VLFV40,5.0,1
B003VL8YDA,5.0,1
B003VL5XIY,5.0,1
B003VL4PK6,5.0,1
B003VL0KR8,5.0,1
B003VKX5JO,4.0,1
B003VKX4TK,5.0,1
B003VKQTRY,4.0,1
B003VJXVLC,5.0,1
B003VJXUK4,4.0,1
B003VJWKQO,5.0,1
B003VJVS5S,5.0,1
B003VN5Y2C,5.0,1
B003VJQL7S,5.0,1
B003VNB368,5.0,1
B003VQWPDA,5.0,1
B003VQFXA2,5.0,1
B003VQEBF0,5.0,1
B003VPYZIY,4.0,1
B003VPSYFO,5.0,1
B003VPS8PK,5.0,1
B003VPRWKC,5.0,1
B003VPR4RS,5.0,1
B003VPQUPU,4.0,1
B003VPPKD8,4.0,1
B003VPO6NS,5.0,1
B003VPMQLW,5.0,1
B003VPLF7S,5.0,1
B003VPIHPQ,5.0,1
B003VPCQRG,4.0,1
B003VOVGNW,5.0,1
B003VOHQGS,5.0,1
B003VODHGG,5.0,1
B003VOA5FW,5.0,1
B003VNIUQE,5.0,1
B003VJQMB8,5.0,1
B003VJQKY2,5.0,1
B003VDBP9I,5.0,1
B003VFWGEE,5.0,1
B003VFWEHI,5.0,1
B003VFWDP6,5.0,1
B003VFUIC6,5.0,1
B003VFT1H4,5.0,1
B003VFLCQW,5.0,1
B003VFIADK,4.0,1
B003VFFVKK,5.0,1
B003VFAMAO,5.0,1
B003VF7MVG,5.0,1
B003VEUI6S,4.0,1
B003VEN5X6,5.0,1
B003VEN590,4.0,1
B003VDW35S,5.0,1
B003VDW2WM,4.0,1
B003VDTURM,4.0,1
B003VDSRQC,5.0,1
B003VDLYGC,5.0,1
B003VDGOXA,5.0,1
B003VDGNLI,5.0,1
B003VDEK04,5.0,1
B003VDBVCO,5.0,1
B003VDBQGA,5.0,1
B003VJQKSS,5.0,1
B003VFYAQ6,5.0,1
B003VJQH40,5.0,1
B003VJODM8,5.0,1
B003VIYQXK,4.0,1
B003VISBMW,5.0,1
B003VINDS4,4.0,1
B003VILJPI,5.0,1
B003VIL9A8,5.0,1
B003VIL54I,5.0,1
B003VIJVYY,5.0,1
B003VIJLNK,5.0,1
B003VIFJGI,5.0,1
B003VI9L6W,5.0,1
B003VI656G,4.0,1
B003VI3LSG,5.0,1
B003VI3HE4,4.0,1
B003VI31YU,5.0,1
B003VHYXUC,5.0,1
B003VHUM20,4.0,1
B003VHU9R8,5.0,1
B003VHQN9Q,5.0,1
B003VGZ09Q,5.0,1
B003VGSVY2,5.0,1
B003USG7BA,4.0,1
B003USEBO0,5.0,1
B003U4FEU4,5.0,1
B003U4MHCC,5.0,1
B003U4MG5K,4.0,1
B003U4KGSE,5.0,1
B003U4HUIS,4.0,1
B003U4HP5G,5.0,1
B003U4HLXW,5.0,1
B003U4HDVM,5.0,1
B003U4H506,5.0,1
B003U4H3IA,5.0,1
B003U4F60W,5.0,1
B003U4F4HW,5.0,1
B003U4F4EK,5.0,1
B003U4DA6Y,5.0,1
B003U4D9PQ,5.0,1
B003U4D9CY,5.0,1
B003U3NFFQ,5.0,1
B003U3MCF0,5.0,1
B003U3JHFS,5.0,1
B003U318T6,5.0,1
B003U2QCI4,5.0,1
B003U4P53U,5.0,1
B003U4R5TW,5.0,1
B003U4RDXK,5.0,1
B003U4RFUQ,5.0,1
B003U8RG4W,5.0,1
B003U8QN7S,5.0,1
B003U8OXOI,4.0,1
B003U8OWMQ,5.0,1
B003U8OTKG,5.0,1
B003U8JWA8,5.0,1
B003U7P9IS,5.0,1
B003U7M9EK,4.0,1
B003U6BU28,5.0,1
B003U656K0,5.0,1
B003U5RQ0E,5.0,1
B003U5FEEO,4.0,1
B003U56LE6,5.0,1
B003U560WY,4.0,1
B003U55ZKM,5.0,1
B003U548OG,5.0,1
B003U4XNPM,5.0,1
B003U4U2J2,5.0,1
B003U4T7JS,5.0,1
B003U4T5YA,5.0,1
B003U4RH22,5.0,1
B003U2OZKG,5.0,1
B003U2LY3M,5.0,1
B003U2J8AS,5.0,1
B003TU475M,5.0,1
B003TU3VEU,5.0,1
B003TTZYL4,5.0,1
B003TTYGMC,5.0,1
B003TTUQDU,5.0,1
B003TTPL2G,4.0,1
B003TTIULK,5.0,1
B003TTH5VG,5.0,1
B003TTBMR4,5.0,1
B003TT9JCE,5.0,1
B003TT46WW,5.0,1
B003TSZYN8,5.0,1
B003TSWWOC,5.0,1
B003TSUM1C,5.0,1
B003TSCBEI,5.0,1
B003TS8KQG,4.0,1
B003TS6H7A,5.0,1
B003TS6H3E,5.0,1
B003TRXG34,5.0,1
B003TRE0PM,5.0,1
B003TQSJRI,5.0,1
B003TQ76RW,4.0,1
B003TPW7MM,4.0,1
B003TPTVIK,4.0,1
B003TPSLD6,4.0,1
B003TU5UL2,5.0,1
B003TUQ2NM,5.0,1
B003U2811A,5.0,1
B003U25VWC,5.0,1
B003U20EKG,5.0,1
B003U1XIFA,5.0,1
B003U0QF1K,4.0,1
B003U0CHHQ,5.0,1
B003U09DQY,5.0,1
B003U08WZW,5.0,1
B003U0516U,5.0,1
B003TZO24I,5.0,1
B003TYUE4G,5.0,1
B003TYMRF0,4.0,1
B003TYK6NU,5.0,1
B003TYAS0G,5.0,1
B003TY3BG4,5.0,1
B003TY1HP6,4.0,1
B003TY1AOE,4.0,1
B003TXUUKK,5.0,1
B003TXNVZQ,5.0,1
B003TWF34O,5.0,1
B003TVMJRY,5.0,1
B003TVHE42,5.0,1
B003TVH2W6,4.0,1
B003TVEXV4,5.0,1
B003U9LU2K,5.0,1
B003UO4XLK,5.0,1
B003UNVADK,5.0,1
B003UNQQFC,5.0,1
B003UNQ062,4.0,1
B003UNHLKQ,5.0,1
B003UMKDN4,5.0,1
B003UMANLG,5.0,1
B003UM8VHO,5.0,1
B003UM8VDS,4.0,1
B003UM3MLY,5.0,1
B003UM0AC8,5.0,1
B003UKT968,5.0,1
B003UKSEAK,4.0,1
B003UKO1X4,5.0,1
B003UK7RLM,5.0,1
B003UIVKX0,5.0,1
B003UITWIA,5.0,1
B003UIE3UW,5.0,1
B003UIDQSM,5.0,1
B003UI87T0,5.0,1
B003UI7CIM,5.0,1
B003UHXDUY,5.0,1
B003UO4UWM,5.0,1
B003UOBP48,5.0,1
B003UHHI9G,5.0,1
B003UOBTSA,5.0,1
B003USE618,5.0,1
B003USE3P2,4.0,1
B003USE3NO,5.0,1
B003USDAZ6,5.0,1
B003USB8AA,5.0,1
B003USB7D8,5.0,1
B003URTV64,5.0,1
B003URLBJO,5.0,1
B003URFVAO,5.0,1
B003URFT6K,5.0,1
B003URE4UW,5.0,1
B003URE1TQ,5.0,1
B003URC9WM,5.0,1
B003UR0P2I,5.0,1
B003UQX594,5.0,1
B003UQX2EW,5.0,1
B003UQRPEU,4.0,1
B003UPRLF4,5.0,1
B003UP28XE,5.0,1
B003UOYVL2,5.0,1
B003UOWUAG,5.0,1
B003UOVX2M,5.0,1
B003UOP79M,5.0,1
B003UHAFAA,5.0,1
B003UE1FJS,4.0,1
B003UCZ6JU,5.0,1
B003UC6NVU,5.0,1
B003UC53W0,5.0,1
B003UC4GXM,5.0,1
B003UBWZ2W,5.0,1
B003UBNLB6,5.0,1
B003UBNL7A,5.0,1
B003UBNHR4,5.0,1
B003UBNFZ8,5.0,1
B003UBNE36,5.0,1
B003UBNBW0,5.0,1
B003UBMBGW,5.0,1
B003UBKUVA,5.0,1
B003UBKMAY,5.0,1
B003UBGHSA,5.0,1
B003UB2YP0,5.0,1
B003UB18Z2,5.0,1
B003UA8HES,4.0,1
B003UA8B5I,5.0,1
B003UA6TSY,5.0,1
B003UA5EKI,5.0,1
B003U9RA38,4.0,1
B003UE43N8,5.0,1
B003UEH60A,5.0,1
B003UH4XKI,5.0,1
B003UH4WR2,5.0,1
B003UH3A2A,4.0,1
B003UH382W,5.0,1
B003UH1W1Q,4.0,1
B003UH1UTU,5.0,1
B003UGZRH2,4.0,1
B003UFTDV4,5.0,1
B003UFRTOM,5.0,1
B003UFO7WY,5.0,1
B003UFM46U,5.0,1
B003UF9OHM,5.0,1
B003UF7S8O,5.0,1
B003UF6JPW,5.0,1
B003UF6FBK,5.0,1
B003UF1HU4,5.0,1
B003UF10ZG,5.0,1
B003PGUK1K,5.0,1
B003PGSBRK,5.0,1
B003M7ON8I,5.0,1
B003M7L10Q,5.0,1
B003M77WOU,5.0,1
B003M749H8,4.0,1
B003M6KZ2M,5.0,1
B003M64DWU,5.0,1
B003M5VKTK,5.0,1
B003M5RDCI,5.0,1
B003M5QVLW,5.0,1
B003M5DEGW,5.0,1
B003M57ZX0,5.0,1
B003M57ZRG,5.0,1
B003M560Q8,5.0,1
B003LTIDG0,5.0,1
B003M50NKM,5.0,1
B003M4TCXM,4.0,1
B003M4LZRI,5.0,1
B003M3ZP70,5.0,1
B003M3X6FI,5.0,1
B003M3W8KC,5.0,1
B003M3V7D6,5.0,1
B003M3V204,5.0,1
B003M3R9P6,5.0,1
B003M3O9EU,5.0,1
B003M3MBR2,5.0,1
B003M3C82U,5.0,1
B003M9A5F6,5.0,1
B003MGDOIE,5.0,1
B003MG65Z8,5.0,1
B003MEEPVQ,5.0,1
B003MECU68,5.0,1
B003ME9U52,5.0,1
B003ME9S6I,4.0,1
B003ME9R5A,5.0,1
B003MD849G,5.0,1
B003MCCW4K,5.0,1
B003MBVY6S,4.0,1
B003MBVCC4,4.0,1
B003MBVALC,5.0,1
B003MBJCTY,5.0,1
B003MB5XUQ,5.0,1
B003MAUVI6,5.0,1
B003MAI76Y,5.0,1
B003MA9KD8,5.0,1
B003MA819C,4.0,1
B003MA7Z62,4.0,1
B003MA7XQY,4.0,1
B003MA5O0Q,5.0,1
B003M9ZF38,5.0,1
B003M37X20,5.0,1
B003M2YXS8,5.0,1
B003LZQVQ8,5.0,1
B003LZQ4DI,5.0,1
B003LZPUY2,5.0,1
B003LZOMRS,5.0,1
B003LZOG1A,4.0,1
B003LZO25A,5.0,1
B003LZB7ZI,5.0,1
B003LZA4W0,4.0,1
B003LZ04ZM,5.0,1
B003LYVFAQ,5.0,1
B003LYSNUG,5.0,1
B003LYSKBI,5.0,1
B003LYMEHY,5.0,1
B003LYKIFE,5.0,1
B003LXEDRE,5.0,1
B003LWMX6S,5.0,1
B003LWH1CY,4.0,1
B003LWCE7G,5.0,1
B003LW29MG,5.0,1
B003LVWZS0,5.0,1
B003LUPQRS,4.0,1
B003LUFQFU,4.0,1
B003LUCC8E,5.0,1
B003LU4HFA,5.0,1
B003LZQM6M,5.0,1
B003LZQX2U,5.0,1
B003M2ONW4,5.0,1
B003LZQZK0,5.0,1
B003M1MEVM,4.0,1
B003M1LWQK,5.0,1
B003M1LBMU,5.0,1
B003M14GO0,4.0,1
B003M11HQK,4.0,1
B003M0R3B4,5.0,1
B003M0R0JO,5.0,1
B003M0QPLS,4.0,1
B003M0B17Q,5.0,1
B003M03C1E,5.0,1
B003LZY0OS,5.0,1
B003LZWT0U,5.0,1
B003LZWPWW,4.0,1
B003LZWFAE,5.0,1
B003LZW19E,5.0,1
B003LZVLZE,5.0,1
B003LZUPUG,5.0,1
B003LZU5WO,5.0,1
B003LZTTB2,5.0,1
B003LZTHR8,5.0,1
B003LZSIJG,5.0,1
B003LZS2CE,5.0,1
B003LZRQF8,5.0,1
B003MHNGU4,5.0,1
B003MIHLYK,5.0,1
B003MILGLE,5.0,1
B003N3OKQQ,5.0,1
B003N3OHIW,5.0,1
B003N3MI8S,4.0,1
B003N3MD06,4.0,1
B003N3GMXK,5.0,1
B003N2KFCA,5.0,1
B003N2G0C4,5.0,1
B003N24TWW,4.0,1
B003N1YRE8,5.0,1
B003N1IK4G,5.0,1
B003N1IELU,5.0,1
B003N1BU66,5.0,1
B003N185SM,4.0,1
B003N185RS,5.0,1
B003N185PU,5.0,1
B003N0EQ1S,4.0,1
B003MZWCLA,5.0,1
B003MZUI2K,5.0,1
B003MZNHQE,5.0,1
B003MZJ14G,5.0,1
B003MZDXQ8,5.0,1
B003MYEQZG,5.0,1
B003MY51FK,5.0,1
B003MXL2YK,5.0,1
B003N3QMTY,5.0,1
B003N7008E,4.0,1
B003N6YXUQ,5.0,1
B003N6UM3S,5.0,1
B003N52Z2K,5.0,1
B003N50QTE,5.0,1
B003N50QRQ,5.0,1
B003N4YQRS,4.0,1
B003N4YIGC,4.0,1
B003N4V69E,5.0,1
B003N4US2U,4.0,1
B003N4U6LI,5.0,1
B003N4OU9W,4.0,1
B003N4OD4E,5.0,1
B003N4MH3S,5.0,1
B003N4J5VU,5.0,1
B003N45YA6,5.0,1
B003N442P4,5.0,1
B003N3VYQU,4.0,1
B003N3TBPQ,5.0,1
B003N3SHTC,5.0,1
B003N3R89C,5.0,1
B003MXMSD4,5.0,1
B003MXJ7QK,4.0,1
B003MILHN6,5.0,1
B003MRVLYC,5.0,1
B003MR3D8E,4.0,1
B003MPJYZC,5.0,1
B003MPJYW0,4.0,1
B003MPJWY0,5.0,1
B003MPG52W,5.0,1
B003MPECHW,4.0,1
B003MPDU9S,5.0,1
B003MP4ZIS,5.0,1
B003MOQEYW,4.0,1
B003MNO38C,5.0,1
B003MNKC64,5.0,1
B003MNK6WE,5.0,1
B003MN198Y,5.0,1
B003MMQFEI,5.0,1
B003MLUDSS,4.0,1
B003MLOGYU,4.0,1
B003MKNDRM,5.0,1
B003MKM72Y,5.0,1
B003MK5PHS,5.0,1
B003MIPP7A,5.0,1
B003MINKQ8,5.0,1
B003MILKEM,5.0,1
B003MRVCCS,5.0,1
B003MXHEMO,5.0,1
B003MRXBKE,5.0,1
B003MXEHVA,4.0,1
B003MXCOTW,5.0,1
B003MX5PU2,5.0,1
B003MX46WA,5.0,1
B003MX3L08,5.0,1
B003MWWTSO,5.0,1
B003MWV8V8,5.0,1
B003MWQ3OU,5.0,1
B003MWIJ4W,5.0,1
B003MWFQQ6,5.0,1
B003MVGILY,5.0,1
B003MVBVSE,5.0,1
B003MV5H6Q,5.0,1
B003MV1CYM,5.0,1
B003MU68CO,5.0,1
B003MTAG5U,5.0,1
B003MT561Y,5.0,1
B003MT133E,5.0,1
B003MSOLWK,5.0,1
B003MS0U4S,4.0,1
B003LTYMRY,5.0,1
B003KFQ858,5.0,1
B003KM43QW,5.0,1
B003KM24QS,4.0,1
B003KLZB5U,4.0,1
B003KLZAX8,5.0,1
B003KLXOWW,5.0,1
B003KLXF6C,5.0,1
B003KLW1MQ,5.0,1
B003KLS1YI,5.0,1
B003KLQ4LK,5.0,1
B003KK06E2,5.0,1
B003KJN1GI,5.0,1
B003LSCH04,5.0,1
B003KEW8M6,5.0,1
B003KEAXLO,5.0,1
B003KE61JC,5.0,1
B003KE31AY,5.0,1
B003KB7G3K,5.0,1
B003K8ELD6,5.0,1
B003K80CVQ,5.0,1
B003K80CQG,5.0,1
B003K7EM6S,5.0,1
B003KNT8BG,4.0,1
B003KOI8V6,5.0,1
B003KOSX7U,4.0,1
B003KRIXHM,5.0,1
B003KRGNUG,5.0,1
B003KRF9KQ,4.0,1
B003KR9WO0,5.0,1
B003KR0S9I,5.0,1
B003KQTUUC,5.0,1
B003KQROT6,5.0,1
B003KQJXCW,5.0,1
B003KPTACG,5.0,1
B003KPKD68,5.0,1
B003KPK8NG,4.0,1
B003KPJC4C,5.0,1
B003KPGNH6,5.0,1
B003KPGGD2,5.0,1
B003KPGFOW,5.0,1
B003KPCH2G,5.0,1
B003KPCG9K,5.0,1
B003KPC9CE,5.0,1
B003KPB0I8,5.0,1
B003K7AV5E,5.0,1
B003K68G0C,5.0,1
B003K5CFLY,4.0,1
B003K58RS4,5.0,1
B003K4X7O4,4.0,1
B003K4V1UG,4.0,1
B003K3QBPW,5.0,1
B003K33MI6,5.0,1
B003K2XT9E,4.0,1
B003K2EDNU,5.0,1
B003K2AVGI,4.0,1
B003K1PQJ6,5.0,1
B003K1LKAU,5.0,1
B003K1K5J2,5.0,1
B003K10CPO,4.0,1
B003K0ZHYG,5.0,1
B003K0TTSG,5.0,1
B003K0RJ6U,5.0,1
B003K0Q5GU,5.0,1
B003JYO58C,4.0,1
B003JYMM32,5.0,1
B003JYHRQO,5.0,1
B003JW01AA,5.0,1
B003JVYRGU,5.0,1
B003K5CE2E,4.0,1
B003K5CG04,5.0,1
B003K5R5ZK,5.0,1
B003K5CGYU,5.0,1
B003K5O9KE,4.0,1
B003K5O5DK,5.0,1
B003K5O11Q,5.0,1
B003K5MSXO,5.0,1
B003K5MR7Q,5.0,1
B003K5M71C,5.0,1
B003K5M6DQ,5.0,1
B003K5LZZQ,5.0,1
B003K5JUYY,4.0,1
B003K5IRIY,5.0,1
B003K5H2E4,5.0,1
B003K5F74Q,4.0,1
B003K5EKIK,5.0,1
B003K5EHLU,5.0,1
B003K5CS84,5.0,1
B003K5CPKU,5.0,1
B003K5COY2,5.0,1
B003K5CNIE,5.0,1
B003KRSIUE,5.0,1
B003KRVKVI,5.0,1
B003LFN7EW,5.0,1
B003LEP9XA,5.0,1
B003LEJ198,5.0,1
B003LEHDR0,5.0,1
B003LDUFM6,5.0,1
B003LDQSAO,4.0,1
B003LDQHTG,5.0,1
B003LDAHW4,5.0,1
B003LD8Z64,5.0,1
B003LD6BB0,5.0,1
B003LD3RL2,5.0,1
B003LCF1FI,4.0,1
B003LC1FGW,5.0,1
B003LBFGKO,5.0,1
B003LACGFS,4.0,1
B003LA4ZLQ,5.0,1
B003L8YLZS,5.0,1
B003L8RV8C,5.0,1
B003L8M91G,5.0,1
B003L8G4TO,5.0,1
B003L8EOSM,5.0,1
B003L8CFMY,5.0,1
B003LF72H0,5.0,1
B003L87V50,5.0,1
B003LHJNFM,5.0,1
B003LRVKCQ,5.0,1
B003LRKJAA,5.0,1
B003LQW652,5.0,1
B003LPUWWC,5.0,1
B003LOSVG2,4.0,1
B003LOSVDK,5.0,1
B003LOR6MM,5.0,1
B003LO7T24,5.0,1
B003LNBJ58,5.0,1
B003LN5O9A,4.0,1
B003LMZT78,5.0,1
B003LMY25S,5.0,1
B003LMXP6A,5.0,1
B003LMVUH6,5.0,1
B003LMVG3E,5.0,1
B003LMNTUW,5.0,1
B003LMEFTG,5.0,1
B003LLWAYE,5.0,1
B003LLUJ8I,4.0,1
B003LLSRDW,5.0,1
B003LLQVTE,5.0,1
B003LL0A2I,5.0,1
B003LKUPOM,4.0,1
B003LJDAHC,5.0,1
B003KSB1AW,5.0,1
B003KX51YO,5.0,1
B003KX2VRO,4.0,1
B003KWY7T0,5.0,1
B003KWWDB4,5.0,1
B003KWN97Q,5.0,1
B003KWMQBQ,4.0,1
B003KWM4VS,5.0,1
B003KWB0KY,5.0,1
B003KWAQ5O,5.0,1
B003KWA0CS,5.0,1
B003KW7MWO,5.0,1
B003KW77OC,5.0,1
B003KW6IOM,5.0,1
B003KW19GE,5.0,1
B003KW1978,4.0,1
B003KW1900,5.0,1
B003KW18WY,5.0,1
B003KVNRZ6,5.0,1
B003KV9W9G,5.0,1
B003KV4OF8,5.0,1
B003KUXL58,5.0,1
B003KTCKI8,5.0,1
B003KSNYPM,5.0,1
B003KSF1TY,5.0,1
B003KSF0FO,5.0,1
B003KX5IME,5.0,1
B003KXHNQ8,5.0,1
B003L7PZ90,5.0,1
B003KYOTCI,5.0,1
B003L78FCE,5.0,1
B003L78FAQ,5.0,1
B003L4TPEO,4.0,1
B003L4AJZS,5.0,1
B003L38MD0,5.0,1
B003L2U324,5.0,1
B003L2EYEW,5.0,1
B003L2DQ6O,5.0,1
B003L2BJVI,5.0,1
B003L2APH2,5.0,1
B003L28S8U,5.0,1
B003L28KVK,5.0,1
B003L255ZY,4.0,1
B003L1SZI4,5.0,1
B003L1MTQS,5.0,1
B003L1IQIS,5.0,1
B003L1AMIU,5.0,1
B003L15F0A,5.0,1
B003L10VO0,5.0,1
B003L10ILQ,5.0,1
B003L0NW4W,5.0,1
B003L06FUU,5.0,1
B003L034TK,5.0,1
B003L011HM,5.0,1
B003KZ85IG,4.0,1
B003N70PSO,5.0,1
B003N7156U,5.0,1
B003N7195M,4.0,1
B003OD8EHG,5.0,1
B003OF2038,5.0,1
B003OF1LOC,5.0,1
B003OEY2OE,5.0,1
B003OEXIVC,5.0,1
B003OEWROQ,5.0,1
B003OEWH7S,5.0,1
B003OEMOSA,5.0,1
B003ODT1E6,5.0,1
B003ODSIXQ,5.0,1
B003ODLWZM,5.0,1
B003ODE8Q2,5.0,1
B003ODCPGM,4.0,1
B003ODACP8,5.0,1
B003OD6BU8,5.0,1
B003OD4CUY,5.0,1
B003OD0JQU,5.0,1
B003OCWU2W,5.0,1
B003OCUURE,5.0,1
B003OCUT1Q,5.0,1
B003OCOY1M,5.0,1
B003OCG0QE,5.0,1
B003OC7TPA,5.0,1
B003OBKXQS,5.0,1
B003O9Z4PA,5.0,1
B003O9PD7O,5.0,1
B003OF3EBK,5.0,1
B003OF3YX8,5.0,1
B003OF4CWK,4.0,1
B003OF5HYC,5.0,1
B003OK5YX6,5.0,1
B003OK3VFO,5.0,1
B003OJYAPU,5.0,1
B003OJKU90,5.0,1
B003OJJI6G,4.0,1
B003OJHQGK,5.0,1
B003OJD83K,4.0,1
B003OJ5IXS,5.0,1
B003OJ1WQK,5.0,1
B003OIZCNA,5.0,1
B003OIP9SI,5.0,1
B003OIK9OC,4.0,1
B003OI4NRQ,5.0,1
B003OGNDOC,4.0,1
B003OG5L06,5.0,1
B003OF989M,5.0,1
B003OF5Z8A,5.0,1
B003OF5U76,5.0,1
B003OF5N64,4.0,1
B003OF5I6Y,5.0,1
B003O9OEWE,5.0,1
B003O9OETM,5.0,1
B003O9N4ES,5.0,1
B003O56BX8,5.0,1
B003O53YGA,5.0,1
B003O52FYC,4.0,1
B003O4W8MC,4.0,1
B003O4QHN8,5.0,1
B003O4OLH2,5.0,1
B003O4OE3I,5.0,1
B003O4OCA8,5.0,1
B003O4N88A,4.0,1
B003O4MEJO,5.0,1
B003O4MD8G,5.0,1
B003O4MA2K,5.0,1
B003O4M99Y,5.0,1
B003O4LYO0,5.0,1
B003O4LXVE,5.0,1
B003O4LNZA,5.0,1
B003O4L80K,5.0,1
B003O4KW02,4.0,1
B003O4KT00,5.0,1
B003O4KR5W,5.0,1
B003O4K6QW,5.0,1
B003O4K2JS,5.0,1
B003O54Q9E,4.0,1
B003O58N52,5.0,1
B003O9N3KI,5.0,1
B003O5AFLW,5.0,1
B003O9N1RI,5.0,1
B003O9MBDS,5.0,1
B003O9L9E0,5.0,1
B003O9KCSY,5.0,1
B003O9JCRQ,5.0,1
B003O9IPBU,5.0,1
B003O9HSHC,5.0,1
B003O9HHE6,5.0,1
B003O95U6I,5.0,1
B003O8K2W6,5.0,1
B003O7Z19G,5.0,1
B003O7UDPI,5.0,1
B003O7MPW2,5.0,1
B003O7CGL2,5.0,1
B003O6FT4Y,5.0,1
B003O6FC2S,5.0,1
B003O66X7Q,5.0,1
B003O5XT9M,5.0,1
B003O5QE58,5.0,1
B003O5OYQO,5.0,1
B003OKP1G6,5.0,1
B003OKTJW8,5.0,1
B003P6N5S0,5.0,1
B003P6LSAW,5.0,1
B003P6EUXY,4.0,1
B003P6EOP8,5.0,1
B003P67YOG,5.0,1
B003P65LZA,4.0,1
B003P63XPA,5.0,1
B003P5JP4E,5.0,1
B003P5BNVC,5.0,1
B003P59NDM,5.0,1
B003P55BK6,5.0,1
B003P537T8,5.0,1
B003P4ZY8G,4.0,1
B003P4LY8K,5.0,1
B003P4KDRI,5.0,1
B003P41L1U,5.0,1
B003P3Y0OG,5.0,1
B003P3KWE8,4.0,1
B003P3IY8Y,4.0,1
B003P3HHJQ,5.0,1
B003P3HGF6,5.0,1
B003P3HFE8,5.0,1
B003P3GOGS,5.0,1
B003P6VNFM,5.0,1
B003P72J3G,5.0,1
B003P12W2K,5.0,1
B003PGNF7G,5.0,1
B003PGL4KG,4.0,1
B003PGKGPA,5.0,1
B003PGJE1W,4.0,1
B003PGHD10,5.0,1
B003PGDIBO,5.0,1
B003PEEGXU,5.0,1
B003PEEERS,5.0,1
B003PDPFX6,5.0,1
B003PDOS0W,5.0,1
B003PDI4O8,5.0,1
B003PDBRF6,5.0,1
B003PCONCQ,5.0,1
B003PCEICG,5.0,1
B003PBWA3G,5.0,1
B003PBR6Q2,5.0,1
B003PBK7KE,5.0,1
B003PB4UKW,5.0,1
B003PAHTMO,5.0,1
B003PAGOIY,4.0,1
B003PA7G7W,5.0,1
B003P9LYXA,5.0,1
B003P88BR8,5.0,1
B003P882WC,5.0,1
B003P7MGSE,5.0,1
B003P7JJQ6,5.0,1
B003P14UPW,5.0,1
B003P12UTU,5.0,1
B003OKZPY4,5.0,1
B003OSI3R2,5.0,1
B003ORKE34,5.0,1
B003OQUFTI,5.0,1
B003OQUFRK,5.0,1
B003OQOHZ6,5.0,1
B003OQNUYK,5.0,1
B003OQGYTI,4.0,1
B003OQ9U8A,5.0,1
B003OQ31LW,5.0,1
B003OP84FG,4.0,1
B003OP2XKI,4.0,1
B003OOBQWK,5.0,1
B003ONXGRE,4.0,1
B003ONOVL4,4.0,1
B003ONO0N8,5.0,1
B003OMWCT8,4.0,1
B003OMWBWG,4.0,1
B003OMNMOM,5.0,1
B003OMNMCE,4.0,1
B003OMFR18,5.0,1
B003OMFGDC,5.0,1
B003OMDPQW,5.0,1
B003OMCU5O,5.0,1
B003OLTN3M,4.0,1
B003OSLPLI,5.0,1
B003P0TLE8,5.0,1
B003OSPKE6,5.0,1
B003OZUTEU,5.0,1
B003OZHYN4,5.0,1
B003OYQAIU,5.0,1
B003OYOJV0,5.0,1
B003OY0X56,5.0,1
B003OXXSAE,5.0,1
B003OXTOGQ,5.0,1
B003OXT3OY,4.0,1
B003OXOOXO,5.0,1
B003OXNBQA,5.0,1
B003OXCHXS,5.0,1
B003OX8NFO,5.0,1
B003OWXKGM,5.0,1
B003OWVJ7Y,5.0,1
B003OWKKI8,5.0,1
B003OVY64I,5.0,1
B003OVU0UM,5.0,1
B003OVS3EW,5.0,1
B003OVQH18,5.0,1
B003OVOYZ4,5.0,1
B003OUH8SA,5.0,1
B003OT6FUS,5.0,1
B003OSTBLE,5.0,1
B003O4JMVC,5.0,1
B003O4J1Y0,5.0,1
B003NMVMV8,5.0,1
B003NMJB6Q,5.0,1
B003NMHMXK,5.0,1
B003NLXSOI,5.0,1
B003NLW2R2,5.0,1
B003NLVSZO,5.0,1
B003NLVP70,5.0,1
B003NKI8MQ,5.0,1
B003NKH9XU,5.0,1
B003NKDMVI,5.0,1
B003NK3YU2,5.0,1
B003NJZP3W,5.0,1
B003NHIJBO,5.0,1
B003NGV7W8,5.0,1
B003NGQ11K,5.0,1
B003NG7EDE,5.0,1
B003NG5HPG,4.0,1
B003NG2TUC,5.0,1
B003NFWPXE,5.0,1
B003NFV0KI,5.0,1
B003NFP38S,5.0,1
B003NFIO9S,5.0,1
B003NFDM5E,4.0,1
B003NF47YY,5.0,1
B003NMVKBU,5.0,1
B003NE7KXA,5.0,1
B003NNRGY4,4.0,1
B003NQHDBC,5.0,1
B003NQ947S,5.0,1
B003NOKP5A,5.0,1
B003NOJMKO,4.0,1
B003NOI3HM,5.0,1
B003NOHOOK,5.0,1
B003NOFY9M,5.0,1
B003NOFFAU,5.0,1
B003NODWH8,4.0,1
B003NODJQW,5.0,1
B003NOD9H6,5.0,1
B003NOC3PK,5.0,1
B003NOBZQ8,5.0,1
B003NOBZH2,5.0,1
B003NOBU4A,5.0,1
B003NOBMG6,5.0,1
B003NOBJIW,5.0,1
B003NOAUZA,5.0,1
B003NO3JEE,5.0,1
B003NNSVLQ,5.0,1
B003NEYB78,5.0,1
B003NQOBKS,5.0,1
B003N9JOMK,5.0,1
B003N94W4U,5.0,1
B003N941I2,5.0,1
B003N93XWC,5.0,1
B003N906YU,5.0,1
B003N8YMBE,5.0,1
B003N8WNBU,5.0,1
B003N8SSBE,5.0,1
B003N8SKIK,5.0,1
B003N8RD3I,5.0,1
B003N8R9H8,4.0,1
B003N8P204,5.0,1
B003N8N60M,4.0,1
B003N7SITW,5.0,1
B003N77UAA,5.0,1
B003N76HX6,4.0,1
B003N75CRS,5.0,1
B003N74ES6,4.0,1
B003N746XO,5.0,1
B003N744IG,4.0,1
B003N73YUK,5.0,1
B003N72YNS,5.0,1
B003N72VRC,5.0,1
B003N9NM9Q,5.0,1
B003NDONKE,5.0,1
B003N9NUBG,4.0,1
B003NDFWJA,4.0,1
B003NDEQYW,4.0,1
B003NDDSC8,5.0,1
B003NDDHZ6,5.0,1
B003NDBXYS,5.0,1
B003ND8A76,5.0,1
B003ND1U14,5.0,1
B003NCSL0I,5.0,1
B003NBZ5NK,4.0,1
B003NBS6MC,5.0,1
B003NB39PQ,5.0,1
B003NB1ZE8,5.0,1
B003NAOTJM,5.0,1
B003NANFGU,5.0,1
B003NAJ7NA,5.0,1
B003NA8GOQ,5.0,1
B003NA6Q52,5.0,1
B003N9ZQ0Y,5.0,1
B003N9YDDU,5.0,1
B003N9SXU4,5.0,1
B003N9RXEG,5.0,1
B003N9R1IO,5.0,1
B003N9PNQG,5.0,1
B003N9NUCU,4.0,1
B003NQMT7A,5.0,1
B003NQQLMY,5.0,1
B003O4IDRG,5.0,1
B003O4AVDK,5.0,1
B003O499ZQ,5.0,1
B003O4999M,5.0,1
B003O496DQ,5.0,1
B003O48ZJM,5.0,1
B003O472BO,5.0,1
B003O46W3I,5.0,1
B003O43TT8,5.0,1
B003O42TRG,5.0,1
B003O3WAVM,5.0,1
B003O3F3TS,5.0,1
B003O331G0,5.0,1
B003O30U3C,5.0,1
B003O2Z1AA,5.0,1
B003O2YQ7E,4.0,1
B003O1RG22,5.0,1
B003O1OQ84,5.0,1
B003O1O1PW,5.0,1
B003O1MIK2,4.0,1
B003O1L0MO,5.0,1
B003O1KKRU,5.0,1
B003NZL4FY,5.0,1
B003NZKXYM,5.0,1
B003NZK93C,4.0,1
B003NZ883U,5.0,1
B003NZ51X0,5.0,1
B003O4ARJS,5.0,1
B003O4AYV4,4.0,1
B003NZ0TJ6,5.0,1
B003O4BIT6,4.0,1
B003O4I2R2,5.0,1
B003O4H89U,5.0,1
B003O4H3KE,4.0,1
B003O4H3FO,4.0,1
B003O4GWD8,5.0,1
B003O4GPQM,5.0,1
B003O4GGMU,5.0,1
B003O4FP86,5.0,1
B003O4F2C0,5.0,1
B003O4F0LS,5.0,1
B003O4EPYQ,5.0,1
B003O4ELTU,4.0,1
B003O4ELLS,5.0,1
B003O4EFHS,5.0,1
B003O4DZ5G,5.0,1
B003O4DQPK,5.0,1
B003O4DFOM,4.0,1
B003O4CL7O,4.0,1
B003O4CE30,5.0,1
B003O4CC1Y,5.0,1
B003O4C0ZW,5.0,1
B003O4BVIY,5.0,1
B003O4BTMM,5.0,1
B003O4BPDK,4.0,1
B003NZ3SLC,5.0,1
B003NYZPFU,4.0,1
B003NUVHGK,5.0,1
B003NUMRUK,4.0,1
B003NUGWJM,5.0,1
B003NUEU0U,5.0,1
B003NU6TXG,5.0,1
B003NU6A8A,5.0,1
B003NU4X7U,4.0,1
B003NU1RQU,5.0,1
B003NTYTO8,5.0,1
B003NTUAXW,4.0,1
B003NTSLYW,5.0,1
B003NTRTMW,5.0,1
B003NTLTN2,5.0,1
B003NTDGYM,5.0,1
B003NT4GK0,5.0,1
B003NSSURQ,5.0,1
B003NS39IQ,5.0,1
B003NS1370,5.0,1
B003NRQRPE,5.0,1
B003NRCX6Q,5.0,1
B003NR0D4K,5.0,1
B003NR08QS,5.0,1
B003NUPVFS,5.0,1
B003NYZDFW,5.0,1
B003NUYY0G,5.0,1
B003NYY6JQ,4.0,1
B003NYV7PW,5.0,1
B003NYMP8K,5.0,1
B003NYD8YU,4.0,1
B003NY95WO,5.0,1
B003NXTPZM,5.0,1
B003NXKXDU,5.0,1
B003NX5LDC,5.0,1
B003NX32OW,5.0,1
B003NWRJTC,5.0,1
B003NWPMUK,5.0,1
B003NWNJ28,4.0,1
B003NWKQEC,5.0,1
B003NWDR4S,5.0,1
B003NW2YW4,5.0,1
B003NVZWVA,5.0,1
B003NVGA4S,4.0,1
B003NVG51Q,5.0,1
B003NVCMEU,5.0,1
B003NV7WLS,4.0,1
B003NV603Y,5.0,1
B003NV57Z6,5.0,1
B003NV3L1S,5.0,1
B003NV0K12,5.0,1
B003NV0JXQ,5.0,1
B003VQYBGO,5.0,1
B0043H7KZO,5.0,1
B0041I5JJO,5.0,1
B0041KKEOM,5.0,1
B0041K21FW,5.0,1
B0041K1XV0,5.0,1
B0041K1UVI,4.0,1
B0041JPXOE,4.0,1
B0041IVV5U,4.0,1
B0041IOSI2,5.0,1
B0041IMS02,5.0,1
B0041IHMKI,5.0,1
B0041ICDN4,4.0,1
B0041IC5Q4,4.0,1
B0041I50RA,5.0,1
B0041I1IGM,4.0,1
B0041HWPFG,5.0,1
B0041HL4T4,4.0,1
B0041HK9BS,5.0,1
B0041HF22O,5.0,1
B0041H4JP0,5.0,1
B0041H1CXM,5.0,1
B0041GNNQC,5.0,1
B0041FS048,5.0,1
B0041FRZ6W,5.0,1
B0041FROOA,5.0,1
B0041LMINQ,5.0,1
B0041LNOY8,5.0,1
B0041MAFTE,5.0,1
B0041M9JUK,5.0,1
B0041M8NKC,5.0,1
B0041M6FMA,5.0,1
B0041M6020,4.0,1
B0041M5SQY,5.0,1
B0041M3MJY,5.0,1
B0041M3MGW,4.0,1
B0041M3IL6,5.0,1
B0041M1Z1Q,5.0,1
B0041M1S7M,5.0,1
B0041M1RP0,5.0,1
B0041M09DG,4.0,1
B0041M059Y,4.0,1
B0041LZD3S,5.0,1
B0041LYOJ2,5.0,1
B0041LYK64,5.0,1
B0041LX240,4.0,1
B0041LW27I,5.0,1
B0041LV2MO,4.0,1
B0041LRUFC,5.0,1
B0041LP2K2,5.0,1
B0041LNPUG,5.0,1
B0041FQQGM,5.0,1
B0041FQOJG,4.0,1
B0041E8WTW,5.0,1
B0041E7MFC,4.0,1
B0041E29HI,5.0,1
B0041CV0IE,5.0,1
B0041CRATM,5.0,1
B0041CPEBI,5.0,1
B0041CLYBW,5.0,1
B0041BWC2I,4.0,1
B0041BKM0C,5.0,1
B0041B2PM0,5.0,1
B0041B0YH8,5.0,1
B0041A2WM4,4.0,1
B00419R7MA,5.0,1
B00419OY5S,5.0,1
B00418QKGA,4.0,1
B00418OQ66,5.0,1
B00418HFMS,5.0,1
B00418FD5Y,5.0,1
B00417ZYOA,5.0,1
B00417RHC2,5.0,1
B0041EAVY6,5.0,1
B0041ECNX8,5.0,1
B0041FQBH6,4.0,1
B0041EEDRC,5.0,1
B0041FQAHM,5.0,1
B0041FPUZU,5.0,1
B0041FPR12,4.0,1
B0041FPQTK,5.0,1
B0041FOPF6,4.0,1
B0041FO4X4,5.0,1
B0041FO0YC,5.0,1
B0041FMQ1G,5.0,1
B0041FMHKG,4.0,1
B0041FLPKO,4.0,1
B0041FL31U,5.0,1
B0041FKNAM,5.0,1
B0041FKCIA,5.0,1
B0041FK5EQ,5.0,1
B0041FK23K,4.0,1
B0041FJXP8,5.0,1
B0041FAFF0,4.0,1
B0041F8LR4,5.0,1
B0041F41M8,5.0,1
B0041ERYDM,5.0,1
B0041EJM96,5.0,1
B0041EIRH4,5.0,1
B0041EHXWE,5.0,1
B0041EEDWM,4.0,1
B0041MDFAK,5.0,1
B0041MILEA,5.0,1
B0041MJ2NO,5.0,1
B0041Q4SA2,5.0,1
B0041Q19D6,4.0,1
B0041Q0VB2,5.0,1
B0041Q0TFU,5.0,1
B0041PZUFK,5.0,1
B0041PZNUW,4.0,1
B0041PZ6UE,5.0,1
B0041PYROK,5.0,1
B0041PY6QE,5.0,1
B0041PX354,5.0,1
B0041PW990,5.0,1
B0041PVFR2,5.0,1
B0041PTYTI,5.0,1
B0041PTQIW,5.0,1
B0041PT13C,5.0,1
B0041PT0BU,5.0,1
B0041PR4JU,5.0,1
B0041PQNE2,5.0,1
B0041PQKC2,5.0,1
B0041Q1GM0,5.0,1
B0041PQ4G4,5.0,1
B0041Q53WO,5.0,1
B0041RKT36,4.0,1
B0041RHEDY,5.0,1
B0041R3H12,5.0,1
B0041R1EG2,5.0,1
B0041QZDC4,5.0,1
B0041QSR1I,4.0,1
B0041QSF1A,5.0,1
B0041QQHOW,5.0,1
B0041QPQTE,4.0,1
B0041QP2H0,5.0,1
B0041QOSRU,5.0,1
B0041QO9D8,4.0,1
B0041QNG3W,4.0,1
B0041QM5X4,5.0,1
B0041QM2FA,4.0,1
B0041QLI82,5.0,1
B0041QL3HI,5.0,1
B0041QKV6W,5.0,1
B0041QJLUO,5.0,1
B0041QGHZQ,4.0,1
B0041QCTZ8,5.0,1
B0041QB6QG,5.0,1
B0041QATXM,5.0,1
B0041Q9UH8,5.0,1
B0041Q7278,4.0,1
B0041Q5TFK,5.0,1
B0041PQFY0,4.0,1
B0041PPUGY,5.0,1
B0041MJ4YG,5.0,1
B0041PEIX0,5.0,1
B0041PDVCY,5.0,1
B0041PDE76,5.0,1
B0041PC0BM,4.0,1
B0041PBYQE,4.0,1
B0041PBS10,5.0,1
B0041PBKA4,5.0,1
B0041PAPEQ,5.0,1
B0041PAP0U,5.0,1
B0041PA60O,5.0,1
B0041P6W7U,5.0,1
B0041OU8PI,4.0,1
B0041OU5P6,5.0,1
B0041ORHUM,4.0,1
B0041OO71E,5.0,1
B0041OKYZM,5.0,1
B0041OF7QS,5.0,1
B0041NYS64,4.0,1
B0041NV60K,5.0,1
B0041NQAHO,5.0,1
B0041NP4MQ,5.0,1
B0041NJOF4,5.0,1
B0041NC442,5.0,1
B0041N7EVU,5.0,1
B0041N185S,5.0,1
B0041ML32W,5.0,1
B0041PEDQ2,5.0,1
B0041PPHTE,5.0,1
B0041PFJD8,5.0,1
B0041PP51Y,5.0,1
B0041POX3K,5.0,1
B0041POO0W,5.0,1
B0041PON08,5.0,1
B0041POJZM,5.0,1
B0041POIT4,5.0,1
B0041PO1VY,4.0,1
B0041PNH6E,5.0,1
B0041PN1PG,5.0,1
B0041PMWYM,5.0,1
B0041PMKC6,5.0,1
B0041PLWH0,5.0,1
B0041PKYFG,5.0,1
B0041PKWLM,5.0,1
B0041PKTTC,4.0,1
B0041PK7IU,5.0,1
B0041PK3PW,5.0,1
B0041PJD9O,5.0,1
B0041PJCLS,5.0,1
B0041PI5WK,5.0,1
B0041PHTH2,5.0,1
B0041PGUPY,5.0,1
B0041PG3VU,5.0,1
B0041PFZQY,5.0,1
B0041PFM2Q,4.0,1
B00417NXBG,5.0,1
B004175986,5.0,1
B0041RQCXC,5.0,1
B0040PB1FY,5.0,1
B0040QLGOO,5.0,1
B0040QHB7K,5.0,1
B0040QBTPA,5.0,1
B0040PYH4G,4.0,1
B0040PS1MK,5.0,1
B0040PQVN6,5.0,1
B0040PESNG,5.0,1
B0040PEKRA,5.0,1
B0040PDM88,5.0,1
B0040PCR2A,5.0,1
B0040PBT5Q,5.0,1
B00416VAAI,4.0,1
B0040P8W5G,5.0,1
B0040P8N8W,4.0,1
B0040P7OAK,5.0,1
B0040P75OU,5.0,1
B0040P75FE,5.0,1
B0040P70G8,5.0,1
B0040OXS5Q,5.0,1
B0040NIZ7I,5.0,1
B0040NIBFY,5.0,1
B0040NBJQC,4.0,1
B0040NAJAY,5.0,1
B0040QRYCW,4.0,1
B0040QWD46,5.0,1
B0040QYCTA,5.0,1
B0040UTQZ6,5.0,1
B0040UT9RQ,5.0,1
B0040URTFU,5.0,1
B0040UQHT4,5.0,1
B0040UONW2,4.0,1
B0040UD90Y,5.0,1
B0040U1AWI,5.0,1
B0040TWGO0,5.0,1
B0040TUIA4,4.0,1
B0040TP3PY,5.0,1
B0040TKG6A,5.0,1
B0040TH2CQ,4.0,1
B0040T5SXQ,5.0,1
B0040T4CHO,5.0,1
B0040T1UZ6,5.0,1
B0040SZM42,5.0,1
B0040SQB9C,5.0,1
B0040SPPKI,5.0,1
B0040RC85Y,4.0,1
B0040RAWPM,5.0,1
B0040R6ACQ,4.0,1
B0040R591E,5.0,1
B0040R1S96,4.0,1
B0040N7D9O,5.0,1
B0040MYIAM,5.0,1
B0040MMVAG,5.0,1
B0040EEMII,5.0,1
B0040EEKUI,5.0,1
B0040EDJEG,5.0,1
B0040ECT9M,5.0,1
B0040E981E,5.0,1
B0040E9652,5.0,1
B0040E8O8C,5.0,1
B0040E4FC6,4.0,1
B0040E3ZRC,5.0,1
B0040E29HY,5.0,1
B0040DSVCM,5.0,1
B0040DRKV0,5.0,1
B0040DR42A,4.0,1
B0040DQ6CE,5.0,1
B0040CR5CA,5.0,1
B0040CPGVW,5.0,1
B0040CPE32,5.0,1
B0040CN8YY,4.0,1
B0040BVB5I,5.0,1
B0040BLYLY,4.0,1
B0040BJKGK,5.0,1
B0040BIIHM,5.0,1
B0040BHGV6,4.0,1
B0040B31CO,4.0,1
B0040AZL5U,5.0,1
B0040AZKGK,5.0,1
B0040EELJI,5.0,1
B0040EFZBQ,5.0,1
B0040MIFMO,5.0,1
B0040EKUHK,5.0,1
B0040MBZA8,5.0,1
B0040LEVZA,5.0,1
B0040L0WI0,5.0,1
B0040K65C8,5.0,1
B0040K0ESO,4.0,1
B0040J7TIS,5.0,1
B0040J3QIK,5.0,1
B0040J20OQ,5.0,1
B0040J0CFK,5.0,1
B0040I6JRQ,5.0,1
B0040HP0UY,5.0,1
B0040HMMIM,4.0,1
B0040HKMOI,5.0,1
B0040HJHBM,5.0,1
B0040HIMHC,5.0,1
B0040HDWDG,5.0,1
B0040H9F78,5.0,1
B0040GW1RU,5.0,1
B0040G5K3W,5.0,1
B0040G4PQK,4.0,1
B0040FCJYQ,4.0,1
B0040FBMIU,4.0,1
B0040F41OM,5.0,1
B0040F40LG,5.0,1
B0040F0ZOM,5.0,1
B0040EL5KG,5.0,1
B0040UV0YG,5.0,1
B0040UVR8K,5.0,1
B004153JY4,4.0,1
B004153HEQ,5.0,1
B0041520VM,5.0,1
B00414Q2S0,5.0,1
B00414HHJS,5.0,1
B00414H0E0,5.0,1
B00414GWBM,5.0,1
B00414GSYI,5.0,1
B0041469BU,5.0,1
B004144G56,5.0,1
B00413W75S,5.0,1
B00413UTDU,5.0,1
B00413T8MI,5.0,1
B00413T8DC,5.0,1
B00413MGEA,5.0,1
B00413IC8Y,5.0,1
B00412RKL0,5.0,1
B00412KG2U,5.0,1
B00412JM70,5.0,1
B00412J176,5.0,1
B00412I3N4,5.0,1
B00412FCTW,5.0,1
B00412F5EY,4.0,1
B004153S7M,5.0,1
B004157CJW,5.0,1
B004126VLK,5.0,1
B00416TFUU,5.0,1
B00416HM5K,5.0,1
B004162YOY,4.0,1
B004160UX6,5.0,1
B00415X4A8,5.0,1
B00415WUGM,5.0,1
B00415W0WQ,4.0,1
B00415VZRW,4.0,1
B00415VA5E,5.0,1
B00415SR6O,5.0,1
B00415QJHI,5.0,1
B00415OV5K,4.0,1
B00415IWQE,5.0,1
B00415HVSY,5.0,1
B00415GDVA,5.0,1
B00415FRXA,5.0,1
B00415FEWY,5.0,1
B00415EN6M,5.0,1
B00415EM04,5.0,1
B00415BEO6,5.0,1
B004122SQC,4.0,1
B0040V09TC,5.0,1
B0040Z1PQO,5.0,1
B0040YW0E6,5.0,1
B0040Y7F0K,4.0,1
B0040XMCOK,5.0,1
B0040XHL64,5.0,1
B0040XH7V8,5.0,1
B0040XH2WW,5.0,1
B0040WZQ1C,5.0,1
B0040WFJYG,4.0,1
B0040W0VGW,5.0,1
B0040VYEAC,4.0,1
B0040VUSGQ,5.0,1
B0040VQUEA,5.0,1
B0040VMHZG,4.0,1
B0040VLGTE,4.0,1
B0040VIRVY,5.0,1
B0040VIRGO,5.0,1
B0040VHVQQ,5.0,1
B0040VG92S,5.0,1
B0040VCP8U,5.0,1
B0040VCIBO,4.0,1
B0040V793Q,5.0,1
B0040V1DHE,5.0,1
B0040Z1686,5.0,1
B004121ENK,5.0,1
B0040Z5MCC,4.0,1
B00411XC2M,5.0,1
B00411R3LS,5.0,1
B00411NZX8,5.0,1
B00411L61Q,4.0,1
B00411L3AK,5.0,1
B00411ISE4,5.0,1
B00411HZIE,5.0,1
B0041164Y0,5.0,1
B004115TAK,5.0,1
B004113074,5.0,1
B00410WJC2,4.0,1
B004107VP2,5.0,1
B004103DDG,4.0,1
B004102XBE,5.0,1
B0041010SQ,5.0,1
B0040ZOT08,5.0,1
B0040ZNWHO,5.0,1
B0040ZNW8S,5.0,1
B0040ZMSLK,5.0,1
B0040ZK8L2,4.0,1
B0040ZFVPA,5.0,1
B0040ZF4S4,5.0,1
B0040ZF4E8,5.0,1
B0040Z6HSA,5.0,1
B0041ROJ3C,5.0,1
B0041RXE9M,5.0,1
B003VR823G,5.0,1
B0042SLNZ2,5.0,1
B0042SNQQQ,5.0,1
B0042SNQIO,5.0,1
B0042SNKGC,5.0,1
B0042SLVSQ,5.0,1
B0042SLUEQ,5.0,1
B0042SLS52,5.0,1
B0042SLRXK,5.0,1
B0042SLRFS,5.0,1
B0042SLPZA,5.0,1
B0042SLKVO,5.0,1
B0042L54E0,5.0,1
B0042SLKQE,5.0,1
B0042SJT0I,5.0,1
B0042SJRJQ,5.0,1
B0042SJQ7E,5.0,1
B0042SJPSY,4.0,1
B0042SJP8O,5.0,1
B0042SJLYM,5.0,1
B0042SJJY4,5.0,1
B0042SJJU8,5.0,1
B0042SJJ8U,5.0,1
B0042SJI86,5.0,1
B0042SJGHO,5.0,1
B0042THTT0,5.0,1
B0042TS72S,5.0,1
B0042ZB986,5.0,1
B0042Z8KPQ,5.0,1
B0042Z78SQ,5.0,1
B0042Z1VVG,5.0,1
B0042Z18QO,5.0,1
B0042YVWFM,4.0,1
B0042YM03A,5.0,1
B0042YK94M,5.0,1
B0042YFW6M,5.0,1
B0042Y1MLG,5.0,1
B0042WOPAI,5.0,1
B0042W3ZAO,5.0,1
B0042W27QM,5.0,1
B0042W049E,4.0,1
B0042VX9H4,5.0,1
B0042VSECY,5.0,1
B0042VAVUC,5.0,1
B0042UP7WK,4.0,1
B0042U8LA0,5.0,1
B0042U8GC8,5.0,1
B0042U7FSE,5.0,1
B0042U5HWK,5.0,1
B0042U3U38,5.0,1
B0042TYYB6,4.0,1
B0042SJFH0,5.0,1
B0042SJF5M,5.0,1
B0042SI64S,5.0,1
B0042QYO7S,4.0,1
B0042QNSJS,5.0,1
B0042QLDOA,5.0,1
B0042QFA62,4.0,1
B0042QDAL4,4.0,1
B0042PVX00,5.0,1
B0042PG86O,5.0,1
B0042PAFN6,5.0,1
B0042PACVG,5.0,1
B0042P8BLO,5.0,1
B0042P89IE,5.0,1
B0042P4QBS,5.0,1
B0042OTBJ6,5.0,1
B0042NBDAW,4.0,1
B0042M5Y30,5.0,1
B0042M2OVU,5.0,1
B0042M2AR8,4.0,1
B0042LO2SE,5.0,1
B0042LF9JK,5.0,1
B0042LEOWS,5.0,1
B0042QWMFO,5.0,1
B0042SI5DK,5.0,1
B0042R4R1U,5.0,1
B0042SI4Z4,5.0,1
B0042SI3B4,5.0,1
B0042SI39G,5.0,1
B0042SHYO6,5.0,1
B0042SFXD0,4.0,1
B0042SEXCW,5.0,1
B0042SEWP0,5.0,1
B0042SEVUG,5.0,1
B0042SEUJI,5.0,1
B0042SES5E,5.0,1
B0042RQ6VO,5.0,1
B0042RMO7O,5.0,1
B0042RKP5C,5.0,1
B0042RJQES,5.0,1
B0042RJHOM,4.0,1
B0042RJ1ZW,5.0,1
B0042RHKAK,5.0,1
B0042REI46,5.0,1
B0042ZE91A,4.0,1
B0043004K4,5.0,1
B0043BOI0A,5.0,1
B0043BH88Y,5.0,1
B0043BF52U,5.0,1
B0043BDOBY,5.0,1
B0043BBQ1Y,5.0,1
B0043B9G4S,5.0,1
B0043B24OM,5.0,1
B0043B034K,5.0,1
B0043AW5TC,4.0,1
B0043ASVK4,5.0,1
B0043AP724,5.0,1
B0043A3LN6,5.0,1
B00439Q7GU,5.0,1
B00439OPLY,5.0,1
B00439M3X6,5.0,1
B00438W2JW,5.0,1
B00438J09C,5.0,1
B004387IMI,4.0,1
B004386112,4.0,1
B004382BMA,5.0,1
B00436Z2UU,5.0,1
B00436U8H2,5.0,1
B0043BNSAQ,5.0,1
B0043BQUZ6,5.0,1
B004364L1G,5.0,1
B0043BUOPS,5.0,1
B0043GUH9G,5.0,1
B0043GTTYA,5.0,1
B0043GP8QS,5.0,1
B0043GF98U,5.0,1
B0043GBPZQ,5.0,1
B0043GAQME,5.0,1
B0043GAJCQ,5.0,1
B0043FWUGA,4.0,1
B0043FGBLU,5.0,1
B0043DTZHY,5.0,1
B0043DTZHO,5.0,1
B0043DS4QW,4.0,1
B0043DS4GM,5.0,1
B0043DS2NC,5.0,1
B0043DQ8QK,5.0,1
B0043DQ7SY,5.0,1
B0043C7ELO,5.0,1
B0043C7EHS,5.0,1
B0043C5L9G,5.0,1
B0043C3XZK,5.0,1
B0043BVCE0,5.0,1
B00435Z2VK,5.0,1
B004307E34,5.0,1
B00433L6IA,4.0,1
B00433JX0S,5.0,1
B00433JW7M,4.0,1
B00433FNJ8,5.0,1
B00433CLFC,5.0,1
B00433CDSC,5.0,1
B00433CDQY,5.0,1
B00433CD3M,5.0,1
B00433BP68,5.0,1
B00433BOKK,5.0,1
B00433AOWE,5.0,1
B004339EAM,4.0,1
B004335TU6,5.0,1
B004335PNM,4.0,1
B004331KZO,5.0,1
B00431XS9C,5.0,1
B00431NSK6,5.0,1
B00431MB5Y,5.0,1
B00431K9KS,5.0,1
B00430MB5A,5.0,1
B00430AM6A,5.0,1
B00435UYLI,5.0,1
B00435OOMI,5.0,1
B00435JPHC,5.0,1
B00435H92A,5.0,1
B00435FPF8,5.0,1
B004350904,5.0,1
B00434RMLE,5.0,1
B00434CO44,4.0,1
B004349XRU,5.0,1
B00433WZC6,4.0,1
B00433WUTY,5.0,1
B00433WTUE,5.0,1
B00433VFV8,4.0,1
B00433VCLQ,5.0,1
B00433VC1Q,5.0,1
B00433VC1G,5.0,1
B00433UTD8,4.0,1
B00433RODG,5.0,1
B00433RN4G,4.0,1
B00433QUMW,5.0,1
B00433PC08,5.0,1
B00433PAAU,5.0,1
B00433ND8Q,5.0,1
B0042L7R4A,5.0,1
B00420SXEY,5.0,1
B00420RXNQ,5.0,1
B00420KBBW,5.0,1
B00420EHVC,5.0,1
B0041Y4TE4,5.0,1
B0041Y4P8Y,5.0,1
B0041XRNES,5.0,1
B0041XO4OA,5.0,1
B0041XLYTS,5.0,1
B0041XLX9Y,5.0,1
B0041XJQ9S,5.0,1
B0042KYU8W,5.0,1
B0041XIDN8,5.0,1
B0041WY96O,5.0,1
B0041WXM2G,5.0,1
B0041WOSWY,5.0,1
B0041WO1XK,5.0,1
B0041WMNGC,5.0,1
B0041WDYNI,5.0,1
B0041W1YGW,5.0,1
B0041VSFR4,5.0,1
B0041VLZS0,5.0,1
B0041VLLZ2,5.0,1
B0041VLBT8,5.0,1
B00420U9D2,5.0,1
B00420UDV0,5.0,1
B00420XXEE,5.0,1
B004252FRA,4.0,1
B004252F8Y,5.0,1
B00424Z820,5.0,1
B00424SU70,4.0,1
B00424JWHC,5.0,1
B00424JAEM,5.0,1
B00424I1TC,5.0,1
B00424H0HG,5.0,1
B00424C52Q,5.0,1
B00424ASD4,5.0,1
B00423LJY2,5.0,1
B00423LJ7Y,5.0,1
B00423I7UQ,5.0,1
B004234FMK,4.0,1
B004232ZC2,5.0,1
B004232RQQ,4.0,1
B00422VE9I,5.0,1
B00422SFKY,4.0,1
B00422DOZA,5.0,1
B00422BRUO,5.0,1
B0042221LI,5.0,1
B004220IRW,5.0,1
B00421MUXS,5.0,1
B0041VL972,5.0,1
B0041VJ0F0,5.0,1
B0041TE79G,4.0,1
B0041TCZC2,5.0,1
B0041TCVSA,5.0,1
B0041TCD9C,5.0,1
B0041TBR4O,5.0,1
B0041TBQOU,4.0,1
B0041TBGL8,5.0,1
B0041TA2LI,5.0,1
B0041TA268,4.0,1
B0041T9XFE,4.0,1
B0041T9URU,4.0,1
B0041T9NNG,5.0,1
B0041T9EQ2,5.0,1
B0041T9CG4,5.0,1
B0041T9B3I,5.0,1
B0041T7PFY,4.0,1
B0041T7KQ8,5.0,1
B0041T7IVK,5.0,1
B0041T7CP2,5.0,1
B0041T7BAS,5.0,1
B0041T7B4Y,5.0,1
B0041T666I,4.0,1
B0041TDI2I,4.0,1
B0041TE7BO,4.0,1
B0041V69LI,5.0,1
B0041TEVG0,5.0,1
B0041V3XO4,5.0,1
B0041V1DBY,5.0,1
B0041V0E8C,5.0,1
B0041UJ64G,5.0,1
B0041UIDEU,5.0,1
B0041UH0IU,5.0,1
B0041UEKPG,5.0,1
B0041U7JI6,5.0,1
B0041U1RVG,5.0,1
B0041TZGT6,4.0,1
B0041TXSSC,5.0,1
B0041TRB30,4.0,1
B0041TOCQY,5.0,1
B0041TK5TW,5.0,1
B0041THQY4,5.0,1
B0041THPS6,4.0,1
B0041THP5Y,5.0,1
B0041TFXLC,4.0,1
B0041TFVDC,4.0,1
B0041TFV6O,4.0,1
B0041TFV2I,5.0,1
B0041TFG3C,5.0,1
B0041TF1QO,5.0,1
B0041TEXL8,5.0,1
B004252OKS,5.0,1
B004252OR6,5.0,1
B004254DCK,5.0,1
B0042EZ8EI,5.0,1
B0042DQ3QG,5.0,1
B0042DPZTC,5.0,1
B0042DMCNY,4.0,1
B0042DJT5S,4.0,1
B0042DJL1K,5.0,1
B0042DHKF4,4.0,1
B0042DF89E,5.0,1
B0042DDXXC,5.0,1
B0042D6I4I,4.0,1
B0042CEL48,5.0,1
B0042C4W7E,5.0,1
B0042BZCME,5.0,1
B0042BYP4U,5.0,1
B0042BUBPM,5.0,1
B0042BEQTY,5.0,1
B0042B7LOQ,5.0,1
B0042B6R3M,5.0,1
B0042B6R1O,4.0,1
B0042AXVLY,5.0,1
B0042G9D3S,5.0,1
B0042KSLTQ,5.0,1
B0042KKHHA,5.0,1
B0042KKHE8,5.0,1
B0042KINGC,5.0,1
B0042J8BGU,4.0,1
B0042ILYBU,5.0,1
B0042IL6QI,4.0,1
B0042I3044,5.0,1
B0042I295K,5.0,1
B0042HZDJK,5.0,1
B0042HJEFY,5.0,1
B0042H487S,5.0,1
B0042GVEJE,4.0,1
B0042GV0H0,5.0,1
B0042GUC5Q,5.0,1
B0042GTFK4,5.0,1
B0042GRH5E,5.0,1
B0042GPJEK,5.0,1
B0042GJYIM,5.0,1
B0042GEK2M,5.0,1
B0042AXWAO,5.0,1
B0042AWCBE,5.0,1
B004254NXE,5.0,1
B00428BDCK,5.0,1
B00428BABO,5.0,1
B004287M1Q,5.0,1
B004285N9E,5.0,1
B004284L7E,5.0,1
B004283EK4,5.0,1
B004281MN0,5.0,1
B004280N3U,5.0,1
B004280H40,4.0,1
B00427OTOA,5.0,1
B00427OMQU,5.0,1
B00427JB66,5.0,1
B00426UR24,5.0,1
B00426LAXE,5.0,1
B00426AEDQ,5.0,1
B00425Y5S2,5.0,1
B00425SKS8,4.0,1
B00425JIJ8,5.0,1
B00425ECYY,4.0,1
B004259VI6,4.0,1
B004259UFK,4.0,1
B004257R2I,5.0,1
B00428I5BM,4.0,1
B0042AUC34,5.0,1
B0042ARJVW,5.0,1
B0042AQIX2,5.0,1
B0042AQ1B6,4.0,1
B0042APJA0,4.0,1
B0042APES2,4.0,1
B0042AK5XG,5.0,1
B0042AJ938,5.0,1
B0042ADFSI,5.0,1
B0042A3OR0,5.0,1
B0042A116G,5.0,1
B0042A0SYM,5.0,1
B00429ZPJG,5.0,1
B00429USQG,4.0,1
B00429OKA6,5.0,1
B00429MXWS,5.0,1
B00429MAGW,4.0,1
B00429J64Q,5.0,1
B00429J5ZG,5.0,1
B00429J5F6,4.0,1
B00429G4UA,4.0,1
B004298VV0,5.0,1
B0042985ZW,5.0,1
B00428ZVKA,5.0,1
B00428W0H2,5.0,1
B0040ATZM0,5.0,1
B0040ASON6,4.0,1
B0040A988Q,4.0,1
B003XMSPFE,4.0,1
B003XO27OM,5.0,1
B003XO17IE,4.0,1
B003XO0UAA,5.0,1
B003XNQ34I,5.0,1
B003XNC8FG,4.0,1
B003XNC73O,5.0,1
B003XN62Y4,5.0,1
B003XN0YEI,5.0,1
B003XMV2CW,5.0,1
B003XMSPNQ,5.0,1
B003XMSPE0,4.0,1
B003XEHJOU,4.0,1
B003XMSO6Y,5.0,1
B003XMS89W,5.0,1
B003XMR4JC,4.0,1
B003XMR4FG,4.0,1
B003XMR1WW,5.0,1
B003XMPIWW,4.0,1
B003XMNKLI,5.0,1
B003XMNI6K,5.0,1
B003XMFJXU,5.0,1
B003XMDZJK,5.0,1
B003XO3728,5.0,1
B003XO3CQE,5.0,1
B003XROTKY,5.0,1
B003XRLK06,5.0,1
B003XRI8TW,5.0,1
B003XR9N5A,4.0,1
B003XR987S,5.0,1
B003XQTR3Y,4.0,1
B003XQRNGC,5.0,1
B003XQQZR0,5.0,1
B003XQQZNO,5.0,1
B003XQQZ5W,4.0,1
B003XQPQKM,5.0,1
B003XQP7D8,5.0,1
B003XQP6ZW,5.0,1
B003XQP6C0,5.0,1
B003XQN6RC,5.0,1
B003XQD18G,4.0,1
B003XQB5D4,5.0,1
B003XQ6MFA,5.0,1
B003XPHDTU,5.0,1
B003XPHDQI,5.0,1
B003XPHDPE,5.0,1
B003XPECGC,5.0,1
B003XP31GY,5.0,1
B003XP21RO,5.0,1
B003XOT7KO,5.0,1
B003XOT5HY,5.0,1
B003XLY0F4,5.0,1
B003XI7SW4,5.0,1
B003XHR7OE,4.0,1
B003XHBYV6,5.0,1
B003XHAKBQ,5.0,1
B003XH2XQG,5.0,1
B003XGLBIS,5.0,1
B003XGJC52,5.0,1
B003XGFUSK,5.0,1
B003XGFMCO,4.0,1
B003XG8GEA,5.0,1
B003XG4ZOA,5.0,1
B003XG2RYK,5.0,1
B003XG1Q88,5.0,1
B003XFWWFA,5.0,1
B003XFUJCI,5.0,1
B003XFT0IW,5.0,1
B003XFO2NA,4.0,1
B003XFGRFQ,5.0,1
B003XFA63K,5.0,1
B003XF0H5W,4.0,1
B003XF03MO,5.0,1
B003XEXHTQ,5.0,1
B003XEURYO,5.0,1
B003XETY5M,5.0,1
B003XEPPSW,5.0,1
B003XLGEDK,5.0,1
B003XIL1KO,5.0,1
B003XL6QOW,5.0,1
B003XL6E1M,5.0,1
B003XL4T5A,5.0,1
B003XL4DFG,5.0,1
B003XL3O9M,5.0,1
B003XL2ZR4,5.0,1
B003XKXX8A,5.0,1
B003XKVSMS,5.0,1
B003XKVS28,5.0,1
B003XKI71I,5.0,1
B003XKGPQM,5.0,1
B003XKEMMG,5.0,1
B003XKDXXK,5.0,1
B003XKCRVY,5.0,1
B003XKBNVO,5.0,1
B003XK7P3Y,5.0,1
B003XJM95E,5.0,1
B003XJKFB4,5.0,1
B003XJDE6W,5.0,1
B003XRQHVI,5.0,1
B003XRR8BQ,5.0,1
B003Y8G6PI,5.0,1
B003Y83L6U,5.0,1
B003Y7XNSC,5.0,1
B003Y7U5LU,5.0,1
B003Y7THBE,4.0,1
B003Y7TA8O,5.0,1
B003Y7QH7G,4.0,1
B003Y7P22C,5.0,1
B003Y7NVTS,5.0,1
B003Y7MWGQ,5.0,1
B003Y77P9K,5.0,1
B003Y774CS,5.0,1
B003Y6HTWY,5.0,1
B003Y6FHI2,5.0,1
B003Y6F0CK,4.0,1
B003Y6D9QY,5.0,1
B003Y6CCVC,5.0,1
B003Y6C3CU,5.0,1
B003Y69ZRQ,5.0,1
B003Y5ZJI6,5.0,1
B003Y5YF68,5.0,1
B003Y5WOIE,5.0,1
B003Y5UOYU,4.0,1
B003Y8MT4A,5.0,1
B003Y5KLAC,5.0,1
B003Y9TYFQ,5.0,1
B003YCUM68,4.0,1
B003YCU5F6,5.0,1
B003YCSF6M,5.0,1
B003YCQOPQ,5.0,1
B003YCNBOI,5.0,1
B003YCKRWC,5.0,1
B003YCIGPC,5.0,1
B003YCIGJ8,5.0,1
B003YCH24S,5.0,1
B003YCGD3E,5.0,1
B003YCCGA8,4.0,1
B003YCAD6W,5.0,1
B003YC8Y2W,5.0,1
B003YC42VY,5.0,1
B003YBRIOS,5.0,1
B003YBOK6C,5.0,1
B003YBH27Q,5.0,1
B003YBH262,5.0,1
B003YBGX2G,5.0,1
B003YBGIPI,4.0,1
B003YBG9YS,5.0,1
B003YBE2CE,5.0,1
B003YB1XQW,5.0,1
B003Y5LHU0,5.0,1
B003Y5FWV0,5.0,1
B003XRSJ0U,5.0,1
B003XX927I,5.0,1
B003XX023G,5.0,1
B003XX01U0,4.0,1
B003XWYFG2,5.0,1
B003XWT6OS,5.0,1
B003XWJNZA,5.0,1
B003XWH7V2,5.0,1
B003XWC9ZG,5.0,1
B003XWBULA,5.0,1
B003XWB0YM,4.0,1
B003XVTFY0,5.0,1
B003XUXQVY,4.0,1
B003XUQHQA,5.0,1
B003XUN7ZE,5.0,1
B003XUMPN4,5.0,1
B003XU8YX4,5.0,1
B003XU8DY4,5.0,1
B003XU4QPE,5.0,1
B003XU1CAG,4.0,1
B003XSC4QO,5.0,1
B003XS7DT2,5.0,1
B003XS5Z6U,4.0,1
B003XS3NEQ,5.0,1
B003XS3FG2,4.0,1
B003XS0RKO,4.0,1
B003XX9002,4.0,1
B003Y5DERY,5.0,1
B003XXERAA,5.0,1
B003Y5DD70,5.0,1
B003Y55QM0,5.0,1
B003Y541S0,5.0,1
B003Y53LBI,5.0,1
B003Y3ZY4M,5.0,1
B003Y38084,5.0,1
B003Y33QQA,5.0,1
B003Y2NKXU,5.0,1
B003Y2CVCQ,5.0,1
B003Y14CGU,5.0,1
B003Y114KC,5.0,1
B003Y0UV9I,5.0,1
B003Y0MSTO,4.0,1
B003Y0BR2S,5.0,1
B003XZTIK2,5.0,1
B003XZQ7BK,5.0,1
B003XZOM7Q,5.0,1
B003XZOLZO,5.0,1
B003XYLCRK,4.0,1
B003XYDT58,4.0,1
B003XXOYTY,5.0,1
B003XXKIZI,4.0,1
B003XXI8A0,4.0,1
B003XXHED2,5.0,1
B003XXEZRK,5.0,1
B003XEKSQ6,5.0,1
B00409VISK,5.0,1
B003WCZ0TO,4.0,1
B003WH7AJM,5.0,1
B003WGU6W6,5.0,1
B003WGRSZO,5.0,1
B003WGRF7A,5.0,1
B003WGNJ3E,5.0,1
B003WGMD8G,5.0,1
B003WGM17O,5.0,1
B003WGM002,5.0,1
B003WGIDM6,5.0,1
B003WGAHSY,5.0,1
B003XDOOZ8,5.0,1
B003WC3RLW,5.0,1
B003WBYX7K,5.0,1
B003WAO7LI,5.0,1
B003W93QMA,5.0,1
B003W93P8U,5.0,1
B003W92TPK,5.0,1
B003W8XX9M,5.0,1
B003W8XRGG,4.0,1
B003W893OG,5.0,1
B003W6K9OQ,5.0,1
B003W64KT6,5.0,1
B003W6245I,5.0,1
B003WH9ZKE,5.0,1
B003WHBLU6,4.0,1
B003WI9404,4.0,1
B003WOD5IA,5.0,1
B003WMIOZQ,5.0,1
B003WM6U7K,5.0,1
B003WM6PTS,4.0,1
B003WM19RG,5.0,1
B003WLZSBK,4.0,1
B003WLXK3S,5.0,1
B003WLWWPK,5.0,1
B003WLWG6U,5.0,1
B003WLBVHA,5.0,1
B003WL4CDK,5.0,1
B003WL4636,5.0,1
B003WKZIZ2,5.0,1
B003WKWIM8,5.0,1
B003WKSEZS,5.0,1
B003WKSEUS,4.0,1
B003WJ7V5I,4.0,1
B003WIDBKS,5.0,1
B003W5W9N6,5.0,1
B003W45UOM,5.0,1
B003VW817S,5.0,1
B003VV5AIW,5.0,1
B003VV28WI,5.0,1
B003VUW6O4,5.0,1
B003VUVZ6O,4.0,1
B003VUTZLQ,5.0,1
B003VUP1R8,5.0,1
B003VU2OQY,5.0,1
B003VTVRVS,5.0,1
B003VTRNWU,5.0,1
B003VTPENK,4.0,1
B003VTGS80,4.0,1
B003VSV84K,5.0,1
B003VSRJOI,5.0,1
B003VSFRBA,5.0,1
B003VSFDYG,5.0,1
B003VS0Y1I,4.0,1
B003VRXI9O,4.0,1
B003VRTK6O,5.0,1
B003VRACYI,5.0,1
B003VR8EYS,5.0,1
B003VW1NOG,5.0,1
B003W3WD52,5.0,1
B003W3UE5I,5.0,1
B003W3P4HG,4.0,1
B003W36XMQ,5.0,1
B003W2SDH0,5.0,1
B003W1COFS,5.0,1
B003W0OJNO,4.0,1
B003W05U1O,5.0,1
B003W000JG,5.0,1
B003VZX86O,5.0,1
B003VZLX8O,5.0,1
B003VZ5FQ0,5.0,1
B003VXTDD8,5.0,1
B003VXO4BY,5.0,1
B003VXMFDS,5.0,1
B003VXIY4C,5.0,1
B003VXBSA4,5.0,1
B003VX01ES,5.0,1
B003VWUCMK,5.0,1
B003VWSZCE,5.0,1
B003VWNJ7U,5.0,1
B003VWADC4,5.0,1
B003WP1M20,5.0,1
B003WP1QNA,5.0,1
B003X8BOPG,5.0,1
B003X7DXDS,5.0,1
B003X67QFA,5.0,1
B003X5UH6G,5.0,1
B003X5SNX0,5.0,1
B003X52QRY,5.0,1
B003X4OF4C,5.0,1
B003X4JRCW,4.0,1
B003X4HOKO,5.0,1
B003X4G6EO,5.0,1
B003X4G5ZO,5.0,1
B003X4G5QS,5.0,1
B003X4G3OW,5.0,1
B003X4D8PY,5.0,1
B003X4C4QS,5.0,1
B003X41CSO,4.0,1
B003X3YPAC,4.0,1
B003X3XYVS,5.0,1
B003X3XYTU,5.0,1
B003X3UBM8,5.0,1
B003X3GOLK,5.0,1
B003X9C1G6,5.0,1
B003X38RG0,5.0,1
B003X9J4H0,4.0,1
B003XDNJBS,4.0,1
B003XDL0C8,5.0,1
B003XDFHA4,5.0,1
B003XD7AD6,5.0,1
B003XCW97E,5.0,1
B003XCPV6A,4.0,1
B003XCPC9Q,5.0,1
B003XCK2FU,4.0,1
B003XCH2GC,5.0,1
B003XAT92Y,5.0,1
B003XANPN8,5.0,1
B003XAEZEG,4.0,1
B003XAEZB4,5.0,1
B003XADWJK,5.0,1
B003XABR0G,5.0,1
B003XA9U8W,5.0,1
B003XA0GOE,5.0,1
B003XA0FDG,4.0,1
B003XA0EQY,5.0,1
B003X9W8OG,5.0,1
B003X9UV7M,5.0,1
B003X3F6ZK,5.0,1
B003X35CWC,5.0,1
B003WP6YFA,5.0,1
B003WTHJGO,4.0,1
B003WT4LSI,5.0,1
B003WT2MPW,5.0,1
B003WSVAZ6,4.0,1
B003WSUK7U,5.0,1
B003WRZ8EG,5.0,1
B003WRRHUE,5.0,1
B003WRRGM8,5.0,1
B003WRRFYC,5.0,1
B003WRPO54,5.0,1
B003WRPM4C,4.0,1
B003WRNM08,5.0,1
B003WRLXJU,5.0,1
B003WRJQ58,5.0,1
B003WRGKYI,5.0,1
B003WRDBZ4,4.0,1
B003WR6NSG,5.0,1
B003WQZ1K8,4.0,1
B003WQYNAM,5.0,1
B003WQIBYG,5.0,1
B003WPY0A6,5.0,1
B003WT7G26,5.0,1
B003WU4EW0,5.0,1
B003X2ZKEI,4.0,1
B003WU9CJU,5.0,1
B003X1KBV6,5.0,1
B003X152GK,5.0,1
B003X0LRQK,5.0,1
B003X0DG78,5.0,1
B003X0APPE,5.0,1
B003X0APNQ,5.0,1
B003X0APNG,5.0,1
B003X0APN6,4.0,1
B003WYWFMM,5.0,1
B003WYQT60,5.0,1
B003WYO06Q,5.0,1
B003WYNZTY,5.0,1
B003WYCU7W,5.0,1
B003WY1U2S,5.0,1
B003WX9HL0,5.0,1
B003WX3WU2,5.0,1
B003WWGRDC,5.0,1
B003WVT5IC,4.0,1
B003WVRFMA,4.0,1
B003WVNFGU,5.0,1
B003WVMD9K,5.0,1
B003WVGBUC,5.0,1
B003YCWEVY,5.0,1
B003YCYKZC,5.0,1
B003YCYO4Y,5.0,1
B003ZSDPNI,5.0,1
B003ZSCNQI,4.0,1
B003ZSCNKE,4.0,1
B003ZSC2BO,5.0,1
B003ZSAFI6,5.0,1
B003ZSAFHC,5.0,1
B003ZS8MN6,5.0,1
B003ZS8MM2,4.0,1
B003ZS8ME0,5.0,1
B003ZS8MAE,4.0,1
B003YD5W3K,5.0,1
B003ZS5SG0,4.0,1
B003ZS4WOO,4.0,1
B003ZS4WE4,5.0,1
B003ZS4WDK,5.0,1
B003ZS4WD0,5.0,1
B003ZS4W9O,5.0,1
B003ZS2U8Y,4.0,1
B003ZS2U52,5.0,1
B003ZS1OH2,5.0,1
B003ZS1O7M,4.0,1
B003ZS1O6S,4.0,1
B003ZQICQU,4.0,1
B003ZQEY7Q,5.0,1
B003ZSDT34,5.0,1
B003ZSFP54,5.0,1
B003ZSFR9I,5.0,1
B003ZSFRA2,4.0,1
B003ZVHZNQ,4.0,1
B003ZUVUII,5.0,1
B003ZUU8JU,5.0,1
B003ZUQKHE,4.0,1
B003ZUGMKY,5.0,1
B003ZUATWQ,4.0,1
B003ZU90X0,5.0,1
B003ZU4706,5.0,1
B003ZU3Y8W,4.0,1
B003ZU3VRQ,5.0,1
B003ZU257S,5.0,1
B003ZU09Y4,5.0,1
B003ZTYXAG,4.0,1
B003ZTYWTS,5.0,1
B003ZTW2IG,5.0,1
B003ZTVCKA,5.0,1
B003ZTP1SY,5.0,1
B003ZTNLGI,5.0,1
B003ZTL2NW,5.0,1
B003ZT88QG,5.0,1
B003ZSJL7M,4.0,1
B003ZSJELK,5.0,1
B003ZSFRJ8,5.0,1
B003ZQ9QDS,5.0,1
B003ZKESGY,5.0,1
B003ZK98SM,5.0,1
B003ZK98B4,5.0,1
B003ZK3E00,5.0,1
B003ZJZF7G,4.0,1
B003ZJWZ1A,5.0,1
B003ZJQ480,5.0,1
B003ZJMC6I,5.0,1
B003ZJL368,4.0,1
B003ZJKFT4,5.0,1
B003ZJCOQG,5.0,1
B003ZHGAP4,4.0,1
B003ZHCBQ6,5.0,1
B003ZGKGU0,5.0,1
B003ZGH392,5.0,1
B003ZGCCZ2,5.0,1
B003ZGAPIS,5.0,1
B003ZG99GC,5.0,1
B003ZFYL02,5.0,1
B003ZFV57O,5.0,1
B003ZFUN8Q,5.0,1
B003ZFUH5U,5.0,1
B003ZKCLGS,5.0,1
B003ZKK0KC,4.0,1
B003ZPW30C,4.0,1
B003ZPJ6SE,4.0,1
B003ZPJ6R0,5.0,1
B003ZPI1OY,5.0,1
B003ZPC1FE,4.0,1
B003ZP0YXK,5.0,1
B003ZOXSJI,5.0,1
B003ZNNO1G,5.0,1
B003ZNNNTO,4.0,1
B003ZNMA16,5.0,1
B003ZNLJ6I,4.0,1
B003ZNLJ68,5.0,1
B003ZNGOQ8,5.0,1
B003ZNGFXK,5.0,1
B003ZNFM1Q,5.0,1
B003ZN1N4G,5.0,1
B003ZMH53K,5.0,1
B003ZMFVFO,5.0,1
B003ZM795O,4.0,1
B003ZM6A8Q,5.0,1
B003ZLMCKW,5.0,1
B003ZLE2TG,5.0,1
B003ZL7CO8,5.0,1
B003ZVO3JK,5.0,1
B003ZVTCTG,5.0,1
B003ZVX37I,4.0,1
B004054MFU,5.0,1
B004053QGQ,4.0,1
B00404WR4O,5.0,1
B00404U0H0,5.0,1
B00404RREE,5.0,1
B00404J5AI,5.0,1
B00404EWCO,4.0,1
B00404A3HM,5.0,1
B004048HOS,5.0,1
B0040472M6,5.0,1
B0040292C6,5.0,1
B004022836,5.0,1
B00401W8UK,5.0,1
B00401T72W,4.0,1
B00401P0XM,5.0,1
B00401F7WG,5.0,1
B0040171R0,5.0,1
B00401479U,5.0,1
B0040125VC,5.0,1
B00400VSQG,5.0,1
B00400HPY0,5.0,1
B004054JXK,5.0,1
B00400AZEM,5.0,1
B00409RFIC,5.0,1
B00409NG9E,5.0,1
B00409KZM0,5.0,1
B00409JB20,4.0,1
B00409HIVG,4.0,1
B00409CG8G,5.0,1
B00408R4NY,4.0,1
B00408QEFI,5.0,1
B00408P404,5.0,1
B00408OJ5A,5.0,1
B00408NGRC,4.0,1
B00408N89S,5.0,1
B00408MOYI,5.0,1
B00408MOG6,5.0,1
B00408L7O6,5.0,1
B00408L61A,5.0,1
B00408KZI0,5.0,1
B00408K87S,5.0,1
B004087NG2,5.0,1
B004082EYI,5.0,1
B00407OO2O,5.0,1
B00407IDOY,5.0,1
B00406NPL6,5.0,1
B00405VJE2,5.0,1
B00405LEK6,5.0,1
B00405JZZM,4.0,1
B00400DDPA,5.0,1
B004008PKS,5.0,1
B003ZX6QUC,5.0,1
B003ZX6Q6Q,5.0,1
B003ZX5Z4K,5.0,1
B003ZX5E6Y,5.0,1
B003ZX3YKW,4.0,1
B003ZX39W0,5.0,1
B003ZX2IYA,5.0,1
B003ZWZ3P2,5.0,1
B003ZWYEZC,4.0,1
B003ZWX8HW,5.0,1
B003ZWWQGG,4.0,1
B003ZWVST2,5.0,1
B003ZWTID0,5.0,1
B003ZWTEOI,5.0,1
B003ZWTCNG,5.0,1
B003ZWMD4Q,5.0,1
B003ZWKX8E,5.0,1
B003ZWHJP4,5.0,1
B003ZWH43G,5.0,1
B003ZWDX9U,5.0,1
B003ZWBXL0,5.0,1
B003ZWA5AK,5.0,1
B003ZW8GW4,5.0,1
B003ZW0COO,4.0,1
B003ZVYRBO,5.0,1
B003ZX6Q9S,4.0,1
B004007IN8,5.0,1
B003ZX6T0E,4.0,1
B004006LF4,5.0,1
B004003FWG,5.0,1
B003ZZXUOU,4.0,1
B003ZZUI0E,5.0,1
B003ZZRFAK,5.0,1
B003ZZOLY8,5.0,1
B003ZZNMVG,4.0,1
B003ZZNLXA,5.0,1
B003ZZN4JG,5.0,1
B003ZZCM9O,5.0,1
B003ZZCDAC,4.0,1
B003ZZ80ZO,5.0,1
B003ZZ7ZAU,5.0,1
B003ZYO4AU,5.0,1
B003ZYM6LY,5.0,1
B003ZYKAFS,5.0,1
B003ZYI7GC,4.0,1
B003ZYI0UK,5.0,1
B003ZYHSW6,5.0,1
B003ZYG6OM,5.0,1
B003ZYCZ06,5.0,1
B003ZYCX3A,5.0,1
B003ZXBZCQ,5.0,1
B003ZXA3BA,5.0,1
B003ZX6T3Q,5.0,1
B003ZFK0KW,5.0,1
B003YN1P0E,5.0,1
B003YMTE5I,5.0,1
B003YMPJW0,5.0,1
B003YMHPPO,4.0,1
B003YMH2EI,5.0,1
B003YMFOV6,5.0,1
B003YMF5AG,4.0,1
B003YMF4CU,5.0,1
B003YME33G,5.0,1
B003YMDYCW,4.0,1
B003YMBJJ2,4.0,1
B003YM8J7C,4.0,1
B003YM633Y,4.0,1
B003YM550Q,5.0,1
B003YM3X6E,5.0,1
B003YM3SNM,5.0,1
B003YM23F6,5.0,1
B003YM1EMO,5.0,1
B003YM0NRQ,5.0,1
B003YLW3RU,5.0,1
B003YLRJVA,5.0,1
B003YLIHTS,5.0,1
B003YMZ8W6,5.0,1
B003YNBF18,5.0,1
B003YKWDXA,5.0,1
B003YNCIKK,5.0,1
B003YTQZLW,5.0,1
B003YTQP8K,5.0,1
B003YTBG34,5.0,1
B003YT9E92,5.0,1
B003YSTQHS,4.0,1
B003YSOVB4,5.0,1
B003YSIGQK,5.0,1
B003YRXWRO,5.0,1
B003YQZQ24,5.0,1
B003YQZMFK,5.0,1
B003YQIL4O,5.0,1
B003YQ5BYC,5.0,1
B003YQ1V5A,5.0,1
B003YQ1UII,4.0,1
B003YQ0BDS,5.0,1
B003YQ05QQ,5.0,1
B003YPY9PA,5.0,1
B003YPY48C,5.0,1
B003YPR3X0,4.0,1
B003YPNNJI,5.0,1
B003YPM0MO,5.0,1
B003YP777C,4.0,1
B003YP5Z9E,5.0,1
B003YNDWNC,5.0,1
B003YKUVPW,5.0,1
B003YTSRL8,4.0,1
B003YIA5BO,5.0,1
B003YHQQ1S,4.0,1
B003YHIPP8,5.0,1
B003YHHYDC,5.0,1
B003YH2CSO,4.0,1
B003YGXMEI,5.0,1
B003YGQFP6,4.0,1
B003YGQAU6,5.0,1
B003YG60L0,5.0,1
B003YFAC8I,5.0,1
B003YF16AG,5.0,1
B003YE9V1I,4.0,1
B003YE2UZW,4.0,1
B003YE1TK4,5.0,1
B003YDTBIC,5.0,1
B003YDHO04,5.0,1
B003YDGLG2,5.0,1
B003YDG7QG,5.0,1
B003YDEPJ2,5.0,1
B003YD6AJU,5.0,1
B003YIA050,5.0,1
B003YIJB32,5.0,1
B003YKTDOM,5.0,1
B003YIV83I,5.0,1
B003YKQCUU,5.0,1
B003YKN9BK,5.0,1
B003YKLCU0,5.0,1
B003YKB9P8,5.0,1
B003YKB9NU,5.0,1
B003YK9G1C,5.0,1
B003YK7KAQ,4.0,1
B003YK7JOI,5.0,1
B003YK5VCK,5.0,1
B003YK1QVU,5.0,1
B003YJYCRQ,5.0,1
B003YJSGZ0,5.0,1
B003YJQN14,4.0,1
B003YJMEE4,5.0,1
B003YJC5MK,4.0,1
B003YJAGVW,5.0,1
B003YJ8MCC,5.0,1
B003YJ74SK,5.0,1
B003YJ5K4U,5.0,1
B003YJ5CZ2,4.0,1
B003YJ4VI6,5.0,1
B003YIYNPS,5.0,1
B003YTSZD8,4.0,1
B003ZEW5OM,5.0,1
B003ZAH3HA,5.0,1
B003Z95WY2,5.0,1
B003Z88CGI,4.0,1
B003Z838LW,5.0,1
B003Z833IK,5.0,1
B003Z7N1KQ,4.0,1
B003Z7N0Z2,5.0,1
B003Z7FCU8,5.0,1
B003Z7D624,4.0,1
B003Z6ZZTC,5.0,1
B003Z6TE08,5.0,1
B003Z6R5OU,4.0,1
B003Z6O5MU,5.0,1
B003Z6O2UK,5.0,1
B003Z6N94U,5.0,1
B003Z6N8K0,5.0,1
B003Z6M8FG,4.0,1
B003Z6M81A,4.0,1
B003Z6LNRA,5.0,1
B003Z6LER4,5.0,1
B003Z6KTIY,4.0,1
B003Z6KTHK,4.0,1
B003Z6KTFW,5.0,1
B003Z6K0E2,4.0,1
B003ZA84TG,5.0,1
B003Z6IZIK,5.0,1
B003ZAJZ94,5.0,1
B003ZEI5MS,5.0,1
B003ZEC27M,5.0,1
B003ZE60W0,5.0,1
B003ZDTSKC,5.0,1
B003ZDPN92,4.0,1
B003ZDPF0E,5.0,1
B003ZDPEY6,5.0,1
B003ZDH890,5.0,1
B003ZDCXD6,5.0,1
B003ZDCFS4,5.0,1
B003ZCU14A,5.0,1
B003ZCLBEO,5.0,1
B003ZCIPBG,4.0,1
B003ZCINBS,5.0,1
B003ZCI0R0,4.0,1
B003ZCFKU0,5.0,1
B003ZCAJ74,4.0,1
B003ZC4DQW,5.0,1
B003ZC40JW,4.0,1
B003ZBUZ06,4.0,1
B003ZBQACS,5.0,1
B003ZBKZOM,5.0,1
B003ZARGZO,5.0,1
B003ZARGM2,5.0,1
B003Z6JOEY,4.0,1
B003YTZ0VS,5.0,1
B003YWQ5WS,4.0,1
B003YWLGD6,5.0,1
B003YWHF2C,5.0,1
B003YW8LCA,4.0,1
B003YVY0MG,5.0,1
B003YVW7QM,4.0,1
B003YVTUJE,5.0,1
B003YVPEQC,5.0,1
B003YVL8QM,5.0,1
B003YVIVYY,5.0,1
B003YVIMHA,5.0,1
B003YVEVSO,5.0,1
B003YV7ZI2,4.0,1
B003YV2QRW,4.0,1
B003YUYYKA,5.0,1
B003YUYSQU,5.0,1
B003YUXY5G,5.0,1
B003YUXMXA,4.0,1
B003YUW6SM,5.0,1
B003YUW2QS,5.0,1
B003YUVSW2,4.0,1
B003YUTQ3K,5.0,1
B003YUTNF6,5.0,1
B003YURW86,4.0,1
B003YUROIO,5.0,1
B003YURN0S,5.0,1
B003YXC61G,5.0,1
B003Z6HWYS,5.0,1
B003YY5LLC,5.0,1
B003Z6E7L4,5.0,1
B003Z690HU,5.0,1
B003Z62ADG,5.0,1
B003Z60A6U,5.0,1
B003Z5L222,5.0,1
B003Z5GGFU,5.0,1
B003Z4V962,5.0,1
B003Z4UKIA,5.0,1
B003Z4T6BC,4.0,1
B003Z41N4U,4.0,1
B003Z408LE,5.0,1
B003Z3PKHM,5.0,1
B003Z3G0BC,4.0,1
B003Z2Q0AE,5.0,1
B003Z2PHUI,5.0,1
B003Z2GDZ6,5.0,1
B003Z0FZVQ,5.0,1
B003YYW91W,5.0,1
B003YY7QHO,5.0,1
B003YY7PUM,5.0,1
B004KEJ71K,5.0,1
B004KEJ7P6,5.0,1
B005HAZFKS,5.0,1
B0054L3WOG,4.0,1
B0054QR44U,5.0,1
B0054QQMES,4.0,1
B0054QPSBG,5.0,1
B0054QPIJ8,5.0,1
B0054QOEAC,5.0,1
B0054PX36O,5.0,1
B0054PCPWC,4.0,1
B0054O73FW,5.0,1
B0054MX7D6,5.0,1
B0054LQ3XS,5.0,1
B0054L55HS,5.0,1
B0054L2E3G,4.0,1
B0053ZSICO,5.0,1
B0054L1I7E,5.0,1
B0054KY8X6,5.0,1
B0054KXZX0,5.0,1
B0054KXQ8O,5.0,1
B0054KWZXG,4.0,1
B0054KWQGW,5.0,1
B0054KPNM6,5.0,1
B0054KKK10,5.0,1
B0054KB7NU,5.0,1
B0054K4JL2,5.0,1
B0054QYGN2,5.0,1
B0054RE8IY,5.0,1
B0054RUM5C,5.0,1
B0054Y13Q2,5.0,1
B0054Y11LE,5.0,1
B0054Y11IC,5.0,1
B0054Y0YE4,5.0,1
B0054Y0XCM,5.0,1
B0054Y0NPY,4.0,1
B0054Y0FJS,5.0,1
B0054Y0E3U,5.0,1
B0054XKCRO,5.0,1
B0054UHKS6,5.0,1
B0054U6YKQ,5.0,1
B0054U0A7E,5.0,1
B0054TPXZO,5.0,1
B0054TPISG,5.0,1
B0054SKEJA,5.0,1
B0054SIXUW,4.0,1
B0054SILPO,4.0,1
B0054SCX0S,5.0,1
B0054SCFLA,5.0,1
B0054S8VJU,5.0,1
B0054S62TG,5.0,1
B0054JYVFC,5.0,1
B0054J38S8,5.0,1
B0054HW1IS,5.0,1
B00547IOG6,5.0,1
B00547GCWO,5.0,1
B00547D72C,5.0,1
B00547D3OE,4.0,1
B00546QZWC,5.0,1
B00546QBUI,5.0,1
B00546JDZ8,5.0,1
B005462GRA,4.0,1
B00545UORA,5.0,1
B00545TQ2O,5.0,1
B00545O7XM,5.0,1
B00545EB9C,5.0,1
B005452VA8,5.0,1
B00544XMD4,5.0,1
B00544XBFS,4.0,1
B00544PO5S,5.0,1
B00544LXJ4,5.0,1
B005443X9M,5.0,1
B00542WUT8,4.0,1
B00542LCI8,5.0,1
B00542796M,5.0,1
B00541ZBN6,5.0,1
B00541S52A,5.0,1
B00540TCD2,5.0,1
B0053ZVGR8,5.0,1
B00547IOES,4.0,1
B00547IP60,5.0,1
B005487D9O,5.0,1
B0054H8WI6,4.0,1
B0054H65DA,5.0,1
B0054H2386,5.0,1
B0054H1SNW,5.0,1
B0054GXPZW,5.0,1
B0054GQPHW,5.0,1
B0054G6MP2,4.0,1
B0054G6MKM,5.0,1
B0054FHYE6,5.0,1
B0054EZFAM,4.0,1
B0054ETX3C,5.0,1
B0054EHOVA,5.0,1
B0054EE0LC,5.0,1
B0054EAPH0,4.0,1
B0054E6BIW,5.0,1
B0054DXOAQ,5.0,1
B0054D548G,5.0,1
B0054C8KG0,5.0,1
B00548TZAO,5.0,1
B00548TZ0O,4.0,1
B00548TWKM,5.0,1
B005489BDU,5.0,1
B0054Y1466,5.0,1
B0054Y14A2,5.0,1
B0054Y14KW,5.0,1
B00555T6YQ,5.0,1
B00555PJZQ,5.0,1
B00555I1LA,4.0,1
B00555FCEE,5.0,1
B00555EOA2,5.0,1
B0055546VO,5.0,1
B00554MH6G,5.0,1
B00554BFZU,4.0,1
B00553XKA4,5.0,1
B00553SMCU,5.0,1
B00553S7MK,5.0,1
B00553KWZK,4.0,1
B00553KPIY,4.0,1
B00553JCA6,5.0,1
B005535BC4,5.0,1
B005534KNU,5.0,1
B00552MDNU,5.0,1
B00551WOUS,5.0,1
B00551SAPQ,5.0,1
B00551O3XE,5.0,1
B00551I2ZY,5.0,1
B00555RLOI,5.0,1
B00556JKIW,4.0,1
B00551HDRM,4.0,1
B00556MS7M,5.0,1
B0055BO81Q,5.0,1
B0055BO7GM,5.0,1
B0055B6FG2,4.0,1
B0055AVP9U,5.0,1
B0055ALKMM,4.0,1
B0055AL2WU,4.0,1
B0055AKE10,5.0,1
B00559VJH4,5.0,1
B005598DXC,5.0,1
B00558W2V2,4.0,1
B00558TPS0,5.0,1
B00558PBU6,5.0,1
B005583PM2,5.0,1
B0055802L4,5.0,1
B00557VJIA,4.0,1
B00557Q0G6,5.0,1
B00557NDRU,5.0,1
B00557FLW0,5.0,1
B005574J00,5.0,1
B00556UIWO,5.0,1
B00556UE1Y,5.0,1
B00556T7BW,5.0,1
B00556MZBG,5.0,1
B00551HYQC,5.0,1
B00551EJWE,5.0,1
B0054Y14X4,4.0,1
B0054Y2I2U,5.0,1
B0054Y2BS6,5.0,1
B0054Y28TS,4.0,1
B0054Y28I4,5.0,1
B0054Y249W,5.0,1
B0054Y23U2,5.0,1
B0054Y22PI,5.0,1
B0054Y1XXK,5.0,1
B0054Y1XIK,5.0,1
B0054Y1VUA,5.0,1
B0054Y1VIC,5.0,1
B0054Y1UJM,5.0,1
B0054Y1U38,5.0,1
B0054Y1SQ2,5.0,1
B0054Y1R72,5.0,1
B0054Y1QNC,5.0,1
B0054Y1O3O,5.0,1
B0054Y1NNU,5.0,1
B0054Y1MOK,4.0,1
B0054Y1L9G,5.0,1
B0054Y1JP2,5.0,1
B0054Y1HJ0,5.0,1
B0054Y1EVG,4.0,1
B0054Y1E6G,5.0,1
B0054Y1D58,5.0,1
B0054Y19IO,5.0,1
B0054Y19I4,5.0,1
B0054Y19CU,5.0,1
B0054Y164G,4.0,1
B0054Y2FNC,4.0,1
B0054Y2KXM,5.0,1
B0054Y2LIG,4.0,1
B0055190FU,4.0,1
B0054ZMO64,5.0,1
B0054YUWI2,5.0,1
B0054YSNE2,5.0,1
B0054Y7HGM,5.0,1
B0054Y4WBK,5.0,1
B0054Y44YK,5.0,1
B0054Y44L8,5.0,1
B0054Y40E4,5.0,1
B0054Y40AI,5.0,1
B0054Y3WHU,4.0,1
B0054Y3VNA,5.0,1
B0054Y3VK8,5.0,1
B0054Y3TSC,5.0,1
B0054Y3SM4,5.0,1
B0054Y3NOM,5.0,1
B0054Y3H8O,4.0,1
B0054Y3B8A,5.0,1
B0054Y36VW,5.0,1
B0054Y34RI,5.0,1
B0054Y3432,5.0,1
B0054Y31TE,5.0,1
B0054Y309K,4.0,1
B0054Y2Z00,5.0,1
B0053ZTNZ0,5.0,1
B0053ZSDUQ,4.0,1
B0055BQZ62,5.0,1
B00531SOM2,5.0,1
B00535QEKC,5.0,1
B00535H4LU,5.0,1
B00535GHD6,4.0,1
B00535GAQ0,5.0,1
B0053579GK,5.0,1
B00534IQ6I,5.0,1
B005348WUS,5.0,1
B0053485I2,5.0,1
B00533KT1E,5.0,1
B00533K78O,5.0,1
B00532DGI8,5.0,1
B0053134UY,4.0,1
B00530KLME,5.0,1
B00530FEU8,4.0,1
B005308LYY,5.0,1
B005308AKE,5.0,1
B00530776C,5.0,1
B005302EC4,5.0,1
B005302CYE,4.0,1
B0053026KY,5.0,1
B0052ZTEEQ,5.0,1
B0052ZSYZG,5.0,1
B0052ZSDU2,4.0,1
B0052ZOTSC,5.0,1
B00535QQX2,4.0,1
B005360592,5.0,1
B00537I3PY,5.0,1
B0053DAM34,5.0,1
B0053D3PDS,5.0,1
B0053D1AW6,4.0,1
B0053CYRKE,5.0,1
B0053CULYA,5.0,1
B0053CNN9A,5.0,1
B0053CMO7W,5.0,1
B0053CMNQY,4.0,1
B0053CMNFA,5.0,1
B0053CMN8W,5.0,1
B0053CMN32,5.0,1
B0053CMMM4,5.0,1
B0053CMMBA,4.0,1
B0053CMLNE,5.0,1
B0053CMLK2,4.0,1
B0053CMLFM,5.0,1
B0053CHAYY,5.0,1
B0053CGZ8Q,5.0,1
B0053ANUEK,5.0,1
B0053AL916,5.0,1
B0053AGUQ0,4.0,1
B00539M5UG,5.0,1
B00539BRIM,5.0,1
B00538LU4Y,5.0,1
B0052ZNLE0,4.0,1
B0052ZLN7W,5.0,1
B0052ZKHJ2,5.0,1
B0052WT71Y,5.0,1
B0052VRJRE,5.0,1
B0052VQCU4,5.0,1
B0052VPFGG,5.0,1
B0052VK1UQ,4.0,1
B0052V5CGY,5.0,1
B0052V3ZYA,5.0,1
B0052V31NK,5.0,1
B0052V2XW0,5.0,1
B0052V2WZI,5.0,1
B0052V2K5U,5.0,1
B0052V12T0,5.0,1
B0052UUJHC,4.0,1
B0052URI30,4.0,1
B0052UAUAI,5.0,1
B0052U4VF8,5.0,1
B0052U4TEQ,5.0,1
B0052U43LA,5.0,1
B0052U3X3E,5.0,1
B0052U1ZX4,5.0,1
B0052U0HJC,5.0,1
B0052TUKDG,4.0,1
B0052TRS0O,5.0,1
B0052TPW4S,5.0,1
B0052W33B4,5.0,1
B0052ZG2GO,5.0,1
B0052XTFPG,5.0,1
B0052ZFYOA,5.0,1
B0052ZA0KS,4.0,1
B0052Z9504,5.0,1
B0052Z94VY,5.0,1
B0052Z94QY,5.0,1
B0052Z93CO,5.0,1
B0052Z92Q6,5.0,1
B0052Z8DCA,4.0,1
B0052Z8CNU,4.0,1
B0052Z8AIM,5.0,1
B0052Z86C2,5.0,1
B0052Z83H0,4.0,1
B0052Z82RQ,5.0,1
B0052Z1OIU,5.0,1
B0052YUR84,5.0,1
B0052YUHD4,5.0,1
B0052YT3JS,5.0,1
B0052YRBD8,5.0,1
B0052YKVNU,5.0,1
B0052YDI9Y,4.0,1
B0052YC7LY,5.0,1
B0052YA64E,5.0,1
B0052Y6ZFS,5.0,1
B0052Y3OQ6,5.0,1
B0052XWML0,5.0,1
B0052XVTNC,5.0,1
B0053DBWTW,5.0,1
B0053DC26E,5.0,1
B0053DCYXA,5.0,1
B0053U8IVK,5.0,1
B0053U38NI,4.0,1
B0053TXK5A,5.0,1
B0053TV7GO,5.0,1
B0053TT0EK,5.0,1
B0053TS3C0,5.0,1
B0053TI8VQ,5.0,1
B0053TF35U,5.0,1
B0053T635O,4.0,1
B0053T5WAQ,4.0,1
B0053T068Y,5.0,1
B0053SZKMW,5.0,1
B0053SXAJ2,5.0,1
B0053SR4VC,5.0,1
B0053S8Q6E,5.0,1
B0053RRTC2,4.0,1
B0053RIYDA,5.0,1
B0053QQ7P8,5.0,1
B0053QQ6VS,5.0,1
B0053QQ3PW,5.0,1
B0053QHIOM,5.0,1
B0053QE2K0,5.0,1
B0053PZKFC,5.0,1
B0053PVFXS,4.0,1
B0053U8MW0,4.0,1
B0053ZPJ62,5.0,1
B0053ZP3ZE,5.0,1
B0053Z9R0G,5.0,1
B0053Z4T4U,4.0,1
B0053Z3A68,4.0,1
B0053YWRT0,5.0,1
B0053YVYNA,5.0,1
B0053YT0RM,5.0,1
B0053YQBN8,5.0,1
B0053YOOX2,5.0,1
B0053YGZKM,5.0,1
B0053YD9LA,4.0,1
B0053XNXWQ,4.0,1
B0053XM1NI,5.0,1
B0053XKCWK,4.0,1
B0053XFCCK,5.0,1
B0053WYNGC,5.0,1
B0053WNA7U,4.0,1
B0053WJCN6,5.0,1
B0053UR8S4,5.0,1
B0053UP7NC,5.0,1
B0053UJSFK,5.0,1
B0053PTWBU,5.0,1
B0053DD5Z6,4.0,1
B0053HAZRI,5.0,1
B0053GW58G,5.0,1
B0053GVMHQ,5.0,1
B0053GSUEO,5.0,1
B0053GQCU8,4.0,1
B0053GP5EW,5.0,1
B0053GN7EM,5.0,1
B0053GKHW2,5.0,1
B0053GA82G,5.0,1
B0053F1TPW,4.0,1
B0053EKLM0,5.0,1
B0053EBD5E,4.0,1
B0053EB77I,5.0,1
B0053EA7X8,5.0,1
B0053E7AE2,5.0,1
B0053DZYXM,5.0,1
B0053DYZKK,5.0,1
B0053DQK94,5.0,1
B0053DMT30,5.0,1
B0053DGOR2,5.0,1
B0053DG0X0,5.0,1
B0053HGY3W,4.0,1
B0053HKF4Q,4.0,1
B0053PJKOE,5.0,1
B0053HTBOQ,5.0,1
B0053PJH06,5.0,1
B0053PJFL2,5.0,1
B0053PJDKU,5.0,1
B0053PJAF8,5.0,1
B0053PIPFE,5.0,1
B0053PIOVY,5.0,1
B0053PIFNQ,4.0,1
B0053P6PME,5.0,1
B0053P6BSW,5.0,1
B0053P4K62,5.0,1
B0053OF0NK,4.0,1
B0053O5H1K,5.0,1
B0053NVEJK,5.0,1
B0053NS9H0,5.0,1
B0053LFBMI,5.0,1
B0053JYAUO,5.0,1
B0053JPVJ8,5.0,1
B0053JKS78,5.0,1
B0053J1N72,5.0,1
B0053J1M0K,5.0,1
B0053IJA82,5.0,1
B0053IH54I,5.0,1
B0053IGB6Q,5.0,1
B0053I5L7Q,5.0,1
B0055BO83E,5.0,1
B0057QVUWY,5.0,1
B0057126E0,5.0,1
B005711I08,5.0,1
B00570X1MW,5.0,1
B00570VOAI,5.0,1
B00570SZ46,5.0,1
B00570M4MA,4.0,1
B00570H5BU,5.0,1
B005704BUS,5.0,1
B0056ZSIK8,5.0,1
B0056ZSFGK,5.0,1
B0056ZJMYO,5.0,1
B0056ZI0LU,5.0,1
B0056ZBVFC,4.0,1
B0056ZAQ08,5.0,1
B0056Z9B5Y,5.0,1
B0056Z8CC2,4.0,1
B0056Z7BKG,4.0,1
B0056YY8WQ,5.0,1
B0056YTF5G,5.0,1
B0056YTBOQ,5.0,1
B0056Y9RHC,4.0,1
B005712SJ8,5.0,1
B0057168ZI,4.0,1
B00578VRMU,5.0,1
B00578VEDW,5.0,1
B00578VCXY,5.0,1
B00578SO3A,5.0,1
B005780W9Y,5.0,1
B00577ASSU,5.0,1
B005777DBA,4.0,1
B005774O3A,4.0,1
B00576AA2A,4.0,1
B00576AA1G,5.0,1
B00576A5DO,5.0,1
B005769WYC,5.0,1
B0057655E8,5.0,1
B005764Z0S,4.0,1
B00574WU6G,5.0,1
B00574H3NQ,5.0,1
B00573VFWW,4.0,1
B00573RG7K,5.0,1
B00573QRJS,5.0,1
B00573P9GK,5.0,1
B00573OFTM,5.0,1
B00573OEH0,5.0,1
B00573LGOY,5.0,1
B005730G5Y,5.0,1
B00571S3WE,5.0,1
B005719F80,5.0,1
B0056X0L5K,4.0,1
B0056WR3WU,5.0,1
B0056Q0DEQ,5.0,1
B0056PIOFW,5.0,1
B0056PD9NY,4.0,1
B0056OUQA4,5.0,1
B0056OOZ0G,5.0,1
B0056OEXXA,5.0,1
B0056ODV24,5.0,1
B0056OASNO,5.0,1
B0056NO69C,5.0,1
B0056N9V0Q,5.0,1
B0056N35GM,5.0,1
B0056MYSQE,5.0,1
B0056MH4M4,5.0,1
B0056LBR6O,5.0,1
B0056LAV0M,5.0,1
B0056L6VGU,5.0,1
B0056K1KT4,5.0,1
B0056JX9XK,5.0,1
B0056JG4C8,5.0,1
B0056JFZ64,5.0,1
B0056JF9TC,5.0,1
B0056JF6SG,5.0,1
B0056JF65Y,5.0,1
B0056PWOWQ,4.0,1
B0056QAO9K,4.0,1
B0056WQRQI,5.0,1
B0056QD20I,5.0,1
B0056WQRIQ,4.0,1
B0056WQQC8,5.0,1
B0056WNE4Q,4.0,1
B0056WKUXE,4.0,1
B0056VLBWO,4.0,1
B0056VEP04,5.0,1
B0056VEIJW,5.0,1
B0056VCGB4,5.0,1
B0056VBWZ0,5.0,1
B0056UZOEQ,4.0,1
B0056UV670,5.0,1
B0056UH12O,4.0,1
B0056UF74I,5.0,1
B0056UEENS,5.0,1
B0056UCYSU,5.0,1
B0056U2N1S,5.0,1
B0056TOZZQ,5.0,1
B0056TNQRY,4.0,1
B0056TC9PO,4.0,1
B0056SAWRM,5.0,1
B0056RRW44,4.0,1
B0056RAQ8I,5.0,1
B0056R7Z5A,5.0,1
B00578XUDY,5.0,1
B00578Y7E0,5.0,1
B005791Z80,5.0,1
B0057P6WFU,5.0,1
B0057OMVN8,5.0,1
B0057OMAMU,5.0,1
B0057OF4MI,4.0,1
B0057OERLM,5.0,1
B0057OEKOG,5.0,1
B0057OCU6Q,5.0,1
B0057OBTNG,5.0,1
B0057NAOYC,5.0,1
B0057NAOUG,4.0,1
B0057M9DK4,4.0,1
B0057KUISM,4.0,1
B0057KMHRC,5.0,1
B0057KLKY8,4.0,1
B0057KGSI6,5.0,1
B0057K835W,5.0,1
B0057K5S82,5.0,1
B0057JK6B2,5.0,1
B0057JIAL0,4.0,1
B0057J9MSU,5.0,1
B0057P77TK,5.0,1
B0057J7UZ2,5.0,1
B0057QUEUI,4.0,1
B0057QUCKK,4.0,1
B0057QTOMC,5.0,1
B0057QSMW0,5.0,1
B0057QROP6,5.0,1
B0057QRO92,5.0,1
B0057QQ8IA,5.0,1
B0057QN54A,4.0,1
B0057QHORY,5.0,1
B0057QED6E,5.0,1
B0057QC6ZY,5.0,1
B0057Q3MG6,5.0,1
B0057PYFUE,5.0,1
B0057PLYLM,5.0,1
B0057PJQDA,5.0,1
B0057PJGLW,4.0,1
B0057PJG58,5.0,1
B0057PDFQ4,5.0,1
B0057PBME6,5.0,1
B005794AHS,5.0,1
B0057DOB5A,4.0,1
B0057DF10Y,5.0,1
B0057CZPPG,5.0,1
B0057CZNUS,4.0,1
B0057CNKJO,5.0,1
B0057CD1SY,4.0,1
B0057C24KA,5.0,1
B0057BOM7O,4.0,1
B0057BBHFE,5.0,1
B0057BBGVE,4.0,1
B0057BBEA2,5.0,1
B0057BBBVE,5.0,1
B0057BB7TU,5.0,1
B0057BB57E,4.0,1
B0057AVCNW,5.0,1
B0057AT176,5.0,1
B0057AN140,5.0,1
B0057ABMSM,5.0,1
B00579WUBG,4.0,1
B00579WSCW,5.0,1
B00579LJ7M,4.0,1
B00579F4LO,5.0,1
B00579EHNA,4.0,1
B00579DOUW,5.0,1
B005796Q20,5.0,1
B0057962RO,5.0,1
B0057DIASE,5.0,1
B0057DOB8M,5.0,1
B0057J3DXA,4.0,1
B0057EUGUI,5.0,1
B0057J2MVO,5.0,1
B0057J0KD6,4.0,1
B0057IX7WI,5.0,1
B0057IORNG,5.0,1
B0057IOMAE,5.0,1
B0057IJ5EC,5.0,1
B0057ICVUW,4.0,1
B0057ICOAO,4.0,1
B0057IAAF0,4.0,1
B0057I9G9G,5.0,1
B0057I3GOW,5.0,1
B0057I1TOQ,4.0,1
B0057GWGI6,5.0,1
B0057GJHBK,5.0,1
B0057GB86C,4.0,1
B0057FU2G0,4.0,1
B0057FTQTO,4.0,1
B0057FT4F0,5.0,1
B0057FNRYE,5.0,1
B0057EX9L6,5.0,1
B0057EVHBU,5.0,1
B0057EUKCW,5.0,1
B0057EUJ96,5.0,1
B0056JEWW2,4.0,1
B0055BYRDA,5.0,1
B0055PHHWO,5.0,1
B0055Q2KQ6,5.0,1
B0055Q0VLM,5.0,1
B0055Q0USG,5.0,1
B0055Q0QAI,4.0,1
B0055Q0NQ0,5.0,1
B0055PPGQI,5.0,1
B0055PMLI4,5.0,1
B0055PLBBM,4.0,1
B0055PKA0A,5.0,1
B0055PK01O,5.0,1
B0055PHZQC,5.0,1
B0056JEU3I,5.0,1
B0055P97NQ,5.0,1
B0055P2ZT4,5.0,1
B0055P27P6,5.0,1
B0055OZV64,5.0,1
B0055OVR6W,4.0,1
B0055OQHSA,5.0,1
B0055OMEZ0,5.0,1
B0055OMEQY,5.0,1
B0055O4B92,5.0,1
B0055NDM66,5.0,1
B0055NDLVM,5.0,1
B0055Q2ORQ,5.0,1
B0055Q692W,5.0,1
B0055V5FTK,4.0,1
B0055V3Z92,5.0,1
B0055V3CWW,5.0,1
B0055V0BLM,5.0,1
B0055UZDSY,5.0,1
B0055USABQ,5.0,1
B0055UJPLK,5.0,1
B0055UBALI,4.0,1
B0055UB3TM,5.0,1
B0055TA3YE,5.0,1
B0055T3HV0,5.0,1
B0055T1RI0,4.0,1
B0055SX10S,5.0,1
B0055S9Q20,5.0,1
B0055S2A3W,5.0,1
B0055RQS2M,4.0,1
B0055RBTA8,5.0,1
B0055Q84U2,4.0,1
B0055N7JNS,5.0,1
B0055MGFKW,5.0,1
B0055ILPQ0,4.0,1
B0055I3GTY,4.0,1
B0055I0NM2,4.0,1
B0055HYTFK,4.0,1
B0055HOEG4,5.0,1
B0055GY2R6,5.0,1
B0055FV3AG,5.0,1
B0055FV25M,5.0,1
B0055FUO0G,4.0,1
B0055FKNTS,4.0,1
B0055FI4UI,5.0,1
B0055FGH16,5.0,1
B0055FFEAQ,5.0,1
B0055F6BT4,5.0,1
B0055EQJK6,5.0,1
B0055EOJMQ,5.0,1
B0055EH3JM,5.0,1
B0055EA6SW,5.0,1
B0055E9E80,5.0,1
B0055E87CO,5.0,1
B0055DWVMW,5.0,1
B0055DSXOC,5.0,1
B0055DP3O0,5.0,1
B0055DL1CI,5.0,1
B0055CQP0M,5.0,1
B0055CQE8K,5.0,1
B0055CQ322,5.0,1
B0055C4VBM,5.0,1
B0055BYRG2,5.0,1
B0055IDUN6,5.0,1
B0055ITEQ8,5.0,1
B0055MBMZA,5.0,1
B0055ITRTM,5.0,1
B0055M7PB0,5.0,1
B0055LOZ3M,5.0,1
B0055LOX2K,5.0,1
B0055LOV22,4.0,1
B0055LH73C,5.0,1
B0055L89SE,5.0,1
B0055L51A8,5.0,1
B0055L33IK,4.0,1
B0055L235O,5.0,1
B0055L1GA2,5.0,1
B0055KZNR0,5.0,1
B0055KVRIO,5.0,1
B0055KQ24S,5.0,1
B0055KL28O,5.0,1
B0055KJZ7Y,5.0,1
B0055KBXU6,5.0,1
B0055KA424,5.0,1
B0055JH54U,4.0,1
B0055JGVD6,5.0,1
B0055JG1VI,5.0,1
B0055J9CF0,5.0,1
B0055J98GI,5.0,1
B0055J6AUK,5.0,1
B0055IU16A,5.0,1
B0055VM3MW,4.0,1
B0055VMTEY,5.0,1
B0055VYBE0,5.0,1
B0056D9U70,5.0,1
B0056CXLV2,4.0,1
B0056CSRP2,4.0,1
B0056CRCLW,5.0,1
B0056C7LXG,5.0,1
B0056C3O2S,5.0,1
B0056C2G7M,5.0,1
B0056C294C,5.0,1
B0056C25C8,5.0,1
B0056BUY72,4.0,1
B0056BMKQA,5.0,1
B0056BBQPG,5.0,1
B0056B5LPM,5.0,1
B0056AZDPQ,5.0,1
B0056AYZQ4,5.0,1
B0056ARBWY,5.0,1
B0056AK4UA,5.0,1
B0056AI6QY,5.0,1
B0056AHWWS,5.0,1
B0056AG8IM,5.0,1
B0056ADRVI,5.0,1
B0056ADQEG,5.0,1
B0056CXU18,5.0,1
B0056DD5OY,5.0,1
B0056ADLS2,5.0,1
B0056JETYS,5.0,1
B0056JDJDA,5.0,1
B0056J9YYI,5.0,1
B0056J0SRA,5.0,1
B0056J0MXU,5.0,1
B0056J0M1C,4.0,1
B0056IZGBE,5.0,1
B0056IXOW2,5.0,1
B0056IR2Y8,4.0,1
B0056IJDUO,5.0,1
B0056IGXCA,4.0,1
B0056ICBBW,5.0,1
B0056HQWN6,5.0,1
B0056H49K4,4.0,1
B0056H33B0,5.0,1
B0056H18QC,5.0,1
B0056GWQNC,4.0,1
B0056GJA90,5.0,1
B0056GHS2Q,5.0,1
B0056FVPEY,5.0,1
B0056ADNQ2,5.0,1
B0056AD9UM,5.0,1
B0055W7AA6,5.0,1
B00563W3VK,5.0,1
B00563K6MS,4.0,1
B00563HYQY,5.0,1
B00563HWYI,5.0,1
B00563H19E,5.0,1
B00563B6EU,5.0,1
B0056324HI,5.0,1
B00562GHCC,4.0,1
B005620XWC,5.0,1
B005614OGY,5.0,1
B00560X4BQ,5.0,1
B005606M88,5.0,1
B005606DE6,5.0,1
B0055ZEWZO,5.0,1
B0055XHE3S,4.0,1
B0055X7QNQ,5.0,1
B0055WZGAC,5.0,1
B0055WXP8M,4.0,1
B0055WNJYW,5.0,1
B0055WIK5U,5.0,1
B00563MQFS,5.0,1
B00563YKUW,5.0,1
B0056A33HG,5.0,1
B00569ZM58,5.0,1
B00569XSIG,5.0,1
B00569TUE2,5.0,1
B00569I33G,5.0,1
B00568AHYK,5.0,1
B005678RXY,5.0,1
B00565YP28,5.0,1
B00565X952,5.0,1
B00565TG7M,5.0,1
B00565E3CA,5.0,1
B005657VXI,5.0,1
B005657HK0,5.0,1
B005653L9G,5.0,1
B00564WXXW,4.0,1
B00564WJ40,5.0,1
B00564L8JC,5.0,1
B00564L4P0,5.0,1
B00564L0F4,4.0,1
B00564JF5G,5.0,1
B00564HJ4A,5.0,1
B00564GH52,4.0,1
B00564ABW2,5.0,1
B0052TMJ1W,5.0,1
B0052TIRSG,5.0,1
B004ZRS6IM,5.0,1
B004ZRIZMO,5.0,1
B004ZRIQ00,5.0,1
B004ZRILSM,5.0,1
B004ZRIKRE,5.0,1
B004ZRAAS6,5.0,1
B004ZQZUPU,5.0,1
B004ZQXQ7Y,5.0,1
B004ZQP0O6,5.0,1
B004ZQH74M,5.0,1
B004ZQ9862,4.0,1
B004ZQ935I,5.0,1
B004ZET01M,5.0,1
B004ZQ91F0,5.0,1
B004ZQ8W6O,5.0,1
B004ZQ8NHW,5.0,1
B004ZQ8NCM,4.0,1
B004ZQ8IK4,5.0,1
B004ZQ8HJG,5.0,1
B004ZQ8DUO,5.0,1
B004ZQ8D0O,5.0,1
B004ZQ7XI2,4.0,1
B004ZQ7R10,5.0,1
B004ZQ7PLW,5.0,1
B004ZQ7ONQ,5.0,1
B004ZQ7NFA,4.0,1
B004ZQ7N4Q,5.0,1
B004ZSHP8I,5.0,1
B004ZSN34S,4.0,1
B004ZZM6XK,5.0,1
B004ZZ4XPE,4.0,1
B004ZYXYXW,4.0,1
B004ZY24NS,5.0,1
B004ZY14FW,5.0,1
B004ZY0VUG,5.0,1
B004ZXYDA6,5.0,1
B004ZXVRPA,5.0,1
B004ZWWR82,4.0,1
B004ZW0DQK,5.0,1
B004ZVSMXM,5.0,1
B004ZVPNL6,5.0,1
B004ZVCU44,4.0,1
B004ZV9G46,5.0,1
B004ZUXDZK,5.0,1
B004ZUEOSU,5.0,1
B004ZU4DTU,5.0,1
B004ZU1O6A,5.0,1
B004ZTPFC0,5.0,1
B004ZSZPB2,5.0,1
B004ZSZEC2,5.0,1
B004ZQ7MBA,5.0,1
B004ZQ7H5G,5.0,1
B004ZKPJVQ,5.0,1
B004ZKJYLW,5.0,1
B004ZJCCSU,5.0,1
B004ZJ75KU,5.0,1
B004ZI6ZDO,5.0,1
B004ZHYY4C,5.0,1
B004ZHWYH6,5.0,1
B004ZHVAS0,4.0,1
B004ZHRFHK,4.0,1
B004ZHAZUE,5.0,1
B004ZH25FC,5.0,1
B004ZH0SPG,5.0,1
B004ZGXIRC,5.0,1
B004ZGX8QS,4.0,1
B004ZGJRTK,5.0,1
B004ZGJ830,5.0,1
B004ZGIX18,5.0,1
B004ZGF2AI,4.0,1
B004ZGCXWI,5.0,1
B004ZGBEGO,5.0,1
B004ZG9IIA,5.0,1
B004ZG8FH0,5.0,1
B004ZG02IK,5.0,1
B004ZFHC0M,5.0,1
B004ZKVJKQ,4.0,1
B004ZLB8QA,4.0,1
B004ZLBWY8,5.0,1
B004ZQ5AAA,4.0,1
B004ZPZ6W8,5.0,1
B004ZP9IKY,5.0,1
B004ZP3AXK,4.0,1
B004ZOV8RQ,5.0,1
B004ZOGJ2U,5.0,1
B004ZNFIKU,5.0,1
B004ZNFDKK,5.0,1
B004ZNFAT4,4.0,1
B004ZNF2LK,5.0,1
B004ZNEYQY,5.0,1
B004ZNCH8G,5.0,1
B004ZNCF9C,5.0,1
B004ZNBVK6,4.0,1
B004ZN7YPW,5.0,1
B004ZN7V5U,5.0,1
B004ZN7UHE,5.0,1
B004ZMYWKI,5.0,1
B004ZMU0Z4,5.0,1
B004ZMC7N2,5.0,1
B004ZM85YC,5.0,1
B004ZM7F8E,5.0,1
B004ZM62PG,5.0,1
B004ZLYRV8,5.0,1
B004ZLWY36,5.0,1
B004ZLCCQU,5.0,1
B004ZZOKE8,5.0,1
B004ZZXVVQ,5.0,1
B0050084YE,5.0,1
B0050NEZXA,5.0,1
B0050NE5B2,5.0,1
B0050LVB6Q,5.0,1
B0050LIVMS,5.0,1
B0050L2DJK,5.0,1
B0050K5UPK,5.0,1
B0050JU8QM,4.0,1
B0050JKLTQ,5.0,1
B0050J1XNE,5.0,1
B0050ISYMI,5.0,1
B0050ISRXY,5.0,1
B0050IPCWS,5.0,1
B0050IKJH6,5.0,1
B0050IK5Y8,4.0,1
B0050IJPD0,5.0,1
B0050IGL1Y,5.0,1
B0050I0DR2,5.0,1
B0050HX118,5.0,1
B0050NF4HQ,5.0,1
B0050NP4WG,5.0,1
B0050FXL2E,5.0,1
B0050NPYIA,5.0,1
B0050QOCKS,4.0,1
B0050QKSVA,5.0,1
B0050QFT64,4.0,1
B0050QFQG2,4.0,1
B0050Q9OGK,5.0,1
B0050Q3SNA,5.0,1
B0050PZ1MM,5.0,1
B0050PURBW,5.0,1
B0050PSXM2,5.0,1
B0050PQGNK,5.0,1
B0050PIR14,5.0,1
B0050P5DBQ,5.0,1
B0050OZNNK,5.0,1
B0050OOZHA,5.0,1
B0050OOJYE,4.0,1
B0050OFQP0,4.0,1
B0050OCKD6,5.0,1
B0050O34KY,5.0,1
B0050NWG7W,5.0,1
B0050NUWDW,5.0,1
B0050NUKQG,5.0,1
B0050GEEEW,5.0,1
B0050FH1HU,5.0,1
B00506552W,5.0,1
B00505UUT6,5.0,1
B00505R3BE,5.0,1
B00503ZTOY,5.0,1
B00503FJKI,5.0,1
B00503AA1G,4.0,1
B00503A5FC,5.0,1
B00502IJX8,5.0,1
B00501TPDC,4.0,1
B00501LZ8K,4.0,1
B00501IXBC,5.0,1
B00501E95Q,5.0,1
B00501D0ZG,5.0,1
B005019USC,4.0,1
B005019PBE,5.0,1
B005018QH8,5.0,1
B0050137BS,5.0,1
B0050136NW,5.0,1
B00501345C,5.0,1
B00500V3VA,5.0,1
B00500JSO4,4.0,1
B00500IRIW,5.0,1
B00506S7D6,5.0,1
B0050EB0IC,5.0,1
B00507C466,5.0,1
B0050DZ6YM,5.0,1
B0050DN3UQ,5.0,1
B0050DMSAW,4.0,1
B0050DL0JM,5.0,1
B0050DIIOW,4.0,1
B0050D8D6K,5.0,1
B0050D82JS,4.0,1
B0050D2EV0,5.0,1
B0050CXSX4,4.0,1
B0050CMYZ2,5.0,1
B0050C6C4G,5.0,1
B0050BX9PW,4.0,1
B0050BUPCW,5.0,1
B005098PW6,5.0,1
B00508ZTKI,5.0,1
B00508SXLK,4.0,1
B00508LGGO,5.0,1
B00507H542,4.0,1
B00507G3MC,5.0,1
B0052T4E4W,4.0,1
B004YRATQA,4.0,1
B004YSDH6I,5.0,1
B004YSCZ66,5.0,1
B004YSCZ16,5.0,1
B004YSCV8I,5.0,1
B004YSC67O,5.0,1
B004YRP8BQ,5.0,1
B004YRP7WQ,5.0,1
B004YRP7CG,5.0,1
B004YRP79O,5.0,1
B004YRP4MY,4.0,1
B004YRJITE,5.0,1
B004YRCPCQ,5.0,1
B004YRAU82,5.0,1
B004YR9WYK,5.0,1
B004YR78WS,5.0,1
B004YQYTNU,5.0,1
B004YQYTGM,5.0,1
B004YP341Y,5.0,1
B004YOZ3A0,5.0,1
B004YO1HMI,4.0,1
B004YNW1EM,5.0,1
B004YNH3TK,5.0,1
B004YMXXTA,5.0,1
B004YMSH7S,5.0,1
B004YSZE28,5.0,1
B004YTFH4M,4.0,1
B004YTGDJK,5.0,1
B004YXDWAE,5.0,1
B004YWTP8I,4.0,1
B004YWTP7O,5.0,1
B004YWTP6K,5.0,1
B004YWTOXY,5.0,1
B004YWTORU,5.0,1
B004YWTOGQ,4.0,1
B004YWSOGM,5.0,1
B004YWR2YC,5.0,1
B004YWQFJU,5.0,1
B004YWJAFG,5.0,1
B004YW5S7U,5.0,1
B004YVDKG2,5.0,1
B004YUE882,5.0,1
B004YU82VG,5.0,1
B004YTYZMW,5.0,1
B004YTXFOQ,5.0,1
B004YTOC52,5.0,1
B004YTKZBW,5.0,1
B004YTGHBO,5.0,1
B004YMSFXY,5.0,1
B004YMSA3Y,5.0,1
B004YMS1CO,5.0,1
B004YGAKCE,5.0,1
B004YFLTRU,4.0,1
B004YFCZ32,5.0,1
B004YFBB5A,4.0,1
B004YE322G,5.0,1
B004YDU1NU,5.0,1
B004YDLXNW,4.0,1
B004YDLTI6,5.0,1
B004YDJKC8,5.0,1
B004YDFBP8,5.0,1
B004YD4GWW,5.0,1
B004YD47QM,5.0,1
B004YD44AG,5.0,1
B004YCTBTQ,5.0,1
B004YBUJ7U,4.0,1
B004YBSNUU,5.0,1
B004YA0G6A,5.0,1
B004Y9JY5U,5.0,1
B004Y9722C,5.0,1
B004Y8SBYQ,4.0,1
B004YG7GBC,4.0,1
B004YGKP6K,5.0,1
B004YMRWYM,4.0,1
B004YMRU9Y,5.0,1
B004YMRQH0,5.0,1
B004YMRPY4,5.0,1
B004YMRG8E,4.0,1
B004YMRETK,5.0,1
B004YMRE4K,5.0,1
B004YMRDZA,5.0,1
B004YMR31O,5.0,1
B004YM808Y,5.0,1
B004YLJHEQ,4.0,1
B004YLAA7Y,5.0,1
B004YL4JBW,4.0,1
B004YL23O2,5.0,1
B004YKQ9A2,5.0,1
B004YJNQMC,5.0,1
B004YJ1DLI,5.0,1
B004YIBIBY,5.0,1
B004YIBI3W,5.0,1
B004YHK2US,5.0,1
B004YHIU16,5.0,1
B004YH8160,5.0,1
B004YH803Y,5.0,1
B004YH3HDW,5.0,1
B004YH3GM4,5.0,1
B004YGZEBQ,5.0,1
B004YXF54K,5.0,1
B004YXF82E,5.0,1
B004YXJ2RG,4.0,1
B004Z6XFKC,5.0,1
B004Z6LR3E,5.0,1
B004Z6LP1S,5.0,1
B004Z6KN8Y,5.0,1
B004Z67RDI,4.0,1
B004Z67OVI,5.0,1
B004Z3ZEL8,5.0,1
B004Z2TUXM,5.0,1
B004Z2TULE,5.0,1
B004Z2TTKQ,5.0,1
B004Z2TRV2,5.0,1
B004Z2TRT4,5.0,1
B004Z2TPX2,5.0,1
B004Z2TP7I,4.0,1
B004Z2TM58,5.0,1
B004Z2TL1I,5.0,1
B004Z2TKY6,4.0,1
B004Z2TKUU,5.0,1
B004Z2TKE6,5.0,1
B004Z2TKC8,5.0,1
B004Z2TK3W,5.0,1
B004Z2TIZW,4.0,1
B004Z2TIGQ,5.0,1
B004Z2TH1C,4.0,1
B004Z6YX4E,5.0,1
B004Z7P5AE,5.0,1
B004Z2TAF0,5.0,1
B004ZE88Q0,5.0,1
B004ZE7OWY,5.0,1
B004ZDTSG0,5.0,1
B004ZDEGJO,4.0,1
B004ZDAIFA,4.0,1
B004ZD2LLE,4.0,1
B004ZBHHZG,5.0,1
B004ZB69U0,5.0,1
B004Z9ZOSU,5.0,1
B004Z9ZOLC,5.0,1
B004Z9WQ2C,5.0,1
B004Z99RYM,5.0,1
B004Z99JYK,5.0,1
B004Z99C1A,5.0,1
B004Z961BO,5.0,1
B004Z95R64,5.0,1
B004Z95Q1U,5.0,1
B004Z95PNO,5.0,1
B004Z95PDY,5.0,1
B004Z95GFG,5.0,1
B004Z8SHPS,4.0,1
B004Z8KJMM,5.0,1
B004Z88BW2,5.0,1
B004Z2TGHM,5.0,1
B004Z2TACI,5.0,1
B004YXK95U,5.0,1
B004Z1QHUC,5.0,1
B004Z1NC8M,5.0,1
B004Z1L2P2,5.0,1
B004Z12GUC,5.0,1
B004Z0VF7I,4.0,1
B004Z0O0HU,4.0,1
B004Z02GGC,5.0,1
B004YZRXZM,5.0,1
B004YZFQLU,5.0,1
B004YZFLEM,5.0,1
B004YYOTV4,5.0,1
B004YYOTT6,5.0,1
B004YYOSC4,5.0,1
B004YXY4R4,4.0,1
B004YXW76E,5.0,1
B004YXW6YC,4.0,1
B004YXRQKQ,5.0,1
B004YXQ116,4.0,1
B004Z1NO12,5.0,1
B004Z1RUTE,5.0,1
B004Z2TA96,5.0,1
B004Z1RXQE,5.0,1
B004Z2T7V2,5.0,1
B004Z2T6ZE,5.0,1
B004Z2T4TM,4.0,1
B004Z2T15E,5.0,1
B004Z2SXGM,5.0,1
B004Z2SX80,5.0,1
B004Z2SWUY,5.0,1
B004Z2SW40,5.0,1
B004Z2SUTM,5.0,1
B004Z2SQKU,5.0,1
B004Z2SQKA,4.0,1
B004Z2PVK8,5.0,1
B004Z2N93E,5.0,1
B004Z2DWIQ,5.0,1
B004Z299EW,5.0,1
B004Z25S1K,4.0,1
B004Z25GSA,4.0,1
B004Z24ZO6,5.0,1
B004Z24YM4,5.0,1
B004Z24CBW,5.0,1
B004Z22XM2,5.0,1
B004Z22HJG,5.0,1
B004Z1ZG2W,5.0,1
B004Z1YCLI,5.0,1
B004Z1VPP4,5.0,1
B004Z1V86U,5.0,1
B004Z1UZXM,5.0,1
B004Z1RYZE,4.0,1
B00520I8FC,5.0,1
B005232A8U,5.0,1
B00522WX8I,5.0,1
B00522S3OQ,4.0,1
B00522PJS4,5.0,1
B00522PENO,5.0,1
B00522P7JK,5.0,1
B00522GLX6,4.0,1
B00522F3ZI,5.0,1
B00521T84Q,4.0,1
B00521JQQQ,5.0,1
B00521HD0C,5.0,1
B00520L89K,5.0,1
B00520IWU8,5.0,1
B0050UJJ8O,5.0,1
B00520B2BE,5.0,1
B00520AVL6,5.0,1
B0051XRNCY,5.0,1
B0051X5452,5.0,1
B0051X53CQ,5.0,1
B005233FU2,5.0,1
B005233OTE,5.0,1
B005235FRI,5.0,1
B005235L18,5.0,1
B00526RXXY,5.0,1
B005260OKS,5.0,1
B005260GPQ,5.0,1
B005260ER6,4.0,1
B005260AHK,4.0,1
B00525ZU8K,5.0,1
B00525ZS78,5.0,1
B00525Z08K,4.0,1
B005251M64,5.0,1
B0052456ZS,5.0,1
B00523NO62,5.0,1
B00523GOVO,5.0,1
B00523AIXE,5.0,1
B00523AH12,5.0,1
B00523A3XO,5.0,1
B005239XLM,5.0,1
B005239WB8,5.0,1
B005239R9K,5.0,1
B005239MN6,5.0,1
B005239M8G,5.0,1
B005239K0Q,5.0,1
B005236VBW,5.0,1
B0051WXQEY,5.0,1
B0051WWYFQ,5.0,1
B0051TPTU6,5.0,1
B0051TPRDK,5.0,1
B0051TPRAI,5.0,1
B0051TPQSG,4.0,1
B0051T9Y3O,5.0,1
B0051T9XTY,5.0,1
B0051SZTGQ,5.0,1
B0051SXVCK,5.0,1
B0051SD2XS,5.0,1
B0051S8X8W,5.0,1
B0051RYJ7C,5.0,1
B0051RYGWK,5.0,1
B0051RYER2,5.0,1
B0051RYCQU,5.0,1
B0051RYA5I,5.0,1
B0051RY83M,5.0,1
B0051ROZLC,5.0,1
B0051R90XU,4.0,1
B0051QVFXY,5.0,1
B0051QQXWC,5.0,1
B0051QIH0S,5.0,1
B0051Q6CG4,5.0,1
B0051PXMMC,5.0,1
B0051PV2TW,5.0,1
B0051PP95A,5.0,1
B0051TPUBE,4.0,1
B0051TPXYS,4.0,1
B0051U0FN6,5.0,1
B0051WJN1O,4.0,1
B0051WI5KO,5.0,1
B0051WGNOO,5.0,1
B0051WDXMY,5.0,1
B0051W8ITC,5.0,1
B0051W820M,5.0,1
B0051W7GEK,4.0,1
B0051VX12C,5.0,1
B0051VNFL4,5.0,1
B0051VG2XC,5.0,1
B0051UWLJW,5.0,1
B0051UVB5M,5.0,1
B0051UV10W,5.0,1
B0051UTUSW,5.0,1
B0051UTSTI,4.0,1
B0051UTRW6,5.0,1
B0051UTR5S,5.0,1
B0051UTQD6,5.0,1
B0051UTP2S,5.0,1
B0051UTLR2,5.0,1
B0051UTL3Q,5.0,1
B0051UTJJ2,5.0,1
B0051UT9P6,5.0,1
B0051U56DA,4.0,1
B00526SEEQ,5.0,1
B00526YCB0,4.0,1
B0052O5FZE,5.0,1
B0052N3ORQ,5.0,1
B0052N02UI,5.0,1
B0052MTOE4,5.0,1
B0052LSNR4,5.0,1
B0052LDPEU,5.0,1
B0052JMTR6,4.0,1
B0052JMPHK,4.0,1
B0052IRDT6,5.0,1
B0052I8WZU,5.0,1
B0052HVYTC,5.0,1
B0052GYMHE,5.0,1
B0052G93ZK,4.0,1
B0052G7E9C,5.0,1
B0052G5U3Y,4.0,1
B0052G2I84,5.0,1
B0052FTZUO,4.0,1
B0052FSHLM,5.0,1
B0052FR1JG,5.0,1
B0052FJQ4Y,5.0,1
B0052F21BY,4.0,1
B0052O3QG4,4.0,1
B0052O7N54,5.0,1
B0052ESUX8,5.0,1
B0052OCNHC,5.0,1
B0052R6RB2,5.0,1
B0052R5QZU,5.0,1
B0052R528Q,5.0,1
B0052QRY38,5.0,1
B0052QO2UG,4.0,1
B0052QNX8S,5.0,1
B0052QCOKG,5.0,1
B0052PT6X0,5.0,1
B0052PLFKW,4.0,1
B0052P5ASU,5.0,1
B0052P5AN0,5.0,1
B0052P23US,5.0,1
B0052P0HTM,5.0,1
B0052P0GS4,5.0,1
B0052P07GA,4.0,1
B0052OTCDA,4.0,1
B0052OTAZA,5.0,1
B0052OSY9I,5.0,1
B0052ONH86,4.0,1
B0052ONG9G,5.0,1
B0052OMGK6,4.0,1
B0052OGQD4,5.0,1
B0052EVIBO,4.0,1
B0052ERCUU,5.0,1
B005272WC0,5.0,1
B0052CEPKW,5.0,1
B0052BIGLC,5.0,1
B0052BIAOK,5.0,1
B0052BI8YC,5.0,1
B0052BI2CU,5.0,1
B0052BHSLQ,5.0,1
B0052BE88C,5.0,1
B0052AXZ2I,5.0,1
B0052ADN0C,4.0,1
B0052A5OL8,5.0,1
B00529P3P6,5.0,1
B00529HT62,5.0,1
B00529C890,5.0,1
B005292PC0,5.0,1
B005292I8G,5.0,1
B00528RH8S,4.0,1
B00528HK9Y,4.0,1
B005288BB0,4.0,1
B00527SIYQ,5.0,1
B00527N3SC,5.0,1
B00527JTJO,5.0,1
B0052CFNFI,5.0,1
B0052CLPJ6,5.0,1
B0052D0B7M,5.0,1
B0052ER106,5.0,1
B0052EORZI,4.0,1
B0052EOEME,5.0,1
B0052EO1AE,4.0,1
B0052ENB1Y,4.0,1
B0052EM8CC,5.0,1
B0052EM1YW,4.0,1
B0052ELUW6,5.0,1
B0052ELLLQ,4.0,1
B0052EJO56,5.0,1
B0052EIX3A,4.0,1
B0052EFU0Y,5.0,1
B0052EF4DC,4.0,1
B0052EF1DK,4.0,1
B0052EEGD6,5.0,1
B0052EDYPC,4.0,1
B0052ED7Z4,4.0,1
B0052ED1NC,5.0,1
B0052ECU66,5.0,1
B0052ECRUA,5.0,1
B0052ECG3S,5.0,1
B0052ECFH0,5.0,1
B0052DZY2E,5.0,1
B0052DMS5K,4.0,1
B0051PP6JY,5.0,1
B0051POY4C,5.0,1
B0051PLP3K,5.0,1
B00513J34K,5.0,1
B00513IV5W,5.0,1
B00513IRAQ,5.0,1
B00513IOXG,5.0,1
B00513IDCS,5.0,1
B005138GA2,5.0,1
B005136LAE,5.0,1
B005132YJ6,5.0,1
B005132CMK,5.0,1
B00512PVYM,4.0,1
B00512H15Y,5.0,1
B00512EUGW,5.0,1
B00511SKDC,5.0,1
B00511SGKY,5.0,1
B00511C4LQ,5.0,1
B005113PM8,5.0,1
B0051126TQ,5.0,1
B0051123E4,4.0,1
B005111NA4,4.0,1
B00510Z1BW,4.0,1
B00510Y3CA,5.0,1
B00510LQES,5.0,1
B00510IUBU,5.0,1
B00513J2HS,5.0,1
B00513JDPO,5.0,1
B00510ITFM,5.0,1
B00513JG2E,5.0,1
B005152QZQ,5.0,1
B005152DEK,5.0,1
B005151N5U,5.0,1
B005151LMU,5.0,1
B0051519TA,5.0,1
B00515119I,5.0,1
B005150YCI,5.0,1
B005150TQ4,5.0,1
B005150RUC,5.0,1
B0051503D8,5.0,1
B00514XR50,5.0,1
B00514S6CE,5.0,1
B00514OIUS,5.0,1
B00514NSG8,5.0,1
B00514KRZ8,5.0,1
B00514H4FE,5.0,1
B00514GKDQ,4.0,1
B00514FHVW,5.0,1
B00514DI7C,4.0,1
B00513M8ZQ,5.0,1
B00513JYNK,5.0,1
B00510ISZ8,5.0,1
B0050YRGIK,5.0,1
B0050YG06E,5.0,1
B0050XYVAC,4.0,1
B0050XG3US,5.0,1
B0050X86TO,5.0,1
B0050X0J7Q,5.0,1
B0050X01UG,5.0,1
B0050WX4M4,5.0,1
B0050WWCRC,5.0,1
B0050WV6I8,5.0,1
B0050WUYUO,5.0,1
B0050WMASI,5.0,1
B0050WM7FO,5.0,1
B0050WM31W,5.0,1
B0050WL8XG,5.0,1
B0050WL3OU,5.0,1
B0050WKRHY,4.0,1
B0050WKOTA,5.0,1
B0050WIPRS,5.0,1
B0050WHPDI,4.0,1
B0050WABY8,4.0,1
B0050W2SA8,5.0,1
B0050VYABO,5.0,1
B0050VLOMW,4.0,1
B0050UYDLM,5.0,1
B0050UQ9QO,5.0,1
B0050YGDT8,4.0,1
B0050Z2DJ6,5.0,1
B00510GXJG,4.0,1
B0050ZIEK8,5.0,1
B0050ZKM76,4.0,1
B0050ZJKRO,5.0,1
B0050ZJJ4I,5.0,1
B0050ZJIX0,5.0,1
B0050ZJGP0,5.0,1
B0050ZJFMY,5.0,1
B0050ZJBC8,5.0,1
B0050ZJAK6,5.0,1
B0050ZJ75E,5.0,1
B0050ZJ1Q4,4.0,1
B0050ZJ0XI,4.0,1
B0050ZIZU2,4.0,1
B0050ZIYBC,5.0,1
B0050ZIXUO,5.0,1
B0050ZIX9U,5.0,1
B0050ZIU8Y,5.0,1
B0050ZITDU,5.0,1
B0050ZIS0E,5.0,1
B0050ZIRGY,5.0,1
B0050ZIQLA,5.0,1
B0050ZILII,4.0,1
B0050ZIKAC,5.0,1
B0050ZIIKO,4.0,1
B0050ZIFDO,4.0,1
B00515GRUG,5.0,1
B00515LGK2,5.0,1
B0051J0E1A,5.0,1
B0051IIJOU,5.0,1
B0051IHORS,4.0,1
B0051I6RW6,5.0,1
B0051I6Q2M,5.0,1
B0051I5IF8,5.0,1
B0051I439A,4.0,1
B0051HR4HE,5.0,1
B0051HK94O,4.0,1
B0051HK1UG,5.0,1
B0051HHHS0,4.0,1
B0051HCBT0,5.0,1
B0051HB7V8,5.0,1
B0051HAZJS,5.0,1
B0051GSZR8,5.0,1
B0051GSSJI,5.0,1
B0051GIHVW,5.0,1
B0051GFHC4,5.0,1
B0051GDM2G,5.0,1
B0051GASI2,5.0,1
B0051G4IFQ,4.0,1
B0051G4DW4,5.0,1
B0051F3VN2,4.0,1
B0051J0CEO,5.0,1
B0051J3VLK,5.0,1
B0051JJXLM,5.0,1
B0051PIZFQ,4.0,1
B0051PHYB2,5.0,1
B0051PHVR4,5.0,1
B0051PCIGS,4.0,1
B0051P85PQ,5.0,1
B0051OO3BC,5.0,1
B0051OKZNW,4.0,1
B0051OKZEQ,5.0,1
B0051OKVHC,4.0,1
B0051OKVFE,5.0,1
B0051O2NSW,5.0,1
B0051NEQKQ,5.0,1
B0051NELT2,5.0,1
B0051MLGJG,4.0,1
B0051M9IKA,5.0,1
B0051M8DAG,5.0,1
B0051M1DBW,5.0,1
B0051LZX2S,5.0,1
B0051LNA82,4.0,1
B0051KVJ5Y,5.0,1
B0051KGQ0M,5.0,1
B0051F31QE,5.0,1
B00515TGUE,4.0,1
B00518N6QG,5.0,1
B00518N5IK,5.0,1
B00518N4KY,5.0,1
B00518N2PQ,5.0,1
B00518N2L0,5.0,1
B00518N1EI,5.0,1
B00518N148,5.0,1
B00518M6VM,5.0,1
B00518M4Y6,5.0,1
B00518M2SE,5.0,1
B00518LVDQ,5.0,1
B00518LKC8,5.0,1
B00518LILQ,5.0,1
B0051877NE,5.0,1
B0051877N4,5.0,1
B0051877MK,5.0,1
B0051876GC,5.0,1
B00516T1XK,5.0,1
B00516T0TK,5.0,1
B00516S5NW,5.0,1
B00516PT7C,4.0,1
B005165PXA,5.0,1
B005165MHY,5.0,1
B00518N8Z0,5.0,1
B0051A6774,5.0,1
B0051D9DOU,5.0,1
B0051D94V2,5.0,1
B0051CSK4A,5.0,1
B0051CS0I6,5.0,1
B0051CNM2A,5.0,1
B0051C7GFO,5.0,1
B0051C16TQ,5.0,1
B0051C0ZP2,4.0,1
B0051BXH94,5.0,1
B0051BN2P8,5.0,1
B0051BL6S8,5.0,1
B0051BH7TK,5.0,1
B0051B3SRK,4.0,1
B0051B1FN4,5.0,1
B0051AZB1C,5.0,1
B0051AZ6VW,5.0,1
B0051AZ5HW,5.0,1
B0051AZ4AU,5.0,1
B0051ASNCQ,5.0,1
B0051AO118,5.0,1
B0051ACY30,5.0,1
B0051A8OES,5.0,1
B0057QW0EG,5.0,1
B004Y7LDMO,5.0,1
B005F0RJ1S,4.0,1
B005F0HHGA,5.0,1
B005EZSUGC,5.0,1
B005EZIWYW,5.0,1
B005EZIKSA,5.0,1
B005EZEGSI,4.0,1
B005EZE62O,5.0,1
B005EZDO4U,5.0,1
B005EZ6LXQ,5.0,1
B005EZ4CZA,5.0,1
B005EZ4CP0,5.0,1
B005EZ4CHI,4.0,1
B005EZ432W,5.0,1
B005EQO9MU,5.0,1
B005EZ2XSI,5.0,1
B005EZ2R5M,5.0,1
B005EZ2IVU,5.0,1
B005EZ1DGG,5.0,1
B005EZ13Q6,5.0,1
B005EYSQ1C,5.0,1
B005EYRRBW,5.0,1
B005EYJO9A,5.0,1
B005EY6KC4,4.0,1
B005EY1IZI,4.0,1
B005F14IIO,5.0,1
B005F14R4O,5.0,1
B005F5IF4I,5.0,1
B005F5IEIK,4.0,1
B005F5HNLY,5.0,1
B005F56662,5.0,1
B005F50Z3C,5.0,1
B005F4GXWU,5.0,1
B005F3WJBU,5.0,1
B005F3VV5U,5.0,1
B005F3HX84,4.0,1
B005F3HWLW,5.0,1
B005F3HWIU,5.0,1
B005F35RGY,5.0,1
B005F2KCME,5.0,1
B005F2GPDY,5.0,1
B005F2EWU2,5.0,1
B005F2EWAC,5.0,1
B005F2ERI4,5.0,1
B005F24SKQ,5.0,1
B005F1IVKA,5.0,1
B005F1IOLQ,5.0,1
B005F1GUSU,4.0,1
B005EY0GCO,5.0,1
B005EY022S,5.0,1
B005EWA8AG,5.0,1
B005ESAYMC,5.0,1
B005ESAYCM,5.0,1
B005ESAXLE,5.0,1
B005ESAW88,5.0,1
B005ESAU2Q,4.0,1
B005ESATZE,5.0,1
B005ESAPFI,5.0,1
B005ESAOJU,5.0,1
B005ES3GCW,5.0,1
B005ES16KQ,5.0,1
B005ERM8TK,5.0,1
B005ERL90Y,4.0,1
B005ERK0DQ,5.0,1
B005EQS0C0,5.0,1
B005EQS0AM,5.0,1
B005EQPKNW,5.0,1
B005EQOO0M,5.0,1
B005EQON4E,5.0,1
B005EQOJU2,5.0,1
B005EQOEXE,5.0,1
B005EQODWQ,5.0,1
B005EQODI0,5.0,1
B005EQOBW8,5.0,1
B005ESAYF4,4.0,1
B005ESAYPO,4.0,1
B005EVUPFU,5.0,1
B005ESAZ1M,5.0,1
B005EVKK0A,4.0,1
B005EV7NF0,5.0,1
B005EUFHAE,4.0,1
B005ETWAWI,4.0,1
B005ETW8NE,5.0,1
B005ETB6PU,4.0,1
B005ET9NOQ,5.0,1
B005ET9DFA,5.0,1
B005ET4LMU,4.0,1
B005ET2QA4,5.0,1
B005ET2G86,5.0,1
B005ESTW3O,5.0,1
B005ESRUHY,5.0,1
B005ESI1HW,5.0,1
B005ESHW5O,5.0,1
B005ESHBAU,5.0,1
B005ESB9EO,4.0,1
B005ESB868,5.0,1
B005ESB1DI,5.0,1
B005ESB0U2,5.0,1
B005ESB0IY,5.0,1
B005ESB02A,4.0,1
B005ESAZM6,5.0,1
B005F5JE6Q,4.0,1
B005F5K0SM,5.0,1
B005FCJ6PS,5.0,1
B005FCI9OC,4.0,1
B005FCHAEC,5.0,1
B005FCFZUS,5.0,1
B005FCFUNK,5.0,1
B005FCFTGS,4.0,1
B005FCD2CQ,5.0,1
B005FCB6BA,5.0,1
B005FCB43A,5.0,1
B005FCB3IG,5.0,1
B005FCB39K,5.0,1
B005FCB1GK,4.0,1
B005FCA5LC,5.0,1
B005FC99ZU,5.0,1
B005FC70II,5.0,1
B005FC70GK,4.0,1
B005FC6ZHU,5.0,1
B005FC6BB0,5.0,1
B005FC4BEO,5.0,1
B005FBC1SI,5.0,1
B005FBC1JW,4.0,1
B005FB9LNG,5.0,1
B005FB876S,5.0,1
B005FB18SC,5.0,1
B005FAP4GU,5.0,1
B005FCY9WI,4.0,1
B005FAL8ME,5.0,1
B005FD3QIK,5.0,1
B005FGXSQ2,5.0,1
B005FGRLT2,5.0,1
B005FGQJDQ,5.0,1
B005FGM6HY,5.0,1
B005FGEDSO,5.0,1
B005FG983Y,5.0,1
B005FG96WC,5.0,1
B005FG6FF8,5.0,1
B005FG4B40,5.0,1
B005FG270U,5.0,1
B005FFUIMU,5.0,1
B005FFBXCY,4.0,1
B005FEOI4A,5.0,1
B005FEOEZI,5.0,1
B005FEOAJI,5.0,1
B005FEO4VC,4.0,1
B005FDO71A,4.0,1
B005FDGRZY,5.0,1
B005FDEKQ2,5.0,1
B005FD4PRQ,5.0,1
B005FANJ1M,5.0,1
B005FAL45U,5.0,1
B005F5K67W,5.0,1
B005F752SI,5.0,1
B005F752FG,5.0,1
B005F6UI6K,5.0,1
B005F6PSA6,5.0,1
B005F6OGZ4,5.0,1
B005F6ND4E,5.0,1
B005F6N326,5.0,1
B005F6L4I6,5.0,1
B005F6ITUC,5.0,1
B005F6CO1C,4.0,1
B005F6BL3E,5.0,1
B005F6A9DC,5.0,1
B005F67IZO,5.0,1
B005F65H5M,5.0,1
B005F65H02,4.0,1
B005F65G6M,5.0,1
B005F63LDC,5.0,1
B005F5P2R6,4.0,1
B005F5OSVC,5.0,1
B005F5KE7O,5.0,1
B005F7A9FY,4.0,1
B005F7J4YG,5.0,1
B005FAKY06,5.0,1
B005F7KTPO,5.0,1
B005FAHC8I,5.0,1
B005FAGTE6,4.0,1
B005FADWX2,5.0,1
B005FACQ84,4.0,1
B005FACP8A,5.0,1
B005FACND2,5.0,1
B005FACMB0,5.0,1
B005FAAHW6,4.0,1
B005FAAE7O,5.0,1
B005FAAE2E,4.0,1
B005FAACG2,5.0,1
B005FAA6UO,5.0,1
B005FA71UM,5.0,1
B005F8ZSKO,5.0,1
B005F8ZSHM,5.0,1
B005F8Y44A,5.0,1
B005F8VO3O,5.0,1
B005F8VMPY,5.0,1
B005F8VFIS,5.0,1
B005F7SZWS,5.0,1
B005F7PHMY,5.0,1
B005F7PA44,5.0,1
B005F7M6U0,5.0,1
B005EQO9SO,4.0,1
B005EQNW0A,5.0,1
B005FH2J84,5.0,1
B005DUNJXC,5.0,1
B005DUMJV0,4.0,1
B005DU84VY,5.0,1
B005DU17E0,5.0,1
B005DTX0UK,5.0,1
B005DTRA8S,5.0,1
B005DTMHSQ,5.0,1
B005DTM1PU,5.0,1
B005DTEV1C,4.0,1
B005DT8DUM,5.0,1
B005DST1N6,5.0,1
B005EQNFK2,5.0,1
B005DSO68Q,5.0,1
B005DSNARY,5.0,1
B005DSB0OY,5.0,1
B005DRZ20S,5.0,1
B005DRYDQM,5.0,1
B005DRTDLW,5.0,1
B005DRRVB6,5.0,1
B005DRO4MU,5.0,1
B005DR5PR8,4.0,1
B005DUQ8SK,5.0,1
B005DUS0HC,5.0,1
B005DVJ3X6,5.0,1
B005E0NR2O,5.0,1
B005E0NO4A,4.0,1
B005E0NJBS,5.0,1
B005E0NIT6,4.0,1
B005E0NDQ4,4.0,1
B005E0NBM0,5.0,1
B005E0JCEG,5.0,1
B005E0GH0I,5.0,1
B005E0CHBG,5.0,1
B005DZSAPY,5.0,1
B005DXM37M,5.0,1
B005DX3CM2,5.0,1
B005DX3BZ0,5.0,1
B005DX0UOU,5.0,1
B005DWI4I0,5.0,1
B005DWELL4,5.0,1
B005DVSK76,5.0,1
B005DVSB1G,5.0,1
B005DVS88W,4.0,1
B005DVS2ZG,5.0,1
B005DR2DWI,5.0,1
B005DQHJFK,5.0,1
B005DQGNP2,4.0,1
B005DLHAHM,5.0,1
B005DKV5EW,5.0,1
B005DKKGEC,5.0,1
B005DKK912,4.0,1
B005DKK5DE,5.0,1
B005DKJZZ8,5.0,1
B005DJFXXC,4.0,1
B005DJ7HTU,5.0,1
B005DJ27VS,5.0,1
B005DJ1YFS,5.0,1
B005DIAH4S,5.0,1
B005DI24HQ,5.0,1
B005DHYRIQ,5.0,1
B005DHYMUE,5.0,1
B005DHWZKS,4.0,1
B005DH22RE,5.0,1
B005DH1M3E,5.0,1
B005DGRPI6,5.0,1
B005DFL11Y,5.0,1
B005DFKUMU,5.0,1
B005DL29FU,5.0,1
B005DLXX46,4.0,1
B005DQ1O56,5.0,1
B005DP2J10,5.0,1
B005DP2CBM,5.0,1
B005DP2C2Q,5.0,1
B005DP2A8C,4.0,1
B005DP1AKG,4.0,1
B005DOZHOW,5.0,1
B005DOOPWM,5.0,1
B005DOGH3C,5.0,1
B005DO1MPA,4.0,1
B005DO1HZU,5.0,1
B005DO1FSY,5.0,1
B005DO1F3Y,5.0,1
B005DO17QY,5.0,1
B005DNZX06,5.0,1
B005DNXLDW,5.0,1
B005DNTWVC,5.0,1
B005DNT3DO,5.0,1
B005DNOGVI,5.0,1
B005DNNBHS,4.0,1
B005DNFV2G,5.0,1
B005DNC372,4.0,1
B005DN6XYG,4.0,1
B005DN2IHM,5.0,1
B005DMWVAC,5.0,1
B005DMVI4W,5.0,1
B005DMC1HU,5.0,1
B005E0OF16,4.0,1
B005E170A8,5.0,1
B005EKINCS,5.0,1
B005EK74G4,5.0,1
B005EK46P6,5.0,1
B005EJH7LC,5.0,1
B005EJ9L2K,5.0,1
B005EJ5OG2,5.0,1
B005EJ4SBE,5.0,1
B005EJ3SBU,5.0,1
B005EINCP8,5.0,1
B005EIJEGY,5.0,1
B005EHR3IQ,4.0,1
B005EHQJFY,5.0,1
B005EHOGZO,5.0,1
B005EH7GJW,5.0,1
B005EH4EFG,5.0,1
B005EGY35S,5.0,1
B005EGXV7Y,5.0,1
B005EGUJOW,5.0,1
B005EGTHV8,5.0,1
B005EGRHSI,5.0,1
B005EGPN2U,5.0,1
B005EGLQFS,5.0,1
B005EGL194,5.0,1
B005EGKQIQ,5.0,1
B005EKINAA,5.0,1
B005EL2B7K,4.0,1
B005EL67KM,5.0,1
B005EQNA3E,5.0,1
B005EQM0GC,4.0,1
B005EPEVNI,5.0,1
B005EP7WK2,5.0,1
B005EO7QGS,5.0,1
B005EO5CBY,4.0,1
B005EN39EM,5.0,1
B005EN2P2O,4.0,1
B005EMV3EG,5.0,1
B005EMTSH0,5.0,1
B005EMOHFI,5.0,1
B005EMODES,4.0,1
B005EMJ21W,4.0,1
B005EMBB2A,4.0,1
B005EM66LQ,5.0,1
B005EM5BU8,5.0,1
B005ELYX4O,5.0,1
B005ELOKDS,5.0,1
B005ELNJ8A,4.0,1
B005ELN296,5.0,1
B005EL6SZ6,5.0,1
B005EGCZYE,5.0,1
B005EAN1PW,5.0,1
B005EA6S2A,5.0,1
B005E9JTXQ,5.0,1
B005E9HHJY,4.0,1
B005E9GWG8,5.0,1
B005E94PYO,4.0,1
B005E925L4,5.0,1
B005E822AO,5.0,1
B005E6MV2U,5.0,1
B005E6CLJ8,5.0,1
B005E5RTLE,4.0,1
B005E5GUIW,5.0,1
B005E4XNK6,5.0,1
B005E4WL18,5.0,1
B005E3GKWU,5.0,1
B005E3CBZK,5.0,1
B005E38RV2,5.0,1
B005E2YO7E,5.0,1
B005E2VR38,5.0,1
B005E2VQA2,4.0,1
B005E2VFSA,5.0,1
B005E2VB34,5.0,1
B005E1OK7E,5.0,1
B005E1NO44,5.0,1
B005E1H6SO,5.0,1
B005EAD0SK,5.0,1
B005EAW590,4.0,1
B005EFW6B2,5.0,1
B005EFVE4M,5.0,1
B005EFV41K,5.0,1
B005EFTMZA,5.0,1
B005EFT7UA,5.0,1
B005EFT5IY,5.0,1
B005EFJLTM,5.0,1
B005EDVGDI,5.0,1
B005EDUZP8,5.0,1
B005EDJ7GQ,5.0,1
B005EDH8KS,5.0,1
B005EDBYO4,5.0,1
B005ED7PO2,5.0,1
B005ED7PCE,5.0,1
B005ED7P0Q,4.0,1
B005ED7OMK,5.0,1
B005ED7O48,5.0,1
B005ED7NOY,5.0,1
B005ED7N76,5.0,1
B005ED7MH2,5.0,1
B005ED7M9K,5.0,1
B005ED45UY,5.0,1
B005ED3C5S,5.0,1
B005ECLSMI,4.0,1
B005EC4K0U,5.0,1
B005FGZ6NU,4.0,1
B005FH3TJ2,5.0,1
B0057QW0MS,5.0,1
B005GQTII8,5.0,1
B005GRH6D6,5.0,1
B005GRH5U0,5.0,1
B005GRFO6M,4.0,1
B005GRFFP2,4.0,1
B005GRE4DG,5.0,1
B005GRE41S,5.0,1
B005GRE3VO,5.0,1
B005GRCWL2,5.0,1
B005GRB2Y0,5.0,1
B005GR6T7U,5.0,1
B005GQUK0I,5.0,1
B005GQTLT4,5.0,1
B005GQTHOS,5.0,1
B005GJW40O,5.0,1
B005GQTH16,5.0,1
B005GQTEWS,5.0,1
B005GQT4BY,5.0,1
B005GQSUXC,5.0,1
B005GQOXY2,5.0,1
B005GQGCN2,5.0,1
B005GQ6JPI,5.0,1
B005GPI9MU,4.0,1
B005GPG4MC,5.0,1
B005GP6BPW,5.0,1
B005GRH6EK,5.0,1
B005GRH6FE,5.0,1
B005GRH6H2,5.0,1
B005GRRHGC,4.0,1
B005GVFPO4,5.0,1
B005GVELAI,5.0,1
B005GUPUUE,5.0,1
B005GUMKQQ,4.0,1
B005GTX4R6,5.0,1
B005GTWJ4A,5.0,1
B005GTW6ZW,5.0,1
B005GTW4VI,5.0,1
B005GTW4O0,4.0,1
B005GTVPCC,4.0,1
B005GTV02M,5.0,1
B005GTUZ4Q,5.0,1
B005GTUVQS,5.0,1
B005GTUT60,5.0,1
B005GTUH76,5.0,1
B005GTUCRQ,5.0,1
B005GTNUHU,5.0,1
B005GTNTEE,5.0,1
B005GTAEE2,5.0,1
B005GTAALE,5.0,1
B005GTA3UM,5.0,1
B005GSX6NE,5.0,1
B005GSSHJM,4.0,1
B005GSE6N8,5.0,1
B005GS6NUW,4.0,1
B005GS2GU8,5.0,1
B005GS198I,5.0,1
B005GOW490,5.0,1
B005GOW1OI,5.0,1
B005GOW04Y,5.0,1
B005GMQTZW,5.0,1
B005GMM3F2,4.0,1
B005GLZYP4,5.0,1
B005GLZB7A,5.0,1
B005GLY6LW,5.0,1
B005GLXOW4,5.0,1
B005GLWHG8,5.0,1
B005GLVUIO,5.0,1
B005GLV0SY,5.0,1
B005GLTQFS,5.0,1
B005GLPDYG,5.0,1
B005GLO6GC,5.0,1
B005GLMY6Q,5.0,1
B005GLLFYI,5.0,1
B005GLKPYY,5.0,1
B005GLKML0,4.0,1
B005GLJ090,5.0,1
B005GLIHA8,5.0,1
B005GLIA14,5.0,1
B005GLI8A2,5.0,1
B005GKX5SS,5.0,1
B005GKJA96,5.0,1
B005GKJ6IG,5.0,1
B005GKGQWA,5.0,1
B005GKAVIU,5.0,1
B005GK25ES,5.0,1
B005GK25CK,5.0,1
B005GMQHPO,5.0,1
B005GOVZWW,5.0,1
B005GMXN1K,5.0,1
B005GOPAUA,5.0,1
B005GOPAGY,5.0,1
B005GOPA6O,5.0,1
B005GOP6N6,5.0,1
B005GOP62C,5.0,1
B005GOI5Y8,5.0,1
B005GO1P5O,5.0,1
B005GNWBZ8,4.0,1
B005GNSAUI,5.0,1
B005GMZ6XS,5.0,1
B005GMZ6Q0,5.0,1
B005GMZ5HU,5.0,1
B005GMYQ8E,5.0,1
B005GMYOSQ,5.0,1
B005GMYI82,5.0,1
B005GMYG5M,5.0,1
B005GMYFA8,5.0,1
B005GMY8PK,5.0,1
B005GMY6HU,5.0,1
B005GMXY1Y,4.0,1
B005GMXRVQ,5.0,1
B005GMXR8Y,5.0,1
B005GVFQTI,4.0,1
B005GVFQWA,5.0,1
B005H89XMQ,5.0,1
B005H7YZKC,5.0,1
B005H7WHDE,5.0,1
B005H62CTY,5.0,1
B005H5JAHC,4.0,1
B005H5HTN4,5.0,1
B005H5HHYU,5.0,1
B005H5HHAE,4.0,1
B005H4WMRI,5.0,1
B005H4F5VI,5.0,1
B005H40X60,5.0,1
B005H408XI,5.0,1
B005H3SI0O,5.0,1
B005H3Q9SM,5.0,1
B005H3PQBS,5.0,1
B005H3MRJW,5.0,1
B005H3MBMK,4.0,1
B005H3I3D6,4.0,1
B005H3HUEO,5.0,1
B005H3GXLA,5.0,1
B005H3EUVK,5.0,1
B005H897RW,5.0,1
B005H89ZOW,5.0,1
B005H3BVXA,5.0,1
B005HAYKQI,5.0,1
B005HAYEKU,5.0,1
B005HAX0D2,5.0,1
B005HAURGA,5.0,1
B005HAS3JS,5.0,1
B005HAS02I,5.0,1
B005HAP2CO,5.0,1
B005HA9T7S,5.0,1
B005HA9F0Y,5.0,1
B005HA9B9E,5.0,1
B005HA92BQ,5.0,1
B005HA925W,4.0,1
B005HA925C,5.0,1
B005HA923E,5.0,1
B005HA91OY,4.0,1
B005HA79D4,5.0,1
B005H9VN8M,5.0,1
B005H9MQK6,5.0,1
B005H99EB0,5.0,1
B005H93P38,5.0,1
B005H8FRD0,5.0,1
B005H8DZA2,4.0,1
B005H8D6A6,5.0,1
B005H8C6GG,5.0,1
B005H3E204,5.0,1
B005H3BCI4,5.0,1
B005GXHREI,5.0,1
B005GXEZVQ,5.0,1
B005GX1MSA,5.0,1
B005GX1KEG,5.0,1
B005GX1DBQ,5.0,1
B005GX1CI0,4.0,1
B005GWWMJ4,5.0,1
B005GWVETS,5.0,1
B005GWV2M2,5.0,1
B005GWUYJO,5.0,1
B005GWUT9O,5.0,1
B005GWUKIO,5.0,1
B005GWUADY,5.0,1
B005GWU5NO,5.0,1
B005GWSX7Y,5.0,1
B005GWSQJ4,5.0,1
B005GWP15G,5.0,1
B005GWHO9W,5.0,1
B005GWGB6Y,5.0,1
B005GWD1K8,5.0,1
B005GWASR2,5.0,1
B005GW8400,4.0,1
B005GW7X16,5.0,1
B005GW7IVQ,5.0,1
B005GW4Z6M,5.0,1
B005GVY8PQ,5.0,1
B005GXGQAY,5.0,1
B005GXQMX0,5.0,1
B005H3B9N2,4.0,1
B005H31SA6,5.0,1
B005H2RLTO,4.0,1
B005H21SG6,4.0,1
B005H1YVFM,5.0,1
B005H1YRSS,5.0,1
B005H1X1CQ,5.0,1
B005H1WKBE,5.0,1
B005H1OOXG,5.0,1
B005H1OIWS,5.0,1
B005H0PVWA,5.0,1
B005H0NSB6,5.0,1
B005H0NR44,5.0,1
B005H0I1ZO,4.0,1
B005GZRT4Y,5.0,1
B005GZQSPK,5.0,1
B005GZBPAI,5.0,1
B005GZ9O0G,5.0,1
B005GYZKK0,5.0,1
B005GYVG1C,4.0,1
B005GYKDUM,4.0,1
B005GYFPKK,5.0,1
B005GY9Q0A,5.0,1
B005GXQNSE,5.0,1
B005GK15DA,5.0,1
B005GJVCA2,5.0,1
B005FU7TXQ,5.0,1
B005FVUJVO,4.0,1
B005FVMR7I,5.0,1
B005FUUDKC,5.0,1
B005FURQS4,5.0,1
B005FUIFFW,5.0,1
B005FUIESA,5.0,1
B005FUIDWM,5.0,1
B005FUIDN6,4.0,1
B005FU9T0M,5.0,1
B005FU9SWQ,5.0,1
B005GJFP6E,5.0,1
B005FU5YWE,5.0,1
B005FU4ZLK,4.0,1
B005FU4DVW,5.0,1
B005FTVRNU,5.0,1
B005FTR6N0,5.0,1
B005FTLIB6,4.0,1
B005FT4IS6,5.0,1
B005FT3648,4.0,1
B005FT35VC,5.0,1
B005FSY3BO,5.0,1
B005FSXC66,5.0,1
B005FSII0G,4.0,1
B005FSEPSK,5.0,1
B005FVUQ5I,5.0,1
B005FVV4AO,5.0,1
B005G1Y3S8,4.0,1
B005G17Q0U,5.0,1
B005G16YB2,5.0,1
B005G0N2U4,5.0,1
B005G0HG5G,5.0,1
B005G0B49K,5.0,1
B005G0APPE,4.0,1
B005G02OLW,5.0,1
B005G01BFW,5.0,1
B005G00R7U,5.0,1
B005FYPXRQ,5.0,1
B005FYK6N2,5.0,1
B005FYK5PQ,5.0,1
B005FYJC50,5.0,1
B005FYJBFG,4.0,1
B005FYHIRE,5.0,1
B005FYGDUC,5.0,1
B005FYEDHM,5.0,1
B005FY5Y2K,4.0,1
B005FY5Y16,5.0,1
B005FY5XYE,5.0,1
B005FXYAEO,4.0,1
B005FXM8O8,5.0,1
B005FWSJ7E,5.0,1
B005FWSAKU,5.0,1
B005FWCVVO,5.0,1
B005FSEPKI,5.0,1
B005FSEP0I,5.0,1
B005FRGING,5.0,1
B005FMO77A,5.0,1
B005FMCVPA,5.0,1
B005FMCDM6,5.0,1
B005FMBY3U,5.0,1
B005FMBVN8,5.0,1
B005FMBSIQ,5.0,1
B005FMBFG6,5.0,1
B005FLW39A,5.0,1
B005FLRYJ4,4.0,1
B005FLQB3O,5.0,1
B005FLQ6MA,5.0,1
B005FLPKK4,5.0,1
B005FLPIVU,5.0,1
B005FLOZ64,4.0,1
B005FLOLAO,5.0,1
B005FLO9RO,5.0,1
B005FL8HZ4,5.0,1
B005FKD30Y,5.0,1
B005FJQ2VC,5.0,1
B005FIPK66,5.0,1
B005FI1WVS,5.0,1
B005FHW96G,4.0,1
B005FMN3L6,5.0,1
B005FMRLLO,5.0,1
B005FRFT6I,5.0,1
B005FMSVMW,5.0,1
B005FQYQA4,5.0,1
B005FQWM1O,5.0,1
B005FQOC9Y,5.0,1
B005FQNE5M,5.0,1
B005FQL3W8,4.0,1
B005FQKPRW,5.0,1
B005FQBNDC,5.0,1
B005FPGXP6,5.0,1
B005FP5C1W,5.0,1
B005FP4SQ2,5.0,1
B005FOBPPK,5.0,1
B005FO9DSQ,4.0,1
B005FO0BYQ,5.0,1
B005FNPW0K,5.0,1
B005FNOZ3U,5.0,1
B005FNKCPU,5.0,1
B005FNJLA2,5.0,1
B005FNG29K,4.0,1
B005FNCI0C,4.0,1
B005FN6XPS,5.0,1
B005FN05YI,5.0,1
B005FMTYA0,4.0,1
B005G1Y3SS,5.0,1
B005G1Y496,5.0,1
B005G1Y4J6,5.0,1
B005GETHT0,5.0,1
B005GEOG1Y,5.0,1
B005GEOA0G,5.0,1
B005GEMW1K,5.0,1
B005GDIEB8,5.0,1
B005GDIAM6,5.0,1
B005GDB3H0,5.0,1
B005GDB3DE,5.0,1
B005GCLKMY,5.0,1
B005GAEGV8,5.0,1
B005GAE39I,5.0,1
B005GAD0OC,5.0,1
B005GABY7M,5.0,1
B005GAARMA,5.0,1
B005GAAPC2,5.0,1
B005G9WT7C,4.0,1
B005G9RF1W,5.0,1
B005G9E9AW,5.0,1
B005G9C3QO,5.0,1
B005G9BX10,5.0,1
B005G8VK00,5.0,1
B005G8VDE8,5.0,1
B005G8V5A0,4.0,1
B005G8FNB2,5.0,1
B005G8FDQC,5.0,1
B005GEP028,4.0,1
B005GEWLSE,5.0,1
B005GF0B6M,5.0,1
B005GJ49IE,4.0,1
B005GIWDI8,4.0,1
B005GIPZZ6,4.0,1
B005GIOUYS,5.0,1
B005GIOSPE,5.0,1
B005GIORKA,5.0,1
B005GIGEJ2,5.0,1
B005GI90A2,5.0,1
B005GI80IK,4.0,1
B005GI7XS8,5.0,1
B005GI5V46,5.0,1
B005GHZ8FY,5.0,1
B005GHRB04,5.0,1
B005GHQDEE,5.0,1
B005GHKU1G,5.0,1
B005GHJVGQ,5.0,1
B005GHJCX8,5.0,1
B005GHI2IE,4.0,1
B005GH5WXC,5.0,1
B005GG0K8A,5.0,1
B005GFTIMA,5.0,1
B005GFM64W,5.0,1
B005GFLZIU,5.0,1
B005GFLZDU,5.0,1
B005GF0IUG,5.0,1
B005G8BNYI,5.0,1
B005G84WOQ,5.0,1
B005G1Y5E0,4.0,1
B005G4R6PW,4.0,1
B005G4QKGS,5.0,1
B005G4I8ZE,5.0,1
B005G4HQFC,5.0,1
B005G4CSZA,4.0,1
B005G4A208,4.0,1
B005G48TVW,4.0,1
B005G48T0S,5.0,1
B005G48SL8,5.0,1
B005G48NYA,4.0,1
B005G47S4G,5.0,1
B005G47P0S,5.0,1
B005G43SHC,5.0,1
B005G41KXQ,5.0,1
B005G41JCI,5.0,1
B005G41J28,5.0,1
B005G3ZM9K,5.0,1
B005G3XI1O,5.0,1
B005G3UQGO,5.0,1
B005G3A95W,5.0,1
B005G39GKG,5.0,1
B005G2EJ4A,5.0,1
B005G4SJKS,5.0,1
B005G4T9KW,4.0,1
B005G8432W,4.0,1
B005G835KI,5.0,1
B005G82JFA,5.0,1
B005G7YXQ4,4.0,1
B005G7QLR8,5.0,1
B005G7QLOG,5.0,1
B005G7L9SO,4.0,1
B005G7FI90,5.0,1
B005G7AVGU,4.0,1
B005G6MXV2,5.0,1
B005G6HMO0,5.0,1
B005G6FU76,5.0,1
B005G6FJCM,5.0,1
B005G6EXPQ,4.0,1
B005G5YMBW,5.0,1
B005G5Y7V2,5.0,1
B005G5O258,5.0,1
B005G5KY1Y,5.0,1
B005G5124M,4.0,1
B005G4ZMO4,5.0,1
B005G4ULAE,5.0,1
B005DFKUHK,5.0,1
B005DFKQ9M,4.0,1
B005DFKNOA,4.0,1
B00597Q6RK,5.0,1
B00597NDQ2,5.0,1
B00597LT0O,5.0,1
B00597KA90,5.0,1
B00597DUFQ,4.0,1
B0059775XO,5.0,1
B0059724JY,5.0,1
B00596KT3I,5.0,1
B0059615PO,5.0,1
B0059614SM,5.0,1
B00595R57C,4.0,1
B00595QQE0,5.0,1
B0059588BO,4.0,1
B005955TP2,5.0,1
B0058QGMYY,5.0,1
B0059406RO,5.0,1
B00593XWDK,5.0,1
B00593VYX0,5.0,1
B00593FX50,5.0,1
B00593FR2O,5.0,1
B00593FMEC,5.0,1
B00593FL7U,5.0,1
B00593FL2A,5.0,1
B00592UO82,5.0,1
B00597TIDE,5.0,1
B005984FAE,5.0,1
B005984RFW,5.0,1
B0059H9W44,5.0,1
B0059H7ZCU,5.0,1
B0059GK3QQ,5.0,1
B0059GB7ZM,4.0,1
B0059G1V8U,5.0,1
B0059FPTRK,5.0,1
B0059F9CYQ,5.0,1
B0059EF96M,5.0,1
B0059EF2AA,5.0,1
B0059CXI4E,4.0,1
B0059CLNWS,4.0,1
B0059CIS8K,4.0,1
B0059BSIJA,5.0,1
B0059B0ZLY,5.0,1
B00599M7JY,5.0,1
B00598L2TQ,5.0,1
B00598GZQG,5.0,1
B005987NYO,5.0,1
B005986CPU,5.0,1
B005984UK4,4.0,1
B00592TZE6,5.0,1
B00592QRX8,5.0,1
B0058V0OZC,5.0,1
B0058V0KR4,4.0,1
B0058V0KIS,5.0,1
B0058UD53Q,5.0,1
B0058U3SMY,5.0,1
B0058U24T2,5.0,1
B0058U1YTI,5.0,1
B0058U1QH8,5.0,1
B0058TXCTO,5.0,1
B0058TWBOG,5.0,1
B0058TRLIC,5.0,1
B0058TE6S0,5.0,1
B0058TE4WI,5.0,1
B0058T59YK,5.0,1
B0058SXKSS,5.0,1
B0058SEAVY,5.0,1
B0058SCQRY,5.0,1
B0058SBB3E,4.0,1
B0058SBAH6,5.0,1
B0058S8BG4,5.0,1
B0058S8BF0,5.0,1
B0058S8AVA,5.0,1
B0058S7C00,4.0,1
B0058RRJ2C,5.0,1
B0058RIOKI,5.0,1
B0058QPE20,5.0,1
B0058V0M0O,5.0,1
B0058VWKHC,4.0,1
B00591DZZC,4.0,1
B0058W1DBA,4.0,1
B00590NA1C,5.0,1
B0058Z8JC8,5.0,1
B0058Z7OSI,4.0,1
B0058Z31K8,5.0,1
B0058YADH8,5.0,1
B0058Y2L0A,5.0,1
B0058XLOFY,5.0,1
B0058XLO36,5.0,1
B0058X0JIC,5.0,1
B0058X0JEG,5.0,1
B0058X0J32,5.0,1
B0058X0IX8,5.0,1
B0058X0IRO,5.0,1
B0058X0HF2,5.0,1
B0058X0GY4,4.0,1
B0058WEOUW,5.0,1
B0058WE96Q,4.0,1
B0058W9R40,5.0,1
B0058W6V2G,4.0,1
B0058W64NC,5.0,1
B0058W3ORQ,4.0,1
B0058W3OH6,5.0,1
B0059HAT7I,5.0,1
B0059HMSZE,4.0,1
B0059I666K,4.0,1
B005AKSHNM,5.0,1
B005AKPYYM,5.0,1
B005AK4Y5W,5.0,1
B005AK0WIU,5.0,1
B005AK0RYY,5.0,1
B005AJLG4A,5.0,1
B005AJIEG8,5.0,1
B005AJG38E,5.0,1
B005AILEES,5.0,1
B005AICYK6,5.0,1
B005AFJG32,5.0,1
B005AE2DO2,5.0,1
B005ADTTUY,4.0,1
B005ACKPM6,4.0,1
B005ABDLVY,5.0,1
B005ABAERI,4.0,1
B005AAVL1C,5.0,1
B005AAB3PG,5.0,1
B005AA8K3E,5.0,1
B005AA7LBG,5.0,1
B005AA5IBG,5.0,1
B005AL71ZQ,5.0,1
B005AL74SK,5.0,1
B005A9ANJE,5.0,1
B005ALUCRK,5.0,1
B005AXRW0S,5.0,1
B005AWWK0G,5.0,1
B005AW33KW,5.0,1
B005AVQEC2,5.0,1
B005AVPNWY,4.0,1
B005AVHH82,5.0,1
B005AUSXUY,5.0,1
B005AURF1C,5.0,1
B005AUP1C2,4.0,1
B005AULYPA,5.0,1
B005AU9WWW,5.0,1
B005AU4182,5.0,1
B005ASO7TC,5.0,1
B005AQVSCI,5.0,1
B005AQ2ADO,5.0,1
B005AOOLHY,4.0,1
B005AOOHNC,5.0,1
B005AOOGOC,5.0,1
B005AOOG3I,5.0,1
B005AN3BAS,5.0,1
B005A9F9YI,5.0,1
B0059IIKFA,5.0,1
B0059T90U8,4.0,1
B0059T81T4,5.0,1
B0059SFSQ4,5.0,1
B0059RZO4Q,4.0,1
B0059R8YJS,5.0,1
B0059R6FN0,5.0,1
B0059PW7V6,5.0,1
B0059PNLUW,5.0,1
B0059PGFZK,5.0,1
B0059P7SU6,5.0,1
B0059P18U2,5.0,1
B0059O11CI,5.0,1
B0059MMU2A,5.0,1
B0059LZRHQ,5.0,1
B0059LIVBU,5.0,1
B0059LGIXS,5.0,1
B0059L3M9Q,5.0,1
B0059KY4RG,5.0,1
B0059K30D0,4.0,1
B0059JZ98K,5.0,1
B0059JZ714,5.0,1
B0059JS658,5.0,1
B0059JEAMQ,5.0,1
B0059ISMCG,5.0,1
B0059T8XCO,5.0,1
B0059UQ604,5.0,1
B005A6KOJQ,5.0,1
B005A5Y5DS,5.0,1
B005A5F3BG,4.0,1
B005A5F38O,5.0,1
B005A4X13O,5.0,1
B005A0ON80,5.0,1
B005A0IXUY,5.0,1
B005A0HBHU,5.0,1
B005A07XUA,4.0,1
B005A01PC2,5.0,1
B0059ZSOKY,5.0,1
B0059ZHNH4,5.0,1
B0059YXI88,5.0,1
B0059XPNXW,5.0,1
B0059XM8GM,5.0,1
B0059WY64A,5.0,1
B0059WW6WY,4.0,1
B0059WBECW,5.0,1
B0059W9TCO,5.0,1
B0059VZH4E,5.0,1
B0059VRTE0,4.0,1
B0059UVIK2,5.0,1
B0058QHVUS,5.0,1
B0058QFLWS,4.0,1
B005DFKH96,5.0,1
B00584KW1K,5.0,1
B0058725J4,5.0,1
B00586X3W8,5.0,1
B00586QCIU,4.0,1
B0058678PG,4.0,1
B00585R0CS,5.0,1
B00585OHUG,5.0,1
B00585MCBC,5.0,1
B00585ICDY,4.0,1
B00585CHV2,5.0,1
B00584N1T0,5.0,1
B0058QFI3U,5.0,1
B005846QWY,5.0,1
B00582VKV8,5.0,1
B00581N2Z6,5.0,1
B00581LFIW,5.0,1
B0058196HO,4.0,1
B00580HQQI,5.0,1
B0057ZFWA6,5.0,1
B0057ZFEGI,5.0,1
B0057Z8MAS,5.0,1
B0057Z78NK,5.0,1
B00587F3I4,5.0,1
B00588EC9E,5.0,1
B00588H07U,5.0,1
B00588WGCE,5.0,1
B0058CI4A8,5.0,1
B0058BPBNM,5.0,1
B0058AVYPC,5.0,1
B0058AVYHA,5.0,1
B0058AVW4K,5.0,1
B0058AVTFW,4.0,1
B0058AUSTK,5.0,1
B0058ABVEG,4.0,1
B0058ABIFI,5.0,1
B0058AB8YO,5.0,1
B0058AA5UM,4.0,1
B0058A7XI4,5.0,1
B0058A74K6,5.0,1
B0058A62S6,5.0,1
B00589Z3OG,5.0,1
B00589S2Q2,5.0,1
B00589RZEW,5.0,1
B00589RFB0,4.0,1
B00589GWZ0,5.0,1
B00589C704,5.0,1
B0058993II,5.0,1
B0057Z686S,5.0,1
B0057Z52C4,5.0,1
B0057Z3BAY,5.0,1
B0057USZGY,5.0,1
B0057UQNYU,5.0,1
B0057UPXT6,5.0,1
B0057UGBJM,5.0,1
B0057UCVVE,5.0,1
B0057U1G4C,5.0,1
B0057T5NJM,5.0,1
B0057SX8LI,5.0,1
B0057SVK8Q,4.0,1
B0057SINHM,5.0,1
B0057SFQD6,5.0,1
B0057SFLJK,5.0,1
B0057SBGDA,5.0,1
B0057SAQL8,5.0,1
B0057RWA3G,5.0,1
B0057RGYX8,4.0,1
B0057RE6S8,5.0,1
B0057QZL2Y,5.0,1
B0057QWTB0,4.0,1
B0057QWNJ8,5.0,1
B0057QWFZU,5.0,1
B0057QWBVS,4.0,1
B0057QW9NI,5.0,1
B0057US5KA,5.0,1
B0057YFR7A,5.0,1
B0057YB30U,4.0,1
B0057YAXFQ,5.0,1
B0057Y5MH0,5.0,1
B0057XSCLY,4.0,1
B0057XP7VC,5.0,1
B0057XMF30,4.0,1
B0057XLYM8,4.0,1
B0057X7TOK,5.0,1
B0057X6AHM,4.0,1
B0057WLVPY,5.0,1
B0057W1B86,5.0,1
B0057VPYS0,5.0,1
B0057UXLDG,5.0,1
B0057UWIDA,5.0,1
B0057UW03I,5.0,1
B0057UVWVY,5.0,1
B0057UUS5K,5.0,1
B0057UUP3U,5.0,1
B0057UUI0A,4.0,1
B0057UUA08,5.0,1
B0058DBVUC,5.0,1
B0058DCX4K,5.0,1
B0058NX1VO,4.0,1
B0058NLLUM,4.0,1
B0058NGNG4,4.0,1
B0058NG6FM,5.0,1
B0058MJHS6,4.0,1
B0058M2QXY,4.0,1
B0058LTEKI,5.0,1
B0058LHYI2,5.0,1
B0058KGFFQ,5.0,1
B0058KGF9C,4.0,1
B0058KE2RE,5.0,1
B0058KDWOI,5.0,1
B0058KC2V2,5.0,1
B0058K6SNA,5.0,1
B0058K2X8O,5.0,1
B0058K2S0W,5.0,1
B0058K2JRY,5.0,1
B0058K22FS,5.0,1
B0058K1WOA,5.0,1
B0058JQBK6,4.0,1
B0058JPFA8,5.0,1
B0058JP6MK,5.0,1
B0058JFJZE,5.0,1
B0058NRHD2,4.0,1
B0058O2KVU,4.0,1
B0058J63MC,5.0,1
B0058O2MI6,5.0,1
B0058PJY72,5.0,1
B0058PJRCO,5.0,1
B0058PIM16,5.0,1
B0058PAIJK,5.0,1
B0058P84Z0,5.0,1
B0058OR984,5.0,1
B0058OR8VW,5.0,1
B0058OOWPW,5.0,1
B0058ONA8C,4.0,1
B0058OMDA8,5.0,1
B0058OL782,4.0,1
B0058OJOAA,4.0,1
B0058OJ5TA,4.0,1
B0058OGZ3O,5.0,1
B0058ODTH4,5.0,1
B0058OC07O,5.0,1
B0058OANIC,5.0,1
B0058O3OII,5.0,1
B0058O3BUY,5.0,1
B0058J50P8,4.0,1
B0058DDX5S,5.0,1
B0058EGKXE,5.0,1
B0058EG1O2,4.0,1
B0058EG17E,5.0,1
B0058EG0IE,5.0,1
B0058EFVHK,5.0,1
B0058EFK6M,4.0,1
B0058EFJO0,4.0,1
B0058EFHRE,5.0,1
B0058EF5EY,5.0,1
B0058EF4RW,5.0,1
B0058EF47C,5.0,1
B0058EE9RI,4.0,1
B0058EBGHO,5.0,1
B0058E3VHC,5.0,1
B0058DPY8M,5.0,1
B0058DP58G,5.0,1
B0058DP2DE,5.0,1
B0058DOPU0,5.0,1
B0058DOL7M,4.0,1
B0058DLXXW,5.0,1
B0058DL6AW,5.0,1
B0058DL5GC,5.0,1
B0058DJZ0K,5.0,1
B0058EGIN6,4.0,1
B0058EGL24,5.0,1
B0058J0148,4.0,1
B0058EGS3G,5.0,1
B0058IRDZY,5.0,1
B0058IP6AI,5.0,1
B0058IG72O,5.0,1
B0058IAI56,5.0,1
B0058G1YEC,4.0,1
B0058FO35A,5.0,1
B0058FO33M,5.0,1
B0058FO1NY,5.0,1
B0058FO1NO,5.0,1
B0058FO1NE,5.0,1
B0058FNZ22,5.0,1
B0058FEUNU,5.0,1
B0058FDW3Y,5.0,1
B0058FDFCC,5.0,1
B0058FDATK,4.0,1
B0058FD4LE,5.0,1
B0058EHGSC,5.0,1
B0058EHE1Q,5.0,1
B0058EHDNK,5.0,1
B0058EHCPO,5.0,1
B0058EHABU,5.0,1
B0058EGU3O,5.0,1
B005AYB38O,5.0,1
B005AYEE44,5.0,1
B005CSYVRI,5.0,1
B005CSYTAM,5.0,1
B005CSQ8LA,4.0,1
B005CSMBQG,4.0,1
B005CS0CIU,5.0,1
B005CRZEMK,5.0,1
B005CRXJGI,5.0,1
B005CRW2PW,5.0,1
B005CRPNNK,5.0,1
B005CQUCW8,4.0,1
B005CQL4ZM,5.0,1
B005AYFY7U,5.0,1
B005CQBJWU,5.0,1
B005CQAW82,5.0,1
B005CQA408,4.0,1
B005CQ9Q7K,5.0,1
B005CQ8P6I,5.0,1
B005CQ6W4U,4.0,1
B005CPZXSM,5.0,1
B005CPC0HO,5.0,1
B005CPBXV8,5.0,1
B005CU0VT8,4.0,1
B005CU26AK,4.0,1
B005CU2FCE,5.0,1
B005CWMEB4,5.0,1
B005CWKLNM,4.0,1
B005CWKLDM,4.0,1
B005CWKKJC,5.0,1
B005CWKIT4,5.0,1
B005CWJC7I,5.0,1
B005CWIPAS,5.0,1
B005CWICJC,5.0,1
B005CWHNCO,4.0,1
B005CWHCXY,5.0,1
B005CWGDJS,5.0,1
B005CWDKHG,5.0,1
B005CWCMOS,5.0,1
B005CW3116,5.0,1
B005CVGTNE,5.0,1
B005CVGNEO,5.0,1
B005CVF24Q,5.0,1
B005CVAVSS,5.0,1
B005CV1XIK,5.0,1
B005CV1XAS,5.0,1
B005CV1JOI,4.0,1
B005CKFSSW,5.0,1
B005CK3FCS,5.0,1
B005CK2H1I,5.0,1
B005CK2GIW,5.0,1
B005CJZGIU,5.0,1
B005CJR2UK,5.0,1
B005CJAPLI,5.0,1
B005CJ3D8A,5.0,1
B005CIZIZM,5.0,1
B005CIZH5S,4.0,1
B005CIJ5KQ,5.0,1
B005CHHQ1W,5.0,1
B005CHES1S,4.0,1
B005CHEJIA,5.0,1
B005CHEISG,5.0,1
B005CHEIS6,5.0,1
B005CHEHY6,5.0,1
B005CHEHUK,5.0,1
B005CHEGI8,5.0,1
B005CH7MQQ,5.0,1
B005CGK4OO,5.0,1
B005CKF59Y,5.0,1
B005CKRQ5U,4.0,1
B005CON94S,5.0,1
B005COD75Y,5.0,1
B005CNX7XC,5.0,1
B005CN625C,5.0,1
B005CMMKCM,4.0,1
B005CM7FP4,5.0,1
B005CM7DBK,5.0,1
B005CLPK4I,5.0,1
B005CLLUY2,5.0,1
B005CLL1JQ,5.0,1
B005CLKVCE,5.0,1
B005CLKMMS,5.0,1
B005CLKJEE,5.0,1
B005CLEWCO,4.0,1
B005CL3A2W,5.0,1
B005CKYYAA,4.0,1
B005CKXZ3W,5.0,1
B005CWMLNA,5.0,1
B005CWS8WS,5.0,1
B005D97JLG,5.0,1
B005D97HG8,5.0,1
B005D97BG4,4.0,1
B005D8R3NQ,5.0,1
B005D8K39M,5.0,1
B005D82SM2,4.0,1
B005D7WYDG,5.0,1
B005D7TXLC,5.0,1
B005D7TJZ2,5.0,1
B005D7QM4I,5.0,1
B005D7JT9I,4.0,1
B005D7FFLY,5.0,1
B005D7EQBO,4.0,1
B005D76KMC,5.0,1
B005D764TQ,5.0,1
B005D75T6K,5.0,1
B005D720Z8,5.0,1
B005D6OQGA,5.0,1
B005D5YPXK,5.0,1
B005D5Y3VE,5.0,1
B005D5THYC,5.0,1
B005D97KE2,5.0,1
B005D5NZD6,5.0,1
B005D9KE68,5.0,1
B005DF0V1K,5.0,1
B005DED7OO,5.0,1
B005DED7LW,4.0,1
B005DDIHBI,4.0,1
B005DD9CKI,5.0,1
B005DD56X0,5.0,1
B005DD562Q,5.0,1
B005DC7314,5.0,1
B005DC6NEW,5.0,1
B005DC6GBM,5.0,1
B005DC684C,5.0,1
B005DC33XQ,5.0,1
B005DBXQ3O,5.0,1
B005DBVQAE,5.0,1
B005DBPEQQ,5.0,1
B005DA02M8,5.0,1
B005D9QGZ6,5.0,1
B005D9QEWQ,4.0,1
B005D9PMPQ,5.0,1
B005D9MWY0,4.0,1
B005D9LP5W,4.0,1
B005D9L9A8,5.0,1
B005D5TEOA,5.0,1
B005D5L9MU,5.0,1
B005CWS93G,5.0,1
B005D0F66A,5.0,1
B005CZUPE4,5.0,1
B005CZM26I,5.0,1
B005CZK74C,5.0,1
B005CXWY6S,5.0,1
B005CXWKCG,4.0,1
B005CXRQWK,5.0,1
B005CXRM3I,5.0,1
B005CXQXMO,5.0,1
B005CXPFMI,5.0,1
B005CXKIBQ,5.0,1
B005CXFF9Q,4.0,1
B005CXEC40,4.0,1
B005CXD9H6,4.0,1
B005CXCNFA,5.0,1
B005CX3IMC,5.0,1
B005CX1OXW,5.0,1
B005CWYDUO,4.0,1
B005CWWVM6,5.0,1
B005CWWV1C,5.0,1
B005CWWUDG,5.0,1
B005CWWNIS,5.0,1
B005CWSTWW,5.0,1
B005CWSDA0,5.0,1
B005D0DIE2,5.0,1
B005D5KQ5G,4.0,1
B005D0GFTM,5.0,1
B005D5JI50,5.0,1
B005D5J55I,5.0,1
B005D5HY9W,5.0,1
B005D5HE8I,5.0,1
B005D54KHQ,5.0,1
B005D547V0,5.0,1
B005D4Y8AQ,4.0,1
B005D4Q6P6,5.0,1
B005D4Q6HE,5.0,1
B005D3N9DO,5.0,1
B005D395E6,5.0,1
B005D2ULBS,5.0,1
B005D2U99M,4.0,1
B005D2I520,4.0,1
B005D2BXII,5.0,1
B005D1W56I,5.0,1
B005D1NFO4,5.0,1
B005D1M96E,5.0,1
B005D0T8PA,5.0,1
B005CGFIAY,5.0,1
B005BTKE6U,5.0,1
B005BT8QLU,4.0,1
B005BT35DO,5.0,1
B005BT0EPQ,4.0,1
B005BSZ0F6,5.0,1
B005BSYC2I,5.0,1
B005BSWK86,5.0,1
B005BSBLR2,5.0,1
B005BRMEVA,5.0,1
B005BRJJWM,5.0,1
B005BRINBU,4.0,1
B005BREZSU,5.0,1
B005BREH1U,4.0,1
B005BQYQLC,5.0,1
B005BQYD7E,5.0,1
B005BQ8AF0,5.0,1
B005BP5SYC,5.0,1
B005BOR3FA,5.0,1
B005BOC166,5.0,1
B005BN4W50,4.0,1
B005BN06KA,5.0,1
B005BMM0HI,4.0,1
B005BM5DPO,5.0,1
B005BLQXQS,5.0,1
B005BLH35I,4.0,1
B005BTL24I,5.0,1
B005BTL4LY,5.0,1
B005BVQF02,5.0,1
B005BUK0MM,4.0,1
B005BUHJT4,5.0,1
B005BUHJBW,5.0,1
B005BUGO3G,4.0,1
B005BUD5C4,5.0,1
B005BUAH9S,4.0,1
B005BU7LL0,5.0,1
B005BU7LHE,4.0,1
B005BU7L60,5.0,1
B005BU2UFW,5.0,1
B005BTZKKA,5.0,1
B005BTUXD4,5.0,1
B005BTNNR2,4.0,1
B005BTN6VU,5.0,1
B005BTM4CC,5.0,1
B005BTLQ4E,5.0,1
B005BTLPWW,5.0,1
B005BTLOZU,5.0,1
B005BTLNKQ,5.0,1
B005BTLK54,5.0,1
B005BTLJQ4,5.0,1
B005BTLG6C,5.0,1
B005BTLEY6,5.0,1
B005BK52FM,4.0,1
B005BISJKE,5.0,1
B005BVQH3C,5.0,1
B005B1I6C2,4.0,1
B005B1B2NM,5.0,1
B005B0YDGG,5.0,1
B005B0XBH8,5.0,1
B005B0MSEU,5.0,1
B005B09GEK,5.0,1
B005AZZUF0,5.0,1
B005AZWHGU,5.0,1
B005AZTHVS,5.0,1
B005AZSRUA,5.0,1
B005AZSL92,5.0,1
B005AZRAT4,5.0,1
B005AZQ1V2,4.0,1
B005AZO70Y,4.0,1
B005AZNP7K,5.0,1
B005AZKKQY,5.0,1
B005AZJXH6,5.0,1
B005AZ4N6M,5.0,1
B005AYLW26,5.0,1
B005AYLRTE,5.0,1
B005AYLCHG,4.0,1
B005B1D7S0,4.0,1
B005B1MDY4,5.0,1
B005BI2PU4,4.0,1
B005BHKDN6,5.0,1
B005BHKC8W,5.0,1
B005BH1WX6,5.0,1
B005BGMZ7Y,5.0,1
B005BG7P4W,5.0,1
B005BFWZYI,5.0,1
B005BF41H2,4.0,1
B005BF3VK0,5.0,1
B005BE762K,5.0,1
B005BDNYJ0,5.0,1
B005BCN1SK,5.0,1
B005BCHFKK,4.0,1
B005BA34A2,5.0,1
B005BA33BC,5.0,1
B005B89NFO,5.0,1
B005B89KG6,4.0,1
B005B6GU3E,4.0,1
B005B5UVS0,5.0,1
B005B1RKRO,5.0,1
B005BVQFKC,5.0,1
B005BVQNQI,5.0,1
B005CFQ1FG,5.0,1
B005C9EL4K,5.0,1
B005C96R8I,5.0,1
B005C8XUSY,5.0,1
B005C6YNJQ,5.0,1
B005C6YEDQ,5.0,1
B005C6YD3W,5.0,1
B005C6KWSM,5.0,1
B005C6CV54,5.0,1
B005C6AQVU,5.0,1
B005C66NGC,5.0,1
B005C65LXI,4.0,1
B005C65LT2,4.0,1
B005C65LRO,5.0,1
B005C65JJO,5.0,1
B005C65JG2,5.0,1
B005C65J62,5.0,1
B005C65B9M,5.0,1
B005C65AT8,5.0,1
B005C5IV7W,5.0,1
B005C5FBRU,5.0,1
B005C56LRE,5.0,1
B005C4X4IO,5.0,1
B005C4VUMG,5.0,1
B005C96RQA,5.0,1
B005C9TMEO,5.0,1
B005C4VHYM,5.0,1
B005C9TSF2,5.0,1
B005CFPUKS,5.0,1
B005CFPFL2,4.0,1
B005CFPB7K,4.0,1
B005CFOCKC,5.0,1
B005CEVA3U,5.0,1
B005CE7V88,5.0,1
B005CDJPYW,5.0,1
B005CDE0K6,5.0,1
B005CDC2Q0,4.0,1
B005CDBAUY,5.0,1
B005CD6EV4,5.0,1
B005CD415A,5.0,1
B005CD3ZUC,5.0,1
B005CD21KC,5.0,1
B005CCPQW8,5.0,1
B005CCJPL6,5.0,1
B005CC1CJY,5.0,1
B005CBRUFK,5.0,1
B005CBRHL2,5.0,1
B005CBO0FS,5.0,1
B005CBIFCW,5.0,1
B005CBAVD8,5.0,1
B005CB662I,5.0,1
B005C9TY92,5.0,1
B005C9TT9W,5.0,1
B005C4VL5C,5.0,1
B005C4RPXE,5.0,1
B005BVSWKS,4.0,1
B005BZM0L6,5.0,1
B005BZLVKC,5.0,1
B005BZLBKC,4.0,1
B005BZLBAM,5.0,1
B005BZKLKS,5.0,1
B005BZAI2O,5.0,1
B005BZ3EES,5.0,1
B005BZ3254,5.0,1
B005BYXU2K,5.0,1
B005BYSF02,5.0,1
B005BYMOUO,5.0,1
B005BYG1SU,5.0,1
B005BYFQPO,5.0,1
B005BY8Z98,5.0,1
B005BXETEY,5.0,1
B005BXESB8,5.0,1
B005BWXSRO,5.0,1
B005BWAM82,5.0,1
B005BW8CAC,5.0,1
B005BVVVBU,5.0,1
B005BZLZCQ,4.0,1
B005C4EO2O,5.0,1
B005BZQ0R6,4.0,1
B005C4E2MQ,4.0,1
B005C4B91S,5.0,1
B005C4919A,4.0,1
B005C3X93U,4.0,1
B005C3MQM0,5.0,1
B005C2TBA6,5.0,1
B005C2DA0S,5.0,1
B005C2C022,4.0,1
B005C2BG9K,5.0,1
B005C1UD0E,5.0,1
B005C1O4GI,5.0,1
B005C1NQD0,4.0,1
B005C1N1PI,5.0,1
B005C1MTE2,5.0,1
B005C18OBE,4.0,1
B005C1377U,5.0,1
B005C0Y4GE,5.0,1
B005C0X19A,5.0,1
B005C0UX64,5.0,1
B004Y7L9XM,5.0,1
B004KEJ7WY,5.0,1
B004PJF2DM,5.0,1
B004PKG55K,5.0,1
B004PKDCL0,5.0,1
B004PK9JY4,5.0,1
B004PK60J6,4.0,1
B004PK2ZIQ,5.0,1
B004PJXUTA,4.0,1
B004PJVH5O,4.0,1
B004PJLNP8,4.0,1
B004PJKJTY,5.0,1
B004PJFOP8,5.0,1
B004PJ985A,5.0,1
B004P389AG,5.0,1
B004PJ79EC,5.0,1
B004PJ71CW,4.0,1
B004PI5BRU,5.0,1
B004PI0EDG,5.0,1
B004PHMUPW,4.0,1
B004PH5VS0,5.0,1
B004PH3JCA,5.0,1
B004PH1PU8,5.0,1
B004PH1ODG,4.0,1
B004PGLL2Q,5.0,1
B004PGJV2S,4.0,1
B004PKHXEW,5.0,1
B004PKK5PQ,5.0,1
B004PKMVIK,5.0,1
B004PRZNKQ,5.0,1
B004PRZNJW,5.0,1
B004PRY19U,4.0,1
B004PRW9H6,5.0,1
B004PRUUQI,5.0,1
B004PRT0RI,5.0,1
B004PRT0LO,5.0,1
B004PR3D6M,5.0,1
B004PQIWHS,5.0,1
B004PQID6I,5.0,1
B004PPX2WY,4.0,1
B004POGAPQ,5.0,1
B004PNYHK2,5.0,1
B004PM0UF4,4.0,1
B004PM0SOC,5.0,1
B004PLTCVS,5.0,1
B004PLREYK,5.0,1
B004PLPKQO,5.0,1
B004PLP456,5.0,1
B004PKUDYE,4.0,1
B004PKUCCM,5.0,1
B004PKQ9GA,5.0,1
B004PKQ2QM,5.0,1
B004PKQ0M8,4.0,1
B004PG3FPC,5.0,1
B004PG3FDY,5.0,1
B004P9KQQ0,5.0,1
B004P8YWX4,5.0,1
B004P8HA2Y,5.0,1
B004P8FCQU,5.0,1
B004P8FAYE,5.0,1
B004P8DB4A,4.0,1
B004P8DAH8,5.0,1
B004P8BA8O,5.0,1
B004P8B1BK,5.0,1
B004P7T898,5.0,1
B004P7R8BI,4.0,1
B004P7MAPW,5.0,1
B004P7BTWM,4.0,1
B004P64FZ6,5.0,1
B004P5GE38,5.0,1
B004P5BG9U,4.0,1
B004P551U0,4.0,1
B004P4XW3O,5.0,1
B004P4RUU0,5.0,1
B004P4QCUY,5.0,1
B004P4MOBU,4.0,1
B004P4GJMA,5.0,1
B004P462HM,5.0,1
B004P3Z5PS,5.0,1
B004P3R5AG,5.0,1
B004P3OU1I,5.0,1
B004P9GRL8,5.0,1
B004P9Y03U,5.0,1
B004PFHBXA,5.0,1
B004PA27Z2,5.0,1
B004PFC07C,5.0,1
B004PFA8VC,5.0,1
B004PEXE32,4.0,1
B004PEQEJ8,4.0,1
B004PENYWI,5.0,1
B004PE0L10,5.0,1
B004PDZB34,5.0,1
B004PDFKXU,4.0,1
B004PCWIMM,4.0,1
B004PCSSKS,5.0,1
B004PCSO8Y,5.0,1
B004PCSB1Y,5.0,1
B004PCQNE6,5.0,1
B004PCLE1S,5.0,1
B004PC4DW0,5.0,1
B004PC0V44,4.0,1
B004PBZ2MG,5.0,1
B004PBXTZI,5.0,1
B004PBSDPO,5.0,1
B004PB466O,4.0,1
B004PAP5GU,5.0,1
B004PA3VDE,4.0,1
B004PSUJTU,4.0,1
B004QD0IR2,5.0,1
B004QCZO2M,5.0,1
B004QCUKR6,5.0,1
B004QC7MRW,4.0,1
B004QBTUQ4,5.0,1
B004QBR9AI,5.0,1
B004QBPKUE,5.0,1
B004QBNFEW,5.0,1
B004QBJ52S,5.0,1
B004QBESO8,5.0,1
B004QBEFWI,5.0,1
B004QBDILW,5.0,1
B004QBC6IS,4.0,1
B004QBAO6Y,5.0,1
B004QB9XJS,5.0,1
B004QB9F82,5.0,1
B004QB7462,4.0,1
B004QB52CU,5.0,1
B004QB4VK4,5.0,1
B004QA5ONS,5.0,1
B004Q9H7XO,5.0,1
B004Q9FDIK,5.0,1
B004Q8PCI2,5.0,1
B004Q8IZYK,5.0,1
B004QCZWAQ,5.0,1
B004Q84O2C,5.0,1
B004QD0UAM,5.0,1
B004QEDSL4,5.0,1
B004QECJAU,5.0,1
B004QECFN6,5.0,1
B004QECAEK,4.0,1
B004QEBV9U,5.0,1
B004QEAPUG,4.0,1
B004QEA83U,4.0,1
B004QDXYJQ,4.0,1
B004QDVBUA,5.0,1
B004QDVBTQ,5.0,1
B004QDUUKW,5.0,1
B004QDR2W6,5.0,1
B004QDR2J4,5.0,1
B004QDPKYI,5.0,1
B004QD8IGU,5.0,1
B004QD6JV6,5.0,1
B004QD4KIA,5.0,1
B004QD47L0,4.0,1
B004QD2OBK,5.0,1
B004QD2O74,5.0,1
B004QD2HYE,5.0,1
B004QD1X6M,5.0,1
B004QD0UIE,5.0,1
B004Q85ELW,5.0,1
B004Q83ROS,5.0,1
B004PSVTVW,5.0,1
B004Q01H0M,5.0,1
B004PZHZMW,5.0,1
B004PZHY6Y,5.0,1
B004PZGCE4,5.0,1
B004PZASSK,5.0,1
B004PZ8W9M,5.0,1
B004PZ2NBK,5.0,1
B004PYT1XO,4.0,1
B004PYQG2I,5.0,1
B004PYN44G,5.0,1
B004PY65GU,5.0,1
B004PXNXBG,4.0,1
B004PX6YHG,5.0,1
B004PW0BXK,5.0,1
B004PVPSXY,5.0,1
B004PVNU34,5.0,1
B004PVN74Q,5.0,1
B004PVGTXC,5.0,1
B004PUXXNC,5.0,1
B004PUVOBA,4.0,1
B004PUO9QC,5.0,1
B004PUKAFQ,4.0,1
B004PUAQHI,4.0,1
B004PU4T76,5.0,1
B004PU1S5C,5.0,1
B004PSZMZ6,5.0,1
B004PZXKXK,5.0,1
B004Q0SYQM,5.0,1
B004Q1DJZW,5.0,1
B004Q7NW9O,4.0,1
B004Q7MAUQ,4.0,1
B004Q7HEYI,4.0,1
B004Q7A8ZA,5.0,1
B004Q77N5S,5.0,1
B004Q75B48,5.0,1
B004Q73ONS,5.0,1
B004Q73FK0,5.0,1
B004Q719P8,5.0,1
B004Q6ZQSU,5.0,1
B004Q6XOFM,5.0,1
B004Q6RJ3U,5.0,1
B004Q6J8CU,4.0,1
B004Q6FRQG,4.0,1
B004Q6B7FQ,4.0,1
B004Q631VO,5.0,1
B004Q61P3A,5.0,1
B004Q5Z2Z8,5.0,1
B004Q5SCXC,5.0,1
B004Q46Y42,5.0,1
B004Q3LM0O,5.0,1
B004Q3JDPU,5.0,1
B004Q3DYNW,4.0,1
B004Q2HLG4,5.0,1
B004Q2BUIE,5.0,1
B004Q1WQE2,5.0,1
B004Q1P93M,5.0,1
B004P3MKQ0,5.0,1
B004O9W3QM,5.0,1
B004OBKOZC,5.0,1
B004OBKJ2A,5.0,1
B004OB0EZM,5.0,1
B004OATPZ8,5.0,1
B004OAT0UI,5.0,1
B004OAP3DQ,5.0,1
B004OA3SLK,5.0,1
B004O9YQMG,5.0,1
B004O9RX58,5.0,1
B004P31J8A,5.0,1
B004O9QZP2,5.0,1
B004O9OPCC,5.0,1
B004O9O8S8,5.0,1
B004O9GZXO,5.0,1
B004O9GDUY,5.0,1
B004O9CSLC,5.0,1
B004O8NMFO,5.0,1
B004O8I5UQ,5.0,1
B004O80IOW,5.0,1
B004O765CM,5.0,1
B004O6HYNM,5.0,1
B004O5XF9A,5.0,1
B004O5DOIM,5.0,1
B004O57SRK,5.0,1
B004OBUWOU,5.0,1
B004OBW67G,5.0,1
B004OC77B0,5.0,1
B004OCDJ8U,5.0,1
B004OG0P5Q,5.0,1
B004OFYNE6,4.0,1
B004OFUB88,5.0,1
B004OFT7YW,5.0,1
B004OFJHE2,5.0,1
B004OFJHD8,5.0,1
B004OF72TO,5.0,1
B004OEVFUW,5.0,1
B004OES2U8,5.0,1
B004OER2Y0,5.0,1
B004OEPH88,4.0,1
B004OEO30Q,5.0,1
B004OEN3TI,5.0,1
B004OE7H4U,5.0,1
B004OE74NO,4.0,1
B004ODPNEC,5.0,1
B004OCQRD4,5.0,1
B004OCO68M,5.0,1
B004OCJ0EC,5.0,1
B004OCIZ8E,5.0,1
B004OCITKI,5.0,1
B004O4OT32,5.0,1
B004O4OT28,5.0,1
B004O2IRMS,4.0,1
B004O0HW44,5.0,1
B004O08HV6,4.0,1
B004O072XK,5.0,1
B004O02YCE,5.0,1
B004NZYMS4,5.0,1
B004NZTFD6,5.0,1
B004NZRTCU,5.0,1
B004NZOHCA,5.0,1
B004NYZ8BA,5.0,1
B004NYUJU0,5.0,1
B004NYDMFY,5.0,1
B004NY2U5W,5.0,1
B004NXZHP8,5.0,1
B004NXZBZO,5.0,1
B004NXVLNK,4.0,1
B004NXLI9C,5.0,1
B004NWNT6I,5.0,1
B004NWLECO,5.0,1
B004NWHV8K,5.0,1
B004NWE4A8,5.0,1
B004NWE066,5.0,1
B004NWAC0O,5.0,1
B004O4NJBU,4.0,1
B004O2NTD0,4.0,1
B004O4NECY,5.0,1
B004O4N7QC,5.0,1
B004O4N6Q8,5.0,1
B004O4N6EU,5.0,1
B004O4KO3G,5.0,1
B004O4DVM2,5.0,1
B004O49R1Q,4.0,1
B004O3YUEQ,5.0,1
B004O3XXBC,4.0,1
B004O3XWT0,5.0,1
B004O3U2UC,5.0,1
B004O3U21Q,4.0,1
B004O3S74K,5.0,1
B004O3RZ4S,5.0,1
B004O3RULQ,5.0,1
B004O3QEMM,5.0,1
B004O3LKGC,4.0,1
B004O3KGGC,5.0,1
B004O3IRJU,5.0,1
B004O3D344,5.0,1
B004O39O1K,5.0,1
B004O351JO,5.0,1
B004O2ONA8,5.0,1
B004OG0P6A,4.0,1
B004OGDW4W,5.0,1
B004OH4IW6,5.0,1
B004OXNYHA,4.0,1
B004OXM1CE,4.0,1
B004OXBRC4,4.0,1
B004OXADJC,4.0,1
B004OX8TNO,5.0,1
B004OX1MK6,5.0,1
B004OWTDL2,5.0,1
B004OWO0W4,5.0,1
B004OVHRSY,5.0,1
B004OV7HJI,5.0,1
B004OV31R0,4.0,1
B004OUR71C,5.0,1
B004OUKVHE,5.0,1
B004OUBBAA,5.0,1
B004OU84RI,5.0,1
B004OU4BL6,5.0,1
B004OTZNAU,5.0,1
B004OTW88A,5.0,1
B004OTUVPW,5.0,1
B004OTHOQ6,5.0,1
B004OTGN5Y,5.0,1
B004OYBNEK,5.0,1
B004OYGJT4,5.0,1
B004OT9LPI,5.0,1
B004OYS85W,5.0,1
B004P2VM9W,5.0,1
B004P2LO5Y,5.0,1
B004P2HV88,4.0,1
B004P2FNTC,5.0,1
B004P26A2Q,5.0,1
B004P0JVHO,5.0,1
B004P0JL5Q,5.0,1
B004P0GKBE,5.0,1
B004P0CXI8,5.0,1
B004P0C7ZM,4.0,1
B004P00DHG,5.0,1
B004OZYS3M,5.0,1
B004OZY7C4,5.0,1
B004OZY3NW,4.0,1
B004OZW5NC,5.0,1
B004OZUT4E,5.0,1
B004OZUSY0,5.0,1
B004OZT54Y,5.0,1
B004OZT3OQ,5.0,1
B004OZRHQM,5.0,1
B004OZQY0C,5.0,1
B004OZGIGM,5.0,1
B004OYZ0WQ,5.0,1
B004OYYGDA,5.0,1
B004OT9WXE,5.0,1
B004OT8TFG,4.0,1
B004OH4KWO,5.0,1
B004OM1W20,4.0,1
B004OLSB8Y,5.0,1
B004OLQ4YW,5.0,1
B004OLOIAE,5.0,1
B004OKYXE6,5.0,1
B004OKP5WU,5.0,1
B004OKLCP4,5.0,1
B004OKGG1E,5.0,1
B004OKG9S4,5.0,1
B004OKG6Z0,5.0,1
B004OKFI72,5.0,1
B004OKA2IC,4.0,1
B004OKA03E,5.0,1
B004OJK9BS,5.0,1
B004OJFWDS,5.0,1
B004OJFKKS,5.0,1
B004OJBWAK,5.0,1
B004OJBKI4,5.0,1
B004OI9LJ0,5.0,1
B004OHDPKM,5.0,1
B004OHBV5S,4.0,1
B004OH7QOS,5.0,1
B004OH77NS,5.0,1
B004OH4LYG,5.0,1
B004OLSJSQ,5.0,1
B004OT82Q2,4.0,1
B004OMD0WA,5.0,1
B004OT54M2,5.0,1
B004OT4RFW,5.0,1
B004OSZTOG,5.0,1
B004OSV74M,5.0,1
B004OSN2SQ,5.0,1
B004ORT6MS,4.0,1
B004ORQ2KM,5.0,1
B004ORDF1G,5.0,1
B004OQWA7W,5.0,1
B004OQME82,5.0,1
B004OQ8GF2,5.0,1
B004OPXI9C,4.0,1
B004OPXBKS,5.0,1
B004OP0YSA,5.0,1
B004OP0M0K,5.0,1
B004OOSCCG,5.0,1
B004OOLHIW,5.0,1
B004OOF3RI,5.0,1
B004OMK8F2,5.0,1
B004OMK8AC,5.0,1
B004OMK4EC,5.0,1
B004QEDSLE,5.0,1
B004QEDSPU,5.0,1
B004R7QRCC,5.0,1
B004R7QXBM,5.0,1
B004R7QWHC,5.0,1
B004R7QVY6,5.0,1
B004R7QV82,5.0,1
B004R7QTT8,5.0,1
B004R7QTNY,4.0,1
B004R7QTCA,5.0,1
B004R7QT5C,5.0,1
B004R7QT48,5.0,1
B004R7QRDG,4.0,1
B004R7IZ3Q,5.0,1
B004R7QPKG,5.0,1
B004R7QP74,5.0,1
B004R7QP6A,5.0,1
B004R7QO3E,4.0,1
B004R7QNIK,5.0,1
B004R7QN7Q,5.0,1
B004R7QMAE,5.0,1
B004R7QM68,5.0,1
B004R7QLXW,5.0,1
B004R7QLJQ,5.0,1
B004R7QKOW,5.0,1
B004R7PG4M,5.0,1
B004R7V56A,5.0,1
B004R8WJG4,5.0,1
B004R8WJHS,5.0,1
B004RC6H9A,4.0,1
B004RC50FC,5.0,1
B004RC4DXM,5.0,1
B004RC1146,4.0,1
B004RBPCB0,5.0,1
B004RBJWMK,5.0,1
B004RBJ6I0,5.0,1
B004RBIWX0,5.0,1
B004RBEGDU,5.0,1
B004RBEFJA,5.0,1
B004RBC6DW,5.0,1
B004RB8R8U,5.0,1
B004RB8LRW,5.0,1
B004RB70E2,5.0,1
B004RB3SOI,5.0,1
B004RB1OFS,5.0,1
B004RB1EIU,5.0,1
B004RAIYY8,5.0,1
B004RAH2XC,5.0,1
B004RAH2QE,4.0,1
B004RAH2CS,4.0,1
B004RAF7TS,5.0,1
B004RAF7PC,5.0,1
B004RADO8E,5.0,1
B004RADNVW,5.0,1
B004RAA6M6,5.0,1
B004R7PFJS,5.0,1
B004R7PEIU,5.0,1
B004R7LECA,5.0,1
B004R7LC8G,5.0,1
B004R7LAZQ,4.0,1
B004R7LAYM,5.0,1
B004R7LAG0,4.0,1
B004R7L9J8,5.0,1
B004R7L9HK,5.0,1
B004R7L920,5.0,1
B004R7L916,5.0,1
B004R7L6XW,5.0,1
B004R7L6E6,5.0,1
B004R7KJMG,5.0,1
B004R7KDA4,5.0,1
B004R7J5PS,5.0,1
B004R7J594,4.0,1
B004R7J46S,5.0,1
B004R7J2VU,5.0,1
B004R7J2RO,5.0,1
B004R7J2JC,5.0,1
B004R7J22Y,5.0,1
B004R7J1QQ,5.0,1
B004R7J094,5.0,1
B004R7LDWQ,5.0,1
B004R7PEGW,4.0,1
B004R7LFI8,5.0,1
B004R7PDFE,5.0,1
B004R7PDBS,5.0,1
B004R7PC00,5.0,1
B004R7PBQA,5.0,1
B004R7P8GS,5.0,1
B004R7P8G8,5.0,1
B004R7OB0W,5.0,1
B004R7O2VA,5.0,1
B004R7N6OE,4.0,1
B004R7N64E,5.0,1
B004R7N5YU,5.0,1
B004R7N5UE,5.0,1
B004R7N4QE,5.0,1
B004R7N2FC,5.0,1
B004R7N1ZI,5.0,1
B004R7N1IA,5.0,1
B004R7N18K,5.0,1
B004R7N0J0,5.0,1
B004R7N06I,5.0,1
B004RC73XE,5.0,1
B004RCB24A,5.0,1
B004RPZ7AM,5.0,1
B004RPZ3ME,5.0,1
B004RPZ3EC,5.0,1
B004RPYWPS,5.0,1
B004RPYSCK,5.0,1
B004RPYS98,4.0,1
B004RPYF14,5.0,1
B004RPY7ZS,5.0,1
B004RPY57I,4.0,1
B004RPXJGG,5.0,1
B004RPXGWI,5.0,1
B004RPXCLS,4.0,1
B004RPWRXW,5.0,1
B004RPW2IW,4.0,1
B004RPVMZ6,5.0,1
B004RPVM42,4.0,1
B004RPV530,5.0,1
B004RPV3LE,5.0,1
B004RPV242,5.0,1
B004RPUMHU,5.0,1
B004RPRD36,4.0,1
B004RPR82C,5.0,1
B004RPR5HK,5.0,1
B004RPR59I,5.0,1
B004RPQOKY,5.0,1
B004RPP6WQ,5.0,1
B004RPP4HI,5.0,1
B004RPZ4J6,5.0,1
B004RPZF7M,5.0,1
B004RPOTNI,5.0,1
B004RQ06LG,5.0,1
B004RRBVX2,5.0,1
B004RRBRVS,5.0,1
B004RR6W2W,5.0,1
B004RR6R2C,5.0,1
B004RR6PO2,5.0,1
B004RR6O48,5.0,1
B004RR6NDU,5.0,1
B004RR6MWM,4.0,1
B004RR6L8W,5.0,1
B004RR6KG0,5.0,1
B004RR6ITY,5.0,1
B004RR6GTQ,5.0,1
B004RR6FYW,5.0,1
B004RQAM6K,5.0,1
B004RQAIIW,5.0,1
B004RQ2UT2,5.0,1
B004RQ08AU,5.0,1
B004RPP44G,5.0,1
B004RPOPVY,4.0,1
B004RGQO6W,4.0,1
B004RGOCVG,5.0,1
B004RFZC1G,5.0,1
B004RF4EJC,5.0,1
B004RESUCU,4.0,1
B004RE31UQ,5.0,1
B004RDXEFE,5.0,1
B004RDX5NU,5.0,1
B004RDV1Q8,5.0,1
B004RDUI4E,5.0,1
B004RDSYEU,4.0,1
B004RDQAIW,5.0,1
B004RDMZ3G,5.0,1
B004RD4638,5.0,1
B004RCSA86,4.0,1
B004RCQQSC,5.0,1
B004RCQKM4,5.0,1
B004RCNYDM,4.0,1
B004RCI7UW,5.0,1
B004RCD4FU,5.0,1
B004RCCZJ6,4.0,1
B004RGODEW,5.0,1
B004RGRG7S,4.0,1
B004RPO0FU,5.0,1
B004RGX258,5.0,1
B004RPHT62,5.0,1
B004RPE38Y,5.0,1
B004RPBHYC,5.0,1
B004RP4VKE,4.0,1
B004ROHM9C,5.0,1
B004RN3FPI,5.0,1
B004RMGXLC,5.0,1
B004RLY3A6,5.0,1
B004RLW5VU,4.0,1
B004RL6TYE,5.0,1
B004RKICD6,5.0,1
B004RKE9V0,5.0,1
B004RK7G2Y,4.0,1
B004RK1PAS,5.0,1
B004RJVFXQ,5.0,1
B004RJCDLE,5.0,1
B004R7IZRM,4.0,1
B004R7IYPU,5.0,1
B004QEE3LI,4.0,1
B004QONE9K,5.0,1
B004QOLIMU,5.0,1
B004QOK452,5.0,1
B004QOK434,5.0,1
B004QOJPW0,5.0,1
B004QOJPUM,5.0,1
B004QOJOW6,5.0,1
B004QOJ2AA,5.0,1
B004QO7A2M,5.0,1
B004QO402A,4.0,1
B004QNZE9E,5.0,1
B004QNU0ZW,5.0,1
B004QNLQ5A,5.0,1
B004QNK8V8,5.0,1
B004QNIFMM,4.0,1
B004QNH0OQ,5.0,1
B004QNESIM,5.0,1
B004QLWYUI,5.0,1
B004QLQDUK,5.0,1
B004QLO9ME,5.0,1
B004QLEISO,5.0,1
B004QONMH4,5.0,1
B004QONS0U,5.0,1
B004QOPJJI,5.0,1
B004QOPK24,4.0,1
B004QQ5M2K,4.0,1
B004QPZETW,5.0,1
B004QPW81O,5.0,1
B004QPUB0E,5.0,1
B004QPSXGS,4.0,1
B004QPOSDU,5.0,1
B004QPJSG2,5.0,1
B004QPJNVW,5.0,1
B004QPJLLY,5.0,1
B004QPJKAQ,4.0,1
B004QPGQ1C,5.0,1
B004QPERMW,5.0,1
B004QPAA3M,5.0,1
B004QP9QUU,5.0,1
B004QP76PM,5.0,1
B004QP5CXU,5.0,1
B004QP3WUA,5.0,1
B004QP3I7W,5.0,1
B004QOYQ9M,5.0,1
B004QORMIE,5.0,1
B004QORACM,4.0,1
B004QOPKW4,5.0,1
B004QOPKK6,5.0,1
B004QKTGGO,4.0,1
B004QKQL9O,5.0,1
B004QIDU54,4.0,1
B004QIBOSY,5.0,1
B004QI9PYO,5.0,1
B004QI77RQ,5.0,1
B004QH2LWI,5.0,1
B004QGXJES,5.0,1
B004QGU6QW,4.0,1
B004QGQF6W,5.0,1
B004QG7BGA,5.0,1
B004QFIBAG,5.0,1
B004QFI7TG,4.0,1
B004QFBXQK,5.0,1
B004QFBN2Y,5.0,1
B004QFBLI0,4.0,1
B004QFAYDI,4.0,1
B004QF9REA,4.0,1
B004QF7CA6,5.0,1
B004QEZ3X0,5.0,1
B004QEOJVC,5.0,1
B004QEKJ0W,5.0,1
B004QEI6BG,5.0,1
B004QEI67K,5.0,1
B004QEI5LM,5.0,1
B004QEI0P8,5.0,1
B004QEFAPQ,5.0,1
B004QEF9RU,5.0,1
B004QEECOG,5.0,1
B004QIF4LW,5.0,1
B004QIQ2EA,5.0,1
B004QIVY3E,5.0,1
B004QKE43O,4.0,1
B004QKC6DO,4.0,1
B004QK6ZMW,5.0,1
B004QK1EIW,5.0,1
B004QJTZA2,5.0,1
B004QJQ5PK,5.0,1
B004QJMPGS,5.0,1
B004QJMPD6,5.0,1
B004QJLDWU,5.0,1
B004QJL21W,4.0,1
B004QJKSIU,5.0,1
B004QJJS4K,5.0,1
B004QJHJGE,4.0,1
B004QJGVR2,4.0,1
B004QJFD9O,5.0,1
B004QJ8Y72,5.0,1
B004QJ71GC,5.0,1
B004QJ526S,5.0,1
B004QJ28CE,5.0,1
B004QQ7LHY,5.0,1
B004R5H92Q,4.0,1
B004R48A4I,5.0,1
B004R2URWI,4.0,1
B004R2RMHG,4.0,1
B004R2HHEO,5.0,1
B004R1KPT4,5.0,1
B004R15QU2,5.0,1
B004R10E86,5.0,1
B004R101EI,5.0,1
B004R0KD2O,5.0,1
B004R0HGCE,5.0,1
B004QZR22E,5.0,1
B004QZL3XI,5.0,1
B004QZIVHY,4.0,1
B004QZIAFW,5.0,1
B004QZADXO,5.0,1
B004QZ9KP6,5.0,1
B004QZ9EP2,5.0,1
B004QZ9DNA,5.0,1
B004QZ55TQ,5.0,1
B004QYUNAS,5.0,1
B004QYQ6DQ,5.0,1
B004R5R03E,5.0,1
B004R5XMP4,4.0,1
B004QYNBVG,5.0,1
B004R7IY6O,5.0,1
B004R7IY46,5.0,1
B004R7IXT2,4.0,1
B004R7IXD8,5.0,1
B004R7IWP2,5.0,1
B004R7I1A8,5.0,1
B004R7HXJ8,4.0,1
B004R7GMDQ,5.0,1
B004R7FXRM,5.0,1
B004R7FURA,5.0,1
B004R7EXPA,5.0,1
B004R7DU68,5.0,1
B004R7CQTU,5.0,1
B004R7AODA,5.0,1
B004R76O2K,4.0,1
B004R733TM,4.0,1
B004R6V7QY,4.0,1
B004R6S6M2,5.0,1
B004R6JOAU,5.0,1
B004R6G1JM,5.0,1
B004R6E0MC,5.0,1
B004R6CH40,5.0,1
B004R69AG8,5.0,1
B004QYOZ48,5.0,1
B004QYJ3WM,4.0,1
B004QQFC16,5.0,1
B004QVGAYE,5.0,1
B004QV9KG4,5.0,1
B004QV3FZ6,5.0,1
B004QV2TZS,5.0,1
B004QTV08M,5.0,1
B004QTUVNW,4.0,1
B004QTHK4U,4.0,1
B004QT9TTE,5.0,1
B004QT89DQ,5.0,1
B004QSUOJE,5.0,1
B004QSO1ES,4.0,1
B004QSLA1K,5.0,1
B004QSJM38,5.0,1
B004QSJ4XQ,5.0,1
B004QSC9HY,5.0,1
B004QS21NG,5.0,1
B004QRXXZC,4.0,1
B004QRJ16W,5.0,1
B004QQM1R4,5.0,1
B004QQJYUG,5.0,1
B004QQG2HE,5.0,1
B004QQFSC4,4.0,1
B004QQFHHU,4.0,1
B004QVGGKC,5.0,1
B004QYESHW,4.0,1
B004QVGN82,5.0,1
B004QY5ESY,5.0,1
B004QXVK5G,5.0,1
B004QXQZ7E,5.0,1
B004QXQQ2I,4.0,1
B004QXHYAG,5.0,1
B004QXHX5C,5.0,1
B004QXG7RW,5.0,1
B004QXE1RU,5.0,1
B004QXDP40,5.0,1
B004QXCMDK,4.0,1
B004QXCM4E,5.0,1
B004QX8FE0,5.0,1
B004QWUDIW,5.0,1
B004QWU300,5.0,1
B004QWU2CO,5.0,1
B004QW3PV4,4.0,1
B004QVVKH6,4.0,1
B004QVUWC0,5.0,1
B004QVOJVA,5.0,1
B004QVOFJ6,5.0,1
B004QVOE0G,4.0,1
B004QVO9HO,5.0,1
B004QVNJ7K,5.0,1
B004QVLV52,5.0,1
B004NW5GZK,5.0,1
B004NW4LII,5.0,1
B004NW1NZW,5.0,1
B004L5FBQ8,5.0,1
B004L5UL5O,4.0,1
B004L5UK4G,5.0,1
B004L5T7AO,5.0,1
B004L5RY0Y,5.0,1
B004L5M0OE,4.0,1
B004L5LOKK,5.0,1
B004L5FUM8,5.0,1
B004L5FIF2,5.0,1
B004L4M2VG,5.0,1
B004L3WYQU,5.0,1
B004L3TVIO,4.0,1
B004L3S5F4,5.0,1
B004L3OQZ2,5.0,1
B004L3KUX4,4.0,1
B004L3A6VU,5.0,1
B004L38694,5.0,1
B004L36YAW,5.0,1
B004L353YU,5.0,1
B004L2UD0A,5.0,1
B004L23Q7M,5.0,1
B004L23DSO,5.0,1
B004L5VUZE,5.0,1
B004L5WDOG,5.0,1
B004L5WQCK,4.0,1
B004L5WXUU,5.0,1
B004L98EUY,5.0,1
B004L96O2Y,4.0,1
B004L96O0G,5.0,1
B004L96NNY,5.0,1
B004L938O6,5.0,1
B004L8ZANY,5.0,1
B004L8AKYI,5.0,1
B004L7KTE0,5.0,1
B004L7IRYY,4.0,1
B004L71BVU,5.0,1
B004L707PQ,5.0,1
B004L6Y1UY,4.0,1
B004L6SQFA,5.0,1
B004L6JJSI,5.0,1
B004L6DG5A,5.0,1
B004L60IRY,5.0,1
B004L60HHA,4.0,1
B004L5ZW5I,5.0,1
B004L20R4W,5.0,1
B004L1XVKA,5.0,1
B004KZY4XK,5.0,1
B004KZKWXG,5.0,1
B004KZKWPO,5.0,1
B004KZKU9M,5.0,1
B004KZH7NY,5.0,1
B004KZF6N2,5.0,1
B004KZED68,4.0,1
B004KZ09OS,4.0,1
B004KXPX2S,5.0,1
B004KXH1KA,4.0,1
B004KXF2QU,4.0,1
B004KVJ0CY,5.0,1
B004KVGN10,5.0,1
B004KVD1GK,5.0,1
B004KUS3IW,5.0,1
B004KURI92,5.0,1
B004KUR51S,5.0,1
B004KUO278,5.0,1
B004KUHI9C,4.0,1
B004KU5QNC,5.0,1
B004KTYOL8,5.0,1
B004L03KTI,5.0,1
B004L1Q9VI,5.0,1
B004L04QN2,4.0,1
B004L1NXNA,4.0,1
B004L1M0BG,5.0,1
B004L1JTB0,5.0,1
B004L1ICPY,5.0,1
B004L1FFS6,5.0,1
B004L1E8Q6,5.0,1
B004L12MS2,4.0,1
B004L0X0DO,5.0,1
B004L0PKFA,5.0,1
B004L0L7T8,5.0,1
B004L0JURO,5.0,1
B004L0H1GG,5.0,1
B004L0H0EO,5.0,1
B004L0H030,4.0,1
B004L0AJQ0,5.0,1
B004L08LOM,5.0,1
B004L074HW,5.0,1
B004L070L2,4.0,1
B004L98F9E,4.0,1
B004LNINMO,5.0,1
B004LM1A4I,5.0,1
B004LLZHC0,5.0,1
B004LLNYWA,5.0,1
B004LLG0LC,5.0,1
B004LLD3LC,5.0,1
B004LKEWZY,5.0,1
B004LK4A2Y,5.0,1
B004LJGO6A,5.0,1
B004LJCURC,4.0,1
B004LJBKZ0,5.0,1
B004LJ63TI,5.0,1
B004LJ3W56,5.0,1
B004LIECUG,5.0,1
B004LIB0S8,5.0,1
B004LIALYM,5.0,1
B004LI8CPM,5.0,1
B004LHGFRU,5.0,1
B004LHDEGU,5.0,1
B004LH9DZ6,5.0,1
B004LH7NUI,5.0,1
B004LH5KNU,5.0,1
B004LH394W,5.0,1
B004LH1A4I,5.0,1
B004LH19Y4,4.0,1
B004LH05WQ,5.0,1
B004LH01PC,5.0,1
B004LMRNTY,5.0,1
B004LGXF0Q,5.0,1
B004LNSHOI,5.0,1
B004LSHT0Q,5.0,1
B004LSHJHY,5.0,1
B004LS9F2Q,5.0,1
B004LS86A8,5.0,1
B004LS6TXY,5.0,1
B004LS4Z94,5.0,1
B004LS4Z76,5.0,1
B004LRO7ES,4.0,1
B004LRJ8JM,4.0,1
B004LQI8B2,5.0,1
B004LQGSU0,4.0,1
B004LPZZU0,5.0,1
B004LPI03E,5.0,1
B004LPAO9C,5.0,1
B004LP9ZGK,5.0,1
B004LP7NYG,5.0,1
B004LP00DC,5.0,1
B004LOOULG,4.0,1
B004LOLMQC,4.0,1
B004LOJHUU,5.0,1
B004LOG74E,5.0,1
B004LOG0A0,5.0,1
B004LOA2HM,5.0,1
B004LGXEES,5.0,1
B004L99S3Q,4.0,1
B004LD3R8Y,5.0,1
B004LCXU8C,5.0,1
B004LCRAXI,5.0,1
B004LCIYFG,5.0,1
B004LCGOKS,5.0,1
B004LCEM3Y,5.0,1
B004LC94P0,5.0,1
B004LBM6W4,5.0,1
B004LBJEI8,5.0,1
B004LBHDFO,5.0,1
B004LBD470,4.0,1
B004LBB89Q,4.0,1
B004LB9CDA,5.0,1
B004LB7SHM,5.0,1
B004LB1ZFI,5.0,1
B004LARKSU,5.0,1
B004LAQWBG,5.0,1
B004LAO6GE,5.0,1
B004LAMC3S,5.0,1
B004LA51Z4,5.0,1
B004L99SS6,4.0,1
B004L99SHM,5.0,1
B004L99S54,5.0,1
B004LD3PYK,4.0,1
B004LDAFOI,5.0,1
B004LGXCI6,5.0,1
B004LDAW5K,5.0,1
B004LGX9SO,4.0,1
B004LGVKZS,5.0,1
B004LGVEDG,4.0,1
B004LGL3Q4,5.0,1
B004LGJEI8,5.0,1
B004LGIMS6,5.0,1
B004LGELKE,4.0,1
B004LGCMWS,5.0,1
B004LFUQDG,5.0,1
B004LF247M,5.0,1
B004LF1WWK,5.0,1
B004LEZNB2,5.0,1
B004LEXMOC,5.0,1
B004LEXJHM,4.0,1
B004LEVT0G,5.0,1
B004LEVIKW,5.0,1
B004LES9WC,5.0,1
B004LEQ6SQ,5.0,1
B004LE3EYK,4.0,1
B004LE2JDC,5.0,1
B004LE1F46,5.0,1
B004LDZKZM,5.0,1
B004LDXP6I,5.0,1
B004LDEJQ8,5.0,1
B004LDDT8W,5.0,1
B004KTQSOE,5.0,1
B004KTM8PC,5.0,1
B004NV4HHE,5.0,1
B004KEODX2,5.0,1
B004KEOKVM,5.0,1
B004KEOITQ,5.0,1
B004KEOIA0,5.0,1
B004KEOHMY,5.0,1
B004KEOHK6,5.0,1
B004KEOGVG,4.0,1
B004KEOGMK,4.0,1
B004KEOFYO,5.0,1
B004KEOFW6,5.0,1
B004KEOFM6,5.0,1
B004KEOFJE,5.0,1
B004KEOEMW,5.0,1
B004KEOE22,4.0,1
B004KEODG4,5.0,1
B004KTLP0G,5.0,1
B004KEOD5K,5.0,1
B004KEOCKG,5.0,1
B004KEOCBK,5.0,1
B004KEMN5W,5.0,1
B004KEMMJY,5.0,1
B004KEMMG2,5.0,1
B004KEMM58,5.0,1
B004KEMLRM,5.0,1
B004KEMLOU,4.0,1
B004KEML40,5.0,1
B004KEMKLY,5.0,1
B004KEMHLM,5.0,1
B004KEMG5O,5.0,1
B004KEOLYI,5.0,1
B004KEOMPQ,5.0,1
B004KEONQE,5.0,1
B004KEONVO,5.0,1
B004KETVUC,5.0,1
B004KEQUGA,4.0,1
B004KEQS62,5.0,1
B004KEQR5Y,5.0,1
B004KEQQNW,5.0,1
B004KEQQGE,4.0,1
B004KEQQE6,5.0,1
B004KEQQ6O,5.0,1
B004KEQQ3W,4.0,1
B004KEQPJM,4.0,1
B004KEQP38,5.0,1
B004KEQO8E,4.0,1
B004KEQNAS,5.0,1
B004KEQN3U,5.0,1
B004KEQMWC,5.0,1
B004KEQMKO,5.0,1
B004KEQMHM,5.0,1
B004KEQLDW,5.0,1
B004KEQKKQ,5.0,1
B004KEQIPS,5.0,1
B004KEQIJY,5.0,1
B004KEQHMM,5.0,1
B004KEQH90,5.0,1
B004KEQGQO,4.0,1
B004KEQ6RI,5.0,1
B004KEOOMC,5.0,1
B004KEONWS,5.0,1
B004KEMFXW,5.0,1
B004KEMF50,5.0,1
B004KEKHKU,5.0,1
B004KEKHFU,5.0,1
B004KEKGZG,5.0,1
B004KEKGTW,4.0,1
B004KEKGLK,5.0,1
B004KEKFW0,5.0,1
B004KEKFU2,5.0,1
B004KEKFTS,5.0,1
B004KEKFDY,5.0,1
B004KEKFC0,5.0,1
B004KEKEYE,5.0,1
B004KEKEX0,5.0,1
B004KEKDWW,5.0,1
B004KEKD0Y,5.0,1
B004KEKCKA,5.0,1
B004KEKC7I,5.0,1
B004KEJFWG,4.0,1
B004KEJBRA,5.0,1
B004KEJBGQ,5.0,1
B004KEJAH6,5.0,1
B004KEJADA,4.0,1
B004KEJ9L8,5.0,1
B004KEJ918,5.0,1
B004KEJ90O,5.0,1
B004KEJ8N2,5.0,1
B004KEKHJ6,5.0,1
B004KEKHOG,5.0,1
B004KEMDBQ,5.0,1
B004KEKHVO,5.0,1
B004KEMDAC,5.0,1
B004KEMC30,4.0,1
B004KEMBCM,5.0,1
B004KEMB0O,5.0,1
B004KEMAJQ,5.0,1
B004KEMAGE,4.0,1
B004KEMA7S,5.0,1
B004KEMA50,4.0,1
B004KEM9CO,5.0,1
B004KEM94M,4.0,1
B004KEM8ZW,5.0,1
B004KEM8X4,5.0,1
B004KEM8U2,5.0,1
B004KEM8TI,5.0,1
B004KEM8T8,5.0,1
B004KEKOLM,5.0,1
B004KEKN68,5.0,1
B004KEKMPK,4.0,1
B004KEKM96,5.0,1
B004KEKM78,4.0,1
B004KEKL4W,5.0,1
B004KEKL3S,5.0,1
B004KEKKQQ,4.0,1
B004KEKK98,4.0,1
B004KEKJL2,5.0,1
B004KEKIT0,5.0,1
B004KEKI5Y,5.0,1
B004KETX1O,5.0,1
B004KETXNM,5.0,1
B004KRYNB6,5.0,1
B004KRXXHG,5.0,1
B004KRXC5Y,5.0,1
B004KRXBYG,5.0,1
B004KQP6I6,5.0,1
B004KQP3AW,5.0,1
B004KQG4UU,5.0,1
B004KQDIIQ,4.0,1
B004KP78X8,5.0,1
B004KP3UBC,5.0,1
B004KP04HA,5.0,1
B004KOXUIG,5.0,1
B004KOW3UW,5.0,1
B004KODPA4,5.0,1
B004KO8OA0,5.0,1
B004KNM57E,5.0,1
B004KNJTCI,5.0,1
B004KNCAYW,4.0,1
B004KN6KRA,4.0,1
B004KRYVV8,5.0,1
B004KM9046,5.0,1
B004KS0JKO,5.0,1
B004KTJNCI,5.0,1
B004KTJGCK,5.0,1
B004KTICUW,5.0,1
B004KTICPM,4.0,1
B004KTIB1C,5.0,1
B004KTHIZC,5.0,1
B004KTHHOO,5.0,1
B004KTFUTI,4.0,1
B004KTFCOG,5.0,1
B004KTDCDY,5.0,1
B004KT912K,5.0,1
B004KSYZ3G,5.0,1
B004KSU76A,5.0,1
B004KSNMUS,5.0,1
B004KSNAJG,4.0,1
B004KSN33E,5.0,1
B004KSJBLM,4.0,1
B004KSDV7C,4.0,1
B004KS8YUG,5.0,1
B004KS2O5W,4.0,1
B004KS0R74,4.0,1
B004KS0OMW,5.0,1
B004KMI6SC,5.0,1
B004KM6G1G,4.0,1
B004KEU3UY,5.0,1
B004KG2JTK,5.0,1
B004KFRRAW,5.0,1
B004KFJQ42,5.0,1
B004KF1BT0,5.0,1
B004KF16O0,5.0,1
B004KEZEVM,5.0,1
B004KEZB2E,5.0,1
B004KEZ8B8,5.0,1
B004KEZ6J2,4.0,1
B004KEZ4D0,5.0,1
B004KEX9F0,5.0,1
B004KEX8NS,5.0,1
B004KEVE6G,5.0,1
B004KEV4WU,5.0,1
B004KEV24K,5.0,1
B004KEV0GA,4.0,1
B004KEV0A6,5.0,1
B004KEUZAC,5.0,1
B004KEUVVU,5.0,1
B004KEUUAC,5.0,1
B004KEU8UY,5.0,1
B004KEU3VS,5.0,1
B004KG1EHS,5.0,1
B004KM5824,5.0,1
B004KG6PEU,5.0,1
B004KLS1O2,5.0,1
B004KLNI2W,5.0,1
B004KL0M62,5.0,1
B004KL0FGY,5.0,1
B004KKCYGY,5.0,1
B004KJY698,5.0,1
B004KJ7N5M,5.0,1
B004KJ5RL4,5.0,1
B004KIX1N6,4.0,1
B004KIV2EQ,5.0,1
B004KIQMDW,5.0,1
B004KIOL62,5.0,1
B004KILL9C,5.0,1
B004KIJD38,5.0,1
B004KIECFW,5.0,1
B004KI5224,5.0,1
B004KI21GE,5.0,1
B004KHOG86,5.0,1
B004KH0CE8,5.0,1
B004KGY0ME,5.0,1
B004KGF2QW,5.0,1
B004LSLLYG,5.0,1
B004LSU6RY,5.0,1
B004N8QL8A,5.0,1
B004N9U36K,4.0,1
B004N99Y0G,5.0,1
B004N93P5G,5.0,1
B004N91D82,4.0,1
B004N8XZYS,5.0,1
B004N8T7R2,5.0,1
B004N8SS18,5.0,1
B004N8SLAQ,5.0,1
B004N8R65M,5.0,1
B004N8QMUM,5.0,1
B004N8OL0U,5.0,1
B004N8N7ZU,5.0,1
B004N8JMJA,5.0,1
B004N8DECG,5.0,1
B004N883YK,5.0,1
B004N7OPU2,5.0,1
B004N7BA7I,5.0,1
B004N7B4IS,5.0,1
B004N9UFB8,5.0,1
B004N9VNB4,5.0,1
B004NDM97W,5.0,1
B004NDLDF6,4.0,1
B004NDL9Z0,5.0,1
B004NDJ696,5.0,1
B004NDI81I,5.0,1
B004NDCO1S,5.0,1
B004ND8IFE,5.0,1
B004ND6EAA,4.0,1
B004NCEUWK,4.0,1
B004NC7Y5A,5.0,1
B004NBM6ZO,4.0,1
B004NAYL76,5.0,1
B004NAP6UC,5.0,1
B004NA33Q6,4.0,1
B004NA24FW,5.0,1
B004NA21WS,5.0,1
B004NA008A,5.0,1
B004N9Z8JC,5.0,1
B004N9YCFI,5.0,1
B004N9YCA8,5.0,1
B004N9XIDA,5.0,1
B004N9XGFA,5.0,1
B004N9W2GE,5.0,1
B004N9VZKS,5.0,1
B004N9VP30,5.0,1
B004N6YFMG,5.0,1
B004N6U2IM,5.0,1
B004N645I0,4.0,1
B004MXQEFQ,5.0,1
B004MUUIZ6,5.0,1
B004MUQIQO,5.0,1
B004MUO2IK,5.0,1
B004MUISZ8,5.0,1
B004MUHKZ2,4.0,1
B004MUDPAQ,5.0,1
B004MUC318,4.0,1
B004MTWI64,4.0,1
B004MTRASU,5.0,1
B004MTPJTW,5.0,1
B004MTPCMG,4.0,1
B004MTLGO4,5.0,1
B004MTLDPQ,5.0,1
B004MSZB6E,5.0,1
B004MSRN9C,5.0,1
B004MSQHG2,5.0,1
B004MSOH7I,4.0,1
B004MSMDHO,5.0,1
B004MRGA6U,5.0,1
B004MRAC5U,5.0,1
B004MQFEBS,5.0,1
B004MWTNEG,5.0,1
B004MY1FW2,5.0,1
B004N5HU10,5.0,1
B004MYCQOS,5.0,1
B004N4ZB6C,5.0,1
B004N3AG36,5.0,1
B004N378IM,4.0,1
B004N2LQO0,5.0,1
B004N27ZO0,5.0,1
B004N1TME2,4.0,1
B004N1QRIQ,5.0,1
B004N1MEXI,5.0,1
B004N1KLE2,5.0,1
B004N17WOY,5.0,1
B004N14DSM,4.0,1
B004N13EN2,5.0,1
B004N12K32,5.0,1
B004N10Q9W,4.0,1
B004N103QI,5.0,1
B004N0OS0Q,5.0,1
B004N0HM2M,5.0,1
B004N0H14Q,5.0,1
B004MZHUIE,5.0,1
B004MZCG0Q,5.0,1
B004MZ35CY,5.0,1
B004MZ0BP8,5.0,1
B004MZ0BIK,4.0,1
B004MYLHKC,4.0,1
B004NDNR7S,4.0,1
B004NDT1M8,5.0,1
B004NPFK6W,5.0,1
B004NP71TG,5.0,1
B004NP1EBC,5.0,1
B004NP19OO,5.0,1
B004NP11BA,5.0,1
B004NOXX1W,5.0,1
B004NOWS18,5.0,1
B004NOUT0K,4.0,1
B004NOT5I2,5.0,1
B004NOQ7NI,4.0,1
B004NOO2GC,5.0,1
B004NOJVS6,5.0,1
B004NO4CD0,5.0,1
B004NNS2PA,5.0,1
B004NNKYJM,4.0,1
B004NNIXDQ,5.0,1
B004NNIIPO,5.0,1
B004NNHWEM,5.0,1
B004NNH6HA,5.0,1
B004NNDY58,5.0,1
B004NN6KC2,5.0,1
B004NMYPJI,5.0,1
B004NMY87M,5.0,1
B004NMY5SY,5.0,1
B004NPGRNM,5.0,1
B004NPMU10,5.0,1
B004NMX7J2,5.0,1
B004NPVLWY,5.0,1
B004NUSFFU,5.0,1
B004NUROIO,5.0,1
B004NUF1SE,5.0,1
B004NTZPH2,5.0,1
B004NTY3U2,4.0,1
B004NTXQDC,5.0,1
B004NTTG9K,5.0,1
B004NTTC9E,5.0,1
B004NTQ45O,5.0,1
B004NTPJ96,5.0,1
B004NTNZPG,5.0,1
B004NTI35I,4.0,1
B004NTHKFW,4.0,1
B004NT1NXM,5.0,1
B004NSZX5M,5.0,1
B004NSRNWS,5.0,1
B004NSPQ0E,4.0,1
B004NS164Y,5.0,1
B004NRAQO6,5.0,1
B004NQ8O8W,5.0,1
B004NQ5FJS,5.0,1
B004NMXL84,5.0,1
B004NMX4HM,5.0,1
B004NDTN2Q,5.0,1
B004NHQ16I,5.0,1
B004NHP35S,5.0,1
B004NHP33U,5.0,1
B004NHFASI,5.0,1
B004NH5DSU,5.0,1
B004NH2YSM,5.0,1
B004NH23S8,5.0,1
B004NH21XU,5.0,1
B004NH139S,4.0,1
B004NG66FA,5.0,1
B004NG511U,5.0,1
B004NG06QK,5.0,1
B004NFYU8G,5.0,1
B004NFRTVQ,4.0,1
B004NFN9RY,5.0,1
B004NFAUQ2,5.0,1
B004NF66BU,4.0,1
B004NF34CO,5.0,1
B004NF10B6,5.0,1
B004NF0ZQW,5.0,1
B004NETPXM,4.0,1
B004NER7QE,5.0,1
B004NEM728,5.0,1
B004NEM4Z8,5.0,1
B004NEH7QE,5.0,1
B004NEFMF2,5.0,1
B004NEESS4,5.0,1
B004NE8HTA,5.0,1
B004NHQV6S,4.0,1
B004NMVSIO,4.0,1
B004NMVR1M,5.0,1
B004NMVQQI,5.0,1
B004NMVMT4,5.0,1
B004NMTNHW,5.0,1
B004NMTBD8,5.0,1
B004NMRFMW,5.0,1
B004NMFOWK,5.0,1
B004NMEVXI,5.0,1
B004NMEQ38,5.0,1
B004NM7NTW,5.0,1
B004NLY7CY,5.0,1
B004NKY3X8,5.0,1
B004NKM3NA,5.0,1
B004NKGH5A,5.0,1
B004NJSYSY,4.0,1
B004NJS3J4,5.0,1
B004NJ4PJ6,5.0,1
B004NJ0QVW,5.0,1
B004NIBCDO,5.0,1
B004NIA1L8,5.0,1
B004NHVTWO,5.0,1
B004NHVTHE,4.0,1
B004NHTSLI,5.0,1
B004MQ8IVG,4.0,1
B004MOU45Q,5.0,1
B004LY6JWE,4.0,1
B004LXOQSE,5.0,1
B004LXOPJE,4.0,1
B004LXOP4O,5.0,1
B004LXOO4A,5.0,1
B004LXONQ4,5.0,1
B004LXOM7Y,5.0,1
B004LXOLES,5.0,1
B004LXOLBQ,5.0,1
B004LXO14S,5.0,1
B004LXMROY,5.0,1
B004LXMR0S,5.0,1
B004LXMOYC,4.0,1
B004LXMOW4,5.0,1
B004LXMOTM,5.0,1
B004LXMOJM,5.0,1
B004LXL4UC,5.0,1
B004LXL4M0,5.0,1
B004LXL41Q,5.0,1
B004LXL2WW,5.0,1
B004LXL15K,5.0,1
B004LXL15A,5.0,1
B004LXL0CY,5.0,1
B004LXKZG6,5.0,1
B004LXKZFM,5.0,1
B004LXKZ48,5.0,1
B004LXJXBE,5.0,1
B004LXJWRE,5.0,1
B004LYE5C0,5.0,1
B004M2DT0A,5.0,1
B004M25PDY,5.0,1
B004M1RFFG,5.0,1
B004M10OIQ,5.0,1
B004M0RP02,4.0,1
B004M0HT94,5.0,1
B004M0FQDA,4.0,1
B004M0943I,5.0,1
B004M07N1S,5.0,1
B004M06M4C,5.0,1
B004LZNAZM,5.0,1
B004LZFO2E,5.0,1
B004LZEYAC,5.0,1
B004LZCYAO,5.0,1
B004LZBIO2,5.0,1
B004LZ19UU,5.0,1
B004LYWDG0,5.0,1
B004LYWBYY,5.0,1
B004LYRAMC,5.0,1
B004LYP0A6,5.0,1
B004LYMUAY,5.0,1
B004LYMSC4,5.0,1
B004LYLJWO,5.0,1
B004LXJX6O,5.0,1
B004LXJWFG,5.0,1
B004M3GVJK,5.0,1
B004LW79D4,5.0,1
B004LUOX8A,5.0,1
B004LUMKDU,5.0,1
B004LUKM9E,5.0,1
B004LUIAMK,5.0,1
B004LU9A9C,5.0,1
B004LU8JJY,4.0,1
B004LU0SAC,5.0,1
B004LU0P6O,4.0,1
B004LU0M6C,5.0,1
B004LU08TI,5.0,1
B004LTYVM4,5.0,1
B004LTY9WQ,5.0,1
B004LTVTV0,5.0,1
B004LTV5YG,5.0,1
B004LTL1EK,5.0,1
B004LTH9KA,4.0,1
B004LTGP9Q,4.0,1
B004LTE9L2,4.0,1
B004LTDFEE,5.0,1
B004LTDA9E,5.0,1
B004LT8EDG,5.0,1
B004LT5I8K,5.0,1
B004LT3NDW,5.0,1
B004LT2PZE,5.0,1
B004LT2D2Y,4.0,1
B004LT0JAM,5.0,1
B004LV6N9G,5.0,1
B004LW8O0G,5.0,1
B004LWDJHE,5.0,1
B004LXJVRK,5.0,1
B004LXJVM0,5.0,1
B004LXJVJI,5.0,1
B004LXJV3Y,4.0,1
B004LXJT4U,5.0,1
B004LXJS78,5.0,1
B004LXJS4Q,5.0,1
B004LXJS14,5.0,1
B004LXJRZG,5.0,1
B004LXJRK6,5.0,1
B004LXJQTI,4.0,1
B004LXJQI4,4.0,1
B004LXI0VS,5.0,1
B004LXHYVU,5.0,1
B004LXHQX6,4.0,1
B004LXHQWM,4.0,1
B004LXHQ2W,5.0,1
B004LXHPQY,5.0,1
B004LXHPLO,5.0,1
B004LXHPC8,4.0,1
B004LXHP78,5.0,1
B004LXHP2I,5.0,1
B004LXHOJC,5.0,1
B004LXHLTU,5.0,1
B004LXHF14,5.0,1
B004LX5E5S,5.0,1
B004LWWG00,5.0,1
B004LWWFZQ,5.0,1
B004M3JVJW,5.0,1
B004MN8UYY,5.0,1
B004MN0KBK,4.0,1
B004MMY0QW,5.0,1
B004MMNN3S,5.0,1
B004MLZLB6,5.0,1
B004MKX5H4,5.0,1
B004MKN7GI,4.0,1
B004MKAF8G,5.0,1
B004MJVFC2,4.0,1
B004MJU5P0,5.0,1
B004MJO2D6,5.0,1
B004MJJYOI,5.0,1
B004MJ4GCI,5.0,1
B004MILHJO,5.0,1
B004MIFN94,4.0,1
B004MGXJ06,5.0,1
B004MGXCZS,4.0,1
B004MGCYSE,5.0,1
B004MGBY2G,4.0,1
B004MFSFFG,5.0,1
B004MFHEDU,4.0,1
B004MFH61A,4.0,1
B004MFCA7K,5.0,1
B004MF4B36,5.0,1
B004MNCC48,5.0,1
B004MEJV50,5.0,1
B004MNF8CQ,4.0,1
B004MOSYDK,5.0,1
B004MOSFKC,4.0,1
B004MOSEZ8,5.0,1
B004MOSEVW,5.0,1
B004MOR0C6,5.0,1
B004MOB3KQ,4.0,1
B004MO9BIW,5.0,1
B004MO8KZW,5.0,1
B004MO3I8Q,5.0,1
B004MNZAPG,5.0,1
B004MNWGB2,5.0,1
B004MNV5QO,4.0,1
B004MNTY8K,5.0,1
B004MNTRLE,5.0,1
B004MNS0BM,4.0,1
B004MNQDOS,5.0,1
B004MNN2BU,5.0,1
B004MNMUJA,5.0,1
B004MNMJ2I,4.0,1
B004MNLHVM,5.0,1
B004MNKY20,5.0,1
B004MNKTAM,5.0,1
B004MNFJ2K,5.0,1
B004ME9H5O,5.0,1
B004M3NNVY,5.0,1
B004M9QPUO,5.0,1
B004M9Q810,5.0,1
B004M8Z0K6,5.0,1
B004M8Z0IS,5.0,1
B004M7ZS5O,5.0,1
B004M7YDSW,5.0,1
B004M7U7UU,4.0,1
B004M7SDI8,5.0,1
B004M7QPQU,5.0,1
B004M7K0AC,4.0,1
B004M7IAJ0,5.0,1
B004M7B1B4,5.0,1
B004M70AUW,5.0,1
B004M6Y98M,5.0,1
B004M6Y6W6,4.0,1
B004M6V16K,5.0,1
B004M6SHXU,5.0,1
B004M6EEFU,5.0,1
B004M5AKI6,5.0,1
B004M56CHY,5.0,1
B004M4ORD6,5.0,1
B004M4CXZ0,5.0,1
B004M40YMO,5.0,1
B004M3UXPI,5.0,1
B004M9Q8WY,5.0,1
B004ME7TZ4,5.0,1
B004M9ZNKM,4.0,1
B004MDRBSK,5.0,1
B004MDOQQU,5.0,1
B004MDLZJ6,4.0,1
B004MDJE5I,4.0,1
B004MDAAXI,5.0,1
B004MD67BW,5.0,1
B004MCY3CI,5.0,1
B004MCREN8,4.0,1
B004MCN50O,4.0,1
B004MCIAAY,5.0,1
B004MCI9S2,4.0,1
B004MCI83S,5.0,1
B004MCC6OU,5.0,1
B004MCAI22,5.0,1
B004MC80IG,5.0,1
B004MC1M40,5.0,1
B004MC11PK,5.0,1
B004MBYSWY,5.0,1
B004MBXXSO,5.0,1
B004MBWDDK,5.0,1
B004MBUGWU,5.0,1
B004MBUBVG,5.0,1
B004MBBIF4,4.0,1
B004MAWJLM,5.0,1
B004MARG9W,5.0,1
B004MAPXJW,4.0,1
B004RRBYGQ,5.0,1
B004RRC1HC,5.0,1
B004W8IUJ4,5.0,1
B004W9RD6O,5.0,1
B004W9QIN8,5.0,1
B004W9GHSE,5.0,1
B004W9G7U2,4.0,1
B004W9E2WC,4.0,1
B004W9DUJS,4.0,1
B004W8X13O,5.0,1
B004W8WLMG,5.0,1
B004W8QL8Q,5.0,1
B004W8KEPW,5.0,1
B004W8HL1W,5.0,1
B004W03DIA,4.0,1
B004W8DLKC,5.0,1
B004W8C342,5.0,1
B004W8AYZM,5.0,1
B004W82CPC,5.0,1
B004W80BP0,5.0,1
B004W7XD56,5.0,1
B004W7TLDO,5.0,1
B004W7RIOI,5.0,1
B004W7NQIK,4.0,1
B004W7N1H6,5.0,1
B004W7MCO4,5.0,1
B004W9S340,5.0,1
B004W9S3IQ,5.0,1
B004W9S3RM,5.0,1
B004W9S45S,5.0,1
B004WCMOVU,5.0,1
B004WC2W4E,5.0,1
B004WC2JYM,5.0,1
B004WC071E,5.0,1
B004WC047G,5.0,1
B004WC03TA,5.0,1
B004WC03JA,5.0,1
B004WBMBVE,5.0,1
B004WBEM1Q,5.0,1
B004WBBP6Q,5.0,1
B004WBA2AQ,5.0,1
B004WB9R7U,5.0,1
B004WAUGR6,5.0,1
B004WAU4VO,5.0,1
B004WAU36U,5.0,1
B004WASWO0,5.0,1
B004WAPR1Q,5.0,1
B004WAIA1A,5.0,1
B004W9SDHC,5.0,1
B004W6ZM2Y,5.0,1
B004W5VC6U,4.0,1
B004W2NQIA,5.0,1
B004W29HVA,5.0,1
B004W1XX0C,5.0,1
B004W1XPAA,5.0,1
B004W1X884,4.0,1
B004W1X820,5.0,1
B004W1X48I,5.0,1
B004W1WW4K,5.0,1
B004W1WSXU,5.0,1
B004W1WRSG,5.0,1
B004W1W5K6,5.0,1
B004W1UX7S,5.0,1
B004W1F8GY,5.0,1
B004W1F0P8,4.0,1
B004W11K1Q,5.0,1
B004W0QJIQ,5.0,1
B004W0HK8O,5.0,1
B004W0BIRI,5.0,1
B004W07UAM,5.0,1
B004W2OQZM,5.0,1
B004W2OS82,5.0,1
B004W5UV44,5.0,1
B004W2OT0O,4.0,1
B004W5M0ZC,5.0,1
B004W57X8Q,5.0,1
B004W57SGI,5.0,1
B004W558Q0,5.0,1
B004W540QY,4.0,1
B004W53JWA,5.0,1
B004W4OV2I,5.0,1
B004W4NKNO,5.0,1
B004W4AN2A,5.0,1
B004W47F9Y,5.0,1
B004W43STU,5.0,1
B004W41OAU,5.0,1
B004W3WN2E,5.0,1
B004W3WA1S,5.0,1
B004W3W9PA,5.0,1
B004W3UD9O,5.0,1
B004W3L1BS,5.0,1
B004W331ZW,4.0,1
B004W2ZFM0,5.0,1
B004W2YCD8,4.0,1
B004W2OT2M,5.0,1
B004WCNOOQ,4.0,1
B004WCOSJQ,5.0,1
B004WP47BC,5.0,1
B004WOWAQC,5.0,1
B004WOESJY,5.0,1
B004WOES3K,5.0,1
B004WOC1MK,5.0,1
B004WOA8SO,5.0,1
B004WO9H3G,5.0,1
B004WNCKEA,5.0,1
B004WN8L84,5.0,1
B004WN2LB2,5.0,1
B004WN2L8U,5.0,1
B004WMMY8S,4.0,1
B004WMMY1K,4.0,1
B004WMMXXE,4.0,1
B004WMJEAY,5.0,1
B004WMJE7C,5.0,1
B004WMJE2W,5.0,1
B004WMFVA6,4.0,1
B004WMC0Q4,4.0,1
B004WMARPA,5.0,1
B004WMADUO,5.0,1
B004WM26K4,5.0,1
B004WM24AQ,5.0,1
B004WP0S74,5.0,1
B004WP47OE,5.0,1
B004WLT31A,4.0,1
B004WP48ZM,4.0,1
B004WQ0EDQ,5.0,1
B004WQ0E9U,5.0,1
B004WPY8D4,5.0,1
B004WPY6JK,4.0,1
B004WPWZWK,4.0,1
B004WPI00G,5.0,1
B004WPHY80,4.0,1
B004WPHXVS,5.0,1
B004WPHW78,5.0,1
B004WPHII6,5.0,1
B004WPG20G,5.0,1
B004WPEKK0,5.0,1
B004WPDUEW,5.0,1
B004WPDPJ2,4.0,1
B004WPD2M2,5.0,1
B004WPC1H4,4.0,1
B004WP7F16,5.0,1
B004WP4XQG,5.0,1
B004WP4U5A,5.0,1
B004WP4BIG,5.0,1
B004WLXG5O,5.0,1
B004WLQPWA,5.0,1
B004WJEJGG,5.0,1
B004WIM4K0,5.0,1
B004WI5W2C,4.0,1
B004WI5CNG,5.0,1
B004WHCWIU,5.0,1
B004WH1XC6,5.0,1
B004WH14C0,4.0,1
B004WGZYUE,5.0,1
B004WGTTP0,5.0,1
B004WGO27K,5.0,1
B004WGO1RQ,5.0,1
B004WGN43S,5.0,1
B004WGMAHY,5.0,1
B004WFAI4M,4.0,1
B004WF7TK8,5.0,1
B004WF54AA,5.0,1
B004WF4NRU,5.0,1
B004WEYLPA,5.0,1
B004WERNA0,4.0,1
B004WE933U,4.0,1
B004WE8PHK,5.0,1
B004WDWOM8,5.0,1
B004WDLGYK,5.0,1
B004WIZ97K,5.0,1
B004WJELY6,4.0,1
B004WLOOX2,5.0,1
B004WJGT46,5.0,1
B004WLNWZI,5.0,1
B004WLNWD0,5.0,1
B004WLNLHC,5.0,1
B004WLN3J8,5.0,1
B004WLMJ8E,5.0,1
B004WLM4KC,5.0,1
B004WLLVFG,4.0,1
B004WLJAO0,5.0,1
B004WLCNHQ,5.0,1
B004WL3T3I,5.0,1
B004WL0QHU,5.0,1
B004WKWSDG,4.0,1
B004WKU09K,5.0,1
B004WKQ9UE,5.0,1
B004WKKH34,5.0,1
B004WKK6GC,5.0,1
B004WKJW6M,5.0,1
B004WKEPJQ,5.0,1
B004WK3NPS,5.0,1
B004WJIRJ6,5.0,1
B004WJH0FI,5.0,1
B004W07G2O,5.0,1
B004W036U0,5.0,1
B004WQ2UEC,5.0,1
B004VBAOXC,5.0,1
B004VDOZ0S,5.0,1
B004VDJLF2,4.0,1
B004VDFZTI,5.0,1
B004VD773K,5.0,1
B004VD0V4W,5.0,1
B004VBOKTQ,5.0,1
B004VBNDGW,5.0,1
B004VBMYSA,4.0,1
B004VBGE9A,5.0,1
B004VBDX30,5.0,1
B004VBBRFQ,5.0,1
B004VB1NGO,5.0,1
B004VA6FN6,4.0,1
B004V9V2PI,5.0,1
B004V9N66G,5.0,1
B004V9M7IO,5.0,1
B004V9D7BK,5.0,1
B004V9BDDO,5.0,1
B004V99UL6,4.0,1
B004V99TTE,5.0,1
B004V97KIG,5.0,1
B004V97EUU,5.0,1
B004V96W4E,5.0,1
B004VDTKMQ,5.0,1
B004VDVC40,5.0,1
B004VHPWRO,5.0,1
B004VH6ZA2,5.0,1
B004VH6QSS,5.0,1
B004VH1WCI,5.0,1
B004VGWYP8,5.0,1
B004VGR7IW,5.0,1
B004VGMDYU,5.0,1
B004VGHGO2,5.0,1
B004VG8DGC,5.0,1
B004VG6A76,4.0,1
B004VFP7OY,5.0,1
B004VFO44S,5.0,1
B004VFMXXC,5.0,1
B004VFMFJ4,5.0,1
B004VFKUH8,5.0,1
B004VFKOZQ,5.0,1
B004VF60FO,5.0,1
B004VEOKRK,5.0,1
B004VENJ40,5.0,1
B004VEL2YY,5.0,1
B004VE7O7I,4.0,1
B004VDW83E,5.0,1
B004VDW6HW,5.0,1
B004V8X784,4.0,1
B004V8X2RK,5.0,1
B004V8WZL4,4.0,1
B004V5BUTU,5.0,1
B004V549TS,5.0,1
B004V50TVU,5.0,1
B004V50LAY,5.0,1
B004V4ZMOU,5.0,1
B004V4XLSO,5.0,1
B004V4IU9Y,5.0,1
B004V4II1O,5.0,1
B004V4HSK6,5.0,1
B004V4BK1Y,5.0,1
B004V4AORA,5.0,1
B004V4AC86,5.0,1
B004V4A7EK,5.0,1
B004V4A772,5.0,1
B004V4A1PA,5.0,1
B004V4A010,5.0,1
B004V49Y0S,5.0,1
B004V49ORG,5.0,1
B004V48GMU,5.0,1
B004V48F0I,5.0,1
B004V47X42,5.0,1
B004V472R0,5.0,1
B004V46L5O,5.0,1
B004V45ST4,5.0,1
B004V45JH0,5.0,1
B004V56FI6,4.0,1
B004V5D9CG,5.0,1
B004V8WZ1O,5.0,1
B004V8WYPQ,4.0,1
B004V8WY8I,5.0,1
B004V8PH50,5.0,1
B004V8OTZE,5.0,1
B004V8NKHC,5.0,1
B004V8ERC4,4.0,1
B004V8EE5E,4.0,1
B004V75J04,5.0,1
B004V75EHW,5.0,1
B004V75ECC,5.0,1
B004V75E04,5.0,1
B004V75CNS,5.0,1
B004V75AYO,5.0,1
B004V75ANA,5.0,1
B004V7578I,5.0,1
B004V756Y8,5.0,1
B004V753XM,5.0,1
B004V751NO,5.0,1
B004V74TWI,4.0,1
B004V74T82,5.0,1
B004V74S1K,5.0,1
B004V74R0M,5.0,1
B004V6Y7BM,4.0,1
B004V5XE62,5.0,1
B004VIFUTI,5.0,1
B004VIQGZ0,4.0,1
B004VIQULU,5.0,1
B004VWDR6M,5.0,1
B004VW49SC,5.0,1
B004VUZ118,4.0,1
B004VUKJQU,5.0,1
B004VUIT0S,5.0,1
B004VU8XGI,4.0,1
B004VU03PW,5.0,1
B004VTX2KG,5.0,1
B004VTX288,5.0,1
B004VTX1M0,5.0,1
B004VTWVJY,5.0,1
B004VTWP2C,4.0,1
B004VTWJ82,5.0,1
B004VTWEFK,5.0,1
B004VTWBCQ,4.0,1
B004VTVY3I,5.0,1
B004VTUOZW,5.0,1
B004VTTXRM,5.0,1
B004VTFU1K,5.0,1
B004VTFRVS,5.0,1
B004VTFL00,5.0,1
B004VT3N9G,5.0,1
B004VSV5VK,5.0,1
B004VSTNPU,5.0,1
B004VW931A,5.0,1
B004VWX91K,5.0,1
B004VWXLM2,5.0,1
B004W02N1S,5.0,1
B004VZV0HW,5.0,1
B004VZKEYM,4.0,1
B004VZA9Z6,5.0,1
B004VZ3QM4,5.0,1
B004VYZUTM,5.0,1
B004VYZT6G,5.0,1
B004VYZNR6,5.0,1
B004VYZMWC,5.0,1
B004VYZM18,5.0,1
B004VYZIXK,5.0,1
B004VYZHM2,4.0,1
B004VYZE52,5.0,1
B004VYQ00U,5.0,1
B004VYFMHM,5.0,1
B004VYF9A2,5.0,1
B004VYELDI,5.0,1
B004VXZT5S,5.0,1
B004VXZSHM,4.0,1
B004VXYHLU,5.0,1
B004VXT71U,4.0,1
B004VXLS4Y,5.0,1
B004VWYD42,5.0,1
B004VS07EG,5.0,1
B004VIX586,5.0,1
B004VMVTY4,5.0,1
B004VMRZKQ,4.0,1
B004VMQGOC,5.0,1
B004VMJNGA,5.0,1
B004VMGTVW,5.0,1
B004VMF8TQ,5.0,1
B004VMA76U,5.0,1
B004VM965I,5.0,1
B004VLXDNU,5.0,1
B004VLXCFO,5.0,1
B004VLXC2M,5.0,1
B004VLTPNC,5.0,1
B004VLP72U,5.0,1
B004VLLXV4,5.0,1
B004VLHX6I,5.0,1
B004VLHOEE,5.0,1
B004VKIJEY,5.0,1
B004VKGZFY,5.0,1
B004VJ3JZE,5.0,1
B004VIXAM2,5.0,1
B004VIX6L2,5.0,1
B004VMVPRU,5.0,1
B004VRZK4O,5.0,1
B004VRZFWG,5.0,1
B004VRT4EG,5.0,1
B004VRL2AU,4.0,1
B004VRB3D6,4.0,1
B004VR767S,5.0,1
B004VR71QO,4.0,1
B004VQUQ26,5.0,1
B004VQ4XUW,5.0,1
B004VPVNQK,5.0,1
B004VOYG8S,5.0,1
B004VO4QW4,5.0,1
B004VNQCYA,5.0,1
B004VNHINO,5.0,1
B004VNEX7S,5.0,1
B004VN7I98,5.0,1
B004VN7CL2,5.0,1
B004VN1ZQK,5.0,1
B004VN1JU2,5.0,1
B004VN0WPK,5.0,1
B004VN0WNW,4.0,1
B004VN0MBO,5.0,1
B004VMZUTO,5.0,1
B004VMXY92,5.0,1
B004WQ3CTY,5.0,1
B004XM0ZLK,5.0,1
B004XMUPJM,5.0,1
B004XMUMR2,5.0,1
B004XMUFCO,5.0,1
B004XMTK7U,5.0,1
B004XMTB88,4.0,1
B004XMTB10,5.0,1
B004XMMS74,5.0,1
B004XMHMP2,5.0,1
B004XMDKDK,5.0,1
B004XMBFA0,5.0,1
B004XM62ZI,5.0,1
B004XM5XQM,5.0,1
B004XM0ZF6,5.0,1
B004XJNP8S,5.0,1
B004XM0Y7U,5.0,1
B004XLS3V0,5.0,1
B004XLFOSK,5.0,1
B004XL4DVO,5.0,1
B004XKK64I,4.0,1
B004XKGR96,5.0,1
B004XKAT8Q,4.0,1
B004XK6DFO,4.0,1
B004XK5M0G,5.0,1
B004XK5I8M,5.0,1
B004XJQ3MS,5.0,1
B004XMUSPI,5.0,1
B004XMUVSC,5.0,1
B004XMUW3G,4.0,1
B004XMUXA8,5.0,1
B004XQB04M,4.0,1
B004XQ9PIK,5.0,1
B004XQ9P8U,5.0,1
B004XQ9P44,5.0,1
B004XQ9OZY,5.0,1
B004XPXBY0,5.0,1
B004XPNJ10,4.0,1
B004XPLJIU,5.0,1
B004XOLV84,5.0,1
B004XOF0PY,5.0,1
B004XOE3CK,5.0,1
B004XOCTQ2,5.0,1
B004XOCKW0,4.0,1
B004XNZXSY,5.0,1
B004XNN3H2,5.0,1
B004XNF7JE,5.0,1
B004XNDVWE,5.0,1
B004XNC6Y8,5.0,1
B004XN7DOG,5.0,1
B004XN14GE,5.0,1
B004XN0I3O,5.0,1
B004XMY7QE,5.0,1
B004XMV0D2,4.0,1
B004XJPRYS,5.0,1
B004XJOKXM,5.0,1
B004XJOIKM,4.0,1
B004XJO0KA,5.0,1
B004XJO0JQ,5.0,1
B004XJO0G4,5.0,1
B004XJO0AU,5.0,1
B004XJNZY2,4.0,1
B004XJNZCO,5.0,1
B004XJNYIO,5.0,1
B004XJNY4I,5.0,1
B004XJNXPS,5.0,1
B004XJNXIU,5.0,1
B004XJNVSC,5.0,1
B004XJNV7S,5.0,1
B004XJNTKW,5.0,1
B004XJNTHK,5.0,1
B004XJNT5C,5.0,1
B004XJNS94,5.0,1
B004XJNRL8,5.0,1
B004XJNRHC,5.0,1
B004XJNQY6,5.0,1
B004XJNQPK,4.0,1
B004XJNQDC,5.0,1
B004XJNPTM,5.0,1
B004XJNPME,5.0,1
B004XJNPH4,5.0,1
B004XJO1NG,5.0,1
B004XJOHYY,5.0,1
B004XJO2QM,5.0,1
B004XJOHCG,5.0,1
B004XJOG6S,5.0,1
B004XJOFBY,5.0,1
B004XJOF7S,5.0,1
B004XJOECO,5.0,1
B004XJODA2,5.0,1
B004XJOCNK,5.0,1
B004XJOBHW,5.0,1
B004XJOB90,5.0,1
B004XJOADC,4.0,1
B004XJO6ZY,5.0,1
B004XJO672,5.0,1
B004XJO60Y,5.0,1
B004XJO5KK,5.0,1
B004XJO59G,5.0,1
B004XJO51Y,5.0,1
B004XJO4Z6,5.0,1
B004XJO4YW,5.0,1
B004XJO4SS,5.0,1
B004XJO4OW,5.0,1
B004XJO4BK,5.0,1
B004XJO45G,5.0,1
B004XJO3QG,5.0,1
B004XJO32K,5.0,1
B004XJO302,5.0,1
B004XQV6ZK,5.0,1
B004XQWFUA,4.0,1
B004XQWI3O,5.0,1
B004Y1R4C8,5.0,1
B004Y1KF7Y,5.0,1
B004Y0ZYQ2,5.0,1
B004Y0ZYIA,5.0,1
B004Y0T0F8,5.0,1
B004Y0SBJY,5.0,1
B004Y0F03E,5.0,1
B004Y0A6C4,5.0,1
B004Y0A4NK,5.0,1
B004XZEO9G,5.0,1
B004XZAB6Q,5.0,1
B004XZ5X8M,5.0,1
B004XY5DTM,4.0,1
B004XXPL1S,5.0,1
B004XXPKE6,5.0,1
B004XXO7BS,5.0,1
B004XXG5XG,5.0,1
B004XWR2PM,4.0,1
B004XWPNTO,5.0,1
B004XWLGOK,5.0,1
B004Y1P3US,5.0,1
B004XWD2ZG,4.0,1
B004Y218X8,4.0,1
B004Y79V50,5.0,1
B004Y73B92,5.0,1
B004Y6RGDU,5.0,1
B004Y6RDWE,4.0,1
B004Y6RB2G,5.0,1
B004Y6K8XA,5.0,1
B004Y6EFOI,5.0,1
B004Y6AGP0,4.0,1
B004Y6AGIM,5.0,1
B004Y6AG78,5.0,1
B004Y6AG5K,5.0,1
B004Y6AFYW,5.0,1
B004Y6AELG,5.0,1
B004Y5ME1A,5.0,1
B004Y5IQ1C,5.0,1
B004Y4TI1A,5.0,1
B004Y4THOI,4.0,1
B004Y4HTYI,5.0,1
B004Y45SLY,4.0,1
B004Y3VW7E,5.0,1
B004Y36B2U,5.0,1
B004Y31EG8,5.0,1
B004XWDNQ4,5.0,1
B004XWBDAW,5.0,1
B004XVJK62,5.0,1
B004XVJJZY,5.0,1
B004XVFPWU,5.0,1
B004XUHH4K,5.0,1
B004XUGY0S,5.0,1
B004XUFY4K,5.0,1
B004XUDTLU,5.0,1
B004XUDP7S,5.0,1
B004XT53JM,5.0,1
B004XT139Q,5.0,1
B004XSW2LK,5.0,1
B004XSV8E2,5.0,1
B004XSV40A,5.0,1
B004XS7Q2K,5.0,1
B004XRS65C,4.0,1
B004XRN8C8,5.0,1
B004XRM5YA,5.0,1
B004XRIN5U,4.0,1
B004XQWY4W,5.0,1
B004XVJKAI,4.0,1
B004XW9WPA,5.0,1
B004XVJKCG,4.0,1
B004XW5KM4,5.0,1
B004XW1RZS,5.0,1
B004XVZKKC,5.0,1
B004XVXRSE,5.0,1
B004XVWYAQ,5.0,1
B004XVU2L4,5.0,1
B004XVQ8LC,5.0,1
B004XVNEUA,5.0,1
B004XVNAX6,4.0,1
B004XVJYEA,4.0,1
B004XVJMJW,5.0,1
B004XVJM6K,5.0,1
B004XVJM6A,5.0,1
B004XVJM60,5.0,1
B004XVJLOI,5.0,1
B004XVJLFW,5.0,1
B004XVJLC0,4.0,1
B004XVJKU8,5.0,1
B004XVJKR6,4.0,1
B004XVJKQ2,5.0,1
B004XVJKPS,5.0,1
B004XVJKGC,5.0,1
B004XJNP9W,4.0,1
B004XJNP6K,4.0,1
B004WQ4IOW,4.0,1
B004X32FO4,4.0,1
B004X69HMY,5.0,1
B004X61DGW,5.0,1
B004X5XQB8,5.0,1
B004X54APY,5.0,1
B004X4ZDO2,4.0,1
B004X4T29E,5.0,1
B004X4KXFQ,5.0,1
B004X463GO,5.0,1
B004X40HK2,5.0,1
B004X37RFQ,5.0,1
B004X31U5Y,5.0,1
B004XJNP1A,5.0,1
B004X307J4,5.0,1
B004X2V6KY,5.0,1
B004X2PSJY,5.0,1
B004X2NTR2,5.0,1
B004X2NF2G,5.0,1
B004X2MUGS,5.0,1
B004X2L1ZY,4.0,1
B004X2HND8,5.0,1
B004X2HLSK,5.0,1
B004X6GMN6,5.0,1
B004X6I3YW,5.0,1
B004X6VY48,4.0,1
B004X82XUA,5.0,1
B004X82X3M,5.0,1
B004X81A3Q,5.0,1
B004X8177A,5.0,1
B004X800ZU,5.0,1
B004X7VRIK,5.0,1
B004X7VQEU,4.0,1
B004X7VMTY,5.0,1
B004X7VLAY,5.0,1
B004X7V18Q,5.0,1
B004X7U4VQ,5.0,1
B004X7Q8EI,5.0,1
B004X7P9MU,5.0,1
B004X7KA6K,5.0,1
B004X7HZL8,5.0,1
B004X7HTQY,5.0,1
B004X7B0MS,4.0,1
B004X7AZGA,4.0,1
B004X75NWQ,5.0,1
B004X75CL8,5.0,1
B004X7522C,5.0,1
B004X73CCE,5.0,1
B004X71YJ2,5.0,1
B004X71FZ0,5.0,1
B004X6YLLQ,5.0,1
B004X2G5K0,5.0,1
B004WTZUXW,5.0,1
B004WTZR5S,5.0,1
B004WTZK4Q,5.0,1
B004WTZH6C,5.0,1
B004WTWQA2,5.0,1
B004WTV6K8,4.0,1
B004WTUD3O,4.0,1
B004WTDD68,5.0,1
B004WSPZH4,5.0,1
B004WSO2AA,5.0,1
B004WSKUB0,5.0,1
B004WSJ4K8,5.0,1
B004WRCBO0,5.0,1
B004WRC9X8,4.0,1
B004WQQ8SG,5.0,1
B004WQPPH6,5.0,1
B004WQPJC2,5.0,1
B004WQE6MG,5.0,1
B004WQ6I22,5.0,1
B004WQ5XJQ,5.0,1
B004WQ4MLG,5.0,1
B004WTZUQY,5.0,1
B004WTZUZK,5.0,1
B004X29YKS,5.0,1
B004WTZV2M,4.0,1
B004X29XIG,5.0,1
B004X29H1O,5.0,1
B004X28KH6,5.0,1
B004X1T5H6,5.0,1
B004X1GB1O,5.0,1
B004X161QE,5.0,1
B004X0KQHU,5.0,1
B004X0KK1C,5.0,1
B004WZEY42,4.0,1
B004WZ3DVM,5.0,1
B004WYSBMY,5.0,1
B004WYMGXY,4.0,1
B004WYJQKK,5.0,1
B004WYBI4W,5.0,1
B004WYB1K8,5.0,1
B004WYAXJI,5.0,1
B004WXWEQO,5.0,1
B004WXAZHY,5.0,1
B004WWJRZQ,4.0,1
B004WUKTPK,5.0,1
B004WU41PO,5.0,1
B004WU0XAG,5.0,1
B004WU00MM,5.0,1
B004WTZWNU,5.0,1
B004WTZVIG,5.0,1
B004X8ETSE,5.0,1
B004X8GIHY,5.0,1
B004XISC96,5.0,1
B004XIMTG8,5.0,1
B004XHNITG,5.0,1
B004XFY8QU,4.0,1
B004XFVI1I,4.0,1
B004XFRRCC,5.0,1
B004XFJ8RY,5.0,1
B004XF259C,5.0,1
B004XESUFQ,5.0,1
B004XER6XI,5.0,1
B004XER6RY,5.0,1
B004XEMXHM,5.0,1
B004XEF036,5.0,1
B004XEEZQY,5.0,1
B004XEAP9A,5.0,1
B004XEAK2W,5.0,1
B004XEAJ4Q,5.0,1
B004XE5E50,5.0,1
B004XE0TNM,5.0,1
B004XDMIY6,5.0,1
B004XDD4US,5.0,1
B004XIQG3U,5.0,1
B004XJ4AL4,5.0,1
B004XD1LMQ,5.0,1
B004XJ54OQ,5.0,1
B004XJNOLG,5.0,1
B004XJNO4I,5.0,1
B004XJNNNK,5.0,1
B004XJNM86,4.0,1
B004XJNM2C,4.0,1
B004XJNLZK,5.0,1
B004XJNLVO,5.0,1
B004XJNL3C,4.0,1
B004XJNK7Y,5.0,1
B004XJMERG,5.0,1
B004XJMEPI,5.0,1
B004XJME5S,5.0,1
B004XJMBAQ,5.0,1
B004XJLPM6,5.0,1
B004XJIALK,5.0,1
B004XJE5VY,5.0,1
B004XJDDZI,5.0,1
B004XJCM96,5.0,1
B004XJAX1K,5.0,1
B004XJAWJS,5.0,1
B004XJA43W,5.0,1
B004XJ9YO2,5.0,1
B004XJ9RJO,5.0,1
B004XJ9DLG,5.0,1
B004XD8B1U,5.0,1
B004X8PTGA,4.0,1
B004X8PGRM,5.0,1
B004X8NA4I,5.0,1
B004X8N7N2,5.0,1
B004X8MVXE,5.0,1
B004X8MDLY,5.0,1
B004X8KVN6,5.0,1
B004X8KP9G,5.0,1
B004X8KLIQ,5.0,1
B004X8IVJM,5.0,1
B004X8IO30,4.0,1
B004X8IKSY,4.0,1
B004X8IDE0,5.0,1
B004X8I0BG,5.0,1
B004X8HNAU,5.0,1
B004X8H3PK,4.0,1
B004X8H332,5.0,1
B004X8GTUU,4.0,1
B004X8GLWG,5.0,1
B004X8QUEU,5.0,1
B004X8SW46,5.0,1
B004XCVLTA,5.0,1
B004XCQYDI,5.0,1
B004XCQWLM,4.0,1
B004XCDH6U,5.0,1
B004XBTYUO,5.0,1
B004XBS7Q6,5.0,1
B004XBS5MC,5.0,1
B004XBS3ZG,5.0,1
B004XBL0QA,4.0,1
B004XBG042,5.0,1
B004XBDKDG,5.0,1
B004XAZRQA,5.0,1
B004XAZR92,5.0,1
B004XAWNSA,5.0,1
B004XAWN80,5.0,1
B004XAPEK4,5.0,1
B004XAE6CG,5.0,1
B004X9G0V2,4.0,1
B004X96JXQ,5.0,1
B004X8Z8HA,5.0,1
B004V45IL2,5.0,1
B004V459U2,5.0,1
B004SY3ZXS,5.0,1
B004SY3XBC,5.0,1
B004SY2KLG,4.0,1
B004SX1ZFY,4.0,1
B004SWJMD2,5.0,1
B004SWJ55W,5.0,1
B004SW01GY,5.0,1
B004SVX33I,5.0,1
B004SVE1Y8,5.0,1
B004SV07KK,4.0,1
B004SUZY18,5.0,1
B004SUXOHO,5.0,1
B004SUW0WO,5.0,1
B004SHZI8A,4.0,1
B004SURPG0,5.0,1
B004SUO482,5.0,1
B004SUHSH6,5.0,1
B004SUGHAU,5.0,1
B004SUGH1Y,5.0,1
B004SUFXVY,5.0,1
B004SUAEUO,4.0,1
B004SU6SE0,5.0,1
B004SSESUI,4.0,1
B004SYNFE2,5.0,1
B004SZ2GSW,5.0,1
B004SZ45LS,5.0,1
B004T19KYS,5.0,1
B004T6S1T8,5.0,1
B004T6G8FW,5.0,1
B004T5DAGS,5.0,1
B004T51GZ0,5.0,1
B004T50NPY,5.0,1
B004T4M37G,5.0,1
B004T4M14G,5.0,1
B004T4M04W,5.0,1
B004T4M006,5.0,1
B004T4LCUU,5.0,1
B004T4KD64,5.0,1
B004T4EPT0,4.0,1
B004T4A15C,5.0,1
B004T3D9GQ,5.0,1
B004T392E4,5.0,1
B004T38X2G,5.0,1
B004T38PJM,5.0,1
B004T34EDI,5.0,1
B004T345GO,5.0,1
B004T1PT9S,5.0,1
B004T19QYM,5.0,1
B004T19PLG,5.0,1
B004T19O1W,5.0,1
B004SSEKS8,5.0,1
B004SRHI5Q,5.0,1
B004SKTNJM,5.0,1
B004SKR0JC,5.0,1
B004SKPUKS,4.0,1
B004SKK6BG,5.0,1
B004SKJT1O,5.0,1
B004SKHN1W,4.0,1
B004SJQT4U,5.0,1
B004SJFTI2,5.0,1
B004SJ82ZO,5.0,1
B004SJ326S,5.0,1
B004SJ07OI,5.0,1
B004SIWGLQ,5.0,1
B004SI9VGO,5.0,1
B004SI9BU0,5.0,1
B004SI7RMY,5.0,1
B004SI6MSO,5.0,1
B004SI6DDI,5.0,1
B004SI3DIG,5.0,1
B004SI38O0,4.0,1
B004SI34YY,5.0,1
B004SI33OU,5.0,1
B004SI33IQ,5.0,1
B004SI2BW0,5.0,1
B004SKZ8BE,5.0,1
B004SR89EU,5.0,1
B004SL0VVK,5.0,1
B004SQNWMA,4.0,1
B004SQFW50,5.0,1
B004SQBWU4,5.0,1
B004SQ9T3G,5.0,1
B004SQ651A,5.0,1
B004SQ15MY,5.0,1
B004SQ0KNO,5.0,1
B004SPZINC,5.0,1
B004SPWV96,5.0,1
B004SPVTWQ,4.0,1
B004SPPUBM,5.0,1
B004SPKROM,5.0,1
B004SPKPYY,5.0,1
B004SPJM8E,5.0,1
B004SPJBN0,5.0,1
B004SPINGQ,5.0,1
B004SPH0KG,4.0,1
B004SPGI36,5.0,1
B004SPGF7K,5.0,1
B004SPFTZO,5.0,1
B004SP109I,5.0,1
B004SNMJ3G,5.0,1
B004SN7HXS,5.0,1
B004SLJBIY,5.0,1
B004T6ZB6Y,4.0,1
B004T6ZPM4,4.0,1
B004TMODOE,5.0,1
B004TMO54M,5.0,1
B004TMO43Y,5.0,1
B004TMO2I6,5.0,1
B004TMO092,5.0,1
B004TMNWUA,4.0,1
B004TMNT6C,4.0,1
B004TMNQ38,5.0,1
B004TMNPXE,4.0,1
B004TMNOQM,5.0,1
B004TMNNEU,5.0,1
B004TMNK6G,5.0,1
B004TMNJIU,5.0,1
B004TMNB1K,5.0,1
B004TMM69I,5.0,1
B004TMJN7Q,5.0,1
B004TMIAQ6,4.0,1
B004TMI7A0,5.0,1
B004TMFXX4,5.0,1
B004TMDUL6,5.0,1
B004TM77BA,4.0,1
B004TM6UMM,5.0,1
B004TM4V6E,5.0,1
B004TLHSMY,5.0,1
B004TLGCZ8,5.0,1
B004TLGCQC,5.0,1
B004TMO6M8,5.0,1
B004TLDDIW,4.0,1
B004TMOFWE,5.0,1
B004TPJRL0,5.0,1
B004TP9QB6,5.0,1
B004TOLJ4Y,5.0,1
B004TOKR9M,5.0,1
B004TO6SCM,5.0,1
B004TO2DBM,5.0,1
B004TO162E,5.0,1
B004TNXY02,4.0,1
B004TNXKX8,5.0,1
B004TNWCTG,4.0,1
B004TNW19W,5.0,1
B004TNKPKE,5.0,1
B004TNGKOE,5.0,1
B004TNF57M,5.0,1
B004TNAQ6M,5.0,1
B004TN2OQM,5.0,1
B004TMPAUU,5.0,1
B004TMP9GA,5.0,1
B004TMP76W,4.0,1
B004TMP1KE,5.0,1
B004TMOWDQ,5.0,1
B004TMOS4E,5.0,1
B004TMOQAA,5.0,1
B004TLFHHW,5.0,1
B004TLCMT8,5.0,1
B004T71VLM,5.0,1
B004TEWPQA,5.0,1
B004TDQ2X8,5.0,1
B004TDPY2I,5.0,1
B004TDKPX6,5.0,1
B004TDIIFS,5.0,1
B004TDB76A,5.0,1
B004TD2OTY,5.0,1
B004TD0FX6,5.0,1
B004TCU9ZQ,5.0,1
B004TC1TMI,5.0,1
B004TC1SF6,5.0,1
B004TBIIEQ,4.0,1
B004TBA35S,5.0,1
B004TB6LUY,5.0,1
B004TB2J7S,5.0,1
B004TAZD9A,5.0,1
B004TAUV1U,5.0,1
B004TANVTY,5.0,1
B004TAIID8,5.0,1
B004TAI48W,5.0,1
B004T8HHH8,5.0,1
B004T7W87S,4.0,1
B004T7SMUK,5.0,1
B004T77M4M,5.0,1
B004T739WG,5.0,1
B004TEXYGA,4.0,1
B004TG1FLE,5.0,1
B004TJOMMU,5.0,1
B004TINQUA,4.0,1
B004TILW6K,4.0,1
B004TILW60,4.0,1
B004TILDTG,5.0,1
B004TIL7WY,5.0,1
B004TIL7WO,5.0,1
B004TIKHTS,5.0,1
B004TIASPG,5.0,1
B004THZFKU,5.0,1
B004THVQ2Q,5.0,1
B004THMJWC,4.0,1
B004THJ21I,5.0,1
B004THH01M,5.0,1
B004THGMLG,5.0,1
B004THDE76,5.0,1
B004THB4CS,5.0,1
B004TGZM7M,5.0,1
B004TGTWYG,5.0,1
B004TGSLV6,4.0,1
B004TGICSI,4.0,1
B004TGHRES,5.0,1
B004TGGPGE,5.0,1
B004SHZUL0,5.0,1
B004SHZG3M,5.0,1
B004V4585I,5.0,1
B004RSU1F0,5.0,1
B004RV4K8G,5.0,1
B004RV0YP4,5.0,1
B004RUZNEC,5.0,1
B004RUTCOY,4.0,1
B004RUK0AO,5.0,1
B004RUJ1VS,5.0,1
B004RUEZB4,5.0,1
B004RUE2XU,5.0,1
B004RUDDFS,5.0,1
B004RU7YXK,5.0,1
B004RTUYFG,5.0,1
B004RSV4CE,5.0,1
B004RSU1BO,4.0,1
B004SHT1ZQ,4.0,1
B004RSOGEM,5.0,1
B004RSOCAK,4.0,1
B004RS8O90,5.0,1
B004RRLS9Y,5.0,1
B004RRKU8O,5.0,1
B004RRJS64,5.0,1
B004RV4YXC,5.0,1
B004S205KG,5.0,1
B004S0YZ3G,5.0,1
B004S0EU72,4.0,1
B004S04LC6,5.0,1
B004RZLIBY,5.0,1
B004RZJLJ0,4.0,1
B004RZA6XK,5.0,1
B004RYXDKO,5.0,1
B004RYPW76,4.0,1
B004RYE9QQ,4.0,1
B004RXYXZ4,5.0,1
B004RXFAO2,4.0,1
B004RWUMEG,5.0,1
B004RWJZW6,4.0,1
B004RW2H6M,5.0,1
B004RVQYXA,5.0,1
B004RVN1OA,4.0,1
B004RRHTS8,5.0,1
B004RRHTNI,5.0,1
B004RRHS3O,5.0,1
B004RRFUXO,5.0,1
B004RRFQTM,5.0,1
B004RRFQL0,5.0,1
B004RRFOA8,5.0,1
B004RRFO9E,5.0,1
B004RRFN5E,5.0,1
B004RRFLNS,5.0,1
B004RRE9KO,4.0,1
B004RRE88W,5.0,1
B004RRE5XU,5.0,1
B004RRE4JK,4.0,1
B004RRE35U,5.0,1
B004RRE1QQ,5.0,1
B004RRE10W,5.0,1
B004RRDZNG,5.0,1
B004RRDRRU,5.0,1
B004RRDRQ6,5.0,1
B004RRDQS0,5.0,1
B004RRDN4M,5.0,1
B004RRDM4S,5.0,1
B004RRCFLY,5.0,1
B004RRCEZG,5.0,1
B004RRC8FM,4.0,1
B004RRC7TY,4.0,1
B004RRC5FK,5.0,1
B004RRFR3M,4.0,1
B004RRFVA6,5.0,1
B004RRHRMQ,5.0,1
B004RRFWRI,5.0,1
B004RRHNI4,5.0,1
B004RRHGM2,5.0,1
B004RRHFDC,5.0,1
B004RRHD7A,5.0,1
B004RRH8XY,4.0,1
B004RRH72G,5.0,1
B004RRH5PU,5.0,1
B004RRH262,5.0,1
B004RRGU56,5.0,1
B004RRGQ7S,4.0,1
B004RRGNEE,4.0,1
B004RRGKWY,4.0,1
B004RRGJA2,5.0,1
B004RRGHP4,5.0,1
B004RRGGB4,5.0,1
B004RRG8TY,4.0,1
B004RRG7BS,5.0,1
B004RRG6V4,4.0,1
B004RRG6B4,5.0,1
B004RRG41Q,5.0,1
B004RRG2FY,5.0,1
B004RRG1PK,5.0,1
B004RRG0U6,5.0,1
B004RRFYOE,5.0,1
B004S23RYC,5.0,1
B004S23X0K,5.0,1
B004S25722,4.0,1
B004SCZWFY,5.0,1
B004SCL7JE,5.0,1
B004SCIHV0,5.0,1
B004SCFGKU,5.0,1
B004SCE7FA,5.0,1
B004SC9NCM,5.0,1
B004SC2LL2,5.0,1
B004SC1FBY,5.0,1
B004SC0G7S,4.0,1
B004SBZO1C,5.0,1
B004SBRH8A,5.0,1
B004SBR5H8,5.0,1
B004SBI4BY,5.0,1
B004SBENDC,5.0,1
B004SB8TM8,5.0,1
B004SB6RO0,5.0,1
B004SAS6VI,5.0,1
B004SALAPC,5.0,1
B004SA0XRI,5.0,1
B004S9W2TG,4.0,1
B004S9PZN6,5.0,1
B004S9PX4M,5.0,1
B004S8XIKE,5.0,1
B004SCX22O,5.0,1
B004SD166W,5.0,1
B004SD5EII,5.0,1
B004SHEXB8,5.0,1
B004SHE0XY,5.0,1
B004SHB618,5.0,1
B004SH8SKA,5.0,1
B004SGX1BC,4.0,1
B004SGOGY8,5.0,1
B004SGKG5G,5.0,1
B004SGCH9O,5.0,1
B004SFY0UO,4.0,1
B004SFS4RY,5.0,1
B004SFOS5Q,4.0,1
B004SFGG0G,4.0,1
B004SF8NHU,5.0,1
B004SF2YKM,5.0,1
B004SEY9NI,5.0,1
B004SEP4TG,5.0,1
B004SENA8S,5.0,1
B004SEMOEY,5.0,1
B004SELAVW,5.0,1
B004SE9TCE,5.0,1
B004S8N6GK,5.0,1
B004S8EL2S,5.0,1
B004S257H2,5.0,1
B004S47I5O,5.0,1
B004S47ETE,5.0,1
B004S40298,5.0,1
B004S3X4MG,5.0,1
B004S3VA72,5.0,1
B004S3V040,5.0,1
B004S3ADV6,5.0,1
B004S39VFA,5.0,1
B004S364JG,5.0,1
B004S35X84,4.0,1
B004S320V2,5.0,1
B004S31CXY,5.0,1
B004S2WXJM,5.0,1
B004S2STR2,5.0,1
B004S2Q4EW,5.0,1
B004S2FABA,5.0,1
B004S2DG66,5.0,1
B004S2DCQ0,5.0,1
B004S2AF9W,5.0,1
B004S2A9Y8,5.0,1
B004S2A8CQ,5.0,1
B004S4AUCW,5.0,1
B004S8EH90,5.0,1
B004S4AUMW,5.0,1
B004S85OB0,5.0,1
B004S83OEO,5.0,1
B004S83FBG,5.0,1
B004S8366K,5.0,1
B004S7ZWJK,5.0,1
B004S7ZJVQ,5.0,1
B004S7TYOE,5.0,1
B004S7G95Q,5.0,1
B004S73KX0,5.0,1
B004S70PJC,5.0,1
B004S70NV2,4.0,1
B004S6YGBG,5.0,1
B004S6SIYM,5.0,1
B004S6R94W,5.0,1
B004S696XE,5.0,1
B004S64WTW,5.0,1
B004S5COCA,5.0,1
B004S4EB0Y,5.0,1
B004TPNL30,5.0,1
B004TPNL5I,5.0,1
B004TPNMXY,5.0,1
B004USRZAQ,5.0,1
B004USRZ2E,5.0,1
B004USRYWK,5.0,1
B004USRYCU,5.0,1
B004USRVRS,5.0,1
B004USRUSS,5.0,1
B004USRTW0,5.0,1
B004USRTI4,5.0,1
B004USRTD4,5.0,1
B004USRR3G,4.0,1
B004USRQ5U,5.0,1
B004USROY8,5.0,1
B004USRKII,5.0,1
B004USPALC,4.0,1
B004USP8SC,5.0,1
B004USNJ74,5.0,1
B004USNIWA,5.0,1
B004USNI4I,5.0,1
B004USNHJE,4.0,1
B004USNHIA,5.0,1
B004USNH62,5.0,1
B004USNG2W,5.0,1
B004USNFQ4,5.0,1
B004USNFO6,5.0,1
B004USNF5A,5.0,1
B004USS0JQ,4.0,1
B004USS168,5.0,1
B004USSFEG,5.0,1
B004USSEQA,5.0,1
B004USSDMA,5.0,1
B004USSBJ0,5.0,1
B004USSAF0,5.0,1
B004USSABE,5.0,1
B004USSAAK,4.0,1
B004USSA9G,5.0,1
B004USSA8M,5.0,1
B004USS9T2,5.0,1
B004USS9DI,5.0,1
B004USS8L6,5.0,1
B004USS8BG,5.0,1
B004USS78K,5.0,1
B004USS744,4.0,1
B004USS6Q8,4.0,1
B004USS6GI,5.0,1
B004USS61S,5.0,1
B004USS60Y,5.0,1
B004USS5A0,5.0,1
B004USS4QA,5.0,1
B004USS47E,5.0,1
B004USS3PC,5.0,1
B004USS37K,5.0,1
B004USS2N0,5.0,1
B004USS1OA,5.0,1
B004USS1HC,5.0,1
B004USNC5S,5.0,1
B004USLDXG,5.0,1
B004UR79FI,4.0,1
B004UQVDLK,5.0,1
B004UQR06M,5.0,1
B004UQP4VK,4.0,1
B004UQP4QA,4.0,1
B004UQMG98,5.0,1
B004UQ2FAI,5.0,1
B004UPT2QY,5.0,1
B004UPHSYW,5.0,1
B004UPHSRE,5.0,1
B004UPEN5O,5.0,1
B004UP3HY2,5.0,1
B004UOADUY,5.0,1
B004UO5502,5.0,1
B004UO3RR0,5.0,1
B004UNZBHA,5.0,1
B004UNSH5I,4.0,1
B004UNGMNM,5.0,1
B004UNFK8K,4.0,1
B004UMVNNM,5.0,1
B004UMUMXE,5.0,1
B004UMTXJS,4.0,1
B004UMTMOO,5.0,1
B004UMTH44,5.0,1
B004UMR980,5.0,1
B004UMESPC,4.0,1
B004UMDMGS,5.0,1
B004UMCARA,5.0,1
B004UMBGFC,5.0,1
B004UR34AW,5.0,1
B004URBCUQ,4.0,1
B004USDM3U,4.0,1
B004URKWY8,5.0,1
B004URVSXM,5.0,1
B004URVSQY,5.0,1
B004URVLCU,4.0,1
B004URVJVS,5.0,1
B004URTLUO,4.0,1
B004URTIY8,5.0,1
B004URRROQ,5.0,1
B004URRL56,5.0,1
B004URRJGW,5.0,1
B004URRHP0,5.0,1
B004URRH3C,5.0,1
B004URRGPG,5.0,1
B004URRFBG,5.0,1
B004URRE8A,4.0,1
B004URRC1Y,5.0,1
B004URRA8O,5.0,1
B004URR9DK,5.0,1
B004URR45I,5.0,1
B004URQOT0,5.0,1
B004URQNAA,5.0,1
B004URQJ4U,5.0,1
B004URQG2K,5.0,1
B004URPIRO,5.0,1
B004URML8I,5.0,1
B004URKY9G,5.0,1
B004URKXCO,5.0,1
B004USSGMW,5.0,1
B004V433HS,5.0,1
B004V42XJ2,5.0,1
B004V42XGA,5.0,1
B004V42WSE,5.0,1
B004V42SU6,5.0,1
B004V42QWG,5.0,1
B004V42MU2,5.0,1
B004V42M7A,4.0,1
B004V42JH8,5.0,1
B004V42GL2,5.0,1
B004V42DME,5.0,1
B004V427TS,5.0,1
B004V427RK,5.0,1
B004V421W6,5.0,1
B004V421JY,5.0,1
B004V41XXY,5.0,1
B004V41WOE,5.0,1
B004V41WDU,5.0,1
B004V41WBM,5.0,1
B004V41226,5.0,1
B004V40PBK,5.0,1
B004V434Q8,5.0,1
B004V455CE,5.0,1
B004V452V8,5.0,1
B004V451HS,5.0,1
B004V44ZYS,5.0,1
B004V44ZXO,5.0,1
B004V44YKS,5.0,1
B004V44XM2,5.0,1
B004V44W1E,4.0,1
B004V44U5M,5.0,1
B004V44U4S,5.0,1
B004V44P34,5.0,1
B004V44JBM,5.0,1
B004V44H6E,5.0,1
B004V4444E,5.0,1
B004V43YRM,5.0,1
B004V43YMC,5.0,1
B004V43XSM,5.0,1
B004V43U3A,5.0,1
B004V43PB2,5.0,1
B004V43N0K,5.0,1
B004V43LKM,4.0,1
B004V43KGC,5.0,1
B004V43IBY,5.0,1
B004V43HJ2,5.0,1
B004V43G52,4.0,1
B004V3T99A,5.0,1
B004V3T3E6,5.0,1
B004USSI2U,5.0,1
B004UW1SSW,5.0,1
B004UVQRHK,5.0,1
B004UVC148,5.0,1
B004UV5244,5.0,1
B004UV51CC,4.0,1
B004UV4NB2,4.0,1
B004UV31HO,5.0,1
B004UUYQ92,5.0,1
B004UUMX0G,5.0,1
B004UUKP1K,4.0,1
B004UUALZA,5.0,1
B004UTH6EA,5.0,1
B004UT4JJU,5.0,1
B004UT3XEC,5.0,1
B004UT3PE0,5.0,1
B004UT3L4Y,5.0,1
B004UT3JDW,5.0,1
B004UT3IGU,5.0,1
B004UT3FIG,5.0,1
B004UT0868,5.0,1
B004USSKI2,5.0,1
B004USSK0U,5.0,1
B004USSJOM,5.0,1
B004USSIT8,5.0,1
B004USSIMK,5.0,1
B004UW1D4Q,5.0,1
B004UWQ09E,4.0,1
B004V3SSWY,5.0,1
B004V3P1LU,4.0,1
B004V3EQRK,5.0,1
B004V2WG9G,4.0,1
B004V2SEPG,5.0,1
B004V2EDE2,5.0,1
B004V2CMV8,5.0,1
B004V23PJQ,5.0,1
B004V23MVM,5.0,1
B004V23AOQ,5.0,1
B004V1NOPM,5.0,1
B004V1NI26,5.0,1
B004V1CMXC,4.0,1
B004V0D59S,5.0,1
B004V02YEU,5.0,1
B004UZTZOS,4.0,1
B004UZNIVE,4.0,1
B004UZLOBA,4.0,1
B004UYKY26,4.0,1
B004UYFMEQ,5.0,1
B004UY56WE,5.0,1
B004UXGPZ2,5.0,1
B004UWSB8C,5.0,1
B004UMB3Z0,5.0,1
B004UM9TEC,5.0,1
B004TX4E8S,5.0,1
B004TX0IEC,5.0,1
B004TWMQZC,4.0,1
B004TVIYJ0,5.0,1
B004TVHR16,5.0,1
B004TUWJ1K,5.0,1
B004TUP944,4.0,1
B004TUL45M,5.0,1
B004TUGHNQ,4.0,1
B004TU6NTE,5.0,1
B004TU6NB2,5.0,1
B004TU4OZY,5.0,1
B004TTZLNY,5.0,1
B004TTSWH6,5.0,1
B004TTSMWQ,5.0,1
B004TTSKVY,4.0,1
B004TTNUNW,5.0,1
B004TTNF64,5.0,1
B004TTHHRW,4.0,1
B004TTDGR2,5.0,1
B004TSTWKS,4.0,1
B004TSH13S,5.0,1
B004TX0K40,5.0,1
B004TXBG16,4.0,1
B004TSAX1U,5.0,1
B004U2LMU6,5.0,1
B004U2JT9M,5.0,1
B004U27HCS,5.0,1
B004U1YAUG,5.0,1
B004U1X408,5.0,1
B004U1Q3W4,4.0,1
B004U1PPK0,5.0,1
B004U0FKGA,5.0,1
B004TZOJU4,5.0,1
B004TZM8YI,5.0,1
B004TZM8RU,5.0,1
B004TZLG82,5.0,1
B004TZIY8W,5.0,1
B004TZIXNI,5.0,1
B004TZIWZ2,5.0,1
B004TZGQC8,5.0,1
B004TYIFBY,5.0,1
B004TYICNA,5.0,1
B004TY1G56,5.0,1
B004TXR5MA,5.0,1
B004TXQF3A,5.0,1
B004TXL20G,5.0,1
B004TSB0EO,5.0,1
B004U2RZP2,5.0,1
B004TQN77Y,5.0,1
B004TQN5Y4,5.0,1
B004TQN3CS,5.0,1
B004TQMZA4,5.0,1
B004TQMVUS,5.0,1
B004TQMVHQ,5.0,1
B004TQMUOK,5.0,1
B004TQMQJY,5.0,1
B004TQH8AQ,5.0,1
B004TQH7ZM,5.0,1
B004TQH79S,4.0,1
B004TQH78O,5.0,1
B004TQH784,5.0,1
B004TQEBUQ,5.0,1
B004TQE2BO,5.0,1
B004TQE0WA,4.0,1
B004TQE0KM,5.0,1
B004TQE0IY,5.0,1
B004TQDZM6,5.0,1
B004TQDW0Q,5.0,1
B004TPT3X2,5.0,1
B004TPT38W,4.0,1
B004TPT38C,5.0,1
B004TPT37S,5.0,1
B004TPNNAQ,5.0,1
B004TQNDUK,4.0,1
B004TQNFKS,5.0,1
B004TSAHJI,5.0,1
B004TQNGB6,5.0,1
B004TSADE2,5.0,1
B004TRUBPO,5.0,1
B004TRSBI8,5.0,1
B004TRRQ98,5.0,1
B004TRQPYA,5.0,1
B004TRQHJI,5.0,1
B004TRGAJ0,5.0,1
B004TR6YVE,4.0,1
B004TQQQLS,5.0,1
B004TQOIAO,5.0,1
B004TQOG5Q,5.0,1
B004TQOFC0,5.0,1
B004TQO5ZM,5.0,1
B004TQNWM4,5.0,1
B004TQNP1C,4.0,1
B004TQNOHW,5.0,1
B004TQNN3W,5.0,1
B004TQNKSA,5.0,1
B004TQNKEE,5.0,1
B004TQNJUO,4.0,1
B004TQNIA0,5.0,1
B004TQNI6O,5.0,1
B004U2RMDM,5.0,1
B004U2VBS4,4.0,1
B004UM7VMY,4.0,1
B004UHFQ12,5.0,1
B004UGNAVG,5.0,1
B004UGGANQ,4.0,1
B004UGFZ0K,4.0,1
B004UG2RLK,5.0,1
B004UG0KBE,5.0,1
B004UFTJXK,5.0,1
B004UFSGSO,5.0,1
B004UFH8NI,5.0,1
B004UEWRSK,5.0,1
B004UEH9UG,5.0,1
B004UE5M0A,5.0,1
B004UDZMHY,4.0,1
B004UCVTOA,4.0,1
B004UCKUX6,5.0,1
B004UCCJWQ,5.0,1
B004UBWFLW,5.0,1
B004UBWCF6,5.0,1
B004UBU08W,5.0,1
B004UBTKNI,5.0,1
B004UBN4G2,4.0,1
B004UGW58A,4.0,1
B004UHUYR8,5.0,1
B004UBLUPE,5.0,1
B004ULXJXU,5.0,1
B004ULSZHA,5.0,1
B004ULR8MI,5.0,1
B004ULBWIO,5.0,1
B004ULBSQU,5.0,1
B004UL4BE6,4.0,1
B004UL3DZO,5.0,1
B004UKW74S,5.0,1
B004UKENOK,5.0,1
B004UJJ594,4.0,1
B004UJ9E9U,5.0,1
B004UIT6D0,4.0,1
B004UIQYS0,5.0,1
B004UICGTG,5.0,1
B004UI7Y3Y,5.0,1
B004UI4GWG,4.0,1
B004UI412Q,5.0,1
B004UI2MXG,5.0,1
B004UI2JLQ,4.0,1
B004UI2DNU,5.0,1
B004UI2CO0,5.0,1
B004U2VDBE,5.0,1
B004U7ESIO,5.0,1
B004U7AJF0,5.0,1
B004U6R2LA,4.0,1
B004U6KBJ0,5.0,1
B004U6G9FA,4.0,1
B004U5WTPA,5.0,1
B004U5TN86,5.0,1
B004U5RT0U,5.0,1
B004U5PQ7I,5.0,1
B004U5LKQE,5.0,1
B004U5D4EK,5.0,1
B004U5BRA8,4.0,1
B004U530N0,5.0,1
B004U4NKUE,5.0,1
B004U4N92S,5.0,1
B004U4JZ5I,5.0,1
B004U4BSZ8,5.0,1
B004U48H6Q,5.0,1
B004U48FLI,4.0,1
B004U41DY4,5.0,1
B004U40YOE,4.0,1
B004U3XNRA,5.0,1
B004U3XNMK,5.0,1
B004U3XNLQ,4.0,1
B004U3Q3PO,5.0,1
B004U3O3K6,4.0,1
B004U3FCHE,5.0,1
B004U3790C,5.0,1
B004U33S3O,5.0,1
B004U7JOM4,5.0,1
B004UBJVF0,5.0,1
B004U7K6FS,5.0,1
B004UBIFDY,5.0,1
B004UBH49A,5.0,1
B004UBFS2U,5.0,1
B004UBCMUQ,4.0,1
B004UBA2JO,5.0,1
B004UB658Q,5.0,1
B004UB2LV6,5.0,1
B004UB0QBS,5.0,1
B004UAZZQK,5.0,1
B004UAZWOU,5.0,1
B004UAWB76,5.0,1
B004UAL64K,5.0,1
B004U9WMKI,4.0,1
B004U9B970,5.0,1
B004U8W2P4,5.0,1
B004U8V6AQ,5.0,1
B004U8CSXA,4.0,1
B004U81OBC,5.0,1
B004U7R0EI,5.0,1
B004U7Q2O2,4.0,1
B004U7NKRE,5.0,1
B00LU0LTOU,5.0,1
